   340 3.692 0.0 HB2 34 
   370 117.801 0.0 CE1 36 
   940 4.069 0.0 HB3 86 
   1257 28.88 0.0 CG 113 
   914 174.601 0.0 C 83 
   1285 1.856 0.0 HB2 116 
   1100 27.715 0.0 CG 98 
   209 120.542 0.0 N 20 
   544 69.63 0.0 CB 50 
   1359 7.175 0.0 HE2 121 
   615 121.407 0.0 N 56 
   585 29.521 0.0 CB 54 
   372 120.099 0.0 N 36 
   1331 124.3 0.0 CH2 119 
   735 1.68 0.0 HG3 68 
   1280 1.303 0.0 HB3 115 
   308 1.591 0.0 HB2 31 
   635 177.0 0.0 C 58 
   1086 27.428 0.0 CG 97 
   664 31.254 0.0 CB 61 
   885 130.507 0.0 N 79 
   515 0.502 0.0 HG12 48 
   1315 121.34 0.0 N 118 
   110 39.46 0.0 CB 11 
   441 1.111 0.0 HG3 42 
   1406 1.334 0.0 HB1 126 
   976 4.777 0.0 HA 90 
   769 115.477 0.0 N 71 
   203 1.402 0.0 HB1 20 
   873 0.654 0.0 HD12 79 
   808 22.606 0.0 CD2 74 
   1213 66.524 0.0 CB 110 
   1027 0.78 0.0 HG23 93 
   1373 60.295 0.0 CA 122 
   1193 8.473 0.0 H 109 
   1228 111.8 0.0 NE2 111 
   423 0.717 0.0 HD23 41 
   844 3.09 0.0 HD3 77 
   8 29.815 0.0 CB 1 
   958 8.529 0.0 H 88 
   130 42.509 0.0 CB 13 
   191 0.146 0.0 HD22 19 
   811 4.385 0.0 HA 75 
   129 53.219 0.0 CA 13 
   260 1.324 0.0 HB2 25 
   1247 1.796 0.0 HB2 113 
   797 1.549 0.0 HB3 74 
   458 3.905 0.0 HA 44 
   136 175.105 0.0 C 14 
   1118 108.265 0.0 N 101 
   144 176.5 0.0 C 15 
   485 6.77 0.0 HD1 46 
   300 1.341 0.0 HB2 30 
   1054 33.572 0.0 CB 95 
   1225 30.155 0.0 CB 111 
   950 1.847 0.0 HG2 87 
   763 5.268 0.0 HA 71 
   204 1.402 0.0 HB2 20 
   841 1.734 0.0 HB2 77 
   1267 -0.462 0.0 HG2 114 
   493 6.884 0.0 H 47 
   578 4.158 0.0 HA 54 
   1412 127.644 0.0 N 126 
   576 27.257 0.0 CG 53 
   346 8.345 0.0 H 35 
   663 59.65 0.0 CA 61 
   861 0.813 0.0 HG23 78 
   1399 174.408 0.0 C 125 
   989 121.506 0.0 N 90 
   383 3.731 0.0 HA 38 
   1237 175.205 0.0 C 112 
   683 65.63 0.0 CA 63 
   443 56.288 0.0 CA 42 
   38 175.39 0.0 C 4 
   1332 115.4 0.0 CZ2 119 
   16 175.445 0.0 C 2 
   939 4.197 0.0 HB2 86 
   805 55.851 0.0 CA 74 
   1246 5.608 0.0 HA 113 
   365 176.705 0.0 C 36 
   373 8.907 0.0 H 37 
   1078 3.228 0.0 HD2 97 
   931 29.25 0.0 CD 84 
   739 117.484 0.0 N 68 
   489 178.007 0.0 C 46 
   1434 129.886 0.0 N 128 
   327 0.908 0.0 HB2 33 
   682 178.94 0.0 C 63 
   187 0.589 0.0 HD11 19 
   879 177.507 0.0 C 79 
   349 1.91 0.0 HB3 35 
   968 1.236 0.0 HG22 89 
   40 32.072 0.0 CB 4 
   1065 7.28 0.0 HE2 96 
   1161 57.248 0.0 CA 105 
   838 126.577 0.0 N 76 
   536 7.115 0.0 H 50 
   31 2.078 0.0 HB 4 
   369 132.01 0.0 CD2 36 
   918 121.107 0.0 N 83 
   911 1.923 0.0 HB3 83 
   1143 4.495 0.0 HA 104 
   1174 2.829 0.0 HB2 107 
   1311 53.951 0.0 CA 118 
   213 2.277 0.0 HB3 21 
   1002 5.619 0.0 HA 92 
   1307 3.037 0.0 HD3 118 
   352 177.72 0.0 C 35 
   1417 0.549 0.0 HG12 127 
   870 1.251 0.0 HB2 79 
   309 1.028 0.0 HB3 31 
   894 3.838 0.0 HB2 81 
   1335 127.86 0.0 NE1 119 
   1239 44.342 0.0 CB 112 
   729 118.219 0.0 N 67 
   360 3.32 0.0 HB3 36 
   867 126.212 0.0 N 78 
   985 62.035 0.0 CA 90 
   1099 44.307 0.0 CD 98 
   1322 7.275 0.0 HE3 119 
   755 2.53 0.0 HG2 70 
   248 118.381 0.0 N 23 
   1105 175.4 0.0 C 99 
   704 2.83 0.0 HD3 65 
   355 43.64 0.0 CD 35 
   1305 1.514 0.0 HB3 118 
   469 131.0 0.0 CD2 44 
   777 122.633 0.0 N 72 
   247 26.234 0.0 CG 23 
   761 114.677 0.0 N 70 
   1083 54.951 0.0 CA 97 
   1042 22.085 0.0 CB 94 
   596 173.52 0.0 C 55 
   1319 2.643 0.0 HB3 119 
   304 18.495 0.0 CB 30 
   1223 174.94 0.0 C 111 
   814 1.996 0.0 HG2 75 
   494 3.075 0.0 HA 47 
   1298 4.046 0.0 HA3 117 
   915 56.075 0.0 CA 83 
   1139 30.075 0.0 CB 103 
   952 175.019 0.0 C 87 
   1119 4.446 0.0 HA 102 
   1044 9.352 0.0 H 95 
   847 175.2 0.0 C 77 
   93 1.269 0.0 HG22 10 
   472 122.987 0.0 N 44 
   1393 8.229 0.0 H 125 
   32 0.979 0.0 HG11 4 
   1198 3.139 0.0 HD3 109 
   1271 32.422 0.0 CB 114 
   903 3.83 0.0 HB3 82 
   558 9.009 0.0 H 52 
   26 63.959 0.0 CA 3 
   1397 2.216 0.0 HG2 125 
   1422 174.707 0.0 C 127 
   772 2.638 0.0 HB2 72 
   502 0.479 0.0 HG22 47 
   53 3.93 0.0 HA2 6 
   1227 121.905 0.0 N 111 
   1226 32.464 0.0 CG 111 
   905 57.524 0.0 CA 82 
   501 0.479 0.0 HG21 47 
   1263 0.874 0.0 HD2 114 
   990 9.047 0.0 H 91 
   492 119.529 0.0 N 46 
   947 2.189 0.0 HB3 87 
   1070 131.6 0.0 CD2 96 
   784 6.582 0.0 HE1 73 
   1204 43.24 0.0 CD 109 
   1300 45.22 0.0 CA 117 
   565 3.938 0.0 HA 53 
   702 1.467 0.0 HB3 65 
   314 1.147 0.0 HD22 31 
   473 8.306 0.0 H 45 
   367 38.05 0.0 CB 36 
   138 29.87 0.0 CB 14 
   1063 6.815 0.0 HD2 96 
   1349 117.2 0.0 CE1 120 
   106 6.55 0.0 HE1 11 
   1053 54.651 0.0 CA 95 
   147 124.741 0.0 N 15 
   206 177.003 0.0 C 20 
   79 2.903 0.0 HE3 9 
   1382 173.108 0.0 C 123 
   388 55.485 0.0 CA 38 
   399 178.1 0.0 C 39 
   328 1.468 0.0 HB3 33 
   1115 4.033 0.0 HA2 101 
   638 25.392 0.0 CD1 58 
   553 173.901 0.0 C 51 
   1045 5.608 0.0 HA 95 
   276 0.895 0.0 HB3 28 
   1354 2.879 0.0 HB2 121 
   1432 55.945 0.0 CA 128 
   285 26.46 0.0 CG 28 
   836 23.57 0.0 CD2 76 
   1090 1.732 0.0 HB2 98 
   312 1.035 0.0 HD13 31 
   542 173.401 0.0 C 50 
   7 57.135 0.0 CA 1 
   668 2.627 0.0 HB3 62 
   659 3.312 0.0 HB2 61 
   1177 173.205 0.0 C 107 
   452 2.821 0.0 HB3 43 
   1345 57.29 0.0 CA 120 
   522 32.041 0.0 CB 48 
   614 28.048 0.0 CG 56 
   1353 4.192 0.0 HA 121 
   1136 2.0 0.0 HG3 103 
   1006 7.035 0.0 HD2 92 
   779 4.308 0.0 HA 73 
   12 2.675 0.0 HB2 2 
   834 41.951 0.0 CB 76 
   970 173.801 0.0 C 89 
   837 27.682 0.0 CG 76 
   468 131.0 0.0 CD1 44 
   224 8.268 0.0 H 22 
   1117 44.635 0.0 CA 101 
   241 1.415 0.0 HG2 23 
   57 107.14 0.0 N 6 
   1385 35.236 0.0 CG 123 
   290 1.995 0.0 HG2 29 
   607 3.195 0.0 HD3 56 
   252 3.83 0.0 HB3 24 
   1403 119.909 0.0 N 125 
   948 3.345 0.0 HD2 87 
   1284 3.841 0.0 HA 116 
   118 2.63 0.0 HB2 12 
   804 176.95 0.0 C 74 
   450 4.875 0.0 HA 43 
   1398 2.177 0.0 HG3 125 
   166 4.458 0.0 HA 18 
   477 178.0 0.0 C 45 
   951 1.78 0.0 HG3 87 
   39 63.31 0.0 CA 4 
   362 6.665 0.0 HD2 36 
   436 1.74 0.0 HD2 42 
   124 7.445 0.0 H 13 
   820 119.876 0.0 N 75 
   68 4.247 0.0 HA3 8 
   279 1.333 0.0 HG2 28 
   160 177.301 0.0 C 17 
   791 130.3 0.0 CE1 73 
   172 0.718 0.0 HD21 18 
   428 25.612 0.0 CD1 41 
   1076 1.689 0.0 HB2 97 
   751 7.986 0.0 H 70 
   874 0.654 0.0 HD13 79 
   266 1.485 0.0 HB1 26 
   344 63.245 0.0 CB 34 
   599 42.47 0.0 CD 55 
   238 1.707 0.0 HB3 23 
   795 4.432 0.0 HA 74 
   182 116.726 0.0 N 18 
   1052 176.85 0.0 C 95 
   857 0.751 0.0 HG12 78 
   101 4.625 0.0 HA 11 
   925 3.003 0.0 HE2 84 
   122 40.455 0.0 CB 12 
   1276 9.291 0.0 H 115 
   1176 6.803 0.0 HD2 107 
   1148 2.037 0.0 HG2 104 
   1159 3.656 0.0 HB3 105 
   734 1.901 0.0 HG2 68 
   267 1.485 0.0 HB2 26 
   431 115.848 0.0 N 41 
   843 3.09 0.0 HD2 77 
   1184 1.268 0.0 HB2 108 
   1110 3.905 0.0 HA3 100 
   898 66.3 0.0 CB 81 
   864 32.119 0.0 CB 78 
   42 21.175 0.0 CG2 4 
   790 130.4 0.0 CD2 73 
   1222 2.355 0.0 HG3 111 
   681 0.909 0.0 HG23 63 
   728 28.554 0.0 CB 67 
   1197 3.139 0.0 HD2 109 
   412 17.695 0.0 CB 40 
   732 2.781 0.0 HB2 68 
   263 19.649 0.0 CB 25 
   415 4.275 0.0 HA 41 
   933 24.71 0.0 CG 84 
   1356 6.727 0.0 HD1 121 
   1188 173.31 0.0 C 108 
   390 119.703 0.0 N 38 
   1253 173.52 0.0 C 113 
   55 176.304 0.0 C 6 
   243 174.2 0.0 C 23 
   88 120.607 0.0 N 9 
   920 4.584 0.0 HA 84 
   90 4.478 0.0 HA 10 
   700 3.481 0.0 HA 65 
   593 3.145 0.0 HD3 55 
   906 66.204 0.0 CB 82 
   1058 8.865 0.0 H 96 
   1138 57.735 0.0 CA 103 
   600 26.888 0.0 CG 55 
   410 179.8 0.0 C 40 
   1132 4.002 0.0 HA 103 
   652 40.445 0.0 CB 59 
   570 1.635 0.0 HG2 53 
   69 174.204 0.0 C 8 
   658 4.325 0.0 HA 61 
   830 0.582 0.0 HD23 76 
   1272 29.151 0.0 CD 114 
   460 3.082 0.0 HB3 44 
   587 114.777 0.0 N 54 
   1041 49.829 0.0 CA 94 
   1371 3.268 0.0 HB3 122 
   164 28.471 0.0 CG 17 
   382 8.298 0.0 H 38 
   336 43.145 0.0 CD 33 
   1029 60.483 0.0 CA 93 
   673 7.917 0.0 H 63 
   721 120.92 0.0 N 66 
   853 8.94 0.0 H 78 
   645 2.925 0.0 HB3 59 
   474 4.235 0.0 HA 45 
   550 1.179 0.0 HG21 51 
   809 123.697 0.0 N 74 
   75 1.914 0.0 HB3 9 
   727 60.29 0.0 CA 67 
   353 60.124 0.0 CA 35 
   277 3.241 0.0 HD2 28 
   592 3.145 0.0 HD2 55 
   186 1.528 0.0 HB3 19 
   1386 113.946 0.0 N 123 
   1144 0.798 0.0 HB2 104 
   1365 130.84 0.0 CE1 121 
   113 118.8 0.0 CE1 11 
   819 36.619 0.0 CG 75 
   782 7.023 0.0 HD1 73 
   549 4.218 0.0 HB 51 
   148 8.026 0.0 H 16 
   650 174.42 0.0 C 59 
   1150 174.031 0.0 C 104 
   719 55.495 0.0 CA 66 
   916 33.087 0.0 CB 83 
   580 1.751 0.0 HB3 54 
   1288 3.215 0.0 HD3 116 
   1256 43.47 0.0 CD 113 
   720 17.675 0.0 CB 66 
   629 0.92 0.0 HD12 58 
   378 178.2 0.0 C 37 
   368 132.01 0.0 CD1 36 
   750 117.242 0.0 N 69 
   1049 3.25 0.0 HD3 95 
   24 2.948 0.0 HB3 3 
   1151 54.05 0.0 CA 104 
   19 118.889 0.0 N 2 
   725 3.645 0.0 HB3 67 
   230 174.64 0.0 C 22 
   969 1.236 0.0 HG23 89 
   636 54.812 0.0 CA 58 
   1059 5.374 0.0 HA 96 
   100 8.849 0.0 H 11 
   995 2.178 0.0 HG3 91 
   1212 59.029 0.0 CA 110 
   83 54.561 0.0 CA 9 
   892 8.338 0.0 H 81 
   849 32.628 0.0 CB 77 
   334 60.318 0.0 CA 33 
   801 0.741 0.0 HD21 74 
   662 177.2 0.0 C 61 
   1279 1.303 0.0 HB2 115 
   802 0.741 0.0 HD22 74 
   1028 175.6 0.0 C 93 
   900 8.975 0.0 H 82 
   81 1.315 0.0 HG3 9 
   205 1.402 0.0 HB3 20 
   49 60.214 0.0 CA 5 
   1264 0.784 0.0 HD3 114 
   1336 9.145 0.0 H 120 
   189 0.589 0.0 HD13 19 
   272 7.106 0.0 H 27 
   284 50.19 0.0 CD 28 
   185 1.445 0.0 HB2 19 
   765 3.17 0.0 HB3 71 
   1089 4.874 0.0 HA 98 
   919 9.104 0.0 H 84 
   398 6.565 0.0 HE2 39 
   215 3.225 0.0 HD3 21 
   935 4.11 0.0 HA2 85 
   1026 0.78 0.0 HG22 93 
   1066 171.75 0.0 C 96 
   1347 133.1 0.0 CD1 120 
   133 4.403 0.0 HA 14 
   325 122.625 0.0 N 32 
   1157 5.357 0.0 HA 105 
   773 2.475 0.0 HB3 72 
   965 5.861 0.0 HA 89 
   1215 9.274 0.0 H 111 
   1429 4.298 0.0 HA 128 
   65 118.937 0.0 N 7 
   1169 55.849 0.0 CA 106 
   301 1.341 0.0 HB3 30 
   416 1.555 0.0 HB2 41 
   967 1.236 0.0 HG21 89 
   633 0.806 0.0 HD23 58 
   20 110.708 0.0 ND2 2 
   855 1.94 0.0 HB 78 
   386 1.672 0.0 HB3 38 
   1266 2.265 0.0 HE3 114 
   262 52.785 0.0 CA 25 
   929 55.741 0.0 CA 84 
   1020 0.535 0.0 HD11 93 
   1080 1.566 0.0 HG2 97 
   908 8.427 0.0 H 83 
   1419 0.266 0.0 HG21 127 
   1260 4.664 0.0 HA 114 
   1145 1.686 0.0 HB3 104 
   634 1.6 0.0 HG 58 
   44 8.155 0.0 H 5 
   806 44.31 0.0 CB 74 
   690 2.951 0.0 HB2 64 
   693 7.734 0.0 HD22 64 
   1303 4.552 0.0 HA 118 
   1075 4.526 0.0 HA 97 
   456 123.108 0.0 N 43 
   733 2.234 0.0 HB3 68 
   564 127.871 0.0 N 52 
   50 30.7 0.0 CB 5 
   730 8.221 0.0 H 68 
   922 1.823 0.0 HB3 84 
   321 26.56 0.0 CD2 31 
   1125 1.9 0.0 HG3 102 
   1131 8.534 0.0 H 103 
   821 8.538 0.0 H 76 
   788 38.32 0.0 CB 73 
   698 113.408 0.0 ND2 64 
   387 180.2 0.0 C 38 
   297 7.812 0.0 H 30 
   72 7.934 0.0 H 9 
   703 2.83 0.0 HD2 65 
   1102 9.005 0.0 H 99 
   1037 1.937 0.0 HB1 94 
   787 60.0 0.0 CA 73 
   508 26.86 0.0 CG1 47 
   1017 9.184 0.0 H 93 
   1376 6.575 0.0 H 123 
   1308 1.253 0.0 HG2 118 
   859 0.813 0.0 HG21 78 
   817 57.14 0.0 CA 75 
   1214 125.774 0.0 N 110 
   281 176.9 0.0 C 28 
   760 36.478 0.0 CG 70 
   482 3.695 0.0 HA 46 
   201 8.213 0.0 H 20 
   303 54.5 0.0 CA 30 
   762 7.151 0.0 H 71 
   15 7.423 0.0 HD22 2 
   307 3.978 0.0 HA 31 
   274 2.61 0.0 HA 28 
   807 25.72 0.0 CD1 74 
   1008 7.082 0.0 HE2 92 
   291 1.995 0.0 HG3 29 
   869 4.345 0.0 HA 79 
   1171 126.101 0.0 N 106 
   1230 5.485 0.0 HA 112 
   1421 0.266 0.0 HG23 127 
   1327 57.495 0.0 CA 119 
   647 7.195 0.0 HD2 59 
   94 1.269 0.0 HG23 10 
   519 0.798 0.0 HG23 48 
   622 39.937 0.0 CB 57 
   1221 2.437 0.0 HG2 111 
   1186 2.103 0.0 HG2 108 
   320 23.15 0.0 CD1 31 
   326 3.481 0.0 HA 33 
   850 43.64 0.0 CD 77 
   3 2.003 0.0 HB3 1 
   45 4.584 0.0 HA 5 
   104 7.598 0.0 HD1 11 
   408 1.098 0.0 HB2 40 
   1304 1.421 0.0 HB2 118 
   1116 4.288 0.0 HA3 101 
   566 1.839 0.0 HB2 53 
   175 1.697 0.0 HG 18 
   200 122.646 0.0 N 19 
   856 0.751 0.0 HG11 78 
   1167 3.578 0.0 HB3 106 
   741 3.998 0.0 HA 69 
   1155 112.996 0.0 NE2 104 
   453 174.95 0.0 C 43 
   350 2.92 0.0 HD2 35 
   1046 1.85 0.0 HB2 95 
   1290 1.586 0.0 HG3 116 
   1202 55.671 0.0 CA 109 
   1207 9.762 0.0 H 110 
   697 119.384 0.0 N 64 
   1374 64.524 0.0 CB 122 
   478 57.459 0.0 CA 45 
   1310 173.805 0.0 C 118 
   6 176.41 0.0 C 1 
   1095 1.576 0.0 HG3 98 
   1195 1.509 0.0 HB2 109 
   1364 130.74 0.0 CD2 121 
   1312 33.592 0.0 CB 118 
   1035 9.654 0.0 H 94 
   1001 9.171 0.0 H 92 
   994 2.323 0.0 HG2 91 
   796 1.361 0.0 HB2 74 
   351 2.92 0.0 HD3 35 
   454 51.354 0.0 CA 43 
   1189 54.005 0.0 CA 108 
   1287 3.215 0.0 HD2 116 
   1278 1.303 0.0 HB1 115 
   988 22.42 0.0 CG2 90 
   712 122.45 0.0 N 65 
   1038 1.937 0.0 HB2 94 
   1047 1.75 0.0 HB3 95 
   602 7.466 0.0 H 56 
   543 61.38 0.0 CA 50 
   457 8.229 0.0 H 44 
   318 56.998 0.0 CA 31 
   1259 8.608 0.0 H 114 
   1238 56.51 0.0 CA 112 
   394 2.1 0.0 HB3 39 
   233 22.556 0.0 CG2 22 
   942 58.208 0.0 CA 86 
   218 176.109 0.0 C 21 
   1433 42.247 0.0 CB 128 
   701 0.906 0.0 HB2 65 
   520 179.004 0.0 C 48 
   198 22.18 0.0 CD2 19 
   1168 172.62 0.0 C 106 
   986 36.819 0.0 CB 90 
   792 130.3 0.0 CE2 73 
   475 2.716 0.0 HB2 45 
   56 46.424 0.0 CA 6 
   1325 6.69 0.0 HZ3 119 
   495 1.73 0.0 HB 47 
   743 2.139 0.0 HB3 69 
   29 7.153 0.0 H 4 
   660 3.215 0.0 HB3 61 
   909 4.892 0.0 HA 83 
   142 2.595 0.0 HB2 15 
   391 7.838 0.0 H 39 
   123 116.209 0.0 N 12 
   397 6.565 0.0 HE1 39 
   890 45.632 0.0 CA 80 
   860 0.813 0.0 HG22 78 
   582 2.144 0.0 HG3 54 
   840 4.666 0.0 HA 77 
   1375 125.692 0.0 N 122 
   1316 8.981 0.0 H 119 
   997 53.955 0.0 CA 91 
   48 175.9 0.0 C 5 
   117 4.179 0.0 HA 12 
   429 22.34 0.0 CD2 41 
   192 0.146 0.0 HD23 19 
   197 25.042 0.0 CD1 19 
   714 4.151 0.0 HA 66 
   22 4.002 0.0 HA 3 
   993 1.996 0.0 HB3 91 
   115 124.022 0.0 N 11 
   112 133.6 0.0 CD2 11 
   1158 3.656 0.0 HB2 105 
   1416 0.549 0.0 HG11 127 
   569 2.514 0.0 HD3 53 
   1281 51.415 0.0 CA 115 
   1286 1.977 0.0 HB3 116 
   1057 122.839 0.0 N 95 
   1414 3.882 0.0 HA 127 
   137 60.369 0.0 CA 14 
   674 3.769 0.0 HA 63 
   246 43.34 0.0 CD 23 
   518 0.798 0.0 HG22 48 
   151 48.106 0.0 CA 16 
   66 9.283 0.0 H 8 
   364 6.75 0.0 HE2 36 
   1330 119.204 0.0 CE3 119 
   310 1.035 0.0 HD11 31 
   208 18.852 0.0 CB 20 
   575 50.1 0.0 CD 53 
   1388 4.231 0.0 HA2 124 
   999 36.712 0.0 CG 91 
   579 1.751 0.0 HB2 54 
   159 1.735 0.0 HG3 17 
   331 0.87 0.0 HG2 33 
   401 35.75 0.0 CB 39 
   1401 33.107 0.0 CB 125 
   341 4.198 0.0 HB3 34 
   667 2.758 0.0 HB2 62 
   1022 0.535 0.0 HD13 93 
   687 121.325 0.0 N 63 
   270 52.95 0.0 CA 26 
   1172 8.819 0.0 H 107 
   162 32.12 0.0 CB 17 
   1060 2.068 0.0 HB2 96 
   1133 1.744 0.0 HB2 103 
   190 0.146 0.0 HD21 19 
   974 115.849 0.0 N 89 
   827 0.564 0.0 HD13 76 
   1355 2.737 0.0 HB3 121 
   1243 130.35 0.0 CE2 112 
   754 2.218 0.0 HB3 70 
   1360 174.025 0.0 C 121 
   1018 5.199 0.0 HA 93 
   977 2.119 0.0 HB 90 
   1233 7.09 0.0 HD1 112 
   1165 4.998 0.0 HA 106 
   226 4.224 0.0 HB 22 
   97 69.47 0.0 CB 10 
   128 175.205 0.0 C 13 
   799 0.739 0.0 HD12 74 
   511 7.322 0.0 H 48 
   1235 7.192 0.0 HE1 112 
   540 0.509 0.0 HG22 50 
   316 1.485 0.0 HG 31 
   1187 2.103 0.0 HG3 108 
   1413 7.916 0.0 H 127 
   854 4.11 0.0 HA 78 
   139 126.164 0.0 N 14 
   1389 4.955 0.0 HA3 124 
   407 1.098 0.0 HB1 40 
   1134 1.823 0.0 HB3 103 
   573 65.11 0.0 CA 53 
   1292 56.584 0.0 CA 116 
   1402 35.961 0.0 CG 125 
   1103 3.975 0.0 HA2 99 
   921 1.823 0.0 HB2 84 
   149 2.895 0.0 HA2 16 
   1428 7.901 0.0 H 128 
   1218 2.263 0.0 HB3 111 
   567 2.232 0.0 HB3 53 
   483 2.559 0.0 HB2 46 
   1232 3.418 0.0 HB3 112 
   347 4.006 0.0 HA 35 
   632 0.806 0.0 HD22 58 
   815 1.996 0.0 HG3 75 
   1269 175.904 0.0 C 114 
   411 54.857 0.0 CA 40 
   699 8.562 0.0 H 65 
   557 121.694 0.0 N 51 
   1245 9.522 0.0 H 113 
   781 3.11 0.0 HB3 73 
   449 8.832 0.0 H 43 
   354 30.325 0.0 CB 35 
   747 59.545 0.0 CA 69 
   1032 28.25 0.0 CG1 93 
   1033 17.492 0.0 CG2 93 
   554 64.045 0.0 CA 51 
   923 1.726 0.0 HD2 84 
   1318 2.77 0.0 HB2 119 
   14 6.792 0.0 HD21 2 
   1205 28.708 0.0 CG 109 
   991 5.776 0.0 HA 91 
   852 127.184 0.0 N 77 
   451 2.209 0.0 HB2 43 
   1339 2.875 0.0 HB3 120 
   434 2.401 0.0 HB2 42 
   245 33.978 0.0 CB 23 
   932 42.015 0.0 CE 84 
   529 1.945 0.0 HB3 49 
   904 172.65 0.0 C 82 
   85 29.151 0.0 CD 9 
   675 1.923 0.0 HB 63 
   1244 119.879 0.0 N 112 
   594 1.378 0.0 HG2 55 
   1019 1.4 0.0 HB 93 
   465 177.805 0.0 C 44 
   1149 1.867 0.0 HG3 104 
   227 1.138 0.0 HG21 22 
   770 8.706 0.0 H 72 
   258 4.116 0.0 HA 25 
   236 4.518 0.0 HA 23 
   678 0.998 0.0 HG13 63 
   825 0.564 0.0 HD11 76 
   1250 2.982 0.0 HD3 113 
   116 8.466 0.0 H 12 
   608 1.705 0.0 HG2 56 
   644 3.02 0.0 HB2 59 
   1431 2.483 0.0 HB3 128 
   170 0.885 0.0 HD12 18 
   1289 1.586 0.0 HG2 116 
   642 7.394 0.0 H 59 
   832 175.7 0.0 C 76 
   590 1.625 0.0 HB2 55 
   1358 7.175 0.0 HE1 121 
   337 27.53 0.0 CG 33 
   707 177.82 0.0 C 65 
   956 27.468 0.0 CG 87 
   992 1.996 0.0 HB2 91 
   1217 1.766 0.0 HB2 111 
   249 8.642 0.0 H 24 
   1236 7.192 0.0 HE2 112 
   1123 3.604 0.0 HD3 102 
   613 43.64 0.0 CD 56 
   604 1.897 0.0 HB2 56 
   661 7.15 0.0 HD2 61 
   547 7.748 0.0 H 51 
   299 1.341 0.0 HB1 30 
   41 21.175 0.0 CG1 4 
   111 133.6 0.0 CD1 11 
   377 1.502 0.0 HB3 37 
   194 179.45 0.0 C 19 
   963 107.686 0.0 N 88 
   758 56.417 0.0 CA 70 
   696 39.218 0.0 CB 64 
   971 61.14 0.0 CA 89 
   179 25.729 0.0 CD1 18 
   253 174.356 0.0 C 24 
   691 3.168 0.0 HB3 64 
   829 0.582 0.0 HD22 76 
   1410 52.02 0.0 CA 126 
   1050 1.66 0.0 HG2 95 
   259 1.324 0.0 HB1 25 
   803 0.741 0.0 HD23 74 
   1321 10.114 0.0 HE1 119 
   523 23.105 0.0 CG1 48 
   982 1.127 0.0 HG22 90 
   165 6.545 0.0 H 18 
   1179 31.258 0.0 CB 107 
   517 0.798 0.0 HG21 48 
   516 0.502 0.0 HG13 48 
