   615 121.407 0.0 N 56 
   1254 54.651 0.0 CA 113 
   897 57.259 0.0 CA 81 
   1149 1.867 0.0 HG3 104 
   241 1.415 0.0 HG2 23 
   598 31.582 0.0 CB 55 
   785 6.582 0.0 HE2 73 
   938 4.317 0.0 HA 86 
   505 61.81 0.0 CA 47 
   297 7.812 0.0 H 30 
   891 106.586 0.0 N 80 
   161 64.78 0.0 CA 17 
   1354 2.879 0.0 HB2 121 
   921 1.823 0.0 HB2 84 
   366 62.75 0.0 CA 36 
   65 118.937 0.0 N 7 
   574 32.371 0.0 CB 53 
   1289 1.586 0.0 HG2 116 
   1231 2.355 0.0 HB2 112 
   461 7.23 0.0 HD1 44 
   905 57.524 0.0 CA 82 
   465 177.805 0.0 C 44 
   646 7.195 0.0 HD1 59 
   885 130.507 0.0 N 79 
   880 56.012 0.0 CA 79 
   684 32.281 0.0 CB 63 
   135 2.938 0.0 HB3 14 
   1041 49.829 0.0 CA 94 
   423 0.717 0.0 HD23 41 
   918 121.107 0.0 N 83 
   269 176.4 0.0 C 26 
   793 124.281 0.0 N 73 
   1159 3.656 0.0 HB3 105 
   570 1.635 0.0 HG2 53 
   1100 27.715 0.0 CG 98 
   1 4.155 0.0 HA 1 
   801 0.741 0.0 HD21 74 
   1252 1.343 0.0 HG3 113 
   792 130.3 0.0 CE2 73 
   296 116.67 0.0 N 29 
   97 69.47 0.0 CB 10 
   884 28.23 0.0 CG 79 
   475 2.716 0.0 HB2 45 
   178 39.261 0.0 CB 18 
   916 33.087 0.0 CB 83 
   1307 3.037 0.0 HD3 118 
   93 1.269 0.0 HG22 10 
   187 0.589 0.0 HD11 19 
   62 175.803 0.0 C 7 
   888 4.158 0.0 HA3 80 
   551 1.179 0.0 HG22 51 
   1025 0.78 0.0 HG21 93 
   304 18.495 0.0 CB 30 
   1195 1.509 0.0 HB2 109 
   1010 56.13 0.0 CA 92 
   172 0.718 0.0 HD21 18 
   31 2.078 0.0 HB 4 
   1298 4.046 0.0 HA3 117 
   1288 3.215 0.0 HD3 116 
   169 0.885 0.0 HD11 18 
   748 30.017 0.0 CB 69 
   355 43.64 0.0 CD 35 
   805 55.851 0.0 CA 74 
   923 1.726 0.0 HD2 84 
   353 60.124 0.0 CA 35 
   520 179.004 0.0 C 48 
   370 117.801 0.0 CE1 36 
   781 3.11 0.0 HB3 73 
   1270 53.831 0.0 CA 114 
   815 1.996 0.0 HG3 75 
   360 3.32 0.0 HB3 36 
   1353 4.192 0.0 HA 121 
   147 124.741 0.0 N 15 
   1206 122.752 0.0 N 109 
   954 33.678 0.0 CB 87 
   1145 1.686 0.0 HB3 104 
   987 22.264 0.0 CG1 90 
   1244 119.879 0.0 N 112 
   1173 5.583 0.0 HA 107 
   1405 4.473 0.0 HA 126 
   612 30.658 0.0 CB 56 
   1265 2.17 0.0 HE2 114 
   40 32.072 0.0 CB 4 
   818 33.51 0.0 CB 75 
   609 1.788 0.0 HG3 56 
   569 2.514 0.0 HD3 53 
   116 8.466 0.0 H 12 
   1226 32.464 0.0 CG 111 
   708 59.999 0.0 CA 65 
   1177 173.205 0.0 C 107 
   626 1.705 0.0 HB2 58 
   208 18.852 0.0 CB 20 
   1120 1.866 0.0 HB2 102 
   1093 3.211 0.0 HD3 98 
   278 2.142 0.0 HD3 28 
   19 118.889 0.0 N 2 
   715 1.416 0.0 HB1 66 
   619 2.609 0.0 HB3 57 
   828 0.582 0.0 HD21 76 
   431 115.848 0.0 N 41 
   189 0.589 0.0 HD13 19 
   287 3.38 0.0 HA 29 
   473 8.306 0.0 H 45 
   730 8.221 0.0 H 68 
   1186 2.103 0.0 HG2 108 
   999 36.712 0.0 CG 91 
   184 3.623 0.0 HA 19 
   701 0.906 0.0 HB2 65 
   1053 54.651 0.0 CA 95 
   1095 1.576 0.0 HG3 98 
   969 1.236 0.0 HG23 89 
   470 130.2 0.0 CE1 44 
   664 31.254 0.0 CB 61 
   148 8.026 0.0 H 16 
   173 0.718 0.0 HD22 18 
   817 57.14 0.0 CA 75 
   1198 3.139 0.0 HD3 109 
   579 1.751 0.0 HB2 54 
   543 61.38 0.0 CA 50 
   524 21.395 0.0 CG2 48 
   1134 1.823 0.0 HB3 103 
   267 1.485 0.0 HB2 26 
   1104 3.906 0.0 HA3 99 
   564 127.871 0.0 N 52 
   450 4.875 0.0 HA 43 
   722 7.759 0.0 H 67 
   710 43.29 0.0 CD 65 
   1000 129.755 0.0 N 91 
   991 5.776 0.0 HA 91 
   839 9.187 0.0 H 77 
   1250 2.982 0.0 HD3 113 
   797 1.549 0.0 HB3 74 
   1223 174.94 0.0 C 111 
   966 3.95 0.0 HB 89 
   436 1.74 0.0 HD2 42 
   1401 33.107 0.0 CB 125 
   789 130.4 0.0 CD1 73 
   33 0.979 0.0 HG12 4 
   1230 5.485 0.0 HA 112 
   1318 2.77 0.0 HB2 119 
   863 63.69 0.0 CA 78 
   629 0.92 0.0 HD12 58 
   1212 59.029 0.0 CA 110 
   1005 7.035 0.0 HD1 92 
   1187 2.103 0.0 HG3 108 
   447 25.37 0.0 CG 42 
   652 40.445 0.0 CB 59 
   1249 3.346 0.0 HD2 113 
   1125 1.9 0.0 HG3 102 
   779 4.308 0.0 HA 73 
   906 66.204 0.0 CB 82 
   152 110.257 0.0 N 16 
   1267 -0.462 0.0 HG2 114 
   1111 175.32 0.0 C 100 
   1154 123.299 0.0 N 104 
   1216 5.243 0.0 HA 111 
   1278 1.303 0.0 HB1 115 
   1071 130.76 0.0 CE1 96 
   1381 1.878 0.0 HG3 123 
   1178 51.578 0.0 CA 107 
   1410 52.02 0.0 CA 126 
   784 6.582 0.0 HE1 73 
   400 62.201 0.0 CA 39 
   27 28.658 0.0 CB 3 
   975 9.02 0.0 H 90 
   243 174.2 0.0 C 23 
   1080 1.566 0.0 HG2 97 
   1372 172.256 0.0 C 122 
   731 3.74 0.0 HA 68 
   502 0.479 0.0 HG22 47 
   1384 32.175 0.0 CB 123 
   670 57.769 0.0 CA 62 
   747 59.545 0.0 CA 69 
   1419 0.266 0.0 HG21 127 
   424 1.664 0.0 HG 41 
   1361 58.524 0.0 CA 121 
   1096 177.352 0.0 C 98 
   164 28.471 0.0 CG 17 
   625 4.331 0.0 HA 58 
   262 52.785 0.0 CA 25 
   346 8.345 0.0 H 35 
   523 23.105 0.0 CG1 48 
   720 17.675 0.0 CB 66 
   1286 1.977 0.0 HB3 116 
   207 52.729 0.0 CA 20 
   28 124.395 0.0 N 3 
   783 7.023 0.0 HD2 73 
   1021 0.535 0.0 HD12 93 
   550 1.179 0.0 HG21 51 
   516 0.502 0.0 HG13 48 
   199 28.47 0.0 CG 19 
   915 56.075 0.0 CA 83 
   932 42.015 0.0 CE 84 
   536 7.115 0.0 H 50 
   459 2.887 0.0 HB2 44 
   248 118.381 0.0 N 23 
   718 179.2 0.0 C 66 
   1017 9.184 0.0 H 93 
   1094 1.576 0.0 HG2 98 
   1221 2.437 0.0 HG2 111 
   971 61.14 0.0 CA 89 
   1387 8.786 0.0 H 124 
   518 0.798 0.0 HG22 48 
   386 1.672 0.0 HB3 38 
   744 2.258 0.0 HG2 69 
   252 3.83 0.0 HB3 24 
   196 40.21 0.0 CB 19 
   247 26.234 0.0 CG 23 
   881 42.361 0.0 CB 79 
   1314 26.928 0.0 CG 118 
   1360 174.025 0.0 C 121 
   140 8.183 0.0 H 15 
   537 4.576 0.0 HA 50 
   1402 35.961 0.0 CG 125 
   368 132.01 0.0 CD1 36 
   949 3.345 0.0 HD3 87 
   1296 8.576 0.0 H 117 
   1273 41.456 0.0 CE 114 
   183 8.075 0.0 H 19 
   14 6.792 0.0 HD21 2 
   725 3.645 0.0 HB3 67 
   902 3.83 0.0 HB2 82 
   631 0.806 0.0 HD21 58 
   1348 133.1 0.0 CD2 120 
   32 0.979 0.0 HG11 4 
   1061 2.567 0.0 HB3 96 
   1068 41.738 0.0 CB 96 
   1340 6.888 0.0 HD1 120 
   557 121.694 0.0 N 51 
   616 8.78 0.0 H 57 
   1133 1.744 0.0 HB2 103 
   933 24.71 0.0 CG 84 
   1037 1.937 0.0 HB1 94 
   343 60.984 0.0 CA 34 
   90 4.478 0.0 HA 10 
   1338 2.695 0.0 HB2 120 
   721 120.92 0.0 N 66 
   151 48.106 0.0 CA 16 
   419 0.761 0.0 HD12 41 
   727 60.29 0.0 CA 67 
   1032 28.25 0.0 CG1 93 
   1413 7.916 0.0 H 127 
   251 3.745 0.0 HB2 24 
   835 25.728 0.0 CD1 76 
   1258 124.163 0.0 N 113 
   321 26.56 0.0 CD2 31 
   503 0.479 0.0 HG23 47 
   946 2.018 0.0 HB2 87 
   562 51.935 0.0 CA 52 
   599 42.47 0.0 CD 55 
   22 4.002 0.0 HA 3 
   457 8.229 0.0 H 44 
   654 131.3 0.0 CD2 59 
   202 4.243 0.0 HA 20 
   556 20.937 0.0 CG2 51 
   1416 0.549 0.0 HG11 127 
   377 1.502 0.0 HB3 37 
   745 2.478 0.0 HG3 69 
   1208 5.308 0.0 HA 110 
   509 17.387 0.0 CG2 47 
   1217 1.766 0.0 HB2 111 
   1144 0.798 0.0 HB2 104 
   315 1.147 0.0 HD23 31 
   690 2.951 0.0 HB2 64 
   878 1.524 0.0 HG 79 
   56 46.424 0.0 CA 6 
   354 30.325 0.0 CB 35 
   836 23.57 0.0 CD2 76 
   943 63.215 0.0 CB 86 
   351 2.92 0.0 HD3 35 
   352 177.72 0.0 C 35 
   953 54.544 0.0 CA 87 
   527 3.957 0.0 HA 49 
   63 59.829 0.0 CA 7 
   146 30.602 0.0 CB 15 
   555 68.659 0.0 CB 51 
   222 28.094 0.0 CG 21 
   492 119.529 0.0 N 46 
   1170 33.628 0.0 CB 106 
   1114 7.925 0.0 H 101 
   1084 34.642 0.0 CB 97 
   126 2.443 0.0 HB2 13 
   212 2.193 0.0 HB2 21 
   292 177.415 0.0 C 29 
   968 1.236 0.0 HG22 89 
   1395 1.946 0.0 HB2 125 
   1126 176.9 0.0 C 102 
   396 6.665 0.0 HD2 39 
   850 43.64 0.0 CD 77 
   756 2.383 0.0 HG3 70 
   191 0.146 0.0 HD22 19 
   100 8.849 0.0 H 11 
   577 8.334 0.0 H 54 
   983 1.127 0.0 HG23 90 
   490 62.32 0.0 CA 46 
   623 116.726 0.0 N 57 
   1035 9.654 0.0 H 94 
   808 22.606 0.0 CD2 74 
   67 3.52 0.0 HA2 8 
   446 43.345 0.0 CE 42 
   137 60.369 0.0 CA 14 
   12 2.675 0.0 HB2 2 
   1330 119.204 0.0 CE3 119 
   105 7.598 0.0 HD2 11 
   10 8.376 0.0 H 2 
   29 7.153 0.0 H 4 
   1074 8.665 0.0 H 97 
   1409 177.6 0.0 C 126 
   54 4.38 0.0 HA3 6 
   1066 171.75 0.0 C 96 
   1274 24.66 0.0 CG 114 
   794 9.086 0.0 H 74 
   552 1.179 0.0 HG23 51 
   383 3.731 0.0 HA 38 
   1370 3.554 0.0 HB2 122 
   488 6.55 0.0 HE2 46 
   496 0.204 0.0 HD11 47 
   469 131.0 0.0 CD2 44 
   106 6.55 0.0 HE1 11 
   851 27.258 0.0 CG 77 
   167 1.8 0.0 HB2 18 
   1415 0.75 0.0 HB 127 
   124 7.445 0.0 H 13 
   24 2.948 0.0 HB3 3 
   205 1.402 0.0 HB3 20 
   464 7.192 0.0 HE2 44 
   361 6.665 0.0 HD1 36 
   1191 36.823 0.0 CG 108 
   940 4.069 0.0 HB3 86 
   1184 1.268 0.0 HB2 108 
   432 7.516 0.0 H 42 
   512 3.049 0.0 HA 48 
   1422 174.707 0.0 C 127 
   1322 7.275 0.0 HE3 119 
   1389 4.955 0.0 HA3 124 
   605 1.95 0.0 HB3 56 
   840 4.666 0.0 HA 77 
   688 7.698 0.0 H 64 
   1407 1.334 0.0 HB2 126 
   52 7.704 0.0 H 6 
   294 28.57 0.0 CB 29 
   1301 103.666 0.0 N 117 
   553 173.901 0.0 C 51 
   1007 7.082 0.0 HE1 92 
   471 130.2 0.0 CE2 44 
   285 26.46 0.0 CG 28 
   533 30.291 0.0 CB 49 
   660 3.215 0.0 HB3 61 
   585 29.521 0.0 CB 54 
   168 1.8 0.0 HB3 18 
   412 17.695 0.0 CB 40 
   647 7.195 0.0 HD2 59 
   974 115.849 0.0 N 89 
   1167 3.578 0.0 HB3 106 
   769 115.477 0.0 N 71 
   693 7.734 0.0 HD22 64 
   1008 7.082 0.0 HE2 92 
   216 1.747 0.0 HG2 21 
   340 3.692 0.0 HB2 34 
   131 117.361 0.0 N 13 
   99 112.657 0.0 N 10 
   1165 4.998 0.0 HA 106 
   1394 4.687 0.0 HA 125 
   709 29.462 0.0 CB 65 
   614 28.048 0.0 CG 56 
   109 61.54 0.0 CA 11 
   802 0.741 0.0 HD22 74 
   982 1.127 0.0 HG22 90 
   782 7.023 0.0 HD1 73 
   1132 4.002 0.0 HA 103 
   1024 1.216 0.0 HG13 93 
   1026 0.78 0.0 HG22 93 
   1357 6.727 0.0 HD2 121 
   1181 129.694 0.0 N 107 
   476 2.593 0.0 HB3 45 
   1214 125.774 0.0 N 110 
   463 7.192 0.0 HE1 44 
   213 2.277 0.0 HB3 21 
   980 0.545 0.0 HG13 90 
   177 57.052 0.0 CA 18 
   561 2.488 0.0 HB3 52 
   280 -0.395 0.0 HG3 28 
   981 1.127 0.0 HG21 90 
   448 116.255 0.0 N 42 
   1077 1.572 0.0 HB3 97 
   1344 176.52 0.0 C 120 
   1299 173.43 0.0 C 117 
   1122 3.604 0.0 HD2 102 
   1065 7.28 0.0 HE2 96 
   1081 1.566 0.0 HG3 97 
   807 25.72 0.0 CD1 74 
   1086 27.428 0.0 CG 97 
   257 8.255 0.0 H 25 
   1291 177.209 0.0 C 116 
   549 4.218 0.0 HB 51 
   324 8.704 0.0 H 32 
   1406 1.334 0.0 HB1 126 
   566 1.839 0.0 HB2 53 
   403 117.405 0.0 CE2 39 
   1326 175.5 0.0 C 119 
   912 2.205 0.0 HG2 83 
   392 3.693 0.0 HA 39 
   1059 5.374 0.0 HA 96 
   1398 2.177 0.0 HG3 125 
   1238 56.51 0.0 CA 112 
   224 8.268 0.0 H 22 
   458 3.905 0.0 HA 44 
   866 21.285 0.0 CG2 78 
   1043 131.277 0.0 N 94 
   4 2.222 0.0 HG2 1 
   462 7.23 0.0 HD2 44 
   498 0.204 0.0 HD13 47 
   133 4.403 0.0 HA 14 
   417 1.555 0.0 HB3 41 
   489 178.007 0.0 C 46 
   760 36.478 0.0 CG 70 
   820 119.876 0.0 N 75 
   8 29.815 0.0 CB 1 
   1363 130.74 0.0 CD1 121 
   376 1.502 0.0 HB2 37 
   1308 1.253 0.0 HG2 118 
   1403 119.909 0.0 N 125 
   244 54.444 0.0 CA 23 
   87 25.43 0.0 CG 9 
   1097 55.288 0.0 CA 98 
   428 25.612 0.0 CD1 41 
   1356 6.727 0.0 HD1 121 
   635 177.0 0.0 C 58 
   373 8.907 0.0 H 37 
   695 56.908 0.0 CA 64 
   275 1.096 0.0 HB2 28 
   408 1.098 0.0 HB2 40 
   402 117.405 0.0 CE1 39 
   534 36.304 0.0 CG 49 
   961 172.34 0.0 C 88 
   1423 61.46 0.0 CA 127 
   810 7.719 0.0 H 75 
   951 1.78 0.0 HG3 87 
   1030 42.274 0.0 CB 93 
   814 1.996 0.0 HG2 75 
   1160 173.605 0.0 C 105 
   1382 173.108 0.0 C 123 
   1400 54.435 0.0 CA 125 
   607 3.195 0.0 HD3 56 
   1380 1.878 0.0 HG2 123 
   42 21.175 0.0 CG2 4 
   945 5.606 0.0 HA 87 
   101 4.625 0.0 HA 11 
   1355 2.737 0.0 HB3 121 
   842 1.648 0.0 HB3 77 
   265 4.443 0.0 HA 26 
   535 118.382 0.0 N 49 
   387 180.2 0.0 C 38 
   1121 2.271 0.0 HB3 102 
   468 131.0 0.0 CD1 44 
   138 29.87 0.0 CB 14 
   1110 3.905 0.0 HA3 100 
   1166 3.271 0.0 HB2 106 
   440 1.559 0.0 HG2 42 
   697 119.384 0.0 N 64 
   1433 42.247 0.0 CB 128 
   819 36.619 0.0 CG 75 
   1275 129.57 0.0 N 114 
   1040 176.203 0.0 C 94 
   150 2.895 0.0 HA3 16 
   738 32.56 0.0 CB 68 
   950 1.847 0.0 HG2 87 
   421 0.717 0.0 HD21 41 
   854 4.11 0.0 HA 78 
   865 21.781 0.0 CG1 78 
   1325 6.69 0.0 HZ3 119 
   538 4.595 0.0 HB 50 
   416 1.555 0.0 HB2 41 
   1374 64.524 0.0 CB 122 
   250 4.576 0.0 HA 24 
   1106 47.294 0.0 CA 99 
   816 172.804 0.0 C 75 
   493 6.884 0.0 H 47 
   197 25.042 0.0 CD1 19 
   1227 121.905 0.0 N 111 
   405 8.09 0.0 H 40 
   381 121.482 0.0 N 37 
   519 0.798 0.0 HG23 48 
   274 2.61 0.0 HA 28 
   1194 4.95 0.0 HA 109 
   1411 19.149 0.0 CB 126 
   235 7.348 0.0 H 23 
   775 52.5 0.0 CA 72 
   988 22.42 0.0 CG2 90 
   3 2.003 0.0 HB3 1 
   185 1.445 0.0 HB2 19 
   439 3.169 0.0 HE3 42 
   929 55.741 0.0 CA 84 
   1347 133.1 0.0 CD1 120 
   767 58.754 0.0 CA 71 
   726 178.407 0.0 C 67 
   1284 3.841 0.0 HA 116 
   425 176.25 0.0 C 41 
   528 1.945 0.0 HB2 49 
   1311 53.951 0.0 CA 118 
   1140 37.102 0.0 CG 103 
   856 0.751 0.0 HG11 78 
   673 7.917 0.0 H 63 
   420 0.761 0.0 HD13 41 
   544 69.63 0.0 CB 50 
   332 1.176 0.0 HG3 33 
   478 57.459 0.0 CA 45 
   1013 132.1 0.0 CD2 92 
   761 114.677 0.0 N 70 
   886 7.635 0.0 H 80 
   645 2.925 0.0 HB3 59 
   1233 7.09 0.0 HD1 112 
   740 8.744 0.0 H 69 
   1424 32.581 0.0 CB 127 
   329 2.895 0.0 HD2 33 
   290 1.995 0.0 HG2 29 
   985 62.035 0.0 CA 90 
   414 8.557 0.0 H 41 
   104 7.598 0.0 HD1 11 
   504 178.5 0.0 C 47 
   71 111.582 0.0 N 8 
   130 42.509 0.0 CB 13 
   680 0.909 0.0 HG22 63 
   371 117.801 0.0 CE2 36 
   858 0.751 0.0 HG13 78 
   379 55.295 0.0 CA 37 
   1391 45.365 0.0 CA 124 
   1295 27.648 0.0 CG 116 
   773 2.475 0.0 HB3 72 
   1220 7.652 0.0 HE22 111 
   115 124.022 0.0 N 11 
   1432 55.945 0.0 CA 128 
   466 61.65 0.0 CA 44 
   1272 29.151 0.0 CD 114 
   955 43.15 0.0 CD 87 
   494 3.075 0.0 HA 47 
   596 173.52 0.0 C 55 
   613 43.64 0.0 CD 56 
   540 0.509 0.0 HG22 50 
   899 113.782 0.0 N 81 
   714 4.151 0.0 HA 66 
   223 110.82 0.0 N 21 
   692 6.936 0.0 HD21 64 
   1222 2.355 0.0 HG3 111 
   328 1.468 0.0 HB3 33 
   393 1.212 0.0 HB2 39 
   1315 121.34 0.0 N 118 
   1069 131.6 0.0 CD1 96 
   413 121.155 0.0 N 40 
   128 175.205 0.0 C 13 
   1396 2.028 0.0 HB3 125 
   1142 8.938 0.0 H 104 
   165 6.545 0.0 H 18 
   960 5.047 0.0 HA3 88 
   656 129.0 0.0 CE2 59 
   776 42.88 0.0 CB 72 
   258 4.116 0.0 HA 25 
   1033 17.492 0.0 CG2 93 
   728 28.554 0.0 CB 67 
   1118 108.265 0.0 N 101 
   122 40.455 0.0 CB 12 
   186 1.528 0.0 HB3 19 
   310 1.035 0.0 HD11 31 
   749 36.968 0.0 CG 69 
   942 58.208 0.0 CA 86 
   908 8.427 0.0 H 83 
   454 51.354 0.0 CA 43 
   182 116.726 0.0 N 18 
   277 3.241 0.0 HD2 28 
   1163 113.911 0.0 N 105 
   345 111.582 0.0 N 34 
   363 6.75 0.0 HE1 36 
   627 1.619 0.0 HB3 58 
   322 27.664 0.0 CG 31 
   895 3.878 0.0 HB3 81 
   522 32.041 0.0 CB 48 
   1009 171.85 0.0 C 92 
   592 3.145 0.0 HD2 55 
   758 56.417 0.0 CA 70 
   965 5.861 0.0 HA 89 
   48 175.9 0.0 C 5 
   735 1.68 0.0 HG3 68 
   843 3.09 0.0 HD2 77 
   639 22.596 0.0 CD2 58 
   311 1.035 0.0 HD12 31 
   754 2.218 0.0 HB3 70 
   426 54.401 0.0 CA 41 
   1328 31.82 0.0 CB 119 
   1124 1.991 0.0 HG2 102 
   320 23.15 0.0 CD1 31 
   541 0.509 0.0 HG23 50 
   597 54.441 0.0 CA 55 
   480 117.34 0.0 N 45 
   917 36.115 0.0 CG 83 
   385 1.672 0.0 HB2 38 
   401 35.75 0.0 CB 39 
   922 1.823 0.0 HB3 84 
   1229 9.143 0.0 H 112 
   268 1.485 0.0 HB3 26 
   301 1.341 0.0 HB3 30 
   221 43.564 0.0 CD 21 
   117 4.179 0.0 HA 12 
   1362 40.107 0.0 CB 121 
   50 30.7 0.0 CB 5 
   803 0.741 0.0 HD23 74 
   121 56.0 0.0 CA 12 
   855 1.94 0.0 HB 78 
   890 45.632 0.0 CA 80 
   868 9.244 0.0 H 79 
   1147 7.641 0.0 HE22 104 
   1157 5.357 0.0 HA 105 
   1271 32.422 0.0 CB 114 
   604 1.897 0.0 HB2 56 
   542 173.401 0.0 C 50 
   16 175.445 0.0 C 2 
   1393 8.229 0.0 H 125 
   211 3.989 0.0 HA 21 
   1164 9.575 0.0 H 106 
   53 3.93 0.0 HA2 6 
   689 4.798 0.0 HA 64 
   517 0.798 0.0 HG21 48 
   904 172.65 0.0 C 82 
   375 1.502 0.0 HB1 37 
   707 177.82 0.0 C 65 
   330 2.824 0.0 HD3 33 
   1248 1.708 0.0 HB3 113 
   864 32.119 0.0 CB 78 
   568 2.804 0.0 HD2 53 
   443 56.288 0.0 CA 42 
   145 64.155 0.0 CA 15 
   589 4.668 0.0 HA 55 
   298 3.898 0.0 HA 30 
   435 2.401 0.0 HB3 42 
   1239 44.342 0.0 CB 112 
   325 122.625 0.0 N 32 
   410 179.8 0.0 C 40 
   1255 35.782 0.0 CB 113 
   750 117.242 0.0 N 69 
   1428 7.901 0.0 H 128 
   679 0.909 0.0 HG21 63 
   1300 45.22 0.0 CA 117 
   64 62.352 0.0 CB 7 
   479 39.895 0.0 CB 45 
   559 3.741 0.0 HA 52 
   1102 9.005 0.0 H 99 
   486 6.77 0.0 HD2 46 
   759 31.29 0.0 CB 70 
   618 2.735 0.0 HB2 57 
   1408 1.334 0.0 HB3 126 
   796 1.361 0.0 HB2 74 
   1088 9.754 0.0 H 98 
   341 4.198 0.0 HB3 34 
   772 2.638 0.0 HB2 72 
   1185 1.564 0.0 HB3 108 
   1027 0.78 0.0 HG23 93 
   1317 4.567 0.0 HA 119 
   563 43.019 0.0 CB 52 
   665 8.376 0.0 H 62 
   1073 120.365 0.0 N 96 
   398 6.565 0.0 HE2 39 
   1054 33.572 0.0 CB 95 
   706 1.16 0.0 HG3 65 
   514 0.502 0.0 HG11 48 
   83 54.561 0.0 CA 9 
   1015 131.4 0.0 CE2 92 
   998 31.557 0.0 CB 91 
   175 1.697 0.0 HG 18 
   1169 55.849 0.0 CA 106 
   430 27.053 0.0 CG 41 
   230 174.64 0.0 C 22 
   666 4.346 0.0 HA 62 
   594 1.378 0.0 HG2 55 
   1036 5.859 0.0 HA 94 
   799 0.739 0.0 HD12 74 
   74 1.533 0.0 HB2 9 
   49 60.214 0.0 CA 5 
   1219 6.732 0.0 HE21 111 
   1390 172.204 0.0 C 124 
   483 2.559 0.0 HB2 46 
   338 7.582 0.0 H 34 
   755 2.53 0.0 HG2 70 
   862 176.104 0.0 C 78 
   1316 8.981 0.0 H 119 
   18 38.025 0.0 CB 2 
   234 110.883 0.0 N 22 
   812 1.784 0.0 HB2 75 
   242 1.415 0.0 HG3 23 
   348 1.396 0.0 HB2 35 
   1039 1.937 0.0 HB3 94 
   822 4.769 0.0 HA 76 
   163 50.635 0.0 CD 17 
   1107 117.554 0.0 N 99 
   513 2.008 0.0 HB 48 
   1369 4.517 0.0 HA 122 
   687 121.325 0.0 N 63 
   826 0.564 0.0 HD12 76 
   671 40.155 0.0 CB 62 
   1001 9.171 0.0 H 92 
   1313 43.27 0.0 CD 118 
   1196 1.743 0.0 HB3 109 
   232 69.026 0.0 CB 22 
   610 177.209 0.0 C 56 
   1150 174.031 0.0 C 104 
   94 1.269 0.0 HG23 10 
   657 119.653 0.0 N 59 
   1323 6.967 0.0 HH2 119 
   1038 1.937 0.0 HB2 94 
   838 126.577 0.0 N 76 
   153 4.172 0.0 HA 17 
   1327 57.495 0.0 CA 119 
   225 4.195 0.0 HA 22 
   1082 174.825 0.0 C 97 
   860 0.813 0.0 HG22 78 
   1119 4.446 0.0 HA 102 
   254 57.298 0.0 CA 24 
   418 0.761 0.0 HD11 41 
   526 8.501 0.0 H 49 
   867 126.212 0.0 N 78 
   511 7.322 0.0 H 48 
   477 178.0 0.0 C 45 
   739 117.484 0.0 N 68 
   642 7.394 0.0 H 59 
   60 3.922 0.0 HB2 7 
   939 4.197 0.0 HB2 86 
   162 32.12 0.0 CB 17 
   672 119.139 0.0 N 62 
   34 0.979 0.0 HG13 4 
   1174 2.829 0.0 HB2 107 
   757 176.9 0.0 C 70 
   1373 60.295 0.0 CA 122 
   118 2.63 0.0 HB2 12 
   892 8.338 0.0 H 81 
   989 121.506 0.0 N 90 
   1076 1.689 0.0 HB2 97 
   716 1.416 0.0 HB2 66 
   1290 1.586 0.0 HG3 116 
   1285 1.856 0.0 HB2 116 
   1103 3.975 0.0 HA2 99 
   588 8.069 0.0 H 55 
   47 2.92 0.0 HB3 5 
   859 0.813 0.0 HG21 78 
   395 6.665 0.0 HD1 39 
   724 3.253 0.0 HB2 67 
   293 60.485 0.0 CA 29 
   608 1.705 0.0 HG2 56 
   1161 57.248 0.0 CA 105 
   302 177.4 0.0 C 30 
   1236 7.192 0.0 HE2 112 
   231 63.14 0.0 CA 22 
   1240 131.451 0.0 CD1 112 
   1153 34.296 0.0 CG 104 
   394 2.1 0.0 HB3 39 
   407 1.098 0.0 HB1 40 
   997 53.955 0.0 CA 91 
   1034 118.019 0.0 N 93 
   686 20.93 0.0 CG2 63 
   282 64.51 0.0 CA 28 
   667 2.758 0.0 HB2 62 
   907 115.128 0.0 N 82 
   1281 51.415 0.0 CA 115 
   308 1.591 0.0 HB2 31 
   1116 4.288 0.0 HA3 101 
   295 36.955 0.0 CG 29 
   898 66.3 0.0 CB 81 
   1006 7.035 0.0 HD2 92 
   193 1.197 0.0 HG 19 
   1305 1.514 0.0 HB3 118 
   1135 2.126 0.0 HG2 103 
   1162 65.457 0.0 CB 105 
   92 1.269 0.0 HG21 10 
   237 1.524 0.0 HB2 23 
   651 57.15 0.0 CA 59 
   84 35.172 0.0 CB 9 
   37 0.979 0.0 HG23 4 
   825 0.564 0.0 HD11 76 
   595 1.669 0.0 HG3 55 
   571 1.635 0.0 HG3 53 
   364 6.75 0.0 HE2 36 
   896 172.936 0.0 C 81 
   1371 3.268 0.0 HB3 122 
   698 113.408 0.0 ND2 64 
   1072 130.76 0.0 CE2 96 
   1067 55.736 0.0 CA 96 
   1078 3.228 0.0 HD2 97 
   994 2.323 0.0 HG2 91 
   1203 31.948 0.0 CB 109 
   271 19.685 0.0 CB 26 
   1246 5.608 0.0 HA 113 
   80 1.399 0.0 HG2 9 
   962 45.449 0.0 CA 88 
   593 3.145 0.0 HD3 55 
   911 1.923 0.0 HB3 83 
   746 179.081 0.0 C 69 
   736 178.3 0.0 C 68 
   1019 1.4 0.0 HB 93 
   41 21.175 0.0 CG1 4 
   719 55.495 0.0 CA 66 
   545 19.875 0.0 CG2 50 
   171 0.885 0.0 HD13 18 
   194 179.45 0.0 C 19 
   560 2.623 0.0 HB2 52 
   737 59.89 0.0 CA 68 
   1018 5.199 0.0 HA 93 
   887 4.158 0.0 HA2 80 
   910 1.923 0.0 HB2 83 
   129 53.219 0.0 CA 13 
   947 2.189 0.0 HB3 87 
   1079 3.228 0.0 HD3 97 
   996 175.381 0.0 C 91 
   926 3.003 0.0 HE3 84 
   260 1.324 0.0 HB2 25 
   390 119.703 0.0 N 38 
   650 174.42 0.0 C 59 
   1259 8.608 0.0 H 114 
   409 1.098 0.0 HB3 40 
   548 4.625 0.0 HA 51 
   889 171.34 0.0 C 80 
   437 1.611 0.0 HD3 42 
   451 2.209 0.0 HB2 43 
   1420 0.266 0.0 HG22 127 
   313 1.147 0.0 HD21 31 
   1028 175.6 0.0 C 93 
   1378 1.863 0.0 HB2 123 
   326 3.481 0.0 HA 33 
   472 122.987 0.0 N 44 
   174 0.718 0.0 HD23 18 
   937 47.314 0.0 CA 85 
   323 119.402 0.0 N 31 
   653 131.3 0.0 CD1 59 
   711 27.67 0.0 CG 65 
   871 1.609 0.0 HB3 79 
   9 36.326 0.0 CG 1 
   389 18.195 0.0 CB 38 
   765 3.17 0.0 HB3 71 
   39 63.31 0.0 CA 4 
   1046 1.85 0.0 HB2 95 
   531 2.295 0.0 HG3 49 
   69 174.204 0.0 C 8 
   634 1.6 0.0 HG 58 
   1303 4.552 0.0 HA 118 
   914 174.601 0.0 C 83 
   1242 130.35 0.0 CE1 112 
   1172 8.819 0.0 H 107 
   51 120.403 0.0 N 5 
   1200 1.376 0.0 HG3 109 
   809 123.697 0.0 N 74 
   176 181.207 0.0 C 18 
   532 58.85 0.0 CA 49 
   1243 130.35 0.0 CE2 112 
   1358 7.175 0.0 HE1 121 
   365 176.705 0.0 C 36 
   1085 43.79 0.0 CD 97 
   374 3.578 0.0 HA 37 
   82 176.429 0.0 C 9 
   928 1.428 0.0 HG3 84 
   1349 117.2 0.0 CE1 120 
   700 3.481 0.0 HA 65 
   238 1.707 0.0 HB3 23 
   1048 3.15 0.0 HD2 95 
   1253 173.52 0.0 C 113 
   246 43.34 0.0 CD 23 
   661 7.15 0.0 HD2 61 
   742 2.066 0.0 HB2 69 
   1087 117.405 0.0 N 97 
   587 114.777 0.0 N 54 
   59 3.932 0.0 HA 7 
   1070 131.6 0.0 CD2 96 
   372 120.099 0.0 N 36 
   38 175.39 0.0 C 4 
   68 4.247 0.0 HA3 8 
   210 7.678 0.0 H 21 
   668 2.627 0.0 HB3 62 
   636 54.812 0.0 CA 58 
   57 107.14 0.0 N 6 
   1136 2.0 0.0 HG3 103 
   26 63.959 0.0 CA 3 
   874 0.654 0.0 HD13 79 
   978 0.545 0.0 HG11 90 
   391 7.838 0.0 H 39 
   107 6.55 0.0 HE2 11 
   786 175.7 0.0 C 73 
   198 22.18 0.0 CD2 19 
   800 0.739 0.0 HD13 74 
   188 0.589 0.0 HD12 19 
   1011 43.37 0.0 CB 92 
   217 1.747 0.0 HG3 21 
   927 1.366 0.0 HG2 84 
   1062 6.815 0.0 HD1 96 
   112 133.6 0.0 CD2 11 
   1031 14.095 0.0 CD1 93 
   449 8.832 0.0 H 43 
   1131 8.534 0.0 H 103 
   156 3.281 0.0 HD2 17 
   284 50.19 0.0 CD 28 
   1138 57.735 0.0 CA 103 
   581 2.144 0.0 HG2 54 
   291 1.995 0.0 HG3 29 
   935 4.11 0.0 HA2 85 
   214 3.225 0.0 HD2 21 
   281 176.9 0.0 C 28 
   1099 44.307 0.0 CD 98 
   677 0.998 0.0 HG12 63 
   1056 27.88 0.0 CG 95 
   894 3.838 0.0 HB2 81 
   869 4.345 0.0 HA 79 
   1339 2.875 0.0 HB3 120 
   13 2.932 0.0 HB3 2 
   977 2.119 0.0 HB 90 
   17 53.005 0.0 CA 2 
   893 5.342 0.0 HA 81 
   369 132.01 0.0 CD2 36 
   15 7.423 0.0 HD22 2 
   95 175.801 0.0 C 10 
   415 4.275 0.0 HA 41 
   717 1.416 0.0 HB3 66 
   712 122.45 0.0 N 65 
   1364 130.74 0.0 CD2 121 
   637 41.906 0.0 CB 58 
   484 2.899 0.0 HB3 46 
   1188 173.31 0.0 C 108 
   723 4.145 0.0 HA 67 
   286 8.098 0.0 H 29 
   703 2.83 0.0 HD2 65 
   663 59.65 0.0 CA 61 
   500 0.837 0.0 HG13 47 
   1014 131.4 0.0 CE1 92 
   990 9.047 0.0 H 91 
   1337 4.943 0.0 HA 120 
   501 0.479 0.0 HG21 47 
   397 6.565 0.0 HE1 39 
   582 2.144 0.0 HG3 54 
   1232 3.418 0.0 HB3 112 
   1190 34.517 0.0 CB 108 
   358 3.84 0.0 HA 36 
   219 56.614 0.0 CA 21 
   306 7.782 0.0 H 31 
   1297 3.345 0.0 HA2 117 
   453 174.95 0.0 C 43 
   1117 44.635 0.0 CA 101 
   930 33.692 0.0 CB 84 
   123 116.209 0.0 N 12 
   362 6.665 0.0 HD2 36 
   924 1.726 0.0 HD3 84 
   699 8.562 0.0 H 65 
   948 3.345 0.0 HD2 87 
   644 3.02 0.0 HB2 59 
   1341 6.888 0.0 HD2 120 
   1075 4.526 0.0 HA 97 
   1319 2.643 0.0 HB3 119 
   359 2.601 0.0 HB2 36 
   632 0.806 0.0 HD22 58 
   1151 54.05 0.0 CA 104 
   743 2.139 0.0 HB3 69 
   1263 0.874 0.0 HD2 114 
   1101 128.385 0.0 N 98 
   780 2.454 0.0 HB2 73 
   539 0.509 0.0 HG21 50 
   154 1.368 0.0 HB2 17 
   66 9.283 0.0 H 8 
   1386 113.946 0.0 N 123 
   1426 20.19 0.0 CG2 127 
   1051 1.57 0.0 HG3 95 
   811 4.385 0.0 HA 75 
   583 177.408 0.0 C 54 
   1143 4.495 0.0 HA 104 
   572 178.7 0.0 C 53 
   1399 174.408 0.0 C 125 
   1334 121.469 0.0 N 119 
   316 1.485 0.0 HG 31 
   158 1.735 0.0 HG2 17 
   956 27.468 0.0 CG 87 
   713 7.586 0.0 H 66 
   61 3.696 0.0 HB3 7 
   255 64.524 0.0 CB 24 
   143 2.495 0.0 HB3 15 
   160 177.301 0.0 C 17 
   1397 2.216 0.0 HG2 125 
   89 8.784 0.0 H 10 
   1375 125.692 0.0 N 122 
   433 4.352 0.0 HA 42 
   909 4.892 0.0 HA 83 
   1016 124.784 0.0 N 92 
   1234 7.09 0.0 HD2 112 
   575 50.1 0.0 CD 53 
   1197 3.139 0.0 HD2 109 
   192 0.146 0.0 HD23 19 
   853 8.94 0.0 H 78 
   877 0.689 0.0 HD23 79 
   317 179.245 0.0 C 31 
   356 125.552 0.0 N 35 
   1183 4.864 0.0 HA 108 
   669 179.5 0.0 C 62 
   1109 3.905 0.0 HA2 100 
   319 39.75 0.0 CB 31 
   85 29.151 0.0 CD 9 
   111 133.6 0.0 CD1 11 
   35 0.979 0.0 HG21 4 
   602 7.466 0.0 H 56 
   434 2.401 0.0 HB2 42 
   841 1.734 0.0 HB2 77 
   1431 2.483 0.0 HB3 128 
   1277 4.579 0.0 HA 115 
   279 1.333 0.0 HG2 28 
   649 7.032 0.0 HE2 59 
   1023 0.459 0.0 HG12 93 
   1266 2.265 0.0 HE3 114 
   1293 27.96 0.0 CB 116 
   662 177.2 0.0 C 61 
   45 4.584 0.0 HA 5 
   438 3.341 0.0 HE2 42 
   1256 43.47 0.0 CD 113 
   682 178.94 0.0 C 63 
   1156 8.499 0.0 H 105 
   399 178.1 0.0 C 39 
   382 8.298 0.0 H 38 
   349 1.91 0.0 HB3 35 
   70 45.052 0.0 CA 8 
   1237 175.205 0.0 C 112 
   108 178.9 0.0 C 11 
   276 0.895 0.0 HB3 28 
   777 122.633 0.0 N 72 
   643 4.571 0.0 HA 59 
   1434 129.886 0.0 N 128 
   1379 2.039 0.0 HB3 123 
   696 39.218 0.0 CB 64 
   821 8.538 0.0 H 76 
   691 3.168 0.0 HB3 64 
   641 118.45 0.0 N 58 
   764 2.725 0.0 HB2 71 
   525 122.147 0.0 N 48 
   1251 1.61 0.0 HG2 113 
   86 41.986 0.0 CE 9 
   1345 57.29 0.0 CA 120 
   1292 56.584 0.0 CA 116 
   119 2.469 0.0 HB3 12 
   508 26.86 0.0 CG1 47 
   20 110.708 0.0 ND2 2 
   1092 3.211 0.0 HD2 98 
   166 4.458 0.0 HA 18 
   1108 8.975 0.0 H 100 
   81 1.315 0.0 HG3 9 
   995 2.178 0.0 HG3 91 
   1158 3.656 0.0 HB2 105 
   73 4.514 0.0 HA 9 
   149 2.895 0.0 HA2 16 
   110 39.46 0.0 CB 11 
   1063 6.815 0.0 HD2 96 
   620 176.8 0.0 C 57 
   5 2.222 0.0 HG3 1 
   404 119.108 0.0 N 39 
   622 39.937 0.0 CB 57 
   367 38.05 0.0 CB 36 
   852 127.184 0.0 N 77 
   882 25.182 0.0 CD1 79 
   227 1.138 0.0 HG21 22 
   1359 7.175 0.0 HE2 121 
   515 0.502 0.0 HG12 48 
   1146 6.978 0.0 HE21 104 
   674 3.769 0.0 HA 63 
   215 3.225 0.0 HD3 21 
   1257 28.88 0.0 CG 113 
   327 0.908 0.0 HB2 33 
   798 0.739 0.0 HD11 74 
   1139 30.075 0.0 CB 103 
   1182 8.243 0.0 H 108 
   1137 175.818 0.0 C 103 
   630 0.92 0.0 HD13 58 
   1052 176.85 0.0 C 95 
   1004 2.985 0.0 HB3 92 
   1264 0.784 0.0 HD3 114 
   944 8.091 0.0 H 87 
   1201 176.252 0.0 C 109 
   1418 0.549 0.0 HG13 127 
   452 2.821 0.0 HB3 43 
   1152 33.32 0.0 CB 104 
   25 178.12 0.0 C 3 
   456 123.108 0.0 N 43 
   972 72.876 0.0 CB 89 
   1128 32.451 0.0 CB 102 
   256 116.451 0.0 N 24 
   763 5.268 0.0 HA 71 
   586 36.72 0.0 CG 54 
   1383 55.575 0.0 CA 123 
   1306 3.037 0.0 HD2 118 
   141 4.006 0.0 HA 15 
   752 4.368 0.0 HA 70 
   675 1.923 0.0 HB 63 
   958 8.529 0.0 H 88 
   1268 0.415 0.0 HG3 114 
   58 8.552 0.0 H 7 
   1141 120.322 0.0 N 103 
   460 3.082 0.0 HB3 44 
   834 41.951 0.0 CB 76 
   270 52.95 0.0 CA 26 
   30 4.168 0.0 HA 4 
   648 7.032 0.0 HE1 59 
   584 57.145 0.0 CA 54 
   1269 175.904 0.0 C 114 
   957 119.907 0.0 N 87 
   529 1.945 0.0 HB3 49 
   959 3.563 0.0 HA2 88 
   98 22.425 0.0 CG2 10 
   973 21.775 0.0 CG2 89 
   1218 2.263 0.0 HB3 111 
   1192 128.36 0.0 N 108 
   1247 1.796 0.0 HB2 113 
   1199 1.376 0.0 HG2 109 
   299 1.341 0.0 HB1 30 
   1189 54.005 0.0 CA 108 
   1262 -0.968 0.0 HB3 114 
   77 1.637 0.0 HD3 9 
   201 8.213 0.0 H 20 
   507 10.335 0.0 CD1 47 
   125 4.805 0.0 HA 13 
   806 44.31 0.0 CB 74 
   1171 126.101 0.0 N 106 
   21 9.38 0.0 H 3 
   925 3.003 0.0 HE2 84 
   1044 9.352 0.0 H 95 
   272 7.106 0.0 H 27 
   411 54.857 0.0 CA 40 
   976 4.777 0.0 HA 90 
   127 2.715 0.0 HB3 13 
   1090 1.732 0.0 HB2 98 
   1058 8.865 0.0 H 96 
   1129 49.61 0.0 CD 102 
   75 1.914 0.0 HB3 9 
   676 0.998 0.0 HG11 63 
   378 178.2 0.0 C 37 
   283 31.061 0.0 CB 28 
   1148 2.037 0.0 HG2 104 
   481 7.764 0.0 H 46 
   96 62.155 0.0 CA 10 
   1105 175.4 0.0 C 99 
   339 4.736 0.0 HA 34 
   683 65.63 0.0 CA 63 
   239 3.047 0.0 HD2 23 
   43 128.077 0.0 N 4 
   261 1.324 0.0 HB3 25 
   941 172.805 0.0 C 86 
   979 0.545 0.0 HG12 90 
   804 176.95 0.0 C 74 
   1235 7.192 0.0 HE1 112 
   606 3.195 0.0 HD2 56 
   741 3.998 0.0 HA 69 
   334 60.318 0.0 CA 33 
   1425 21.54 0.0 CG1 127 
   901 4.747 0.0 HA 82 
   1022 0.535 0.0 HD13 93 
   658 4.325 0.0 HA 61 
   1020 0.535 0.0 HD11 93 
   655 129.0 0.0 CE1 59 
   344 63.245 0.0 CB 34 
   984 173.64 0.0 C 90 
   964 8.86 0.0 H 89 
   482 3.695 0.0 HA 46 
   139 126.164 0.0 N 14 
   1055 43.47 0.0 CD 95 
   1346 42.25 0.0 CB 120 
   1377 4.264 0.0 HA 123 
   936 3.74 0.0 HA3 85 
   1335 127.86 0.0 NE1 119 
   1351 115.506 0.0 N 120 
   558 9.009 0.0 H 52 
   113 118.8 0.0 CE1 11 
   203 1.402 0.0 HB1 20 
   474 4.235 0.0 HA 45 
   245 33.978 0.0 CB 23 
   963 107.686 0.0 N 88 
   823 1.401 0.0 HB2 76 
   729 118.219 0.0 N 67 
   444 27.542 0.0 CB 42 
   1282 21.244 0.0 CB 115 
   733 2.234 0.0 HB3 68 
   734 1.901 0.0 HG2 68 
   333 177.29 0.0 C 33 
   1324 7.531 0.0 HZ2 119 
   380 18.245 0.0 CB 37 
   79 2.903 0.0 HE3 9 
   1060 2.068 0.0 HB2 96 
   442 175.119 0.0 C 42 
   992 1.996 0.0 HB2 91 
   920 4.584 0.0 HA 84 
   1176 6.803 0.0 HD2 107 
   601 116.352 0.0 N 55 
   1241 131.451 0.0 CD2 112 
   1320 6.8 0.0 HD1 119 
   44 8.155 0.0 H 5 
   499 1.064 0.0 HG12 47 
   1210 4.024 0.0 HB3 110 
   934 127.105 0.0 N 84 
   132 7.486 0.0 H 14 
   1385 35.236 0.0 CG 123 
   305 120.59 0.0 N 30 
   1421 0.266 0.0 HG23 127 
   1321 10.114 0.0 HE1 119 
   1332 115.4 0.0 CZ2 119 
   1304 1.421 0.0 HB2 118 
   36 0.979 0.0 HG22 4 
   611 60.144 0.0 CA 56 
   1180 115.4 0.0 CD2 107 
   1029 60.483 0.0 CA 93 
   633 0.806 0.0 HD23 58 
   88 120.607 0.0 N 9 
   530 2.295 0.0 HG2 49 
   1283 130.852 0.0 N 115 
   753 2.006 0.0 HB2 70 
   833 53.317 0.0 CA 76 
   1279 1.303 0.0 HB2 115 
   264 124.685 0.0 N 25 
   787 60.0 0.0 CA 73 
   919 9.104 0.0 H 84 
   1388 4.231 0.0 HA2 124 
   993 1.996 0.0 HB3 91 
   72 7.934 0.0 H 9 
   495 1.73 0.0 HB 47 
   848 54.625 0.0 CA 77 
   467 39.01 0.0 CB 44 
   1331 124.3 0.0 CH2 119 
   591 2.333 0.0 HB3 55 
   445 29.151 0.0 CD 42 
   986 36.819 0.0 CB 90 
   638 25.392 0.0 CD1 58 
   827 0.564 0.0 HD13 76 
   288 1.619 0.0 HB2 29 
   1225 30.155 0.0 CB 111 
   628 0.92 0.0 HD11 58 
   1211 172.435 0.0 C 110 
   576 27.257 0.0 CG 53 
   837 27.682 0.0 CG 76 
   873 0.654 0.0 HD12 79 
   1312 33.592 0.0 CB 118 
   617 4.653 0.0 HA 57 
   487 6.55 0.0 HE1 46 
   240 3.047 0.0 HD3 23 
   790 130.4 0.0 CD2 73 
   732 2.781 0.0 HB2 68 
   1224 53.985 0.0 CA 111 
   406 3.956 0.0 HA 40 
   705 1.16 0.0 HG2 65 
   565 3.938 0.0 HA 53 
   1245 9.522 0.0 H 113 
   1417 0.549 0.0 HG12 127 
   233 22.556 0.0 CG2 22 
   253 174.356 0.0 C 24 
   1213 66.524 0.0 CB 110 
   829 0.582 0.0 HD22 76 
   875 0.689 0.0 HD21 79 
   967 1.236 0.0 HG21 89 
   554 64.045 0.0 CA 51 
   289 1.619 0.0 HB3 29 
   832 175.7 0.0 C 76 
   567 2.232 0.0 HB3 53 
   318 56.998 0.0 CA 31 
   1368 8.557 0.0 H 122 
   1309 1.253 0.0 HG3 118 
   770 8.706 0.0 H 72 
   1127 62.11 0.0 CA 102 
   624 7.609 0.0 H 58 
   7 57.135 0.0 CA 1 
   6 176.41 0.0 C 1 
   872 0.654 0.0 HD11 79 
   702 1.467 0.0 HB3 65 
   1333 121.55 0.0 CZ3 119 
   694 176.82 0.0 C 64 
   861 0.813 0.0 HG23 78 
   952 175.019 0.0 C 87 
   228 1.138 0.0 HG22 22 
   307 3.978 0.0 HA 31 
   427 40.89 0.0 CB 41 
   788 38.32 0.0 CB 73 
   774 175.305 0.0 C 72 
   144 176.5 0.0 C 15 
   1302 7.628 0.0 H 118 
   1113 109.645 0.0 N 100 
   157 3.281 0.0 HD3 17 
   1376 6.575 0.0 H 123 
   312 1.035 0.0 HD13 31 
   546 103.746 0.0 N 50 
   1365 130.84 0.0 CE1 121 
   768 64.73 0.0 CB 71 
   573 65.11 0.0 CA 53 
   1207 9.762 0.0 H 110 
   1193 8.473 0.0 H 109 
   1287 3.215 0.0 HD2 116 
   870 1.251 0.0 HB2 79 
   1205 28.708 0.0 CG 109 
   78 2.937 0.0 HE2 9 
   704 2.83 0.0 HD3 65 
   1089 4.874 0.0 HA 98 
