   1313 43.27 0.0 CD 118 
   19 118.889 0.0 N 2 
   1388 4.231 0.0 HA2 124 
   741 3.998 0.0 HA 69 
   254 57.298 0.0 CA 24 
   417 1.555 0.0 HB3 41 
   1268 0.415 0.0 HG3 114 
   1204 43.24 0.0 CD 109 
   151 48.106 0.0 CA 16 
   167 1.8 0.0 HB2 18 
   1234 7.09 0.0 HD2 112 
   556 20.937 0.0 CG2 51 
   97 69.47 0.0 CB 10 
   935 4.11 0.0 HA2 85 
   319 39.75 0.0 CB 31 
   732 2.781 0.0 HB2 68 
   1177 173.205 0.0 C 107 
   1428 7.901 0.0 H 128 
   514 0.502 0.0 HG11 48 
   1206 122.752 0.0 N 109 
   965 5.861 0.0 HA 89 
   98 22.425 0.0 CG2 10 
   652 40.445 0.0 CB 59 
   440 1.559 0.0 HG2 42 
   1122 3.604 0.0 HD2 102 
   1113 109.645 0.0 N 100 
   1364 130.74 0.0 CD2 121 
   285 26.46 0.0 CG 28 
   1185 1.564 0.0 HB3 108 
   1367 122.001 0.0 N 121 
   1136 2.0 0.0 HG3 103 
   627 1.619 0.0 HB3 58 
   302 177.4 0.0 C 30 
   193 1.197 0.0 HG 19 
   1226 32.464 0.0 CG 111 
   991 5.776 0.0 HA 91 
   580 1.751 0.0 HB3 54 
   1020 0.535 0.0 HD11 93 
   1275 129.57 0.0 N 114 
   630 0.92 0.0 HD13 58 
   95 175.801 0.0 C 10 
   149 2.895 0.0 HA2 16 
   1373 60.295 0.0 CA 122 
   857 0.751 0.0 HG12 78 
   656 129.0 0.0 CE2 59 
   1349 117.2 0.0 CE1 120 
   1356 6.727 0.0 HD1 121 
   1341 6.888 0.0 HD2 120 
   1004 2.985 0.0 HB3 92 
   1071 130.76 0.0 CE1 96 
   1030 42.274 0.0 CB 93 
   1162 65.457 0.0 CB 105 
   931 29.25 0.0 CD 84 
   861 0.813 0.0 HG23 78 
   1013 132.1 0.0 CD2 92 
   82 176.429 0.0 C 9 
   308 1.591 0.0 HB2 31 
   840 4.666 0.0 HA 77 
   598 31.582 0.0 CB 55 
   859 0.813 0.0 HG21 78 
   831 1.027 0.0 HG 76 
   441 1.111 0.0 HG3 42 
   108 178.9 0.0 C 11 
   519 0.798 0.0 HG23 48 
   684 32.281 0.0 CB 63 
   1127 62.11 0.0 CA 102 
   271 19.685 0.0 CB 26 
   703 2.83 0.0 HD2 65 
   957 119.907 0.0 N 87 
   34 0.979 0.0 HG13 4 
   468 131.0 0.0 CD1 44 
   106 6.55 0.0 HE1 11 
   1014 131.4 0.0 CE1 92 
   912 2.205 0.0 HG2 83 
   996 175.381 0.0 C 91 
   723 4.145 0.0 HA 67 
   266 1.485 0.0 HB1 26 
   462 7.23 0.0 HD2 44 
   1411 19.149 0.0 CB 126 
   1351 115.506 0.0 N 120 
   1333 121.55 0.0 CZ3 119 
   139 126.164 0.0 N 14 
   1221 2.437 0.0 HG2 111 
   354 30.325 0.0 CB 35 
   1421 0.266 0.0 HG23 127 
   1140 37.102 0.0 CG 103 
   754 2.218 0.0 HB3 70 
   894 3.838 0.0 HB2 81 
   807 25.72 0.0 CD1 74 
   240 3.047 0.0 HD3 23 
   126 2.443 0.0 HB2 13 
   981 1.127 0.0 HG21 90 
   548 4.625 0.0 HA 51 
   997 53.955 0.0 CA 91 
   989 121.506 0.0 N 90 
   675 1.923 0.0 HB 63 
   63 59.829 0.0 CA 7 
   842 1.648 0.0 HB3 77 
   216 1.747 0.0 HG2 21 
   223 110.82 0.0 N 21 
   246 43.34 0.0 CD 23 
   1332 115.4 0.0 CZ2 119 
   492 119.529 0.0 N 46 
   594 1.378 0.0 HG2 55 
   1035 9.654 0.0 H 94 
   288 1.619 0.0 HB2 29 
   130 42.509 0.0 CB 13 
   71 111.582 0.0 N 8 
   445 29.151 0.0 CD 42 
   699 8.562 0.0 H 65 
   1400 54.435 0.0 CA 125 
   1301 103.666 0.0 N 117 
   1286 1.977 0.0 HB3 116 
   784 6.582 0.0 HE1 73 
   421 0.717 0.0 HD21 41 
   897 57.259 0.0 CA 81 
   99 112.657 0.0 N 10 
   376 1.502 0.0 HB2 37 
   1229 9.143 0.0 H 112 
   1317 4.567 0.0 HA 119 
   163 50.635 0.0 CD 17 
   1069 131.6 0.0 CD1 96 
   1063 6.815 0.0 HD2 96 
   825 0.564 0.0 HD11 76 
   153 4.172 0.0 HA 17 
   986 36.819 0.0 CB 90 
   299 1.341 0.0 HB1 30 
   660 3.215 0.0 HB3 61 
   1083 54.951 0.0 CA 97 
   1067 55.736 0.0 CA 96 
   648 7.032 0.0 HE1 59 
   1202 55.671 0.0 CA 109 
   461 7.23 0.0 HD1 44 
   787 60.0 0.0 CA 73 
   1081 1.566 0.0 HG3 97 
   696 39.218 0.0 CB 64 
   491 38.35 0.0 CB 46 
   447 25.37 0.0 CG 42 
   342 175.96 0.0 C 34 
   253 174.356 0.0 C 24 
   884 28.23 0.0 CG 79 
   315 1.147 0.0 HD23 31 
   1091 1.925 0.0 HB3 98 
   521 67.625 0.0 CA 48 
   673 7.917 0.0 H 63 
   238 1.707 0.0 HB3 23 
   899 113.782 0.0 N 81 
   1306 3.037 0.0 HD2 118 
   629 0.92 0.0 HD12 58 
   1102 9.005 0.0 H 99 
   855 1.94 0.0 HB 78 
   264 124.685 0.0 N 25 
   1110 3.905 0.0 HA3 100 
   622 39.937 0.0 CB 57 
   425 176.25 0.0 C 41 
   782 7.023 0.0 HD1 73 
   1059 5.374 0.0 HA 96 
   70 45.052 0.0 CA 8 
   889 171.34 0.0 C 80 
   1218 2.263 0.0 HB3 111 
   91 4.483 0.0 HB 10 
   125 4.805 0.0 HA 13 
   712 122.45 0.0 N 65 
   1366 130.84 0.0 CE2 121 
   463 7.192 0.0 HE1 44 
   1266 2.265 0.0 HE3 114 
   872 0.654 0.0 HD11 79 
   347 4.006 0.0 HA 35 
   1303 4.552 0.0 HA 118 
   942 58.208 0.0 CA 86 
   593 3.145 0.0 HD3 55 
   792 130.3 0.0 CE2 73 
   219 56.614 0.0 CA 21 
   890 45.632 0.0 CA 80 
   24 2.948 0.0 HB3 3 
   135 2.938 0.0 HB3 14 
   83 54.561 0.0 CA 9 
   483 2.559 0.0 HB2 46 
   1022 0.535 0.0 HD13 93 
   1277 4.579 0.0 HA 115 
   154 1.368 0.0 HB2 17 
   203 1.402 0.0 HB1 20 
   386 1.672 0.0 HB3 38 
   974 115.849 0.0 N 89 
   426 54.401 0.0 CA 41 
   615 121.407 0.0 N 56 
   1203 31.948 0.0 CB 109 
   145 64.155 0.0 CA 15 
   923 1.726 0.0 HD2 84 
   796 1.361 0.0 HB2 74 
   515 0.502 0.0 HG12 48 
   564 127.871 0.0 N 52 
   232 69.026 0.0 CB 22 
   631 0.806 0.0 HD21 58 
   1241 131.451 0.0 CD2 112 
   644 3.02 0.0 HB2 59 
   568 2.804 0.0 HD2 53 
   586 36.72 0.0 CG 54 
   176 181.207 0.0 C 18 
   743 2.139 0.0 HB3 69 
   1160 173.605 0.0 C 105 
   982 1.127 0.0 HG22 90 
   88 120.607 0.0 N 9 
   669 179.5 0.0 C 62 
   263 19.649 0.0 CB 25 
   1125 1.9 0.0 HG3 102 
   798 0.739 0.0 HD11 74 
   845 1.447 0.0 HG2 77 
   788 38.32 0.0 CB 73 
   1392 109.592 0.0 N 124 
   621 55.375 0.0 CA 57 
   436 1.74 0.0 HD2 42 
   1394 4.687 0.0 HA 125 
   239 3.047 0.0 HD2 23 
   1360 174.025 0.0 C 121 
   1263 0.874 0.0 HD2 114 
   706 1.16 0.0 HG3 65 
   1390 172.204 0.0 C 124 
   738 32.56 0.0 CB 68 
   364 6.75 0.0 HE2 36 
   165 6.545 0.0 H 18 
   869 4.345 0.0 HA 79 
   1296 8.576 0.0 H 117 
   57 107.14 0.0 N 6 
   100 8.849 0.0 H 11 
   1174 2.829 0.0 HB2 107 
   33 0.979 0.0 HG12 4 
   1320 6.8 0.0 HD1 119 
   608 1.705 0.0 HG2 56 
   444 27.542 0.0 CB 42 
   551 1.179 0.0 HG22 51 
   1062 6.815 0.0 HD1 96 
   1121 2.271 0.0 HB3 102 
   164 28.471 0.0 CG 17 
   1186 2.103 0.0 HG2 108 
   1315 121.34 0.0 N 118 
   245 33.978 0.0 CB 23 
   552 1.179 0.0 HG23 51 
   1166 3.271 0.0 HB2 106 
   1222 2.355 0.0 HG3 111 
   450 4.875 0.0 HA 43 
   1352 9.316 0.0 H 121 
   47 2.92 0.0 HB3 5 
   74 1.533 0.0 HB2 9 
   196 40.21 0.0 CB 19 
   349 1.91 0.0 HB3 35 
   1365 130.84 0.0 CE1 121 
   1382 173.108 0.0 C 123 
   382 8.298 0.0 H 38 
   241 1.415 0.0 HG2 23 
   1213 66.524 0.0 CB 110 
   753 2.006 0.0 HB2 70 
   1232 3.418 0.0 HB3 112 
   777 122.633 0.0 N 72 
   1129 49.61 0.0 CD 102 
   773 2.475 0.0 HB3 72 
   206 177.003 0.0 C 20 
   948 3.345 0.0 HD2 87 
   653 131.3 0.0 CD1 59 
   971 61.14 0.0 CA 89 
   366 62.75 0.0 CA 36 
   765 3.17 0.0 HB3 71 
   618 2.735 0.0 HB2 57 
   87 25.43 0.0 CG 9 
   541 0.509 0.0 HG23 50 
   978 0.545 0.0 HG11 90 
   4 2.222 0.0 HG2 1 
   1353 4.192 0.0 HA 121 
   755 2.53 0.0 HG2 70 
   513 2.008 0.0 HB 48 
   735 1.68 0.0 HG3 68 
   632 0.806 0.0 HD22 58 
   377 1.502 0.0 HB3 37 
   1325 6.69 0.0 HZ3 119 
   23 2.6 0.0 HB2 3 
   687 121.325 0.0 N 63 
   662 177.2 0.0 C 61 
   1126 176.9 0.0 C 102 
   415 4.275 0.0 HA 41 
   116 8.466 0.0 H 12 
   829 0.582 0.0 HD22 76 
   1323 6.967 0.0 HH2 119 
   199 28.47 0.0 CG 19 
   244 54.444 0.0 CA 23 
   273 109.233 0.0 N 27 
   307 3.978 0.0 HA 31 
