   302 177.4 0.0 C 30 
   672 119.139 0.0 N 62 
   798 0.739 0.0 HD11 74 
   69 174.204 0.0 C 8 
   168 1.8 0.0 HB3 18 
   388 55.485 0.0 CA 38 
   31 2.078 0.0 HB 4 
   401 35.75 0.0 CB 39 
   211 3.989 0.0 HA 21 
   924 1.726 0.0 HD3 84 
   862 176.104 0.0 C 78 
   457 8.229 0.0 H 44 
   1233 7.09 0.0 HD1 112 
   413 121.155 0.0 N 40 
   592 3.145 0.0 HD2 55 
   124 7.445 0.0 H 13 
   94 1.269 0.0 HG23 10 
   498 0.204 0.0 HD13 47 
   699 8.562 0.0 H 65 
   1066 171.75 0.0 C 96 
   697 119.384 0.0 N 64 
   1254 54.651 0.0 CA 113 
   636 54.812 0.0 CA 58 
   872 0.654 0.0 HD11 79 
   856 0.751 0.0 HG11 78 
   375 1.502 0.0 HB1 37 
   76 1.637 0.0 HD2 9 
   737 59.89 0.0 CA 68 
   201 8.213 0.0 H 20 
   1244 119.879 0.0 N 112 
   408 1.098 0.0 HB2 40 
   18 38.025 0.0 CB 2 
   1052 176.85 0.0 C 95 
   1094 1.576 0.0 HG2 98 
   908 8.427 0.0 H 83 
   198 22.18 0.0 CD2 19 
   1295 27.648 0.0 CG 116 
   458 3.905 0.0 HA 44 
   1070 131.6 0.0 CD2 96 
   1153 34.296 0.0 CG 104 
   469 131.0 0.0 CD2 44 
   972 72.876 0.0 CB 89 
   261 1.324 0.0 HB3 25 
   352 177.72 0.0 C 35 
   746 179.081 0.0 C 69 
   506 34.745 0.0 CB 47 
   324 8.704 0.0 H 32 
   308 1.591 0.0 HB2 31 
   1018 5.199 0.0 HA 93 
   1300 45.22 0.0 CA 117 
   482 3.695 0.0 HA 46 
   427 40.89 0.0 CB 41 
   1372 172.256 0.0 C 122 
   125 4.805 0.0 HA 13 
   35 0.979 0.0 HG21 4 
   1103 3.975 0.0 HA2 99 
   80 1.399 0.0 HG2 9 
   107 6.55 0.0 HE2 11 
   600 26.888 0.0 CG 55 
   1091 1.925 0.0 HB3 98 
   1011 43.37 0.0 CB 92 
   218 176.109 0.0 C 21 
   1350 117.2 0.0 CE2 120 
   894 3.838 0.0 HB2 81 
   892 8.338 0.0 H 81 
   1275 129.57 0.0 N 114 
   499 1.064 0.0 HG12 47 
   59 3.932 0.0 HA 7 
   287 3.38 0.0 HA 29 
   772 2.638 0.0 HB2 72 
   1216 5.243 0.0 HA 111 
   1044 9.352 0.0 H 95 
   617 4.653 0.0 HA 57 
   376 1.502 0.0 HB2 37 
   782 7.023 0.0 HD1 73 
   993 1.996 0.0 HB3 91 
   1337 4.943 0.0 HA 120 
   1222 2.355 0.0 HG3 111 
   1221 2.437 0.0 HG2 111 
   1058 8.865 0.0 H 96 
   122 40.455 0.0 CB 12 
   927 1.366 0.0 HG2 84 
   4 2.222 0.0 HG2 1 
   1162 65.457 0.0 CB 105 
   54 4.38 0.0 HA3 6 
   1370 3.554 0.0 HB2 122 
   745 2.478 0.0 HG3 69 
   973 21.775 0.0 CG2 89 
   105 7.598 0.0 HD2 11 
   930 33.692 0.0 CB 84 
   1149 1.867 0.0 HG3 104 
   179 25.729 0.0 CD1 18 
   915 56.075 0.0 CA 83 
   743 2.139 0.0 HB3 69 
   192 0.146 0.0 HD23 19 
   1182 8.243 0.0 H 108 
   890 45.632 0.0 CA 80 
   1022 0.535 0.0 HD13 93 
   204 1.402 0.0 HB2 20 
   675 1.923 0.0 HB 63 
   544 69.63 0.0 CB 50 
   58 8.552 0.0 H 7 
   210 7.678 0.0 H 21 
   1158 3.656 0.0 HB2 105 
   428 25.612 0.0 CD1 41 
   380 18.245 0.0 CB 37 
   121 56.0 0.0 CA 12 
   1218 2.263 0.0 HB3 111 
   106 6.55 0.0 HE1 11 
   205 1.402 0.0 HB3 20 
   1322 7.275 0.0 HE3 119 
   815 1.996 0.0 HG3 75 
   346 8.345 0.0 H 35 
   1225 30.155 0.0 CB 111 
   392 3.693 0.0 HA 39 
   531 2.295 0.0 HG3 49 
   1258 124.163 0.0 N 113 
   1259 8.608 0.0 H 114 
   1316 8.981 0.0 H 119 
   992 1.996 0.0 HB2 91 
   1359 7.175 0.0 HE2 121 
   154 1.368 0.0 HB2 17 
   796 1.361 0.0 HB2 74 
   626 1.705 0.0 HB2 58 
   760 36.478 0.0 CG 70 
   1072 130.76 0.0 CE2 96 
   339 4.736 0.0 HA 34 
   317 179.245 0.0 C 31 
   889 171.34 0.0 C 80 
   38 175.39 0.0 C 4 
   379 55.295 0.0 CA 37 
   1046 1.85 0.0 HB2 95 
   1175 3.482 0.0 HB3 107 
   633 0.806 0.0 HD23 58 
   1152 33.32 0.0 CB 104 
   1429 4.298 0.0 HA 128 
   161 64.78 0.0 CA 17 
   613 43.64 0.0 CD 56 
   473 8.306 0.0 H 45 
   295 36.955 0.0 CG 29 
   1256 43.47 0.0 CD 113 
   219 56.614 0.0 CA 21 
   65 118.937 0.0 N 7 
   1092 3.211 0.0 HD2 98 
   221 43.564 0.0 CD 21 
   801 0.741 0.0 HD21 74 
   1172 8.819 0.0 H 107 
   362 6.665 0.0 HD2 36 
   424 1.664 0.0 HG 41 
   1039 1.937 0.0 HB3 94 
   75 1.914 0.0 HB3 9 
   1320 6.8 0.0 HD1 119 
   1138 57.735 0.0 CA 103 
   216 1.747 0.0 HG2 21 
   940 4.069 0.0 HB3 86 
   273 109.233 0.0 N 27 
   281 176.9 0.0 C 28 
   1265 2.17 0.0 HE2 114 
   1000 129.755 0.0 N 91 
   1093 3.211 0.0 HD3 98 
   357 8.099 0.0 H 36 
   905 57.524 0.0 CA 82 
   653 131.3 0.0 CD1 59 
   462 7.23 0.0 HD2 44 
   974 115.849 0.0 N 89 
   806 44.31 0.0 CB 74 
   169 0.885 0.0 HD11 18 
   665 8.376 0.0 H 62 
   490 62.32 0.0 CA 46 
   1366 130.84 0.0 CE2 121 
   429 22.34 0.0 CD2 41 
   1287 3.215 0.0 HD2 116 
   270 52.95 0.0 CA 26 
   1037 1.937 0.0 HB1 94 
   797 1.549 0.0 HB3 74 
   289 1.619 0.0 HB3 29 
   284 50.19 0.0 CD 28 
   770 8.706 0.0 H 72 
   896 172.936 0.0 C 81 
   710 43.29 0.0 CD 65 
   1380 1.878 0.0 HG2 123 
   1272 29.151 0.0 CD 114 
   495 1.73 0.0 HB 47 
   312 1.035 0.0 HD13 31 
   1416 0.549 0.0 HG11 127 
   371 117.801 0.0 CE2 36 
   711 27.67 0.0 CG 65 
   1069 131.6 0.0 CD1 96 
   214 3.225 0.0 HD2 21 
   39 63.31 0.0 CA 4 
   721 120.92 0.0 N 66 
   1234 7.09 0.0 HD2 112 
   1328 31.82 0.0 CB 119 
   1262 -0.968 0.0 HB3 114 
   594 1.378 0.0 HG2 55 
   27 28.658 0.0 CB 3 
   1253 173.52 0.0 C 113 
   264 124.685 0.0 N 25 
   548 4.625 0.0 HA 51 
   740 8.744 0.0 H 69 
   1325 6.69 0.0 HZ3 119 
   396 6.665 0.0 HD2 39 
   1286 1.977 0.0 HB3 116 
   182 116.726 0.0 N 18 
   282 64.51 0.0 CA 28 
   612 30.658 0.0 CB 56 
   1418 0.549 0.0 HG13 127 
   175 1.697 0.0 HG 18 
   861 0.813 0.0 HG23 78 
   717 1.416 0.0 HB3 66 
   641 118.45 0.0 N 58 
   278 2.142 0.0 HD3 28 
   564 127.871 0.0 N 52 
   1422 174.707 0.0 C 127 
   1165 4.998 0.0 HA 106 
   1242 130.35 0.0 CE1 112 
   88 120.607 0.0 N 9 
   303 54.5 0.0 CA 30 
   783 7.023 0.0 HD2 73 
   853 8.94 0.0 H 78 
   1131 8.534 0.0 H 103 
   883 22.906 0.0 CD2 79 
   1298 4.046 0.0 HA3 117 
   685 22.675 0.0 CG1 63 
   757 176.9 0.0 C 70 
   259 1.324 0.0 HB1 25 
   145 64.155 0.0 CA 15 
   1403 119.909 0.0 N 125 
   423 0.717 0.0 HD23 41 
   1210 4.024 0.0 HB3 110 
   814 1.996 0.0 HG2 75 
   97 69.47 0.0 CB 10 
   584 57.145 0.0 CA 54 
   1340 6.888 0.0 HD1 120 
   540 0.509 0.0 HG22 50 
   758 56.417 0.0 CA 70 
   1241 131.451 0.0 CD2 112 
   316 1.485 0.0 HG 31 
   1109 3.905 0.0 HA2 100 
   236 4.518 0.0 HA 23 
   1020 0.535 0.0 HD11 93 
   434 2.401 0.0 HB2 42 
   821 8.538 0.0 H 76 
   824 -0.729 0.0 HB3 76 
   637 41.906 0.0 CB 58 
   1126 176.9 0.0 C 102 
   1219 6.732 0.0 HE21 111 
   1430 2.607 0.0 HB2 128 
   1343 6.86 0.0 HE2 120 
   589 4.668 0.0 HA 55 
   606 3.195 0.0 HD2 56 
   1379 2.039 0.0 HB3 123 
   942 58.208 0.0 CA 86 
   1250 2.982 0.0 HD3 113 
   1336 9.145 0.0 H 120 
   160 177.301 0.0 C 17 
   43 128.077 0.0 N 4 
   1237 175.205 0.0 C 112 
   119 2.469 0.0 HB3 12 
   1364 130.74 0.0 CD2 121 
   1112 45.456 0.0 CA 100 
   1120 1.866 0.0 HB2 102 
   135 2.938 0.0 HB3 14 
   1342 6.86 0.0 HE1 120 
   729 118.219 0.0 N 67 
   190 0.146 0.0 HD21 19 
   1349 117.2 0.0 CE1 120 
   615 121.407 0.0 N 56 
   1154 123.299 0.0 N 104 
   603 3.95 0.0 HA 56 
   1191 36.823 0.0 CG 108 
   496 0.204 0.0 HD11 47 
   404 119.108 0.0 N 39 
   1167 3.578 0.0 HB3 106 
   50 30.7 0.0 CB 5 
   5 2.222 0.0 HG3 1 
   296 116.67 0.0 N 29 
   568 2.804 0.0 HD2 53 
   888 4.158 0.0 HA3 80 
   2 1.908 0.0 HB2 1 
   1188 173.31 0.0 C 108 
   1255 35.782 0.0 CB 113 
   305 120.59 0.0 N 30 
   597 54.441 0.0 CA 55 
   1415 0.75 0.0 HB 127 
   876 0.689 0.0 HD22 79 
   373 8.907 0.0 H 37 
   1395 1.946 0.0 HB2 125 
   191 0.146 0.0 HD22 19 
   614 28.048 0.0 CG 56 
   716 1.416 0.0 HB2 66 
   48 175.9 0.0 C 5 
   748 30.017 0.0 CB 69 
   602 7.466 0.0 H 56 
   1208 5.308 0.0 HA 110 
   864 32.119 0.0 CB 78 
   628 0.92 0.0 HD11 58 
   400 62.201 0.0 CA 39 
   452 2.821 0.0 HB3 43 
   681 0.909 0.0 HG23 63 
   197 25.042 0.0 CD1 19 
   1411 19.149 0.0 CB 126 
   74 1.533 0.0 HB2 9 
   402 117.405 0.0 CE1 39 
   520 179.004 0.0 C 48 
   543 61.38 0.0 CA 50 
   922 1.823 0.0 HB3 84 
   939 4.197 0.0 HB2 86 
   1347 133.1 0.0 CD1 120 
   1130 27.111 0.0 CG 102 
   1318 2.77 0.0 HB2 119 
   599 42.47 0.0 CD 55 
   1008 7.082 0.0 HE2 92 
   206 177.003 0.0 C 20 
   12 2.675 0.0 HB2 2 
   749 36.968 0.0 CG 69 
   47 2.92 0.0 HB3 5 
   851 27.258 0.0 CG 77 
   91 4.483 0.0 HB 10 
   601 116.352 0.0 N 55 
   24 2.948 0.0 HB3 3 
   1207 9.762 0.0 H 110 
   359 2.601 0.0 HB2 36 
   881 42.361 0.0 CB 79 
   761 114.677 0.0 N 70 
   639 22.596 0.0 CD2 58 
   668 2.627 0.0 HB3 62 
   644 3.02 0.0 HB2 59 
   20 110.708 0.0 ND2 2 
   1155 112.996 0.0 NE2 104 
   1200 1.376 0.0 HG3 109 
   860 0.813 0.0 HG22 78 
   1027 0.78 0.0 HG23 93 
   689 4.798 0.0 HA 64 
   1388 4.231 0.0 HA2 124 
   813 2.258 0.0 HB3 75 
   715 1.416 0.0 HB1 66 
   530 2.295 0.0 HG2 49 
   1196 1.743 0.0 HB3 109 
   1213 66.524 0.0 CB 110 
   464 7.192 0.0 HE2 44 
   1367 122.001 0.0 N 121 
   1330 119.204 0.0 CE3 119 
   1041 49.829 0.0 CA 94 
   146 30.602 0.0 CB 15 
   1045 5.608 0.0 HA 95 
   445 29.151 0.0 CD 42 
   921 1.823 0.0 HB2 84 
   532 58.85 0.0 CA 49 
   909 4.892 0.0 HA 83 
   1023 0.459 0.0 HG12 93 
   852 127.184 0.0 N 77 
   349 1.91 0.0 HB3 35 
   573 65.11 0.0 CA 53 
   266 1.485 0.0 HB1 26 
   439 3.169 0.0 HE3 42 
   518 0.798 0.0 HG22 48 
   960 5.047 0.0 HA3 88 
   529 1.945 0.0 HB3 49 
   897 57.259 0.0 CA 81 
   983 1.127 0.0 HG23 90 
   867 126.212 0.0 N 78 
   1407 1.334 0.0 HB2 126 
   334 60.318 0.0 CA 33 
   763 5.268 0.0 HA 71 
   663 59.65 0.0 CA 61 
   901 4.747 0.0 HA 82 
   137 60.369 0.0 CA 14 
   999 36.712 0.0 CG 91 
   787 60.0 0.0 CA 73 
   604 1.897 0.0 HB2 56 
   738 32.56 0.0 CB 68 
   95 175.801 0.0 C 10 
   900 8.975 0.0 H 82 
   399 178.1 0.0 C 39 
   1432 55.945 0.0 CA 128 
   1425 21.54 0.0 CG1 127 
   484 2.899 0.0 HB3 46 
   542 173.401 0.0 C 50 
   1203 31.948 0.0 CB 109 
   648 7.032 0.0 HE1 59 
   1214 125.774 0.0 N 110 
   232 69.026 0.0 CB 22 
   533 30.291 0.0 CB 49 
   319 39.75 0.0 CB 31 
   16 175.445 0.0 C 2 
   1040 176.203 0.0 C 94 
   1111 175.32 0.0 C 100 
   430 27.053 0.0 CG 41 
   967 1.236 0.0 HG21 89 
   144 176.5 0.0 C 15 
   470 130.2 0.0 CE1 44 
   152 110.257 0.0 N 16 
   485 6.77 0.0 HD1 46 
   1013 132.1 0.0 CD2 92 
   953 54.544 0.0 CA 87 
   846 1.498 0.0 HG3 77 
   828 0.582 0.0 HD21 76 
   1036 5.859 0.0 HA 94 
   833 53.317 0.0 CA 76 
   87 25.43 0.0 CG 9 
   562 51.935 0.0 CA 52 
   756 2.383 0.0 HG3 70 
   139 126.164 0.0 N 14 
   61 3.696 0.0 HB3 7 
   225 4.195 0.0 HA 22 
   60 3.922 0.0 HB2 7 
   984 173.64 0.0 C 90 
   931 29.25 0.0 CD 84 
   1414 3.882 0.0 HA 127 
   1420 0.266 0.0 HG22 127 
   1266 2.265 0.0 HE3 114 
   955 43.15 0.0 CD 87 
   226 4.224 0.0 HB 22 
   790 130.4 0.0 CD2 73 
   775 52.5 0.0 CA 72 
   557 121.694 0.0 N 51 
   1314 26.928 0.0 CG 118 
   249 8.642 0.0 H 24 
   477 178.0 0.0 C 45 
   98 22.425 0.0 CG2 10 
   1078 3.228 0.0 HD2 97 
   524 21.395 0.0 CG2 48 
   300 1.341 0.0 HB2 30 
   575 50.1 0.0 CD 53 
   703 2.83 0.0 HD2 65 
   1087 117.405 0.0 N 97 
   947 2.189 0.0 HB3 87 
   1277 4.579 0.0 HA 115 
   843 3.09 0.0 HD2 77 
   415 4.275 0.0 HA 41 
   773 2.475 0.0 HB3 72 
   1021 0.535 0.0 HD12 93 
   1101 128.385 0.0 N 98 
   923 1.726 0.0 HD2 84 
   1012 132.1 0.0 CD1 92 
   511 7.322 0.0 H 48 
   800 0.739 0.0 HD13 74 
   869 4.345 0.0 HA 79 
   725 3.645 0.0 HB3 67 
   521 67.625 0.0 CA 48 
   1185 1.564 0.0 HB3 108 
   1025 0.78 0.0 HG21 93 
   21 9.38 0.0 H 3 
   212 2.193 0.0 HB2 21 
   1278 1.303 0.0 HB1 115 
   874 0.654 0.0 HD13 79 
   378 178.2 0.0 C 37 
   1128 32.451 0.0 CB 102 
   528 1.945 0.0 HB2 49 
   941 172.805 0.0 C 86 
   1062 6.815 0.0 HD1 96 
   525 122.147 0.0 N 48 
   829 0.582 0.0 HD22 76 
   880 56.012 0.0 CA 79 
   834 41.951 0.0 CB 76 
   1373 60.295 0.0 CA 122 
   64 62.352 0.0 CB 7 
   1410 52.02 0.0 CA 126 
   522 32.041 0.0 CB 48 
   130 42.509 0.0 CB 13 
   1313 43.27 0.0 CD 118 
   679 0.909 0.0 HG21 63 
   980 0.545 0.0 HG13 90 
   77 1.637 0.0 HD3 9 
   1331 124.3 0.0 CH2 119 
   199 28.47 0.0 CG 19 
   744 2.258 0.0 HG2 69 
   1071 130.76 0.0 CE1 96 
   995 2.178 0.0 HG3 91 
   666 4.346 0.0 HA 62 
   769 115.477 0.0 N 71 
   34 0.979 0.0 HG13 4 
   500 0.837 0.0 HG13 47 
   661 7.15 0.0 HD2 61 
   776 42.88 0.0 CB 72 
   1292 56.584 0.0 CA 116 
   1107 117.554 0.0 N 99 
   945 5.606 0.0 HA 87 
   13 2.932 0.0 HB3 2 
   759 31.29 0.0 CB 70 
   465 177.805 0.0 C 44 
   157 3.281 0.0 HD3 17 
   1176 6.803 0.0 HD2 107 
   1047 1.75 0.0 HB3 95 
   81 1.315 0.0 HG3 9 
   581 2.144 0.0 HG2 54 
   976 4.777 0.0 HA 90 
   242 1.415 0.0 HG3 23 
   1105 175.4 0.0 C 99 
   816 172.804 0.0 C 75 
   1339 2.875 0.0 HB3 120 
   252 3.83 0.0 HB3 24 
   481 7.764 0.0 H 46 
   1179 31.258 0.0 CB 107 
   117 4.179 0.0 HA 12 
   451 2.209 0.0 HB2 43 
   391 7.838 0.0 H 39 
   849 32.628 0.0 CB 77 
   765 3.17 0.0 HB3 71 
   45 4.584 0.0 HA 5 
   910 1.923 0.0 HB2 83 
   133 4.403 0.0 HA 14 
   246 43.34 0.0 CD 23 
   1195 1.509 0.0 HB2 109 
   1168 172.62 0.0 C 106 
   630 0.92 0.0 HD13 58 
   789 130.4 0.0 CD1 73 
   127 2.715 0.0 HB3 13 
   793 124.281 0.0 N 73 
   1400 54.435 0.0 CA 125 
   1053 54.651 0.0 CA 95 
   1097 55.288 0.0 CA 98 
   577 8.334 0.0 H 54 
   835 25.728 0.0 CD1 76 
   1031 14.095 0.0 CD1 93 
   318 56.998 0.0 CA 31 
   1332 115.4 0.0 CZ2 119 
   33 0.979 0.0 HG12 4 
   1211 172.435 0.0 C 110 
   1323 6.967 0.0 HH2 119 
   1209 4.164 0.0 HB2 110 
   189 0.589 0.0 HD13 19 
   1007 7.082 0.0 HE1 92 
   620 176.8 0.0 C 57 
   622 39.937 0.0 CB 57 
   1042 22.085 0.0 CB 94 
   1005 7.035 0.0 HD1 92 
   394 2.1 0.0 HB3 39 
   692 6.936 0.0 HD21 64 
   1391 45.365 0.0 CA 124 
   36 0.979 0.0 HG22 4 
   100 8.849 0.0 H 11 
   598 31.582 0.0 CB 55 
   819 36.619 0.0 CG 75 
   766 172.0 0.0 C 71 
   680 0.909 0.0 HG22 63 
   165 6.545 0.0 H 18 
   185 1.445 0.0 HB2 19 
   586 36.72 0.0 CG 54 
   704 2.83 0.0 HD3 65 
   1035 9.654 0.0 H 94 
   574 32.371 0.0 CB 53 
   1230 5.485 0.0 HA 112 
   1267 -0.462 0.0 HG2 114 
   1249 3.346 0.0 HD2 113 
   807 25.72 0.0 CD1 74 
   505 61.81 0.0 CA 47 
   356 125.552 0.0 N 35 
   262 52.785 0.0 CA 25 
   421 0.717 0.0 HD21 41 
   720 17.675 0.0 CB 66 
   1317 4.567 0.0 HA 119 
   912 2.205 0.0 HG2 83 
   920 4.584 0.0 HA 84 
   841 1.734 0.0 HB2 77 
   918 121.107 0.0 N 83 
   702 1.467 0.0 HB3 65 
   128 175.205 0.0 C 13 
   684 32.281 0.0 CB 63 
   1326 175.5 0.0 C 119 
   762 7.151 0.0 H 71 
   385 1.672 0.0 HB2 38 
   938 4.317 0.0 HA 86 
   879 177.507 0.0 C 79 
   1121 2.271 0.0 HB3 102 
   336 43.145 0.0 CD 33 
   1285 1.856 0.0 HB2 116 
   55 176.304 0.0 C 6 
   767 58.754 0.0 CA 71 
   136 175.105 0.0 C 14 
   1383 55.575 0.0 CA 123 
   768 64.73 0.0 CB 71 
   929 55.741 0.0 CA 84 
   147 124.741 0.0 N 15 
   131 117.361 0.0 N 13 
   92 1.269 0.0 HG21 10 
   1034 118.019 0.0 N 93 
   1056 27.88 0.0 CG 95 
   791 130.3 0.0 CE1 73 
   96 62.155 0.0 CA 10 
   687 121.325 0.0 N 63 
   1378 1.863 0.0 HB2 123 
   735 1.68 0.0 HG3 68 
   71 111.582 0.0 N 8 
   1252 1.343 0.0 HG3 113 
   350 2.92 0.0 HD2 35 
   301 1.341 0.0 HB3 30 
   1404 8.632 0.0 H 126 
   123 116.209 0.0 N 12 
   1409 177.6 0.0 C 126 
   1236 7.192 0.0 HE2 112 
   1197 3.139 0.0 HD2 109 
   343 60.984 0.0 CA 34 
   629 0.92 0.0 HD12 58 
   713 7.586 0.0 H 66 
   990 9.047 0.0 H 91 
   660 3.215 0.0 HB3 61 
   416 1.555 0.0 HB2 41 
   1100 27.715 0.0 CG 98 
   382 8.298 0.0 H 38 
   1399 174.408 0.0 C 125 
   1189 54.005 0.0 CA 108 
   1302 7.628 0.0 H 118 
   778 8.75 0.0 H 73 
   884 28.23 0.0 CG 79 
   1311 53.951 0.0 CA 118 
   928 1.428 0.0 HG3 84 
   14 6.792 0.0 HD21 2 
   1393 8.229 0.0 H 125 
   332 1.176 0.0 HG3 33 
   444 27.542 0.0 CB 42 
   414 8.557 0.0 H 41 
   991 5.776 0.0 HA 91 
   523 23.105 0.0 CG1 48 
   724 3.253 0.0 HB2 67 
   25 178.12 0.0 C 3 
   340 3.692 0.0 HB2 34 
   142 2.595 0.0 HB2 15 
   1068 41.738 0.0 CB 96 
   1194 4.95 0.0 HA 109 
   126 2.443 0.0 HB2 13 
   690 2.951 0.0 HB2 64 
   1002 5.619 0.0 HA 92 
   387 180.2 0.0 C 38 
   256 116.451 0.0 N 24 
   516 0.502 0.0 HG13 48 
   274 2.61 0.0 HA 28 
   1024 1.216 0.0 HG13 93 
   552 1.179 0.0 HG23 51 
   1288 3.215 0.0 HD3 116 
   363 6.75 0.0 HE1 36 
   417 1.555 0.0 HB3 41 
   754 2.218 0.0 HB3 70 
   691 3.168 0.0 HB3 64 
   186 1.528 0.0 HB3 19 
   292 177.415 0.0 C 29 
   1159 3.656 0.0 HB3 105 
   1193 8.473 0.0 H 109 
   381 121.482 0.0 N 37 
   1143 4.495 0.0 HA 104 
   196 40.21 0.0 CB 19 
   180 24.068 0.0 CD2 18 
   1064 7.28 0.0 HE1 96 
   420 0.761 0.0 HD13 41 
   898 66.3 0.0 CB 81 
   618 2.735 0.0 HB2 57 
   1419 0.266 0.0 HG21 127 
   934 127.105 0.0 N 84 
   1183 4.864 0.0 HA 108 
   866 21.285 0.0 CG2 78 
   40 32.072 0.0 CB 4 
   555 68.659 0.0 CB 51 
   1386 113.946 0.0 N 123 
   811 4.385 0.0 HA 75 
   838 126.577 0.0 N 76 
   1232 3.418 0.0 HB3 112 
   1217 1.766 0.0 HB2 111 
   871 1.609 0.0 HB3 79 
   655 129.0 0.0 CE1 59 
   1381 1.878 0.0 HG3 123 
   1271 32.422 0.0 CB 114 
   85 29.151 0.0 CD 9 
   108 178.9 0.0 C 11 
   580 1.751 0.0 HB3 54 
   688 7.698 0.0 H 64 
   1223 174.94 0.0 C 111 
   1270 53.831 0.0 CA 114 
   268 1.485 0.0 HB3 26 
   1348 133.1 0.0 CD2 120 
   167 1.8 0.0 HB2 18 
   209 120.542 0.0 N 20 
   850 43.64 0.0 CD 77 
   187 0.589 0.0 HD11 19 
   213 2.277 0.0 HB3 21 
   1181 129.694 0.0 N 107 
   658 4.325 0.0 HA 61 
   962 45.449 0.0 CA 88 
   987 22.264 0.0 CG1 90 
   1273 41.456 0.0 CE 114 
   1426 20.19 0.0 CG2 127 
   158 1.735 0.0 HG2 17 
   1224 53.985 0.0 CA 111 
   333 177.29 0.0 C 33 
   471 130.2 0.0 CE2 44 
   593 3.145 0.0 HD3 55 
   1299 173.43 0.0 C 117 
   1049 3.25 0.0 HD3 95 
   272 7.106 0.0 H 27 
   695 56.908 0.0 CA 64 
   446 43.345 0.0 CE 42 
   156 3.281 0.0 HD2 17 
   1371 3.268 0.0 HB3 122 
   1362 40.107 0.0 CB 121 
   1173 5.583 0.0 HA 107 
   93 1.269 0.0 HG22 10 
   1269 175.904 0.0 C 114 
   854 4.11 0.0 HA 78 
   1178 51.578 0.0 CA 107 
   946 2.018 0.0 HB2 87 
   571 1.635 0.0 HG3 53 
   957 119.907 0.0 N 87 
   255 64.524 0.0 CB 24 
   1363 130.74 0.0 CD1 121 
   11 4.752 0.0 HA 2 
   832 175.7 0.0 C 76 
   114 118.8 0.0 CE2 11 
   1003 3.186 0.0 HB2 92 
   111 133.6 0.0 CD1 11 
   247 26.234 0.0 CG 23 
   406 3.956 0.0 HA 40 
   591 2.333 0.0 HB3 55 
   277 3.241 0.0 HD2 28 
   609 1.788 0.0 HG3 56 
   541 0.509 0.0 HG23 50 
   1186 2.103 0.0 HG2 108 
   1413 7.916 0.0 H 127 
