   282 64.51 0.0 CA 28 
   849 32.628 0.0 CB 77 
   442 175.119 0.0 C 42 
   133 4.403 0.0 HA 14 
   1079 3.228 0.0 HD3 97 
   269 176.4 0.0 C 26 
   55 176.304 0.0 C 6 
   720 17.675 0.0 CB 66 
   931 29.25 0.0 CD 84 
   640 26.923 0.0 CG 58 
   501 0.479 0.0 HG21 47 
   913 2.205 0.0 HG3 83 
   393 1.212 0.0 HB2 39 
   40 32.072 0.0 CB 4 
   669 179.5 0.0 C 62 
   10 8.376 0.0 H 2 
   819 36.619 0.0 CG 75 
   305 120.59 0.0 N 30 
   495 1.73 0.0 HB 47 
   1305 1.514 0.0 HB3 118 
   122 40.455 0.0 CB 12 
   615 121.407 0.0 N 56 
   1384 32.175 0.0 CB 123 
   1413 7.916 0.0 H 127 
   69 174.204 0.0 C 8 
   570 1.635 0.0 HG2 53 
   731 3.74 0.0 HA 68 
   702 1.467 0.0 HB3 65 
   1023 0.459 0.0 HG12 93 
   721 120.92 0.0 N 66 
   583 177.408 0.0 C 54 
   157 3.281 0.0 HD3 17 
   1193 8.473 0.0 H 109 
   201 8.213 0.0 H 20 
   537 4.576 0.0 HA 50 
   1368 8.557 0.0 H 122 
   1008 7.082 0.0 HE2 92 
   705 1.16 0.0 HG2 65 
   695 56.908 0.0 CA 64 
   822 4.769 0.0 HA 76 
   414 8.557 0.0 H 41 
   561 2.488 0.0 HB3 52 
   749 36.968 0.0 CG 69 
   350 2.92 0.0 HD2 35 
   34 0.979 0.0 HG13 4 
   507 10.335 0.0 CD1 47 
   730 8.221 0.0 H 68 
   790 130.4 0.0 CD2 73 
   299 1.341 0.0 HB1 30 
   597 54.441 0.0 CA 55 
   231 63.14 0.0 CA 22 
   1035 9.654 0.0 H 94 
   223 110.82 0.0 N 21 
   1144 0.798 0.0 HB2 104 
   654 131.3 0.0 CD2 59 
   1107 117.554 0.0 N 99 
   1396 2.028 0.0 HB3 125 
   1271 32.422 0.0 CB 114 
   1252 1.343 0.0 HG3 113 
   1213 66.524 0.0 CB 110 
   1036 5.859 0.0 HA 94 
   1203 31.948 0.0 CB 109 
   1131 8.534 0.0 H 103 
   689 4.798 0.0 HA 64 
   852 127.184 0.0 N 77 
   810 7.719 0.0 H 75 
   877 0.689 0.0 HD23 79 
   950 1.847 0.0 HG2 87 
   1277 4.579 0.0 HA 115 
   95 175.801 0.0 C 10 
   1171 126.101 0.0 N 106 
   460 3.082 0.0 HB3 44 
   192 0.146 0.0 HD23 19 
   895 3.878 0.0 HB3 81 
   148 8.026 0.0 H 16 
   627 1.619 0.0 HB3 58 
   677 0.998 0.0 HG12 63 
   1118 108.265 0.0 N 101 
   109 61.54 0.0 CA 11 
   9 36.326 0.0 CG 1 
   520 179.004 0.0 C 48 
   995 2.178 0.0 HG3 91 
   1395 1.946 0.0 HB2 125 
   1011 43.37 0.0 CB 92 
   1026 0.78 0.0 HG22 93 
   1202 55.671 0.0 CA 109 
   1313 43.27 0.0 CD 118 
   423 0.717 0.0 HD23 41 
   121 56.0 0.0 CA 12 
   189 0.589 0.0 HD13 19 
   797 1.549 0.0 HB3 74 
   767 58.754 0.0 CA 71 
   1230 5.485 0.0 HA 112 
   113 118.8 0.0 CE1 11 
   700 3.481 0.0 HA 65 
   88 120.607 0.0 N 9 
   212 2.193 0.0 HB2 21 
   380 18.245 0.0 CB 37 
   301 1.341 0.0 HB3 30 
   945 5.606 0.0 HA 87 
   960 5.047 0.0 HA3 88 
   930 33.692 0.0 CB 84 
   144 176.5 0.0 C 15 
   917 36.115 0.0 CG 83 
   246 43.34 0.0 CD 23 
   549 4.218 0.0 HB 51 
   1223 174.94 0.0 C 111 
   911 1.923 0.0 HB3 83 
   550 1.179 0.0 HG21 51 
   497 0.204 0.0 HD12 47 
   871 1.609 0.0 HB3 79 
   1376 6.575 0.0 H 123 
   339 4.736 0.0 HA 34 
   496 0.204 0.0 HD11 47 
   465 177.805 0.0 C 44 
   351 2.92 0.0 HD3 35 
   761 114.677 0.0 N 70 
   1027 0.78 0.0 HG23 93 
   1153 34.296 0.0 CG 104 
   779 4.308 0.0 HA 73 
   1067 55.736 0.0 CA 96 
   366 62.75 0.0 CA 36 
   1039 1.937 0.0 HB3 94 
   387 180.2 0.0 C 38 
   487 6.55 0.0 HE1 46 
   1338 2.695 0.0 HB2 120 
   447 25.37 0.0 CG 42 
   463 7.192 0.0 HE1 44 
   639 22.596 0.0 CD2 58 
   1316 8.981 0.0 H 119 
   416 1.555 0.0 HB2 41 
   847 175.2 0.0 C 77 
   716 1.416 0.0 HB2 66 
   1234 7.09 0.0 HD2 112 
   1255 35.782 0.0 CB 113 
   482 3.695 0.0 HA 46 
   979 0.545 0.0 HG12 90 
   1207 9.762 0.0 H 110 
   163 50.635 0.0 CD 17 
   420 0.761 0.0 HD13 41 
   500 0.837 0.0 HG13 47 
   663 59.65 0.0 CA 61 
   376 1.502 0.0 HB2 37 
   1050 1.66 0.0 HG2 95 
   936 3.74 0.0 HA3 85 
   14 6.792 0.0 HD21 2 
   806 44.31 0.0 CB 74 
   1240 131.451 0.0 CD1 112 
   636 54.812 0.0 CA 58 
   635 177.0 0.0 C 58 
   1092 3.211 0.0 HD2 98 
   431 115.848 0.0 N 41 
   1432 55.945 0.0 CA 128 
   1074 8.665 0.0 H 97 
   697 119.384 0.0 N 64 
   199 28.47 0.0 CG 19 
   1399 174.408 0.0 C 125 
   1434 129.886 0.0 N 128 
   1274 24.66 0.0 CG 114 
   905 57.524 0.0 CA 82 
   818 33.51 0.0 CB 75 
   997 53.955 0.0 CA 91 
   888 4.158 0.0 HA3 80 
   1016 124.784 0.0 N 92 
   28 124.395 0.0 N 3 
   341 4.198 0.0 HB3 34 
   1314 26.928 0.0 CG 118 
   851 27.258 0.0 CG 77 
   295 36.955 0.0 CG 29 
   272 7.106 0.0 H 27 
   289 1.619 0.0 HB3 29 
   902 3.83 0.0 HB2 82 
   726 178.407 0.0 C 67 
   1053 54.651 0.0 CA 95 
   1412 127.644 0.0 N 126 
   876 0.689 0.0 HD22 79 
   261 1.324 0.0 HB3 25 
   1180 115.4 0.0 CD2 107 
   692 6.936 0.0 HD21 64 
   614 28.048 0.0 CG 56 
   1287 3.215 0.0 HD2 116 
   1015 131.4 0.0 CE2 92 
   1347 133.1 0.0 CD1 120 
   411 54.857 0.0 CA 40 
   754 2.218 0.0 HB3 70 
   814 1.996 0.0 HG2 75 
   1284 3.841 0.0 HA 116 
   923 1.726 0.0 HD2 84 
   556 20.937 0.0 CG2 51 
   699 8.562 0.0 H 65 
   63 59.829 0.0 CA 7 
   1306 3.037 0.0 HD2 118 
   765 3.17 0.0 HB3 71 
   728 28.554 0.0 CB 67 
   421 0.717 0.0 HD21 41 
   578 4.158 0.0 HA 54 
   3 2.003 0.0 HB3 1 
   667 2.758 0.0 HB2 62 
   221 43.564 0.0 CD 21 
   785 6.582 0.0 HE2 73 
   333 177.29 0.0 C 33 
   146 30.602 0.0 CB 15 
   559 3.741 0.0 HA 52 
   210 7.678 0.0 H 21 
   970 173.801 0.0 C 89 
   1386 113.946 0.0 N 123 
   764 2.725 0.0 HB2 71 
   824 -0.729 0.0 HB3 76 
   103 3.085 0.0 HB3 11 
   966 3.95 0.0 HB 89 
   1250 2.982 0.0 HD3 113 
   265 4.443 0.0 HA 26 
   1282 21.244 0.0 CB 115 
   709 29.462 0.0 CB 65 
   125 4.805 0.0 HA 13 
   612 30.658 0.0 CB 56 
   978 0.545 0.0 HG11 90 
   1322 7.275 0.0 HE3 119 
   471 130.2 0.0 CE2 44 
   969 1.236 0.0 HG23 89 
   402 117.405 0.0 CE1 39 
   1127 62.11 0.0 CA 102 
   18 38.025 0.0 CB 2 
   33 0.979 0.0 HG12 4 
   1149 1.867 0.0 HG3 104 
   1350 117.2 0.0 CE2 120 
   1427 122.174 0.0 N 127 
   370 117.801 0.0 CE1 36 
   1367 122.001 0.0 N 121 
   1406 1.334 0.0 HB1 126 
   456 123.108 0.0 N 43 
   195 57.701 0.0 CA 19 
   512 3.049 0.0 HA 48 
   204 1.402 0.0 HB2 20 
   1215 9.274 0.0 H 111 
   811 4.385 0.0 HA 75 
   159 1.735 0.0 HG3 17 
   390 119.703 0.0 N 38 
   1281 51.415 0.0 CA 115 
   618 2.735 0.0 HB2 57 
   952 175.019 0.0 C 87 
   645 2.925 0.0 HB3 59 
   1055 43.47 0.0 CD 95 
   1143 4.495 0.0 HA 104 
   1357 6.727 0.0 HD2 121 
   307 3.978 0.0 HA 31 
   934 127.105 0.0 N 84 
   87 25.43 0.0 CG 9 
   532 58.85 0.0 CA 49 
   919 9.104 0.0 H 84 
   586 36.72 0.0 CG 54 
   1136 2.0 0.0 HG3 103 
   906 66.204 0.0 CB 82 
   1028 175.6 0.0 C 93 
   701 0.906 0.0 HB2 65 
   1077 1.572 0.0 HB3 97 
   240 3.047 0.0 HD3 23 
   1392 109.592 0.0 N 124 
   1133 1.744 0.0 HB2 103 
   928 1.428 0.0 HG3 84 
   1233 7.09 0.0 HD1 112 
   1331 124.3 0.0 CH2 119 
   187 0.589 0.0 HD11 19 
   175 1.697 0.0 HG 18 
   1381 1.878 0.0 HG3 123 
   335 29.362 0.0 CB 33 
   1065 7.28 0.0 HE2 96 
   661 7.15 0.0 HD2 61 
   1141 120.322 0.0 N 103 
   555 68.659 0.0 CB 51 
   160 177.301 0.0 C 17 
   52 7.704 0.0 H 6 
   1148 2.037 0.0 HG2 104 
   162 32.12 0.0 CB 17 
   976 4.777 0.0 HA 90 
   479 39.895 0.0 CB 45 
   362 6.665 0.0 HD2 36 
   239 3.047 0.0 HD2 23 
   766 172.0 0.0 C 71 
   1318 2.77 0.0 HB2 119 
   72 7.934 0.0 H 9 
   1105 175.4 0.0 C 99 
   26 63.959 0.0 CA 3 
   446 43.345 0.0 CE 42 
   386 1.672 0.0 HB3 38 
   842 1.648 0.0 HB3 77 
   828 0.582 0.0 HD21 76 
   1206 122.752 0.0 N 109 
   825 0.564 0.0 HD11 76 
   576 27.257 0.0 CG 53 
   649 7.032 0.0 HE2 59 
   680 0.909 0.0 HG22 63 
   872 0.654 0.0 HD11 79 
   989 121.506 0.0 N 90 
   15 7.423 0.0 HD22 2 
   153 4.172 0.0 HA 17 
   57 107.14 0.0 N 6 
   1128 32.451 0.0 CB 102 
   1421 0.266 0.0 HG23 127 
   114 118.8 0.0 CE2 11 
   1297 3.345 0.0 HA2 117 
   170 0.885 0.0 HD12 18 
   344 63.245 0.0 CB 34 
   237 1.524 0.0 HB2 23 
   772 2.638 0.0 HB2 72 
   981 1.127 0.0 HG21 90 
   1370 3.554 0.0 HB2 122 
   1072 130.76 0.0 CE2 96 
   844 3.09 0.0 HD3 77 
   35 0.979 0.0 HG21 4 
   768 64.73 0.0 CB 71 
   260 1.324 0.0 HB2 25 
   671 40.155 0.0 CB 62 
   473 8.306 0.0 H 45 
   998 31.557 0.0 CB 91 
   959 3.563 0.0 HA2 88 
   884 28.23 0.0 CG 79 
   1091 1.925 0.0 HB3 98 
   1411 19.149 0.0 CB 126 
   174 0.718 0.0 HD23 18 
   1341 6.888 0.0 HD2 120 
   408 1.098 0.0 HB2 40 
   850 43.64 0.0 CD 77 
   703 2.83 0.0 HD2 65 
   1045 5.608 0.0 HA 95 
   629 0.92 0.0 HD12 58 
   899 113.782 0.0 N 81 
   165 6.545 0.0 H 18 
   108 178.9 0.0 C 11 
   94 1.269 0.0 HG23 10 
   1179 31.258 0.0 CB 107 
   342 175.96 0.0 C 34 
   1197 3.139 0.0 HD2 109 
   1264 0.784 0.0 HD3 114 
   1355 2.737 0.0 HB3 121 
   1273 41.456 0.0 CE 114 
   142 2.595 0.0 HB2 15 
   372 120.099 0.0 N 36 
   354 30.325 0.0 CB 35 
   736 178.3 0.0 C 68 
   717 1.416 0.0 HB3 66 
   958 8.529 0.0 H 88 
   247 26.234 0.0 CG 23 
   1167 3.578 0.0 HB3 106 
   1122 3.604 0.0 HD2 102 
   1054 33.572 0.0 CB 95 
   1116 4.288 0.0 HA3 101 
   1190 34.517 0.0 CB 108 
   167 1.8 0.0 HB2 18 
   475 2.716 0.0 HB2 45 
   310 1.035 0.0 HD11 31 
   1259 8.608 0.0 H 114 
   258 4.116 0.0 HA 25 
   294 28.57 0.0 CB 29 
   259 1.324 0.0 HB1 25 
   910 1.923 0.0 HB2 83 
   110 39.46 0.0 CB 11 
   227 1.138 0.0 HG21 22 
   1263 0.874 0.0 HD2 114 
   912 2.205 0.0 HG2 83 
   60 3.922 0.0 HB2 7 
   19 118.889 0.0 N 2 
   547 7.748 0.0 H 51 
   1078 3.228 0.0 HD2 97 
   926 3.003 0.0 HE3 84 
   1343 6.86 0.0 HE2 120 
   484 2.899 0.0 HB3 46 
   211 3.989 0.0 HA 21 
   560 2.623 0.0 HB2 52 
   16 175.445 0.0 C 2 
   1161 57.248 0.0 CA 105 
   275 1.096 0.0 HB2 28 
   527 3.957 0.0 HA 49 
   548 4.625 0.0 HA 51 
   685 22.675 0.0 CG1 63 
   8 29.815 0.0 CB 1 
   613 43.64 0.0 CD 56 
   458 3.905 0.0 HA 44 
   1272 29.151 0.0 CD 114 
   545 19.875 0.0 CG2 50 
   1205 28.708 0.0 CG 109 
   781 3.11 0.0 HB3 73 
   116 8.466 0.0 H 12 
   882 25.182 0.0 CD1 79 
   205 1.402 0.0 HB3 20 
   572 178.7 0.0 C 53 
   975 9.02 0.0 H 90 
   156 3.281 0.0 HD2 17 
   587 114.777 0.0 N 54 
   644 3.02 0.0 HB2 59 
   356 125.552 0.0 N 35 
   314 1.147 0.0 HD22 31 
   982 1.127 0.0 HG22 90 
   1327 57.495 0.0 CA 119 
   942 58.208 0.0 CA 86 
   516 0.502 0.0 HG13 48 
   1414 3.882 0.0 HA 127 
   807 25.72 0.0 CD1 74 
   793 124.281 0.0 N 73 
   426 54.401 0.0 CA 41 
   186 1.528 0.0 HB3 19 
   1201 176.252 0.0 C 109 
   965 5.861 0.0 HA 89 
   252 3.83 0.0 HB3 24 
   875 0.689 0.0 HD21 79 
   37 0.979 0.0 HG23 4 
   909 4.892 0.0 HA 83 
   1339 2.875 0.0 HB3 120 
   1290 1.586 0.0 HG3 116 
   1371 3.268 0.0 HB3 122 
   751 7.986 0.0 H 70 
   158 1.735 0.0 HG2 17 
   1266 2.265 0.0 HE3 114 
   719 55.495 0.0 CA 66 
   68 4.247 0.0 HA3 8 
   1248 1.708 0.0 HB3 113 
   1082 174.825 0.0 C 97 
   77 1.637 0.0 HD3 9 
   254 57.298 0.0 CA 24 
   788 38.32 0.0 CB 73 
   389 18.195 0.0 CB 38 
   715 1.416 0.0 HB1 66 
   281 176.9 0.0 C 28 
   963 107.686 0.0 N 88 
   139 126.164 0.0 N 14 
   595 1.669 0.0 HG3 55 
   1238 56.51 0.0 CA 112 
   623 116.726 0.0 N 57 
   355 43.64 0.0 CD 35 
   1160 173.605 0.0 C 105 
