   1067 55.736 0.0 CA 96 
   955 43.15 0.0 CD 87 
   385 1.672 0.0 HB2 38 
   1039 1.937 0.0 HB3 94 
   26 63.959 0.0 CA 3 
   905 57.524 0.0 CA 82 
   693 7.734 0.0 HD22 64 
   983 1.127 0.0 HG23 90 
   21 9.38 0.0 H 3 
   1043 131.277 0.0 N 94 
   1327 57.495 0.0 CA 119 
   1286 1.977 0.0 HB3 116 
   287 3.38 0.0 HA 29 
   704 2.83 0.0 HD3 65 
   320 23.15 0.0 CD1 31 
   1389 4.955 0.0 HA3 124 
   282 64.51 0.0 CA 28 
   310 1.035 0.0 HD11 31 
   929 55.741 0.0 CA 84 
   532 58.85 0.0 CA 49 
   1402 35.961 0.0 CG 125 
   1134 1.823 0.0 HB3 103 
   790 130.4 0.0 CD2 73 
   727 60.29 0.0 CA 67 
   1049 3.25 0.0 HD3 95 
   530 2.295 0.0 HG2 49 
   1023 0.459 0.0 HG12 93 
   551 1.179 0.0 HG22 51 
   1378 1.863 0.0 HB2 123 
   700 3.481 0.0 HA 65 
   115 124.022 0.0 N 11 
   1404 8.632 0.0 H 126 
   314 1.147 0.0 HD22 31 
   110 39.46 0.0 CB 11 
   1215 9.274 0.0 H 111 
   1128 32.451 0.0 CB 102 
   787 60.0 0.0 CA 73 
   894 3.838 0.0 HB2 81 
   760 36.478 0.0 CG 70 
   1005 7.035 0.0 HD1 92 
   1243 130.35 0.0 CE2 112 
   636 54.812 0.0 CA 58 
   1431 2.483 0.0 HB3 128 
   216 1.747 0.0 HG2 21 
   1191 36.823 0.0 CG 108 
   1328 31.82 0.0 CB 119 
   364 6.75 0.0 HE2 36 
   209 120.542 0.0 N 20 
   1072 130.76 0.0 CE2 96 
   814 1.996 0.0 HG2 75 
   960 5.047 0.0 HA3 88 
   596 173.52 0.0 C 55 
   431 115.848 0.0 N 41 
   1189 54.005 0.0 CA 108 
   195 57.701 0.0 CA 19 
   249 8.642 0.0 H 24 
   163 50.635 0.0 CD 17 
   821 8.538 0.0 H 76 
   958 8.529 0.0 H 88 
   826 0.564 0.0 HD12 76 
   1376 6.575 0.0 H 123 
   514 0.502 0.0 HG11 48 
   1111 175.32 0.0 C 100 
   32 0.979 0.0 HG11 4 
   23 2.6 0.0 HB2 3 
   248 118.381 0.0 N 23 
   1298 4.046 0.0 HA3 117 
   219 56.614 0.0 CA 21 
   259 1.324 0.0 HB1 25 
   972 72.876 0.0 CB 89 
   121 56.0 0.0 CA 12 
   278 2.142 0.0 HD3 28 
   103 3.085 0.0 HB3 11 
   372 120.099 0.0 N 36 
   627 1.619 0.0 HB3 58 
   832 175.7 0.0 C 76 
   312 1.035 0.0 HD13 31 
   1003 3.186 0.0 HB2 92 
   995 2.178 0.0 HG3 91 
   266 1.485 0.0 HB1 26 
   118 2.63 0.0 HB2 12 
   19 118.889 0.0 N 2 
   345 111.582 0.0 N 34 
   503 0.479 0.0 HG23 47 
   1390 172.204 0.0 C 124 
   943 63.215 0.0 CB 86 
   54 4.38 0.0 HA3 6 
   114 118.8 0.0 CE2 11 
   412 17.695 0.0 CB 40 
   966 3.95 0.0 HB 89 
   1292 56.584 0.0 CA 116 
   1401 33.107 0.0 CB 125 
   1164 9.575 0.0 H 106 
   1273 41.456 0.0 CE 114 
   1355 2.737 0.0 HB3 121 
   1074 8.665 0.0 H 97 
   1281 51.415 0.0 CA 115 
   453 174.95 0.0 C 43 
   55 176.304 0.0 C 6 
   585 29.521 0.0 CB 54 
   620 176.8 0.0 C 57 
   174 0.718 0.0 HD23 18 
   638 25.392 0.0 CD1 58 
   479 39.895 0.0 CB 45 
   1187 2.103 0.0 HG3 108 
   982 1.127 0.0 HG22 90 
   84 35.172 0.0 CB 9 
   9 36.326 0.0 CG 1 
   68 4.247 0.0 HA3 8 
   457 8.229 0.0 H 44 
   1220 7.652 0.0 HE22 111 
   865 21.781 0.0 CG1 78 
   1137 175.818 0.0 C 103 
   142 2.595 0.0 HB2 15 
   807 25.72 0.0 CD1 74 
   1006 7.035 0.0 HD2 92 
   1247 1.796 0.0 HB2 113 
   1179 31.258 0.0 CB 107 
   793 124.281 0.0 N 73 
   876 0.689 0.0 HD22 79 
   212 2.193 0.0 HB2 21 
   672 119.139 0.0 N 62 
   1163 113.911 0.0 N 105 
   1088 9.754 0.0 H 98 
   951 1.78 0.0 HG3 87 
   205 1.402 0.0 HB3 20 
   794 9.086 0.0 H 74 
   1306 3.037 0.0 HD2 118 
   1102 9.005 0.0 H 99 
   435 2.401 0.0 HB3 42 
   166 4.458 0.0 HA 18 
   465 177.805 0.0 C 44 
   190 0.146 0.0 HD21 19 
   273 109.233 0.0 N 27 
   281 176.9 0.0 C 28 
   1025 0.78 0.0 HG21 93 
   577 8.334 0.0 H 54 
   158 1.735 0.0 HG2 17 
   810 7.719 0.0 H 75 
   172 0.718 0.0 HD21 18 
   956 27.468 0.0 CG 87 
   909 4.892 0.0 HA 83 
   421 0.717 0.0 HD21 41 
   939 4.197 0.0 HB2 86 
   954 33.678 0.0 CB 87 
   722 7.759 0.0 H 67 
   559 3.741 0.0 HA 52 
   625 4.331 0.0 HA 58 
   505 61.81 0.0 CA 47 
   1182 8.243 0.0 H 108 
   1237 175.205 0.0 C 112 
   856 0.751 0.0 HG11 78 
   749 36.968 0.0 CG 69 
   602 7.466 0.0 H 56 
   1253 173.52 0.0 C 113 
   752 4.368 0.0 HA 70 
   1420 0.266 0.0 HG22 127 
   811 4.385 0.0 HA 75 
   952 175.019 0.0 C 87 
   193 1.197 0.0 HG 19 
   79 2.903 0.0 HE3 9 
   1203 31.948 0.0 CB 109 
   35 0.979 0.0 HG21 4 
   610 177.209 0.0 C 56 
   516 0.502 0.0 HG13 48 
   1152 33.32 0.0 CB 104 
   830 0.582 0.0 HD23 76 
   1197 3.139 0.0 HD2 109 
   76 1.637 0.0 HD2 9 
   1089 4.874 0.0 HA 98 
   1009 171.85 0.0 C 92 
   1434 129.886 0.0 N 128 
   170 0.885 0.0 HD12 18 
   1121 2.271 0.0 HB3 102 
   921 1.823 0.0 HB2 84 
   240 3.047 0.0 HD3 23 
   586 36.72 0.0 CG 54 
   388 55.485 0.0 CA 38 
   408 1.098 0.0 HB2 40 
   678 0.998 0.0 HG13 63 
   301 1.341 0.0 HB3 30 
   501 0.479 0.0 HG21 47 
   1386 113.946 0.0 N 123 
   220 27.115 0.0 CB 21 
   932 42.015 0.0 CE 84 
   1024 1.216 0.0 HG13 93 
   25 178.12 0.0 C 3 
   843 3.09 0.0 HD2 77 
   1083 54.951 0.0 CA 97 
   1178 51.578 0.0 CA 107 
   937 47.314 0.0 CA 85 
   228 1.138 0.0 HG22 22 
   1073 120.365 0.0 N 96 
   985 62.035 0.0 CA 90 
   168 1.8 0.0 HB3 18 
   1383 55.575 0.0 CA 123 
   223 110.82 0.0 N 21 
   1063 6.815 0.0 HD2 96 
   725 3.645 0.0 HB3 67 
   280 -0.395 0.0 HG3 28 
   343 60.984 0.0 CA 34 
   1343 6.86 0.0 HE2 120 
   668 2.627 0.0 HB3 62 
   1216 5.243 0.0 HA 111 
   1342 6.86 0.0 HE1 120 
   442 175.119 0.0 C 42 
   523 23.105 0.0 CG1 48 
   650 174.42 0.0 C 59 
   509 17.387 0.0 CG2 47 
   1234 7.09 0.0 HD2 112 
   1362 40.107 0.0 CB 121 
   696 39.218 0.0 CB 64 
   488 6.55 0.0 HE2 46 
   959 3.563 0.0 HA2 88 
   1322 7.275 0.0 HE3 119 
   413 121.155 0.0 N 40 
   840 4.666 0.0 HA 77 
   1363 130.74 0.0 CD1 121 
   1382 173.108 0.0 C 123 
   1101 128.385 0.0 N 98 
   639 22.596 0.0 CD2 58 
   762 7.151 0.0 H 71 
   1194 4.95 0.0 HA 109 
   113 118.8 0.0 CE1 11 
   892 8.338 0.0 H 81 
   769 115.477 0.0 N 71 
   417 1.555 0.0 HB3 41 
   857 0.751 0.0 HG12 78 
   1310 173.805 0.0 C 118 
   1188 173.31 0.0 C 108 
   136 175.105 0.0 C 14 
   1321 10.114 0.0 HE1 119 
   448 116.255 0.0 N 42 
   1239 44.342 0.0 CB 112 
   24 2.948 0.0 HB3 3 
   538 4.595 0.0 HB 50 
   572 178.7 0.0 C 53 
   525 122.147 0.0 N 48 
   1169 55.849 0.0 CA 106 
   467 39.01 0.0 CB 44 
   1287 3.215 0.0 HD2 116 
   1126 176.9 0.0 C 102 
   772 2.638 0.0 HB2 72 
   131 117.361 0.0 N 13 
   751 7.986 0.0 H 70 
   659 3.312 0.0 HB2 61 
   340 3.692 0.0 HB2 34 
   606 3.195 0.0 HD2 56 
   863 63.69 0.0 CA 78 
   1036 5.859 0.0 HA 94 
   1044 9.352 0.0 H 95 
   695 56.908 0.0 CA 64 
   950 1.847 0.0 HG2 87 
   440 1.559 0.0 HG2 42 
   1080 1.566 0.0 HG2 97 
   165 6.545 0.0 H 18 
   643 4.571 0.0 HA 59 
   1331 124.3 0.0 CH2 119 
   632 0.806 0.0 HD22 58 
   105 7.598 0.0 HD2 11 
   804 176.95 0.0 C 74 
   785 6.582 0.0 HE2 73 
   1348 133.1 0.0 CD2 120 
   1427 122.174 0.0 N 127 
   1257 28.88 0.0 CG 113 
   1293 27.96 0.0 CB 116 
   1213 66.524 0.0 CB 110 
   914 174.601 0.0 C 83 
   1104 3.906 0.0 HA3 99 
   298 3.898 0.0 HA 30 
   354 30.325 0.0 CB 35 
   239 3.047 0.0 HD2 23 
   1136 2.0 0.0 HG3 103 
   418 0.761 0.0 HD11 41 
   246 43.34 0.0 CD 23 
   116 8.466 0.0 H 12 
   66 9.283 0.0 H 8 
   1238 56.51 0.0 CA 112 
   173 0.718 0.0 HD22 18 
   474 4.235 0.0 HA 45 
   268 1.485 0.0 HB3 26 
   357 8.099 0.0 H 36 
   599 42.47 0.0 CD 55 
   17 53.005 0.0 CA 2 
   890 45.632 0.0 CA 80 
   741 3.998 0.0 HA 69 
   812 1.784 0.0 HB2 75 
   42 21.175 0.0 CG2 4 
   150 2.895 0.0 HA3 16 
   405 8.09 0.0 H 40 
   329 2.895 0.0 HD2 33 
   842 1.648 0.0 HB3 77 
   183 8.075 0.0 H 19 
   1120 1.866 0.0 HB2 102 
   916 33.087 0.0 CB 83 
   1224 53.985 0.0 CA 111 
   568 2.804 0.0 HD2 53 
   245 33.978 0.0 CB 23 
   401 35.75 0.0 CB 39 
   218 176.109 0.0 C 21 
   188 0.589 0.0 HD12 19 
   1028 175.6 0.0 C 93 
   169 0.885 0.0 HD11 18 
   1316 8.981 0.0 H 119 
   22 4.002 0.0 HA 3 
   44 8.155 0.0 H 5 
   1105 175.4 0.0 C 99 
   542 173.401 0.0 C 50 
   644 3.02 0.0 HB2 59 
   597 54.441 0.0 CA 55 
   1387 8.786 0.0 H 124 
   430 27.053 0.0 CG 41 
   31 2.078 0.0 HB 4 
   543 61.38 0.0 CA 50 
   614 28.048 0.0 CG 56 
   449 8.832 0.0 H 43 
   1373 60.295 0.0 CA 122 
   179 25.729 0.0 CD1 18 
   1403 119.909 0.0 N 125 
   1422 174.707 0.0 C 127 
   1161 57.248 0.0 CA 105 
   433 4.352 0.0 HA 42 
   759 31.29 0.0 CB 70 
   737 59.89 0.0 CA 68 
   157 3.281 0.0 HD3 17 
   180 24.068 0.0 CD2 18 
   1391 45.365 0.0 CA 124 
   992 1.996 0.0 HB2 91 
   953 54.544 0.0 CA 87 
   949 3.345 0.0 HD3 87 
   149 2.895 0.0 HA2 16 
   1058 8.865 0.0 H 96 
   500 0.837 0.0 HG13 47 
   1135 2.126 0.0 HG2 103 
   1349 117.2 0.0 CE1 120 
   1369 4.517 0.0 HA 122 
   495 1.73 0.0 HB 47 
   661 7.15 0.0 HD2 61 
   423 0.717 0.0 HD23 41 
   151 48.106 0.0 CA 16 
   908 8.427 0.0 H 83 
   1209 4.164 0.0 HB2 110 
   612 30.658 0.0 CB 56 
   1269 175.904 0.0 C 114 
   1268 0.415 0.0 HG3 114 
   873 0.654 0.0 HD12 79 
   290 1.995 0.0 HG2 29 
   758 56.417 0.0 CA 70 
   868 9.244 0.0 H 79 
   143 2.495 0.0 HB3 15 
   1384 32.175 0.0 CB 123 
   603 3.95 0.0 HA 56 
   1341 6.888 0.0 HD2 120 
   81 1.315 0.0 HG3 9 
   544 69.63 0.0 CB 50 
   1242 130.35 0.0 CE1 112 
   363 6.75 0.0 HE1 36 
   1172 8.819 0.0 H 107 
   233 22.556 0.0 CG2 22 
   906 66.204 0.0 CB 82 
   1052 176.85 0.0 C 95 
   833 53.317 0.0 CA 76 
   1222 2.355 0.0 HG3 111 
   1 4.155 0.0 HA 1 
   446 43.345 0.0 CE 42 
   436 1.74 0.0 HD2 42 
   578 4.158 0.0 HA 54 
   1167 3.578 0.0 HB3 106 
   582 2.144 0.0 HG3 54 
   968 1.236 0.0 HG22 89 
   1361 58.524 0.0 CA 121 
   642 7.394 0.0 H 59 
   185 1.445 0.0 HB2 19 
   974 115.849 0.0 N 89 
   687 121.325 0.0 N 63 
   893 5.342 0.0 HA 81 
   49 60.214 0.0 CA 5 
   902 3.83 0.0 HB2 82 
   250 4.576 0.0 HA 24 
   1035 9.654 0.0 H 94 
   402 117.405 0.0 CE1 39 
   850 43.64 0.0 CD 77 
   65 118.937 0.0 N 7 
   1296 8.576 0.0 H 117 
   533 30.291 0.0 CB 49 
   640 26.923 0.0 CG 58 
   673 7.917 0.0 H 63 
   489 178.007 0.0 C 46 
   407 1.098 0.0 HB1 40 
   746 179.081 0.0 C 69 
   297 7.812 0.0 H 30 
   590 1.625 0.0 HB2 55 
   12 2.675 0.0 HB2 2 
   547 7.748 0.0 H 51 
   100 8.849 0.0 H 11 
   1064 7.28 0.0 HE1 96 
   492 119.529 0.0 N 46 
   682 178.94 0.0 C 63 
   1326 175.5 0.0 C 119 
   792 130.3 0.0 CE2 73 
   615 121.407 0.0 N 56 
   1002 5.619 0.0 HA 92 
   707 177.82 0.0 C 65 
   378 178.2 0.0 C 37 
   253 174.356 0.0 C 24 
   576 27.257 0.0 CG 53 
   561 2.488 0.0 HB3 52 
   380 18.245 0.0 CB 37 
   80 1.399 0.0 HG2 9 
   45 4.584 0.0 HA 5 
   714 4.151 0.0 HA 66 
   573 65.11 0.0 CA 53 
   456 123.108 0.0 N 43 
   1085 43.79 0.0 CD 97 
   854 4.11 0.0 HA 78 
   549 4.218 0.0 HB 51 
   555 68.659 0.0 CB 51 
   455 40.453 0.0 CB 43 
   1332 115.4 0.0 CZ2 119 
   1223 174.94 0.0 C 111 
   486 6.77 0.0 HD2 46 
   1007 7.082 0.0 HE1 92 
   742 2.066 0.0 HB2 69 
   927 1.366 0.0 HG2 84 
   1046 1.85 0.0 HB2 95 
   562 51.935 0.0 CA 52 
   715 1.416 0.0 HB1 66 
   1056 27.88 0.0 CG 95 
   591 2.333 0.0 HB3 55 
   1416 0.549 0.0 HG11 127 
