   359 2.601 0.0 HB2 36 
   1074 8.665 0.0 H 97 
   1253 173.52 0.0 C 113 
   251 3.745 0.0 HB2 24 
   478 57.459 0.0 CA 45 
   851 27.258 0.0 CG 77 
   320 23.15 0.0 CD1 31 
   995 2.178 0.0 HG3 91 
   908 8.427 0.0 H 83 
   723 4.145 0.0 HA 67 
   1024 1.216 0.0 HG13 93 
   1217 1.766 0.0 HB2 111 
   437 1.611 0.0 HD3 42 
   561 2.488 0.0 HB3 52 
   1083 54.951 0.0 CA 97 
   1120 1.866 0.0 HB2 102 
   349 1.91 0.0 HB3 35 
   1428 7.901 0.0 H 128 
   725 3.645 0.0 HB3 67 
   1057 122.839 0.0 N 95 
   267 1.485 0.0 HB2 26 
   657 119.653 0.0 N 59 
   379 55.295 0.0 CA 37 
   688 7.698 0.0 H 64 
   603 3.95 0.0 HA 56 
   299 1.341 0.0 HB1 30 
   159 1.735 0.0 HG3 17 
   953 54.544 0.0 CA 87 
   858 0.751 0.0 HG13 78 
   781 3.11 0.0 HB3 73 
   1369 4.517 0.0 HA 122 
   7 57.135 0.0 CA 1 
   1397 2.216 0.0 HG2 125 
   1165 4.998 0.0 HA 106 
   26 63.959 0.0 CA 3 
   538 4.595 0.0 HB 50 
   513 2.008 0.0 HB 48 
   1267 -0.462 0.0 HG2 114 
   574 32.371 0.0 CB 53 
   582 2.144 0.0 HG3 54 
   1345 57.29 0.0 CA 120 
   1184 1.268 0.0 HB2 108 
   966 3.95 0.0 HB 89 
   1382 173.108 0.0 C 123 
   227 1.138 0.0 HG21 22 
   272 7.106 0.0 H 27 
   384 1.672 0.0 HB1 38 
   1101 128.385 0.0 N 98 
   1116 4.288 0.0 HA3 101 
   480 117.34 0.0 N 45 
   297 7.812 0.0 H 30 
   884 28.23 0.0 CG 79 
   369 132.01 0.0 CD2 36 
   158 1.735 0.0 HG2 17 
   304 18.495 0.0 CB 30 
   382 8.298 0.0 H 38 
   1218 2.263 0.0 HB3 111 
   910 1.923 0.0 HB2 83 
   1043 131.277 0.0 N 94 
   113 118.8 0.0 CE1 11 
   778 8.75 0.0 H 73 
   1125 1.9 0.0 HG3 102 
   469 131.0 0.0 CD2 44 
   281 176.9 0.0 C 28 
   160 177.301 0.0 C 17 
   29 7.153 0.0 H 4 
   23 2.6 0.0 HB2 3 
   78 2.937 0.0 HE2 9 
   1086 27.428 0.0 CG 97 
   129 53.219 0.0 CA 13 
   1315 121.34 0.0 N 118 
   255 64.524 0.0 CB 24 
   852 127.184 0.0 N 77 
   401 35.75 0.0 CB 39 
   491 38.35 0.0 CB 46 
   1046 1.85 0.0 HB2 95 
   261 1.324 0.0 HB3 25 
   903 3.83 0.0 HB3 82 
   1078 3.228 0.0 HD2 97 
   594 1.378 0.0 HG2 55 
   332 1.176 0.0 HG3 33 
   518 0.798 0.0 HG22 48 
   1409 177.6 0.0 C 126 
   631 0.806 0.0 HD21 58 
   277 3.241 0.0 HD2 28 
   889 171.34 0.0 C 80 
   752 4.368 0.0 HA 70 
   628 0.92 0.0 HD11 58 
   1003 3.186 0.0 HB2 92 
   1213 66.524 0.0 CB 110 
   1226 32.464 0.0 CG 111 
   212 2.193 0.0 HB2 21 
   1159 3.656 0.0 HB3 105 
   1141 120.322 0.0 N 103 
   497 0.204 0.0 HD12 47 
   377 1.502 0.0 HB3 37 
   345 111.582 0.0 N 34 
   819 36.619 0.0 CG 75 
   336 43.145 0.0 CD 33 
   607 3.195 0.0 HD3 56 
   609 1.788 0.0 HG3 56 
   360 3.32 0.0 HB3 36 
   1021 0.535 0.0 HD12 93 
   1037 1.937 0.0 HB1 94 
   924 1.726 0.0 HD3 84 
   141 4.006 0.0 HA 15 
   143 2.495 0.0 HB3 15 
   790 130.4 0.0 CD2 73 
   362 6.665 0.0 HD2 36 
   932 42.015 0.0 CE 84 
   1164 9.575 0.0 H 106 
   553 173.901 0.0 C 51 
   912 2.205 0.0 HG2 83 
   698 113.408 0.0 ND2 64 
   186 1.528 0.0 HB3 19 
   1157 5.357 0.0 HA 105 
   1196 1.743 0.0 HB3 109 
   1052 176.85 0.0 C 95 
   758 56.417 0.0 CA 70 
   706 1.16 0.0 HG3 65 
   1109 3.905 0.0 HA2 100 
   1097 55.288 0.0 CA 98 
   978 0.545 0.0 HG11 90 
   769 115.477 0.0 N 71 
   535 118.382 0.0 N 49 
   656 129.0 0.0 CE2 59 
   107 6.55 0.0 HE2 11 
   1277 4.579 0.0 HA 115 
   1115 4.033 0.0 HA2 101 
   48 175.9 0.0 C 5 
   794 9.086 0.0 H 74 
   354 30.325 0.0 CB 35 
   331 0.87 0.0 HG2 33 
   779 4.308 0.0 HA 73 
   169 0.885 0.0 HD11 18 
   1317 4.567 0.0 HA 119 
   438 3.341 0.0 HE2 42 
   832 175.7 0.0 C 76 
   460 3.082 0.0 HB3 44 
   402 117.405 0.0 CE1 39 
   356 125.552 0.0 N 35 
   1007 7.082 0.0 HE1 92 
   37 0.979 0.0 HG23 4 
   957 119.907 0.0 N 87 
   146 30.602 0.0 CB 15 
   1392 109.592 0.0 N 124 
   868 9.244 0.0 H 79 
   601 116.352 0.0 N 55 
   1152 33.32 0.0 CB 104 
   991 5.776 0.0 HA 91 
   73 4.514 0.0 HA 9 
   1388 4.231 0.0 HA2 124 
   295 36.955 0.0 CG 29 
   117 4.179 0.0 HA 12 
   551 1.179 0.0 HG22 51 
   666 4.346 0.0 HA 62 
   1026 0.78 0.0 HG22 93 
   824 -0.729 0.0 HB3 76 
   1257 28.88 0.0 CG 113 
   560 2.623 0.0 HB2 52 
   1035 9.654 0.0 H 94 
   850 43.64 0.0 CD 77 
   1249 3.346 0.0 HD2 113 
   1342 6.86 0.0 HE1 120 
   1301 103.666 0.0 N 117 
   1384 32.175 0.0 CB 123 
   918 121.107 0.0 N 83 
   79 2.903 0.0 HE3 9 
   676 0.998 0.0 HG11 63 
   242 1.415 0.0 HG3 23 
   548 4.625 0.0 HA 51 
   929 55.741 0.0 CA 84 
   1430 2.607 0.0 HB2 128 
   1351 115.506 0.0 N 120 
   288 1.619 0.0 HB2 29 
   622 39.937 0.0 CB 57 
   846 1.498 0.0 HG3 77 
   919 9.104 0.0 H 84 
   813 2.258 0.0 HB3 75 
   740 8.744 0.0 H 69 
   27 28.658 0.0 CB 3 
   885 130.507 0.0 N 79 
   1256 43.47 0.0 CD 113 
   620 176.8 0.0 C 57 
   1149 1.867 0.0 HG3 104 
   406 3.956 0.0 HA 40 
   393 1.212 0.0 HB2 39 
   965 5.861 0.0 HA 89 
   1344 176.52 0.0 C 120 
   95 175.801 0.0 C 10 
   532 58.85 0.0 CA 49 
   1329 125.3 0.0 CD1 119 
   162 32.12 0.0 CB 17 
   982 1.127 0.0 HG22 90 
   232 69.026 0.0 CB 22 
   658 4.325 0.0 HA 61 
   370 117.801 0.0 CE1 36 
   568 2.804 0.0 HD2 53 
   241 1.415 0.0 HG2 23 
   933 24.71 0.0 CG 84 
   252 3.83 0.0 HB3 24 
   289 1.619 0.0 HB3 29 
   703 2.83 0.0 HD2 65 
   744 2.258 0.0 HG2 69 
   798 0.739 0.0 HD11 74 
   153 4.172 0.0 HA 17 
   203 1.402 0.0 HB1 20 
   845 1.447 0.0 HG2 77 
   495 1.73 0.0 HB 47 
   161 64.78 0.0 CA 17 
   882 25.182 0.0 CD1 79 
   988 22.42 0.0 CG2 90 
   180 24.068 0.0 CD2 18 
   1132 4.002 0.0 HA 103 
   856 0.751 0.0 HG11 78 
   1208 5.308 0.0 HA 110 
   922 1.823 0.0 HB3 84 
   971 61.14 0.0 CA 89 
   588 8.069 0.0 H 55 
   409 1.098 0.0 HB3 40 
   782 7.023 0.0 HD1 73 
   454 51.354 0.0 CA 43 
   683 65.63 0.0 CA 63 
   1240 131.451 0.0 CD1 112 
   343 60.984 0.0 CA 34 
   1282 21.244 0.0 CB 115 
   172 0.718 0.0 HD21 18 
   581 2.144 0.0 HG2 54 
   822 4.769 0.0 HA 76 
   341 4.198 0.0 HB3 34 
   580 1.751 0.0 HB3 54 
   1236 7.192 0.0 HE2 112 
   1059 5.374 0.0 HA 96 
   245 33.978 0.0 CB 23 
   1181 129.694 0.0 N 107 
   294 28.57 0.0 CB 29 
   322 27.664 0.0 CG 31 
   1121 2.271 0.0 HB3 102 
   844 3.09 0.0 HD3 77 
   835 25.728 0.0 CD1 76 
   1191 36.823 0.0 CG 108 
   321 26.56 0.0 CD2 31 
   253 174.356 0.0 C 24 
   353 60.124 0.0 CA 35 
   823 1.401 0.0 HB2 76 
   259 1.324 0.0 HB1 25 
   684 32.281 0.0 CB 63 
   433 4.352 0.0 HA 42 
   1265 2.17 0.0 HE2 114 
   624 7.609 0.0 H 58 
   612 30.658 0.0 CB 56 
   102 2.98 0.0 HB2 11 
   638 25.392 0.0 CD1 58 
   741 3.998 0.0 HA 69 
   1352 9.316 0.0 H 121 
   911 1.923 0.0 HB3 83 
   52 7.704 0.0 H 6 
   738 32.56 0.0 CB 68 
   890 45.632 0.0 CA 80 
   1070 131.6 0.0 CD2 96 
   1058 8.865 0.0 H 96 
   625 4.331 0.0 HA 58 
   1140 37.102 0.0 CG 103 
   1300 45.22 0.0 CA 117 
   972 72.876 0.0 CB 89 
   1171 126.101 0.0 N 106 
   284 50.19 0.0 CD 28 
   179 25.729 0.0 CD1 18 
   25 178.12 0.0 C 3 
   209 120.542 0.0 N 20 
   308 1.591 0.0 HB2 31 
   1051 1.57 0.0 HG3 95 
   93 1.269 0.0 HG22 10 
   652 40.445 0.0 CB 59 
   1005 7.035 0.0 HD1 92 
   1080 1.566 0.0 HG2 97 
   20 110.708 0.0 ND2 2 
   985 62.035 0.0 CA 90 
   1370 3.554 0.0 HB2 122 
   577 8.334 0.0 H 54 
   523 23.105 0.0 CG1 48 
   1328 31.82 0.0 CB 119 
   1416 0.549 0.0 HG11 127 
   533 30.291 0.0 CB 49 
   50 30.7 0.0 CB 5 
   1047 1.75 0.0 HB3 95 
   639 22.596 0.0 CD2 58 
   1325 6.69 0.0 HZ3 119 
   733 2.234 0.0 HB3 68 
   257 8.255 0.0 H 25 
   1284 3.841 0.0 HA 116 
   546 103.746 0.0 N 50 
   511 7.322 0.0 H 48 
   67 3.52 0.0 HA2 8 
   1106 47.294 0.0 CA 99 
   664 31.254 0.0 CB 61 
   1179 31.258 0.0 CB 107 
   1349 117.2 0.0 CE1 120 
   280 -0.395 0.0 HG3 28 
   830 0.582 0.0 HD23 76 
   458 3.905 0.0 HA 44 
   749 36.968 0.0 CG 69 
   366 62.75 0.0 CA 36 
   1 4.155 0.0 HA 1 
   1176 6.803 0.0 HD2 107 
   196 40.21 0.0 CB 19 
   473 8.306 0.0 H 45 
   4 2.222 0.0 HG2 1 
   774 175.305 0.0 C 72 
   1113 109.645 0.0 N 100 
   913 2.205 0.0 HG3 83 
   784 6.582 0.0 HE1 73 
   981 1.127 0.0 HG21 90 
   926 3.003 0.0 HE3 84 
   994 2.323 0.0 HG2 91 
   815 1.996 0.0 HG3 75 
   593 3.145 0.0 HD3 55 
   1221 2.437 0.0 HG2 111 
   537 4.576 0.0 HA 50 
   1279 1.303 0.0 HB2 115 
   745 2.478 0.0 HG3 69 
   608 1.705 0.0 HG2 56 
   453 174.95 0.0 C 43 
   496 0.204 0.0 HD11 47 
   200 122.646 0.0 N 19 
   425 176.25 0.0 C 41 
   743 2.139 0.0 HB3 69 
   938 4.317 0.0 HA 86 
   500 0.837 0.0 HG13 47 
   74 1.533 0.0 HB2 9 
   279 1.333 0.0 HG2 28 
   38 175.39 0.0 C 4 
   64 62.352 0.0 CB 7 
   509 17.387 0.0 CG2 47 
   807 25.72 0.0 CD1 74 
   492 119.529 0.0 N 46 
   1237 175.205 0.0 C 112 
   1320 6.8 0.0 HD1 119 
   611 60.144 0.0 CA 56 
   557 121.694 0.0 N 51 
   1323 6.967 0.0 HH2 119 
   973 21.775 0.0 CG2 89 
   397 6.565 0.0 HE1 39 
   517 0.798 0.0 HG21 48 
   1250 2.982 0.0 HD3 113 
   84 35.172 0.0 CB 9 
   1274 24.66 0.0 CG 114 
   576 27.257 0.0 CG 53 
   584 57.145 0.0 CA 54 
   667 2.758 0.0 HB2 62 
   810 7.719 0.0 H 75 
   943 63.215 0.0 CB 86 
   168 1.8 0.0 HB3 18 
   1148 2.037 0.0 HG2 104 
   877 0.689 0.0 HD23 79 
   457 8.229 0.0 H 44 
   719 55.495 0.0 CA 66 
   461 7.23 0.0 HD1 44 
   392 3.693 0.0 HA 39 
   99 112.657 0.0 N 10 
   767 58.754 0.0 CA 71 
   710 43.29 0.0 CD 65 
   742 2.066 0.0 HB2 69 
   228 1.138 0.0 HG22 22 
   756 2.383 0.0 HG3 70 
   1002 5.619 0.0 HA 92 
   1247 1.796 0.0 HB2 113 
   693 7.734 0.0 HD22 64 
   907 115.128 0.0 N 82 
   617 4.653 0.0 HA 57 
   1145 1.686 0.0 HB3 104 
   1239 44.342 0.0 CB 112 
   1091 1.925 0.0 HB3 98 
   479 39.895 0.0 CB 45 
   90 4.478 0.0 HA 10 
   329 2.895 0.0 HD2 33 
   1039 1.937 0.0 HB3 94 
   1242 130.35 0.0 CE1 112 
   714 4.151 0.0 HA 66 
   941 172.805 0.0 C 86 
   65 118.937 0.0 N 7 
   467 39.01 0.0 CB 44 
   1085 43.79 0.0 CD 97 
   1333 121.55 0.0 CZ3 119 
   96 62.155 0.0 CA 10 
   1337 4.943 0.0 HA 120 
   9 36.326 0.0 CG 1 
   685 22.675 0.0 CG1 63 
   713 7.586 0.0 H 66 
   1134 1.823 0.0 HB3 103 
   979 0.545 0.0 HG12 90 
   250 4.576 0.0 HA 24 
   623 116.726 0.0 N 57 
   739 117.484 0.0 N 68 
   634 1.6 0.0 HG 58 
   578 4.158 0.0 HA 54 
   1112 45.456 0.0 CA 100 
   285 26.46 0.0 CG 28 
   207 52.729 0.0 CA 20 
   398 6.565 0.0 HE2 39 
   1193 8.473 0.0 H 109 
   410 179.8 0.0 C 40 
   1309 1.253 0.0 HG3 118 
   268 1.485 0.0 HB3 26 
   175 1.697 0.0 HG 18 
   220 27.115 0.0 CB 21 
   878 1.524 0.0 HG 79 
   881 42.361 0.0 CB 79 
   514 0.502 0.0 HG11 48 
   1207 9.762 0.0 H 110 
   969 1.236 0.0 HG23 89 
   119 2.469 0.0 HB3 12 
   339 4.736 0.0 HA 34 
   587 114.777 0.0 N 54 
   998 31.557 0.0 CB 91 
   383 3.731 0.0 HA 38 
   157 3.281 0.0 HD3 17 
   572 178.7 0.0 C 53 
   310 1.035 0.0 HD11 31 
   1180 115.4 0.0 CD2 107 
   1156 8.499 0.0 H 105 
   53 3.93 0.0 HA2 6 
   451 2.209 0.0 HB2 43 
   1326 175.5 0.0 C 119 
   1139 30.075 0.0 CB 103 
   709 29.462 0.0 CB 65 
   1122 3.604 0.0 HD2 102 
   1386 113.946 0.0 N 123 
   1327 57.495 0.0 CA 119 
   886 7.635 0.0 H 80 
   1036 5.859 0.0 HA 94 
   133 4.403 0.0 HA 14 
   62 175.803 0.0 C 7 
   1012 132.1 0.0 CD1 92 
   645 2.925 0.0 HB3 59 
   419 0.761 0.0 HD12 41 
   1147 7.641 0.0 HE22 104 
   364 6.75 0.0 HE2 36 
   1426 20.19 0.0 CG2 127 
   293 60.485 0.0 CA 29 
   58 8.552 0.0 H 7 
   282 64.51 0.0 CA 28 
   407 1.098 0.0 HB1 40 
   1372 172.256 0.0 C 122 
   13 2.932 0.0 HB3 2 
   60 3.922 0.0 HB2 7 
   15 7.423 0.0 HD22 2 
   661 7.15 0.0 HD2 61 
   211 3.989 0.0 HA 21 
   174 0.718 0.0 HD23 18 
   1000 129.755 0.0 N 91 
   1234 7.09 0.0 HD2 112 
   1403 119.909 0.0 N 125 
   1238 56.51 0.0 CA 112 
   1398 2.177 0.0 HG3 125 
   1076 1.689 0.0 HB2 97 
   825 0.564 0.0 HD11 76 
   309 1.028 0.0 HB3 31 
   677 0.998 0.0 HG12 63 
   983 1.127 0.0 HG23 90 
   110 39.46 0.0 CB 11 
   726 178.407 0.0 C 67 
   385 1.672 0.0 HB2 38 
   579 1.751 0.0 HB2 54 
   1182 8.243 0.0 H 108 
   1117 44.635 0.0 CA 101 
   134 2.552 0.0 HB2 14 
   427 40.89 0.0 CB 41 
   653 131.3 0.0 CD1 59 
   217 1.747 0.0 HG3 21 
   697 119.384 0.0 N 64 
   276 0.895 0.0 HB3 28 
   5 2.222 0.0 HG3 1 
   31 2.078 0.0 HB 4 
   897 57.259 0.0 CA 81 
   748 30.017 0.0 CB 69 
   441 1.111 0.0 HG3 42 
   1346 42.25 0.0 CB 120 
   650 174.42 0.0 C 59 
   3 2.003 0.0 HB3 1 
   1155 112.996 0.0 NE2 104 
   1131 8.534 0.0 H 103 
   1421 0.266 0.0 HG23 127 
   1004 2.985 0.0 HB3 92 
   352 177.72 0.0 C 35 
   1308 1.253 0.0 HG2 118 
   1124 1.991 0.0 HG2 102 
   69 174.204 0.0 C 8 
   1406 1.334 0.0 HB1 126 
   842 1.648 0.0 HB3 77 
   999 36.712 0.0 CG 91 
   1400 54.435 0.0 CA 125 
   939 4.197 0.0 HB2 86 
   399 178.1 0.0 C 39 
   1011 43.37 0.0 CB 92 
   545 19.875 0.0 CG2 50 
   1094 1.576 0.0 HG2 98 
   127 2.715 0.0 HB3 13 
   436 1.74 0.0 HD2 42 
   489 178.007 0.0 C 46 
   210 7.678 0.0 H 21 
   869 4.345 0.0 HA 79 
   519 0.798 0.0 HG23 48 
   615 121.407 0.0 N 56 
   254 57.298 0.0 CA 24 
   691 3.168 0.0 HB3 64 
   445 29.151 0.0 CD 42 
   1189 54.005 0.0 CA 108 
   1079 3.228 0.0 HD3 97 
   224 8.268 0.0 H 22 
   114 118.8 0.0 CE2 11 
   1040 176.203 0.0 C 94 
   1222 2.355 0.0 HG3 111 
   1330 119.204 0.0 CE3 119 
   763 5.268 0.0 HA 71 
   961 172.34 0.0 C 88 
   298 3.898 0.0 HA 30 
   435 2.401 0.0 HB3 42 
   335 29.362 0.0 CB 33 
   1280 1.303 0.0 HB3 115 
   8 29.815 0.0 CB 1 
   59 3.932 0.0 HA 7 
   130 42.509 0.0 CB 13 
   1099 44.307 0.0 CD 98 
   1048 3.15 0.0 HD2 95 
   1408 1.334 0.0 HB3 126 
   1110 3.905 0.0 HA3 100 
   1087 117.405 0.0 N 97 
   529 1.945 0.0 HB3 49 
   675 1.923 0.0 HB 63 
   681 0.909 0.0 HG23 63 
   173 0.718 0.0 HD22 18 
   1312 33.592 0.0 CB 118 
   672 119.139 0.0 N 62 
   1158 3.656 0.0 HB2 105 
   183 8.075 0.0 H 19 
   1263 0.874 0.0 HD2 114 
   975 9.02 0.0 H 90 
   556 20.937 0.0 CG2 51 
   674 3.769 0.0 HA 63 
   391 7.838 0.0 H 39 
   526 8.501 0.0 H 49 
   120 175.224 0.0 C 12 
   1377 4.264 0.0 HA 123 
   1105 175.4 0.0 C 99 
   54 4.38 0.0 HA3 6 
   49 60.214 0.0 CA 5 
   1150 174.031 0.0 C 104 
   1063 6.815 0.0 HD2 96 
   1064 7.28 0.0 HE1 96 
   1153 34.296 0.0 CG 104 
   564 127.871 0.0 N 52 
   791 130.3 0.0 CE1 73 
   44 8.155 0.0 H 5 
   266 1.485 0.0 HB1 26 
   1288 3.215 0.0 HD3 116 
   1340 6.888 0.0 HD1 120 
   182 116.726 0.0 N 18 
   862 176.104 0.0 C 78 
   955 43.15 0.0 CD 87 
   817 57.14 0.0 CA 75 
   19 118.889 0.0 N 2 
   883 22.906 0.0 CD2 79 
   265 4.443 0.0 HA 26 
   1368 8.557 0.0 H 122 
   1260 4.664 0.0 HA 114 
   818 33.51 0.0 CB 75 
   755 2.53 0.0 HG2 70 
   591 2.333 0.0 HB3 55 
   1412 127.644 0.0 N 126 
   311 1.035 0.0 HD12 31 
   260 1.324 0.0 HB2 25 
   61 3.696 0.0 HB3 7 
   987 22.264 0.0 CG1 90 
   992 1.996 0.0 HB2 91 
   348 1.396 0.0 HB2 35 
   40 32.072 0.0 CB 4 
   1032 28.25 0.0 CG1 93 
   476 2.593 0.0 HB3 45 
   792 130.3 0.0 CE2 73 
   226 4.224 0.0 HB 22 
   586 36.72 0.0 CG 54 
   1045 5.608 0.0 HA 95 
   875 0.689 0.0 HD21 79 
   659 3.312 0.0 HB2 61 
   1198 3.139 0.0 HD3 109 
   707 177.82 0.0 C 65 
   415 4.275 0.0 HA 41 
   1404 8.632 0.0 H 126 
   849 32.628 0.0 CB 77 
   442 175.119 0.0 C 42 
   225 4.195 0.0 HA 22 
   596 173.52 0.0 C 55 
   1322 7.275 0.0 HE3 119 
   328 1.468 0.0 HB3 33 
   248 118.381 0.0 N 23 
   501 0.479 0.0 HG21 47 
   1185 1.564 0.0 HB3 108 
   263 19.649 0.0 CB 25 
   563 43.019 0.0 CB 52 
   171 0.885 0.0 HD13 18 
   1170 33.628 0.0 CB 106 
   296 116.67 0.0 N 29 
   1100 27.715 0.0 CG 98 
   528 1.945 0.0 HB2 49 
   956 27.468 0.0 CG 87 
   434 2.401 0.0 HB2 42 
   176 181.207 0.0 C 18 
   236 4.518 0.0 HA 23 
   1042 22.085 0.0 CB 94 
   647 7.195 0.0 HD2 59 
   780 2.454 0.0 HB2 73 
   522 32.041 0.0 CB 48 
   1162 65.457 0.0 CB 105 
   1271 32.422 0.0 CB 114 
   1077 1.572 0.0 HB3 97 
   417 1.555 0.0 HB3 41 
   17 53.005 0.0 CA 2 
   1138 57.735 0.0 CA 103 
   188 0.589 0.0 HD12 19 
   324 8.704 0.0 H 32 
   771 4.985 0.0 HA 72 
   720 17.675 0.0 CB 66 
   278 2.142 0.0 HD3 28 
   312 1.035 0.0 HD13 31 
   195 57.701 0.0 CA 19 
   165 6.545 0.0 H 18 
   194 179.45 0.0 C 19 
   945 5.606 0.0 HA 87 
   368 132.01 0.0 CD1 36 
   72 7.934 0.0 H 9 
   1241 131.451 0.0 CD2 112 
   164 28.471 0.0 CG 17 
   1362 40.107 0.0 CB 121 
   696 39.218 0.0 CB 64 
   1424 32.581 0.0 CB 127 
   47 2.92 0.0 HB3 5 
   468 131.0 0.0 CD1 44 
   610 177.209 0.0 C 56 
   682 178.94 0.0 C 63 
   1186 2.103 0.0 HG2 108 
   977 2.119 0.0 HB 90 
   389 18.195 0.0 CB 38 
   900 8.975 0.0 H 82 
   206 177.003 0.0 C 20 
   524 21.395 0.0 CG2 48 
   1023 0.459 0.0 HG12 93 
   565 3.938 0.0 HA 53 
   1360 174.025 0.0 C 121 
   325 122.625 0.0 N 32 
   847 175.2 0.0 C 77 
   1187 2.103 0.0 HG3 108 
   167 1.8 0.0 HB2 18 
   1272 29.151 0.0 CD 114 
   166 4.458 0.0 HA 18 
   1395 1.946 0.0 HB2 125 
   860 0.813 0.0 HG22 78 
   428 25.612 0.0 CD1 41 
   302 177.4 0.0 C 30 
   711 27.67 0.0 CG 65 
   1129 49.61 0.0 CD 102 
   573 65.11 0.0 CA 53 
   187 0.589 0.0 HD11 19 
   459 2.887 0.0 HB2 44 
   1298 4.046 0.0 HA3 117 
   1339 2.875 0.0 HB3 120 
   1243 130.35 0.0 CE2 112 
   46 3.103 0.0 HB2 5 
   213 2.277 0.0 HB3 21 
   190 0.146 0.0 HD21 19 
   777 122.633 0.0 N 72 
   805 55.851 0.0 CA 74 
   555 68.659 0.0 CB 51 
   82 176.429 0.0 C 9 
   452 2.821 0.0 HB3 43 
   921 1.823 0.0 HB2 84 
   1167 3.578 0.0 HB3 106 
   94 1.269 0.0 HG23 10 
   142 2.595 0.0 HB2 15 
   655 129.0 0.0 CE1 59 
   1296 8.576 0.0 H 117 
   916 33.087 0.0 CB 83 
   21 9.38 0.0 H 3 
   776 42.88 0.0 CB 72 
   55 176.304 0.0 C 6 
   1229 9.143 0.0 H 112 
   887 4.158 0.0 HA2 80 
   474 4.235 0.0 HA 45 
   1381 1.878 0.0 HG3 123 
   111 133.6 0.0 CD1 11 
   1127 62.11 0.0 CA 102 
   1066 171.75 0.0 C 96 
   430 27.053 0.0 CG 41 
   71 111.582 0.0 N 8 
   1401 33.107 0.0 CB 125 
   543 61.38 0.0 CA 50 
   238 1.707 0.0 HB3 23 
   686 20.93 0.0 CG2 63 
   708 59.999 0.0 CA 65 
   820 119.876 0.0 N 75 
   718 179.2 0.0 C 66 
   701 0.906 0.0 HB2 65 
   477 178.0 0.0 C 45 
   199 28.47 0.0 CG 19 
   1287 3.215 0.0 HD2 116 
   462 7.23 0.0 HD2 44 
   705 1.16 0.0 HG2 65 
   439 3.169 0.0 HE3 42 
   448 116.255 0.0 N 42 
   595 1.669 0.0 HG3 55 
   408 1.098 0.0 HB2 40 
   77 1.637 0.0 HD3 9 
   804 176.95 0.0 C 74 
   405 8.09 0.0 H 40 
   837 27.682 0.0 CG 76 
   604 1.897 0.0 HB2 56 
   530 2.295 0.0 HG2 49 
   1096 177.352 0.0 C 98 
   1293 27.96 0.0 CB 116 
   914 174.601 0.0 C 83 
   18 38.025 0.0 CB 2 
   358 3.84 0.0 HA 36 
   1015 131.4 0.0 CE2 92 
   1286 1.977 0.0 HB3 116 
   935 4.11 0.0 HA2 85 
   811 4.385 0.0 HA 75 
   215 3.225 0.0 HD3 21 
   967 1.236 0.0 HG21 89 
   651 57.15 0.0 CA 59 
   1371 3.268 0.0 HB3 122 
   621 55.375 0.0 CA 57 
   1297 3.345 0.0 HA2 117 
   314 1.147 0.0 HD22 31 
   306 7.782 0.0 H 31 
   643 4.571 0.0 HA 59 
   1423 61.46 0.0 CA 127 
   1304 1.421 0.0 HB2 118 
   1341 6.888 0.0 HD2 120 
   464 7.192 0.0 HE2 44 
   1123 3.604 0.0 HD3 102 
   124 7.445 0.0 H 13 
   1364 130.74 0.0 CD2 121 
   668 2.627 0.0 HB3 62 
   305 120.59 0.0 N 30 
   1258 124.163 0.0 N 113 
   1041 49.829 0.0 CA 94 
   191 0.146 0.0 HD22 19 
   531 2.295 0.0 HG3 49 
   694 176.82 0.0 C 64 
   1072 130.76 0.0 CE2 96 
   1178 51.578 0.0 CA 107 
   704 2.83 0.0 HD3 65 
   470 130.2 0.0 CE1 44 
   88 120.607 0.0 N 9 
   1391 45.365 0.0 CA 124 
   951 1.78 0.0 HG3 87 
   1069 131.6 0.0 CD1 96 
   1233 7.09 0.0 HD1 112 
   1030 42.274 0.0 CB 93 
   472 122.987 0.0 N 44 
   270 52.95 0.0 CA 26 
   1010 56.13 0.0 CA 92 
   515 0.502 0.0 HG12 48 
   648 7.032 0.0 HE1 59 
   904 172.65 0.0 C 82 
   28 124.395 0.0 N 3 
   388 55.485 0.0 CA 38 
   814 1.996 0.0 HG2 75 
   177 57.052 0.0 CA 18 
   927 1.366 0.0 HG2 84 
   1062 6.815 0.0 HD1 96 
   1090 1.732 0.0 HB2 98 
   721 120.92 0.0 N 66 
   996 175.381 0.0 C 91 
   101 4.625 0.0 HA 11 
   1318 2.77 0.0 HB2 119 
   1321 10.114 0.0 HE1 119 
   1154 123.299 0.0 N 104 
   905 57.524 0.0 CA 82 
   585 29.521 0.0 CB 54 
   181 28.33 0.0 CG 18 
   156 3.281 0.0 HD2 17 
   189 0.589 0.0 HD13 19 
   1383 55.575 0.0 CA 123 
   512 3.049 0.0 HA 48 
   715 1.416 0.0 HB1 66 
   1394 4.687 0.0 HA 125 
   418 0.761 0.0 HD11 41 
   895 3.878 0.0 HB3 81 
   327 0.908 0.0 HB2 33 
   606 3.195 0.0 HD2 56 
   527 3.957 0.0 HA 49 
   1174 2.829 0.0 HB2 107 
   787 60.0 0.0 CA 73 
   1190 34.517 0.0 CB 108 
   1018 5.199 0.0 HA 93 
   482 3.695 0.0 HA 46 
   539 0.509 0.0 HG21 50 
   874 0.654 0.0 HD13 79 
   403 117.405 0.0 CE2 39 
   1089 4.874 0.0 HA 98 
   1232 3.418 0.0 HB3 112 
   829 0.582 0.0 HD22 76 
   1418 0.549 0.0 HG13 127 
   420 0.761 0.0 HD13 41 
   1071 130.76 0.0 CE1 96 
   773 2.475 0.0 HB3 72 
   498 0.204 0.0 HD13 47 
   600 26.888 0.0 CG 55 
   737 59.89 0.0 CA 68 
   493 6.884 0.0 H 47 
   826 0.564 0.0 HD12 76 
   678 0.998 0.0 HG13 63 
   387 180.2 0.0 C 38 
   857 0.751 0.0 HG12 78 
   671 40.155 0.0 CB 62 
   841 1.734 0.0 HB2 77 
   1376 6.575 0.0 H 123 
   33 0.979 0.0 HG12 4 
   1044 9.352 0.0 H 95 
   853 8.94 0.0 H 78 
   1251 1.61 0.0 HG2 113 
   450 4.875 0.0 HA 43 
   494 3.075 0.0 HA 47 
   30 4.168 0.0 HA 4 
   1163 113.911 0.0 N 105 
   867 126.212 0.0 N 78 
   97 69.47 0.0 CB 10 
   347 4.006 0.0 HA 35 
   337 27.53 0.0 CG 33 
   1209 4.164 0.0 HB2 110 
   139 126.164 0.0 N 14 
   1216 5.243 0.0 HA 111 
   902 3.83 0.0 HB2 82 
   367 38.05 0.0 CB 36 
   762 7.151 0.0 H 71 
   148 8.026 0.0 H 16 
   1350 117.2 0.0 CE2 120 
   1410 52.02 0.0 CA 126 
   964 8.86 0.0 H 89 
   1028 175.6 0.0 C 93 
   649 7.032 0.0 HE2 59 
   571 1.635 0.0 HG3 53 
   1306 3.037 0.0 HD2 118 
   736 178.3 0.0 C 68 
   444 27.542 0.0 CB 42 
   485 6.77 0.0 HD1 46 
   1262 -0.968 0.0 HB3 114 
   1415 0.75 0.0 HB 127 
   374 3.578 0.0 HA 37 
   138 29.87 0.0 CB 14 
   1033 17.492 0.0 CG2 93 
   1245 9.522 0.0 H 113 
   1104 3.906 0.0 HA3 99 
   1302 7.628 0.0 H 118 
   344 63.245 0.0 CB 34 
   974 115.849 0.0 N 89 
   1223 174.94 0.0 C 111 
   219 56.614 0.0 CA 21 
   1334 121.469 0.0 N 119 
   1225 30.155 0.0 CB 111 
   317 179.245 0.0 C 31 
   340 3.692 0.0 HB2 34 
   273 109.233 0.0 N 27 
   154 1.368 0.0 HB2 17 
   319 39.75 0.0 CB 31 
   395 6.665 0.0 HD1 39 
   426 54.401 0.0 CA 41 
   2 1.908 0.0 HB2 1 
   1411 19.149 0.0 CB 126 
   831 1.027 0.0 HG 76 
   1067 55.736 0.0 CA 96 
   351 2.92 0.0 HD3 35 
   863 63.69 0.0 CA 78 
   376 1.502 0.0 HB2 37 
   1188 173.31 0.0 C 108 
   244 54.444 0.0 CA 23 
   997 53.955 0.0 CA 91 
   1432 55.945 0.0 CA 128 
   240 3.047 0.0 HD3 23 
   1212 59.029 0.0 CA 110 
   894 3.838 0.0 HB2 81 
   950 1.847 0.0 HG2 87 
   1119 4.446 0.0 HA 102 
   1268 0.415 0.0 HG3 114 
   51 120.403 0.0 N 5 
   198 22.18 0.0 CD2 19 
   993 1.996 0.0 HB3 91 
   1335 127.86 0.0 NE1 119 
   1081 1.566 0.0 HG3 97 
   751 7.986 0.0 H 70 
   1314 26.928 0.0 CG 118 
   1201 176.252 0.0 C 109 
   1205 28.708 0.0 CG 109 
   1419 0.266 0.0 HG21 127 
   112 133.6 0.0 CD2 11 
   873 0.654 0.0 HD12 79 
   1029 60.483 0.0 CA 93 
   570 1.635 0.0 HG2 53 
   6 176.41 0.0 C 1 
   746 179.081 0.0 C 69 
   520 179.004 0.0 C 48 
   400 62.201 0.0 CA 39 
   1055 43.47 0.0 CD 95 
   333 177.29 0.0 C 33 
   144 176.5 0.0 C 15 
   840 4.666 0.0 HA 77 
   1276 9.291 0.0 H 115 
   980 0.545 0.0 HG13 90 
   1228 111.8 0.0 NE2 111 
   613 43.64 0.0 CD 56 
   1324 7.531 0.0 HZ2 119 
   484 2.899 0.0 HB3 46 
   45 4.584 0.0 HA 5 
   702 1.467 0.0 HB3 65 
   796 1.361 0.0 HB2 74 
   1387 8.786 0.0 H 124 
   365 176.705 0.0 C 36 
   1173 5.583 0.0 HA 107 
   1192 128.36 0.0 N 108 
   201 8.213 0.0 H 20 
   56 46.424 0.0 CA 6 
   986 36.819 0.0 CB 90 
   89 8.784 0.0 H 10 
   1136 2.0 0.0 HG3 103 
   1135 2.126 0.0 HG2 103 
   1399 174.408 0.0 C 125 
   1264 0.784 0.0 HD3 114 
   1413 7.916 0.0 H 127 
   1061 2.567 0.0 HB3 96 
   558 9.009 0.0 H 52 
   1275 129.57 0.0 N 114 
   503 0.479 0.0 HG23 47 
   699 8.562 0.0 H 65 
   1431 2.483 0.0 HB3 128 
   959 3.563 0.0 HA2 88 
   1098 32.12 0.0 CB 98 
   1022 0.535 0.0 HD13 93 
   372 120.099 0.0 N 36 
   1130 27.111 0.0 CG 102 
   1305 1.514 0.0 HB3 118 
   313 1.147 0.0 HD21 31 
   375 1.502 0.0 HB1 37 
   269 176.4 0.0 C 26 
   802 0.741 0.0 HD22 74 
   942 58.208 0.0 CA 86 
   1379 2.039 0.0 HB3 123 
   1014 131.4 0.0 CE1 92 
   271 19.685 0.0 CB 26 
   1303 4.552 0.0 HA 118 
   1316 8.981 0.0 H 119 
   100 8.849 0.0 H 11 
   1355 2.737 0.0 HB3 121 
   592 3.145 0.0 HD2 55 
   559 3.741 0.0 HA 52 
   1393 8.229 0.0 H 125 
   633 0.806 0.0 HD23 58 
   1219 6.732 0.0 HE21 111 
   1343 6.86 0.0 HE2 120 
   91 4.483 0.0 HB 10 
   466 61.65 0.0 CA 44 
   859 0.813 0.0 HG21 78 
   109 61.54 0.0 CA 11 
   381 121.482 0.0 N 37 
   1009 171.85 0.0 C 92 
   854 4.11 0.0 HA 78 
   1214 125.774 0.0 N 110 
   1434 129.886 0.0 N 128 
   1361 58.524 0.0 CA 121 
   1006 7.035 0.0 HD2 92 
   1206 122.752 0.0 N 109 
   635 177.0 0.0 C 58 
   937 47.314 0.0 CA 85 
   1019 1.4 0.0 HB 93 
   57 107.14 0.0 N 6 
   178 39.261 0.0 CB 18 
   828 0.582 0.0 HD21 76 
   855 1.94 0.0 HB 78 
   283 31.061 0.0 CB 28 
   583 177.408 0.0 C 54 
   128 175.205 0.0 C 13 
   619 2.609 0.0 HB3 57 
   640 26.923 0.0 CG 58 
   214 3.225 0.0 HD2 21 
   412 17.695 0.0 CB 40 
   764 2.725 0.0 HB2 71 
   928 1.428 0.0 HG3 84 
   41 21.175 0.0 CG1 4 
   307 3.978 0.0 HA 31 
   1160 173.605 0.0 C 105 
   949 3.345 0.0 HD3 87 
   483 2.559 0.0 HB2 46 
   1204 43.24 0.0 CD 109 
   1088 9.754 0.0 H 98 
   775 52.5 0.0 CA 72 
   1082 174.825 0.0 C 97 
   1319 2.643 0.0 HB3 119 
   216 1.747 0.0 HG2 21 
   1365 130.84 0.0 CE1 121 
   549 4.218 0.0 HB 51 
   431 115.848 0.0 N 41 
   728 28.554 0.0 CB 67 
   1050 1.66 0.0 HG2 95 
   876 0.689 0.0 HD22 79 
   1246 5.608 0.0 HA 113 
   1200 1.376 0.0 HG3 109 
   122 40.455 0.0 CB 12 
   1093 3.211 0.0 HD3 98 
   70 45.052 0.0 CA 8 
   475 2.716 0.0 HB2 45 
   1338 2.695 0.0 HB2 120 
   833 53.317 0.0 CA 76 
   1177 173.205 0.0 C 107 
   1194 4.95 0.0 HA 109 
   800 0.739 0.0 HD13 74 
   1211 172.435 0.0 C 110 
   809 123.697 0.0 N 74 
   1056 27.88 0.0 CG 95 
   1166 3.271 0.0 HB2 106 
   193 1.197 0.0 HG 19 
   865 21.781 0.0 CG1 78 
   115 124.022 0.0 N 11 
   258 4.116 0.0 HA 25 
   449 8.832 0.0 H 43 
   223 110.82 0.0 N 21 
   323 119.402 0.0 N 31 
   10 8.376 0.0 H 2 
   1433 42.247 0.0 CB 128 
   197 25.042 0.0 CD1 19 
   566 1.839 0.0 HB2 53 
   1203 31.948 0.0 CB 109 
   1128 32.451 0.0 CB 102 
   390 119.703 0.0 N 38 
   488 6.55 0.0 HE2 46 
   1374 64.524 0.0 CB 122 
   487 6.55 0.0 HE1 46 
   274 2.61 0.0 HA 28 
   614 28.048 0.0 CG 56 
   287 3.38 0.0 HA 29 
   827 0.564 0.0 HD13 76 
   1183 4.864 0.0 HA 108 
   1373 60.295 0.0 CA 122 
   734 1.901 0.0 HG2 68 
   170 0.885 0.0 HD12 18 
   722 7.759 0.0 H 67 
   1281 51.415 0.0 CA 115 
   660 3.215 0.0 HB3 61 
   132 7.486 0.0 H 14 
   1347 133.1 0.0 CD1 120 
   249 8.642 0.0 H 24 
   1390 172.204 0.0 C 124 
   221 43.564 0.0 CD 21 
   637 41.906 0.0 CB 58 
   1310 173.805 0.0 C 118 
   872 0.654 0.0 HD11 79 
   42 21.175 0.0 CG2 4 
   149 2.895 0.0 HA2 16 
   229 1.138 0.0 HG23 22 
   936 3.74 0.0 HA3 85 
   730 8.221 0.0 H 68 
   300 1.341 0.0 HB2 30 
   1313 43.27 0.0 CD 118 
   1332 115.4 0.0 CZ2 119 
   447 25.37 0.0 CG 42 
   1235 7.192 0.0 HE1 112 
   108 178.9 0.0 C 11 
   923 1.726 0.0 HD2 84 
   83 54.561 0.0 CA 9 
   342 175.96 0.0 C 34 
   237 1.524 0.0 HB2 23 
   424 1.664 0.0 HG 41 
   888 4.158 0.0 HA3 80 
   892 8.338 0.0 H 81 
   291 1.995 0.0 HG3 29 
   1405 4.473 0.0 HA 126 
   958 8.529 0.0 H 88 
   1420 0.266 0.0 HG22 127 
   808 22.606 0.0 CD2 74 
   783 7.023 0.0 HD2 73 
   12 2.675 0.0 HB2 2 
   1366 130.84 0.0 CE2 121 
   334 60.318 0.0 CA 33 
   1378 1.863 0.0 HB2 123 
   880 56.012 0.0 CA 79 
   35 0.979 0.0 HG21 4 
   759 31.29 0.0 CB 70 
   554 64.045 0.0 CA 51 
   394 2.1 0.0 HB3 39 
   11 4.752 0.0 HA 2 
   866 21.285 0.0 CG2 78 
   413 121.155 0.0 N 40 
   618 2.735 0.0 HB2 57 
   760 36.478 0.0 CG 70 
   116 8.466 0.0 H 12 
   1224 53.985 0.0 CA 111 
   632 0.806 0.0 HD22 58 
   150 2.895 0.0 HA3 16 
   575 50.1 0.0 CD 53 
   525 122.147 0.0 N 48 
   1252 1.343 0.0 HG3 113 
   1248 1.708 0.0 HB3 113 
   590 1.625 0.0 HB2 55 
   1348 133.1 0.0 CD2 120 
   1168 172.62 0.0 C 106 
   727 60.29 0.0 CA 67 
   729 118.219 0.0 N 67 
   355 43.64 0.0 CD 35 
   599 42.47 0.0 CD 55 
   22 4.002 0.0 HA 3 
   1353 4.192 0.0 HA 121 
   1294 43.34 0.0 CD 116 
   1336 9.145 0.0 H 120 
   750 117.242 0.0 N 69 
   920 4.584 0.0 HA 84 
   544 69.63 0.0 CB 50 
   597 54.441 0.0 CA 55 
   630 0.92 0.0 HD13 58 
   893 5.342 0.0 HA 81 
   754 2.218 0.0 HB3 70 
   243 174.2 0.0 C 23 
   1065 7.28 0.0 HE2 96 
   318 56.998 0.0 CA 31 
   644 3.02 0.0 HB2 59 
   909 4.892 0.0 HA 83 
   14 6.792 0.0 HD21 2 
   1092 3.211 0.0 HD2 98 
   346 8.345 0.0 H 35 
   1146 6.978 0.0 HE21 104 
   944 8.091 0.0 H 87 
   262 52.785 0.0 CA 25 
   602 7.466 0.0 H 56 
   1049 3.25 0.0 HD3 95 
   1231 2.355 0.0 HB2 112 
   455 40.453 0.0 CB 43 
   68 4.247 0.0 HA3 8 
   1025 0.78 0.0 HG21 93 
   605 1.95 0.0 HB3 56 
   147 124.741 0.0 N 15 
   789 130.4 0.0 CD1 73 
   1230 5.485 0.0 HA 112 
   1084 34.642 0.0 CB 97 
   1270 53.831 0.0 CA 114 
   899 113.782 0.0 N 81 
   471 130.2 0.0 CE2 44 
   446 43.345 0.0 CE 42 
   680 0.909 0.0 HG22 63 
   163 50.635 0.0 CD 17 
   1358 7.175 0.0 HE1 121 
   1254 54.651 0.0 CA 113 
   440 1.559 0.0 HG2 42 
   1414 3.882 0.0 HA 127 
   137 60.369 0.0 CA 14 
   1175 3.482 0.0 HB3 107 
   870 1.251 0.0 HB2 79 
   16 175.445 0.0 C 2 
   1038 1.937 0.0 HB2 94 
   106 6.55 0.0 HE1 11 
   934 127.105 0.0 N 84 
   330 2.824 0.0 HD3 33 
   1060 2.068 0.0 HB2 96 
   463 7.192 0.0 HE1 44 
   81 1.315 0.0 HG3 9 
   1095 1.576 0.0 HG3 98 
   292 177.415 0.0 C 29 
   879 177.507 0.0 C 79 
   692 6.936 0.0 HD21 64 
   290 1.995 0.0 HG2 29 
   34 0.979 0.0 HG13 4 
   208 18.852 0.0 CB 20 
   505 61.81 0.0 CA 47 
   121 56.0 0.0 CA 12 
   202 4.243 0.0 HA 20 
   231 63.14 0.0 CA 22 
   968 1.236 0.0 HG22 89 
   1118 108.265 0.0 N 101 
   204 1.402 0.0 HB2 20 
   504 178.5 0.0 C 47 
   131 117.361 0.0 N 13 
   76 1.637 0.0 HD2 9 
   1427 122.174 0.0 N 127 
   836 23.57 0.0 CD2 76 
   1396 2.028 0.0 HB3 125 
   315 1.147 0.0 HD23 31 
   646 7.195 0.0 HD1 59 
   989 121.506 0.0 N 90 
   843 3.09 0.0 HD2 77 
   1143 4.495 0.0 HA 104 
   506 34.745 0.0 CB 47 
   940 4.069 0.0 HB3 86 
   1016 124.784 0.0 N 92 
   63 59.829 0.0 CA 7 
   371 117.801 0.0 CE2 36 
   1385 35.236 0.0 CG 123 
   218 176.109 0.0 C 21 
   465 177.805 0.0 C 44 
   1289 1.586 0.0 HG2 116 
   92 1.269 0.0 HG21 10 
   871 1.609 0.0 HB3 79 
   1429 4.298 0.0 HA 128 
   508 26.86 0.0 CG1 47 
   717 1.416 0.0 HB3 66 
   104 7.598 0.0 HD1 11 
   1075 4.526 0.0 HA 97 
   326 3.481 0.0 HA 33 
   757 176.9 0.0 C 70 
   510 119.187 0.0 N 47 
   670 57.769 0.0 CA 62 
   118 2.63 0.0 HB2 12 
   662 177.2 0.0 C 61 
   247 26.234 0.0 CG 23 
   235 7.348 0.0 H 23 
   350 2.92 0.0 HD2 35 
   627 1.619 0.0 HB3 58 
   952 175.019 0.0 C 87 
   589 4.668 0.0 HA 55 
   443 56.288 0.0 CA 42 
   256 116.451 0.0 N 24 
   140 8.183 0.0 H 15 
   1195 1.509 0.0 HB2 109 
   970 173.801 0.0 C 89 
   1215 9.274 0.0 H 111 
   1111 175.32 0.0 C 100 
   1210 4.024 0.0 HB3 110 
   145 64.155 0.0 CA 15 
   1126 176.9 0.0 C 102 
   1331 124.3 0.0 CH2 119 
   98 22.425 0.0 CG2 10 
   421 0.717 0.0 HD21 41 
   1068 41.738 0.0 CB 96 
   416 1.555 0.0 HB2 41 
   1102 9.005 0.0 H 99 
   481 7.764 0.0 H 46 
   404 119.108 0.0 N 39 
   861 0.813 0.0 HG23 78 
   411 54.857 0.0 CA 40 
   788 38.32 0.0 CB 73 
   695 56.908 0.0 CA 64 
   136 175.105 0.0 C 14 
   125 4.805 0.0 HA 13 
   507 10.335 0.0 CD1 47 
   151 48.106 0.0 CA 16 
   380 18.245 0.0 CB 37 
   732 2.781 0.0 HB2 68 
   1278 1.303 0.0 HB1 115 
   931 29.25 0.0 CD 84 
   1144 0.798 0.0 HB2 104 
   36 0.979 0.0 HG22 4 
   821 8.538 0.0 H 76 
   768 64.73 0.0 CB 71 
   839 9.187 0.0 H 77 
   1283 130.852 0.0 N 115 
   75 1.914 0.0 HB3 9 
   898 66.3 0.0 CB 81 
   1114 7.925 0.0 H 101 
   1367 122.001 0.0 N 121 
   275 1.096 0.0 HB2 28 
   32 0.979 0.0 HG11 4 
   414 8.557 0.0 H 41 
   946 2.018 0.0 HB2 87 
   716 1.416 0.0 HB2 66 
   976 4.777 0.0 HA 90 
   1142 8.938 0.0 H 104 
   373 8.907 0.0 H 37 
   816 172.804 0.0 C 75 
   338 7.582 0.0 H 34 
   1137 175.818 0.0 C 103 
   1269 175.904 0.0 C 114 
   1402 35.961 0.0 CG 125 
   516 0.502 0.0 HG13 48 
   689 4.798 0.0 HA 64 
   1422 174.707 0.0 C 127 
   673 7.917 0.0 H 63 
   1001 9.171 0.0 H 92 
   429 22.34 0.0 CD2 41 
   542 173.401 0.0 C 50 
   960 5.047 0.0 HA3 88 
   891 106.586 0.0 N 80 
   123 116.209 0.0 N 12 
   301 1.341 0.0 HB3 30 
   1425 21.54 0.0 CG1 127 
   1380 1.878 0.0 HG2 123 
   735 1.68 0.0 HG3 68 
   396 6.665 0.0 HD2 39 
   155 2.166 0.0 HB3 17 
   386 1.672 0.0 HB3 38 
   629 0.92 0.0 HD12 58 
   917 36.115 0.0 CG 83 
   246 43.34 0.0 CD 23 
   690 2.951 0.0 HB2 64 
   838 126.577 0.0 N 76 
