   411 54.857 0.0 CA 40 
   1309 1.253 0.0 HG3 118 
   347 4.006 0.0 HA 35 
   40 32.072 0.0 CB 4 
   887 4.158 0.0 HA2 80 
   369 132.01 0.0 CD2 36 
   1138 57.735 0.0 CA 103 
   1334 121.469 0.0 N 119 
   866 21.285 0.0 CG2 78 
   803 0.741 0.0 HD23 74 
   1185 1.564 0.0 HB3 108 
   394 2.1 0.0 HB3 39 
   1323 6.967 0.0 HH2 119 
   582 2.144 0.0 HG3 54 
   213 2.277 0.0 HB3 21 
   405 8.09 0.0 H 40 
   1427 122.174 0.0 N 127 
   463 7.192 0.0 HE1 44 
   104 7.598 0.0 HD1 11 
   1240 131.451 0.0 CD1 112 
   635 177.0 0.0 C 58 
   389 18.195 0.0 CB 38 
   920 4.584 0.0 HA 84 
   455 40.453 0.0 CB 43 
   789 130.4 0.0 CD1 73 
   237 1.524 0.0 HB2 23 
   1409 177.6 0.0 C 126 
   359 2.601 0.0 HB2 36 
   1017 9.184 0.0 H 93 
   693 7.734 0.0 HD22 64 
   1287 3.215 0.0 HD2 116 
   694 176.82 0.0 C 64 
   296 116.67 0.0 N 29 
   478 57.459 0.0 CA 45 
   198 22.18 0.0 CD2 19 
   333 177.29 0.0 C 33 
   266 1.485 0.0 HB1 26 
   410 179.8 0.0 C 40 
   818 33.51 0.0 CB 75 
   1122 3.604 0.0 HD2 102 
   900 8.975 0.0 H 82 
   1032 28.25 0.0 CG1 93 
   616 8.78 0.0 H 57 
   116 8.466 0.0 H 12 
   1407 1.334 0.0 HB2 126 
   1322 7.275 0.0 HE3 119 
   1196 1.743 0.0 HB3 109 
   754 2.218 0.0 HB3 70 
   1336 9.145 0.0 H 120 
   315 1.147 0.0 HD23 31 
   1093 3.211 0.0 HD3 98 
   443 56.288 0.0 CA 42 
   278 2.142 0.0 HD3 28 
   1429 4.298 0.0 HA 128 
   1159 3.656 0.0 HB3 105 
   135 2.938 0.0 HB3 14 
   514 0.502 0.0 HG11 48 
   925 3.003 0.0 HE2 84 
   965 5.861 0.0 HA 89 
   5 2.222 0.0 HG3 1 
   292 177.415 0.0 C 29 
   820 119.876 0.0 N 75 
   108 178.9 0.0 C 11 
   464 7.192 0.0 HE2 44 
   101 4.625 0.0 HA 11 
   189 0.589 0.0 HD13 19 
   827 0.564 0.0 HD13 76 
   1048 3.15 0.0 HD2 95 
   911 1.923 0.0 HB3 83 
   146 30.602 0.0 CB 15 
   1169 55.849 0.0 CA 106 
   246 43.34 0.0 CD 23 
   241 1.415 0.0 HG2 23 
   105 7.598 0.0 HD2 11 
   418 0.761 0.0 HD11 41 
   28 124.395 0.0 N 3 
   948 3.345 0.0 HD2 87 
   558 9.009 0.0 H 52 
   1107 117.554 0.0 N 99 
   208 18.852 0.0 CB 20 
   736 178.3 0.0 C 68 
   1206 122.752 0.0 N 109 
   281 176.9 0.0 C 28 
   995 2.178 0.0 HG3 91 
   569 2.514 0.0 HD3 53 
   1433 42.247 0.0 CB 128 
   1141 120.322 0.0 N 103 
   399 178.1 0.0 C 39 
   1119 4.446 0.0 HA 102 
   355 43.64 0.0 CD 35 
   62 175.803 0.0 C 7 
   944 8.091 0.0 H 87 
   1098 32.12 0.0 CB 98 
   257 8.255 0.0 H 25 
   665 8.376 0.0 H 62 
   1064 7.28 0.0 HE1 96 
   329 2.895 0.0 HD2 33 
   1128 32.451 0.0 CB 102 
   897 57.259 0.0 CA 81 
   646 7.195 0.0 HD1 59 
   1062 6.815 0.0 HD1 96 
   377 1.502 0.0 HB3 37 
   283 31.061 0.0 CB 28 
   951 1.78 0.0 HG3 87 
   1095 1.576 0.0 HG3 98 
   1176 6.803 0.0 HD2 107 
   615 121.407 0.0 N 56 
   1302 7.628 0.0 H 118 
   69 174.204 0.0 C 8 
   807 25.72 0.0 CD1 74 
   1120 1.866 0.0 HB2 102 
   794 9.086 0.0 H 74 
   458 3.905 0.0 HA 44 
   1154 123.299 0.0 N 104 
   270 52.95 0.0 CA 26 
   230 174.64 0.0 C 22 
   653 131.3 0.0 CD1 59 
   604 1.897 0.0 HB2 56 
   782 7.023 0.0 HD1 73 
   433 4.352 0.0 HA 42 
   1164 9.575 0.0 H 106 
   1365 130.84 0.0 CE1 121 
   397 6.565 0.0 HE1 39 
   674 3.769 0.0 HA 63 
   467 39.01 0.0 CB 44 
   49 60.214 0.0 CA 5 
   1002 5.619 0.0 HA 92 
   1049 3.25 0.0 HD3 95 
   659 3.312 0.0 HB2 61 
   728 28.554 0.0 CB 67 
   651 57.15 0.0 CA 59 
   1281 51.415 0.0 CA 115 
   1105 175.4 0.0 C 99 
   431 115.848 0.0 N 41 
   1408 1.334 0.0 HB3 126 
   973 21.775 0.0 CG2 89 
   1320 6.8 0.0 HD1 119 
   1193 8.473 0.0 H 109 
   1127 62.11 0.0 CA 102 
   262 52.785 0.0 CA 25 
   1116 4.288 0.0 HA3 101 
   497 0.204 0.0 HD12 47 
   2 1.908 0.0 HB2 1 
   1343 6.86 0.0 HE2 120 
   977 2.119 0.0 HB 90 
   765 3.17 0.0 HB3 71 
   1350 117.2 0.0 CE2 120 
   1014 131.4 0.0 CE1 92 
   571 1.635 0.0 HG3 53 
   1237 175.205 0.0 C 112 
   331 0.87 0.0 HG2 33 
   327 0.908 0.0 HB2 33 
   923 1.726 0.0 HD2 84 
   1299 173.43 0.0 C 117 
   122 40.455 0.0 CB 12 
   546 103.746 0.0 N 50 
   1374 64.524 0.0 CB 122 
   1397 2.216 0.0 HG2 125 
   620 176.8 0.0 C 57 
   936 3.74 0.0 HA3 85 
   891 106.586 0.0 N 80 
   468 131.0 0.0 CD1 44 
   261 1.324 0.0 HB3 25 
   640 26.923 0.0 CG 58 
   565 3.938 0.0 HA 53 
   1077 1.572 0.0 HB3 97 
   92 1.269 0.0 HG21 10 
   854 4.11 0.0 HA 78 
   103 3.085 0.0 HB3 11 
   298 3.898 0.0 HA 30 
   861 0.813 0.0 HG23 78 
   542 173.401 0.0 C 50 
   222 28.094 0.0 CG 21 
   904 172.65 0.0 C 82 
   1284 3.841 0.0 HA 116 
   1111 175.32 0.0 C 100 
   1278 1.303 0.0 HB1 115 
   1124 1.991 0.0 HG2 102 
   738 32.56 0.0 CB 68 
   876 0.689 0.0 HD22 79 
   1269 175.904 0.0 C 114 
   1162 65.457 0.0 CB 105 
   407 1.098 0.0 HB1 40 
   332 1.176 0.0 HG3 33 
   591 2.333 0.0 HB3 55 
   484 2.899 0.0 HB3 46 
   456 123.108 0.0 N 43 
   752 4.368 0.0 HA 70 
   206 177.003 0.0 C 20 
   515 0.502 0.0 HG12 48 
   1136 2.0 0.0 HG3 103 
   510 119.187 0.0 N 47 
   786 175.7 0.0 C 73 
   1400 54.435 0.0 CA 125 
   1047 1.75 0.0 HB3 95 
   668 2.627 0.0 HB3 62 
   429 22.34 0.0 CD2 41 
   890 45.632 0.0 CA 80 
   643 4.571 0.0 HA 59 
   302 177.4 0.0 C 30 
   909 4.892 0.0 HA 83 
   1313 43.27 0.0 CD 118 
   318 56.998 0.0 CA 31 
   100 8.849 0.0 H 11 
   808 22.606 0.0 CD2 74 
   1312 33.592 0.0 CB 118 
   319 39.75 0.0 CB 31 
   304 18.495 0.0 CB 30 
   1396 2.028 0.0 HB3 125 
   642 7.394 0.0 H 59 
   1355 2.737 0.0 HB3 121 
   156 3.281 0.0 HD2 17 
   457 8.229 0.0 H 44 
   796 1.361 0.0 HB2 74 
   52 7.704 0.0 H 6 
   308 1.591 0.0 HB2 31 
   554 64.045 0.0 CA 51 
   247 26.234 0.0 CG 23 
   945 5.606 0.0 HA 87 
   1420 0.266 0.0 HG22 127 
   109 61.54 0.0 CA 11 
   880 56.012 0.0 CA 79 
   1175 3.482 0.0 HB3 107 
   312 1.035 0.0 HD13 31 
   17 53.005 0.0 CA 2 
   632 0.806 0.0 HD22 58 
   856 0.751 0.0 HG11 78 
   291 1.995 0.0 HG3 29 
   1415 0.75 0.0 HB 127 
   313 1.147 0.0 HD21 31 
   134 2.552 0.0 HB2 14 
   1243 130.35 0.0 CE2 112 
   722 7.759 0.0 H 67 
   1045 5.608 0.0 HA 95 
   27 28.658 0.0 CB 3 
   785 6.582 0.0 HE2 73 
   1252 1.343 0.0 HG3 113 
   1362 40.107 0.0 CB 121 
   1013 132.1 0.0 CD2 92 
   1325 6.69 0.0 HZ3 119 
   990 9.047 0.0 H 91 
   1205 28.708 0.0 CG 109 
   1213 66.524 0.0 CB 110 
   792 130.3 0.0 CE2 73 
   1386 113.946 0.0 N 123 
   670 57.769 0.0 CA 62 
   586 36.72 0.0 CG 54 
   265 4.443 0.0 HA 26 
   268 1.485 0.0 HB3 26 
   24 2.948 0.0 HB3 3 
   564 127.871 0.0 N 52 
   1040 176.203 0.0 C 94 
   511 7.322 0.0 H 48 
   120 175.224 0.0 C 12 
   1303 4.552 0.0 HA 118 
   46 3.103 0.0 HB2 5 
   817 57.14 0.0 CA 75 
   918 121.107 0.0 N 83 
   1238 56.51 0.0 CA 112 
   388 55.485 0.0 CA 38 
   439 3.169 0.0 HE3 42 
   885 130.507 0.0 N 79 
   413 121.155 0.0 N 40 
   1219 6.732 0.0 HE21 111 
   336 43.145 0.0 CD 33 
   1266 2.265 0.0 HE3 114 
   509 17.387 0.0 CG2 47 
   482 3.695 0.0 HA 46 
   202 4.243 0.0 HA 20 
   454 51.354 0.0 CA 43 
   1010 56.13 0.0 CA 92 
   306 7.782 0.0 H 31 
   14 6.792 0.0 HD21 2 
   819 36.619 0.0 CG 75 
   896 172.936 0.0 C 81 
   1153 34.296 0.0 CG 104 
   950 1.847 0.0 HG2 87 
   626 1.705 0.0 HB2 58 
   1008 7.082 0.0 HE2 92 
   169 0.885 0.0 HD11 18 
   1231 2.355 0.0 HB2 112 
   181 28.33 0.0 CG 18 
   159 1.735 0.0 HG3 17 
   985 62.035 0.0 CA 90 
   42 21.175 0.0 CG2 4 
   288 1.619 0.0 HB2 29 
   74 1.533 0.0 HB2 9 
   869 4.345 0.0 HA 79 
   11 4.752 0.0 HA 2 
   1029 60.483 0.0 CA 93 
   373 8.907 0.0 H 37 
   96 62.155 0.0 CA 10 
   1181 129.694 0.0 N 107 
   1383 55.575 0.0 CA 123 
   366 62.75 0.0 CA 36 
   448 116.255 0.0 N 42 
   1261 0.78 0.0 HB2 114 
   1411 19.149 0.0 CB 126 
   1012 132.1 0.0 CD1 92 
   1089 4.874 0.0 HA 98 
   704 2.83 0.0 HD3 65 
   776 42.88 0.0 CB 72 
   1370 3.554 0.0 HB2 122 
   445 29.151 0.0 CD 42 
   142 2.595 0.0 HB2 15 
   1011 43.37 0.0 CB 92 
   328 1.468 0.0 HB3 33 
   550 1.179 0.0 HG21 51 
   471 130.2 0.0 CE2 44 
   954 33.678 0.0 CB 87 
   1180 115.4 0.0 CD2 107 
   802 0.741 0.0 HD22 74 
   798 0.739 0.0 HD11 74 
   1006 7.035 0.0 HD2 92 
   1114 7.925 0.0 H 101 
   354 30.325 0.0 CB 35 
   1224 53.985 0.0 CA 111 
   735 1.68 0.0 HG3 68 
   676 0.998 0.0 HG11 63 
   1260 4.664 0.0 HA 114 
   1168 172.62 0.0 C 106 
   1394 4.687 0.0 HA 125 
   1090 1.732 0.0 HB2 98 
   1097 55.288 0.0 CA 98 
   124 7.445 0.0 H 13 
   1005 7.035 0.0 HD1 92 
   706 1.16 0.0 HG3 65 
   251 3.745 0.0 HB2 24 
   1282 21.244 0.0 CB 115 
   913 2.205 0.0 HG3 83 
   1317 4.567 0.0 HA 119 
   675 1.923 0.0 HB 63 
   631 0.806 0.0 HD21 58 
   737 59.89 0.0 CA 68 
   730 8.221 0.0 H 68 
   379 55.295 0.0 CA 37 
   390 119.703 0.0 N 38 
   1051 1.57 0.0 HG3 95 
   702 1.467 0.0 HB3 65 
   636 54.812 0.0 CA 58 
   192 0.146 0.0 HD23 19 
   414 8.557 0.0 H 41 
   238 1.707 0.0 HB3 23 
   1352 9.316 0.0 H 121 
   547 7.748 0.0 H 51 
   326 3.481 0.0 HA 33 
   453 174.95 0.0 C 43 
   608 1.705 0.0 HG2 56 
   1 4.155 0.0 HA 1 
   928 1.428 0.0 HG3 84 
   4 2.222 0.0 HG2 1 
   1294 43.34 0.0 CD 116 
   1393 8.229 0.0 H 125 
   1337 4.943 0.0 HA 120 
   764 2.725 0.0 HB2 71 
   419 0.761 0.0 HD12 41 
   191 0.146 0.0 HD22 19 
   1198 3.139 0.0 HD3 109 
   15 7.423 0.0 HD22 2 
   1079 3.228 0.0 HD3 97 
   21 9.38 0.0 H 3 
   695 56.908 0.0 CA 64 
   6 176.41 0.0 C 1 
   1324 7.531 0.0 HZ2 119 
   707 177.82 0.0 C 65 
   1363 130.74 0.0 CD1 121 
   279 1.333 0.0 HG2 28 
   1315 121.34 0.0 N 118 
   1194 4.95 0.0 HA 109 
   566 1.839 0.0 HB2 53 
   821 8.538 0.0 H 76 
   193 1.197 0.0 HG 19 
   157 3.281 0.0 HD3 17 
   1308 1.253 0.0 HG2 118 
   1187 2.103 0.0 HG3 108 
   140 8.183 0.0 H 15 
   269 176.4 0.0 C 26 
   1239 44.342 0.0 CB 112 
   1425 21.54 0.0 CG1 127 
   284 50.19 0.0 CD 28 
   959 3.563 0.0 HA2 88 
   88 120.607 0.0 N 9 
   1377 4.264 0.0 HA 123 
   748 30.017 0.0 CB 69 
   673 7.917 0.0 H 63 
   311 1.035 0.0 HD12 31 
   207 52.729 0.0 CA 20 
   322 27.664 0.0 CG 31 
   1248 1.708 0.0 HB3 113 
   1172 8.819 0.0 H 107 
   1430 2.607 0.0 HB2 128 
   1354 2.879 0.0 HB2 121 
   121 56.0 0.0 CA 12 
   751 7.986 0.0 H 70 
   795 4.432 0.0 HA 74 
   720 17.675 0.0 CB 66 
   239 3.047 0.0 HD2 23 
   516 0.502 0.0 HG13 48 
   342 175.96 0.0 C 34 
   1129 49.61 0.0 CD 102 
   117 4.179 0.0 HA 12 
   53 3.93 0.0 HA2 6 
   1023 0.459 0.0 HG12 93 
   325 122.625 0.0 N 32 
   998 31.557 0.0 CB 91 
   447 25.37 0.0 CG 42 
   1065 7.28 0.0 HE2 96 
   1135 2.126 0.0 HG2 103 
   424 1.664 0.0 HG 41 
   690 2.951 0.0 HB2 64 
   832 175.7 0.0 C 76 
   568 2.804 0.0 HD2 53 
   376 1.502 0.0 HB2 37 
   1161 57.248 0.0 CA 105 
   493 6.884 0.0 H 47 
   1115 4.033 0.0 HA2 101 
   884 28.23 0.0 CG 79 
   1167 3.578 0.0 HB3 106 
   851 27.258 0.0 CG 77 
   966 3.95 0.0 HB 89 
   726 178.407 0.0 C 67 
   799 0.739 0.0 HD12 74 
   1358 7.175 0.0 HE1 121 
   753 2.006 0.0 HB2 70 
   1234 7.09 0.0 HD2 112 
   739 117.484 0.0 N 68 
   698 113.408 0.0 ND2 64 
   66 9.283 0.0 H 8 
   1244 119.879 0.0 N 112 
   200 122.646 0.0 N 19 
   634 1.6 0.0 HG 58 
   1357 6.727 0.0 HD2 121 
   975 9.02 0.0 H 90 
   1058 8.865 0.0 H 96 
   1247 1.796 0.0 HB2 113 
   1235 7.192 0.0 HE1 112 
   816 172.804 0.0 C 75 
   353 60.124 0.0 CA 35 
   475 2.716 0.0 HB2 45 
   341 4.198 0.0 HB3 34 
   267 1.485 0.0 HB2 26 
   194 179.45 0.0 C 19 
   441 1.111 0.0 HG3 42 
   67 3.52 0.0 HA2 8 
   860 0.813 0.0 HG22 78 
   381 121.482 0.0 N 37 
   1300 45.22 0.0 CA 117 
   130 42.509 0.0 CB 13 
   939 4.197 0.0 HB2 86 
   946 2.018 0.0 HB2 87 
   1092 3.211 0.0 HD2 98 
   1277 4.579 0.0 HA 115 
   1197 3.139 0.0 HD2 109 
   1371 3.268 0.0 HB3 122 
   452 2.821 0.0 HB3 43 
   1117 44.635 0.0 CA 101 
   1241 131.451 0.0 CD2 112 
   437 1.611 0.0 HD3 42 
   1259 8.608 0.0 H 114 
   172 0.718 0.0 HD21 18 
   286 8.098 0.0 H 29 
   1328 31.82 0.0 CB 119 
   8 29.815 0.0 CB 1 
   219 56.614 0.0 CA 21 
   1326 175.5 0.0 C 119 
   1053 54.651 0.0 CA 95 
   750 117.242 0.0 N 69 
   875 0.689 0.0 HD21 79 
   986 36.819 0.0 CB 90 
   557 121.694 0.0 N 51 
   801 0.741 0.0 HD21 74 
   865 21.781 0.0 CG1 78 
   562 51.935 0.0 CA 52 
   1204 43.24 0.0 CD 109 
   1410 52.02 0.0 CA 126 
   656 129.0 0.0 CE2 59 
   688 7.698 0.0 H 64 
   409 1.098 0.0 HB3 40 
   1121 2.271 0.0 HB3 102 
   474 4.235 0.0 HA 45 
   589 4.668 0.0 HA 55 
   1003 3.186 0.0 HB2 92 
   1195 1.509 0.0 HB2 109 
   1230 5.485 0.0 HA 112 
   486 6.77 0.0 HD2 46 
   1001 9.171 0.0 H 92 
   1145 1.686 0.0 HB3 104 
   1183 4.864 0.0 HA 108 
   1423 61.46 0.0 CA 127 
   1081 1.566 0.0 HG3 97 
   1096 177.352 0.0 C 98 
   171 0.885 0.0 HD13 18 
   1059 5.374 0.0 HA 96 
   1171 126.101 0.0 N 106 
   691 3.168 0.0 HB3 64 
   734 1.901 0.0 HG2 68 
   910 1.923 0.0 HB2 83 
   531 2.295 0.0 HG3 49 
   95 175.801 0.0 C 10 
   144 176.5 0.0 C 15 
   1025 0.78 0.0 HG21 93 
   599 42.47 0.0 CD 55 
   374 3.578 0.0 HA 37 
   1088 9.754 0.0 H 98 
   106 6.55 0.0 HE1 11 
   1133 1.744 0.0 HB2 103 
   1103 3.975 0.0 HA2 99 
   128 175.205 0.0 C 13 
   158 1.735 0.0 HG2 17 
   783 7.023 0.0 HD2 73 
   1199 1.376 0.0 HG2 109 
   178 39.261 0.0 CB 18 
   655 129.0 0.0 CE1 59 
   162 32.12 0.0 CB 17 
   804 176.95 0.0 C 74 
   956 27.468 0.0 CG 87 
   623 116.726 0.0 N 57 
   204 1.402 0.0 HB2 20 
   489 178.007 0.0 C 46 
   356 125.552 0.0 N 35 
   563 43.019 0.0 CB 52 
   183 8.075 0.0 H 19 
   606 3.195 0.0 HD2 56 
   906 66.204 0.0 CB 82 
   941 172.805 0.0 C 86 
   967 1.236 0.0 HG21 89 
   1251 1.61 0.0 HG2 113 
   1256 43.47 0.0 CD 113 
   824 -0.729 0.0 HB3 76 
   922 1.823 0.0 HB3 84 
   148 8.026 0.0 H 16 
   485 6.77 0.0 HD1 46 
   1319 2.643 0.0 HB3 119 
   422 0.717 0.0 HD22 41 
   1431 2.483 0.0 HB3 128 
   844 3.09 0.0 HD3 77 
   285 26.46 0.0 CG 28 
   59 3.932 0.0 HA 7 
   393 1.212 0.0 HB2 39 
   648 7.032 0.0 HE1 59 
   649 7.032 0.0 HE2 59 
   29 7.153 0.0 H 4 
   350 2.92 0.0 HD2 35 
   806 44.31 0.0 CB 74 
   791 130.3 0.0 CE1 73 
   472 122.987 0.0 N 44 
   34 0.979 0.0 HG13 4 
   1360 174.025 0.0 C 121 
   553 173.901 0.0 C 51 
   863 63.69 0.0 CA 78 
   1074 8.665 0.0 H 97 
   469 131.0 0.0 CD2 44 
   240 3.047 0.0 HD3 23 
   809 123.697 0.0 N 74 
   1416 0.549 0.0 HG11 127 
   999 36.712 0.0 CG 91 
   696 39.218 0.0 CB 64 
   980 0.545 0.0 HG13 90 
   1295 27.648 0.0 CG 116 
   933 24.71 0.0 CG 84 
   163 50.635 0.0 CD 17 
   630 0.92 0.0 HD13 58 
   294 28.57 0.0 CB 29 
   1068 41.738 0.0 CB 96 
   715 1.416 0.0 HB1 66 
   1246 5.608 0.0 HA 113 
   1033 17.492 0.0 CG2 93 
   76 1.637 0.0 HD2 9 
   960 5.047 0.0 HA3 88 
   309 1.028 0.0 HB3 31 
   423 0.717 0.0 HD23 41 
   1369 4.517 0.0 HA 122 
   981 1.127 0.0 HG21 90 
   139 126.164 0.0 N 14 
   996 175.381 0.0 C 91 
   79 2.903 0.0 HE3 9 
   1254 54.651 0.0 CA 113 
   151 48.106 0.0 CA 16 
   1267 -0.462 0.0 HG2 114 
   552 1.179 0.0 HG23 51 
   1037 1.937 0.0 HB1 94 
   186 1.528 0.0 HB3 19 
   661 7.15 0.0 HD2 61 
   380 18.245 0.0 CB 37 
   1289 1.586 0.0 HG2 116 
   560 2.623 0.0 HB2 52 
   1126 176.9 0.0 C 102 
   132 7.486 0.0 H 14 
   611 60.144 0.0 CA 56 
   506 34.745 0.0 CB 47 
   793 124.281 0.0 N 73 
   1306 3.037 0.0 HD2 118 
   73 4.514 0.0 HA 9 
   346 8.345 0.0 H 35 
   460 3.082 0.0 HB3 44 
   131 117.361 0.0 N 13 
   385 1.672 0.0 HB2 38 
   496 0.204 0.0 HD11 47 
   504 178.5 0.0 C 47 
   578 4.158 0.0 HA 54 
   1364 130.74 0.0 CD2 121 
   118 2.63 0.0 HB2 12 
   1031 14.095 0.0 CD1 93 
   834 41.951 0.0 CB 76 
   48 175.9 0.0 C 5 
   33 0.979 0.0 HG12 4 
   1271 32.422 0.0 CB 114 
   1296 8.576 0.0 H 117 
   155 2.166 0.0 HB3 17 
   280 -0.395 0.0 HG3 28 
   299 1.341 0.0 HB1 30 
   507 10.335 0.0 CD1 47 
   138 29.87 0.0 CB 14 
   1069 131.6 0.0 CD1 96 
   1265 2.17 0.0 HE2 114 
   93 1.269 0.0 HG22 10 
   633 0.806 0.0 HD23 58 
   780 2.454 0.0 HB2 73 
   535 118.382 0.0 N 49 
   502 0.479 0.0 HG22 47 
   1108 8.975 0.0 H 100 
   1263 0.874 0.0 HD2 114 
   113 118.8 0.0 CE1 11 
   470 130.2 0.0 CE1 44 
   991 5.776 0.0 HA 91 
   539 0.509 0.0 HG21 50 
   537 4.576 0.0 HA 50 
   1184 1.268 0.0 HB2 108 
   1226 32.464 0.0 CG 111 
   953 54.544 0.0 CA 87 
   603 3.95 0.0 HA 56 
   721 120.92 0.0 N 66 
   517 0.798 0.0 HG21 48 
   729 118.219 0.0 N 67 
   89 8.784 0.0 H 10 
   1232 3.418 0.0 HB3 112 
   220 27.115 0.0 CB 21 
   902 3.83 0.0 HB2 82 
   75 1.914 0.0 HB3 9 
   581 2.144 0.0 HG2 54 
   1087 117.405 0.0 N 97 
   822 4.769 0.0 HA 76 
   137 60.369 0.0 CA 14 
   1067 55.736 0.0 CA 96 
   639 22.596 0.0 CD2 58 
   879 177.507 0.0 C 79 
   758 56.417 0.0 CA 70 
   119 2.469 0.0 HB3 12 
   1019 1.4 0.0 HB 93 
   1250 2.982 0.0 HD3 113 
   1207 9.762 0.0 H 110 
   43 128.077 0.0 N 4 
   12 2.675 0.0 HB2 2 
   1192 128.36 0.0 N 108 
   161 64.78 0.0 CA 17 
   681 0.909 0.0 HG23 63 
   1125 1.9 0.0 HG3 102 
   644 3.02 0.0 HB2 59 
   1298 4.046 0.0 HA3 117 
   1132 4.002 0.0 HA 103 
   784 6.582 0.0 HE1 73 
   963 107.686 0.0 N 88 
   1201 176.252 0.0 C 109 
   60 3.922 0.0 HB2 7 
   846 1.498 0.0 HG3 77 
   597 54.441 0.0 CA 55 
   86 41.986 0.0 CE 9 
   264 124.685 0.0 N 25 
   1432 55.945 0.0 CA 128 
   320 23.15 0.0 CD1 31 
   177 57.052 0.0 CA 18 
   1391 45.365 0.0 CA 124 
   1356 6.727 0.0 HD1 121 
   91 4.483 0.0 HB 10 
   461 7.23 0.0 HD1 44 
   1034 118.019 0.0 N 93 
   68 4.247 0.0 HA3 8 
   337 27.53 0.0 CG 33 
   149 2.895 0.0 HA2 16 
   365 176.705 0.0 C 36 
   1140 37.102 0.0 CG 103 
   1101 128.385 0.0 N 98 
   82 176.429 0.0 C 9 
   894 3.838 0.0 HB2 81 
   494 3.075 0.0 HA 47 
   403 117.405 0.0 CE2 39 
   692 6.936 0.0 HD21 64 
   709 29.462 0.0 CB 65 
   903 3.83 0.0 HB3 82 
   671 40.155 0.0 CB 62 
   930 33.692 0.0 CB 84 
   45 4.584 0.0 HA 5 
   451 2.209 0.0 HB2 43 
   1316 8.981 0.0 H 119 
   425 176.25 0.0 C 41 
   756 2.383 0.0 HG3 70 
   678 0.998 0.0 HG13 63 
   1174 2.829 0.0 HB2 107 
   245 33.978 0.0 CB 23 
   349 1.91 0.0 HB3 35 
   1341 6.888 0.0 HD2 120 
   590 1.625 0.0 HB2 55 
   1255 35.782 0.0 CB 113 
   249 8.642 0.0 H 24 
   65 118.937 0.0 N 7 
   976 4.777 0.0 HA 90 
   797 1.549 0.0 HB3 74 
   680 0.909 0.0 HG22 63 
   352 177.72 0.0 C 35 
   259 1.324 0.0 HB1 25 
   883 22.906 0.0 CD2 79 
   440 1.559 0.0 HG2 42 
   1073 120.365 0.0 N 96 
   1085 43.79 0.0 CD 97 
   901 4.747 0.0 HA 82 
   974 115.849 0.0 N 89 
   1379 2.039 0.0 HB3 123 
