   653 131.3 0.0 CD1 59 
   293 60.485 0.0 CA 29 
   371 117.801 0.0 CE2 36 
   594 1.378 0.0 HG2 55 
   690 2.951 0.0 HB2 64 
   727 60.29 0.0 CA 67 
   556 20.937 0.0 CG2 51 
   648 7.032 0.0 HE1 59 
   750 117.242 0.0 N 69 
   476 2.593 0.0 HB3 45 
   1293 27.96 0.0 CB 116 
   89 8.784 0.0 H 10 
   882 25.182 0.0 CD1 79 
   250 4.576 0.0 HA 24 
   965 5.861 0.0 HA 89 
   809 123.697 0.0 N 74 
   438 3.341 0.0 HE2 42 
   17 53.005 0.0 CA 2 
   1036 5.859 0.0 HA 94 
   929 55.741 0.0 CA 84 
   62 175.803 0.0 C 7 
   87 25.43 0.0 CG 9 
   536 7.115 0.0 H 50 
   1248 1.708 0.0 HB3 113 
   629 0.92 0.0 HD12 58 
   1002 5.619 0.0 HA 92 
   733 2.234 0.0 HB3 68 
   1200 1.376 0.0 HG3 109 
   917 36.115 0.0 CG 83 
   32 0.979 0.0 HG11 4 
   79 2.903 0.0 HE3 9 
   756 2.383 0.0 HG3 70 
   95 175.801 0.0 C 10 
   949 3.345 0.0 HD3 87 
   706 1.16 0.0 HG3 65 
   277 3.241 0.0 HD2 28 
   238 1.707 0.0 HB3 23 
   702 1.467 0.0 HB3 65 
   1026 0.78 0.0 HG22 93 
   1321 10.114 0.0 HE1 119 
   216 1.747 0.0 HG2 21 
   817 57.14 0.0 CA 75 
   1289 1.586 0.0 HG2 116 
   573 65.11 0.0 CA 53 
   1433 42.247 0.0 CB 128 
   1409 177.6 0.0 C 126 
   1102 9.005 0.0 H 99 
   614 28.048 0.0 CG 56 
   581 2.144 0.0 HG2 54 
   636 54.812 0.0 CA 58 
   511 7.322 0.0 H 48 
   400 62.201 0.0 CA 39 
   605 1.95 0.0 HB3 56 
   992 1.996 0.0 HB2 91 
   553 173.901 0.0 C 51 
   681 0.909 0.0 HG23 63 
   1229 9.143 0.0 H 112 
   1308 1.253 0.0 HG2 118 
   680 0.909 0.0 HG22 63 
   1012 132.1 0.0 CD1 92 
   649 7.032 0.0 HE2 59 
   982 1.127 0.0 HG22 90 
   1316 8.981 0.0 H 119 
   1344 176.52 0.0 C 120 
   1326 175.5 0.0 C 119 
   416 1.555 0.0 HB2 41 
   1362 40.107 0.0 CB 121 
   807 25.72 0.0 CD1 74 
   52 7.704 0.0 H 6 
   408 1.098 0.0 HB2 40 
   955 43.15 0.0 CD 87 
   115 124.022 0.0 N 11 
   580 1.751 0.0 HB3 54 
   366 62.75 0.0 CA 36 
   268 1.485 0.0 HB3 26 
   427 40.89 0.0 CB 41 
   711 27.67 0.0 CG 65 
   838 126.577 0.0 N 76 
   231 63.14 0.0 CA 22 
   1011 43.37 0.0 CB 92 
   169 0.885 0.0 HD11 18 
   1330 119.204 0.0 CE3 119 
   437 1.611 0.0 HD3 42 
   862 176.104 0.0 C 78 
   748 30.017 0.0 CB 69 
   475 2.716 0.0 HB2 45 
   192 0.146 0.0 HD23 19 
   160 177.301 0.0 C 17 
   233 22.556 0.0 CG2 22 
   1066 171.75 0.0 C 96 
   453 174.95 0.0 C 43 
   217 1.747 0.0 HG3 21 
   346 8.345 0.0 H 35 
   77 1.637 0.0 HD3 9 
   991 5.776 0.0 HA 91 
   1310 173.805 0.0 C 118 
   1018 5.199 0.0 HA 93 
   1187 2.103 0.0 HG3 108 
   460 3.082 0.0 HB3 44 
   1246 5.608 0.0 HA 113 
   1380 1.878 0.0 HG2 123 
   329 2.895 0.0 HD2 33 
   255 64.524 0.0 CB 24 
   3 2.003 0.0 HB3 1 
   1261 0.78 0.0 HB2 114 
   1184 1.268 0.0 HB2 108 
   672 119.139 0.0 N 62 
   374 3.578 0.0 HA 37 
   956 27.468 0.0 CG 87 
   1425 21.54 0.0 CG1 127 
   1114 7.925 0.0 H 101 
   1173 5.583 0.0 HA 107 
   1266 2.265 0.0 HE3 114 
   1417 0.549 0.0 HG12 127 
   526 8.501 0.0 H 49 
   635 177.0 0.0 C 58 
   1432 55.945 0.0 CA 128 
   153 4.172 0.0 HA 17 
   1165 4.998 0.0 HA 106 
   913 2.205 0.0 HG3 83 
   1025 0.78 0.0 HG21 93 
   1322 7.275 0.0 HE3 119 
   714 4.151 0.0 HA 66 
   1320 6.8 0.0 HD1 119 
   1094 1.576 0.0 HG2 98 
   578 4.158 0.0 HA 54 
   1297 3.345 0.0 HA2 117 
   1219 6.732 0.0 HE21 111 
   202 4.243 0.0 HA 20 
   1264 0.784 0.0 HD3 114 
   1256 43.47 0.0 CD 113 
   66 9.283 0.0 H 8 
   1008 7.082 0.0 HE2 92 
   960 5.047 0.0 HA3 88 
   410 179.8 0.0 C 40 
   1160 173.605 0.0 C 105 
   75 1.914 0.0 HB3 9 
   24 2.948 0.0 HB3 3 
   1207 9.762 0.0 H 110 
   1413 7.916 0.0 H 127 
   1166 3.271 0.0 HB2 106 
   1232 3.418 0.0 HB3 112 
   167 1.8 0.0 HB2 18 
   361 6.665 0.0 HD1 36 
   986 36.819 0.0 CB 90 
   1067 55.736 0.0 CA 96 
   240 3.047 0.0 HD3 23 
   1140 37.102 0.0 CG 103 
   935 4.11 0.0 HA2 85 
   1220 7.652 0.0 HE22 111 
   8 29.815 0.0 CB 1 
   1324 7.531 0.0 HZ2 119 
   315 1.147 0.0 HD23 31 
   430 27.053 0.0 CG 41 
   1302 7.628 0.0 H 118 
   387 180.2 0.0 C 38 
   134 2.552 0.0 HB2 14 
   1237 175.205 0.0 C 112 
   723 4.145 0.0 HA 67 
   1319 2.643 0.0 HB3 119 
   1427 122.174 0.0 N 127 
   142 2.595 0.0 HB2 15 
   354 30.325 0.0 CB 35 
   1257 28.88 0.0 CG 113 
   139 126.164 0.0 N 14 
   970 173.801 0.0 C 89 
   1339 2.875 0.0 HB3 120 
   799 0.739 0.0 HD12 74 
   129 53.219 0.0 CA 13 
   987 22.264 0.0 CG1 90 
   499 1.064 0.0 HG12 47 
   924 1.726 0.0 HD3 84 
   206 177.003 0.0 C 20 
   283 31.061 0.0 CB 28 
   925 3.003 0.0 HE2 84 
   774 175.305 0.0 C 72 
   490 62.32 0.0 CA 46 
   279 1.333 0.0 HG2 28 
   1142 8.938 0.0 H 104 
   154 1.368 0.0 HB2 17 
   819 36.619 0.0 CG 75 
   977 2.119 0.0 HB 90 
   396 6.665 0.0 HD2 39 
   242 1.415 0.0 HG3 23 
   318 56.998 0.0 CA 31 
   1106 47.294 0.0 CA 99 
   1078 3.228 0.0 HD2 97 
   958 8.529 0.0 H 88 
   597 54.441 0.0 CA 55 
   948 3.345 0.0 HD2 87 
   907 115.128 0.0 N 82 
   1024 1.216 0.0 HG13 93 
   973 21.775 0.0 CG2 89 
   1318 2.77 0.0 HB2 119 
   787 60.0 0.0 CA 73 
   810 7.719 0.0 H 75 
   1423 61.46 0.0 CA 127 
   621 55.375 0.0 CA 57 
   1120 1.866 0.0 HB2 102 
   1429 4.298 0.0 HA 128 
   1422 174.707 0.0 C 127 
   600 26.888 0.0 CG 55 
   522 32.041 0.0 CB 48 
   607 3.195 0.0 HD3 56 
   749 36.968 0.0 CG 69 
   796 1.361 0.0 HB2 74 
   889 171.34 0.0 C 80 
   887 4.158 0.0 HA2 80 
   1115 4.033 0.0 HA2 101 
   1202 55.671 0.0 CA 109 
   76 1.637 0.0 HD2 9 
   1399 174.408 0.0 C 125 
   345 111.582 0.0 N 34 
   1382 173.108 0.0 C 123 
   382 8.298 0.0 H 38 
   164 28.471 0.0 CG 17 
   568 2.804 0.0 HD2 53 
   56 46.424 0.0 CA 6 
   989 121.506 0.0 N 90 
   766 172.0 0.0 C 71 
   646 7.195 0.0 HD1 59 
   300 1.341 0.0 HB2 30 
   1309 1.253 0.0 HG3 118 
   239 3.047 0.0 HD2 23 
   249 8.642 0.0 H 24 
   307 3.978 0.0 HA 31 
   1079 3.228 0.0 HD3 97 
   1270 53.831 0.0 CA 114 
   586 36.72 0.0 CG 54 
   864 32.119 0.0 CB 78 
   777 122.633 0.0 N 72 
   968 1.236 0.0 HG22 89 
   358 3.84 0.0 HA 36 
   4 2.222 0.0 HG2 1 
   1175 3.482 0.0 HB3 107 
   500 0.837 0.0 HG13 47 
   402 117.405 0.0 CE1 39 
   647 7.195 0.0 HD2 59 
   33 0.979 0.0 HG12 4 
   148 8.026 0.0 H 16 
   73 4.514 0.0 HA 9 
   1076 1.689 0.0 HB2 97 
   903 3.83 0.0 HB3 82 
   1352 9.316 0.0 H 121 
   716 1.416 0.0 HB2 66 
   235 7.348 0.0 H 23 
   302 177.4 0.0 C 30 
   1387 8.786 0.0 H 124 
   532 58.85 0.0 CA 49 
   414 8.557 0.0 H 41 
   705 1.16 0.0 HG2 65 
   132 7.486 0.0 H 14 
   1215 9.274 0.0 H 111 
   449 8.832 0.0 H 43 
   1364 130.74 0.0 CD2 121 
   1032 28.25 0.0 CG1 93 
   1192 128.36 0.0 N 108 
   1143 4.495 0.0 HA 104 
   419 0.761 0.0 HD12 41 
   1426 20.19 0.0 CG2 127 
   728 28.554 0.0 CB 67 
   58 8.552 0.0 H 7 
   456 123.108 0.0 N 43 
   1418 0.549 0.0 HG13 127 
   104 7.598 0.0 HD1 11 
   505 61.81 0.0 CA 47 
   940 4.069 0.0 HB3 86 
   1059 5.374 0.0 HA 96 
   825 0.564 0.0 HD11 76 
   899 113.782 0.0 N 81 
   1125 1.9 0.0 HG3 102 
   1278 1.303 0.0 HB1 115 
   742 2.066 0.0 HB2 69 
   303 54.5 0.0 CA 30 
   634 1.6 0.0 HG 58 
   46 3.103 0.0 HB2 5 
   1019 1.4 0.0 HB 93 
   1298 4.046 0.0 HA3 117 
   971 61.14 0.0 CA 89 
   936 3.74 0.0 HA3 85 
   267 1.485 0.0 HB2 26 
   170 0.885 0.0 HD12 18 
   350 2.92 0.0 HD2 35 
   473 8.306 0.0 H 45 
   695 56.908 0.0 CA 64 
   797 1.549 0.0 HB3 74 
   659 3.312 0.0 HB2 61 
   1260 4.664 0.0 HA 114 
   1267 -0.462 0.0 HG2 114 
   1397 2.216 0.0 HG2 125 
   458 3.905 0.0 HA 44 
   656 129.0 0.0 CE2 59 
   258 4.116 0.0 HA 25 
   1017 9.184 0.0 H 93 
   502 0.479 0.0 HG22 47 
   613 43.64 0.0 CD 56 
   1178 51.578 0.0 CA 107 
   1113 109.645 0.0 N 100 
   151 48.106 0.0 CA 16 
   98 22.425 0.0 CG2 10 
   243 174.2 0.0 C 23 
   1299 173.43 0.0 C 117 
   828 0.582 0.0 HD21 76 
   700 3.481 0.0 HA 65 
   846 1.498 0.0 HG3 77 
   395 6.665 0.0 HD1 39 
   1188 173.31 0.0 C 108 
   835 25.728 0.0 CD1 76 
   222 28.094 0.0 CG 21 
   320 23.15 0.0 CD1 31 
   1176 6.803 0.0 HD2 107 
   272 7.106 0.0 H 27 
   1000 129.755 0.0 N 91 
   494 3.075 0.0 HA 47 
   831 1.027 0.0 HG 76 
   312 1.035 0.0 HD13 31 
   508 26.86 0.0 CG1 47 
   941 172.805 0.0 C 86 
   688 7.698 0.0 H 64 
   1198 3.139 0.0 HD3 109 
   1216 5.243 0.0 HA 111 
   1098 32.12 0.0 CB 98 
   1124 1.991 0.0 HG2 102 
   1154 123.299 0.0 N 104 
   363 6.75 0.0 HE1 36 
   262 52.785 0.0 CA 25 
   109 61.54 0.0 CA 11 
   92 1.269 0.0 HG21 10 
   514 0.502 0.0 HG11 48 
   334 60.318 0.0 CA 33 
   1162 65.457 0.0 CB 105 
   582 2.144 0.0 HG3 54 
   1233 7.09 0.0 HD1 112 
   754 2.218 0.0 HB3 70 
   524 21.395 0.0 CG2 48 
   823 1.401 0.0 HB2 76 
   541 0.509 0.0 HG23 50 
   988 22.42 0.0 CG2 90 
   501 0.479 0.0 HG21 47 
   598 31.582 0.0 CB 55 
   923 1.726 0.0 HD2 84 
   1095 1.576 0.0 HG3 98 
   844 3.09 0.0 HD3 77 
   815 1.996 0.0 HG3 75 
   186 1.528 0.0 HB3 19 
   851 27.258 0.0 CG 77 
   13 2.932 0.0 HB3 2 
   883 22.906 0.0 CD2 79 
   539 0.509 0.0 HG21 50 
   1050 1.66 0.0 HG2 95 
   1431 2.483 0.0 HB3 128 
   1145 1.686 0.0 HB3 104 
   348 1.396 0.0 HB2 35 
   298 3.898 0.0 HA 30 
   1007 7.082 0.0 HE1 92 
   743 2.139 0.0 HB3 69 
   554 64.045 0.0 CA 51 
   35 0.979 0.0 HG21 4 
   1377 4.264 0.0 HA 123 
   390 119.703 0.0 N 38 
   353 60.124 0.0 CA 35 
   782 7.023 0.0 HD1 73 
   1247 1.796 0.0 HB2 113 
   364 6.75 0.0 HE2 36 
   664 31.254 0.0 CB 61 
   1156 8.499 0.0 H 105 
   25 178.12 0.0 C 3 
   855 1.94 0.0 HB 78 
   244 54.444 0.0 CA 23 
   1212 59.029 0.0 CA 110 
   928 1.428 0.0 HG3 84 
   1170 33.628 0.0 CB 106 
   359 2.601 0.0 HB2 36 
   388 55.485 0.0 CA 38 
   729 118.219 0.0 N 67 
   100 8.849 0.0 H 11 
   6 176.41 0.0 C 1 
   480 117.34 0.0 N 45 
   543 61.38 0.0 CA 50 
   21 9.38 0.0 H 3 
   173 0.718 0.0 HD22 18 
   725 3.645 0.0 HB3 67 
   127 2.715 0.0 HB3 13 
   356 125.552 0.0 N 35 
   1027 0.78 0.0 HG23 93 
   1373 60.295 0.0 CA 122 
   761 114.677 0.0 N 70 
   571 1.635 0.0 HG3 53 
   620 176.8 0.0 C 57 
   1389 4.955 0.0 HA3 124 
   1092 3.211 0.0 HD2 98 
   1131 8.534 0.0 H 103 
   1259 8.608 0.0 H 114 
   1048 3.15 0.0 HD2 95 
   757 176.9 0.0 C 70 
   873 0.654 0.0 HD12 79 
   223 110.82 0.0 N 21 
   905 57.524 0.0 CA 82 
   1366 130.84 0.0 CE2 121 
   869 4.345 0.0 HA 79 
   1228 111.8 0.0 NE2 111 
   257 8.255 0.0 H 25 
   105 7.598 0.0 HD2 11 
   1357 6.727 0.0 HD2 121 
   627 1.619 0.0 HB3 58 
   676 0.998 0.0 HG11 63 
   744 2.258 0.0 HG2 69 
   378 178.2 0.0 C 37 
   837 27.682 0.0 CG 76 
   1038 1.937 0.0 HB2 94 
   248 118.381 0.0 N 23 
   38 175.39 0.0 C 4 
   377 1.502 0.0 HB3 37 
   657 119.653 0.0 N 59 
   367 38.05 0.0 CB 36 
   947 2.189 0.0 HB3 87 
   1174 2.829 0.0 HB2 107 
   405 8.09 0.0 H 40 
   1180 115.4 0.0 CD2 107 
   205 1.402 0.0 HB3 20 
   767 58.754 0.0 CA 71 
   1075 4.526 0.0 HA 97 
   671 40.155 0.0 CB 62 
   72 7.934 0.0 H 9 
   1055 43.47 0.0 CD 95 
   347 4.006 0.0 HA 35 
   1365 130.84 0.0 CE1 121 
   1074 8.665 0.0 H 97 
   165 6.545 0.0 H 18 
   1206 122.752 0.0 N 109 
   426 54.401 0.0 CA 41 
   871 1.609 0.0 HB3 79 
   885 130.507 0.0 N 79 
   540 0.509 0.0 HG22 50 
   726 178.407 0.0 C 67 
   997 53.955 0.0 CA 91 
   1034 118.019 0.0 N 93 
   48 175.9 0.0 C 5 
   503 0.479 0.0 HG23 47 
   893 5.342 0.0 HA 81 
   900 8.975 0.0 H 82 
   881 42.361 0.0 CB 79 
   461 7.23 0.0 HD1 44 
   1118 108.265 0.0 N 101 
   241 1.415 0.0 HG2 23 
   1010 56.13 0.0 CA 92 
   31 2.078 0.0 HB 4 
   1197 3.139 0.0 HD2 109 
   53 3.93 0.0 HA2 6 
   854 4.11 0.0 HA 78 
   639 22.596 0.0 CD2 58 
   344 63.245 0.0 CB 34 
   1428 7.901 0.0 H 128 
   1291 177.209 0.0 C 116 
   1015 131.4 0.0 CE2 92 
   1272 29.151 0.0 CD 114 
   407 1.098 0.0 HB1 40 
   253 174.356 0.0 C 24 
   406 3.956 0.0 HA 40 
   891 106.586 0.0 N 80 
   760 36.478 0.0 CG 70 
   998 31.557 0.0 CB 91 
   193 1.197 0.0 HG 19 
   1374 64.524 0.0 CB 122 
   1016 124.784 0.0 N 92 
   591 2.333 0.0 HB3 55 
   36 0.979 0.0 HG22 4 
   325 122.625 0.0 N 32 
   561 2.488 0.0 HB3 52 
   417 1.555 0.0 HB3 41 
   1041 49.829 0.0 CA 94 
   1336 9.145 0.0 H 120 
   972 72.876 0.0 CB 89 
   800 0.739 0.0 HD13 74 
   308 1.591 0.0 HB2 31 
   587 114.777 0.0 N 54 
   1144 0.798 0.0 HB2 104 
   401 35.75 0.0 CB 39 
   979 0.545 0.0 HG12 90 
   572 178.7 0.0 C 53 
   1334 121.469 0.0 N 119 
   1294 43.34 0.0 CD 116 
   574 32.371 0.0 CB 53 
   812 1.784 0.0 HB2 75 
   365 176.705 0.0 C 36 
   950 1.847 0.0 HG2 87 
   174 0.718 0.0 HD23 18 
   610 177.209 0.0 C 56 
   389 18.195 0.0 CB 38 
   337 27.53 0.0 CG 33 
   519 0.798 0.0 HG23 48 
   622 39.937 0.0 CB 57 
   336 43.145 0.0 CD 33 
   839 9.187 0.0 H 77 
   119 2.469 0.0 HB3 12 
   220 27.115 0.0 CB 21 
   328 1.468 0.0 HB3 33 
   1273 41.456 0.0 CE 114 
   546 103.746 0.0 N 50 
   1349 117.2 0.0 CE1 120 
   1295 27.648 0.0 CG 116 
   91 4.483 0.0 HB 10 
   552 1.179 0.0 HG23 51 
   1342 6.86 0.0 HE1 120 
   314 1.147 0.0 HD22 31 
   229 1.138 0.0 HG23 22 
   362 6.665 0.0 HD2 36 
   482 3.695 0.0 HA 46 
   1381 1.878 0.0 HG3 123 
   7 57.135 0.0 CA 1 
   126 2.443 0.0 HB2 13 
   601 116.352 0.0 N 55 
   1367 122.001 0.0 N 121 
   849 32.628 0.0 CB 77 
   373 8.907 0.0 H 37 
   1279 1.303 0.0 HB2 115 
   637 41.906 0.0 CB 58 
   512 3.049 0.0 HA 48 
   709 29.462 0.0 CB 65 
   1236 7.192 0.0 HE2 112 
   1110 3.905 0.0 HA3 100 
   128 175.205 0.0 C 13 
   1281 51.415 0.0 CA 115 
   381 121.482 0.0 N 37 
   1253 173.52 0.0 C 113 
   1071 130.76 0.0 CE1 96 
   81 1.315 0.0 HG3 9 
   633 0.806 0.0 HD23 58 
   808 22.606 0.0 CD2 74 
   1164 9.575 0.0 H 106 
   271 19.685 0.0 CB 26 
   108 178.9 0.0 C 11 
   914 174.601 0.0 C 83 
   197 25.042 0.0 CD1 19 
   324 8.704 0.0 H 32 
   1028 175.6 0.0 C 93 
   182 116.726 0.0 N 18 
   675 1.923 0.0 HB 63 
   210 7.678 0.0 H 21 
   1313 43.27 0.0 CD 118 
   717 1.416 0.0 HB3 66 
   178 39.261 0.0 CB 18 
   1161 57.248 0.0 CA 105 
   802 0.741 0.0 HD22 74 
   564 127.871 0.0 N 52 
   632 0.806 0.0 HD22 58 
   644 3.02 0.0 HB2 59 
   641 118.45 0.0 N 58 
   585 29.521 0.0 CB 54 
   667 2.758 0.0 HB2 62 
   1288 3.215 0.0 HD3 116 
   1199 1.376 0.0 HG2 109 
   980 0.545 0.0 HG13 90 
   912 2.205 0.0 HG2 83 
   658 4.325 0.0 HA 61 
   1265 2.17 0.0 HE2 114 
   523 23.105 0.0 CG1 48 
   894 3.838 0.0 HB2 81 
   596 173.52 0.0 C 55 
   528 1.945 0.0 HB2 49 
   450 4.875 0.0 HA 43 
   922 1.823 0.0 HB3 84 
   1157 5.357 0.0 HA 105 
   274 2.61 0.0 HA 28 
   116 8.466 0.0 H 12 
   1081 1.566 0.0 HG3 97 
   338 7.582 0.0 H 34 
   662 177.2 0.0 C 61 
   860 0.813 0.0 HG22 78 
   158 1.735 0.0 HG2 17 
   966 3.95 0.0 HB 89 
   403 117.405 0.0 CE2 39 
   146 30.602 0.0 CB 15 
   566 1.839 0.0 HB2 53 
   1292 56.584 0.0 CA 116 
   1251 1.61 0.0 HG2 113 
   317 179.245 0.0 C 31 
   245 33.978 0.0 CB 23 
   1151 54.05 0.0 CA 104 
   770 8.706 0.0 H 72 
   909 4.892 0.0 HA 83 
   1224 53.985 0.0 CA 111 
   1093 3.211 0.0 HD3 98 
   665 8.376 0.0 H 62 
   1068 41.738 0.0 CB 96 
   953 54.544 0.0 CA 87 
   920 4.584 0.0 HA 84 
   1390 172.204 0.0 C 124 
   772 2.638 0.0 HB2 72 
   260 1.324 0.0 HB2 25 
   804 176.95 0.0 C 74 
   677 0.998 0.0 HG12 63 
   939 4.197 0.0 HB2 86 
   278 2.142 0.0 HD3 28 
   974 115.849 0.0 N 89 
   455 40.453 0.0 CB 43 
   290 1.995 0.0 HG2 29 
   1089 4.874 0.0 HA 98 
   877 0.689 0.0 HD23 79 
   630 0.92 0.0 HD13 58 
   1400 54.435 0.0 CA 125 
   1210 4.024 0.0 HB3 110 
   861 0.813 0.0 HG23 78 
   207 52.729 0.0 CA 20 
   299 1.341 0.0 HB1 30 
   951 1.78 0.0 HG3 87 
   755 2.53 0.0 HG2 70 
   1126 176.9 0.0 C 102 
   1225 30.155 0.0 CB 111 
   471 130.2 0.0 CE2 44 
   80 1.399 0.0 HG2 9 
   404 119.108 0.0 N 39 
   1353 4.192 0.0 HA 121 
   351 2.92 0.0 HD3 35 
   880 56.012 0.0 CA 79 
   560 2.623 0.0 HB2 52 
   1424 32.581 0.0 CB 127 
   830 0.582 0.0 HD23 76 
   1406 1.334 0.0 HB1 126 
   196 40.21 0.0 CB 19 
   291 1.995 0.0 HG3 29 
   822 4.769 0.0 HA 76 
   496 0.204 0.0 HD11 47 
   340 3.692 0.0 HB2 34 
   441 1.111 0.0 HG3 42 
   640 26.923 0.0 CG 58 
   88 120.607 0.0 N 9 
   1054 33.572 0.0 CB 95 
   783 7.023 0.0 HD2 73 
   429 22.34 0.0 CD2 41 
   510 119.187 0.0 N 47 
   978 0.545 0.0 HG11 90 
   335 29.362 0.0 CB 33 
   1146 6.978 0.0 HE21 104 
   452 2.821 0.0 HB3 43 
   679 0.909 0.0 HG21 63 
   1346 42.25 0.0 CB 120 
   1385 35.236 0.0 CG 123 
   908 8.427 0.0 H 83 
   1134 1.823 0.0 HB3 103 
   1091 1.925 0.0 HB3 98 
   1252 1.343 0.0 HG3 113 
   29 7.153 0.0 H 4 
   1305 1.514 0.0 HB3 118 
   288 1.619 0.0 HB2 29 
   70 45.052 0.0 CA 8 
   857 0.751 0.0 HG12 78 
   776 42.88 0.0 CB 72 
   181 28.33 0.0 CG 18 
   349 1.91 0.0 HB3 35 
   1044 9.352 0.0 H 95 
   264 124.685 0.0 N 25 
   670 57.769 0.0 CA 62 
   133 4.403 0.0 HA 14 
   890 45.632 0.0 CA 80 
   841 1.734 0.0 HB2 77 
   280 -0.395 0.0 HG3 28 
   1241 131.451 0.0 CD2 112 
   409 1.098 0.0 HB3 40 
   440 1.559 0.0 HG2 42 
   1355 2.737 0.0 HB3 121 
   517 0.798 0.0 HG21 48 
   888 4.158 0.0 HA3 80 
   1271 32.422 0.0 CB 114 
   1249 3.346 0.0 HD2 113 
   906 66.204 0.0 CB 82 
   696 39.218 0.0 CB 64 
   246 43.34 0.0 CD 23 
   448 116.255 0.0 N 42 
   137 60.369 0.0 CA 14 
   788 38.32 0.0 CB 73 
   1401 33.107 0.0 CB 125 
   1103 3.975 0.0 HA2 99 
   385 1.672 0.0 HB2 38 
   447 25.37 0.0 CG 42 
   1379 2.039 0.0 HB3 123 
   738 32.56 0.0 CB 68 
   542 173.401 0.0 C 50 
   1262 -0.968 0.0 HB3 114 
   686 20.93 0.0 CG2 63 
   1167 3.578 0.0 HB3 106 
   834 41.951 0.0 CB 76 
   818 33.51 0.0 CB 75 
   655 129.0 0.0 CE1 59 
   625 4.331 0.0 HA 58 
   368 132.01 0.0 CD1 36 
   484 2.899 0.0 HB3 46 
   1014 131.4 0.0 CE1 92 
   878 1.524 0.0 HG 79 
   211 3.989 0.0 HA 21 
   866 21.285 0.0 CG2 78 
   1376 6.575 0.0 H 123 
   82 176.429 0.0 C 9 
   945 5.606 0.0 HA 87 
   1391 45.365 0.0 CA 124 
   1090 1.732 0.0 HB2 98 
   1277 4.579 0.0 HA 115 
   270 52.95 0.0 CA 26 
   551 1.179 0.0 HG22 51 
   544 69.63 0.0 CB 50 
   1130 27.111 0.0 CG 102 
   1138 57.735 0.0 CA 103 
   237 1.524 0.0 HB2 23 
   879 177.507 0.0 C 79 
   1141 120.322 0.0 N 103 
   1030 42.274 0.0 CB 93 
   1268 0.415 0.0 HG3 114 
   1338 2.695 0.0 HB2 120 
   790 130.4 0.0 CD2 73 
   99 112.657 0.0 N 10 
   814 1.996 0.0 HG2 75 
   1348 133.1 0.0 CD2 120 
   1058 8.865 0.0 H 96 
   1196 1.743 0.0 HB3 109 
   599 42.47 0.0 CD 55 
   269 176.4 0.0 C 26 
   212 2.193 0.0 HB2 21 
   897 57.259 0.0 CA 81 
   735 1.68 0.0 HG3 68 
   722 7.759 0.0 H 67 
   204 1.402 0.0 HB2 20 
   184 3.623 0.0 HA 19 
   1163 113.911 0.0 N 105 
   306 7.782 0.0 H 31 
   162 32.12 0.0 CB 17 
   1100 27.715 0.0 CG 98 
   418 0.761 0.0 HD11 41 
   660 3.215 0.0 HB3 61 
   1221 2.437 0.0 HG2 111 
   575 50.1 0.0 CD 53 
   2 1.908 0.0 HB2 1 
   156 3.281 0.0 HD2 17 
   606 3.195 0.0 HD2 56 
   425 176.25 0.0 C 41 
   305 120.59 0.0 N 30 
   993 1.996 0.0 HB3 91 
   15 7.423 0.0 HD22 2 
   626 1.705 0.0 HB2 58 
   557 121.694 0.0 N 51 
   1052 176.85 0.0 C 95 
   1226 32.464 0.0 CG 111 
   1097 55.288 0.0 CA 98 
   1109 3.905 0.0 HA2 100 
   618 2.735 0.0 HB2 57 
   469 131.0 0.0 CD2 44 
   875 0.689 0.0 HD21 79 
   1082 174.825 0.0 C 97 
   65 118.937 0.0 N 7 
   26 63.959 0.0 CA 3 
   896 172.936 0.0 C 81 
   1421 0.266 0.0 HG23 127 
   689 4.798 0.0 HA 64 
   603 3.95 0.0 HA 56 
   1430 2.607 0.0 HB2 128 
   339 4.736 0.0 HA 34 
   478 57.459 0.0 CA 45 
   933 24.71 0.0 CG 84 
   1083 54.951 0.0 CA 97 
   67 3.52 0.0 HA2 8 
   472 122.987 0.0 N 44 
   703 2.83 0.0 HD2 65 
   1356 6.727 0.0 HD1 121 
   567 2.232 0.0 HB3 53 
   531 2.295 0.0 HG3 49 
   730 8.221 0.0 H 68 
   1301 103.666 0.0 N 117 
   1282 21.244 0.0 CB 115 
   489 178.007 0.0 C 46 
   459 2.887 0.0 HB2 44 
   136 175.105 0.0 C 14 
   491 38.35 0.0 CB 46 
   1205 28.708 0.0 CG 109 
   865 21.781 0.0 CG1 78 
   384 1.672 0.0 HB1 38 
   185 1.445 0.0 HB2 19 
   43 128.077 0.0 N 4 
   740 8.744 0.0 H 69 
   954 33.678 0.0 CB 87 
   678 0.998 0.0 HG13 63 
   191 0.146 0.0 HD22 19 
   90 4.478 0.0 HA 10 
   584 57.145 0.0 CA 54 
   1003 3.186 0.0 HB2 92 
   286 8.098 0.0 H 29 
   394 2.1 0.0 HB3 39 
   497 0.204 0.0 HD12 47 
   321 26.56 0.0 CD2 31 
   535 118.382 0.0 N 49 
   201 8.213 0.0 H 20 
   189 0.589 0.0 HD13 19 
   593 3.145 0.0 HD3 55 
   45 4.584 0.0 HA 5 
   1123 3.604 0.0 HD3 102 
   292 177.415 0.0 C 29 
   421 0.717 0.0 HD21 41 
   764 2.725 0.0 HB2 71 
   1333 121.55 0.0 CZ3 119 
   1230 5.485 0.0 HA 112 
   666 4.346 0.0 HA 62 
   214 3.225 0.0 HD2 21 
   1072 130.76 0.0 CE2 96 
   1152 33.32 0.0 CB 104 
   995 2.178 0.0 HG3 91 
   943 63.215 0.0 CB 86 
   112 133.6 0.0 CD2 11 
   1223 174.94 0.0 C 111 
   93 1.269 0.0 HG22 10 
   736 178.3 0.0 C 68 
   1243 130.35 0.0 CE2 112 
   1240 131.451 0.0 CD1 112 
   758 56.417 0.0 CA 70 
   143 2.495 0.0 HB3 15 
   412 17.695 0.0 CB 40 
   775 52.5 0.0 CA 72 
   853 8.94 0.0 H 78 
   1404 8.632 0.0 H 126 
   856 0.751 0.0 HG11 78 
   457 8.229 0.0 H 44 
   498 0.204 0.0 HD13 47 
   1021 0.535 0.0 HD12 93 
   959 3.563 0.0 HA2 88 
   1238 56.51 0.0 CA 112 
   40 32.072 0.0 CB 4 
   1285 1.856 0.0 HB2 116 
   794 9.086 0.0 H 74 
   281 176.9 0.0 C 28 
   611 60.144 0.0 CA 56 
   120 175.224 0.0 C 12 
   765 3.17 0.0 HB3 71 
   464 7.192 0.0 HE2 44 
   1189 54.005 0.0 CA 108 
   616 8.78 0.0 H 57 
   1345 57.29 0.0 CA 120 
   96 62.155 0.0 CA 10 
   944 8.091 0.0 H 87 
   63 59.829 0.0 CA 7 
   984 173.64 0.0 C 90 
   1136 2.0 0.0 HG3 103 
   110 39.46 0.0 CB 11 
   295 36.955 0.0 CG 29 
   106 6.55 0.0 HE1 11 
   874 0.654 0.0 HD13 79 
   609 1.788 0.0 HG3 56 
   961 172.34 0.0 C 88 
   333 177.29 0.0 C 33 
   1274 24.66 0.0 CG 114 
   287 3.38 0.0 HA 29 
   1046 1.85 0.0 HB2 95 
   1177 173.205 0.0 C 107 
   434 2.401 0.0 HB2 42 
   78 2.937 0.0 HE2 9 
   1327 57.495 0.0 CA 119 
   1287 3.215 0.0 HD2 116 
   1415 0.75 0.0 HB 127 
   707 177.82 0.0 C 65 
   1227 121.905 0.0 N 111 
   372 120.099 0.0 N 36 
   1323 6.967 0.0 HH2 119 
   14 6.792 0.0 HD21 2 
   687 121.325 0.0 N 63 
