   268 1.485 0.0 HB3 26 
   433 4.352 0.0 HA 42 
   983 1.127 0.0 HG23 90 
   122 40.455 0.0 CB 12 
   1388 4.231 0.0 HA2 124 
   280 -0.395 0.0 HG3 28 
   534 36.304 0.0 CG 49 
   788 38.32 0.0 CB 73 
   894 3.838 0.0 HB2 81 
   277 3.241 0.0 HD2 28 
   462 7.23 0.0 HD2 44 
   179 25.729 0.0 CD1 18 
   408 1.098 0.0 HB2 40 
   244 54.444 0.0 CA 23 
   515 0.502 0.0 HG12 48 
   583 177.408 0.0 C 54 
   273 109.233 0.0 N 27 
   517 0.798 0.0 HG21 48 
   554 64.045 0.0 CA 51 
   1167 3.578 0.0 HB3 106 
   150 2.895 0.0 HA3 16 
   407 1.098 0.0 HB1 40 
   811 4.385 0.0 HA 75 
   4 2.222 0.0 HG2 1 
   658 4.325 0.0 HA 61 
   478 57.459 0.0 CA 45 
   569 2.514 0.0 HD3 53 
   468 131.0 0.0 CD1 44 
   657 119.653 0.0 N 59 
   116 8.466 0.0 H 12 
   227 1.138 0.0 HG21 22 
   508 26.86 0.0 CG1 47 
   972 72.876 0.0 CB 89 
   957 119.907 0.0 N 87 
   274 2.61 0.0 HA 28 
   1075 4.526 0.0 HA 97 
   29 7.153 0.0 H 4 
   543 61.38 0.0 CA 50 
   458 3.905 0.0 HA 44 
   1229 9.143 0.0 H 112 
   335 29.362 0.0 CB 33 
   213 2.277 0.0 HB3 21 
   1214 125.774 0.0 N 110 
   469 131.0 0.0 CD2 44 
   1269 175.904 0.0 C 114 
   236 4.518 0.0 HA 23 
   807 25.72 0.0 CD1 74 
   1205 28.708 0.0 CG 109 
   1016 124.784 0.0 N 92 
   1131 8.534 0.0 H 103 
   893 5.342 0.0 HA 81 
   1258 124.163 0.0 N 113 
   435 2.401 0.0 HB3 42 
   623 116.726 0.0 N 57 
   113 118.8 0.0 CE1 11 
   410 179.8 0.0 C 40 
   1196 1.743 0.0 HB3 109 
   79 2.903 0.0 HE3 9 
   963 107.686 0.0 N 88 
   843 3.09 0.0 HD2 77 
   1367 122.001 0.0 N 121 
   328 1.468 0.0 HB3 33 
   572 178.7 0.0 C 53 
   823 1.401 0.0 HB2 76 
   836 23.57 0.0 CD2 76 
   1109 3.905 0.0 HA2 100 
   1129 49.61 0.0 CD 102 
   448 116.255 0.0 N 42 
   1364 130.74 0.0 CD2 121 
   677 0.998 0.0 HG12 63 
   1005 7.035 0.0 HD1 92 
   1080 1.566 0.0 HG2 97 
   96 62.155 0.0 CA 10 
   863 63.69 0.0 CA 78 
   1419 0.266 0.0 HG21 127 
   1177 173.205 0.0 C 107 
   618 2.735 0.0 HB2 57 
   209 120.542 0.0 N 20 
   1002 5.619 0.0 HA 92 
   995 2.178 0.0 HG3 91 
   374 3.578 0.0 HA 37 
   684 32.281 0.0 CB 63 
   1020 0.535 0.0 HD11 93 
   660 3.215 0.0 HB3 61 
   778 8.75 0.0 H 73 
   168 1.8 0.0 HB3 18 
   946 2.018 0.0 HB2 87 
   1091 1.925 0.0 HB3 98 
   483 2.559 0.0 HB2 46 
   1115 4.033 0.0 HA2 101 
   102 2.98 0.0 HB2 11 
   265 4.443 0.0 HA 26 
   725 3.645 0.0 HB3 67 
   1181 129.694 0.0 N 107 
   1425 21.54 0.0 CG1 127 
   1417 0.549 0.0 HG12 127 
   996 175.381 0.0 C 91 
   698 113.408 0.0 ND2 64 
   161 64.78 0.0 CA 17 
   1175 3.482 0.0 HB3 107 
   66 9.283 0.0 H 8 
   1100 27.715 0.0 CG 98 
   1432 55.945 0.0 CA 128 
   880 56.012 0.0 CA 79 
   472 122.987 0.0 N 44 
   398 6.565 0.0 HE2 39 
   570 1.635 0.0 HG2 53 
   1232 3.418 0.0 HB3 112 
   197 25.042 0.0 CD1 19 
   820 119.876 0.0 N 75 
   254 57.298 0.0 CA 24 
   1150 174.031 0.0 C 104 
   156 3.281 0.0 HD2 17 
   19 118.889 0.0 N 2 
   1045 5.608 0.0 HA 95 
   406 3.956 0.0 HA 40 
   858 0.751 0.0 HG13 78 
   439 3.169 0.0 HE3 42 
   941 172.805 0.0 C 86 
   971 61.14 0.0 CA 89 
   504 178.5 0.0 C 47 
   653 131.3 0.0 CD1 59 
   133 4.403 0.0 HA 14 
   144 176.5 0.0 C 15 
   604 1.897 0.0 HB2 56 
   1157 5.357 0.0 HA 105 
   881 42.361 0.0 CB 79 
   857 0.751 0.0 HG12 78 
   81 1.315 0.0 HG3 9 
   899 113.782 0.0 N 81 
   792 130.3 0.0 CE2 73 
   1143 4.495 0.0 HA 104 
   121 56.0 0.0 CA 12 
   201 8.213 0.0 H 20 
   620 176.8 0.0 C 57 
   1381 1.878 0.0 HG3 123 
   1246 5.608 0.0 HA 113 
   562 51.935 0.0 CA 52 
   1148 2.037 0.0 HG2 104 
   149 2.895 0.0 HA2 16 
   1217 1.766 0.0 HB2 111 
   1145 1.686 0.0 HB3 104 
   333 177.29 0.0 C 33 
