   1067 55.736 0.0 CA 96 
   877 0.689 0.0 HD23 79 
   528 1.945 0.0 HB2 49 
   29 7.153 0.0 H 4 
   801 0.741 0.0 HD21 74 
   736 178.3 0.0 C 68 
   1334 121.469 0.0 N 119 
   1077 1.572 0.0 HB3 97 
   234 110.883 0.0 N 22 
   731 3.74 0.0 HA 68 
   44 8.155 0.0 H 5 
   672 119.139 0.0 N 62 
   517 0.798 0.0 HG21 48 
   9 36.326 0.0 CG 1 
   929 55.741 0.0 CA 84 
   943 63.215 0.0 CB 86 
   1095 1.576 0.0 HG3 98 
   274 2.61 0.0 HA 28 
   151 48.106 0.0 CA 16 
   141 4.006 0.0 HA 15 
   960 5.047 0.0 HA3 88 
   1373 60.295 0.0 CA 122 
   628 0.92 0.0 HD11 58 
   1070 131.6 0.0 CD2 96 
   592 3.145 0.0 HD2 55 
   595 1.669 0.0 HG3 55 
   360 3.32 0.0 HB3 36 
   1306 3.037 0.0 HD2 118 
   1369 4.517 0.0 HA 122 
   213 2.277 0.0 HB3 21 
   670 57.769 0.0 CA 62 
   525 122.147 0.0 N 48 
   602 7.466 0.0 H 56 
   1310 173.805 0.0 C 118 
   402 117.405 0.0 CE1 39 
   1082 174.825 0.0 C 97 
   883 22.906 0.0 CD2 79 
   1104 3.906 0.0 HA3 99 
   32 0.979 0.0 HG11 4 
   204 1.402 0.0 HB2 20 
   998 31.557 0.0 CB 91 
   1290 1.586 0.0 HG3 116 
   1355 2.737 0.0 HB3 121 
   1057 122.839 0.0 N 95 
   488 6.55 0.0 HE2 46 
   620 176.8 0.0 C 57 
   552 1.179 0.0 HG23 51 
   23 2.6 0.0 HB2 3 
   655 129.0 0.0 CE1 59 
   800 0.739 0.0 HD13 74 
   133 4.403 0.0 HA 14 
   1239 44.342 0.0 CB 112 
   1311 53.951 0.0 CA 118 
   1117 44.635 0.0 CA 101 
   332 1.176 0.0 HG3 33 
   742 2.066 0.0 HB2 69 
   513 2.008 0.0 HB 48 
   1379 2.039 0.0 HB3 123 
   1416 0.549 0.0 HG11 127 
   418 0.761 0.0 HD11 41 
   163 50.635 0.0 CD 17 
   758 56.417 0.0 CA 70 
   1228 111.8 0.0 NE2 111 
   1217 1.766 0.0 HB2 111 
   1385 35.236 0.0 CG 123 
   641 118.45 0.0 N 58 
   1156 8.499 0.0 H 105 
   1185 1.564 0.0 HB3 108 
   1240 131.451 0.0 CD1 112 
   395 6.665 0.0 HD1 39 
   1254 54.651 0.0 CA 113 
   680 0.909 0.0 HG22 63 
   1368 8.557 0.0 H 122 
   476 2.593 0.0 HB3 45 
   202 4.243 0.0 HA 20 
   1047 1.75 0.0 HB3 95 
   1205 28.708 0.0 CG 109 
   542 173.401 0.0 C 50 
   147 124.741 0.0 N 15 
   1063 6.815 0.0 HD2 96 
   1332 115.4 0.0 CZ2 119 
   199 28.47 0.0 CG 19 
   985 62.035 0.0 CA 90 
   633 0.806 0.0 HD23 58 
   640 26.923 0.0 CG 58 
   299 1.341 0.0 HB1 30 
   892 8.338 0.0 H 81 
   182 116.726 0.0 N 18 
   902 3.83 0.0 HB2 82 
   797 1.549 0.0 HB3 74 
   298 3.898 0.0 HA 30 
   667 2.758 0.0 HB2 62 
   629 0.92 0.0 HD12 58 
   1061 2.567 0.0 HB3 96 
   835 25.728 0.0 CD1 76 
   702 1.467 0.0 HB3 65 
   1270 53.831 0.0 CA 114 
   236 4.518 0.0 HA 23 
   1371 3.268 0.0 HB3 122 
   1050 1.66 0.0 HG2 95 
   805 55.851 0.0 CA 74 
   548 4.625 0.0 HA 51 
   4 2.222 0.0 HG2 1 
   870 1.251 0.0 HB2 79 
   684 32.281 0.0 CB 63 
   156 3.281 0.0 HD2 17 
   1118 108.265 0.0 N 101 
   145 64.155 0.0 CA 15 
   903 3.83 0.0 HB3 82 
   725 3.645 0.0 HB3 67 
   583 177.408 0.0 C 54 
   931 29.25 0.0 CD 84 
   888 4.158 0.0 HA3 80 
   49 60.214 0.0 CA 5 
   98 22.425 0.0 CG2 10 
   642 7.394 0.0 H 59 
   411 54.857 0.0 CA 40 
   965 5.861 0.0 HA 89 
   1122 3.604 0.0 HD2 102 
   348 1.396 0.0 HB2 35 
   152 110.257 0.0 N 16 
   372 120.099 0.0 N 36 
   134 2.552 0.0 HB2 14 
   97 69.47 0.0 CB 10 
   1223 174.94 0.0 C 111 
   427 40.89 0.0 CB 41 
   424 1.664 0.0 HG 41 
   963 107.686 0.0 N 88 
   564 127.871 0.0 N 52 
   174 0.718 0.0 HD23 18 
   694 176.82 0.0 C 64 
   908 8.427 0.0 H 83 
   935 4.11 0.0 HA2 85 
   679 0.909 0.0 HG21 63 
   675 1.923 0.0 HB 63 
   546 103.746 0.0 N 50 
   1378 1.863 0.0 HB2 123 
   72 7.934 0.0 H 9 
   1263 0.874 0.0 HD2 114 
   410 179.8 0.0 C 40 
   850 43.64 0.0 CD 77 
   503 0.479 0.0 HG23 47 
   351 2.92 0.0 HD3 35 
