   412 17.695 0.0 CB 40 
   1230 5.485 0.0 HA 112 
   260 1.324 0.0 HB2 25 
   439 3.169 0.0 HE3 42 
   338 7.582 0.0 H 34 
   451 2.209 0.0 HB2 43 
   1247 1.796 0.0 HB2 113 
   950 1.847 0.0 HG2 87 
   224 8.268 0.0 H 22 
   567 2.232 0.0 HB3 53 
   1295 27.648 0.0 CG 116 
   746 179.081 0.0 C 69 
   832 175.7 0.0 C 76 
   625 4.331 0.0 HA 58 
   1420 0.266 0.0 HG22 127 
   1252 1.343 0.0 HG3 113 
   692 6.936 0.0 HD21 64 
   148 8.026 0.0 H 16 
   1152 33.32 0.0 CB 104 
   276 0.895 0.0 HB3 28 
   1078 3.228 0.0 HD2 97 
   1309 1.253 0.0 HG3 118 
   729 118.219 0.0 N 67 
   1199 1.376 0.0 HG2 109 
   873 0.654 0.0 HD12 79 
   954 33.678 0.0 CB 87 
   1107 117.554 0.0 N 99 
   1409 177.6 0.0 C 126 
   531 2.295 0.0 HG3 49 
   55 176.304 0.0 C 6 
   532 58.85 0.0 CA 49 
   347 4.006 0.0 HA 35 
   5 2.222 0.0 HG3 1 
   874 0.654 0.0 HD13 79 
   1122 3.604 0.0 HD2 102 
   45 4.584 0.0 HA 5 
   1370 3.554 0.0 HB2 122 
   257 8.255 0.0 H 25 
   386 1.672 0.0 HB3 38 
   628 0.92 0.0 HD11 58 
   800 0.739 0.0 HD13 74 
   1210 4.024 0.0 HB3 110 
   1162 65.457 0.0 CB 105 
   252 3.83 0.0 HB3 24 
   156 3.281 0.0 HD2 17 
   173 0.718 0.0 HD22 18 
   1135 2.126 0.0 HG2 103 
   120 175.224 0.0 C 12 
   155 2.166 0.0 HB3 17 
   1214 125.774 0.0 N 110 
   1412 127.644 0.0 N 126 
   81 1.315 0.0 HG3 9 
   65 118.937 0.0 N 7 
   509 17.387 0.0 CG2 47 
   1396 2.028 0.0 HB3 125 
   966 3.95 0.0 HB 89 
   731 3.74 0.0 HA 68 
   68 4.247 0.0 HA3 8 
   803 0.741 0.0 HD23 74 
   1239 44.342 0.0 CB 112 
   778 8.75 0.0 H 73 
   1088 9.754 0.0 H 98 
   1193 8.473 0.0 H 109 
   957 119.907 0.0 N 87 
   1026 0.78 0.0 HG22 93 
   1341 6.888 0.0 HD2 120 
   555 68.659 0.0 CB 51 
   858 0.751 0.0 HG13 78 
   1360 174.025 0.0 C 121 
   292 177.415 0.0 C 29 
   85 29.151 0.0 CD 9 
   78 2.937 0.0 HE2 9 
   370 117.801 0.0 CE1 36 
   914 174.601 0.0 C 83 
   1405 4.473 0.0 HA 126 
   852 127.184 0.0 N 77 
   323 119.402 0.0 N 31 
   238 1.707 0.0 HB3 23 
   935 4.11 0.0 HA2 85 
   1092 3.211 0.0 HD2 98 
   405 8.09 0.0 H 40 
   226 4.224 0.0 HB 22 
   959 3.563 0.0 HA2 88 
   1143 4.495 0.0 HA 104 
   1413 7.916 0.0 H 127 
   340 3.692 0.0 HB2 34 
   1359 7.175 0.0 HE2 121 
   668 2.627 0.0 HB3 62 
   1372 172.256 0.0 C 122 
   1195 1.509 0.0 HB2 109 
   232 69.026 0.0 CB 22 
   25 178.12 0.0 C 3 
   24 2.948 0.0 HB3 3 
   676 0.998 0.0 HG11 63 
   1029 60.483 0.0 CA 93 
   942 58.208 0.0 CA 86 
   1304 1.421 0.0 HB2 118 
   217 1.747 0.0 HG3 21 
   399 178.1 0.0 C 39 
   1389 4.955 0.0 HA3 124 
   769 115.477 0.0 N 71 
   764 2.725 0.0 HB2 71 
   691 3.168 0.0 HB3 64 
   318 56.998 0.0 CA 31 
   449 8.832 0.0 H 43 
   739 117.484 0.0 N 68 
   67 3.52 0.0 HA2 8 
   838 126.577 0.0 N 76 
   1172 8.819 0.0 H 107 
   589 4.668 0.0 HA 55 
   790 130.4 0.0 CD2 73 
   417 1.555 0.0 HB3 41 
   248 118.381 0.0 N 23 
   322 27.664 0.0 CG 31 
   872 0.654 0.0 HD11 79 
   14 6.792 0.0 HD21 2 
   1189 54.005 0.0 CA 108 
   12 2.675 0.0 HB2 2 
   521 67.625 0.0 CA 48 
   1123 3.604 0.0 HD3 102 
   93 1.269 0.0 HG22 10 
   1013 132.1 0.0 CD2 92 
   511 7.322 0.0 H 48 
   453 174.95 0.0 C 43 
   534 36.304 0.0 CG 49 
   545 19.875 0.0 CG2 50 
   796 1.361 0.0 HB2 74 
   1126 176.9 0.0 C 102 
   1182 8.243 0.0 H 108 
   765 3.17 0.0 HB3 71 
   141 4.006 0.0 HA 15 
   1216 5.243 0.0 HA 111 
   626 1.705 0.0 HB2 58 
   1350 117.2 0.0 CE2 120 
   960 5.047 0.0 HA3 88 
   911 1.923 0.0 HB3 83 
   1328 31.82 0.0 CB 119 
   1034 118.019 0.0 N 93 
   1316 8.981 0.0 H 119 
   71 111.582 0.0 N 8 
   1068 41.738 0.0 CB 96 
   988 22.42 0.0 CG2 90 
   1256 43.47 0.0 CD 113 
   1415 0.75 0.0 HB 127 
   320 23.15 0.0 CD1 31 
   1375 125.692 0.0 N 122 
   241 1.415 0.0 HG2 23 
   1220 7.652 0.0 HE22 111 
   940 4.069 0.0 HB3 86 
   1363 130.74 0.0 CD1 121 
   569 2.514 0.0 HD3 53 
   986 36.819 0.0 CB 90 
   1110 3.905 0.0 HA3 100 
   1 4.155 0.0 HA 1 
   1281 51.415 0.0 CA 115 
   971 61.14 0.0 CA 89 
   1178 51.578 0.0 CA 107 
   701 0.906 0.0 HB2 65 
   440 1.559 0.0 HG2 42 
   1179 31.258 0.0 CB 107 
   818 33.51 0.0 CB 75 
   462 7.23 0.0 HD2 44 
   183 8.075 0.0 H 19 
   641 118.45 0.0 N 58 
   1212 59.029 0.0 CA 110 
   1283 130.852 0.0 N 115 
   637 41.906 0.0 CB 58 
   1390 172.204 0.0 C 124 
   189 0.589 0.0 HD13 19 
   499 1.064 0.0 HG12 47 
   1262 -0.968 0.0 HB3 114 
   31 2.078 0.0 HB 4 
   57 107.14 0.0 N 6 
   206 177.003 0.0 C 20 
   763 5.268 0.0 HA 71 
   448 116.255 0.0 N 42 
   845 1.447 0.0 HG2 77 
   37 0.979 0.0 HG23 4 
   1410 52.02 0.0 CA 126 
   839 9.187 0.0 H 77 
   1276 9.291 0.0 H 115 
   1427 122.174 0.0 N 127 
   35 0.979 0.0 HG21 4 
   351 2.92 0.0 HD3 35 
   76 1.637 0.0 HD2 9 
   1326 175.5 0.0 C 119 
   1196 1.743 0.0 HB3 109 
   564 127.871 0.0 N 52 
   495 1.73 0.0 HB 47 
   225 4.195 0.0 HA 22 
   314 1.147 0.0 HD22 31 
   552 1.179 0.0 HG23 51 
   285 26.46 0.0 CG 28 
   854 4.11 0.0 HA 78 
   334 60.318 0.0 CA 33 
   215 3.225 0.0 HD3 21 
   565 3.938 0.0 HA 53 
   406 3.956 0.0 HA 40 
   1291 177.209 0.0 C 116 
   867 126.212 0.0 N 78 
   1414 3.882 0.0 HA 127 
   500 0.837 0.0 HG13 47 
   427 40.89 0.0 CB 41 
   1244 119.879 0.0 N 112 
   485 6.77 0.0 HD1 46 
   638 25.392 0.0 CD1 58 
   1398 2.177 0.0 HG3 125 
   1145 1.686 0.0 HB3 104 
   307 3.978 0.0 HA 31 
   1362 40.107 0.0 CB 121 
   169 0.885 0.0 HD11 18 
   504 178.5 0.0 C 47 
   975 9.02 0.0 H 90 
   328 1.468 0.0 HB3 33 
   464 7.192 0.0 HE2 44 
   90 4.478 0.0 HA 10 
   1072 130.76 0.0 CE2 96 
   138 29.87 0.0 CB 14 
   53 3.93 0.0 HA2 6 
   313 1.147 0.0 HD21 31 
   1067 55.736 0.0 CA 96 
   541 0.509 0.0 HG23 50 
   1071 130.76 0.0 CE1 96 
   190 0.146 0.0 HD21 19 
   353 60.124 0.0 CA 35 
   423 0.717 0.0 HD23 41 
   185 1.445 0.0 HB2 19 
   274 2.61 0.0 HA 28 
   925 3.003 0.0 HE2 84 
   339 4.736 0.0 HA 34 
   1159 3.656 0.0 HB3 105 
   512 3.049 0.0 HA 48 
   129 53.219 0.0 CA 13 
   1083 54.951 0.0 CA 97 
   650 174.42 0.0 C 59 
   184 3.623 0.0 HA 19 
   918 121.107 0.0 N 83 
   1051 1.57 0.0 HG3 95 
   645 2.925 0.0 HB3 59 
   1397 2.216 0.0 HG2 125 
   441 1.111 0.0 HG3 42 
   1387 8.786 0.0 H 124 
   649 7.032 0.0 HE2 59 
   1361 58.524 0.0 CA 121 
   1339 2.875 0.0 HB3 120 
   1169 55.849 0.0 CA 106 
   1430 2.607 0.0 HB2 128 
   937 47.314 0.0 CA 85 
   463 7.192 0.0 HE1 44 
   789 130.4 0.0 CD1 73 
   177 57.052 0.0 CA 18 
   364 6.75 0.0 HE2 36 
   1173 5.583 0.0 HA 107 
   1141 120.322 0.0 N 103 
   666 4.346 0.0 HA 62 
   755 2.53 0.0 HG2 70 
   1381 1.878 0.0 HG3 123 
   936 3.74 0.0 HA3 85 
   579 1.751 0.0 HB2 54 
   622 39.937 0.0 CB 57 
   247 26.234 0.0 CG 23 
   1012 132.1 0.0 CD1 92 
   146 30.602 0.0 CB 15 
   369 132.01 0.0 CD2 36 
   535 118.382 0.0 N 49 
   475 2.716 0.0 HB2 45 
   1421 0.266 0.0 HG23 127 
   761 114.677 0.0 N 70 
   1185 1.564 0.0 HB3 108 
   1160 173.605 0.0 C 105 
   73 4.514 0.0 HA 9 
   1194 4.95 0.0 HA 109 
   679 0.909 0.0 HG21 63 
   494 3.075 0.0 HA 47 
   404 119.108 0.0 N 39 
   533 30.291 0.0 CB 49 
   788 38.32 0.0 CB 73 
   460 3.082 0.0 HB3 44 
   833 53.317 0.0 CA 76 
   315 1.147 0.0 HD23 31 
   1215 9.274 0.0 H 111 
   919 9.104 0.0 H 84 
   518 0.798 0.0 HG22 48 
   1351 115.506 0.0 N 120 
   396 6.665 0.0 HD2 39 
   1248 1.708 0.0 HB3 113 
   727 60.29 0.0 CA 67 
   22 4.002 0.0 HA 3 
   174 0.718 0.0 HD23 18 
   435 2.401 0.0 HB3 42 
   985 62.035 0.0 CA 90 
   130 42.509 0.0 CB 13 
   799 0.739 0.0 HD12 74 
   962 45.449 0.0 CA 88 
   421 0.717 0.0 HD21 41 
   458 3.905 0.0 HA 44 
   1306 3.037 0.0 HD2 118 
   716 1.416 0.0 HB2 66 
   51 120.403 0.0 N 5 
   654 131.3 0.0 CD2 59 
   662 177.2 0.0 C 61 
   383 3.731 0.0 HA 38 
   486 6.77 0.0 HD2 46 
   209 120.542 0.0 N 20 
   26 63.959 0.0 CA 3 
   1066 171.75 0.0 C 96 
   1002 5.619 0.0 HA 92 
   1090 1.732 0.0 HB2 98 
   1345 57.29 0.0 CA 120 
   1331 124.3 0.0 CH2 119 
   1293 27.96 0.0 CB 116 
   648 7.032 0.0 HE1 59 
   256 116.451 0.0 N 24 
   1235 7.192 0.0 HE1 112 
   180 24.068 0.0 CD2 18 
   983 1.127 0.0 HG23 90 
   742 2.066 0.0 HB2 69 
   1299 173.43 0.0 C 117 
   944 8.091 0.0 H 87 
   1022 0.535 0.0 HD13 93 
   333 177.29 0.0 C 33 
   910 1.923 0.0 HB2 83 
   1302 7.628 0.0 H 118 
   1231 2.355 0.0 HB2 112 
   1290 1.586 0.0 HG3 116 
   700 3.481 0.0 HA 65 
   280 -0.395 0.0 HG3 28 
   1368 8.557 0.0 H 122 
   948 3.345 0.0 HD2 87 
   1186 2.103 0.0 HG2 108 
   1285 1.856 0.0 HB2 116 
   826 0.564 0.0 HD12 76 
   969 1.236 0.0 HG23 89 
   553 173.901 0.0 C 51 
   1094 1.576 0.0 HG2 98 
   870 1.251 0.0 HB2 79 
   299 1.341 0.0 HB1 30 
   1200 1.376 0.0 HG3 109 
   1168 172.62 0.0 C 106 
   1267 -0.462 0.0 HG2 114 
   337 27.53 0.0 CG 33 
   963 107.686 0.0 N 88 
   153 4.172 0.0 HA 17 
   987 22.264 0.0 CG1 90 
   859 0.813 0.0 HG21 78 
   233 22.556 0.0 CG2 22 
   538 4.595 0.0 HB 50 
   585 29.521 0.0 CB 54 
   633 0.806 0.0 HD23 58 
   1112 45.456 0.0 CA 100 
   17 53.005 0.0 CA 2 
   670 57.769 0.0 CA 62 
   20 110.708 0.0 ND2 2 
   1342 6.86 0.0 HE1 120 
   111 133.6 0.0 CD1 11 
   208 18.852 0.0 CB 20 
   162 32.12 0.0 CB 17 
   524 21.395 0.0 CG2 48 
   1146 6.978 0.0 HE21 104 
   604 1.897 0.0 HB2 56 
   896 172.936 0.0 C 81 
   777 122.633 0.0 N 72 
   972 72.876 0.0 CB 89 
   741 3.998 0.0 HA 69 
   996 175.381 0.0 C 91 
   1062 6.815 0.0 HD1 96 
   1251 1.61 0.0 HG2 113 
   194 179.45 0.0 C 19 
   1093 3.211 0.0 HD3 98 
   688 7.698 0.0 H 64 
   1183 4.864 0.0 HA 108 
   459 2.887 0.0 HB2 44 
   50 30.7 0.0 CB 5 
   599 42.47 0.0 CD 55 
   391 7.838 0.0 H 39 
   203 1.402 0.0 HB1 20 
   1032 28.25 0.0 CG1 93 
   473 8.306 0.0 H 45 
   570 1.635 0.0 HG2 53 
   871 1.609 0.0 HB3 79 
   877 0.689 0.0 HD23 79 
   639 22.596 0.0 CD2 58 
   943 63.215 0.0 CB 86 
   1278 1.303 0.0 HB1 115 
   1399 174.408 0.0 C 125 
   199 28.47 0.0 CG 19 
   133 4.403 0.0 HA 14 
   782 7.023 0.0 HD1 73 
   1205 28.708 0.0 CG 109 
   686 20.93 0.0 CG2 63 
   904 172.65 0.0 C 82 
   802 0.741 0.0 HD22 74 
   725 3.645 0.0 HB3 67 
   1388 4.231 0.0 HA2 124 
   101 4.625 0.0 HA 11 
   1265 2.17 0.0 HE2 114 
   126 2.443 0.0 HB2 13 
   160 177.301 0.0 C 17 
   669 179.5 0.0 C 62 
   844 3.09 0.0 HD3 77 
   1027 0.78 0.0 HG23 93 
   1367 122.001 0.0 N 121 
   1320 6.8 0.0 HD1 119 
   1323 6.967 0.0 HH2 119 
   510 119.187 0.0 N 47 
   375 1.502 0.0 HB1 37 
   142 2.595 0.0 HB2 15 
   770 8.706 0.0 H 72 
   352 177.72 0.0 C 35 
   938 4.317 0.0 HA 86 
   1056 27.88 0.0 CG 95 
   740 8.744 0.0 H 69 
   539 0.509 0.0 HG21 50 
   780 2.454 0.0 HB2 73 
   643 4.571 0.0 HA 59 
   95 175.801 0.0 C 10 
   94 1.269 0.0 HG23 10 
   1273 41.456 0.0 CE 114 
   733 2.234 0.0 HB3 68 
   1284 3.841 0.0 HA 116 
   265 4.443 0.0 HA 26 
   613 43.64 0.0 CD 56 
   46 3.103 0.0 HB2 5 
   490 62.32 0.0 CA 46 
   84 35.172 0.0 CB 9 
   350 2.92 0.0 HD2 35 
   543 61.38 0.0 CA 50 
   714 4.151 0.0 HA 66 
   1089 4.874 0.0 HA 98 
   288 1.619 0.0 HB2 29 
