   270 52.95 0.0 CA 26 
   1271 32.422 0.0 CB 114 
   1346 42.25 0.0 CB 120 
   915 56.075 0.0 CA 83 
   510 119.187 0.0 N 47 
   1034 118.019 0.0 N 93 
   1210 4.024 0.0 HB3 110 
   1155 112.996 0.0 NE2 104 
   1282 21.244 0.0 CB 115 
   1083 54.951 0.0 CA 97 
   252 3.83 0.0 HB3 24 
   1001 9.171 0.0 H 92 
   851 27.258 0.0 CG 77 
   235 7.348 0.0 H 23 
   481 7.764 0.0 H 46 
   618 2.735 0.0 HB2 57 
   1407 1.334 0.0 HB2 126 
   535 118.382 0.0 N 49 
   40 32.072 0.0 CB 4 
   998 31.557 0.0 CB 91 
   88 120.607 0.0 N 9 
   30 4.168 0.0 HA 4 
   1140 37.102 0.0 CG 103 
   1039 1.937 0.0 HB3 94 
   768 64.73 0.0 CB 71 
   697 119.384 0.0 N 64 
   664 31.254 0.0 CB 61 
   213 2.277 0.0 HB3 21 
   1401 33.107 0.0 CB 125 
   137 60.369 0.0 CA 14 
   757 176.9 0.0 C 70 
   710 43.29 0.0 CD 65 
   1205 28.708 0.0 CG 109 
   1113 109.645 0.0 N 100 
   1286 1.977 0.0 HB3 116 
   1146 6.978 0.0 HE21 104 
   756 2.383 0.0 HG3 70 
   1367 122.001 0.0 N 121 
   67 3.52 0.0 HA2 8 
   1184 1.268 0.0 HB2 108 
   272 7.106 0.0 H 27 
   1314 26.928 0.0 CG 118 
   1235 7.192 0.0 HE1 112 
   805 55.851 0.0 CA 74 
   450 4.875 0.0 HA 43 
   935 4.11 0.0 HA2 85 
   617 4.653 0.0 HA 57 
   175 1.697 0.0 HG 18 
   1318 2.77 0.0 HB2 119 
   42 21.175 0.0 CG2 4 
   518 0.798 0.0 HG22 48 
   301 1.341 0.0 HB3 30 
   676 0.998 0.0 HG11 63 
   1199 1.376 0.0 HG2 109 
   179 25.729 0.0 CD1 18 
   643 4.571 0.0 HA 59 
   871 1.609 0.0 HB3 79 
   1108 8.975 0.0 H 100 
   962 45.449 0.0 CA 88 
   414 8.557 0.0 H 41 
   682 178.94 0.0 C 63 
   251 3.745 0.0 HB2 24 
   839 9.187 0.0 H 77 
   1234 7.09 0.0 HD2 112 
   918 121.107 0.0 N 83 
   769 115.477 0.0 N 71 
   261 1.324 0.0 HB3 25 
   1273 41.456 0.0 CE 114 
   154 1.368 0.0 HB2 17 
   1024 1.216 0.0 HG13 93 
   1178 51.578 0.0 CA 107 
   289 1.619 0.0 HB3 29 
   96 62.155 0.0 CA 10 
   285 26.46 0.0 CG 28 
   811 4.385 0.0 HA 75 
   1056 27.88 0.0 CG 95 
   1094 1.576 0.0 HG2 98 
   464 7.192 0.0 HE2 44 
   835 25.728 0.0 CD1 76 
   1245 9.522 0.0 H 113 
   64 62.352 0.0 CB 7 
   765 3.17 0.0 HB3 71 
   582 2.144 0.0 HG3 54 
   103 3.085 0.0 HB3 11 
   237 1.524 0.0 HB2 23 
   926 3.003 0.0 HE3 84 
   542 173.401 0.0 C 50 
   1388 4.231 0.0 HA2 124 
   592 3.145 0.0 HD2 55 
   1090 1.732 0.0 HB2 98 
   399 178.1 0.0 C 39 
   259 1.324 0.0 HB1 25 
   438 3.341 0.0 HE2 42 
   722 7.759 0.0 H 67 
   856 0.751 0.0 HG11 78 
   364 6.75 0.0 HE2 36 
   353 60.124 0.0 CA 35 
   316 1.485 0.0 HG 31 
   297 7.812 0.0 H 30 
   240 3.047 0.0 HD3 23 
   504 178.5 0.0 C 47 
   12 2.675 0.0 HB2 2 
   1115 4.033 0.0 HA2 101 
   57 107.14 0.0 N 6 
   586 36.72 0.0 CG 54 
   1329 125.3 0.0 CD1 119 
   1002 5.619 0.0 HA 92 
   1189 54.005 0.0 CA 108 
   1338 2.695 0.0 HB2 120 
   924 1.726 0.0 HD3 84 
   488 6.55 0.0 HE2 46 
   3 2.003 0.0 HB3 1 
   901 4.747 0.0 HA 82 
   921 1.823 0.0 HB2 84 
   549 4.218 0.0 HB 51 
   27 28.658 0.0 CB 3 
   1290 1.586 0.0 HG3 116 
   436 1.74 0.0 HD2 42 
   281 176.9 0.0 C 28 
   99 112.657 0.0 N 10 
   1345 57.29 0.0 CA 120 
   76 1.637 0.0 HD2 9 
   652 40.445 0.0 CB 59 
   1097 55.288 0.0 CA 98 
   1084 34.642 0.0 CB 97 
   1162 65.457 0.0 CB 105 
   1325 6.69 0.0 HZ3 119 
   1326 175.5 0.0 C 119 
   587 114.777 0.0 N 54 
   1312 33.592 0.0 CB 118 
   166 4.458 0.0 HA 18 
   698 113.408 0.0 ND2 64 
   1257 28.88 0.0 CG 113 
   944 8.091 0.0 H 87 
   479 39.895 0.0 CB 45 
   883 22.906 0.0 CD2 79 
   552 1.179 0.0 HG23 51 
   343 60.984 0.0 CA 34 
   971 61.14 0.0 CA 89 
   1381 1.878 0.0 HG3 123 
   932 42.015 0.0 CE 84 
   1403 119.909 0.0 N 125 
   585 29.521 0.0 CB 54 
   731 3.74 0.0 HA 68 
   11 4.752 0.0 HA 2 
   225 4.195 0.0 HA 22 
   725 3.645 0.0 HB3 67 
   821 8.538 0.0 H 76 
   1171 126.101 0.0 N 106 
   946 2.018 0.0 HB2 87 
   706 1.16 0.0 HG3 65 
   1209 4.164 0.0 HB2 110 
   1343 6.86 0.0 HE2 120 
   1302 7.628 0.0 H 118 
   136 175.105 0.0 C 14 
   52 7.704 0.0 H 6 
   950 1.847 0.0 HG2 87 
   1077 1.572 0.0 HB3 97 
   555 68.659 0.0 CB 51 
   813 2.258 0.0 HB3 75 
   870 1.251 0.0 HB2 79 
   418 0.761 0.0 HD11 41 
   506 34.745 0.0 CB 47 
   859 0.813 0.0 HG21 78 
   906 66.204 0.0 CB 82 
   601 116.352 0.0 N 55 
   1063 6.815 0.0 HD2 96 
   1334 121.469 0.0 N 119 
   1393 8.229 0.0 H 125 
   1241 131.451 0.0 CD2 112 
   837 27.682 0.0 CG 76 
   696 39.218 0.0 CB 64 
   898 66.3 0.0 CB 81 
   744 2.258 0.0 HG2 69 
   94 1.269 0.0 HG23 10 
   799 0.739 0.0 HD12 74 
   669 179.5 0.0 C 62 
   1050 1.66 0.0 HG2 95 
   1261 0.78 0.0 HB2 114 
   892 8.338 0.0 H 81 
   766 172.0 0.0 C 71 
   201 8.213 0.0 H 20 
   1354 2.879 0.0 HB2 121 
   480 117.34 0.0 N 45 
   1335 127.86 0.0 NE1 119 
   1297 3.345 0.0 HA2 117 
   107 6.55 0.0 HE2 11 
   1098 32.12 0.0 CB 98 
   1269 175.904 0.0 C 114 
   893 5.342 0.0 HA 81 
   979 0.545 0.0 HG12 90 
   126 2.443 0.0 HB2 13 
   486 6.77 0.0 HD2 46 
   55 176.304 0.0 C 6 
   847 175.2 0.0 C 77 
   503 0.479 0.0 HG23 47 
   567 2.232 0.0 HB3 53 
   1075 4.526 0.0 HA 97 
   654 131.3 0.0 CD2 59 
   1145 1.686 0.0 HB3 104 
   1253 173.52 0.0 C 113 
   346 8.345 0.0 H 35 
   1078 3.228 0.0 HD2 97 
   429 22.34 0.0 CD2 41 
   73 4.514 0.0 HA 9 
   18 38.025 0.0 CB 2 
   832 175.7 0.0 C 76 
   612 30.658 0.0 CB 56 
   1341 6.888 0.0 HD2 120 
   736 178.3 0.0 C 68 
   242 1.415 0.0 HG3 23 
   1186 2.103 0.0 HG2 108 
   521 67.625 0.0 CA 48 
   173 0.718 0.0 HD22 18 
   274 2.61 0.0 HA 28 
   1005 7.035 0.0 HD1 92 
   15 7.423 0.0 HD22 2 
   548 4.625 0.0 HA 51 
   58 8.552 0.0 H 7 
   526 8.501 0.0 H 49 
   977 2.119 0.0 HB 90 
   1358 7.175 0.0 HE1 121 
   584 57.145 0.0 CA 54 
   939 4.197 0.0 HB2 86 
   9 36.326 0.0 CG 1 
   1103 3.975 0.0 HA2 99 
   779 4.308 0.0 HA 73 
   362 6.665 0.0 HD2 36 
   761 114.677 0.0 N 70 
   255 64.524 0.0 CB 24 
   1042 22.085 0.0 CB 94 
   687 121.325 0.0 N 63 
   276 0.895 0.0 HB3 28 
   374 3.578 0.0 HA 37 
   716 1.416 0.0 HB2 66 
   992 1.996 0.0 HB2 91 
   1153 34.296 0.0 CG 104 
   819 36.619 0.0 CG 75 
   430 27.053 0.0 CG 41 
   794 9.086 0.0 H 74 
   718 179.2 0.0 C 66 
   661 7.15 0.0 HD2 61 
   1215 9.274 0.0 H 111 
   947 2.189 0.0 HB3 87 
   298 3.898 0.0 HA 30 
   1425 21.54 0.0 CG1 127 
   1430 2.607 0.0 HB2 128 
   119 2.469 0.0 HB3 12 
   762 7.151 0.0 H 71 
   1307 3.037 0.0 HD3 118 
   1296 8.576 0.0 H 117 
   788 38.32 0.0 CB 73 
   468 131.0 0.0 CD1 44 
   105 7.598 0.0 HD2 11 
   955 43.15 0.0 CD 87 
   102 2.98 0.0 HB2 11 
   621 55.375 0.0 CA 57 
   596 173.52 0.0 C 55 
   656 129.0 0.0 CE2 59 
   545 19.875 0.0 CG2 50 
   1306 3.037 0.0 HD2 118 
   474 4.235 0.0 HA 45 
   637 41.906 0.0 CB 58 
   1212 59.029 0.0 CA 110 
   994 2.323 0.0 HG2 91 
   449 8.832 0.0 H 43 
   296 116.67 0.0 N 29 
   1399 174.408 0.0 C 125 
   558 9.009 0.0 H 52 
   1224 53.985 0.0 CA 111 
   1278 1.303 0.0 HB1 115 
   44 8.155 0.0 H 5 
   1081 1.566 0.0 HG3 97 
   561 2.488 0.0 HB3 52 
   439 3.169 0.0 HE3 42 
   339 4.736 0.0 HA 34 
   830 0.582 0.0 HD23 76 
   431 115.848 0.0 N 41 
   525 122.147 0.0 N 48 
   973 21.775 0.0 CG2 89 
   787 60.0 0.0 CA 73 
   434 2.401 0.0 HB2 42 
   412 17.695 0.0 CB 40 
   121 56.0 0.0 CA 12 
   1062 6.815 0.0 HD1 96 
   190 0.146 0.0 HD21 19 
   982 1.127 0.0 HG22 90 
   1138 57.735 0.0 CA 103 
   1006 7.035 0.0 HD2 92 
   563 43.019 0.0 CB 52 
   98 22.425 0.0 CG2 10 
   159 1.735 0.0 HG3 17 
   928 1.428 0.0 HG3 84 
   1130 27.111 0.0 CG 102 
   294 28.57 0.0 CB 29 
   1076 1.689 0.0 HB2 97 
   287 3.38 0.0 HA 29 
   888 4.158 0.0 HA3 80 
   34 0.979 0.0 HG13 4 
   635 177.0 0.0 C 58 
   369 132.01 0.0 CD2 36 
   1287 3.215 0.0 HD2 116 
   536 7.115 0.0 H 50 
   47 2.92 0.0 HB3 5 
   1280 1.303 0.0 HB3 115 
   28 124.395 0.0 N 3 
   1133 1.744 0.0 HB2 103 
   884 28.23 0.0 CG 79 
   520 179.004 0.0 C 48 
   1168 172.62 0.0 C 106 
   1422 174.707 0.0 C 127 
   466 61.65 0.0 CA 44 
   675 1.923 0.0 HB 63 
   903 3.83 0.0 HB3 82 
   1074 8.665 0.0 H 97 
   1204 43.24 0.0 CD 109 
   13 2.932 0.0 HB3 2 
   1025 0.78 0.0 HG21 93 
   163 50.635 0.0 CD 17 
   37 0.979 0.0 HG23 4 
   333 177.29 0.0 C 33 
   471 130.2 0.0 CE2 44 
   161 64.78 0.0 CA 17 
   1250 2.982 0.0 HD3 113 
   440 1.559 0.0 HG2 42 
   680 0.909 0.0 HG22 63 
   670 57.769 0.0 CA 62 
   876 0.689 0.0 HD22 79 
   427 40.89 0.0 CB 41 
   577 8.334 0.0 H 54 
   880 56.012 0.0 CA 79 
   693 7.734 0.0 HD22 64 
   314 1.147 0.0 HD22 31 
   958 8.529 0.0 H 88 
   948 3.345 0.0 HD2 87 
   1188 173.31 0.0 C 108 
   176 181.207 0.0 C 18 
   1020 0.535 0.0 HD11 93 
   1270 53.831 0.0 CA 114 
   75 1.914 0.0 HB3 9 
   1414 3.882 0.0 HA 127 
   309 1.028 0.0 HB3 31 
   382 8.298 0.0 H 38 
   774 175.305 0.0 C 72 
   937 47.314 0.0 CA 85 
   87 25.43 0.0 CG 9 
   604 1.897 0.0 HB2 56 
   181 28.33 0.0 CG 18 
   1011 43.37 0.0 CB 92 
   1410 52.02 0.0 CA 126 
   891 106.586 0.0 N 80 
   95 175.801 0.0 C 10 
   1053 54.651 0.0 CA 95 
   1315 121.34 0.0 N 118 
   1096 177.352 0.0 C 98 
   38 175.39 0.0 C 4 
   530 2.295 0.0 HG2 49 
   801 0.741 0.0 HD21 74 
   1243 130.35 0.0 CE2 112 
   1131 8.534 0.0 H 103 
   602 7.466 0.0 H 56 
   512 3.049 0.0 HA 48 
   1041 49.829 0.0 CA 94 
   388 55.485 0.0 CA 38 
   594 1.378 0.0 HG2 55 
   1424 32.581 0.0 CB 127 
   85 29.151 0.0 CD 9 
   197 25.042 0.0 CD1 19 
   1 4.155 0.0 HA 1 
   1391 45.365 0.0 CA 124 
   767 58.754 0.0 CA 71 
   981 1.127 0.0 HG21 90 
   50 30.7 0.0 CB 5 
   1411 19.149 0.0 CB 126 
   220 27.115 0.0 CB 21 
   717 1.416 0.0 HB3 66 
   966 3.95 0.0 HB 89 
   640 26.923 0.0 CG 58 
   4 2.222 0.0 HG2 1 
   1409 177.6 0.0 C 126 
   1349 117.2 0.0 CE1 120 
   14 6.792 0.0 HD21 2 
   1120 1.866 0.0 HB2 102 
   1109 3.905 0.0 HA2 100 
   649 7.032 0.0 HE2 59 
   441 1.111 0.0 HG3 42 
   941 172.805 0.0 C 86 
   392 3.693 0.0 HA 39 
   783 7.023 0.0 HD2 73 
   1093 3.211 0.0 HD3 98 
   673 7.917 0.0 H 63 
   559 3.741 0.0 HA 52 
   53 3.93 0.0 HA2 6 
   836 23.57 0.0 CD2 76 
   1095 1.576 0.0 HG3 98 
   822 4.769 0.0 HA 76 
   639 22.596 0.0 CD2 58 
   1143 4.495 0.0 HA 104 
   32 0.979 0.0 HG11 4 
   781 3.11 0.0 HB3 73 
   77 1.637 0.0 HD3 9 
   568 2.804 0.0 HD2 53 
   923 1.726 0.0 HD2 84 
   1023 0.459 0.0 HG12 93 
   615 121.407 0.0 N 56 
   1227 121.905 0.0 N 111 
   613 43.64 0.0 CD 56 
   35 0.979 0.0 HG21 4 
   1164 9.575 0.0 H 106 
   1026 0.78 0.0 HG22 93 
   980 0.545 0.0 HG13 90 
   146 30.602 0.0 CB 15 
   227 1.138 0.0 HG21 22 
   262 52.785 0.0 CA 25 
   1225 30.155 0.0 CB 111 
   78 2.937 0.0 HE2 9 
   1400 54.435 0.0 CA 125 
   178 39.261 0.0 CB 18 
   752 4.368 0.0 HA 70 
   459 2.887 0.0 HB2 44 
   1333 121.55 0.0 CZ3 119 
   361 6.665 0.0 HD1 36 
   132 7.486 0.0 H 14 
   260 1.324 0.0 HB2 25 
   1427 122.174 0.0 N 127 
   732 2.781 0.0 HB2 68 
   1037 1.937 0.0 HB1 94 
   405 8.09 0.0 H 40 
   1220 7.652 0.0 HE22 111 
   908 8.427 0.0 H 83 
   1203 31.948 0.0 CB 109 
   887 4.158 0.0 HA2 80 
   499 1.064 0.0 HG12 47 
   715 1.416 0.0 HB1 66 
   807 25.72 0.0 CD1 74 
   625 4.331 0.0 HA 58 
   422 0.717 0.0 HD22 41 
   277 3.241 0.0 HD2 28 
   1415 0.75 0.0 HB 127 
   469 131.0 0.0 CD2 44 
   1114 7.925 0.0 H 101 
   108 178.9 0.0 C 11 
   658 4.325 0.0 HA 61 
   827 0.564 0.0 HD13 76 
   341 4.198 0.0 HB3 34 
   517 0.798 0.0 HG21 48 
   19 118.889 0.0 N 2 
   925 3.003 0.0 HE2 84 
   1406 1.334 0.0 HB1 126 
   628 0.92 0.0 HD11 58 
   424 1.664 0.0 HG 41 
   256 116.451 0.0 N 24 
   248 118.381 0.0 N 23 
   1294 43.34 0.0 CD 116 
   100 8.849 0.0 H 11 
   875 0.689 0.0 HD21 79 
   116 8.466 0.0 H 12 
   763 5.268 0.0 HA 71 
   877 0.689 0.0 HD23 79 
   1185 1.564 0.0 HB3 108 
   1166 3.271 0.0 HB2 106 
   409 1.098 0.0 HB3 40 
   80 1.399 0.0 HG2 9 
   638 25.392 0.0 CD1 58 
   579 1.751 0.0 HB2 54 
   114 118.8 0.0 CE2 11 
   1356 6.727 0.0 HD1 121 
   273 109.233 0.0 N 27 
   1247 1.796 0.0 HB2 113 
   56 46.424 0.0 CA 6 
   475 2.716 0.0 HB2 45 
   442 175.119 0.0 C 42 
   554 64.045 0.0 CA 51 
   158 1.735 0.0 HG2 17 
   533 30.291 0.0 CB 49 
   623 116.726 0.0 N 57 
   496 0.204 0.0 HD11 47 
   6 176.41 0.0 C 1 
   1121 2.271 0.0 HB3 102 
   130 42.509 0.0 CB 13 
   122 40.455 0.0 CB 12 
   257 8.255 0.0 H 25 
   945 5.606 0.0 HA 87 
   1283 130.852 0.0 N 115 
   750 117.242 0.0 N 69 
   551 1.179 0.0 HG22 51 
   461 7.23 0.0 HD1 44 
   873 0.654 0.0 HD12 79 
   1397 2.216 0.0 HG2 125 
   812 1.784 0.0 HB2 75 
   742 2.066 0.0 HB2 69 
   62 175.803 0.0 C 7 
   1229 9.143 0.0 H 112 
   852 127.184 0.0 N 77 
   187 0.589 0.0 HD11 19 
   1233 7.09 0.0 HD1 112 
   351 2.92 0.0 HD3 35 
   454 51.354 0.0 CA 43 
   1201 176.252 0.0 C 109 
   581 2.144 0.0 HG2 54 
   704 2.83 0.0 HD3 65 
   988 22.42 0.0 CG2 90 
   996 175.381 0.0 C 91 
   1267 -0.462 0.0 HG2 114 
   930 33.692 0.0 CB 84 
   1207 9.762 0.0 H 110 
   806 44.31 0.0 CB 74 
   1170 33.628 0.0 CB 106 
   904 172.65 0.0 C 82 
   180 24.068 0.0 CD2 18 
   557 121.694 0.0 N 51 
   419 0.761 0.0 HD12 41 
   229 1.138 0.0 HG23 22 
   194 179.45 0.0 C 19 
   1142 8.938 0.0 H 104 
   1015 131.4 0.0 CE2 92 
   141 4.006 0.0 HA 15 
   1339 2.875 0.0 HB3 120 
   1126 176.9 0.0 C 102 
   236 4.518 0.0 HA 23 
   802 0.741 0.0 HD22 74 
   1383 55.575 0.0 CA 123 
   426 54.401 0.0 CA 41 
   575 50.1 0.0 CD 53 
   493 6.884 0.0 H 47 
   1206 122.752 0.0 N 109 
   320 23.15 0.0 CD1 31 
   1160 173.605 0.0 C 105 
   782 7.023 0.0 HD1 73 
   54 4.38 0.0 HA3 6 
   956 27.468 0.0 CG 87 
   978 0.545 0.0 HG11 90 
   1376 6.575 0.0 H 123 
   770 8.706 0.0 H 72 
   1413 7.916 0.0 H 127 
   1300 45.22 0.0 CA 117 
   1035 9.654 0.0 H 94 
   565 3.938 0.0 HA 53 
   589 4.668 0.0 HA 55 
   327 0.908 0.0 HB2 33 
   209 120.542 0.0 N 20 
   205 1.402 0.0 HB3 20 
   739 117.484 0.0 N 68 
   71 111.582 0.0 N 8 
   1132 4.002 0.0 HA 103 
   646 7.195 0.0 HD1 59 
   878 1.524 0.0 HG 79 
   1030 42.274 0.0 CB 93 
   1432 55.945 0.0 CA 128 
   1191 36.823 0.0 CG 108 
   290 1.995 0.0 HG2 29 
   421 0.717 0.0 HD21 41 
   336 43.145 0.0 CD 33 
   490 62.32 0.0 CA 46 
   1291 177.209 0.0 C 116 
   707 177.82 0.0 C 65 
   16 175.445 0.0 C 2 
   20 110.708 0.0 ND2 2 
   1144 0.798 0.0 HB2 104 
   310 1.035 0.0 HD11 31 
   919 9.104 0.0 H 84 
   218 176.109 0.0 C 21 
   324 8.704 0.0 H 32 
   473 8.306 0.0 H 45 
   753 2.006 0.0 HB2 70 
   1299 173.43 0.0 C 117 
   853 8.94 0.0 H 78 
   544 69.63 0.0 CB 50 
   221 43.564 0.0 CD 21 
   865 21.781 0.0 CG1 78 
   957 119.907 0.0 N 87 
   49 60.214 0.0 CA 5 
   773 2.475 0.0 HB3 72 
