   201 8.213 0.0 H 20 
   961 172.34 0.0 C 88 
   1003 3.186 0.0 HB2 92 
   721 120.92 0.0 N 66 
   1256 43.47 0.0 CD 113 
   1389 4.955 0.0 HA3 124 
   1234 7.09 0.0 HD2 112 
   1347 133.1 0.0 CD1 120 
   208 18.852 0.0 CB 20 
   108 178.9 0.0 C 11 
   402 117.405 0.0 CE1 39 
   875 0.689 0.0 HD21 79 
   376 1.502 0.0 HB2 37 
   271 19.685 0.0 CB 26 
   195 57.701 0.0 CA 19 
   720 17.675 0.0 CB 66 
   90 4.478 0.0 HA 10 
   745 2.478 0.0 HG3 69 
   492 119.529 0.0 N 46 
   1421 0.266 0.0 HG23 127 
   469 131.0 0.0 CD2 44 
   715 1.416 0.0 HB1 66 
   956 27.468 0.0 CG 87 
   865 21.781 0.0 CG1 78 
   322 27.664 0.0 CG 31 
   661 7.15 0.0 HD2 61 
   1066 171.75 0.0 C 96 
   1233 7.09 0.0 HD1 112 
   960 5.047 0.0 HA3 88 
   991 5.776 0.0 HA 91 
   971 61.14 0.0 CA 89 
   980 0.545 0.0 HG13 90 
   823 1.401 0.0 HB2 76 
   646 7.195 0.0 HD1 59 
   851 27.258 0.0 CG 77 
   139 126.164 0.0 N 14 
   35 0.979 0.0 HG21 4 
   46 3.103 0.0 HB2 5 
   546 103.746 0.0 N 50 
   1148 2.037 0.0 HG2 104 
   279 1.333 0.0 HG2 28 
   1098 32.12 0.0 CB 98 
   192 0.146 0.0 HD23 19 
   1124 1.991 0.0 HG2 102 
   1303 4.552 0.0 HA 118 
   725 3.645 0.0 HB3 67 
   831 1.027 0.0 HG 76 
   1255 35.782 0.0 CB 113 
   162 32.12 0.0 CB 17 
   809 123.697 0.0 N 74 
   842 1.648 0.0 HB3 77 
   543 61.38 0.0 CA 50 
   229 1.138 0.0 HG23 22 
   995 2.178 0.0 HG3 91 
   460 3.082 0.0 HB3 44 
   1083 54.951 0.0 CA 97 
   422 0.717 0.0 HD22 41 
   718 179.2 0.0 C 66 
   159 1.735 0.0 HG3 17 
   1000 129.755 0.0 N 91 
   494 3.075 0.0 HA 47 
   921 1.823 0.0 HB2 84 
   1158 3.656 0.0 HB2 105 
   881 42.361 0.0 CB 79 
   593 3.145 0.0 HD3 55 
   805 55.851 0.0 CA 74 
   1401 33.107 0.0 CB 125 
   154 1.368 0.0 HB2 17 
   749 36.968 0.0 CG 69 
   913 2.205 0.0 HG3 83 
   919 9.104 0.0 H 84 
   899 113.782 0.0 N 81 
   710 43.29 0.0 CD 65 
   1152 33.32 0.0 CB 104 
   993 1.996 0.0 HB3 91 
   1273 41.456 0.0 CE 114 
   346 8.345 0.0 H 35 
   634 1.6 0.0 HG 58 
   541 0.509 0.0 HG23 50 
   352 177.72 0.0 C 35 
   1350 117.2 0.0 CE2 120 
   367 38.05 0.0 CB 36 
   1096 177.352 0.0 C 98 
   253 174.356 0.0 C 24 
   610 177.209 0.0 C 56 
   540 0.509 0.0 HG22 50 
   884 28.23 0.0 CG 79 
   607 3.195 0.0 HD3 56 
   1112 45.456 0.0 CA 100 
   982 1.127 0.0 HG22 90 
   188 0.589 0.0 HD12 19 
   1103 3.975 0.0 HA2 99 
   1348 133.1 0.0 CD2 120 
   1326 175.5 0.0 C 119 
   892 8.338 0.0 H 81 
   904 172.65 0.0 C 82 
   1330 119.204 0.0 CE3 119 
   996 175.381 0.0 C 91 
   974 115.849 0.0 N 89 
   329 2.895 0.0 HD2 33 
   990 9.047 0.0 H 91 
   150 2.895 0.0 HA3 16 
   933 24.71 0.0 CG 84 
   1135 2.126 0.0 HG2 103 
   945 5.606 0.0 HA 87 
   837 27.682 0.0 CG 76 
   648 7.032 0.0 HE1 59 
   341 4.198 0.0 HB3 34 
   1412 127.644 0.0 N 126 
   1164 9.575 0.0 H 106 
   764 2.725 0.0 HB2 71 
   232 69.026 0.0 CB 22 
   489 178.007 0.0 C 46 
   680 0.909 0.0 HG22 63 
   114 118.8 0.0 CE2 11 
   902 3.83 0.0 HB2 82 
   53 3.93 0.0 HA2 6 
   1090 1.732 0.0 HB2 98 
   535 118.382 0.0 N 49 
   758 56.417 0.0 CA 70 
   936 3.74 0.0 HA3 85 
   732 2.781 0.0 HB2 68 
   241 1.415 0.0 HG2 23 
   130 42.509 0.0 CB 13 
   386 1.672 0.0 HB3 38 
   770 8.706 0.0 H 72 
   959 3.563 0.0 HA2 88 
   617 4.653 0.0 HA 57 
   1225 30.155 0.0 CB 111 
   278 2.142 0.0 HD3 28 
   65 118.937 0.0 N 7 
   228 1.138 0.0 HG22 22 
   255 64.524 0.0 CB 24 
   677 0.998 0.0 HG12 63 
   368 132.01 0.0 CD1 36 
   1089 4.874 0.0 HA 98 
   850 43.64 0.0 CD 77 
   415 4.275 0.0 HA 41 
   204 1.402 0.0 HB2 20 
   1362 40.107 0.0 CB 121 
   696 39.218 0.0 CB 64 
   240 3.047 0.0 HD3 23 
   767 58.754 0.0 CA 71 
   693 7.734 0.0 HD22 64 
   64 62.352 0.0 CB 7 
   441 1.111 0.0 HG3 42 
   830 0.582 0.0 HD23 76 
   375 1.502 0.0 HB1 37 
   1070 131.6 0.0 CD2 96 
   841 1.734 0.0 HB2 77 
   275 1.096 0.0 HB2 28 
   905 57.524 0.0 CA 82 
   1377 4.264 0.0 HA 123 
   495 1.73 0.0 HB 47 
   685 22.675 0.0 CG1 63 
   1181 129.694 0.0 N 107 
   1092 3.211 0.0 HD2 98 
   943 63.215 0.0 CB 86 
   1147 7.641 0.0 HE22 104 
   873 0.654 0.0 HD12 79 
   141 4.006 0.0 HA 15 
   705 1.16 0.0 HG2 65 
   787 60.0 0.0 CA 73 
   453 174.95 0.0 C 43 
   566 1.839 0.0 HB2 53 
   109 61.54 0.0 CA 11 
   135 2.938 0.0 HB3 14 
   337 27.53 0.0 CG 33 
   1097 55.288 0.0 CA 98 
   1141 120.322 0.0 N 103 
   506 34.745 0.0 CB 47 
   791 130.3 0.0 CE1 73 
   814 1.996 0.0 HG2 75 
   443 56.288 0.0 CA 42 
   1272 29.151 0.0 CD 114 
   746 179.081 0.0 C 69 
   1186 2.103 0.0 HG2 108 
   1201 176.252 0.0 C 109 
   1268 0.415 0.0 HG3 114 
   771 4.985 0.0 HA 72 
   1130 27.111 0.0 CG 102 
   97 69.47 0.0 CB 10 
   644 3.02 0.0 HB2 59 
   1333 121.55 0.0 CZ3 119 
   1385 35.236 0.0 CG 123 
   689 4.798 0.0 HA 64 
   291 1.995 0.0 HG3 29 
   66 9.283 0.0 H 8 
   49 60.214 0.0 CA 5 
   417 1.555 0.0 HB3 41 
   825 0.564 0.0 HD11 76 
   793 124.281 0.0 N 73 
   99 112.657 0.0 N 10 
   365 176.705 0.0 C 36 
   692 6.936 0.0 HD21 64 
   216 1.747 0.0 HG2 21 
   348 1.396 0.0 HB2 35 
   129 53.219 0.0 CA 13 
   676 0.998 0.0 HG11 63 
   82 176.429 0.0 C 9 
   813 2.258 0.0 HB3 75 
   908 8.427 0.0 H 83 
   1006 7.035 0.0 HD2 92 
   1427 122.174 0.0 N 127 
   284 50.19 0.0 CD 28 
   1319 2.643 0.0 HB3 119 
   58 8.552 0.0 H 7 
   1409 177.6 0.0 C 126 
   859 0.813 0.0 HG21 78 
   385 1.672 0.0 HB2 38 
   411 54.857 0.0 CA 40 
   343 60.984 0.0 CA 34 
   846 1.498 0.0 HG3 77 
   213 2.277 0.0 HB3 21 
   37 0.979 0.0 HG23 4 
   1285 1.856 0.0 HB2 116 
   1042 22.085 0.0 CB 94 
   123 116.209 0.0 N 12 
   1071 130.76 0.0 CE1 96 
   898 66.3 0.0 CB 81 
   347 4.006 0.0 HA 35 
   359 2.601 0.0 HB2 36 
   604 1.897 0.0 HB2 56 
   185 1.445 0.0 HB2 19 
   465 177.805 0.0 C 44 
   1245 9.522 0.0 H 113 
   419 0.761 0.0 HD12 41 
   1120 1.866 0.0 HB2 102 
   727 60.29 0.0 CA 67 
   94 1.269 0.0 HG23 10 
   740 8.744 0.0 H 69 
   1100 27.715 0.0 CG 98 
   349 1.91 0.0 HB3 35 
   1102 9.005 0.0 H 99 
   475 2.716 0.0 HB2 45 
   1419 0.266 0.0 HG21 127 
   659 3.312 0.0 HB2 61 
   858 0.751 0.0 HG13 78 
   30 4.168 0.0 HA 4 
   656 129.0 0.0 CE2 59 
   180 24.068 0.0 CD2 18 
   965 5.861 0.0 HA 89 
   144 176.5 0.0 C 15 
   397 6.565 0.0 HE1 39 
   1114 7.925 0.0 H 101 
   451 2.209 0.0 HB2 43 
   554 64.045 0.0 CA 51 
   1264 0.784 0.0 HD3 114 
   493 6.884 0.0 H 47 
   165 6.545 0.0 H 18 
   1061 2.567 0.0 HB3 96 
   1431 2.483 0.0 HB3 128 
   612 30.658 0.0 CB 56 
   1367 122.001 0.0 N 121 
   1139 30.075 0.0 CB 103 
   686 20.93 0.0 CG2 63 
   1364 130.74 0.0 CD2 121 
   171 0.885 0.0 HD13 18 
   461 7.23 0.0 HD1 44 
   485 6.77 0.0 HD1 46 
   474 4.235 0.0 HA 45 
   1296 8.576 0.0 H 117 
   1420 0.266 0.0 HG22 127 
   151 48.106 0.0 CA 16 
   98 22.425 0.0 CG2 10 
   968 1.236 0.0 HG22 89 
   319 39.75 0.0 CB 31 
   525 122.147 0.0 N 48 
   1317 4.567 0.0 HA 119 
   723 4.145 0.0 HA 67 
   1054 33.572 0.0 CB 95 
   1170 33.628 0.0 CB 106 
   112 133.6 0.0 CD2 11 
   734 1.901 0.0 HG2 68 
   977 2.119 0.0 HB 90 
   273 109.233 0.0 N 27 
   796 1.361 0.0 HB2 74 
   1078 3.228 0.0 HD2 97 
   396 6.665 0.0 HD2 39 
   73 4.514 0.0 HA 9 
   538 4.595 0.0 HB 50 
   598 31.582 0.0 CB 55 
   588 8.069 0.0 H 55 
   557 121.694 0.0 N 51 
   121 56.0 0.0 CA 12 
   354 30.325 0.0 CB 35 
   182 116.726 0.0 N 18 
   1306 3.037 0.0 HD2 118 
   500 0.837 0.0 HG13 47 
   69 174.204 0.0 C 8 
   981 1.127 0.0 HG21 90 
   930 33.692 0.0 CB 84 
   690 2.951 0.0 HB2 64 
   1369 4.517 0.0 HA 122 
   302 177.4 0.0 C 30 
   1226 32.464 0.0 CG 111 
   1313 43.27 0.0 CD 118 
   849 32.628 0.0 CB 77 
   288 1.619 0.0 HB2 29 
   1072 130.76 0.0 CE2 96 
   628 0.92 0.0 HD11 58 
   583 177.408 0.0 C 54 
   738 32.56 0.0 CB 68 
   1195 1.509 0.0 HB2 109 
   242 1.415 0.0 HG3 23 
   530 2.295 0.0 HG2 49 
   1386 113.946 0.0 N 123 
   1398 2.177 0.0 HG3 125 
   537 4.576 0.0 HA 50 
   910 1.923 0.0 HB2 83 
   1399 174.408 0.0 C 125 
   636 54.812 0.0 CA 58 
   481 7.764 0.0 H 46 
   133 4.403 0.0 HA 14 
   124 7.445 0.0 H 13 
   119 2.469 0.0 HB3 12 
   596 173.52 0.0 C 55 
   1218 2.263 0.0 HB3 111 
   939 4.197 0.0 HB2 86 
   410 179.8 0.0 C 40 
   1395 1.946 0.0 HB2 125 
   246 43.34 0.0 CD 23 
   137 60.369 0.0 CA 14 
   1227 121.905 0.0 N 111 
   1209 4.164 0.0 HB2 110 
   888 4.158 0.0 HA3 80 
   301 1.341 0.0 HB3 30 
   426 54.401 0.0 CA 41 
   297 7.812 0.0 H 30 
   134 2.552 0.0 HB2 14 
   1297 3.345 0.0 HA2 117 
   828 0.582 0.0 HD21 76 
   327 0.908 0.0 HB2 33 
   382 8.298 0.0 H 38 
   826 0.564 0.0 HD12 76 
   609 1.788 0.0 HG3 56 
   219 56.614 0.0 CA 21 
   1086 27.428 0.0 CG 97 
   445 29.151 0.0 CD 42 
   790 130.4 0.0 CD2 73 
   261 1.324 0.0 HB3 25 
   870 1.251 0.0 HB2 79 
   1404 8.632 0.0 H 126 
   1428 7.901 0.0 H 128 
   754 2.218 0.0 HB3 70 
   896 172.936 0.0 C 81 
   202 4.243 0.0 HA 20 
   555 68.659 0.0 CB 51 
   1408 1.334 0.0 HB3 126 
   160 177.301 0.0 C 17 
   847 175.2 0.0 C 77 
   447 25.37 0.0 CG 42 
   272 7.106 0.0 H 27 
   303 54.5 0.0 CA 30 
   1045 5.608 0.0 HA 95 
   591 2.333 0.0 HB3 55 
   11 4.752 0.0 HA 2 
   344 63.245 0.0 CB 34 
   1027 0.78 0.0 HG23 93 
   333 177.29 0.0 C 33 
   779 4.308 0.0 HA 73 
   1171 126.101 0.0 N 106 
   1430 2.607 0.0 HB2 128 
   1334 121.469 0.0 N 119 
   1279 1.303 0.0 HB2 115 
   955 43.15 0.0 CD 87 
   953 54.544 0.0 CA 87 
   38 175.39 0.0 C 4 
   452 2.821 0.0 HB3 43 
   48 175.9 0.0 C 5 
   1246 5.608 0.0 HA 113 
   887 4.158 0.0 HA2 80 
   697 119.384 0.0 N 64 
   1082 174.825 0.0 C 97 
   668 2.627 0.0 HB3 62 
   1258 124.163 0.0 N 113 
   1128 32.451 0.0 CB 102 
   992 1.996 0.0 HB2 91 
   1231 2.355 0.0 HB2 112 
   553 173.901 0.0 C 51 
   1271 32.422 0.0 CB 114 
   1353 4.192 0.0 HA 121 
   927 1.366 0.0 HG2 84 
   521 67.625 0.0 CA 48 
   1349 117.2 0.0 CE1 120 
   163 50.635 0.0 CD 17 
   239 3.047 0.0 HD2 23 
   1336 9.145 0.0 H 120 
   310 1.035 0.0 HD11 31 
   622 39.937 0.0 CB 57 
   539 0.509 0.0 HG21 50 
   1329 125.3 0.0 CD1 119 
   861 0.813 0.0 HG23 78 
   491 38.35 0.0 CB 46 
   389 18.195 0.0 CB 38 
   1110 3.905 0.0 HA3 100 
   890 45.632 0.0 CA 80 
   413 121.155 0.0 N 40 
   618 2.735 0.0 HB2 57 
   409 1.098 0.0 HB3 40 
   1151 54.05 0.0 CA 104 
   3 2.003 0.0 HB3 1 
   340 3.692 0.0 HB2 34 
   513 2.008 0.0 HB 48 
   979 0.545 0.0 HG12 90 
   497 0.204 0.0 HD12 47 
   1023 0.459 0.0 HG12 93 
   479 39.895 0.0 CB 45 
   606 3.195 0.0 HD2 56 
   434 2.401 0.0 HB2 42 
   330 2.824 0.0 HD3 33 
   1160 173.605 0.0 C 105 
   233 22.556 0.0 CG2 22 
   1150 174.031 0.0 C 104 
   1067 55.736 0.0 CA 96 
   1194 4.95 0.0 HA 109 
   430 27.053 0.0 CG 41 
   679 0.909 0.0 HG21 63 
   637 41.906 0.0 CB 58 
   741 3.998 0.0 HA 69 
   1391 45.365 0.0 CA 124 
   589 4.668 0.0 HA 55 
   448 116.255 0.0 N 42 
   906 66.204 0.0 CB 82 
   309 1.028 0.0 HB3 31 
   226 4.224 0.0 HB 22 
   976 4.777 0.0 HA 90 
   482 3.695 0.0 HA 46 
   44 8.155 0.0 H 5 
   194 179.45 0.0 C 19 
   1049 3.25 0.0 HD3 95 
   299 1.341 0.0 HB1 30 
   294 28.57 0.0 CB 29 
   724 3.253 0.0 HB2 67 
   420 0.761 0.0 HD13 41 
   1032 28.25 0.0 CG1 93 
   528 1.945 0.0 HB2 49 
   1117 44.635 0.0 CA 101 
   282 64.51 0.0 CA 28 
   355 43.64 0.0 CD 35 
   940 4.069 0.0 HB3 86 
   581 2.144 0.0 HG2 54 
   1375 125.692 0.0 N 122 
   611 60.144 0.0 CA 56 
   924 1.726 0.0 HD3 84 
   25 178.12 0.0 C 3 
   418 0.761 0.0 HD11 41 
   551 1.179 0.0 HG22 51 
   1434 129.886 0.0 N 128 
   983 1.127 0.0 HG23 90 
   463 7.192 0.0 HE1 44 
   392 3.693 0.0 HA 39 
   307 3.978 0.0 HA 31 
   578 4.158 0.0 HA 54 
   675 1.923 0.0 HB 63 
   1405 4.473 0.0 HA 126 
   318 56.998 0.0 CA 31 
   548 4.625 0.0 HA 51 
   1193 8.473 0.0 H 109 
   1175 3.482 0.0 HB3 107 
   874 0.654 0.0 HD13 79 
   1015 131.4 0.0 CE2 92 
   918 121.107 0.0 N 83 
   81 1.315 0.0 HG3 9 
   1261 0.78 0.0 HB2 114 
   844 3.09 0.0 HD3 77 
   42 21.175 0.0 CG2 4 
   390 119.703 0.0 N 38 
   210 7.678 0.0 H 21 
   534 36.304 0.0 CG 49 
   1324 7.531 0.0 HZ2 119 
   559 3.741 0.0 HA 52 
   1314 26.928 0.0 CG 118 
   1187 2.103 0.0 HG3 108 
   639 22.596 0.0 CD2 58 
   638 25.392 0.0 CD1 58 
   1254 54.651 0.0 CA 113 
   1031 14.095 0.0 CD1 93 
   480 117.34 0.0 N 45 
   1107 117.554 0.0 N 99 
   728 28.554 0.0 CB 67 
   1384 32.175 0.0 CB 123 
   1087 117.405 0.0 N 97 
   326 3.481 0.0 HA 33 
   778 8.75 0.0 H 73 
   1374 64.524 0.0 CB 122 
   517 0.798 0.0 HG21 48 
   217 1.747 0.0 HG3 21 
   1265 2.17 0.0 HE2 114 
   168 1.8 0.0 HB3 18 
   1062 6.815 0.0 HD1 96 
   468 131.0 0.0 CD1 44 
   1079 3.228 0.0 HD3 97 
   1339 2.875 0.0 HB3 120 
   111 133.6 0.0 CD1 11 
   592 3.145 0.0 HD2 55 
   1065 7.28 0.0 HE2 96 
   464 7.192 0.0 HE2 44 
   1143 4.495 0.0 HA 104 
   258 4.116 0.0 HA 25 
   1073 120.365 0.0 N 96 
   645 2.925 0.0 HB3 59 
   586 36.72 0.0 CG 54 
   438 3.341 0.0 HE2 42 
   574 32.371 0.0 CB 53 
   1230 5.485 0.0 HA 112 
   763 5.268 0.0 HA 71 
   989 121.506 0.0 N 90 
   1277 4.579 0.0 HA 115 
   1036 5.859 0.0 HA 94 
   947 2.189 0.0 HB3 87 
   1134 1.823 0.0 HB3 103 
   1094 1.576 0.0 HG2 98 
   807 25.72 0.0 CD1 74 
   878 1.524 0.0 HG 79 
   670 57.769 0.0 CA 62 
   862 176.104 0.0 C 78 
   1304 1.421 0.0 HB2 118 
   427 40.89 0.0 CB 41 
   169 0.885 0.0 HD11 18 
   1392 109.592 0.0 N 124 
   1017 9.184 0.0 H 93 
   197 25.042 0.0 CD1 19 
   338 7.582 0.0 H 34 
   1224 53.985 0.0 CA 111 
   1111 175.32 0.0 C 100 
   101 4.625 0.0 HA 11 
   45 4.584 0.0 HA 5 
   1346 42.25 0.0 CB 120 
   730 8.221 0.0 H 68 
   761 114.677 0.0 N 70 
   946 2.018 0.0 HB2 87 
   70 45.052 0.0 CA 8 
   857 0.751 0.0 HG12 78 
   22 4.002 0.0 HA 3 
   1167 3.578 0.0 HB3 106 
   1267 -0.462 0.0 HG2 114 
   21 9.38 0.0 H 3 
   816 172.804 0.0 C 75 
   1105 175.4 0.0 C 99 
   613 43.64 0.0 CD 56 
   41 21.175 0.0 CG1 4 
   215 3.225 0.0 HD3 21 
   1355 2.737 0.0 HB3 121 
   818 33.51 0.0 CB 75 
   39 63.31 0.0 CA 4 
   560 2.623 0.0 HB2 52 
   969 1.236 0.0 HG23 89 
   224 8.268 0.0 H 22 
   16 175.445 0.0 C 2 
   393 1.212 0.0 HB2 39 
   1287 3.215 0.0 HD2 116 
   1169 55.849 0.0 CA 106 
   1366 130.84 0.0 CE2 121 
   13 2.932 0.0 HB3 2 
   268 1.485 0.0 HB3 26 
   864 32.119 0.0 CB 78 
   118 2.63 0.0 HB2 12 
   998 31.557 0.0 CB 91 
   894 3.838 0.0 HB2 81 
   1138 57.735 0.0 CA 103 
   1020 0.535 0.0 HD11 93 
   549 4.218 0.0 HB 51 
   708 59.999 0.0 CA 65 
   901 4.747 0.0 HA 82 
   1286 1.977 0.0 HB3 116 
   1106 47.294 0.0 CA 99 
   412 17.695 0.0 CB 40 
   222 28.094 0.0 CG 21 
   1077 1.572 0.0 HB3 97 
   83 54.561 0.0 CA 9 
   115 124.022 0.0 N 11 
   762 7.151 0.0 H 71 
   1292 56.584 0.0 CA 116 
   802 0.741 0.0 HD22 74 
   1293 27.96 0.0 CB 116 
   526 8.501 0.0 H 49 
   1198 3.139 0.0 HD3 109 
   1248 1.708 0.0 HB3 113 
   819 36.619 0.0 CG 75 
   509 17.387 0.0 CG2 47 
   852 127.184 0.0 N 77 
   1104 3.906 0.0 HA3 99 
   296 116.67 0.0 N 29 
   911 1.923 0.0 HB3 83 
   231 63.14 0.0 CA 22 
   1206 122.752 0.0 N 109 
   496 0.204 0.0 HD11 47 
   1432 55.945 0.0 CA 128 
   1028 175.6 0.0 C 93 
   1407 1.334 0.0 HB2 126 
   563 43.019 0.0 CB 52 
   948 3.345 0.0 HD2 87 
   156 3.281 0.0 HD2 17 
   366 62.75 0.0 CA 36 
   1174 2.829 0.0 HB2 107 
   900 8.975 0.0 H 82 
   595 1.669 0.0 HG3 55 
   872 0.654 0.0 HD11 79 
   199 28.47 0.0 CG 19 
   47 2.92 0.0 HB3 5 
   12 2.675 0.0 HB2 2 
   964 8.86 0.0 H 89 
   937 47.314 0.0 CA 85 
   435 2.401 0.0 HB3 42 
   1051 1.57 0.0 HG3 95 
   975 9.02 0.0 H 90 
   1216 5.243 0.0 HA 111 
   103 3.085 0.0 HB3 11 
   394 2.1 0.0 HB3 39 
   1010 56.13 0.0 CA 92 
   635 177.0 0.0 C 58 
   616 8.78 0.0 H 57 
   614 28.048 0.0 CG 56 
   227 1.138 0.0 HG21 22 
   780 2.454 0.0 HB2 73 
   259 1.324 0.0 HB1 25 
   1250 2.982 0.0 HD3 113 
   178 39.261 0.0 CB 18 
   74 1.533 0.0 HB2 9 
   1433 42.247 0.0 CB 128 
   187 0.589 0.0 HD11 19 
   1132 4.002 0.0 HA 103 
   148 8.026 0.0 H 16 
   466 61.65 0.0 CA 44 
   845 1.447 0.0 HG2 77 
   186 1.528 0.0 HB3 19 
   853 8.94 0.0 H 78 
   1363 130.74 0.0 CD1 121 
   189 0.589 0.0 HD13 19 
   1056 27.88 0.0 CG 95 
   735 1.68 0.0 HG3 68 
   161 64.78 0.0 CA 17 
   1290 1.586 0.0 HG3 116 
   1301 103.666 0.0 N 117 
   428 25.612 0.0 CD1 41 
   374 3.578 0.0 HA 37 
   931 29.25 0.0 CD 84 
   788 38.32 0.0 CB 73 
   1325 6.69 0.0 HZ3 119 
   131 117.361 0.0 N 13 
   1307 3.037 0.0 HD3 118 
   1173 5.583 0.0 HA 107 
   14 6.792 0.0 HD21 2 
   1249 3.346 0.0 HD2 113 
   1146 6.978 0.0 HE21 104 
   564 127.871 0.0 N 52 
   572 178.7 0.0 C 53 
   1351 115.506 0.0 N 120 
   914 174.601 0.0 C 83 
   1260 4.664 0.0 HA 114 
   143 2.495 0.0 HB3 15 
   1411 19.149 0.0 CB 126 
   214 3.225 0.0 HD2 21 
   1001 9.171 0.0 H 92 
   756 2.383 0.0 HG3 70 
   262 52.785 0.0 CA 25 
   125 4.805 0.0 HA 13 
   323 119.402 0.0 N 31 
   753 2.006 0.0 HB2 70 
   1372 172.256 0.0 C 122 
   909 4.892 0.0 HA 83 
   973 21.775 0.0 CG2 89 
   351 2.92 0.0 HD3 35 
   1305 1.514 0.0 HB3 118 
   1064 7.28 0.0 HE1 96 
   33 0.979 0.0 HG12 4 
   558 9.009 0.0 H 52 
   1253 173.52 0.0 C 113 
   221 43.564 0.0 CD 21 
   542 173.401 0.0 C 50 
   1038 1.937 0.0 HB2 94 
   1009 171.85 0.0 C 92 
   79 2.903 0.0 HE3 9 
   907 115.128 0.0 N 82 
   1387 8.786 0.0 H 124 
   1213 66.524 0.0 CB 110 
   55 176.304 0.0 C 6 
   286 8.098 0.0 H 29 
   1052 176.85 0.0 C 95 
   381 121.482 0.0 N 37 
   126 2.443 0.0 HB2 13 
   827 0.564 0.0 HD13 76 
   716 1.416 0.0 HB2 66 
   63 59.829 0.0 CA 7 
   1136 2.0 0.0 HG3 103 
   193 1.197 0.0 HG 19 
   4 2.222 0.0 HG2 1 
   867 126.212 0.0 N 78 
   175 1.697 0.0 HG 18 
   625 4.331 0.0 HA 58 
   1080 1.566 0.0 HG2 97 
   774 175.305 0.0 C 72 
   883 22.906 0.0 CD2 79 
   929 55.741 0.0 CA 84 
   794 9.086 0.0 H 74 
   952 175.019 0.0 C 87 
   1123 3.604 0.0 HD3 102 
   1037 1.937 0.0 HB1 94 
   401 35.75 0.0 CB 39 
   1113 109.645 0.0 N 100 
   917 36.115 0.0 CG 83 
   576 27.257 0.0 CG 53 
   1043 131.277 0.0 N 94 
   671 40.155 0.0 CB 62 
   449 8.832 0.0 H 43 
   470 130.2 0.0 CE1 44 
   820 119.876 0.0 N 75 
   797 1.549 0.0 HB3 74 
   781 3.11 0.0 HB3 73 
   1004 2.985 0.0 HB3 92 
   966 3.95 0.0 HB 89 
   619 2.609 0.0 HB3 57 
   454 51.354 0.0 CA 43 
   117 4.179 0.0 HA 12 
   1320 6.8 0.0 HD1 119 
   306 7.782 0.0 H 31 
   748 30.017 0.0 CB 69 
   584 57.145 0.0 CA 54 
   750 117.242 0.0 N 69 
   304 18.495 0.0 CB 30 
   1416 0.549 0.0 HG11 127 
   627 1.619 0.0 HB3 58 
   425 176.25 0.0 C 41 
   895 3.878 0.0 HB3 81 
   579 1.751 0.0 HB2 54 
   1323 6.967 0.0 HH2 119 
   149 2.895 0.0 HA2 16 
   102 2.98 0.0 HB2 11 
   113 118.8 0.0 CE1 11 
   1050 1.66 0.0 HG2 95 
   669 179.5 0.0 C 62 
   105 7.598 0.0 HD2 11 
   1126 176.9 0.0 C 102 
   694 176.82 0.0 C 64 
   994 2.323 0.0 HG2 91 
   962 45.449 0.0 CA 88 
   488 6.55 0.0 HE2 46 
   1276 9.291 0.0 H 115 
   963 107.686 0.0 N 88 
   1125 1.9 0.0 HG3 102 
   377 1.502 0.0 HB3 37 
   798 0.739 0.0 HD11 74 
   1035 9.654 0.0 H 94 
   372 120.099 0.0 N 36 
   436 1.74 0.0 HD2 42 
   1189 54.005 0.0 CA 108 
   86 41.986 0.0 CE 9 
   1202 55.671 0.0 CA 109 
   621 55.375 0.0 CA 57 
   483 2.559 0.0 HB2 46 
   146 30.602 0.0 CB 15 
   249 8.642 0.0 H 24 
   353 60.124 0.0 CA 35 
   157 3.281 0.0 HD3 17 
   886 7.635 0.0 H 80 
   713 7.586 0.0 H 66 
   238 1.707 0.0 HB3 23 
   1 4.155 0.0 HA 1 
   514 0.502 0.0 HG11 48 
   1014 131.4 0.0 CE1 92 
   632 0.806 0.0 HD22 58 
   1380 1.878 0.0 HG2 123 
   1266 2.265 0.0 HE3 114 
   408 1.098 0.0 HB2 40 
   1396 2.028 0.0 HB3 125 
   785 6.582 0.0 HE2 73 
   1340 6.888 0.0 HD1 120 
   91 4.483 0.0 HB 10 
   198 22.18 0.0 CD2 19 
   34 0.979 0.0 HG13 4 
   561 2.488 0.0 HB3 52 
   524 21.395 0.0 CG2 48 
   1312 33.592 0.0 CB 118 
   505 61.81 0.0 CA 47 
   1415 0.75 0.0 HB 127 
   1402 35.961 0.0 CG 125 
   1179 31.258 0.0 CB 107 
   577 8.334 0.0 H 54 
   1021 0.535 0.0 HD12 93 
   384 1.672 0.0 HB1 38 
   699 8.562 0.0 H 65 
   280 -0.395 0.0 HG3 28 
   605 1.95 0.0 HB3 56 
   863 63.69 0.0 CA 78 
   835 25.728 0.0 CD1 76 
   190 0.146 0.0 HD21 19 
   608 1.705 0.0 HG2 56 
   1417 0.549 0.0 HG12 127 
   1019 1.4 0.0 HB 93 
   311 1.035 0.0 HD12 31 
   26 63.959 0.0 CA 3 
   603 3.95 0.0 HA 56 
   1315 121.34 0.0 N 118 
   687 121.325 0.0 N 63 
   1397 2.216 0.0 HG2 125 
   1328 31.82 0.0 CB 119 
   369 132.01 0.0 CD2 36 
   472 122.987 0.0 N 44 
   811 4.385 0.0 HA 75 
   897 57.259 0.0 CA 81 
   462 7.23 0.0 HD2 44 
   499 1.064 0.0 HG12 47 
   997 53.955 0.0 CA 91 
   1238 56.51 0.0 CA 112 
   166 4.458 0.0 HA 18 
   743 2.139 0.0 HB3 69 
   1060 2.068 0.0 HB2 96 
   1298 4.046 0.0 HA3 117 
   1007 7.082 0.0 HE1 92 
   1157 5.357 0.0 HA 105 
   191 0.146 0.0 HD22 19 
   1069 131.6 0.0 CD1 96 
   1414 3.882 0.0 HA 127 
   667 2.758 0.0 HB2 62 
   717 1.416 0.0 HB3 66 
   759 31.29 0.0 CB 70 
   912 2.205 0.0 HG2 83 
   76 1.637 0.0 HD2 9 
   869 4.345 0.0 HA 79 
   1288 3.215 0.0 HD3 116 
   783 7.023 0.0 HD2 73 
   1183 4.864 0.0 HA 108 
   1370 3.554 0.0 HB2 122 
   700 3.481 0.0 HA 65 
   1360 174.025 0.0 C 121 
   104 7.598 0.0 HD1 11 
   235 7.348 0.0 H 23 
   1425 21.54 0.0 CG1 127 
   739 117.484 0.0 N 68 
   1180 115.4 0.0 CD2 107 
   1208 5.308 0.0 HA 110 
   602 7.466 0.0 H 56 
   1371 3.268 0.0 HB3 122 
   879 177.507 0.0 C 79 
   633 0.806 0.0 HD23 58 
   57 107.14 0.0 N 6 
   1429 4.298 0.0 HA 128 
   1144 0.798 0.0 HB2 104 
   332 1.176 0.0 HG3 33 
   289 1.619 0.0 HB3 29 
   432 7.516 0.0 H 42 
   891 106.586 0.0 N 80 
   958 8.529 0.0 H 88 
   59 3.932 0.0 HA 7 
   664 31.254 0.0 CB 61 
   1239 44.342 0.0 CB 112 
   562 51.935 0.0 CA 52 
   450 4.875 0.0 HA 43 
   839 9.187 0.0 H 77 
   264 124.685 0.0 N 25 
   552 1.179 0.0 HG23 51 
   986 36.819 0.0 CB 90 
   170 0.885 0.0 HD12 18 
   547 7.748 0.0 H 51 
   247 26.234 0.0 CG 23 
   516 0.502 0.0 HG13 48 
   545 19.875 0.0 CG2 50 
   893 5.342 0.0 HA 81 
   1263 0.874 0.0 HD2 114 
   658 4.325 0.0 HA 61 
   522 32.041 0.0 CB 48 
   568 2.804 0.0 HD2 53 
   926 3.003 0.0 HE3 84 
   643 4.571 0.0 HA 59 
   1203 31.948 0.0 CB 109 
   75 1.914 0.0 HB3 9 
   536 7.115 0.0 H 50 
   653 131.3 0.0 CD1 59 
   1393 8.229 0.0 H 125 
   876 0.689 0.0 HD22 79 
   406 3.956 0.0 HA 40 
   1129 49.61 0.0 CD 102 
   1041 49.829 0.0 CA 94 
   252 3.83 0.0 HB3 24 
   1046 1.85 0.0 HB2 95 
   1068 41.738 0.0 CB 96 
   95 175.801 0.0 C 10 
   840 4.666 0.0 HA 77 
   77 1.637 0.0 HD3 9 
   1081 1.566 0.0 HG3 97 
   1244 119.879 0.0 N 112 
   575 50.1 0.0 CD 53 
   1048 3.15 0.0 HD2 95 
   776 42.88 0.0 CB 72 
   663 59.65 0.0 CA 61 
   1177 173.205 0.0 C 107 
   1358 7.175 0.0 HE1 121 
   1039 1.937 0.0 HB3 94 
   903 3.83 0.0 HB3 82 
   407 1.098 0.0 HB1 40 
   312 1.035 0.0 HD13 31 
   915 56.075 0.0 CA 83 
   556 20.937 0.0 CG2 51 
   1394 4.687 0.0 HA 125 
   1137 175.818 0.0 C 103 
   821 8.538 0.0 H 76 
   245 33.978 0.0 CB 23 
   207 52.729 0.0 CA 20 
   706 1.16 0.0 HG3 65 
   1321 10.114 0.0 HE1 119 
   985 62.035 0.0 CA 90 
   769 115.477 0.0 N 71 
   1204 43.24 0.0 CD 109 
   1212 59.029 0.0 CA 110 
   243 174.2 0.0 C 23 
   9 36.326 0.0 CG 1 
   512 3.049 0.0 HA 48 
   1168 172.62 0.0 C 106 
   660 3.215 0.0 HB3 61 
   1142 8.938 0.0 H 104 
   1291 177.209 0.0 C 116 
   1053 54.651 0.0 CA 95 
   298 3.898 0.0 HA 30 
   1284 3.841 0.0 HA 116 
   800 0.739 0.0 HD13 74 
   631 0.806 0.0 HD21 58 
   336 43.145 0.0 CD 33 
   747 59.545 0.0 CA 69 
   320 23.15 0.0 CD1 31 
   476 2.593 0.0 HB3 45 
   1058 8.865 0.0 H 96 
   531 2.295 0.0 HG3 49 
   67 3.52 0.0 HA2 8 
   23 2.6 0.0 HB2 3 
   623 116.726 0.0 N 57 
   43 128.077 0.0 N 4 
   1013 132.1 0.0 CD2 92 
   120 175.224 0.0 C 12 
   1059 5.374 0.0 HA 96 
   954 33.678 0.0 CB 87 
   1299 173.43 0.0 C 117 
   590 1.625 0.0 HB2 55 
   673 7.917 0.0 H 63 
   270 52.95 0.0 CA 26 
   358 3.84 0.0 HA 36 
   1047 1.75 0.0 HB3 95 
   1034 118.019 0.0 N 93 
   868 9.244 0.0 H 79 
   1278 1.303 0.0 HB1 115 
   871 1.609 0.0 HB3 79 
   1063 6.815 0.0 HD2 96 
   1423 61.46 0.0 CA 127 
   1343 6.86 0.0 HE2 120 
   356 125.552 0.0 N 35 
   1024 1.216 0.0 HG13 93 
   1376 6.575 0.0 H 123 
   1302 7.628 0.0 H 118 
   683 65.63 0.0 CA 63 
   263 19.649 0.0 CB 25 
   93 1.269 0.0 HG22 10 
   942 58.208 0.0 CA 86 
   1232 3.418 0.0 HB3 112 
   444 27.542 0.0 CB 42 
   957 119.907 0.0 N 87 
   792 130.3 0.0 CE2 73 
   276 0.895 0.0 HB3 28 
   1091 1.925 0.0 HB3 98 
   100 8.849 0.0 H 11 
   440 1.559 0.0 HG2 42 
   1002 5.619 0.0 HA 92 
   935 4.11 0.0 HA2 85 
   313 1.147 0.0 HD21 31 
   324 8.704 0.0 H 32 
   920 4.584 0.0 HA 84 
   1426 20.19 0.0 CG2 127 
   777 122.633 0.0 N 72 
   829 0.582 0.0 HD22 76 
   803 0.741 0.0 HD23 74 
   1241 131.451 0.0 CD2 112 
   1172 8.819 0.0 H 107 
   220 27.115 0.0 CB 21 
   1388 4.231 0.0 HA2 124 
   1084 34.642 0.0 CB 97 
   1118 108.265 0.0 N 101 
   1153 34.296 0.0 CG 104 
   978 0.545 0.0 HG11 90 
   248 118.381 0.0 N 23 
   68 4.247 0.0 HA3 8 
   439 3.169 0.0 HE3 42 
   1200 1.376 0.0 HG3 109 
   1356 6.727 0.0 HD1 121 
   317 179.245 0.0 C 31 
   731 3.74 0.0 HA 68 
   1156 8.499 0.0 H 105 
   585 29.521 0.0 CB 54 
   599 42.47 0.0 CD 55 
   1215 9.274 0.0 H 111 
   370 117.801 0.0 CE1 36 
   212 2.193 0.0 HB2 21 
   1211 172.435 0.0 C 110 
   1095 1.576 0.0 HG3 98 
   416 1.555 0.0 HB2 41 
   127 2.715 0.0 HB3 13 
   328 1.468 0.0 HB3 33 
   379 55.295 0.0 CA 37 
   72 7.934 0.0 H 9 
   290 1.995 0.0 HG2 29 
   1115 4.033 0.0 HA2 101 
   1332 115.4 0.0 CZ2 119 
   116 8.466 0.0 H 12 
   325 122.625 0.0 N 32 
   122 40.455 0.0 CB 12 
