   295 36.955 0.0 CG 29 
   299 1.341 0.0 HB1 30 
   1147 7.641 0.0 HE22 104 
   1224 53.985 0.0 CA 111 
   1414 3.882 0.0 HA 127 
   414 8.557 0.0 H 41 
   1135 2.126 0.0 HG2 103 
   1365 130.84 0.0 CE1 121 
   1142 8.938 0.0 H 104 
   670 57.769 0.0 CA 62 
   887 4.158 0.0 HA2 80 
   898 66.3 0.0 CB 81 
   1320 6.8 0.0 HD1 119 
   734 1.901 0.0 HG2 68 
   1325 6.69 0.0 HZ3 119 
   1405 4.473 0.0 HA 126 
   144 176.5 0.0 C 15 
   1328 31.82 0.0 CB 119 
   62 175.803 0.0 C 7 
   1389 4.955 0.0 HA3 124 
   342 175.96 0.0 C 34 
   758 56.417 0.0 CA 70 
   951 1.78 0.0 HG3 87 
   966 3.95 0.0 HB 89 
   1084 34.642 0.0 CB 97 
   108 178.9 0.0 C 11 
   1170 33.628 0.0 CB 106 
   381 121.482 0.0 N 37 
   776 42.88 0.0 CB 72 
   885 130.507 0.0 N 79 
   153 4.172 0.0 HA 17 
   243 174.2 0.0 C 23 
   1002 5.619 0.0 HA 92 
   291 1.995 0.0 HG3 29 
   638 25.392 0.0 CD1 58 
   486 6.77 0.0 HD2 46 
   1246 5.608 0.0 HA 113 
   1151 54.05 0.0 CA 104 
   991 5.776 0.0 HA 91 
   674 3.769 0.0 HA 63 
   1197 3.139 0.0 HD2 109 
   123 116.209 0.0 N 12 
   677 0.998 0.0 HG12 63 
   1247 1.796 0.0 HB2 113 
   265 4.443 0.0 HA 26 
   896 172.936 0.0 C 81 
   424 1.664 0.0 HG 41 
   710 43.29 0.0 CD 65 
   809 123.697 0.0 N 74 
   609 1.788 0.0 HG3 56 
   1222 2.355 0.0 HG3 111 
   806 44.31 0.0 CB 74 
   646 7.195 0.0 HD1 59 
   1341 6.888 0.0 HD2 120 
   226 4.224 0.0 HB 22 
   828 0.582 0.0 HD21 76 
   1318 2.77 0.0 HB2 119 
   1261 0.78 0.0 HB2 114 
   289 1.619 0.0 HB3 29 
   461 7.23 0.0 HD1 44 
   1062 6.815 0.0 HD1 96 
   1022 0.535 0.0 HD13 93 
   1428 7.901 0.0 H 128 
   333 177.29 0.0 C 33 
   450 4.875 0.0 HA 43 
   23 2.6 0.0 HB2 3 
   504 178.5 0.0 C 47 
   241 1.415 0.0 HG2 23 
   63 59.829 0.0 CA 7 
   882 25.182 0.0 CD1 79 
   958 8.529 0.0 H 88 
   712 122.45 0.0 N 65 
   843 3.09 0.0 HD2 77 
   907 115.128 0.0 N 82 
   500 0.837 0.0 HG13 47 
   789 130.4 0.0 CD1 73 
   520 179.004 0.0 C 48 
   445 29.151 0.0 CD 42 
   318 56.998 0.0 CA 31 
   30 4.168 0.0 HA 4 
   451 2.209 0.0 HB2 43 
   96 62.155 0.0 CA 10 
   227 1.138 0.0 HG21 22 
   851 27.258 0.0 CG 77 
   1196 1.743 0.0 HB3 109 
   1258 124.163 0.0 N 113 
   290 1.995 0.0 HG2 29 
   127 2.715 0.0 HB3 13 
   568 2.804 0.0 HD2 53 
   985 62.035 0.0 CA 90 
   1404 8.632 0.0 H 126 
   584 57.145 0.0 CA 54 
   804 176.95 0.0 C 74 
   373 8.907 0.0 H 37 
   1109 3.905 0.0 HA2 100 
   125 4.805 0.0 HA 13 
   281 176.9 0.0 C 28 
   303 54.5 0.0 CA 30 
   1144 0.798 0.0 HB2 104 
   1253 173.52 0.0 C 113 
   747 59.545 0.0 CA 69 
   473 8.306 0.0 H 45 
   427 40.89 0.0 CB 41 
   1146 6.978 0.0 HE21 104 
   974 115.849 0.0 N 89 
   1254 54.651 0.0 CA 113 
   20 110.708 0.0 ND2 2 
   268 1.485 0.0 HB3 26 
   365 176.705 0.0 C 36 
   387 180.2 0.0 C 38 
   859 0.813 0.0 HG21 78 
   553 173.901 0.0 C 51 
   847 175.2 0.0 C 77 
   602 7.466 0.0 H 56 
   661 7.15 0.0 HD2 61 
   156 3.281 0.0 HD2 17 
   597 54.441 0.0 CA 55 
   992 1.996 0.0 HB2 91 
   69 174.204 0.0 C 8 
   866 21.285 0.0 CG2 78 
   511 7.322 0.0 H 48 
   1048 3.15 0.0 HD2 95 
   702 1.467 0.0 HB3 65 
   1128 32.451 0.0 CB 102 
   704 2.83 0.0 HD3 65 
   266 1.485 0.0 HB1 26 
   371 117.801 0.0 CE2 36 
   1050 1.66 0.0 HG2 95 
   482 3.695 0.0 HA 46 
   46 3.103 0.0 HB2 5 
   431 115.848 0.0 N 41 
   543 61.38 0.0 CA 50 
   533 30.291 0.0 CB 49 
   1153 34.296 0.0 CG 104 
   535 118.382 0.0 N 49 
   1242 130.35 0.0 CE1 112 
   493 6.884 0.0 H 47 
   623 116.726 0.0 N 57 
   666 4.346 0.0 HA 62 
   571 1.635 0.0 HG3 53 
   1299 173.43 0.0 C 117 
   618 2.735 0.0 HB2 57 
   1327 57.495 0.0 CA 119 
   182 116.726 0.0 N 18 
   1421 0.266 0.0 HG23 127 
   805 55.851 0.0 CA 74 
   131 117.361 0.0 N 13 
   1118 108.265 0.0 N 101 
   173 0.718 0.0 HD22 18 
   601 116.352 0.0 N 55 
   1364 130.74 0.0 CD2 121 
   1029 60.483 0.0 CA 93 
   1248 1.708 0.0 HB3 113 
   1017 9.184 0.0 H 93 
   331 0.87 0.0 HG2 33 
   1277 4.579 0.0 HA 115 
   1232 3.418 0.0 HB3 112 
   565 3.938 0.0 HA 53 
   213 2.277 0.0 HB3 21 
   163 50.635 0.0 CD 17 
   1363 130.74 0.0 CD1 121 
   349 1.91 0.0 HB3 35 
   1240 131.451 0.0 CD1 112 
   552 1.179 0.0 HG23 51 
   1113 109.645 0.0 N 100 
   372 120.099 0.0 N 36 
   589 4.668 0.0 HA 55 
   494 3.075 0.0 HA 47 
   824 -0.729 0.0 HB3 76 
   277 3.241 0.0 HD2 28 
   1368 8.557 0.0 H 122 
   1119 4.446 0.0 HA 102 
   1133 1.744 0.0 HB2 103 
   785 6.582 0.0 HE2 73 
   170 0.885 0.0 HD12 18 
   104 7.598 0.0 HD1 11 
   66 9.283 0.0 H 8 
   999 36.712 0.0 CG 91 
   120 175.224 0.0 C 12 
   186 1.528 0.0 HB3 19 
   1171 126.101 0.0 N 106 
   1400 54.435 0.0 CA 125 
   31 2.078 0.0 HB 4 
   206 177.003 0.0 C 20 
   1409 177.6 0.0 C 126 
   222 28.094 0.0 CG 21 
   396 6.665 0.0 HD2 39 
   1129 49.61 0.0 CD 102 
   1291 177.209 0.0 C 116 
   850 43.64 0.0 CD 77 
   165 6.545 0.0 H 18 
   74 1.533 0.0 HB2 9 
   402 117.405 0.0 CE1 39 
   864 32.119 0.0 CB 78 
   877 0.689 0.0 HD23 79 
   65 118.937 0.0 N 7 
   943 63.215 0.0 CB 86 
   1423 61.46 0.0 CA 127 
   605 1.95 0.0 HB3 56 
   1164 9.575 0.0 H 106 
   989 121.506 0.0 N 90 
   852 127.184 0.0 N 77 
   5 2.222 0.0 HG3 1 
   1305 1.514 0.0 HB3 118 
   841 1.734 0.0 HB2 77 
   458 3.905 0.0 HA 44 
   706 1.16 0.0 HG3 65 
   250 4.576 0.0 HA 24 
   166 4.458 0.0 HA 18 
   1141 120.322 0.0 N 103 
   633 0.806 0.0 HD23 58 
   836 23.57 0.0 CD2 76 
   1301 103.666 0.0 N 117 
   748 30.017 0.0 CB 69 
   596 173.52 0.0 C 55 
   963 107.686 0.0 N 88 
   1390 172.204 0.0 C 124 
   1095 1.576 0.0 HG3 98 
   204 1.402 0.0 HB2 20 
   823 1.401 0.0 HB2 76 
   1130 27.111 0.0 CG 102 
   471 130.2 0.0 CE2 44 
   1272 29.151 0.0 CD 114 
   1372 172.256 0.0 C 122 
   440 1.559 0.0 HG2 42 
   212 2.193 0.0 HB2 21 
   188 0.589 0.0 HD12 19 
   1313 43.27 0.0 CD 118 
   971 61.14 0.0 CA 89 
   1093 3.211 0.0 HD3 98 
   947 2.189 0.0 HB3 87 
   1274 24.66 0.0 CG 114 
   313 1.147 0.0 HD21 31 
   501 0.479 0.0 HG21 47 
   1367 122.001 0.0 N 121 
   1356 6.727 0.0 HD1 121 
   639 22.596 0.0 CD2 58 
   557 121.694 0.0 N 51 
   400 62.201 0.0 CA 39 
   1158 3.656 0.0 HB2 105 
   1040 176.203 0.0 C 94 
   475 2.716 0.0 HB2 45 
   259 1.324 0.0 HB1 25 
   730 8.221 0.0 H 68 
   1179 31.258 0.0 CB 107 
   1290 1.586 0.0 HG3 116 
   64 62.352 0.0 CB 7 
   1315 121.34 0.0 N 118 
   361 6.665 0.0 HD1 36 
   366 62.75 0.0 CA 36 
   1289 1.586 0.0 HG2 116 
   1420 0.266 0.0 HG22 127 
   315 1.147 0.0 HD23 31 
   263 19.649 0.0 CB 25 
   783 7.023 0.0 HD2 73 
   374 3.578 0.0 HA 37 
   200 122.646 0.0 N 19 
   655 129.0 0.0 CE1 59 
   1058 8.865 0.0 H 96 
   767 58.754 0.0 CA 71 
   1284 3.841 0.0 HA 116 
   518 0.798 0.0 HG22 48 
   651 57.15 0.0 CA 59 
   1279 1.303 0.0 HB2 115 
   757 176.9 0.0 C 70 
   1348 133.1 0.0 CD2 120 
   1332 115.4 0.0 CZ2 119 
   59 3.932 0.0 HA 7 
   395 6.665 0.0 HD1 39 
   1064 7.28 0.0 HE1 96 
   439 3.169 0.0 HE3 42 
   155 2.166 0.0 HB3 17 
   938 4.317 0.0 HA 86 
   614 28.048 0.0 CG 56 
   469 131.0 0.0 CD2 44 
   800 0.739 0.0 HD13 74 
   242 1.415 0.0 HG3 23 
   752 4.368 0.0 HA 70 
   771 4.985 0.0 HA 72 
   15 7.423 0.0 HD22 2 
   308 1.591 0.0 HB2 31 
   906 66.204 0.0 CB 82 
   600 26.888 0.0 CG 55 
   1019 1.4 0.0 HB 93 
   71 111.582 0.0 N 8 
   1134 1.823 0.0 HB3 103 
   675 1.923 0.0 HB 63 
   1006 7.035 0.0 HD2 92 
   1260 4.664 0.0 HA 114 
   118 2.63 0.0 HB2 12 
   415 4.275 0.0 HA 41 
   1092 3.211 0.0 HD2 98 
   497 0.204 0.0 HD12 47 
   476 2.593 0.0 HB3 45 
   1269 175.904 0.0 C 114 
   813 2.258 0.0 HB3 75 
   1005 7.035 0.0 HD1 92 
   538 4.595 0.0 HB 50 
   426 54.401 0.0 CA 41 
   1003 3.186 0.0 HB2 92 
   196 40.21 0.0 CB 19 
   1083 54.951 0.0 CA 97 
   534 36.304 0.0 CG 49 
   521 67.625 0.0 CA 48 
   794 9.086 0.0 H 74 
   1431 2.483 0.0 HB3 128 
   3 2.003 0.0 HB3 1 
   840 4.666 0.0 HA 77 
   1190 34.517 0.0 CB 108 
   1231 2.355 0.0 HB2 112 
   306 7.782 0.0 H 31 
   237 1.524 0.0 HB2 23 
   82 176.429 0.0 C 9 
   540 0.509 0.0 HG22 50 
   1020 0.535 0.0 HD11 93 
   1016 124.784 0.0 N 92 
   1154 123.299 0.0 N 104 
   720 17.675 0.0 CB 66 
   449 8.832 0.0 H 43 
   1229 9.143 0.0 H 112 
   978 0.545 0.0 HG11 90 
   725 3.645 0.0 HB3 67 
   994 2.323 0.0 HG2 91 
   1056 27.88 0.0 CG 95 
   207 52.729 0.0 CA 20 
   78 2.937 0.0 HE2 9 
   1028 175.6 0.0 C 93 
   953 54.544 0.0 CA 87 
   211 3.989 0.0 HA 21 
   1204 43.24 0.0 CD 109 
   1068 41.738 0.0 CB 96 
   643 4.571 0.0 HA 59 
   1026 0.78 0.0 HG22 93 
   91 4.483 0.0 HB 10 
   1280 1.303 0.0 HB3 115 
   1298 4.046 0.0 HA3 117 
   139 126.164 0.0 N 14 
   187 0.589 0.0 HD11 19 
   628 0.92 0.0 HD11 58 
   564 127.871 0.0 N 52 
   753 2.006 0.0 HB2 70 
   110 39.46 0.0 CB 11 
   865 21.781 0.0 CG1 78 
   548 4.625 0.0 HA 51 
   1205 28.708 0.0 CG 109 
   197 25.042 0.0 CD1 19 
   627 1.619 0.0 HB3 58 
   346 8.345 0.0 H 35 
   1169 55.849 0.0 CA 106 
   1392 109.592 0.0 N 124 
   1091 1.925 0.0 HB3 98 
   762 7.151 0.0 H 71 
   791 130.3 0.0 CE1 73 
   321 26.56 0.0 CD2 31 
   97 69.47 0.0 CB 10 
   88 120.607 0.0 N 9 
   1178 51.578 0.0 CA 107 
   1399 174.408 0.0 C 125 
   962 45.449 0.0 CA 88 
   995 2.178 0.0 HG3 91 
   302 177.4 0.0 C 30 
   1347 133.1 0.0 CD1 120 
   559 3.741 0.0 HA 52 
   376 1.502 0.0 HB2 37 
   1160 173.605 0.0 C 105 
   150 2.895 0.0 HA3 16 
   517 0.798 0.0 HG21 48 
   14 6.792 0.0 HD21 2 
   430 27.053 0.0 CG 41 
   578 4.158 0.0 HA 54 
   876 0.689 0.0 HD22 79 
   1292 56.584 0.0 CA 116 
   1321 10.114 0.0 HE1 119 
   1424 32.581 0.0 CB 127 
   151 48.106 0.0 CA 16 
   86 41.986 0.0 CE 9 
   759 31.29 0.0 CB 70 
   733 2.234 0.0 HB3 68 
   944 8.091 0.0 H 87 
   405 8.09 0.0 H 40 
   216 1.747 0.0 HG2 21 
   997 53.955 0.0 CA 91 
   9 36.326 0.0 CG 1 
   429 22.34 0.0 CD2 41 
   509 17.387 0.0 CG2 47 
   581 2.144 0.0 HG2 54 
   928 1.428 0.0 HG3 84 
   386 1.672 0.0 HB3 38 
   1285 1.856 0.0 HB2 116 
   1000 129.755 0.0 N 91 
   368 132.01 0.0 CD1 36 
   659 3.312 0.0 HB2 61 
   554 64.045 0.0 CA 51 
   977 2.119 0.0 HB 90 
   1194 4.95 0.0 HA 109 
   1198 3.139 0.0 HD3 109 
   73 4.514 0.0 HA 9 
   685 22.675 0.0 CG1 63 
   1413 7.916 0.0 H 127 
   967 1.236 0.0 HG21 89 
   1038 1.937 0.0 HB2 94 
   252 3.83 0.0 HB3 24 
   323 119.402 0.0 N 31 
   923 1.726 0.0 HD2 84 
   736 178.3 0.0 C 68 
   1239 44.342 0.0 CB 112 
   432 7.516 0.0 H 42 
   100 8.849 0.0 H 11 
   341 4.198 0.0 HB3 34 
   467 39.01 0.0 CB 44 
   1186 2.103 0.0 HG2 108 
   385 1.672 0.0 HB2 38 
   369 132.01 0.0 CD2 36 
   1233 7.09 0.0 HD1 112 
   99 112.657 0.0 N 10 
   329 2.895 0.0 HD2 33 
   258 4.116 0.0 HA 25 
   1065 7.28 0.0 HE2 96 
   202 4.243 0.0 HA 20 
   327 0.908 0.0 HB2 33 
   1203 31.948 0.0 CB 109 
   904 172.65 0.0 C 82 
   210 7.678 0.0 H 21 
   784 6.582 0.0 HE1 73 
   1184 1.268 0.0 HB2 108 
   492 119.529 0.0 N 46 
   569 2.514 0.0 HD3 53 
   1070 131.6 0.0 CD2 96 
   968 1.236 0.0 HG22 89 
   1339 2.875 0.0 HB3 120 
   1336 9.145 0.0 H 120 
   1090 1.732 0.0 HB2 98 
   1004 2.985 0.0 HB3 92 
   1331 124.3 0.0 CH2 119 
   969 1.236 0.0 HG23 89 
   546 103.746 0.0 N 50 
   261 1.324 0.0 HB3 25 
   937 47.314 0.0 CA 85 
   912 2.205 0.0 HG2 83 
   616 8.78 0.0 H 57 
   1132 4.002 0.0 HA 103 
   595 1.669 0.0 HG3 55 
   510 119.187 0.0 N 47 
   1278 1.303 0.0 HB1 115 
   1234 7.09 0.0 HD2 112 
   1354 2.879 0.0 HB2 121 
   1137 175.818 0.0 C 103 
   460 3.082 0.0 HB3 44 
   317 179.245 0.0 C 31 
   1220 7.652 0.0 HE22 111 
   719 55.495 0.0 CA 66 
   1426 20.19 0.0 CG2 127 
   924 1.726 0.0 HD3 84 
   296 116.67 0.0 N 29 
   965 5.861 0.0 HA 89 
   446 43.345 0.0 CE 42 
   478 57.459 0.0 CA 45 
   359 2.601 0.0 HB2 36 
   1096 177.352 0.0 C 98 
   599 42.47 0.0 CD 55 
   77 1.637 0.0 HD3 9 
   309 1.028 0.0 HB3 31 
   408 1.098 0.0 HB2 40 
   152 110.257 0.0 N 16 
   505 61.81 0.0 CA 47 
   890 45.632 0.0 CA 80 
   714 4.151 0.0 HA 66 
   551 1.179 0.0 HG22 51 
   637 41.906 0.0 CB 58 
   993 1.996 0.0 HB3 91 
   658 4.325 0.0 HA 61 
   1188 173.31 0.0 C 108 
   1343 6.86 0.0 HE2 120 
   256 116.451 0.0 N 24 
   70 45.052 0.0 CA 8 
   25 178.12 0.0 C 3 
   1371 3.268 0.0 HB3 122 
   895 3.878 0.0 HB3 81 
   54 4.38 0.0 HA3 6 
   298 3.898 0.0 HA 30 
   363 6.75 0.0 HE1 36 
   324 8.704 0.0 H 32 
   292 177.415 0.0 C 29 
   1157 5.357 0.0 HA 105 
   949 3.345 0.0 HD3 87 
   8 29.815 0.0 CB 1 
   1397 2.216 0.0 HG2 125 
   929 55.741 0.0 CA 84 
   1417 0.549 0.0 HG12 127 
   574 32.371 0.0 CB 53 
   775 52.5 0.0 CA 72 
   103 3.085 0.0 HB3 11 
   586 36.72 0.0 CG 54 
   1079 3.228 0.0 HD3 97 
   796 1.361 0.0 HB2 74 
   1027 0.78 0.0 HG23 93 
   390 119.703 0.0 N 38 
   662 177.2 0.0 C 61 
   334 60.318 0.0 CA 33 
   615 121.407 0.0 N 56 
   622 39.937 0.0 CB 57 
   731 3.74 0.0 HA 68 
   231 63.14 0.0 CA 22 
   979 0.545 0.0 HG12 90 
   539 0.509 0.0 HG21 50 
   1206 122.752 0.0 N 109 
   1080 1.566 0.0 HG2 97 
   827 0.564 0.0 HD13 76 
   1377 4.264 0.0 HA 123 
   262 52.785 0.0 CA 25 
   1282 21.244 0.0 CB 115 
   1338 2.695 0.0 HB2 120 
   1306 3.037 0.0 HD2 118 
   160 177.301 0.0 C 17 
   863 63.69 0.0 CA 78 
   1175 3.482 0.0 HB3 107 
   1066 171.75 0.0 C 96 
   797 1.549 0.0 HB3 74 
   180 24.068 0.0 CD2 18 
   1108 8.975 0.0 H 100 
   149 2.895 0.0 HA2 16 
   1265 2.17 0.0 HE2 114 
   95 175.801 0.0 C 10 
   496 0.204 0.0 HD11 47 
   769 115.477 0.0 N 71 
   899 113.782 0.0 N 81 
   191 0.146 0.0 HD22 19 
   425 176.25 0.0 C 41 
   179 25.729 0.0 CD1 18 
   1311 53.951 0.0 CA 118 
   1202 55.671 0.0 CA 109 
   214 3.225 0.0 HD2 21 
   834 41.951 0.0 CB 76 
   272 7.106 0.0 H 27 
   55 176.304 0.0 C 6 
   1243 130.35 0.0 CE2 112 
   362 6.665 0.0 HD2 36 
   1012 132.1 0.0 CD1 92 
   858 0.751 0.0 HG13 78 
   781 3.11 0.0 HB3 73 
   447 25.37 0.0 CG 42 
   1334 121.469 0.0 N 119 
   1014 131.4 0.0 CE1 92 
   322 27.664 0.0 CG 31 
   357 8.099 0.0 H 36 
   146 30.602 0.0 CB 15 
   563 43.019 0.0 CB 52 
   1052 176.85 0.0 C 95 
   982 1.127 0.0 HG22 90 
   1073 120.365 0.0 N 96 
   343 60.984 0.0 CA 34 
   1046 1.85 0.0 HB2 95 
   75 1.914 0.0 HB3 9 
   945 5.606 0.0 HA 87 
   154 1.368 0.0 HB2 17 
   560 2.623 0.0 HB2 52 
   1110 3.905 0.0 HA3 100 
   42 21.175 0.0 CG2 4 
   418 0.761 0.0 HD11 41 
   988 22.42 0.0 CG2 90 
   829 0.582 0.0 HD22 76 
   32 0.979 0.0 HG11 4 
   952 175.019 0.0 C 87 
   1155 112.996 0.0 NE2 104 
   1314 26.928 0.0 CG 118 
   1087 117.405 0.0 N 97 
   709 29.462 0.0 CB 65 
   1078 3.228 0.0 HD2 97 
   878 1.524 0.0 HG 79 
   916 33.087 0.0 CB 83 
   1218 2.263 0.0 HB3 111 
   558 9.009 0.0 H 52 
   686 20.93 0.0 CG2 63 
   1180 115.4 0.0 CD2 107 
   1023 0.459 0.0 HG12 93 
   1015 131.4 0.0 CE2 92 
   412 17.695 0.0 CB 40 
   275 1.096 0.0 HB2 28 
   1183 4.864 0.0 HA 108 
   1123 3.604 0.0 HD3 102 
   525 122.147 0.0 N 48 
   527 3.957 0.0 HA 49 
   83 54.561 0.0 CA 9 
   1349 117.2 0.0 CE1 120 
   407 1.098 0.0 HB1 40 
   1074 8.665 0.0 H 97 
   607 3.195 0.0 HD3 56 
   1199 1.376 0.0 HG2 109 
   399 178.1 0.0 C 39 
   932 42.015 0.0 CE 84 
   683 65.63 0.0 CA 63 
   1333 121.55 0.0 CZ3 119 
   391 7.838 0.0 H 39 
   1264 0.784 0.0 HD3 114 
   479 39.895 0.0 CB 45 
   798 0.739 0.0 HD11 74 
   1419 0.266 0.0 HG21 127 
   745 2.478 0.0 HG3 69 
   115 124.022 0.0 N 11 
   377 1.502 0.0 HB3 37 
   911 1.923 0.0 HB3 83 
   679 0.909 0.0 HG21 63 
   325 122.625 0.0 N 32 
   930 33.692 0.0 CB 84 
   1025 0.78 0.0 HG21 93 
   172 0.718 0.0 HD21 18 
   485 6.77 0.0 HD1 46 
   1276 9.291 0.0 H 115 
   749 36.968 0.0 CG 69 
   1071 130.76 0.0 CE1 96 
   409 1.098 0.0 HB3 40 
   193 1.197 0.0 HG 19 
   52 7.704 0.0 H 6 
   57 107.14 0.0 N 6 
   687 121.325 0.0 N 63 
   582 2.144 0.0 HG3 54 
   735 1.68 0.0 HG3 68 
   1213 66.524 0.0 CB 110 
   1294 43.34 0.0 CD 116 
   1033 17.492 0.0 CG2 93 
   111 133.6 0.0 CD1 11 
   624 7.609 0.0 H 58 
   161 64.78 0.0 CA 17 
   1035 9.654 0.0 H 94 
   162 32.12 0.0 CB 17 
   312 1.035 0.0 HD13 31 
   1150 174.031 0.0 C 104 
   1214 125.774 0.0 N 110 
   886 7.635 0.0 H 80 
   98 22.425 0.0 CG2 10 
   1114 7.925 0.0 H 101 
   668 2.627 0.0 HB3 62 
   922 1.823 0.0 HB3 84 
   1011 43.37 0.0 CB 92 
   562 51.935 0.0 CA 52 
   203 1.402 0.0 HB1 20 
   1088 9.754 0.0 H 98 
   1375 125.692 0.0 N 122 
   1192 128.36 0.0 N 108 
   894 3.838 0.0 HB2 81 
   1300 45.22 0.0 CA 117 
   1195 1.509 0.0 HB2 109 
   1127 62.11 0.0 CA 102 
   1425 21.54 0.0 CG1 127 
   301 1.341 0.0 HB3 30 
   1100 27.715 0.0 CG 98 
   871 1.609 0.0 HB3 79 
   404 119.108 0.0 N 39 
   837 27.682 0.0 CG 76 
   888 4.158 0.0 HA3 80 
   566 1.839 0.0 HB2 53 
   724 3.253 0.0 HB2 67 
   18 38.025 0.0 CB 2 
   185 1.445 0.0 HB2 19 
   330 2.824 0.0 HD3 33 
   778 8.75 0.0 H 73 
   1209 4.164 0.0 HB2 110 
   855 1.94 0.0 HB 78 
   593 3.145 0.0 HD3 55 
   80 1.399 0.0 HG2 9 
   117 4.179 0.0 HA 12 
   981 1.127 0.0 HG21 90 
   650 174.42 0.0 C 59 
   1124 1.991 0.0 HG2 102 
   271 19.685 0.0 CB 26 
   491 38.35 0.0 CB 46 
   1057 122.839 0.0 N 95 
   360 3.32 0.0 HB3 36 
   1322 7.275 0.0 HE3 119 
   273 109.233 0.0 N 27 
   608 1.705 0.0 HG2 56 
   611 60.144 0.0 CA 56 
   495 1.73 0.0 HB 47 
   235 7.348 0.0 H 23 
   901 4.747 0.0 HA 82 
   253 174.356 0.0 C 24 
   50 30.7 0.0 CB 5 
   507 10.335 0.0 CD1 47 
   1102 9.005 0.0 H 99 
   961 172.34 0.0 C 88 
   238 1.707 0.0 HB3 23 
   1041 49.829 0.0 CA 94 
   950 1.847 0.0 HG2 87 
   36 0.979 0.0 HG22 4 
   499 1.064 0.0 HG12 47 
   76 1.637 0.0 HD2 9 
   644 3.02 0.0 HB2 59 
   774 175.305 0.0 C 72 
   680 0.909 0.0 HG22 63 
   1212 59.029 0.0 CA 110 
   846 1.498 0.0 HG3 77 
   1346 42.25 0.0 CB 120 
   338 7.582 0.0 H 34 
   915 56.075 0.0 CA 83 
   698 113.408 0.0 ND2 64 
   1230 5.485 0.0 HA 112 
   68 4.247 0.0 HA3 8 
   452 2.821 0.0 HB3 43 
   853 8.94 0.0 H 78 
   310 1.035 0.0 HD11 31 
   657 119.653 0.0 N 59 
   81 1.315 0.0 HG3 9 
   914 174.601 0.0 C 83 
   1393 8.229 0.0 H 125 
   141 4.006 0.0 HA 15 
   773 2.475 0.0 HB3 72 
   913 2.205 0.0 HG3 83 
   816 172.804 0.0 C 75 
   1433 42.247 0.0 CB 128 
   604 1.897 0.0 HB2 56 
   269 176.4 0.0 C 26 
   1355 2.737 0.0 HB3 121 
   10 8.376 0.0 H 2 
   1101 128.385 0.0 N 98 
   384 1.672 0.0 HB1 38 
   468 131.0 0.0 CD1 44 
   1297 3.345 0.0 HA2 117 
   294 28.57 0.0 CB 29 
   16 175.445 0.0 C 2 
   756 2.383 0.0 HG3 70 
   820 119.876 0.0 N 75 
   1148 2.037 0.0 HG2 104 
   1032 28.25 0.0 CG1 93 
   996 175.381 0.0 C 91 
   1106 47.294 0.0 CA 99 
   279 1.333 0.0 HG2 28 
   528 1.945 0.0 HB2 49 
   1008 7.082 0.0 HE2 92 
   109 61.54 0.0 CA 11 
   26 63.959 0.0 CA 3 
   515 0.502 0.0 HG12 48 
   218 176.109 0.0 C 21 
   629 0.92 0.0 HD12 58 
   931 29.25 0.0 CD 84 
   364 6.75 0.0 HE2 36 
   176 181.207 0.0 C 18 
   1357 6.727 0.0 HD2 121 
   21 9.38 0.0 H 3 
   285 26.46 0.0 CG 28 
   956 27.468 0.0 CG 87 
   1379 2.039 0.0 HB3 123 
   872 0.654 0.0 HD11 79 
   132 7.486 0.0 H 14 
   1275 129.57 0.0 N 114 
   815 1.996 0.0 HG3 75 
   696 39.218 0.0 CB 64 
   230 174.64 0.0 C 22 
   1378 1.863 0.0 HB2 123 
   590 1.625 0.0 HB2 55 
   1152 33.32 0.0 CB 104 
   1226 32.464 0.0 CG 111 
   128 175.205 0.0 C 13 
   976 4.777 0.0 HA 90 
   512 3.049 0.0 HA 48 
   701 0.906 0.0 HB2 65 
   435 2.401 0.0 HB3 42 
   750 117.242 0.0 N 69 
   1010 56.13 0.0 CA 92 
   795 4.432 0.0 HA 74 
   814 1.996 0.0 HG2 75 
   1398 2.177 0.0 HG3 125 
   135 2.938 0.0 HB3 14 
   133 4.403 0.0 HA 14 
   1385 35.236 0.0 CG 123 
   667 2.758 0.0 HB2 62 
   920 4.584 0.0 HA 84 
   642 7.394 0.0 H 59 
   635 177.0 0.0 C 58 
   1432 55.945 0.0 CA 128 
   729 118.219 0.0 N 67 
   1245 9.522 0.0 H 113 
   121 56.0 0.0 CA 12 
   619 2.609 0.0 HB3 57 
   1120 1.866 0.0 HB2 102 
   1061 2.567 0.0 HB3 96 
   893 5.342 0.0 HA 81 
   693 7.734 0.0 HD22 64 
   1208 5.308 0.0 HA 110 
   960 5.047 0.0 HA3 88 
   215 3.225 0.0 HD3 21 
   466 61.65 0.0 CA 44 
   240 3.047 0.0 HD3 23 
   634 1.6 0.0 HG 58 
   12 2.675 0.0 HB2 2 
   340 3.692 0.0 HB2 34 
   1369 4.517 0.0 HA 122 
   1018 5.199 0.0 HA 93 
   764 2.725 0.0 HB2 71 
   1358 7.175 0.0 HE1 121 
   4 2.222 0.0 HG2 1 
   1335 127.86 0.0 NE1 119 
   456 123.108 0.0 N 43 
   583 177.408 0.0 C 54 
   625 4.331 0.0 HA 58 
   1249 3.346 0.0 HD2 113 
   87 25.43 0.0 CG 9 
   284 50.19 0.0 CD 28 
   1303 4.552 0.0 HA 118 
   1362 40.107 0.0 CB 121 
   772 2.638 0.0 HB2 72 
   1168 172.62 0.0 C 106 
   632 0.806 0.0 HD22 58 
   462 7.23 0.0 HD2 44 
   1296 8.576 0.0 H 117 
   530 2.295 0.0 HG2 49 
   319 39.75 0.0 CB 31 
   254 57.298 0.0 CA 24 
   51 120.403 0.0 N 5 
   939 4.197 0.0 HB2 86 
   652 40.445 0.0 CB 59 
   1117 44.635 0.0 CA 101 
   257 8.255 0.0 H 25 
   459 2.887 0.0 HB2 44 
   727 60.29 0.0 CA 67 
   1085 43.79 0.0 CD 97 
   38 175.39 0.0 C 4 
   205 1.402 0.0 HB3 20 
   970 173.801 0.0 C 89 
   1324 7.531 0.0 HZ2 119 
   1001 9.171 0.0 H 92 
   480 117.34 0.0 N 45 
   689 4.798 0.0 HA 64 
   1381 1.878 0.0 HG3 123 
   711 27.67 0.0 CG 65 
   270 52.95 0.0 CA 26 
   1104 3.906 0.0 HA3 99 
   116 8.466 0.0 H 12 
   726 178.407 0.0 C 67 
   808 22.606 0.0 CD2 74 
   617 4.653 0.0 HA 57 
   743 2.139 0.0 HB3 69 
   516 0.502 0.0 HG13 48 
   1217 1.766 0.0 HB2 111 
   228 1.138 0.0 HG22 22 
   356 125.552 0.0 N 35 
   379 55.295 0.0 CA 37 
   422 0.717 0.0 HD22 41 
   1054 33.572 0.0 CB 95 
   948 3.345 0.0 HD2 87 
   1418 0.549 0.0 HG13 127 
   248 118.381 0.0 N 23 
   737 59.89 0.0 CA 68 
   869 4.345 0.0 HA 79 
   1394 4.687 0.0 HA 125 
   957 119.907 0.0 N 87 
   946 2.018 0.0 HB2 87 
   43 128.077 0.0 N 4 
   917 36.115 0.0 CG 83 
   526 8.501 0.0 H 49 
   715 1.416 0.0 HB1 66 
   987 22.264 0.0 CG1 90 
   174 0.718 0.0 HD23 18 
   1427 122.174 0.0 N 127 
   983 1.127 0.0 HG23 90 
   1342 6.86 0.0 HE1 120 
   1042 22.085 0.0 CB 94 
   541 0.509 0.0 HG23 50 
   897 57.259 0.0 CA 81 
   380 18.245 0.0 CB 37 
   980 0.545 0.0 HG13 90 
   1353 4.192 0.0 HA 121 
   423 0.717 0.0 HD23 41 
   803 0.741 0.0 HD23 74 
   1059 5.374 0.0 HA 96 
   881 42.361 0.0 CB 79 
   138 29.87 0.0 CB 14 
   870 1.251 0.0 HB2 79 
   1366 130.84 0.0 CE2 121 
   388 55.485 0.0 CA 38 
   1069 131.6 0.0 CD1 96 
   249 8.642 0.0 H 24 
   603 3.95 0.0 HA 56 
   22 4.002 0.0 HA 3 
   522 32.041 0.0 CB 48 
   421 0.717 0.0 HD21 41 
   1076 1.689 0.0 HB2 97 
   1408 1.334 0.0 HB3 126 
   1105 175.4 0.0 C 99 
   455 40.453 0.0 CB 43 
   1429 4.298 0.0 HA 128 
   246 43.34 0.0 CD 23 
   531 2.295 0.0 HG3 49 
   909 4.892 0.0 HA 83 
   375 1.502 0.0 HB1 37 
   474 4.235 0.0 HA 45 
   79 2.903 0.0 HE3 9 
   1131 8.534 0.0 H 103 
   1235 7.192 0.0 HE1 112 
   700 3.481 0.0 HA 65 
   1163 113.911 0.0 N 105 
   392 3.693 0.0 HA 39 
   613 43.64 0.0 CD 56 
   883 22.906 0.0 CD2 79 
   1182 8.243 0.0 H 108 
   124 7.445 0.0 H 13 
   577 8.334 0.0 H 54 
   416 1.555 0.0 HB2 41 
   1044 9.352 0.0 H 95 
   94 1.269 0.0 HG23 10 
   394 2.1 0.0 HB3 39 
   1286 1.977 0.0 HB3 116 
   1308 1.253 0.0 HG2 118 
   984 173.64 0.0 C 90 
   705 1.16 0.0 HG2 65 
   7 57.135 0.0 CA 1 
   508 26.86 0.0 CG1 47 
   751 7.986 0.0 H 70 
   17 53.005 0.0 CA 2 
   484 2.899 0.0 HB3 46 
   1060 2.068 0.0 HB2 96 
   113 118.8 0.0 CE1 11 
   1111 175.32 0.0 C 100 
   760 36.478 0.0 CG 70 
   177 57.052 0.0 CA 18 
   1309 1.253 0.0 HG3 118 
   314 1.147 0.0 HD22 31 
   1116 4.288 0.0 HA3 101 
   239 3.047 0.0 HD2 23 
   1189 54.005 0.0 CA 108 
   908 8.427 0.0 H 83 
   598 31.582 0.0 CB 55 
   561 2.488 0.0 HB3 52 
   1310 173.805 0.0 C 118 
   972 72.876 0.0 CB 89 
   122 40.455 0.0 CB 12 
   195 57.701 0.0 CA 19 
   221 43.564 0.0 CD 21 
   925 3.003 0.0 HE2 84 
   53 3.93 0.0 HA2 6 
   1411 19.149 0.0 CB 126 
   1370 3.554 0.0 HB2 122 
   621 55.375 0.0 CA 57 
   681 0.909 0.0 HG23 63 
   807 25.72 0.0 CD1 74 
   550 1.179 0.0 HG21 51 
   741 3.998 0.0 HA 69 
   673 7.917 0.0 H 63 
   56 46.424 0.0 CA 6 
   591 2.333 0.0 HB3 55 
   1410 52.02 0.0 CA 126 
   84 35.172 0.0 CB 9 
   860 0.813 0.0 HG22 78 
   481 7.764 0.0 H 46 
   718 179.2 0.0 C 66 
   746 179.081 0.0 C 69 
   201 8.213 0.0 H 20 
   690 2.951 0.0 HB2 64 
   555 68.659 0.0 CB 51 
   1094 1.576 0.0 HG2 98 
   1021 0.535 0.0 HD12 93 
   457 8.229 0.0 H 44 
   1251 1.61 0.0 HG2 113 
   817 57.14 0.0 CA 75 
   328 1.468 0.0 HB3 33 
   857 0.751 0.0 HG12 78 
   875 0.689 0.0 HD21 79 
   1388 4.231 0.0 HA2 124 
   1156 8.499 0.0 H 105 
   1293 27.96 0.0 CB 116 
   1387 8.786 0.0 H 124 
   1103 3.975 0.0 HA2 99 
   1039 1.937 0.0 HB3 94 
   669 179.5 0.0 C 62 
   697 119.384 0.0 N 64 
   1167 3.578 0.0 HB3 106 
   192 0.146 0.0 HD23 19 
   1228 111.8 0.0 NE2 111 
   792 130.3 0.0 CE2 73 
   1211 172.435 0.0 C 110 
   1007 7.082 0.0 HE1 92 
   1267 -0.462 0.0 HG2 114 
   575 50.1 0.0 CD 53 
   955 43.15 0.0 CD 87 
   732 2.781 0.0 HB2 68 
   663 59.65 0.0 CA 61 
   233 22.556 0.0 CG2 22 
   1383 55.575 0.0 CA 123 
   1302 7.628 0.0 H 118 
   335 29.362 0.0 CB 33 
   1072 130.76 0.0 CE2 96 
   1193 8.473 0.0 H 109 
   1136 2.0 0.0 HG3 103 
   1159 3.656 0.0 HB3 105 
   354 30.325 0.0 CB 35 
   264 124.685 0.0 N 25 
   842 1.648 0.0 HB3 77 
   1330 119.204 0.0 CE3 119 
   936 3.74 0.0 HA3 85 
   1122 3.604 0.0 HD2 102 
   1412 127.644 0.0 N 126 
   464 7.192 0.0 HE2 44 
   1031 14.095 0.0 CD1 93 
   465 177.805 0.0 C 44 
   490 62.32 0.0 CA 46 
   848 54.625 0.0 CA 77 
   933 24.71 0.0 CG 84 
   926 3.003 0.0 HE3 84 
   157 3.281 0.0 HD3 17 
   513 2.008 0.0 HB 48 
   849 32.628 0.0 CB 77 
   1319 2.643 0.0 HB3 119 
   812 1.784 0.0 HB2 75 
   267 1.485 0.0 HB2 26 
   47 2.92 0.0 HB3 5 
   788 38.32 0.0 CB 73 
   401 35.75 0.0 CB 39 
   189 0.589 0.0 HD13 19 
   941 172.805 0.0 C 86 
   1236 7.192 0.0 HE2 112 
   1089 4.874 0.0 HA 98 
   326 3.481 0.0 HA 33 
   1402 35.961 0.0 CG 125 
   835 25.728 0.0 CD1 76 
   998 31.557 0.0 CB 91 
   1047 1.75 0.0 HB3 95 
   1086 27.428 0.0 CG 97 
   148 8.026 0.0 H 16 
   1185 1.564 0.0 HB3 108 
   470 130.2 0.0 CE1 44 
   382 8.298 0.0 H 38 
   699 8.562 0.0 H 65 
   29 7.153 0.0 H 4 
   891 106.586 0.0 N 80 
   910 1.923 0.0 HB2 83 
   1374 64.524 0.0 CB 122 
   766 172.0 0.0 C 71 
   40 32.072 0.0 CB 4 
   219 56.614 0.0 CA 21 
   129 53.219 0.0 CA 13 
   1401 33.107 0.0 CB 125 
   282 64.51 0.0 CA 28 
   694 176.82 0.0 C 64 
   1238 56.51 0.0 CA 112 
   355 43.64 0.0 CD 35 
   786 175.7 0.0 C 73 
   1337 4.943 0.0 HA 120 
   678 0.998 0.0 HG13 63 
   1140 37.102 0.0 CG 103 
   1139 30.075 0.0 CB 103 
   1030 42.274 0.0 CB 93 
   119 2.469 0.0 HB3 12 
   158 1.735 0.0 HG2 17 
   1352 9.316 0.0 H 121 
   1166 3.271 0.0 HB2 106 
   682 178.94 0.0 C 63 
   209 120.542 0.0 N 20 
   641 118.45 0.0 N 58 
   536 7.115 0.0 H 50 
   707 177.82 0.0 C 65 
   463 7.192 0.0 HE1 44 
   1045 5.608 0.0 HA 95 
   1257 28.88 0.0 CG 113 
   1360 174.025 0.0 C 121 
   529 1.945 0.0 HB3 49 
   142 2.595 0.0 HB2 15 
   576 27.257 0.0 CG 53 
   754 2.218 0.0 HB3 70 
   765 3.17 0.0 HB3 71 
   647 7.195 0.0 HD2 59 
   224 8.268 0.0 H 22 
   247 26.234 0.0 CG 23 
   845 1.447 0.0 HG2 77 
   106 6.55 0.0 HE1 11 
   580 1.751 0.0 HB3 54 
   695 56.908 0.0 CA 64 
   1187 2.103 0.0 HG3 108 
   620 176.8 0.0 C 57 
   105 7.598 0.0 HD2 11 
   184 3.623 0.0 HA 19 
   498 0.204 0.0 HD13 47 
   1063 6.815 0.0 HD2 96 
   1376 6.575 0.0 H 123 
   58 8.552 0.0 H 7 
   1067 55.736 0.0 CA 96 
   1173 5.583 0.0 HA 107 
   345 111.582 0.0 N 34 
   305 120.59 0.0 N 30 
   780 2.454 0.0 HB2 73 
   101 4.625 0.0 HA 11 
   143 2.495 0.0 HB3 15 
   353 60.124 0.0 CA 35 
   587 114.777 0.0 N 54 
   1268 0.415 0.0 HG3 114 
   884 28.23 0.0 CG 79 
   839 9.187 0.0 H 77 
   178 39.261 0.0 CB 18 
   348 1.396 0.0 HB2 35 
   1176 6.803 0.0 HD2 107 
   1024 1.216 0.0 HG13 93 
   514 0.502 0.0 HG11 48 
   1210 4.024 0.0 HB3 110 
   367 38.05 0.0 CB 36 
   1053 54.651 0.0 CA 95 
   542 173.401 0.0 C 50 
   739 117.484 0.0 N 68 
   1034 118.019 0.0 N 93 
   351 2.92 0.0 HD3 35 
   147 124.741 0.0 N 15 
   19 118.889 0.0 N 2 
   818 33.51 0.0 CB 75 
   434 2.401 0.0 HB2 42 
   145 64.155 0.0 CA 15 
   942 58.208 0.0 CA 86 
   905 57.524 0.0 CA 82 
   1266 2.265 0.0 HE3 114 
   1177 173.205 0.0 C 107 
   722 7.759 0.0 H 67 
   537 4.576 0.0 HA 50 
   1215 9.274 0.0 H 111 
   1317 4.567 0.0 HA 119 
   964 8.86 0.0 H 89 
   802 0.741 0.0 HD22 74 
   45 4.584 0.0 HA 5 
   688 7.698 0.0 H 64 
   90 4.478 0.0 HA 10 
   862 176.104 0.0 C 78 
   1037 1.937 0.0 HB1 94 
   453 174.95 0.0 C 43 
   738 32.56 0.0 CB 68 
   44 8.155 0.0 H 5 
   1201 176.252 0.0 C 109 
   1406 1.334 0.0 HB1 126 
   770 8.706 0.0 H 72 
   1386 113.946 0.0 N 123 
   740 8.744 0.0 H 69 
   159 1.735 0.0 HG3 17 
   935 4.11 0.0 HA2 85 
   594 1.378 0.0 HG2 55 
   278 2.142 0.0 HD3 28 
   703 2.83 0.0 HD2 65 
   742 2.066 0.0 HB2 69 
   873 0.654 0.0 HD12 79 
   167 1.8 0.0 HB2 18 
   975 9.02 0.0 H 90 
   1013 132.1 0.0 CD2 92 
   1082 174.825 0.0 C 97 
   1077 1.572 0.0 HB3 97 
   879 177.507 0.0 C 79 
   801 0.741 0.0 HD21 74 
   130 42.509 0.0 CB 13 
   1075 4.526 0.0 HA 97 
   411 54.857 0.0 CA 40 
   27 28.658 0.0 CB 3 
   1036 5.859 0.0 HA 94 
   519 0.798 0.0 HG23 48 
   717 1.416 0.0 HB3 66 
   34 0.979 0.0 HG13 4 
