   1314 26.928 0.0 CG 118 
   653 131.3 0.0 CD1 59 
   1325 6.69 0.0 HZ3 119 
   1059 5.374 0.0 HA 96 
   184 3.623 0.0 HA 19 
   1268 0.415 0.0 HG3 114 
   399 178.1 0.0 C 39 
   331 0.87 0.0 HG2 33 
   1323 6.967 0.0 HH2 119 
   1275 129.57 0.0 N 114 
   587 114.777 0.0 N 54 
   42 21.175 0.0 CG2 4 
   341 4.198 0.0 HB3 34 
   7 57.135 0.0 CA 1 
   775 52.5 0.0 CA 72 
   213 2.277 0.0 HB3 21 
   1053 54.651 0.0 CA 95 
   8 29.815 0.0 CB 1 
   479 39.895 0.0 CB 45 
   677 0.998 0.0 HG12 63 
   595 1.669 0.0 HG3 55 
   187 0.589 0.0 HD11 19 
   1210 4.024 0.0 HB3 110 
   1096 177.352 0.0 C 98 
   894 3.838 0.0 HB2 81 
   697 119.384 0.0 N 64 
   958 8.529 0.0 H 88 
   803 0.741 0.0 HD23 74 
   633 0.806 0.0 HD23 58 
   1168 172.62 0.0 C 106 
   1332 115.4 0.0 CZ2 119 
   1181 129.694 0.0 N 107 
   1315 121.34 0.0 N 118 
   970 173.801 0.0 C 89 
   1413 7.916 0.0 H 127 
   1011 43.37 0.0 CB 92 
   1284 3.841 0.0 HA 116 
   1317 4.567 0.0 HA 119 
   1060 2.068 0.0 HB2 96 
   956 27.468 0.0 CG 87 
   755 2.53 0.0 HG2 70 
   202 4.243 0.0 HA 20 
   225 4.195 0.0 HA 22 
   1281 51.415 0.0 CA 115 
   1191 36.823 0.0 CG 108 
   973 21.775 0.0 CG2 89 
   402 117.405 0.0 CE1 39 
   339 4.736 0.0 HA 34 
   463 7.192 0.0 HE1 44 
   1417 0.549 0.0 HG12 127 
   856 0.751 0.0 HG11 78 
   1066 171.75 0.0 C 96 
   360 3.32 0.0 HB3 36 
   703 2.83 0.0 HD2 65 
   1039 1.937 0.0 HB3 94 
   268 1.485 0.0 HB3 26 
   1418 0.549 0.0 HG13 127 
   483 2.559 0.0 HB2 46 
   1205 28.708 0.0 CG 109 
   808 22.606 0.0 CD2 74 
   1342 6.86 0.0 HE1 120 
   507 10.335 0.0 CD1 47 
   1075 4.526 0.0 HA 97 
   214 3.225 0.0 HD2 21 
   401 35.75 0.0 CB 39 
   109 61.54 0.0 CA 11 
   1 4.155 0.0 HA 1 
   1272 29.151 0.0 CD 114 
   690 2.951 0.0 HB2 64 
   1242 130.35 0.0 CE1 112 
   1229 9.143 0.0 H 112 
   206 177.003 0.0 C 20 
   1074 8.665 0.0 H 97 
   1032 28.25 0.0 CG1 93 
   346 8.345 0.0 H 35 
   882 25.182 0.0 CD1 79 
   741 3.998 0.0 HA 69 
   724 3.253 0.0 HB2 67 
   176 181.207 0.0 C 18 
   1013 132.1 0.0 CD2 92 
   1273 41.456 0.0 CE 114 
   1388 4.231 0.0 HA2 124 
   145 64.155 0.0 CA 15 
   1014 131.4 0.0 CE1 92 
   391 7.838 0.0 H 39 
   1193 8.473 0.0 H 109 
   1034 118.019 0.0 N 93 
   390 119.703 0.0 N 38 
   1381 1.878 0.0 HG3 123 
   615 121.407 0.0 N 56 
   744 2.258 0.0 HG2 69 
   1078 3.228 0.0 HD2 97 
   496 0.204 0.0 HD11 47 
   1095 1.576 0.0 HG3 98 
   919 9.104 0.0 H 84 
   120 175.224 0.0 C 12 
   758 56.417 0.0 CA 70 
   666 4.346 0.0 HA 62 
   495 1.73 0.0 HB 47 
   1309 1.253 0.0 HG3 118 
   625 4.331 0.0 HA 58 
   1196 1.743 0.0 HB3 109 
   1051 1.57 0.0 HG3 95 
   1406 1.334 0.0 HB1 126 
   1215 9.274 0.0 H 111 
   1195 1.509 0.0 HB2 109 
   1256 43.47 0.0 CD 113 
   804 176.95 0.0 C 74 
   370 117.801 0.0 CE1 36 
   946 2.018 0.0 HB2 87 
   1271 32.422 0.0 CB 114 
   1028 175.6 0.0 C 93 
   352 177.72 0.0 C 35 
   271 19.685 0.0 CB 26 
   568 2.804 0.0 HD2 53 
   1318 2.77 0.0 HB2 119 
   1426 20.19 0.0 CG2 127 
   563 43.019 0.0 CB 52 
   830 0.582 0.0 HD23 76 
   518 0.798 0.0 HG22 48 
   558 9.009 0.0 H 52 
   1071 130.76 0.0 CE1 96 
   432 7.516 0.0 H 42 
   1334 121.469 0.0 N 119 
   657 119.653 0.0 N 59 
   72 7.934 0.0 H 9 
   604 1.897 0.0 HB2 56 
   923 1.726 0.0 HD2 84 
   761 114.677 0.0 N 70 
   1429 4.298 0.0 HA 128 
   941 172.805 0.0 C 86 
   740 8.744 0.0 H 69 
   254 57.298 0.0 CA 24 
   759 31.29 0.0 CB 70 
   397 6.565 0.0 HE1 39 
   917 36.115 0.0 CG 83 
   447 25.37 0.0 CG 42 
   196 40.21 0.0 CB 19 
   403 117.405 0.0 CE2 39 
   155 2.166 0.0 HB3 17 
   270 52.95 0.0 CA 26 
   715 1.416 0.0 HB1 66 
   458 3.905 0.0 HA 44 
   681 0.909 0.0 HG23 63 
   24 2.948 0.0 HB3 3 
   406 3.956 0.0 HA 40 
   1007 7.082 0.0 HE1 92 
   679 0.909 0.0 HG21 63 
   68 4.247 0.0 HA3 8 
   247 26.234 0.0 CG 23 
   1165 4.998 0.0 HA 106 
   1359 7.175 0.0 HE2 121 
   1097 55.288 0.0 CA 98 
   471 130.2 0.0 CE2 44 
   1422 174.707 0.0 C 127 
   680 0.909 0.0 HG22 63 
   537 4.576 0.0 HA 50 
   773 2.475 0.0 HB3 72 
   580 1.751 0.0 HB3 54 
   787 60.0 0.0 CA 73 
   1218 2.263 0.0 HB3 111 
   532 58.85 0.0 CA 49 
   1293 27.96 0.0 CB 116 
   682 178.94 0.0 C 63 
   1286 1.977 0.0 HB3 116 
   108 178.9 0.0 C 11 
   678 0.998 0.0 HG13 63 
   492 119.529 0.0 N 46 
   828 0.582 0.0 HD21 76 
   709 29.462 0.0 CB 65 
   1354 2.879 0.0 HB2 121 
   1086 27.428 0.0 CG 97 
   647 7.195 0.0 HD2 59 
   541 0.509 0.0 HG23 50 
   252 3.83 0.0 HB3 24 
   825 0.564 0.0 HD11 76 
   1331 124.3 0.0 CH2 119 
   243 174.2 0.0 C 23 
   607 3.195 0.0 HD3 56 
   509 17.387 0.0 CG2 47 
   1042 22.085 0.0 CB 94 
   489 178.007 0.0 C 46 
   66 9.283 0.0 H 8 
   473 8.306 0.0 H 45 
   807 25.72 0.0 CD1 74 
   348 1.396 0.0 HB2 35 
   272 7.106 0.0 H 27 
   756 2.383 0.0 HG3 70 
   77 1.637 0.0 HD3 9 
   1226 32.464 0.0 CG 111 
   1266 2.265 0.0 HE3 114 
   1104 3.906 0.0 HA3 99 
   1185 1.564 0.0 HB3 108 
   251 3.745 0.0 HB2 24 
   204 1.402 0.0 HB2 20 
   515 0.502 0.0 HG12 48 
   1276 9.291 0.0 H 115 
   792 130.3 0.0 CE2 73 
   903 3.83 0.0 HB3 82 
   947 2.189 0.0 HB3 87 
   260 1.324 0.0 HB2 25 
   1427 122.174 0.0 N 127 
   701 0.906 0.0 HB2 65 
   605 1.95 0.0 HB3 56 
   1138 57.735 0.0 CA 103 
   171 0.885 0.0 HD13 18 
   551 1.179 0.0 HG22 51 
   201 8.213 0.0 H 20 
   273 109.233 0.0 N 27 
   1065 7.28 0.0 HE2 96 
   991 5.776 0.0 HA 91 
   722 7.759 0.0 H 67 
   543 61.38 0.0 CA 50 
   376 1.502 0.0 HB2 37 
   5 2.222 0.0 HG3 1 
   264 124.685 0.0 N 25 
   287 3.38 0.0 HA 29 
   1403 119.909 0.0 N 125 
   891 106.586 0.0 N 80 
   535 118.382 0.0 N 49 
   1058 8.865 0.0 H 96 
   589 4.668 0.0 HA 55 
   908 8.427 0.0 H 83 
   1377 4.264 0.0 HA 123 
   1002 5.619 0.0 HA 92 
   1167 3.578 0.0 HB3 106 
   1261 0.78 0.0 HB2 114 
   528 1.945 0.0 HB2 49 
   1224 53.985 0.0 CA 111 
   322 27.664 0.0 CG 31 
   791 130.3 0.0 CE1 73 
   802 0.741 0.0 HD22 74 
   9 36.326 0.0 CG 1 
   800 0.739 0.0 HD13 74 
   510 119.187 0.0 N 47 
   364 6.75 0.0 HE2 36 
   969 1.236 0.0 HG23 89 
   493 6.884 0.0 H 47 
   128 175.205 0.0 C 13 
   611 60.144 0.0 CA 56 
   671 40.155 0.0 CB 62 
   1303 4.552 0.0 HA 118 
   411 54.857 0.0 CA 40 
   863 63.69 0.0 CA 78 
   1385 35.236 0.0 CG 123 
   779 4.308 0.0 HA 73 
   925 3.003 0.0 HE2 84 
   768 64.73 0.0 CB 71 
   995 2.178 0.0 HG3 91 
   1415 0.75 0.0 HB 127 
   1123 3.604 0.0 HD3 102 
   195 57.701 0.0 CA 19 
   736 178.3 0.0 C 68 
   1125 1.9 0.0 HG3 102 
   110 39.46 0.0 CB 11 
   555 68.659 0.0 CB 51 
   1061 2.567 0.0 HB3 96 
   1296 8.576 0.0 H 117 
   122 40.455 0.0 CB 12 
   1391 45.365 0.0 CA 124 
   710 43.29 0.0 CD 65 
   842 1.648 0.0 HB3 77 
   283 31.061 0.0 CB 28 
   733 2.234 0.0 HB3 68 
   858 0.751 0.0 HG13 78 
   1416 0.549 0.0 HG11 127 
   556 20.937 0.0 CG2 51 
   48 175.9 0.0 C 5 
   838 126.577 0.0 N 76 
   309 1.028 0.0 HB3 31 
   308 1.591 0.0 HB2 31 
   742 2.066 0.0 HB2 69 
   355 43.64 0.0 CD 35 
   630 0.92 0.0 HD13 58 
   901 4.747 0.0 HA 82 
   693 7.734 0.0 HD22 64 
   1152 33.32 0.0 CB 104 
   998 31.557 0.0 CB 91 
   622 39.937 0.0 CB 57 
   457 8.229 0.0 H 44 
   1082 174.825 0.0 C 97 
   1326 175.5 0.0 C 119 
   1400 54.435 0.0 CA 125 
   992 1.996 0.0 HB2 91 
   28 124.395 0.0 N 3 
   138 29.87 0.0 CB 14 
   301 1.341 0.0 HB3 30 
   730 8.221 0.0 H 68 
   338 7.582 0.0 H 34 
   16 175.445 0.0 C 2 
   480 117.34 0.0 N 45 
   250 4.576 0.0 HA 24 
   359 2.601 0.0 HB2 36 
   453 174.95 0.0 C 43 
   240 3.047 0.0 HD3 23 
   723 4.145 0.0 HA 67 
   67 3.52 0.0 HA2 8 
   1126 176.9 0.0 C 102 
   476 2.593 0.0 HB3 45 
   848 54.625 0.0 CA 77 
   1139 30.075 0.0 CB 103 
   436 1.74 0.0 HD2 42 
   949 3.345 0.0 HD3 87 
   87 25.43 0.0 CG 9 
   1027 0.78 0.0 HG23 93 
   1316 8.981 0.0 H 119 
   896 172.936 0.0 C 81 
   916 33.087 0.0 CB 83 
   64 62.352 0.0 CB 7 
   971 61.14 0.0 CA 89 
   86 41.986 0.0 CE 9 
   1395 1.946 0.0 HB2 125 
   221 43.564 0.0 CD 21 
   1029 60.483 0.0 CA 93 
   160 177.301 0.0 C 17 
   1170 33.628 0.0 CB 106 
   26 63.959 0.0 CA 3 
   691 3.168 0.0 HB3 64 
   394 2.1 0.0 HB3 39 
   900 8.975 0.0 H 82 
   1044 9.352 0.0 H 95 
   335 29.362 0.0 CB 33 
   289 1.619 0.0 HB3 29 
   1376 6.575 0.0 H 123 
   795 4.432 0.0 HA 74 
   688 7.698 0.0 H 64 
   987 22.264 0.0 CG1 90 
   1156 8.499 0.0 H 105 
   93 1.269 0.0 HG22 10 
   1351 115.506 0.0 N 120 
   199 28.47 0.0 CG 19 
   326 3.481 0.0 HA 33 
   284 50.19 0.0 CD 28 
   559 3.741 0.0 HA 52 
   875 0.689 0.0 HD21 79 
   600 26.888 0.0 CG 55 
   1320 6.8 0.0 HD1 119 
   928 1.428 0.0 HG3 84 
   233 22.556 0.0 CG2 22 
   1046 1.85 0.0 HB2 95 
   297 7.812 0.0 H 30 
   101 4.625 0.0 HA 11 
   13 2.932 0.0 HB3 2 
   1236 7.192 0.0 HE2 112 
   554 64.045 0.0 CA 51 
   1085 43.79 0.0 CD 97 
   218 176.109 0.0 C 21 
   150 2.895 0.0 HA3 16 
   720 17.675 0.0 CB 66 
   1108 8.975 0.0 H 100 
   937 47.314 0.0 CA 85 
   95 175.801 0.0 C 10 
   1198 3.139 0.0 HD3 109 
   1113 109.645 0.0 N 100 
   466 61.65 0.0 CA 44 
   343 60.984 0.0 CA 34 
   1171 126.101 0.0 N 106 
   1310 173.805 0.0 C 118 
   59 3.932 0.0 HA 7 
   669 179.5 0.0 C 62 
   695 56.908 0.0 CA 64 
   1137 175.818 0.0 C 103 
   1184 1.268 0.0 HB2 108 
   395 6.665 0.0 HD1 39 
   689 4.798 0.0 HA 64 
   200 122.646 0.0 N 19 
   776 42.88 0.0 CB 72 
   1397 2.216 0.0 HG2 125 
   806 44.31 0.0 CB 74 
   581 2.144 0.0 HG2 54 
   133 4.403 0.0 HA 14 
   1399 174.408 0.0 C 125 
   1211 172.435 0.0 C 110 
   444 27.542 0.0 CB 42 
   616 8.78 0.0 H 57 
   1026 0.78 0.0 HG22 93 
   586 36.72 0.0 CG 54 
   99 112.657 0.0 N 10 
   84 35.172 0.0 CB 9 
   818 33.51 0.0 CB 75 
   440 1.559 0.0 HG2 42 
   446 43.345 0.0 CE 42 
   648 7.032 0.0 HE1 59 
   266 1.485 0.0 HB1 26 
   1258 124.163 0.0 N 113 
   626 1.705 0.0 HB2 58 
   53 3.93 0.0 HA2 6 
   649 7.032 0.0 HE2 59 
   298 3.898 0.0 HA 30 
   729 118.219 0.0 N 67 
   577 8.334 0.0 H 54 
   978 0.545 0.0 HG11 90 
   185 1.445 0.0 HB2 19 
   300 1.341 0.0 HB2 30 
   540 0.509 0.0 HG22 50 
   931 29.25 0.0 CD 84 
   1392 109.592 0.0 N 124 
   979 0.545 0.0 HG12 90 
   217 1.747 0.0 HG3 21 
   658 4.325 0.0 HA 61 
   459 2.887 0.0 HB2 44 
   951 1.78 0.0 HG3 87 
   74 1.533 0.0 HB2 9 
   211 3.989 0.0 HA 21 
   754 2.218 0.0 HB3 70 
   590 1.625 0.0 HB2 55 
   413 121.155 0.0 N 40 
   1132 4.002 0.0 HA 103 
   470 130.2 0.0 CE1 44 
   857 0.751 0.0 HG12 78 
   876 0.689 0.0 HD22 79 
   748 30.017 0.0 CB 69 
   501 0.479 0.0 HG21 47 
   1294 43.34 0.0 CD 116 
   1024 1.216 0.0 HG13 93 
   311 1.035 0.0 HD12 31 
   32 0.979 0.0 HG11 4 
   1025 0.78 0.0 HG21 93 
   945 5.606 0.0 HA 87 
   362 6.665 0.0 HD2 36 
   988 22.42 0.0 CG2 90 
   30 4.168 0.0 HA 4 
   288 1.619 0.0 HB2 29 
   582 2.144 0.0 HG3 54 
   893 5.342 0.0 HA 81 
   527 3.957 0.0 HA 49 
   1021 0.535 0.0 HD12 93 
   410 179.8 0.0 C 40 
   165 6.545 0.0 H 18 
   585 29.521 0.0 CB 54 
   151 48.106 0.0 CA 16 
   54 4.38 0.0 HA3 6 
   261 1.324 0.0 HB3 25 
   871 1.609 0.0 HB3 79 
   642 7.394 0.0 H 59 
   892 8.338 0.0 H 81 
   90 4.478 0.0 HA 10 
   1252 1.343 0.0 HG3 113 
   975 9.02 0.0 H 90 
   737 59.89 0.0 CA 68 
   71 111.582 0.0 N 8 
   1370 3.554 0.0 HB2 122 
   383 3.731 0.0 HA 38 
   774 175.305 0.0 C 72 
   864 32.119 0.0 CB 78 
   915 56.075 0.0 CA 83 
   750 117.242 0.0 N 69 
   6 176.41 0.0 C 1 
   1000 129.755 0.0 N 91 
   877 0.689 0.0 HD23 79 
   933 24.71 0.0 CG 84 
   788 38.32 0.0 CB 73 
   207 52.729 0.0 CA 20 
   1355 2.737 0.0 HB3 121 
   17 53.005 0.0 CA 2 
   1008 7.082 0.0 HE2 92 
   1367 122.001 0.0 N 121 
   1149 1.867 0.0 HG3 104 
   62 175.803 0.0 C 7 
   127 2.715 0.0 HB3 13 
   1164 9.575 0.0 H 106 
   454 51.354 0.0 CA 43 
   1409 177.6 0.0 C 126 
   1378 1.863 0.0 HB2 123 
   1208 5.308 0.0 HA 110 
   868 9.244 0.0 H 79 
   363 6.75 0.0 HE1 36 
   396 6.665 0.0 HD2 39 
   714 4.151 0.0 HA 66 
   1092 3.211 0.0 HD2 98 
   708 59.999 0.0 CA 65 
   1410 52.02 0.0 CA 126 
   91 4.483 0.0 HB 10 
   124 7.445 0.0 H 13 
   1383 55.575 0.0 CA 123 
   1408 1.334 0.0 HB3 126 
   1003 3.186 0.0 HB2 92 
   1304 1.421 0.0 HB2 118 
   258 4.116 0.0 HA 25 
   749 36.968 0.0 CG 69 
   142 2.595 0.0 HB2 15 
   721 120.92 0.0 N 66 
   1345 57.29 0.0 CA 120 
   822 4.769 0.0 HA 76 
   1201 176.252 0.0 C 109 
   380 18.245 0.0 CB 37 
   279 1.333 0.0 HG2 28 
   959 3.563 0.0 HA2 88 
   561 2.488 0.0 HB3 52 
   627 1.619 0.0 HB3 58 
   885 130.507 0.0 N 79 
   1279 1.303 0.0 HB2 115 
   296 116.67 0.0 N 29 
   89 8.784 0.0 H 10 
   902 3.83 0.0 HB2 82 
   944 8.091 0.0 H 87 
   15 7.423 0.0 HD22 2 
   847 175.2 0.0 C 77 
   63 59.829 0.0 CA 7 
   632 0.806 0.0 HD22 58 
   809 123.697 0.0 N 74 
   416 1.555 0.0 HB2 41 
   94 1.269 0.0 HG23 10 
   181 28.33 0.0 CG 18 
   1072 130.76 0.0 CE2 96 
   1073 120.365 0.0 N 96 
   159 1.735 0.0 HG3 17 
   1335 127.86 0.0 NE1 119 
   794 9.086 0.0 H 74 
   1090 1.732 0.0 HB2 98 
   879 177.507 0.0 C 79 
   306 7.782 0.0 H 31 
   435 2.401 0.0 HB3 42 
   1350 117.2 0.0 CE2 120 
   851 27.258 0.0 CG 77 
   552 1.179 0.0 HG23 51 
   655 129.0 0.0 CE1 59 
   573 65.11 0.0 CA 53 
   853 8.94 0.0 H 78 
   716 1.416 0.0 HB2 66 
   357 8.099 0.0 H 36 
   1225 30.155 0.0 CB 111 
   321 26.56 0.0 CD2 31 
   1098 32.12 0.0 CB 98 
   116 8.466 0.0 H 12 
   125 4.805 0.0 HA 13 
   428 25.612 0.0 CD1 41 
   1147 7.641 0.0 HE22 104 
   982 1.127 0.0 HG22 90 
   292 177.415 0.0 C 29 
   735 1.68 0.0 HG3 68 
   175 1.697 0.0 HG 18 
   503 0.479 0.0 HG23 47 
   1081 1.566 0.0 HG3 97 
   1050 1.66 0.0 HG2 95 
   521 67.625 0.0 CA 48 
   37 0.979 0.0 HG23 4 
   1112 45.456 0.0 CA 100 
   1016 124.784 0.0 N 92 
   166 4.458 0.0 HA 18 
   156 3.281 0.0 HD2 17 
   983 1.127 0.0 HG23 90 
   388 55.485 0.0 CA 38 
   628 0.92 0.0 HD11 58 
   484 2.899 0.0 HB3 46 
   619 2.609 0.0 HB3 57 
   103 3.085 0.0 HB3 11 
   353 60.124 0.0 CA 35 
   1124 1.991 0.0 HG2 102 
   135 2.938 0.0 HB3 14 
   407 1.098 0.0 HB1 40 
   212 2.193 0.0 HB2 21 
   617 4.653 0.0 HA 57 
   1115 4.033 0.0 HA2 101 
   415 4.275 0.0 HA 41 
   1189 54.005 0.0 CA 108 
   405 8.09 0.0 H 40 
   220 27.115 0.0 CB 21 
   867 126.212 0.0 N 78 
   173 0.718 0.0 HD22 18 
   1106 47.294 0.0 CA 99 
   1130 27.111 0.0 CG 102 
   140 8.183 0.0 H 15 
   1102 9.005 0.0 H 99 
   1380 1.878 0.0 HG2 123 
   621 55.375 0.0 CA 57 
   307 3.978 0.0 HA 31 
   115 124.022 0.0 N 11 
   79 2.903 0.0 HE3 9 
   613 43.64 0.0 CD 56 
   603 3.95 0.0 HA 56 
   3 2.003 0.0 HB3 1 
   275 1.096 0.0 HB2 28 
   1289 1.586 0.0 HG2 116 
   455 40.453 0.0 CB 43 
   711 27.67 0.0 CG 65 
   1312 33.592 0.0 CB 118 
   198 22.18 0.0 CD2 19 
   424 1.664 0.0 HG 41 
   1347 133.1 0.0 CD1 120 
   314 1.147 0.0 HD22 31 
   367 38.05 0.0 CB 36 
   575 50.1 0.0 CD 53 
   1158 3.656 0.0 HB2 105 
   641 118.45 0.0 N 58 
   228 1.138 0.0 HG22 22 
   423 0.717 0.0 HD23 41 
   599 42.47 0.0 CD 55 
   290 1.995 0.0 HG2 29 
   80 1.399 0.0 HG2 9 
   576 27.257 0.0 CG 53 
   1172 8.819 0.0 H 107 
   834 41.951 0.0 CB 76 
   462 7.23 0.0 HD2 44 
   55 176.304 0.0 C 6 
   41 21.175 0.0 CG1 4 
   762 7.151 0.0 H 71 
   478 57.459 0.0 CA 45 
   663 59.65 0.0 CA 61 
   61 3.696 0.0 HB3 7 
   831 1.027 0.0 HG 76 
   1389 4.955 0.0 HA3 124 
   1179 31.258 0.0 CB 107 
   1374 64.524 0.0 CB 122 
   1290 1.586 0.0 HG3 116 
   780 2.454 0.0 HB2 73 
   843 3.09 0.0 HD2 77 
   610 177.209 0.0 C 56 
   1368 8.557 0.0 H 122 
   1274 24.66 0.0 CG 114 
   106 6.55 0.0 HE1 11 
   1375 125.692 0.0 N 122 
   235 7.348 0.0 H 23 
   448 116.255 0.0 N 42 
   336 43.145 0.0 CD 33 
   1217 1.766 0.0 HB2 111 
   161 64.78 0.0 CA 17 
   1150 174.031 0.0 C 104 
   910 1.923 0.0 HB2 83 
   796 1.361 0.0 HB2 74 
   813 2.258 0.0 HB3 75 
   136 175.105 0.0 C 14 
   1142 8.938 0.0 H 104 
   1146 6.978 0.0 HE21 104 
   75 1.914 0.0 HB3 9 
   294 28.57 0.0 CB 29 
   785 6.582 0.0 HE2 73 
   667 2.758 0.0 HB2 62 
   1402 35.961 0.0 CG 125 
   846 1.498 0.0 HG3 77 
   377 1.502 0.0 HB3 37 
   1019 1.4 0.0 HB 93 
   926 3.003 0.0 HE3 84 
   293 60.485 0.0 CA 29 
   231 63.14 0.0 CA 22 
   769 115.477 0.0 N 71 
   1330 119.204 0.0 CE3 119 
   504 178.5 0.0 C 47 
   1365 130.84 0.0 CE1 121 
   1144 0.798 0.0 HB2 104 
   310 1.035 0.0 HD11 31 
   276 0.895 0.0 HB3 28 
   1321 10.114 0.0 HE1 119 
   1246 5.608 0.0 HA 113 
   725 3.645 0.0 HB3 67 
   386 1.672 0.0 HB3 38 
   942 58.208 0.0 CA 86 
   1341 6.888 0.0 HD2 120 
   232 69.026 0.0 CB 22 
   1301 103.666 0.0 N 117 
   1243 130.35 0.0 CE2 112 
   248 118.381 0.0 N 23 
   640 26.923 0.0 CG 58 
   1049 3.25 0.0 HD3 95 
   530 2.295 0.0 HG2 49 
   178 39.261 0.0 CB 18 
   1080 1.566 0.0 HG2 97 
   544 69.63 0.0 CB 50 
   1412 127.644 0.0 N 126 
   1322 7.275 0.0 HE3 119 
   786 175.7 0.0 C 73 
   168 1.8 0.0 HB3 18 
   829 0.582 0.0 HD22 76 
   1292 56.584 0.0 CA 116 
   1253 173.52 0.0 C 113 
   790 130.4 0.0 CD2 73 
   1057 122.839 0.0 N 95 
   18 38.025 0.0 CB 2 
   467 39.01 0.0 CB 44 
   1151 54.05 0.0 CA 104 
   860 0.813 0.0 HG22 78 
   1306 3.037 0.0 HD2 118 
   993 1.996 0.0 HB3 91 
   764 2.725 0.0 HB2 71 
   888 4.158 0.0 HA3 80 
   878 1.524 0.0 HG 79 
   14 6.792 0.0 HD21 2 
   1394 4.687 0.0 HA 125 
   1004 2.985 0.0 HB3 92 
   905 57.524 0.0 CA 82 
   519 0.798 0.0 HG23 48 
   117 4.179 0.0 HA 12 
   1001 9.171 0.0 H 92 
   468 131.0 0.0 CD1 44 
   354 30.325 0.0 CB 35 
   777 122.633 0.0 N 72 
   1087 117.405 0.0 N 97 
   1040 176.203 0.0 C 94 
   569 2.514 0.0 HD3 53 
   523 23.105 0.0 CG1 48 
   1414 3.882 0.0 HA 127 
   437 1.611 0.0 HD3 42 
   1339 2.875 0.0 HB3 120 
   1362 40.107 0.0 CB 121 
   547 7.748 0.0 H 51 
   1263 0.874 0.0 HD2 114 
   955 43.15 0.0 CD 87 
   104 7.598 0.0 HD1 11 
   285 26.46 0.0 CG 28 
   238 1.707 0.0 HB3 23 
   801 0.741 0.0 HD21 74 
   1200 1.376 0.0 HG3 109 
   105 7.598 0.0 HD2 11 
   765 3.17 0.0 HB3 71 
   320 23.15 0.0 CD1 31 
   1199 1.376 0.0 HG2 109 
   957 119.907 0.0 N 87 
   1036 5.859 0.0 HA 94 
   639 22.596 0.0 CD2 58 
   531 2.295 0.0 HG3 49 
   249 8.642 0.0 H 24 
   1288 3.215 0.0 HD3 116 
   517 0.798 0.0 HG21 48 
   340 3.692 0.0 HB2 34 
   938 4.317 0.0 HA 86 
   1233 7.09 0.0 HD1 112 
   1105 175.4 0.0 C 99 
   305 120.59 0.0 N 30 
   935 4.11 0.0 HA2 85 
   911 1.923 0.0 HB3 83 
   1045 5.608 0.0 HA 95 
   1079 3.228 0.0 HD3 97 
   757 176.9 0.0 C 70 
   378 178.2 0.0 C 37 
   505 61.81 0.0 CA 47 
   451 2.209 0.0 HB2 43 
   1295 27.648 0.0 CG 116 
   1154 123.299 0.0 N 104 
   481 7.764 0.0 H 46 
   1430 2.607 0.0 HB2 128 
   672 119.139 0.0 N 62 
   1352 9.316 0.0 H 121 
   545 19.875 0.0 CG2 50 
   694 176.82 0.0 C 64 
   1069 131.6 0.0 CD1 96 
   500 0.837 0.0 HG13 47 
   739 117.484 0.0 N 68 
   1141 120.322 0.0 N 103 
   608 1.705 0.0 HG2 56 
   907 115.128 0.0 N 82 
   583 177.408 0.0 C 54 
   968 1.236 0.0 HG22 89 
   203 1.402 0.0 HB1 20 
   614 28.048 0.0 CG 56 
   1067 55.736 0.0 CA 96 
   1393 8.229 0.0 H 125 
   651 57.15 0.0 CA 59 
   1298 4.046 0.0 HA3 117 
   464 7.192 0.0 HE2 44 
   47 2.92 0.0 HB3 5 
   375 1.502 0.0 HB1 37 
   665 8.376 0.0 H 62 
   31 2.078 0.0 HB 4 
   421 0.717 0.0 HD21 41 
   319 39.75 0.0 CB 31 
   954 33.678 0.0 CB 87 
   1302 7.628 0.0 H 118 
   368 132.01 0.0 CD1 36 
   731 3.74 0.0 HA 68 
   81 1.315 0.0 HG3 9 
   482 3.695 0.0 HA 46 
   511 7.322 0.0 H 48 
   1278 1.303 0.0 HB1 115 
   1083 54.951 0.0 CA 97 
   255 64.524 0.0 CB 24 
   422 0.717 0.0 HD22 41 
   1031 14.095 0.0 CD1 93 
   1143 4.495 0.0 HA 104 
   374 3.578 0.0 HA 37 
   1162 65.457 0.0 CB 105 
   491 38.35 0.0 CB 46 
   1250 2.982 0.0 HD3 113 
   1361 58.524 0.0 CA 121 
   1270 53.831 0.0 CA 114 
   1411 19.149 0.0 CB 126 
   536 7.115 0.0 H 50 
   143 2.495 0.0 HB3 15 
   1305 1.514 0.0 HB3 118 
   638 25.392 0.0 CD1 58 
   1232 3.418 0.0 HB3 112 
   324 8.704 0.0 H 32 
   883 22.906 0.0 CD2 79 
   1063 6.815 0.0 HD2 96 
   487 6.55 0.0 HE1 46 
   999 36.712 0.0 CG 91 
   1163 113.911 0.0 N 105 
   837 27.682 0.0 CG 76 
   718 179.2 0.0 C 66 
   38 175.39 0.0 C 4 
   1015 131.4 0.0 CE2 92 
   312 1.035 0.0 HD13 31 
   1407 1.334 0.0 HB2 126 
   456 123.108 0.0 N 43 
   1101 128.385 0.0 N 98 
   817 57.14 0.0 CA 75 
   25 178.12 0.0 C 3 
   662 177.2 0.0 C 61 
   427 40.89 0.0 CB 41 
   1357 6.727 0.0 HD2 121 
   1216 5.243 0.0 HA 111 
   533 30.291 0.0 CB 49 
   1329 125.3 0.0 CD1 119 
   69 174.204 0.0 C 8 
   1328 31.82 0.0 CB 119 
   578 4.158 0.0 HA 54 
   291 1.995 0.0 HG3 29 
   11 4.752 0.0 HA 2 
   303 54.5 0.0 CA 30 
   434 2.401 0.0 HB2 42 
   1333 121.55 0.0 CZ3 119 
   1070 131.6 0.0 CD2 96 
   524 21.395 0.0 CG2 48 
   661 7.15 0.0 HD2 61 
   107 6.55 0.0 HE2 11 
   985 62.035 0.0 CA 90 
   684 32.281 0.0 CB 63 
   728 28.554 0.0 CB 67 
   1423 61.46 0.0 CA 127 
   1401 33.107 0.0 CB 125 
   1119 4.446 0.0 HA 102 
   656 129.0 0.0 CE2 59 
   417 1.555 0.0 HB3 41 
   1035 9.654 0.0 H 94 
   1048 3.15 0.0 HD2 95 
   1160 173.605 0.0 C 105 
   1386 113.946 0.0 N 123 
   797 1.549 0.0 HB3 74 
   177 57.052 0.0 CA 18 
   224 8.268 0.0 H 22 
   601 116.352 0.0 N 55 
   1287 3.215 0.0 HD2 116 
   643 4.571 0.0 HA 59 
   909 4.892 0.0 HA 83 
   683 65.63 0.0 CA 63 
   646 7.195 0.0 HD1 59 
   381 121.482 0.0 N 37 
   538 4.595 0.0 HB 50 
   1364 130.74 0.0 CD2 121 
   874 0.654 0.0 HD13 79 
   898 66.3 0.0 CB 81 
   113 118.8 0.0 CE1 11 
   1262 -0.968 0.0 HB3 114 
   732 2.781 0.0 HB2 68 
   351 2.92 0.0 HD3 35 
   219 56.614 0.0 CA 21 
   222 28.094 0.0 CG 21 
   452 2.821 0.0 HB3 43 
   183 8.075 0.0 H 19 
   154 1.368 0.0 HB2 17 
   1022 0.535 0.0 HD13 93 
   778 8.75 0.0 H 73 
   1161 57.248 0.0 CA 105 
   793 124.281 0.0 N 73 
   767 58.754 0.0 CA 71 
   191 0.146 0.0 HD22 19 
   1192 128.36 0.0 N 108 
   1372 172.256 0.0 C 122 
   654 131.3 0.0 CD2 59 
   816 172.804 0.0 C 75 
   244 54.444 0.0 CA 23 
