   419 0.761 0.0 HD12 41 
   834 41.951 0.0 CB 76 
   250 4.576 0.0 HA 24 
   640 26.923 0.0 CG 58 
   1110 3.905 0.0 HA3 100 
   340 3.692 0.0 HB2 34 
   741 3.998 0.0 HA 69 
   383 3.731 0.0 HA 38 
   1251 1.61 0.0 HG2 113 
   1236 7.192 0.0 HE2 112 
   648 7.032 0.0 HE1 59 
   567 2.232 0.0 HB3 53 
   524 21.395 0.0 CG2 48 
   15 7.423 0.0 HD22 2 
   877 0.689 0.0 HD23 79 
   209 120.542 0.0 N 20 
   480 117.34 0.0 N 45 
   1328 31.82 0.0 CB 119 
   689 4.798 0.0 HA 64 
   1384 32.175 0.0 CB 123 
   503 0.479 0.0 HG23 47 
   540 0.509 0.0 HG22 50 
   401 35.75 0.0 CB 39 
   1311 53.951 0.0 CA 118 
   105 7.598 0.0 HD2 11 
   1086 27.428 0.0 CG 97 
   573 65.11 0.0 CA 53 
   753 2.006 0.0 HB2 70 
   1159 3.656 0.0 HB3 105 
   339 4.736 0.0 HA 34 
   1006 7.035 0.0 HD2 92 
   439 3.169 0.0 HE3 42 
   699 8.562 0.0 H 65 
   1244 119.879 0.0 N 112 
   1022 0.535 0.0 HD13 93 
   106 6.55 0.0 HE1 11 
   420 0.761 0.0 HD13 41 
   895 3.878 0.0 HB3 81 
   336 43.145 0.0 CD 33 
   955 43.15 0.0 CD 87 
   146 30.602 0.0 CB 15 
   1157 5.357 0.0 HA 105 
   517 0.798 0.0 HG21 48 
   279 1.333 0.0 HG2 28 
   815 1.996 0.0 HG3 75 
   371 117.801 0.0 CE2 36 
   631 0.806 0.0 HD21 58 
   265 4.443 0.0 HA 26 
   983 1.127 0.0 HG23 90 
   918 121.107 0.0 N 83 
   1065 7.28 0.0 HE2 96 
   929 55.741 0.0 CA 84 
   802 0.741 0.0 HD22 74 
   757 176.9 0.0 C 70 
   921 1.823 0.0 HB2 84 
   582 2.144 0.0 HG3 54 
   1378 1.863 0.0 HB2 123 
   698 113.408 0.0 ND2 64 
   1351 115.506 0.0 N 120 
   230 174.64 0.0 C 22 
   249 8.642 0.0 H 24 
   655 129.0 0.0 CE1 59 
   1414 3.882 0.0 HA 127 
   232 69.026 0.0 CB 22 
   365 176.705 0.0 C 36 
   978 0.545 0.0 HG11 90 
   868 9.244 0.0 H 79 
   306 7.782 0.0 H 31 
   991 5.776 0.0 HA 91 
   1340 6.888 0.0 HD1 120 
   176 181.207 0.0 C 18 
   272 7.106 0.0 H 27 
   760 36.478 0.0 CG 70 
   590 1.625 0.0 HB2 55 
   1119 4.446 0.0 HA 102 
   407 1.098 0.0 HB1 40 
   1371 3.268 0.0 HB3 122 
   588 8.069 0.0 H 55 
   701 0.906 0.0 HB2 65 
   9 36.326 0.0 CG 1 
   839 9.187 0.0 H 77 
   364 6.75 0.0 HE2 36 
   1369 4.517 0.0 HA 122 
   238 1.707 0.0 HB3 23 
   425 176.25 0.0 C 41 
   124 7.445 0.0 H 13 
   1170 33.628 0.0 CB 106 
   1290 1.586 0.0 HG3 116 
   1001 9.171 0.0 H 92 
   693 7.734 0.0 HD22 64 
   159 1.735 0.0 HG3 17 
   970 173.801 0.0 C 89 
   544 69.63 0.0 CB 50 
   338 7.582 0.0 H 34 
   235 7.348 0.0 H 23 
   1025 0.78 0.0 HG21 93 
   300 1.341 0.0 HB2 30 
   527 3.957 0.0 HA 49 
   1184 1.268 0.0 HB2 108 
   5 2.222 0.0 HG3 1 
   583 177.408 0.0 C 54 
   1347 133.1 0.0 CD1 120 
   135 2.938 0.0 HB3 14 
   856 0.751 0.0 HG11 78 
   68 4.247 0.0 HA3 8 
   644 3.02 0.0 HB2 59 
   1190 34.517 0.0 CB 108 
   1099 44.307 0.0 CD 98 
   443 56.288 0.0 CA 42 
   190 0.146 0.0 HD21 19 
   1232 3.418 0.0 HB3 112 
   286 8.098 0.0 H 29 
   887 4.158 0.0 HA2 80 
   171 0.885 0.0 HD13 18 
   32 0.979 0.0 HG11 4 
   1370 3.554 0.0 HB2 122 
   1410 52.02 0.0 CA 126 
   231 63.14 0.0 CA 22 
   767 58.754 0.0 CA 71 
   81 1.315 0.0 HG3 9 
   140 8.183 0.0 H 15 
   894 3.838 0.0 HB2 81 
   1129 49.61 0.0 CD 102 
   63 59.829 0.0 CA 7 
   663 59.65 0.0 CA 61 
   390 119.703 0.0 N 38 
   1164 9.575 0.0 H 106 
   1237 175.205 0.0 C 112 
   1134 1.823 0.0 HB3 103 
   278 2.142 0.0 HD3 28 
   872 0.654 0.0 HD11 79 
   611 60.144 0.0 CA 56 
   1055 43.47 0.0 CD 95 
   510 119.187 0.0 N 47 
   649 7.032 0.0 HE2 59 
   1066 171.75 0.0 C 96 
   237 1.524 0.0 HB2 23 
   603 3.95 0.0 HA 56 
   368 132.01 0.0 CD1 36 
   645 2.925 0.0 HB3 59 
   925 3.003 0.0 HE2 84 
   474 4.235 0.0 HA 45 
   739 117.484 0.0 N 68 
   396 6.665 0.0 HD2 39 
   45 4.584 0.0 HA 5 
   530 2.295 0.0 HG2 49 
   1381 1.878 0.0 HG3 123 
   786 175.7 0.0 C 73 
   308 1.591 0.0 HB2 31 
   1133 1.744 0.0 HB2 103 
   112 133.6 0.0 CD2 11 
   846 1.498 0.0 HG3 77 
   1337 4.943 0.0 HA 120 
   853 8.94 0.0 H 78 
   1327 57.495 0.0 CA 119 
   1408 1.334 0.0 HB3 126 
   758 56.417 0.0 CA 70 
   304 18.495 0.0 CB 30 
   1206 122.752 0.0 N 109 
   1372 172.256 0.0 C 122 
   20 110.708 0.0 ND2 2 
   165 6.545 0.0 H 18 
   1118 108.265 0.0 N 101 
   1286 1.977 0.0 HB3 116 
   787 60.0 0.0 CA 73 
   166 4.458 0.0 HA 18 
   907 115.128 0.0 N 82 
   1040 176.203 0.0 C 94 
   1198 3.139 0.0 HD3 109 
   305 120.59 0.0 N 30 
   459 2.887 0.0 HB2 44 
   1091 1.925 0.0 HB3 98 
   116 8.466 0.0 H 12 
   954 33.678 0.0 CB 87 
   76 1.637 0.0 HD2 9 
   908 8.427 0.0 H 83 
   149 2.895 0.0 HA2 16 
   207 52.729 0.0 CA 20 
   1257 28.88 0.0 CG 113 
   1018 5.199 0.0 HA 93 
   919 9.104 0.0 H 84 
   142 2.595 0.0 HB2 15 
   1075 4.526 0.0 HA 97 
   1229 9.143 0.0 H 112 
   1011 43.37 0.0 CB 92 
   1180 115.4 0.0 CD2 107 
   818 33.51 0.0 CB 75 
   635 177.0 0.0 C 58 
   117 4.179 0.0 HA 12 
   1207 9.762 0.0 H 110 
   708 59.999 0.0 CA 65 
   1112 45.456 0.0 CA 100 
   1140 37.102 0.0 CG 103 
   354 30.325 0.0 CB 35 
   298 3.898 0.0 HA 30 
   1063 6.815 0.0 HD2 96 
   500 0.837 0.0 HG13 47 
   226 4.224 0.0 HB 22 
   99 112.657 0.0 N 10 
   1301 103.666 0.0 N 117 
   411 54.857 0.0 CA 40 
   1213 66.524 0.0 CB 110 
   337 27.53 0.0 CG 33 
   1047 1.75 0.0 HB3 95 
   74 1.533 0.0 HB2 9 
   40 32.072 0.0 CB 4 
   1233 7.09 0.0 HD1 112 
   468 131.0 0.0 CD1 44 
   495 1.73 0.0 HB 47 
   634 1.6 0.0 HG 58 
   1230 5.485 0.0 HA 112 
   1101 128.385 0.0 N 98 
   358 3.84 0.0 HA 36 
   700 3.481 0.0 HA 65 
   316 1.485 0.0 HG 31 
   598 31.582 0.0 CB 55 
   972 72.876 0.0 CB 89 
   688 7.698 0.0 H 64 
   794 9.086 0.0 H 74 
   1364 130.74 0.0 CD2 121 
   660 3.215 0.0 HB3 61 
   675 1.923 0.0 HB 63 
   1104 3.906 0.0 HA3 99 
   937 47.314 0.0 CA 85 
   686 20.93 0.0 CG2 63 
   415 4.275 0.0 HA 41 
   1032 28.25 0.0 CG1 93 
   559 3.741 0.0 HA 52 
   1312 33.592 0.0 CB 118 
   1331 124.3 0.0 CH2 119 
   426 54.401 0.0 CA 41 
   943 63.215 0.0 CB 86 
   726 178.407 0.0 C 67 
   220 27.115 0.0 CB 21 
   1413 7.916 0.0 H 127 
   768 64.73 0.0 CB 71 
   585 29.521 0.0 CB 54 
   33 0.979 0.0 HG12 4 
   294 28.57 0.0 CB 29 
   916 33.087 0.0 CB 83 
   1094 1.576 0.0 HG2 98 
   1320 6.8 0.0 HD1 119 
   555 68.659 0.0 CB 51 
   833 53.317 0.0 CA 76 
   349 1.91 0.0 HB3 35 
   170 0.885 0.0 HD12 18 
   1125 1.9 0.0 HG3 102 
   627 1.619 0.0 HB3 58 
   892 8.338 0.0 H 81 
   838 126.577 0.0 N 76 
   1394 4.687 0.0 HA 125 
   1299 173.43 0.0 C 117 
   642 7.394 0.0 H 59 
   596 173.52 0.0 C 55 
   1149 1.867 0.0 HG3 104 
   728 28.554 0.0 CB 67 
   447 25.37 0.0 CG 42 
   109 61.54 0.0 CA 11 
   551 1.179 0.0 HG22 51 
   169 0.885 0.0 HD11 18 
   941 172.805 0.0 C 86 
   164 28.471 0.0 CG 17 
   1346 42.25 0.0 CB 120 
   1415 0.75 0.0 HB 127 
   118 2.63 0.0 HB2 12 
   461 7.23 0.0 HD1 44 
   343 60.984 0.0 CA 34 
   267 1.485 0.0 HB2 26 
   1084 34.642 0.0 CB 97 
   952 175.019 0.0 C 87 
   186 1.528 0.0 HB3 19 
   805 55.851 0.0 CA 74 
   322 27.664 0.0 CG 31 
   262 52.785 0.0 CA 25 
   650 174.42 0.0 C 59 
   284 50.19 0.0 CD 28 
   618 2.735 0.0 HB2 57 
   133 4.403 0.0 HA 14 
   460 3.082 0.0 HB3 44 
   705 1.16 0.0 HG2 65 
   432 7.516 0.0 H 42 
   796 1.361 0.0 HB2 74 
   1407 1.334 0.0 HB2 126 
   1115 4.033 0.0 HA2 101 
   14 6.792 0.0 HD21 2 
   412 17.695 0.0 CB 40 
   696 39.218 0.0 CB 64 
   129 53.219 0.0 CA 13 
   114 118.8 0.0 CE2 11 
   252 3.83 0.0 HB3 24 
   561 2.488 0.0 HB3 52 
   27 28.658 0.0 CB 3 
   1042 22.085 0.0 CB 94 
   725 3.645 0.0 HB3 67 
   682 178.94 0.0 C 63 
   513 2.008 0.0 HB 48 
   1323 6.967 0.0 HH2 119 
   1426 20.19 0.0 CG2 127 
   7 57.135 0.0 CA 1 
   36 0.979 0.0 HG22 4 
   51 120.403 0.0 N 5 
   195 57.701 0.0 CA 19 
   884 28.23 0.0 CG 79 
   924 1.726 0.0 HD3 84 
   1373 60.295 0.0 CA 122 
   289 1.619 0.0 HB3 29 
   529 1.945 0.0 HB3 49 
   852 127.184 0.0 N 77 
   409 1.098 0.0 HB3 40 
   965 5.861 0.0 HA 89 
   1334 121.469 0.0 N 119 
   586 36.72 0.0 CG 54 
   1026 0.78 0.0 HG22 93 
   778 8.75 0.0 H 73 
   214 3.225 0.0 HD2 21 
   177 57.052 0.0 CA 18 
   163 50.635 0.0 CD 17 
   119 2.469 0.0 HB3 12 
   553 173.901 0.0 C 51 
   280 -0.395 0.0 HG3 28 
   147 124.741 0.0 N 15 
   1262 -0.968 0.0 HB3 114 
   809 123.697 0.0 N 74 
   18 38.025 0.0 CB 2 
   359 2.601 0.0 HB2 36 
   549 4.218 0.0 HB 51 
   837 27.682 0.0 CG 76 
   1404 8.632 0.0 H 126 
   1003 3.186 0.0 HB2 92 
   1062 6.815 0.0 HD1 96 
   1403 119.909 0.0 N 125 
   556 20.937 0.0 CG2 51 
   1128 32.451 0.0 CB 102 
   511 7.322 0.0 H 48 
   218 176.109 0.0 C 21 
   742 2.066 0.0 HB2 69 
   148 8.026 0.0 H 16 
   215 3.225 0.0 HD3 21 
   38 175.39 0.0 C 4 
   861 0.813 0.0 HG23 78 
   528 1.945 0.0 HB2 49 
   1325 6.69 0.0 HZ3 119 
   683 65.63 0.0 CA 63 
   1002 5.619 0.0 HA 92 
   39 63.31 0.0 CA 4 
   1181 129.694 0.0 N 107 
   735 1.68 0.0 HG3 68 
   465 177.805 0.0 C 44 
   332 1.176 0.0 HG3 33 
   137 60.369 0.0 CA 14 
   1034 118.019 0.0 N 93 
   313 1.147 0.0 HD21 31 
   199 28.47 0.0 CG 19 
   1400 54.435 0.0 CA 125 
   486 6.77 0.0 HD2 46 
   1203 31.948 0.0 CB 109 
   899 113.782 0.0 N 81 
   781 3.11 0.0 HB3 73 
   504 178.5 0.0 C 47 
   622 39.937 0.0 CB 57 
   1434 129.886 0.0 N 128 
   345 111.582 0.0 N 34 
   857 0.751 0.0 HG12 78 
   779 4.308 0.0 HA 73 
   913 2.205 0.0 HG3 83 
   512 3.049 0.0 HA 48 
   1172 8.819 0.0 H 107 
   162 32.12 0.0 CB 17 
   470 130.2 0.0 CE1 44 
   691 3.168 0.0 HB3 64 
   82 176.429 0.0 C 9 
   994 2.323 0.0 HG2 91 
   328 1.468 0.0 HB3 33 
   1031 14.095 0.0 CD1 93 
   516 0.502 0.0 HG13 48 
   723 4.145 0.0 HA 67 
   1028 175.6 0.0 C 93 
   1224 53.985 0.0 CA 111 
   1278 1.303 0.0 HB1 115 
   706 1.16 0.0 HG3 65 
   871 1.609 0.0 HB3 79 
   980 0.545 0.0 HG13 90 
   78 2.937 0.0 HE2 9 
   927 1.366 0.0 HG2 84 
   77 1.637 0.0 HD3 9 
   1376 6.575 0.0 H 123 
   1116 4.288 0.0 HA3 101 
   1100 27.715 0.0 CG 98 
   702 1.467 0.0 HB3 65 
   946 2.018 0.0 HB2 87 
   346 8.345 0.0 H 35 
   1355 2.737 0.0 HB3 121 
   996 175.381 0.0 C 91 
   1223 174.94 0.0 C 111 
   1360 174.025 0.0 C 121 
   653 131.3 0.0 CD1 59 
   1135 2.126 0.0 HG2 103 
   126 2.443 0.0 HB2 13 
   60 3.922 0.0 HB2 7 
   1399 174.408 0.0 C 125 
   111 133.6 0.0 CD1 11 
   1341 6.888 0.0 HD2 120 
   830 0.582 0.0 HD23 76 
   1073 120.365 0.0 N 96 
   342 175.96 0.0 C 34 
   1083 54.951 0.0 CA 97 
   1211 172.435 0.0 C 110 
   121 56.0 0.0 CA 12 
   1433 42.247 0.0 CB 128 
   1220 7.652 0.0 HE22 111 
   213 2.277 0.0 HB3 21 
   379 55.295 0.0 CA 37 
   92 1.269 0.0 HG21 10 
   934 127.105 0.0 N 84 
   455 40.453 0.0 CB 43 
   312 1.035 0.0 HD13 31 
   587 114.777 0.0 N 54 
   1419 0.266 0.0 HG21 127 
   1344 176.52 0.0 C 120 
   417 1.555 0.0 HB3 41 
   481 7.764 0.0 H 46 
   1114 7.925 0.0 H 101 
   84 35.172 0.0 CB 9 
   636 54.812 0.0 CA 58 
   85 29.151 0.0 CD 9 
   404 119.108 0.0 N 39 
   1008 7.082 0.0 HE2 92 
   821 8.538 0.0 H 76 
   29 7.153 0.0 H 4 
   1216 5.243 0.0 HA 111 
