   536 7.115 0.0 H 50 
   1016 124.784 0.0 N 92 
   728 28.554 0.0 CB 67 
   1114 7.925 0.0 H 101 
   450 4.875 0.0 HA 43 
   264 124.685 0.0 N 25 
   828 0.582 0.0 HD21 76 
   1423 61.46 0.0 CA 127 
   162 32.12 0.0 CB 17 
   740 8.744 0.0 H 69 
   1274 24.66 0.0 CG 114 
   1213 66.524 0.0 CB 110 
   1243 130.35 0.0 CE2 112 
   96 62.155 0.0 CA 10 
   1098 32.12 0.0 CB 98 
   1376 6.575 0.0 H 123 
   631 0.806 0.0 HD21 58 
   1057 122.839 0.0 N 95 
   657 119.653 0.0 N 59 
   907 115.128 0.0 N 82 
   135 2.938 0.0 HB3 14 
   987 22.264 0.0 CG1 90 
   951 1.78 0.0 HG3 87 
   294 28.57 0.0 CB 29 
   36 0.979 0.0 HG22 4 
   368 132.01 0.0 CD1 36 
   580 1.751 0.0 HB3 54 
   261 1.324 0.0 HB3 25 
   81 1.315 0.0 HG3 9 
   1034 118.019 0.0 N 93 
   836 23.57 0.0 CD2 76 
   1346 42.25 0.0 CB 120 
   172 0.718 0.0 HD21 18 
   126 2.443 0.0 HB2 13 
   87 25.43 0.0 CG 9 
   1221 2.437 0.0 HG2 111 
   1326 175.5 0.0 C 119 
   652 40.445 0.0 CB 59 
   355 43.64 0.0 CD 35 
   1004 2.985 0.0 HB3 92 
   108 178.9 0.0 C 11 
   1204 43.24 0.0 CD 109 
   1311 53.951 0.0 CA 118 
   93 1.269 0.0 HG22 10 
   682 178.94 0.0 C 63 
   1403 119.909 0.0 N 125 
   847 175.2 0.0 C 77 
   242 1.415 0.0 HG3 23 
   815 1.996 0.0 HG3 75 
   1240 131.451 0.0 CD1 112 
   410 179.8 0.0 C 40 
   865 21.781 0.0 CG1 78 
   427 40.89 0.0 CB 41 
   937 47.314 0.0 CA 85 
   306 7.782 0.0 H 31 
   1156 8.499 0.0 H 105 
   942 58.208 0.0 CA 86 
   555 68.659 0.0 CB 51 
   1224 53.985 0.0 CA 111 
   1409 177.6 0.0 C 126 
   1374 64.524 0.0 CB 122 
   389 18.195 0.0 CB 38 
   241 1.415 0.0 HG2 23 
   322 27.664 0.0 CG 31 
   325 122.625 0.0 N 32 
   24 2.948 0.0 HB3 3 
   167 1.8 0.0 HB2 18 
   517 0.798 0.0 HG21 48 
   203 1.402 0.0 HB1 20 
   861 0.813 0.0 HG23 78 
   1187 2.103 0.0 HG3 108 
   749 36.968 0.0 CG 69 
   120 175.224 0.0 C 12 
   458 3.905 0.0 HA 44 
   72 7.934 0.0 H 9 
   635 177.0 0.0 C 58 
   293 60.485 0.0 CA 29 
   1001 9.171 0.0 H 92 
   107 6.55 0.0 HE2 11 
   1332 115.4 0.0 CZ2 119 
   337 27.53 0.0 CG 33 
   1266 2.265 0.0 HE3 114 
   12 2.675 0.0 HB2 2 
   166 4.458 0.0 HA 18 
   487 6.55 0.0 HE1 46 
   403 117.405 0.0 CE2 39 
   309 1.028 0.0 HB3 31 
   165 6.545 0.0 H 18 
   255 64.524 0.0 CB 24 
   426 54.401 0.0 CA 41 
   252 3.83 0.0 HB3 24 
   924 1.726 0.0 HD3 84 
   376 1.502 0.0 HB2 37 
   618 2.735 0.0 HB2 57 
   416 1.555 0.0 HB2 41 
   946 2.018 0.0 HB2 87 
   982 1.127 0.0 HG22 90 
   650 174.42 0.0 C 59 
   430 27.053 0.0 CG 41 
   802 0.741 0.0 HD22 74 
   571 1.635 0.0 HG3 53 
   1121 2.271 0.0 HB3 102 
   191 0.146 0.0 HD22 19 
   45 4.584 0.0 HA 5 
   975 9.02 0.0 H 90 
   1041 49.829 0.0 CA 94 
   300 1.341 0.0 HB2 30 
   966 3.95 0.0 HB 89 
   1321 10.114 0.0 HE1 119 
   432 7.516 0.0 H 42 
   1132 4.002 0.0 HA 103 
   964 8.86 0.0 H 89 
   1008 7.082 0.0 HE2 92 
   926 3.003 0.0 HE3 84 
   1287 3.215 0.0 HD2 116 
   163 50.635 0.0 CD 17 
   1019 1.4 0.0 HB 93 
   121 56.0 0.0 CA 12 
   525 122.147 0.0 N 48 
   186 1.528 0.0 HB3 19 
   298 3.898 0.0 HA 30 
   1179 31.258 0.0 CB 107 
   1065 7.28 0.0 HE2 96 
   528 1.945 0.0 HB2 49 
   440 1.559 0.0 HG2 42 
   550 1.179 0.0 HG21 51 
   484 2.899 0.0 HB3 46 
   837 27.682 0.0 CG 76 
   326 3.481 0.0 HA 33 
   844 3.09 0.0 HD3 77 
   338 7.582 0.0 H 34 
   1354 2.879 0.0 HB2 121 
   849 32.628 0.0 CB 77 
   542 173.401 0.0 C 50 
   478 57.459 0.0 CA 45 
   190 0.146 0.0 HD21 19 
   1373 60.295 0.0 CA 122 
   1336 9.145 0.0 H 120 
   137 60.369 0.0 CA 14 
   333 177.29 0.0 C 33 
   454 51.354 0.0 CA 43 
   117 4.179 0.0 HA 12 
   246 43.34 0.0 CD 23 
   223 110.82 0.0 N 21 
   278 2.142 0.0 HD3 28 
   444 27.542 0.0 CB 42 
   68 4.247 0.0 HA3 8 
   1284 3.841 0.0 HA 116 
   705 1.16 0.0 HG2 65 
   281 176.9 0.0 C 28 
   634 1.6 0.0 HG 58 
   161 64.78 0.0 CA 17 
   95 175.801 0.0 C 10 
   122 40.455 0.0 CB 12 
   852 127.184 0.0 N 77 
   456 123.108 0.0 N 43 
   490 62.32 0.0 CA 46 
   209 120.542 0.0 N 20 
   897 57.259 0.0 CA 81 
   156 3.281 0.0 HD2 17 
   812 1.784 0.0 HB2 75 
   214 3.225 0.0 HD2 21 
   181 28.33 0.0 CG 18 
   423 0.717 0.0 HD23 41 
   733 2.234 0.0 HB3 68 
   664 31.254 0.0 CB 61 
   125 4.805 0.0 HA 13 
   958 8.529 0.0 H 88 
   82 176.429 0.0 C 9 
   231 63.14 0.0 CA 22 
   567 2.232 0.0 HB3 53 
   1371 3.268 0.0 HB3 122 
   683 65.63 0.0 CA 63 
   695 56.908 0.0 CA 64 
   829 0.582 0.0 HD22 76 
   367 38.05 0.0 CB 36 
   943 63.215 0.0 CB 86 
   970 173.801 0.0 C 89 
   461 7.23 0.0 HD1 44 
   384 1.672 0.0 HB1 38 
   917 36.115 0.0 CG 83 
   510 119.187 0.0 N 47 
   226 4.224 0.0 HB 22 
   1042 22.085 0.0 CB 94 
   1142 8.938 0.0 H 104 
   969 1.236 0.0 HG23 89 
   154 1.368 0.0 HB2 17 
   1054 33.572 0.0 CB 95 
   21 9.38 0.0 H 3 
   649 7.032 0.0 HE2 59 
   277 3.241 0.0 HD2 28 
   910 1.923 0.0 HB2 83 
   967 1.236 0.0 HG21 89 
   359 2.601 0.0 HB2 36 
   291 1.995 0.0 HG3 29 
   30 4.168 0.0 HA 4 
   854 4.11 0.0 HA 78 
   42 21.175 0.0 CG2 4 
   128 175.205 0.0 C 13 
   59 3.932 0.0 HA 7 
   234 110.883 0.0 N 22 
   15 7.423 0.0 HD22 2 
   77 1.637 0.0 HD3 9 
   110 39.46 0.0 CB 11 
   1123 3.604 0.0 HD3 102 
   797 1.549 0.0 HB3 74 
   352 177.72 0.0 C 35 
   495 1.73 0.0 HB 47 
   1118 108.265 0.0 N 101 
   472 122.987 0.0 N 44 
   465 177.805 0.0 C 44 
   1106 47.294 0.0 CA 99 
   918 121.107 0.0 N 83 
   1429 4.298 0.0 HA 128 
   1212 59.029 0.0 CA 110 
   545 19.875 0.0 CG2 50 
   1163 113.911 0.0 N 105 
   323 119.402 0.0 N 31 
   928 1.428 0.0 HG3 84 
   1136 2.0 0.0 HG3 103 
   1085 43.79 0.0 CD 97 
   301 1.341 0.0 HB3 30 
   1052 176.85 0.0 C 95 
   992 1.996 0.0 HB2 91 
   1170 33.628 0.0 CB 106 
   661 7.15 0.0 HD2 61 
   721 120.92 0.0 N 66 
   463 7.192 0.0 HE1 44 
   1061 2.567 0.0 HB3 96 
   685 22.675 0.0 CG1 63 
   109 61.54 0.0 CA 11 
   1180 115.4 0.0 CD2 107 
   859 0.813 0.0 HG21 78 
   1399 174.408 0.0 C 125 
   1102 9.005 0.0 H 99 
   1257 28.88 0.0 CG 113 
   69 174.204 0.0 C 8 
   1189 54.005 0.0 CA 108 
   1087 117.405 0.0 N 97 
   621 55.375 0.0 CA 57 
   1210 4.024 0.0 HB3 110 
   871 1.609 0.0 HB3 79 
   1232 3.418 0.0 HB3 112 
   717 1.416 0.0 HB3 66 
   558 9.009 0.0 H 52 
   431 115.848 0.0 N 41 
   803 0.741 0.0 HD23 74 
   851 27.258 0.0 CG 77 
   424 1.664 0.0 HG 41 
   1377 4.264 0.0 HA 123 
   221 43.564 0.0 CD 21 
   938 4.317 0.0 HA 86 
   1272 29.151 0.0 CD 114 
   511 7.322 0.0 H 48 
   249 8.642 0.0 H 24 
   38 175.39 0.0 C 4 
   420 0.761 0.0 HD13 41 
   1207 9.762 0.0 H 110 
   1081 1.566 0.0 HG3 97 
   601 116.352 0.0 N 55 
   1129 49.61 0.0 CD 102 
   200 122.646 0.0 N 19 
   896 172.936 0.0 C 81 
   587 114.777 0.0 N 54 
   471 130.2 0.0 CE2 44 
   1190 34.517 0.0 CB 108 
   694 176.82 0.0 C 64 
   822 4.769 0.0 HA 76 
   295 36.955 0.0 CG 29 
   756 2.383 0.0 HG3 70 
   370 117.801 0.0 CE1 36 
   909 4.892 0.0 HA 83 
   318 56.998 0.0 CA 31 
   575 50.1 0.0 CD 53 
   256 116.451 0.0 N 24 
   292 177.415 0.0 C 29 
   707 177.82 0.0 C 65 
   1049 3.25 0.0 HD3 95 
   74 1.533 0.0 HB2 9 
   1265 2.17 0.0 HE2 114 
   446 43.345 0.0 CE 42 
   1125 1.9 0.0 HG3 102 
   283 31.061 0.0 CB 28 
   922 1.823 0.0 HB3 84 
   855 1.94 0.0 HB 78 
   592 3.145 0.0 HD2 55 
   867 126.212 0.0 N 78 
   1276 9.291 0.0 H 115 
   48 175.9 0.0 C 5 
   396 6.665 0.0 HD2 39 
   1059 5.374 0.0 HA 96 
   646 7.195 0.0 HD1 59 
   215 3.225 0.0 HD3 21 
   1099 44.307 0.0 CD 98 
   666 4.346 0.0 HA 62 
   821 8.538 0.0 H 76 
   1431 2.483 0.0 HB3 128 
   331 0.87 0.0 HG2 33 
   361 6.665 0.0 HD1 36 
   523 23.105 0.0 CG1 48 
   1430 2.607 0.0 HB2 128 
   648 7.032 0.0 HE1 59 
   1135 2.126 0.0 HG2 103 
   357 8.099 0.0 H 36 
   407 1.098 0.0 HB1 40 
   874 0.654 0.0 HD13 79 
   380 18.245 0.0 CB 37 
   1421 0.266 0.0 HG23 127 
   1147 7.641 0.0 HE22 104 
   179 25.729 0.0 CD1 18 
   739 117.484 0.0 N 68 
   1280 1.303 0.0 HB3 115 
   998 31.557 0.0 CB 91 
   52 7.704 0.0 H 6 
   693 7.734 0.0 HD22 64 
   413 121.155 0.0 N 40 
   741 3.998 0.0 HA 69 
   1231 2.355 0.0 HB2 112 
   1040 176.203 0.0 C 94 
   772 2.638 0.0 HB2 72 
   273 109.233 0.0 N 27 
   708 59.999 0.0 CA 65 
   118 2.63 0.0 HB2 12 
   88 120.607 0.0 N 9 
   1372 172.256 0.0 C 122 
   1154 123.299 0.0 N 104 
   962 45.449 0.0 CA 88 
   1233 7.09 0.0 HD1 112 
   1358 7.175 0.0 HE1 121 
   1035 9.654 0.0 H 94 
   29 7.153 0.0 H 4 
   591 2.333 0.0 HB3 55 
   1410 52.02 0.0 CA 126 
   379 55.295 0.0 CA 37 
   1297 3.345 0.0 HA2 117 
   610 177.209 0.0 C 56 
   887 4.158 0.0 HA2 80 
   344 63.245 0.0 CB 34 
   1271 32.422 0.0 CB 114 
   285 26.46 0.0 CG 28 
   1030 42.274 0.0 CB 93 
   686 20.93 0.0 CG2 63 
   387 180.2 0.0 C 38 
   1335 127.86 0.0 NE1 119 
   1116 4.288 0.0 HA3 101 
   556 20.937 0.0 CG2 51 
   508 26.86 0.0 CG1 47 
   1323 6.967 0.0 HH2 119 
   1216 5.243 0.0 HA 111 
   119 2.469 0.0 HB3 12 
   131 117.361 0.0 N 13 
   1158 3.656 0.0 HB2 105 
   104 7.598 0.0 HD1 11 
   595 1.669 0.0 HG3 55 
   565 3.938 0.0 HA 53 
   716 1.416 0.0 HB2 66 
   1058 8.865 0.0 H 96 
   1347 133.1 0.0 CD1 120 
   1018 5.199 0.0 HA 93 
   1222 2.355 0.0 HG3 111 
   1380 1.878 0.0 HG2 123 
   986 36.819 0.0 CB 90 
   952 175.019 0.0 C 87 
   1073 120.365 0.0 N 96 
   260 1.324 0.0 HB2 25 
   1273 41.456 0.0 CE 114 
   913 2.205 0.0 HG3 83 
   1185 1.564 0.0 HB3 108 
   1411 19.149 0.0 CB 126 
   1188 173.31 0.0 C 108 
   557 121.694 0.0 N 51 
   760 36.478 0.0 CG 70 
   1115 4.033 0.0 HA2 101 
   1077 1.572 0.0 HB3 97 
   1178 51.578 0.0 CA 107 
   501 0.479 0.0 HG21 47 
   816 172.804 0.0 C 75 
   258 4.116 0.0 HA 25 
   159 1.735 0.0 HG3 17 
   16 175.445 0.0 C 2 
   798 0.739 0.0 HD11 74 
   920 4.584 0.0 HA 84 
   347 4.006 0.0 HA 35 
   1402 35.961 0.0 CG 125 
   244 54.444 0.0 CA 23 
   576 27.257 0.0 CG 53 
   1246 5.608 0.0 HA 113 
   58 8.552 0.0 H 7 
   353 60.124 0.0 CA 35 
   411 54.857 0.0 CA 40 
   600 26.888 0.0 CG 55 
   299 1.341 0.0 HB1 30 
   795 4.432 0.0 HA 74 
   617 4.653 0.0 HA 57 
   519 0.798 0.0 HG23 48 
   184 3.623 0.0 HA 19 
   1133 1.744 0.0 HB2 103 
   315 1.147 0.0 HD23 31 
   596 173.52 0.0 C 55 
   1078 3.228 0.0 HD2 97 
   813 2.258 0.0 HB3 75 
   504 178.5 0.0 C 47 
   734 1.901 0.0 HG2 68 
   262 52.785 0.0 CA 25 
   979 0.545 0.0 HG12 90 
   1196 1.743 0.0 HB3 109 
   476 2.593 0.0 HB3 45 
   1070 131.6 0.0 CD2 96 
   1094 1.576 0.0 HG2 98 
   559 3.741 0.0 HA 52 
   10 8.376 0.0 H 2 
   185 1.445 0.0 HB2 19 
   496 0.204 0.0 HD11 47 
   1031 14.095 0.0 CD1 93 
   101 4.625 0.0 HA 11 
   699 8.562 0.0 H 65 
   916 33.087 0.0 CB 83 
   551 1.179 0.0 HG22 51 
   1256 43.47 0.0 CD 113 
   1110 3.905 0.0 HA3 100 
   628 0.92 0.0 HD11 58 
   885 130.507 0.0 N 79 
   1302 7.628 0.0 H 118 
   1306 3.037 0.0 HD2 118 
   843 3.09 0.0 HD2 77 
   1095 1.576 0.0 HG3 98 
   688 7.698 0.0 H 64 
   1386 113.946 0.0 N 123 
   481 7.764 0.0 H 46 
   589 4.668 0.0 HA 55 
   1344 176.52 0.0 C 120 
   977 2.119 0.0 HB 90 
   794 9.086 0.0 H 74 
   633 0.806 0.0 HD23 58 
   1412 127.644 0.0 N 126 
   505 61.81 0.0 CA 47 
   842 1.648 0.0 HB3 77 
   1304 1.421 0.0 HB2 118 
   1338 2.695 0.0 HB2 120 
   860 0.813 0.0 HG22 78 
   771 4.985 0.0 HA 72 
   1200 1.376 0.0 HG3 109 
   1341 6.888 0.0 HD2 120 
   1088 9.754 0.0 H 98 
   719 55.495 0.0 CA 66 
   539 0.509 0.0 HG21 50 
   235 7.348 0.0 H 23 
   127 2.715 0.0 HB3 13 
   382 8.298 0.0 H 38 
   755 2.53 0.0 HG2 70 
   775 52.5 0.0 CA 72 
   169 0.885 0.0 HD11 18 
   265 4.443 0.0 HA 26 
   141 4.006 0.0 HA 15 
   482 3.695 0.0 HA 46 
   1104 3.906 0.0 HA3 99 
   1365 130.84 0.0 CE1 121 
   442 175.119 0.0 C 42 
   901 4.747 0.0 HA 82 
   1369 4.517 0.0 HA 122 
   697 119.384 0.0 N 64 
   1220 7.652 0.0 HE22 111 
   233 22.556 0.0 CG2 22 
   229 1.138 0.0 HG23 22 
   239 3.047 0.0 HD2 23 
   988 22.42 0.0 CG2 90 
   354 30.325 0.0 CB 35 
   850 43.64 0.0 CD 77 
   824 -0.729 0.0 HB3 76 
   494 3.075 0.0 HA 47 
   714 4.151 0.0 HA 66 
   132 7.486 0.0 H 14 
   350 2.92 0.0 HD2 35 
   113 118.8 0.0 CE1 11 
   224 8.268 0.0 H 22 
   144 176.5 0.0 C 15 
   675 1.923 0.0 HB 63 
   1174 2.829 0.0 HB2 107 
   297 7.812 0.0 H 30 
   250 4.576 0.0 HA 24 
   531 2.295 0.0 HG3 49 
   858 0.751 0.0 HG13 78 
   188 0.589 0.0 HD12 19 
   673 7.917 0.0 H 63 
   123 116.209 0.0 N 12 
   1389 4.955 0.0 HA3 124 
   1350 117.2 0.0 CE2 120 
   480 117.34 0.0 N 45 
   903 3.83 0.0 HB3 82 
   198 22.18 0.0 CD2 19 
   857 0.751 0.0 HG12 78 
   112 133.6 0.0 CD2 11 
   1419 0.266 0.0 HG21 127 
   1416 0.549 0.0 HG11 127 
   902 3.83 0.0 HB2 82 
   562 51.935 0.0 CA 52 
   1316 8.981 0.0 H 119 
   679 0.909 0.0 HG21 63 
   1037 1.937 0.0 HB1 94 
   312 1.035 0.0 HD13 31 
   421 0.717 0.0 HD21 41 
   1028 175.6 0.0 C 93 
   1366 130.84 0.0 CE2 121 
   878 1.524 0.0 HG 79 
   71 111.582 0.0 N 8 
   1047 1.75 0.0 HB3 95 
   307 3.978 0.0 HA 31 
   1086 27.428 0.0 CG 97 
   748 30.017 0.0 CB 69 
   63 59.829 0.0 CA 7 
   882 25.182 0.0 CD1 79 
   356 125.552 0.0 N 35 
   143 2.495 0.0 HB3 15 
   199 28.47 0.0 CG 19 
   1325 6.69 0.0 HZ3 119 
   669 179.5 0.0 C 62 
   1420 0.266 0.0 HG22 127 
   546 103.746 0.0 N 50 
   1010 56.13 0.0 CA 92 
   1288 3.215 0.0 HD3 116 
   452 2.821 0.0 HB3 43 
   549 4.218 0.0 HB 51 
   972 72.876 0.0 CB 89 
   1264 0.784 0.0 HD3 114 
   7 57.135 0.0 CA 1 
   305 120.59 0.0 N 30 
   195 57.701 0.0 CA 19 
   906 66.204 0.0 CB 82 
   381 121.482 0.0 N 37 
   1020 0.535 0.0 HD11 93 
   1300 45.22 0.0 CA 117 
   204 1.402 0.0 HB2 20 
   787 60.0 0.0 CA 73 
   935 4.11 0.0 HA2 85 
   408 1.098 0.0 HB2 40 
   402 117.405 0.0 CE1 39 
   193 1.197 0.0 HG 19 
   1003 3.186 0.0 HB2 92 
   994 2.323 0.0 HG2 91 
   358 3.84 0.0 HA 36 
   1320 6.8 0.0 HD1 119 
   1396 2.028 0.0 HB3 125 
   1400 54.435 0.0 CA 125 
   1045 5.608 0.0 HA 95 
   953 54.544 0.0 CA 87 
   9 36.326 0.0 CG 1 
   1384 32.175 0.0 CB 123 
   332 1.176 0.0 HG3 33 
   449 8.832 0.0 H 43 
   1143 4.495 0.0 HA 104 
   949 3.345 0.0 HD3 87 
   524 21.395 0.0 CG2 48 
   13 2.932 0.0 HB3 2 
   1044 9.352 0.0 H 95 
   736 178.3 0.0 C 68 
   85 29.151 0.0 CD 9 
   1368 8.557 0.0 H 122 
   1064 7.28 0.0 HE1 96 
   1159 3.656 0.0 HB3 105 
   1279 1.303 0.0 HB2 115 
   1162 65.457 0.0 CB 105 
   369 132.01 0.0 CD2 36 
   28 124.395 0.0 N 3 
   1032 28.25 0.0 CG1 93 
   460 3.082 0.0 HB3 44 
   607 3.195 0.0 HD3 56 
   677 0.998 0.0 HG12 63 
   838 126.577 0.0 N 76 
   1107 117.554 0.0 N 99 
   451 2.209 0.0 HB2 43 
   1075 4.526 0.0 HA 97 
   310 1.035 0.0 HD11 31 
   150 2.895 0.0 HA3 16 
   1242 130.35 0.0 CE1 112 
   138 29.87 0.0 CB 14 
   1254 54.651 0.0 CA 113 
   182 116.726 0.0 N 18 
   1151 54.05 0.0 CA 104 
   489 178.007 0.0 C 46 
   1000 129.755 0.0 N 91 
   1359 7.175 0.0 HE2 121 
   142 2.595 0.0 HB2 15 
   1294 43.34 0.0 CD 116 
   54 4.38 0.0 HA3 6 
   1211 172.435 0.0 C 110 
   219 56.614 0.0 CA 21 
   1309 1.253 0.0 HG3 118 
   1283 130.852 0.0 N 115 
   1315 121.34 0.0 N 118 
   236 4.518 0.0 HA 23 
   1155 112.996 0.0 NE2 104 
   1084 34.642 0.0 CB 97 
   1036 5.859 0.0 HA 94 
   1360 174.025 0.0 C 121 
   386 1.672 0.0 HB3 38 
   746 179.081 0.0 C 69 
   641 118.45 0.0 N 58 
   1267 -0.462 0.0 HG2 114 
   290 1.995 0.0 HG2 29 
   1244 119.879 0.0 N 112 
   783 7.023 0.0 HD2 73 
   1253 173.52 0.0 C 113 
   1011 43.37 0.0 CB 92 
   582 2.144 0.0 HG3 54 
   999 36.712 0.0 CG 91 
   834 41.951 0.0 CB 76 
   1331 124.3 0.0 CH2 119 
   168 1.8 0.0 HB3 18 
   374 3.578 0.0 HA 37 
   547 7.748 0.0 H 51 
   961 172.34 0.0 C 88 
   1292 56.584 0.0 CA 116 
   779 4.308 0.0 HA 73 
   658 4.325 0.0 HA 61 
   701 0.906 0.0 HB2 65 
   574 32.371 0.0 CB 53 
   406 3.956 0.0 HA 40 
   534 36.304 0.0 CG 49 
   543 61.38 0.0 CA 50 
   814 1.996 0.0 HG2 75 
   149 2.895 0.0 HA2 16 
   1303 4.552 0.0 HA 118 
   848 54.625 0.0 CA 77 
   770 8.706 0.0 H 72 
   1405 4.473 0.0 HA 126 
   153 4.172 0.0 HA 17 
   213 2.277 0.0 HB3 21 
   1202 55.671 0.0 CA 109 
   1239 44.342 0.0 CB 112 
   1083 54.951 0.0 CA 97 
   980 0.545 0.0 HG13 90 
   1164 9.575 0.0 H 106 
   1146 6.978 0.0 HE21 104 
   706 1.16 0.0 HG3 65 
   1134 1.823 0.0 HB3 103 
   243 174.2 0.0 C 23 
   1186 2.103 0.0 HG2 108 
   178 39.261 0.0 CB 18 
   1113 109.645 0.0 N 100 
   1209 4.164 0.0 HB2 110 
   22 4.002 0.0 HA 3 
   148 8.026 0.0 H 16 
   1367 122.001 0.0 N 121 
   1286 1.977 0.0 HB3 116 
   1248 1.708 0.0 HB3 113 
   1217 1.766 0.0 HB2 111 
   1192 128.36 0.0 N 108 
   1171 126.101 0.0 N 106 
   335 29.362 0.0 CB 33 
   491 38.35 0.0 CB 46 
   1048 3.15 0.0 HD2 95 
   97 69.47 0.0 CB 10 
   876 0.689 0.0 HD22 79 
   1005 7.035 0.0 HD1 92 
   207 52.729 0.0 CA 20 
   1215 9.274 0.0 H 111 
   704 2.83 0.0 HD3 65 
   1230 5.485 0.0 HA 112 
   1301 103.666 0.0 N 117 
   1434 129.886 0.0 N 128 
   89 8.784 0.0 H 10 
   274 2.61 0.0 HA 28 
   1404 8.632 0.0 H 126 
   383 3.731 0.0 HA 38 
   672 119.139 0.0 N 62 
   1324 7.531 0.0 HZ2 119 
   512 3.049 0.0 HA 48 
   269 176.4 0.0 C 26 
   1014 131.4 0.0 CE1 92 
   615 121.407 0.0 N 56 
   735 1.68 0.0 HG3 68 
   469 131.0 0.0 CD2 44 
   1126 176.9 0.0 C 102 
   171 0.885 0.0 HD13 18 
   247 26.234 0.0 CG 23 
   216 1.747 0.0 HG2 21 
   349 1.91 0.0 HB3 35 
   286 8.098 0.0 H 29 
   583 177.408 0.0 C 54 
   1103 3.975 0.0 HA2 99 
   1390 172.204 0.0 C 124 
   800 0.739 0.0 HD13 74 
   351 2.92 0.0 HD3 35 
   1413 7.916 0.0 H 127 
   196 40.21 0.0 CB 19 
   1225 30.155 0.0 CB 111 
   1296 8.576 0.0 H 117 
   1101 128.385 0.0 N 98 
   537 4.576 0.0 HA 50 
   435 2.401 0.0 HB3 42 
   659 3.312 0.0 HB2 61 
   67 3.52 0.0 HA2 8 
   1060 2.068 0.0 HB2 96 
   217 1.747 0.0 HG3 21 
   884 28.23 0.0 CG 79 
   433 4.352 0.0 HA 42 
   1395 1.946 0.0 HB2 125 
   768 64.73 0.0 CB 71 
   711 27.67 0.0 CG 65 
   202 4.243 0.0 HA 20 
   604 1.897 0.0 HB2 56 
   441 1.111 0.0 HG3 42 
   594 1.378 0.0 HG2 55 
   1352 9.316 0.0 H 121 
   1201 176.252 0.0 C 109 
   638 25.392 0.0 CD1 58 
   1339 2.875 0.0 HB3 120 
   825 0.564 0.0 HD11 76 
   769 115.477 0.0 N 71 
   1112 45.456 0.0 CA 100 
   1208 5.308 0.0 HA 110 
   877 0.689 0.0 HD23 79 
   134 2.552 0.0 HB2 14 
   955 43.15 0.0 CD 87 
   827 0.564 0.0 HD13 76 
   1314 26.928 0.0 CG 118 
   1206 122.752 0.0 N 109 
   804 176.95 0.0 C 74 
   320 23.15 0.0 CD1 31 
   1166 3.271 0.0 HB2 106 
   710 43.29 0.0 CD 65 
   1067 55.736 0.0 CA 96 
   40 32.072 0.0 CB 4 
   568 2.804 0.0 HD2 53 
   569 2.514 0.0 HD3 53 
   225 4.195 0.0 HA 22 
   1012 132.1 0.0 CD1 92 
   103 3.085 0.0 HB3 11 
   1349 117.2 0.0 CE1 120 
   1066 171.75 0.0 C 96 
   129 53.219 0.0 CA 13 
   674 3.769 0.0 HA 63 
   810 7.719 0.0 H 75 
   400 62.201 0.0 CA 39 
   781 3.11 0.0 HB3 73 
   1391 45.365 0.0 CA 124 
   957 119.907 0.0 N 87 
   1319 2.643 0.0 HB3 119 
   1333 121.55 0.0 CZ3 119 
   1 4.155 0.0 HA 1 
   177 57.052 0.0 CA 18 
   457 8.229 0.0 H 44 
   1167 3.578 0.0 HB3 106 
   732 2.781 0.0 HB2 68 
   492 119.529 0.0 N 46 
   1237 175.205 0.0 C 112 
   328 1.468 0.0 HB3 33 
   477 178.0 0.0 C 45 
   808 22.606 0.0 CD2 74 
   853 8.94 0.0 H 78 
   373 8.907 0.0 H 37 
   530 2.295 0.0 HG2 49 
   950 1.847 0.0 HG2 87 
   502 0.479 0.0 HG22 47 
   1362 40.107 0.0 CB 121 
   230 174.64 0.0 C 22 
   439 3.169 0.0 HE3 42 
   194 179.45 0.0 C 19 
   1141 120.322 0.0 N 103 
   627 1.619 0.0 HB3 58 
   222 28.094 0.0 CG 21 
   251 3.745 0.0 HB2 24 
   655 129.0 0.0 CE1 59 
   1205 28.708 0.0 CG 109 
   866 21.285 0.0 CG2 78 
   1092 3.211 0.0 HD2 98 
   1236 7.192 0.0 HE2 112 
   566 1.839 0.0 HB2 53 
   1033 17.492 0.0 CG2 93 
   276 0.895 0.0 HB3 28 
   364 6.75 0.0 HE2 36 
   192 0.146 0.0 HD23 19 
   974 115.849 0.0 N 89 
   412 17.695 0.0 CB 40 
   1184 1.268 0.0 HB2 108 
   1313 43.27 0.0 CD 118 
   513 2.008 0.0 HB 48 
   1072 130.76 0.0 CE2 96 
   602 7.466 0.0 H 56 
   538 4.595 0.0 HB 50 
   53 3.93 0.0 HA2 6 
   535 118.382 0.0 N 49 
   1105 175.4 0.0 C 99 
   1138 57.735 0.0 CA 103 
   348 1.396 0.0 HB2 35 
   73 4.514 0.0 HA 9 
   1053 54.651 0.0 CA 95 
   625 4.331 0.0 HA 58 
   629 0.92 0.0 HD12 58 
   891 106.586 0.0 N 80 
   1278 1.303 0.0 HB1 115 
   752 4.368 0.0 HA 70 
   560 2.623 0.0 HB2 52 
   997 53.955 0.0 CA 91 
   1351 115.506 0.0 N 120 
   11 4.752 0.0 HA 2 
   1172 8.819 0.0 H 107 
   1063 6.815 0.0 HD2 96 
   1051 1.57 0.0 HG3 95 
   579 1.751 0.0 HB2 54 
   965 5.861 0.0 HA 89 
   823 1.401 0.0 HB2 76 
   1269 175.904 0.0 C 114 
   343 60.984 0.0 CA 34 
   934 127.105 0.0 N 84 
   130 42.509 0.0 CB 13 
   70 45.052 0.0 CA 8 
   614 28.048 0.0 CG 56 
   930 33.692 0.0 CB 84 
   1262 -0.968 0.0 HB3 114 
   613 43.64 0.0 CD 56 
   933 24.71 0.0 CG 84 
   899 113.782 0.0 N 81 
   765 3.17 0.0 HB3 71 
   676 0.998 0.0 HG11 63 
   41 21.175 0.0 CG1 4 
   1337 4.943 0.0 HA 120 
   1165 4.998 0.0 HA 106 
   1181 129.694 0.0 N 107 
   1293 27.96 0.0 CB 116 
   4 2.222 0.0 HG2 1 
   140 8.183 0.0 H 15 
   1418 0.549 0.0 HG13 127 
   1238 56.51 0.0 CA 112 
   1275 129.57 0.0 N 114 
   284 50.19 0.0 CD 28 
   996 175.381 0.0 C 91 
   453 174.95 0.0 C 43 
   443 56.288 0.0 CA 42 
   516 0.502 0.0 HG13 48 
   905 57.524 0.0 CA 82 
   39 63.31 0.0 CA 4 
   809 123.697 0.0 N 74 
   702 1.467 0.0 HB3 65 
   46 3.103 0.0 HB2 5 
   157 3.281 0.0 HD3 17 
   372 120.099 0.0 N 36 
   570 1.635 0.0 HG2 53 
   826 0.564 0.0 HD12 76 
   990 9.047 0.0 H 91 
   173 0.718 0.0 HD22 18 
   106 6.55 0.0 HE1 11 
   136 175.105 0.0 C 14 
   360 3.32 0.0 HB3 36 
   521 67.625 0.0 CA 48 
   1122 3.604 0.0 HD2 102 
   893 5.342 0.0 HA 81 
   23 2.6 0.0 HB2 3 
   1401 33.107 0.0 CB 125 
   330 2.824 0.0 HD3 33 
   764 2.725 0.0 HB2 71 
   1017 9.184 0.0 H 93 
   921 1.823 0.0 HB2 84 
   1285 1.856 0.0 HB2 116 
   835 25.728 0.0 CD1 76 
   799 0.739 0.0 HD12 74 
   187 0.589 0.0 HD11 19 
   757 176.9 0.0 C 70 
   55 176.304 0.0 C 6 
   1228 111.8 0.0 NE2 111 
   1357 6.727 0.0 HD2 121 
   1152 33.32 0.0 CB 104 
   1079 3.228 0.0 HD3 97 
   1062 6.815 0.0 HD1 96 
   27 28.658 0.0 CB 3 
   1282 21.244 0.0 CB 115 
   725 3.645 0.0 HB3 67 
   696 39.218 0.0 CB 64 
   978 0.545 0.0 HG11 90 
   609 1.788 0.0 HG3 56 
   6 176.41 0.0 C 1 
   637 41.906 0.0 CB 58 
   518 0.798 0.0 HG22 48 
   180 24.068 0.0 CD2 18 
   544 69.63 0.0 CB 50 
   606 3.195 0.0 HD2 56 
   892 8.338 0.0 H 81 
   164 28.471 0.0 CG 17 
   1145 1.686 0.0 HB3 104 
   880 56.012 0.0 CA 79 
   84 35.172 0.0 CB 9 
   1397 2.216 0.0 HG2 125 
   232 69.026 0.0 CB 22 
   630 0.92 0.0 HD13 58 
   1322 7.275 0.0 HE3 119 
   640 26.923 0.0 CG 58 
   670 57.769 0.0 CA 62 
   1007 7.082 0.0 HE1 92 
   158 1.735 0.0 HG2 17 
   479 39.895 0.0 CB 45 
   925 3.003 0.0 HE2 84 
   1219 6.732 0.0 HE21 111 
   327 0.908 0.0 HB2 33 
   873 0.654 0.0 HD12 79 
   313 1.147 0.0 HD21 31 
   170 0.885 0.0 HD12 18 
   883 22.906 0.0 CD2 79 
   563 43.019 0.0 CB 52 
   462 7.23 0.0 HD2 44 
   773 2.475 0.0 HB3 72 
   91 4.483 0.0 HB 10 
   778 8.75 0.0 H 73 
   983 1.127 0.0 HG23 90 
   1195 1.509 0.0 HB2 109 
   687 121.325 0.0 N 63 
   1270 53.831 0.0 CA 114 
   485 6.77 0.0 HD1 46 
   1375 125.692 0.0 N 122 
   941 172.805 0.0 C 86 
   1343 6.86 0.0 HE2 120 
   1394 4.687 0.0 HA 125 
   553 173.901 0.0 C 51 
   296 116.67 0.0 N 29 
   1407 1.334 0.0 HB2 126 
   417 1.555 0.0 HB3 41 
   124 7.445 0.0 H 13 
   418 0.761 0.0 HD11 41 
   985 62.035 0.0 CA 90 
   268 1.485 0.0 HB3 26 
   2 1.908 0.0 HB2 1 
   963 107.686 0.0 N 88 
   727 60.29 0.0 CA 67 
   1006 7.035 0.0 HD2 92 
   761 114.677 0.0 N 70 
   789 130.4 0.0 CD1 73 
   616 8.78 0.0 H 57 
   1356 6.727 0.0 HD1 121 
   211 3.989 0.0 HA 21 
   754 2.218 0.0 HB3 70 
   378 178.2 0.0 C 37 
   1277 4.579 0.0 HA 115 
   811 4.385 0.0 HA 75 
   608 1.705 0.0 HG2 56 
   1424 32.581 0.0 CB 127 
   1281 51.415 0.0 CA 115 
   64 62.352 0.0 CB 7 
   1068 41.738 0.0 CB 96 
   603 3.95 0.0 HA 56 
   66 9.283 0.0 H 8 
   561 2.488 0.0 HB3 52 
   744 2.258 0.0 HG2 69 
   626 1.705 0.0 HB2 58 
   220 27.115 0.0 CB 21 
   663 59.65 0.0 CA 61 
   653 131.3 0.0 CD1 59 
   709 29.462 0.0 CB 65 
   684 32.281 0.0 CB 63 
   341 4.198 0.0 HB3 34 
   1074 8.665 0.0 H 97 
   1255 35.782 0.0 CB 113 
   17 53.005 0.0 CA 2 
   612 30.658 0.0 CB 56 
   287 3.38 0.0 HA 29 
   57 107.14 0.0 N 6 
   1388 4.231 0.0 HA2 124 
   1393 8.229 0.0 H 125 
   886 7.635 0.0 H 80 
   362 6.665 0.0 HD2 36 
   503 0.479 0.0 HG23 47 
   895 3.878 0.0 HB3 81 
   5 2.222 0.0 HG3 1 
   26 63.959 0.0 CA 3 
   1050 1.66 0.0 HG2 95 
   464 7.192 0.0 HE2 44 
   304 18.495 0.0 CB 30 
   470 130.2 0.0 CE1 44 
   1169 55.849 0.0 CA 106 
   1111 175.32 0.0 C 100 
   210 7.678 0.0 H 21 
   747 59.545 0.0 CA 69 
   102 2.98 0.0 HB2 11 
   1381 1.878 0.0 HG3 123 
   365 176.705 0.0 C 36 
   253 174.356 0.0 C 24 
   1191 36.823 0.0 CG 108 
   1139 30.075 0.0 CB 103 
   1318 2.77 0.0 HB2 119 
   541 0.509 0.0 HG23 50 
   419 0.761 0.0 HD12 41 
   1340 6.888 0.0 HD1 120 
   698 113.408 0.0 ND2 64 
   488 6.55 0.0 HE2 46 
   520 179.004 0.0 C 48 
   1268 0.415 0.0 HG3 114 
   152 110.257 0.0 N 16 
   507 10.335 0.0 CD1 47 
   1199 1.376 0.0 HG2 109 
   981 1.127 0.0 HG21 90 
   1379 2.039 0.0 HB3 123 
   160 177.301 0.0 C 17 
   392 3.693 0.0 HA 39 
   642 7.394 0.0 H 59 
   1024 1.216 0.0 HG13 93 
   792 130.3 0.0 CE2 73 
   385 1.672 0.0 HB2 38 
   1203 31.948 0.0 CB 109 
   275 1.096 0.0 HB2 28 
   929 55.741 0.0 CA 84 
   713 7.586 0.0 H 66 
   1096 177.352 0.0 C 98 
   552 1.179 0.0 HG23 51 
   1432 55.945 0.0 CA 128 
   375 1.502 0.0 HB1 37 
   266 1.485 0.0 HB1 26 
   175 1.697 0.0 HG 18 
   801 0.741 0.0 HD21 74 
   660 3.215 0.0 HB3 61 
   475 2.716 0.0 HB2 45 
   527 3.957 0.0 HA 49 
   1130 27.111 0.0 CG 102 
   793 124.281 0.0 N 73 
   1127 62.11 0.0 CA 102 
   548 4.625 0.0 HA 51 
   1056 27.88 0.0 CG 95 
   1249 3.346 0.0 HD2 113 
   605 1.95 0.0 HB3 56 
   703 2.83 0.0 HD2 65 
   237 1.524 0.0 HB2 23 
   345 111.582 0.0 N 34 
   647 7.195 0.0 HD2 59 
   718 179.2 0.0 C 66 
   671 40.155 0.0 CB 62 
   308 1.591 0.0 HB2 31 
   1348 133.1 0.0 CD2 120 
   1093 3.211 0.0 HD3 98 
   971 61.14 0.0 CA 89 
   1223 174.94 0.0 C 111 
   500 0.837 0.0 HG13 47 
   863 63.69 0.0 CA 78 
   656 129.0 0.0 CE2 59 
   1433 42.247 0.0 CB 128 
   447 25.37 0.0 CG 42 
   636 54.812 0.0 CA 58 
   894 3.838 0.0 HB2 81 
   1408 1.334 0.0 HB3 126 
   1241 131.451 0.0 CD2 112 
   1026 0.78 0.0 HG22 93 
   931 29.25 0.0 CD 84 
   1251 1.61 0.0 HG2 113 
   805 55.851 0.0 CA 74 
   1345 57.29 0.0 CA 120 
   1055 43.47 0.0 CD 95 
   759 31.29 0.0 CB 70 
   31 2.078 0.0 HB 4 
   1117 44.635 0.0 CA 101 
   20 110.708 0.0 ND2 2 
   56 46.424 0.0 CA 6 
   514 0.502 0.0 HG11 48 
   881 42.361 0.0 CB 79 
   833 53.317 0.0 CA 76 
   526 8.501 0.0 H 49 
   889 171.34 0.0 C 80 
   434 2.401 0.0 HB2 42 
   1175 3.482 0.0 HB3 107 
   227 1.138 0.0 HG21 22 
   573 65.11 0.0 CA 53 
   1183 4.864 0.0 HA 108 
   498 0.204 0.0 HD13 47 
   665 8.376 0.0 H 62 
   1089 4.874 0.0 HA 98 
   98 22.425 0.0 CG2 10 
   302 177.4 0.0 C 30 
   467 39.01 0.0 CB 44 
   993 1.996 0.0 HB3 91 
   397 6.565 0.0 HE1 39 
   632 0.806 0.0 HD22 58 
   578 4.158 0.0 HA 54 
   831 1.027 0.0 HG 76 
   1378 1.863 0.0 HB2 123 
   115 124.022 0.0 N 11 
   1025 0.78 0.0 HG21 93 
   691 3.168 0.0 HB3 64 
   597 54.441 0.0 CA 55 
   1329 125.3 0.0 CD1 119 
   622 39.937 0.0 CB 57 
   911 1.923 0.0 HB3 83 
   1080 1.566 0.0 HG2 97 
   784 6.582 0.0 HE1 73 
   914 174.601 0.0 C 83 
   183 8.075 0.0 H 19 
   329 2.895 0.0 HD2 33 
   1021 0.535 0.0 HD12 93 
   1422 174.707 0.0 C 127 
   257 8.255 0.0 H 25 
   577 8.334 0.0 H 54 
   1091 1.925 0.0 HB3 98 
   493 6.884 0.0 H 47 
   1235 7.192 0.0 HE1 112 
   1177 173.205 0.0 C 107 
   1364 130.74 0.0 CD2 121 
   147 124.741 0.0 N 15 
   1153 34.296 0.0 CG 104 
   1124 1.991 0.0 HG2 102 
   753 2.006 0.0 HB2 70 
   146 30.602 0.0 CB 15 
   1250 2.982 0.0 HD3 113 
   1245 9.522 0.0 H 113 
   205 1.402 0.0 HB3 20 
   1038 1.937 0.0 HB2 94 
   554 64.045 0.0 CA 51 
   919 9.104 0.0 H 84 
   1387 8.786 0.0 H 124 
   289 1.619 0.0 HB3 29 
   415 4.275 0.0 HA 41 
   976 4.777 0.0 HA 90 
   401 35.75 0.0 CB 39 
   319 39.75 0.0 CB 31 
   79 2.903 0.0 HE3 9 
   584 57.145 0.0 CA 54 
   80 1.399 0.0 HG2 9 
   742 2.066 0.0 HB2 69 
   371 117.801 0.0 CE2 36 
   644 3.02 0.0 HB2 59 
   1261 0.78 0.0 HB2 114 
   486 6.77 0.0 HD2 46 
   1128 32.451 0.0 CB 102 
   1076 1.689 0.0 HB2 97 
   1144 0.798 0.0 HB2 104 
   522 32.041 0.0 CB 48 
   1150 174.031 0.0 C 104 
   404 119.108 0.0 N 39 
   83 54.561 0.0 CA 9 
   681 0.909 0.0 HG23 63 
   99 112.657 0.0 N 10 
   786 175.7 0.0 C 73 
   111 133.6 0.0 CD1 11 
   50 30.7 0.0 CB 5 
   86 41.986 0.0 CE 9 
   270 52.95 0.0 CA 26 
   34 0.979 0.0 HG13 4 
   762 7.151 0.0 H 71 
   497 0.204 0.0 HD12 47 
   49 60.214 0.0 CA 5 
   890 45.632 0.0 CA 80 
   1227 121.905 0.0 N 111 
   25 178.12 0.0 C 3 
   316 1.485 0.0 HG 31 
   645 2.925 0.0 HB3 59 
   65 118.937 0.0 N 7 
   667 2.758 0.0 HB2 62 
   212 2.193 0.0 HB2 21 
   151 48.106 0.0 CA 16 
   1176 6.803 0.0 HD2 107 
   923 1.726 0.0 HD2 84 
   1370 3.554 0.0 HB2 122 
   944 8.091 0.0 H 87 
   398 6.565 0.0 HE2 39 
