   1405 4.473 0.0 HA 126 
   1105 175.4 0.0 C 99 
   600 26.888 0.0 CG 55 
   690 2.951 0.0 HB2 64 
   45 4.584 0.0 HA 5 
   790 130.4 0.0 CD2 73 
   55 176.304 0.0 C 6 
   705 1.16 0.0 HG2 65 
   748 30.017 0.0 CB 69 
   1114 7.925 0.0 H 101 
   579 1.751 0.0 HB2 54 
   609 1.788 0.0 HG3 56 
   669 179.5 0.0 C 62 
   329 2.895 0.0 HD2 33 
   1216 5.243 0.0 HA 111 
   76 1.637 0.0 HD2 9 
   484 2.899 0.0 HB3 46 
   939 4.197 0.0 HB2 86 
   320 23.15 0.0 CD1 31 
   32 0.979 0.0 HG11 4 
   916 33.087 0.0 CB 83 
   966 3.95 0.0 HB 89 
   1106 47.294 0.0 CA 99 
   1163 113.911 0.0 N 105 
   310 1.035 0.0 HD11 31 
   801 0.741 0.0 HD21 74 
   1329 125.3 0.0 CD1 119 
   1288 3.215 0.0 HD3 116 
   27 28.658 0.0 CB 3 
   87 25.43 0.0 CG 9 
   993 1.996 0.0 HB3 91 
   608 1.705 0.0 HG2 56 
   1377 4.264 0.0 HA 123 
   593 3.145 0.0 HD3 55 
   213 2.277 0.0 HB3 21 
   943 63.215 0.0 CB 86 
   1303 4.552 0.0 HA 118 
   364 6.75 0.0 HE2 36 
   1417 0.549 0.0 HG12 127 
   697 119.384 0.0 N 64 
   3 2.003 0.0 HB3 1 
   1129 49.61 0.0 CD 102 
   899 113.782 0.0 N 81 
   792 130.3 0.0 CE2 73 
   391 7.838 0.0 H 39 
   244 54.444 0.0 CA 23 
   700 3.481 0.0 HA 65 
   599 42.47 0.0 CD 55 
   216 1.747 0.0 HG2 21 
   1244 119.879 0.0 N 112 
   1023 0.459 0.0 HG12 93 
   1134 1.823 0.0 HB3 103 
   950 1.847 0.0 HG2 87 
   929 55.741 0.0 CA 84 
   1207 9.762 0.0 H 110 
   963 107.686 0.0 N 88 
   785 6.582 0.0 HE2 73 
   1077 1.572 0.0 HB3 97 
   822 4.769 0.0 HA 76 
   248 118.381 0.0 N 23 
   1419 0.266 0.0 HG21 127 
   556 20.937 0.0 CG2 51 
   343 60.984 0.0 CA 34 
   37 0.979 0.0 HG23 4 
   761 114.677 0.0 N 70 
   200 122.646 0.0 N 19 
   853 8.94 0.0 H 78 
   1337 4.943 0.0 HA 120 
   107 6.55 0.0 HE2 11 
   1363 130.74 0.0 CD1 121 
   937 47.314 0.0 CA 85 
   848 54.625 0.0 CA 77 
   770 8.706 0.0 H 72 
   1268 0.415 0.0 HG3 114 
   474 4.235 0.0 HA 45 
   1021 0.535 0.0 HD12 93 
   874 0.654 0.0 HD13 79 
   851 27.258 0.0 CG 77 
   156 3.281 0.0 HD2 17 
   194 179.45 0.0 C 19 
   1102 9.005 0.0 H 99 
   532 58.85 0.0 CA 49 
   504 178.5 0.0 C 47 
   394 2.1 0.0 HB3 39 
   359 2.601 0.0 HB2 36 
   1364 130.74 0.0 CD2 121 
   1412 127.644 0.0 N 126 
   987 22.264 0.0 CG1 90 
   610 177.209 0.0 C 56 
   425 176.25 0.0 C 41 
   238 1.707 0.0 HB3 23 
   152 110.257 0.0 N 16 
   465 177.805 0.0 C 44 
   441 1.111 0.0 HG3 42 
   653 131.3 0.0 CD1 59 
   887 4.158 0.0 HA2 80 
   576 27.257 0.0 CG 53 
   1036 5.859 0.0 HA 94 
   946 2.018 0.0 HB2 87 
   1299 173.43 0.0 C 117 
   924 1.726 0.0 HD3 84 
   971 61.14 0.0 CA 89 
   374 3.578 0.0 HA 37 
   289 1.619 0.0 HB3 29 
   260 1.324 0.0 HB2 25 
   979 0.545 0.0 HG12 90 
   184 3.623 0.0 HA 19 
   1072 130.76 0.0 CE2 96 
   553 173.901 0.0 C 51 
   529 1.945 0.0 HB3 49 
   871 1.609 0.0 HB3 79 
   1182 8.243 0.0 H 108 
   1189 54.005 0.0 CA 108 
   433 4.352 0.0 HA 42 
   1224 53.985 0.0 CA 111 
   519 0.798 0.0 HG23 48 
   399 178.1 0.0 C 39 
   953 54.544 0.0 CA 87 
   167 1.8 0.0 HB2 18 
   503 0.479 0.0 HG23 47 
   996 175.381 0.0 C 91 
   639 22.596 0.0 CD2 58 
   688 7.698 0.0 H 64 
   199 28.47 0.0 CG 19 
   659 3.312 0.0 HB2 61 
   299 1.341 0.0 HB1 30 
   949 3.345 0.0 HD3 87 
   1171 126.101 0.0 N 106 
   243 174.2 0.0 C 23 
   629 0.92 0.0 HD12 58 
   211 3.989 0.0 HA 21 
   931 29.25 0.0 CD 84 
   811 4.385 0.0 HA 75 
   826 0.564 0.0 HD12 76 
   1183 4.864 0.0 HA 108 
   1339 2.875 0.0 HB3 120 
   940 4.069 0.0 HB3 86 
   318 56.998 0.0 CA 31 
   478 57.459 0.0 CA 45 
   747 59.545 0.0 CA 69 
   835 25.728 0.0 CD1 76 
   1198 3.139 0.0 HD3 109 
   185 1.445 0.0 HB2 19 
