   985 62.035 0.0 CA 90 
   1366 130.84 0.0 CE2 121 
   1162 65.457 0.0 CB 105 
   1227 121.905 0.0 N 111 
   154 1.368 0.0 HB2 17 
   453 174.95 0.0 C 43 
   1151 54.05 0.0 CA 104 
   133 4.403 0.0 HA 14 
   680 0.909 0.0 HG22 63 
   593 3.145 0.0 HD3 55 
   562 51.935 0.0 CA 52 
   1133 1.744 0.0 HB2 103 
   1063 6.815 0.0 HD2 96 
   1211 172.435 0.0 C 110 
   1287 3.215 0.0 HD2 116 
   701 0.906 0.0 HB2 65 
   255 64.524 0.0 CB 24 
   1375 125.692 0.0 N 122 
   885 130.507 0.0 N 79 
   407 1.098 0.0 HB1 40 
   903 3.83 0.0 HB3 82 
   1064 7.28 0.0 HE1 96 
   1425 21.54 0.0 CG1 127 
   510 119.187 0.0 N 47 
   1042 22.085 0.0 CB 94 
   1221 2.437 0.0 HG2 111 
   1014 131.4 0.0 CE1 92 
   35 0.979 0.0 HG21 4 
   850 43.64 0.0 CD 77 
   103 3.085 0.0 HB3 11 
   1218 2.263 0.0 HB3 111 
   1091 1.925 0.0 HB3 98 
   769 115.477 0.0 N 71 
   1158 3.656 0.0 HB2 105 
   193 1.197 0.0 HG 19 
   194 179.45 0.0 C 19 
   1376 6.575 0.0 H 123 
   1384 32.175 0.0 CB 123 
   838 126.577 0.0 N 76 
   1088 9.754 0.0 H 98 
   1321 10.114 0.0 HE1 119 
   233 22.556 0.0 CG2 22 
   876 0.689 0.0 HD22 79 
   513 2.008 0.0 HB 48 
   27 28.658 0.0 CB 3 
   1386 113.946 0.0 N 123 
   180 24.068 0.0 CD2 18 
   502 0.479 0.0 HG22 47 
   976 4.777 0.0 HA 90 
   127 2.715 0.0 HB3 13 
   1128 32.451 0.0 CB 102 
   868 9.244 0.0 H 79 
   416 1.555 0.0 HB2 41 
   28 124.395 0.0 N 3 
   611 60.144 0.0 CA 56 
   204 1.402 0.0 HB2 20 
   563 43.019 0.0 CB 52 
   870 1.251 0.0 HB2 79 
   871 1.609 0.0 HB3 79 
   449 8.832 0.0 H 43 
   306 7.782 0.0 H 31 
   1242 130.35 0.0 CE1 112 
   1334 121.469 0.0 N 119 
   316 1.485 0.0 HG 31 
   1111 175.32 0.0 C 100 
   931 29.25 0.0 CD 84 
   298 3.898 0.0 HA 30 
   1378 1.863 0.0 HB2 123 
   551 1.179 0.0 HG22 51 
   1000 129.755 0.0 N 91 
   108 178.9 0.0 C 11 
   1191 36.823 0.0 CG 108 
   517 0.798 0.0 HG21 48 
   820 119.876 0.0 N 75 
   340 3.692 0.0 HB2 34 
   1328 31.82 0.0 CB 119 
   726 178.407 0.0 C 67 
   592 3.145 0.0 HD2 55 
   529 1.945 0.0 HB3 49 
   1280 1.303 0.0 HB3 115 
   996 175.381 0.0 C 91 
   1045 5.608 0.0 HA 95 
   499 1.064 0.0 HG12 47 
   907 115.128 0.0 N 82 
   628 0.92 0.0 HD11 58 
   880 56.012 0.0 CA 79 
   785 6.582 0.0 HE2 73 
   734 1.901 0.0 HG2 68 
   689 4.798 0.0 HA 64 
   459 2.887 0.0 HB2 44 
   326 3.481 0.0 HA 33 
   120 175.224 0.0 C 12 
   881 42.361 0.0 CB 79 
   215 3.225 0.0 HD3 21 
   505 61.81 0.0 CA 47 
   757 176.9 0.0 C 70 
   596 173.52 0.0 C 55 
   169 0.885 0.0 HD11 18 
   1314 26.928 0.0 CG 118 
   80 1.399 0.0 HG2 9 
   1202 55.671 0.0 CA 109 
   790 130.4 0.0 CD2 73 
   478 57.459 0.0 CA 45 
   390 119.703 0.0 N 38 
   1033 17.492 0.0 CG2 93 
   1077 1.572 0.0 HB3 97 
   53 3.93 0.0 HA2 6 
   818 33.51 0.0 CB 75 
   1383 55.575 0.0 CA 123 
   227 1.138 0.0 HG21 22 
   776 42.88 0.0 CB 72 
   1003 3.186 0.0 HB2 92 
   895 3.878 0.0 HB3 81 
   254 57.298 0.0 CA 24 
   1276 9.291 0.0 H 115 
   1 4.155 0.0 HA 1 
   1083 54.951 0.0 CA 97 
   946 2.018 0.0 HB2 87 
   276 0.895 0.0 HB3 28 
   1420 0.266 0.0 HG22 127 
   344 63.245 0.0 CB 34 
   352 177.72 0.0 C 35 
   207 52.729 0.0 CA 20 
   1156 8.499 0.0 H 105 
   56 46.424 0.0 CA 6 
   537 4.576 0.0 HA 50 
   452 2.821 0.0 HB3 43 
   114 118.8 0.0 CE2 11 
   1078 3.228 0.0 HD2 97 
   290 1.995 0.0 HG2 29 
   244 54.444 0.0 CA 23 
   402 117.405 0.0 CE1 39 
   272 7.106 0.0 H 27 
   764 2.725 0.0 HB2 71 
   82 176.429 0.0 C 9 
   271 19.685 0.0 CB 26 
   711 27.67 0.0 CG 65 
   597 54.441 0.0 CA 55 
   718 179.2 0.0 C 66 
   156 3.281 0.0 HD2 17 
   912 2.205 0.0 HG2 83 
   550 1.179 0.0 HG21 51 
   1020 0.535 0.0 HD11 93 
   878 1.524 0.0 HG 79 
   832 175.7 0.0 C 76 
   1074 8.665 0.0 H 97 
   892 8.338 0.0 H 81 
   118 2.63 0.0 HB2 12 
   1431 2.483 0.0 HB3 128 
   640 26.923 0.0 CG 58 
   86 41.986 0.0 CE 9 
   836 23.57 0.0 CD2 76 
   904 172.65 0.0 C 82 
   149 2.895 0.0 HA2 16 
   245 33.978 0.0 CB 23 
   787 60.0 0.0 CA 73 
   1081 1.566 0.0 HG3 97 
   418 0.761 0.0 HD11 41 
   354 30.325 0.0 CB 35 
   1274 24.66 0.0 CG 114 
   195 57.701 0.0 CA 19 
   1408 1.334 0.0 HB3 126 
   890 45.632 0.0 CA 80 
   334 60.318 0.0 CA 33 
   307 3.978 0.0 HA 31 
   151 48.106 0.0 CA 16 
   888 4.158 0.0 HA3 80 
   330 2.824 0.0 HD3 33 
   531 2.295 0.0 HG3 49 
   176 181.207 0.0 C 18 
   620 176.8 0.0 C 57 
   1153 34.296 0.0 CG 104 
   129 53.219 0.0 CA 13 
   343 60.984 0.0 CA 34 
   533 30.291 0.0 CB 49 
   1392 109.592 0.0 N 124 
   5 2.222 0.0 HG3 1 
   975 9.02 0.0 H 90 
   383 3.731 0.0 HA 38 
   577 8.334 0.0 H 54 
   183 8.075 0.0 H 19 
   558 9.009 0.0 H 52 
   1041 49.829 0.0 CA 94 
   1154 123.299 0.0 N 104 
   45 4.584 0.0 HA 5 
   317 179.245 0.0 C 31 
   4 2.222 0.0 HG2 1 
   493 6.884 0.0 H 47 
   1109 3.905 0.0 HA2 100 
   1177 173.205 0.0 C 107 
   187 0.589 0.0 HD11 19 
   1065 7.28 0.0 HE2 96 
   853 8.94 0.0 H 78 
   648 7.032 0.0 HE1 59 
   1421 0.266 0.0 HG23 127 
   1323 6.967 0.0 HH2 119 
   1370 3.554 0.0 HB2 122 
   238 1.707 0.0 HB3 23 
   1295 27.648 0.0 CG 116 
   1271 32.422 0.0 CB 114 
   886 7.635 0.0 H 80 
   710 43.29 0.0 CD 65 
   297 7.812 0.0 H 30 
   1096 177.352 0.0 C 98 
   283 31.061 0.0 CB 28 
   1084 34.642 0.0 CB 97 
   469 131.0 0.0 CD2 44 
   842 1.648 0.0 HB3 77 
   911 1.923 0.0 HB3 83 
   1021 0.535 0.0 HD12 93 
   281 176.9 0.0 C 28 
   462 7.23 0.0 HD2 44 
   372 120.099 0.0 N 36 
   807 25.72 0.0 CD1 74 
   257 8.255 0.0 H 25 
   68 4.247 0.0 HA3 8 
   760 36.478 0.0 CG 70 
   1303 4.552 0.0 HA 118 
   670 57.769 0.0 CA 62 
   1161 57.248 0.0 CA 105 
   629 0.92 0.0 HD12 58 
   1347 133.1 0.0 CD1 120 
   219 56.614 0.0 CA 21 
   144 176.5 0.0 C 15 
   756 2.383 0.0 HG3 70 
   1409 177.6 0.0 C 126 
   338 7.582 0.0 H 34 
   439 3.169 0.0 HE3 42 
   578 4.158 0.0 HA 54 
   455 40.453 0.0 CB 43 
   142 2.595 0.0 HB2 15 
   1076 1.689 0.0 HB2 97 
   1134 1.823 0.0 HB3 103 
   379 55.295 0.0 CA 37 
   879 177.507 0.0 C 79 
   131 117.361 0.0 N 13 
   463 7.192 0.0 HE1 44 
   1424 32.581 0.0 CB 127 
   738 32.56 0.0 CB 68 
   376 1.502 0.0 HB2 37 
   208 18.852 0.0 CB 20 
   145 64.155 0.0 CA 15 
   1192 128.36 0.0 N 108 
   1380 1.878 0.0 HG2 123 
   146 30.602 0.0 CB 15 
   1264 0.784 0.0 HD3 114 
   702 1.467 0.0 HB3 65 
   1402 35.961 0.0 CG 125 
   31 2.078 0.0 HB 4 
   388 55.485 0.0 CA 38 
   918 121.107 0.0 N 83 
   675 1.923 0.0 HB 63 
   356 125.552 0.0 N 35 
   998 31.557 0.0 CB 91 
   1101 128.385 0.0 N 98 
   222 28.094 0.0 CG 21 
   746 179.081 0.0 C 69 
   654 131.3 0.0 CD2 59 
   1336 9.145 0.0 H 120 
   79 2.903 0.0 HE3 9 
   1326 175.5 0.0 C 119 
   1199 1.376 0.0 HG2 109 
   727 60.29 0.0 CA 67 
   793 124.281 0.0 N 73 
   109 61.54 0.0 CA 11 
   1318 2.77 0.0 HB2 119 
   748 30.017 0.0 CB 69 
   782 7.023 0.0 HD1 73 
   1006 7.035 0.0 HD2 92 
   1413 7.916 0.0 H 127 
   49 60.214 0.0 CA 5 
   735 1.68 0.0 HG3 68 
   566 1.839 0.0 HB2 53 
   435 2.401 0.0 HB3 42 
   1165 4.998 0.0 HA 106 
   355 43.64 0.0 CD 35 
   124 7.445 0.0 H 13 
   883 22.906 0.0 CD2 79 
   686 20.93 0.0 CG2 63 
   855 1.94 0.0 HB 78 
   1028 175.6 0.0 C 93 
   1164 9.575 0.0 H 106 
   781 3.11 0.0 HB3 73 
   693 7.734 0.0 HD22 64 
   1307 3.037 0.0 HD3 118 
   415 4.275 0.0 HA 41 
   1309 1.253 0.0 HG3 118 
   887 4.158 0.0 HA2 80 
   668 2.627 0.0 HB3 62 
   570 1.635 0.0 HG2 53 
   1398 2.177 0.0 HG3 125 
   1355 2.737 0.0 HB3 121 
   1092 3.211 0.0 HD2 98 
   489 178.007 0.0 C 46 
   398 6.565 0.0 HE2 39 
   1137 175.818 0.0 C 103 
   1079 3.228 0.0 HD3 97 
   762 7.151 0.0 H 71 
   753 2.006 0.0 HB2 70 
   412 17.695 0.0 CB 40 
   1432 55.945 0.0 CA 128 
   856 0.751 0.0 HG11 78 
   679 0.909 0.0 HG21 63 
   1002 5.619 0.0 HA 92 
   924 1.726 0.0 HD3 84 
   995 2.178 0.0 HG3 91 
   362 6.665 0.0 HD2 36 
   1131 8.534 0.0 H 103 
   859 0.813 0.0 HG21 78 
   234 110.883 0.0 N 22 
   619 2.609 0.0 HB3 57 
   426 54.401 0.0 CA 41 
   928 1.428 0.0 HG3 84 
   561 2.488 0.0 HB3 52 
   1263 0.874 0.0 HD2 114 
   971 61.14 0.0 CA 89 
   397 6.565 0.0 HE1 39 
   148 8.026 0.0 H 16 
   115 124.022 0.0 N 11 
   220 27.115 0.0 CB 21 
   1015 131.4 0.0 CE2 92 
   1250 2.982 0.0 HD3 113 
   990 9.047 0.0 H 91 
   422 0.717 0.0 HD22 41 
   134 2.552 0.0 HB2 14 
   461 7.23 0.0 HD1 44 
   377 1.502 0.0 HB3 37 
   687 121.325 0.0 N 63 
   1180 115.4 0.0 CD2 107 
   1412 127.644 0.0 N 126 
   649 7.032 0.0 HE2 59 
   458 3.905 0.0 HA 44 
   500 0.837 0.0 HG13 47 
   436 1.74 0.0 HD2 42 
   1194 4.95 0.0 HA 109 
   730 8.221 0.0 H 68 
   67 3.52 0.0 HA2 8 
   209 120.542 0.0 N 20 
   323 119.402 0.0 N 31 
   972 72.876 0.0 CB 89 
   1393 8.229 0.0 H 125 
   488 6.55 0.0 HE2 46 
   1222 2.355 0.0 HG3 111 
   447 25.37 0.0 CG 42 
   1163 113.911 0.0 N 105 
   1349 117.2 0.0 CE1 120 
   456 123.108 0.0 N 43 
   993 1.996 0.0 HB3 91 
   95 175.801 0.0 C 10 
   553 173.901 0.0 C 51 
   1244 119.879 0.0 N 112 
   122 40.455 0.0 CB 12 
   1341 6.888 0.0 HD2 120 
   512 3.049 0.0 HA 48 
   1391 45.365 0.0 CA 124 
   1353 4.192 0.0 HA 121 
   1372 172.256 0.0 C 122 
   588 8.069 0.0 H 55 
   96 62.155 0.0 CA 10 
   1299 173.43 0.0 C 117 
   1352 9.316 0.0 H 121 
   55 176.304 0.0 C 6 
   744 2.258 0.0 HG2 69 
   1253 173.52 0.0 C 113 
   963 107.686 0.0 N 88 
   1237 175.205 0.0 C 112 
   1046 1.85 0.0 HB2 95 
   370 117.801 0.0 CE1 36 
   1173 5.583 0.0 HA 107 
   1122 3.604 0.0 HD2 102 
   381 121.482 0.0 N 37 
   74 1.533 0.0 HB2 9 
   1430 2.607 0.0 HB2 128 
   292 177.415 0.0 C 29 
   959 3.563 0.0 HA2 88 
   1390 172.204 0.0 C 124 
   1009 171.85 0.0 C 92 
   1411 19.149 0.0 CB 126 
   89 8.784 0.0 H 10 
   518 0.798 0.0 HG22 48 
   1069 131.6 0.0 CD1 96 
   598 31.582 0.0 CB 55 
   699 8.562 0.0 H 65 
   866 21.285 0.0 CG2 78 
   1039 1.937 0.0 HB3 94 
   742 2.066 0.0 HB2 69 
   825 0.564 0.0 HD11 76 
   663 59.65 0.0 CA 61 
   950 1.847 0.0 HG2 87 
   709 29.462 0.0 CB 65 
   1067 55.736 0.0 CA 96 
   1357 6.727 0.0 HD2 121 
   253 174.356 0.0 C 24 
   1140 37.102 0.0 CG 103 
   1004 2.985 0.0 HB3 92 
   542 173.401 0.0 C 50 
   830 0.582 0.0 HD23 76 
   475 2.716 0.0 HB2 45 
   1124 1.991 0.0 HG2 102 
   1377 4.264 0.0 HA 123 
   247 26.234 0.0 CG 23 
   1030 42.274 0.0 CB 93 
   714 4.151 0.0 HA 66 
   1035 9.654 0.0 H 94 
   198 22.18 0.0 CD2 19 
   1282 21.244 0.0 CB 115 
   1305 1.514 0.0 HB3 118 
   794 9.086 0.0 H 74 
   1027 0.78 0.0 HG23 93 
   414 8.557 0.0 H 41 
   721 120.92 0.0 N 66 
   747 59.545 0.0 CA 69 
   1239 44.342 0.0 CB 112 
   1143 4.495 0.0 HA 104 
   363 6.75 0.0 HE1 36 
   470 130.2 0.0 CE1 44 
   1150 174.031 0.0 C 104 
   873 0.654 0.0 HD12 79 
   311 1.035 0.0 HD12 31 
   525 122.147 0.0 N 48 
   1410 52.02 0.0 CA 126 
   1136 2.0 0.0 HG3 103 
   750 117.242 0.0 N 69 
   1099 44.307 0.0 CD 98 
   541 0.509 0.0 HG23 50 
   1400 54.435 0.0 CA 125 
   579 1.751 0.0 HB2 54 
   604 1.897 0.0 HB2 56 
   585 29.521 0.0 CB 54 
   1183 4.864 0.0 HA 108 
   569 2.514 0.0 HD3 53 
   421 0.717 0.0 HD21 41 
   813 2.258 0.0 HB3 75 
   930 33.692 0.0 CB 84 
   40 32.072 0.0 CB 4 
   599 42.47 0.0 CD 55 
   325 122.625 0.0 N 32 
   1342 6.86 0.0 HE1 120 
   900 8.975 0.0 H 82 
   1414 3.882 0.0 HA 127 
   891 106.586 0.0 N 80 
   77 1.637 0.0 HD3 9 
   893 5.342 0.0 HA 81 
   427 40.89 0.0 CB 41 
   73 4.514 0.0 HA 9 
   1178 51.578 0.0 CA 107 
   1007 7.082 0.0 HE1 92 
   184 3.623 0.0 HA 19 
   1260 4.664 0.0 HA 114 
   1082 174.825 0.0 C 97 
   1220 7.652 0.0 HE22 111 
   1371 3.268 0.0 HB3 122 
   724 3.253 0.0 HB2 67 
   1201 176.252 0.0 C 109 
   1423 61.46 0.0 CA 127 
   1108 8.975 0.0 H 100 
   237 1.524 0.0 HB2 23 
   1059 5.374 0.0 HA 96 
   294 28.57 0.0 CB 29 
   761 114.677 0.0 N 70 
   1056 27.88 0.0 CG 95 
   1298 4.046 0.0 HA3 117 
   1358 7.175 0.0 HE1 121 
   76 1.637 0.0 HD2 9 
   1148 2.037 0.0 HG2 104 
   766 172.0 0.0 C 71 
   773 2.475 0.0 HB3 72 
   221 43.564 0.0 CD 21 
   1290 1.586 0.0 HG3 116 
   59 3.932 0.0 HA 7 
   1115 4.033 0.0 HA2 101 
   532 58.85 0.0 CA 49 
   150 2.895 0.0 HA3 16 
   1087 117.405 0.0 N 97 
   384 1.672 0.0 HB1 38 
   587 114.777 0.0 N 54 
   26 63.959 0.0 CA 3 
   831 1.027 0.0 HG 76 
   811 4.385 0.0 HA 75 
   1238 56.51 0.0 CA 112 
   1054 33.572 0.0 CB 95 
   700 3.481 0.0 HA 65 
   1182 8.243 0.0 H 108 
   132 7.486 0.0 H 14 
   1243 130.35 0.0 CE2 112 
   485 6.77 0.0 HD1 46 
   85 29.151 0.0 CD 9 
   898 66.3 0.0 CB 81 
   62 175.803 0.0 C 7 
   1429 4.298 0.0 HA 128 
   834 41.951 0.0 CB 76 
   1171 126.101 0.0 N 106 
   633 0.806 0.0 HD23 58 
   250 4.576 0.0 HA 24 
   917 36.115 0.0 CG 83 
   206 177.003 0.0 C 20 
   994 2.323 0.0 HG2 91 
   359 2.601 0.0 HB2 36 
   46 3.103 0.0 HB2 5 
   1123 3.604 0.0 HD3 102 
   571 1.635 0.0 HG3 53 
   405 8.09 0.0 H 40 
   1001 9.171 0.0 H 92 
   1404 8.632 0.0 H 126 
   282 64.51 0.0 CA 28 
   1300 45.22 0.0 CA 117 
   172 0.718 0.0 HD21 18 
   1169 55.849 0.0 CA 106 
   951 1.78 0.0 HG3 87 
   1251 1.61 0.0 HG2 113 
   18 38.025 0.0 CB 2 
   1297 3.345 0.0 HA2 117 
   191 0.146 0.0 HD22 19 
   540 0.509 0.0 HG22 50 
   360 3.32 0.0 HB3 36 
   589 4.668 0.0 HA 55 
   121 56.0 0.0 CA 12 
   1209 4.164 0.0 HB2 110 
   160 177.301 0.0 C 17 
   660 3.215 0.0 HB3 61 
   333 177.29 0.0 C 33 
   8 29.815 0.0 CB 1 
   393 1.212 0.0 HB2 39 
   339 4.736 0.0 HA 34 
   522 32.041 0.0 CB 48 
   514 0.502 0.0 HG11 48 
   783 7.023 0.0 HD2 73 
   9 36.326 0.0 CG 1 
   799 0.739 0.0 HD12 74 
   51 120.403 0.0 N 5 
   696 39.218 0.0 CB 64 
   723 4.145 0.0 HA 67 
   929 55.741 0.0 CA 84 
   335 29.362 0.0 CB 33 
   691 3.168 0.0 HB3 64 
   567 2.232 0.0 HB3 53 
   1335 127.86 0.0 NE1 119 
   914 174.601 0.0 C 83 
   658 4.325 0.0 HA 61 
   476 2.593 0.0 HB3 45 
   1155 112.996 0.0 NE2 104 
   1296 8.576 0.0 H 117 
   1273 41.456 0.0 CE 114 
   520 179.004 0.0 C 48 
   631 0.806 0.0 HD21 58 
   936 3.74 0.0 HA3 85 
   637 41.906 0.0 CB 58 
   805 55.851 0.0 CA 74 
   157 3.281 0.0 HD3 17 
   473 8.306 0.0 H 45 
   627 1.619 0.0 HB3 58 
   655 129.0 0.0 CE1 59 
   1319 2.643 0.0 HB3 119 
   707 177.82 0.0 C 65 
   141 4.006 0.0 HA 15 
   1310 173.805 0.0 C 118 
   492 119.529 0.0 N 46 
   65 118.937 0.0 N 7 
   897 57.259 0.0 CA 81 
   875 0.689 0.0 HD21 79 
   796 1.361 0.0 HB2 74 
   524 21.395 0.0 CG2 48 
   1252 1.343 0.0 HG3 113 
   961 172.34 0.0 C 88 
   42 21.175 0.0 CG2 4 
   642 7.394 0.0 H 59 
   25 178.12 0.0 C 3 
   1278 1.303 0.0 HB1 115 
   803 0.741 0.0 HD23 74 
   1434 129.886 0.0 N 128 
   1204 43.24 0.0 CD 109 
   331 0.87 0.0 HG2 33 
   23 2.6 0.0 HB2 3 
   189 0.589 0.0 HD13 19 
   1226 32.464 0.0 CG 111 
   440 1.559 0.0 HG2 42 
   909 4.892 0.0 HA 83 
   1094 1.576 0.0 HG2 98 
   504 178.5 0.0 C 47 
   1095 1.576 0.0 HG3 98 
   703 2.83 0.0 HD2 65 
   741 3.998 0.0 HA 69 
   666 4.346 0.0 HA 62 
   725 3.645 0.0 HB3 67 
   1270 53.831 0.0 CA 114 
   61 3.696 0.0 HB3 7 
   941 172.805 0.0 C 86 
   819 36.619 0.0 CG 75 
   17 53.005 0.0 CA 2 
   113 118.8 0.0 CE1 11 
   1208 5.308 0.0 HA 110 
   678 0.998 0.0 HG13 63 
   1215 9.274 0.0 H 111 
   576 27.257 0.0 CG 53 
   342 175.96 0.0 C 34 
   847 175.2 0.0 C 77 
   808 22.606 0.0 CD2 74 
   450 4.875 0.0 HA 43 
   1246 5.608 0.0 HA 113 
   973 21.775 0.0 CG2 89 
   10 8.376 0.0 H 2 
   934 127.105 0.0 N 84 
   672 119.139 0.0 N 62 
   1168 172.62 0.0 C 106 
   516 0.502 0.0 HG13 48 
   262 52.785 0.0 CA 25 
   1363 130.74 0.0 CD1 121 
   1266 2.265 0.0 HE3 114 
   1118 108.265 0.0 N 101 
   1043 131.277 0.0 N 94 
   1167 3.578 0.0 HB3 106 
   613 43.64 0.0 CD 56 
   812 1.784 0.0 HB2 75 
   603 3.95 0.0 HA 56 
   1291 177.209 0.0 C 116 
   894 3.838 0.0 HB2 81 
   1212 59.029 0.0 CA 110 
   1415 0.75 0.0 HB 127 
   667 2.758 0.0 HB2 62 
   58 8.552 0.0 H 7 
   460 3.082 0.0 HB3 44 
   683 65.63 0.0 CA 63 
   348 1.396 0.0 HB2 35 
   177 57.052 0.0 CA 18 
   477 178.0 0.0 C 45 
   1283 130.852 0.0 N 115 
   602 7.466 0.0 H 56 
   305 120.59 0.0 N 30 
   138 29.87 0.0 CB 14 
   1200 1.376 0.0 HG3 109 
   906 66.204 0.0 CB 82 
   1389 4.955 0.0 HA3 124 
   1129 49.61 0.0 CD 102 
   1205 28.708 0.0 CG 109 
   582 2.144 0.0 HG3 54 
   99 112.657 0.0 N 10 
   406 3.956 0.0 HA 40 
   984 173.64 0.0 C 90 
   1110 3.905 0.0 HA3 100 
   623 116.726 0.0 N 57 
   797 1.549 0.0 HB3 74 
   391 7.838 0.0 H 39 
   486 6.77 0.0 HD2 46 
   364 6.75 0.0 HE2 36 
   1368 8.557 0.0 H 122 
   403 117.405 0.0 CE2 39 
   280 -0.395 0.0 HG3 28 
   926 3.003 0.0 HE3 84 
   636 54.812 0.0 CA 58 
   1257 28.88 0.0 CG 113 
   565 3.938 0.0 HA 53 
   617 4.653 0.0 HA 57 
   265 4.443 0.0 HA 26 
   34 0.979 0.0 HG13 4 
   656 129.0 0.0 CE2 59 
   1354 2.879 0.0 HB2 121 
   102 2.98 0.0 HB2 11 
   6 176.41 0.0 C 1 
   112 133.6 0.0 CD2 11 
   1053 54.651 0.0 CA 95 
   32 0.979 0.0 HG11 4 
   1121 2.271 0.0 HB3 102 
   1427 122.174 0.0 N 127 
   336 43.145 0.0 CD 33 
   39 63.31 0.0 CA 4 
   1023 0.459 0.0 HG12 93 
   24 2.948 0.0 HB3 3 
   1373 60.295 0.0 CA 122 
   605 1.95 0.0 HB3 56 
   650 174.42 0.0 C 59 
   664 31.254 0.0 CB 61 
   676 0.998 0.0 HG11 63 
   240 3.047 0.0 HD3 23 
   688 7.698 0.0 H 64 
   974 115.849 0.0 N 89 
   997 53.955 0.0 CA 91 
   615 121.407 0.0 N 56 
   1329 125.3 0.0 CD1 119 
   224 8.268 0.0 H 22 
   1228 111.8 0.0 NE2 111 
   695 56.908 0.0 CA 64 
   203 1.402 0.0 HB1 20 
   1037 1.937 0.0 HB1 94 
   218 176.109 0.0 C 21 
   739 117.484 0.0 N 68 
   609 1.788 0.0 HG3 56 
   21 9.38 0.0 H 3 
   1288 3.215 0.0 HD3 116 
   173 0.718 0.0 HD22 18 
   347 4.006 0.0 HA 35 
   991 5.776 0.0 HA 91 
   111 133.6 0.0 CD1 11 
   105 7.598 0.0 HD2 11 
   612 30.658 0.0 CB 56 
   884 28.23 0.0 CG 79 
   523 23.105 0.0 CG1 48 
   586 36.72 0.0 CG 54 
   751 7.986 0.0 H 70 
   1120 1.866 0.0 HB2 102 
   848 54.625 0.0 CA 77 
   865 21.781 0.0 CG1 78 
   1337 4.943 0.0 HA 120 
   968 1.236 0.0 HG22 89 
   479 39.895 0.0 CB 45 
   616 8.78 0.0 H 57 
   1034 118.019 0.0 N 93 
   1187 2.103 0.0 HG3 108 
   266 1.485 0.0 HB1 26 
   1312 33.592 0.0 CB 118 
   835 25.728 0.0 CD1 76 
   441 1.111 0.0 HG3 42 
   1315 121.34 0.0 N 118 
   369 132.01 0.0 CD2 36 
   768 64.73 0.0 CB 71 
   1103 3.975 0.0 HA2 99 
   1098 32.12 0.0 CB 98 
   1399 174.408 0.0 C 125 
