   380 18.245 0.0 CB 37 
   75 1.914 0.0 HB3 9 
   1354 2.879 0.0 HB2 121 
   984 173.64 0.0 C 90 
   295 36.955 0.0 CG 29 
   1223 174.94 0.0 C 111 
   1072 130.76 0.0 CE2 96 
   298 3.898 0.0 HA 30 
   1082 174.825 0.0 C 97 
   276 0.895 0.0 HB3 28 
   941 172.805 0.0 C 86 
   663 59.65 0.0 CA 61 
   551 1.179 0.0 HG22 51 
   431 115.848 0.0 N 41 
   162 32.12 0.0 CB 17 
   312 1.035 0.0 HD13 31 
   889 171.34 0.0 C 80 
   316 1.485 0.0 HG 31 
   886 7.635 0.0 H 80 
   48 175.9 0.0 C 5 
   1260 4.664 0.0 HA 114 
   1257 28.88 0.0 CG 113 
   1077 1.572 0.0 HB3 97 
   1014 131.4 0.0 CE1 92 
   874 0.654 0.0 HD13 79 
   741 3.998 0.0 HA 69 
   1368 8.557 0.0 H 122 
   29 7.153 0.0 H 4 
   232 69.026 0.0 CB 22 
   390 119.703 0.0 N 38 
   164 28.471 0.0 CG 17 
   1423 61.46 0.0 CA 127 
   920 4.584 0.0 HA 84 
   800 0.739 0.0 HD13 74 
   133 4.403 0.0 HA 14 
   1024 1.216 0.0 HG13 93 
   1271 32.422 0.0 CB 114 
   898 66.3 0.0 CB 81 
   439 3.169 0.0 HE3 42 
   260 1.324 0.0 HB2 25 
   361 6.665 0.0 HD1 36 
   1291 177.209 0.0 C 116 
   703 2.83 0.0 HD2 65 
   305 120.59 0.0 N 30 
   188 0.589 0.0 HD12 19 
   492 119.529 0.0 N 46 
   1146 6.978 0.0 HE21 104 
   981 1.127 0.0 HG21 90 
   485 6.77 0.0 HD1 46 
   997 53.955 0.0 CA 91 
   31 2.078 0.0 HB 4 
   423 0.717 0.0 HD23 41 
   1308 1.253 0.0 HG2 118 
   519 0.798 0.0 HG23 48 
   584 57.145 0.0 CA 54 
   244 54.444 0.0 CA 23 
   11 4.752 0.0 HA 2 
   1195 1.509 0.0 HB2 109 
   592 3.145 0.0 HD2 55 
   837 27.682 0.0 CG 76 
   819 36.619 0.0 CG 75 
   1042 22.085 0.0 CB 94 
   1013 132.1 0.0 CD2 92 
   1104 3.906 0.0 HA3 99 
   1363 130.74 0.0 CD1 121 
   46 3.103 0.0 HB2 5 
   549 4.218 0.0 HB 51 
   433 4.352 0.0 HA 42 
   927 1.366 0.0 HG2 84 
   271 19.685 0.0 CB 26 
   357 8.099 0.0 H 36 
   714 4.151 0.0 HA 66 
   322 27.664 0.0 CG 31 
   815 1.996 0.0 HG3 75 
   1340 6.888 0.0 HD1 120 
   625 4.331 0.0 HA 58 
   679 0.909 0.0 HG21 63 
   209 120.542 0.0 N 20 
   536 7.115 0.0 H 50 
   760 36.478 0.0 CG 70 
   566 1.839 0.0 HB2 53 
   1154 123.299 0.0 N 104 
   634 1.6 0.0 HG 58 
   986 36.819 0.0 CB 90 
   1134 1.823 0.0 HB3 103 
   355 43.64 0.0 CD 35 
   218 176.109 0.0 C 21 
   1111 175.32 0.0 C 100 
   459 2.887 0.0 HB2 44 
   1406 1.334 0.0 HB1 126 
   409 1.098 0.0 HB3 40 
   448 116.255 0.0 N 42 
   384 1.672 0.0 HB1 38 
   1010 56.13 0.0 CA 92 
   84 35.172 0.0 CB 9 
   117 4.179 0.0 HA 12 
   1214 125.774 0.0 N 110 
   627 1.619 0.0 HB3 58 
   488 6.55 0.0 HE2 46 
   178 39.261 0.0 CB 18 
   853 8.94 0.0 H 78 
   845 1.447 0.0 HG2 77 
   1415 0.75 0.0 HB 127 
   1005 7.035 0.0 HD1 92 
   995 2.178 0.0 HG3 91 
   1288 3.215 0.0 HD3 116 
   723 4.145 0.0 HA 67 
   1335 127.86 0.0 NE1 119 
   793 124.281 0.0 N 73 
   1222 2.355 0.0 HG3 111 
   1145 1.686 0.0 HB3 104 
   1295 27.648 0.0 CG 116 
   205 1.402 0.0 HB3 20 
   783 7.023 0.0 HD2 73 
   1204 43.24 0.0 CD 109 
   876 0.689 0.0 HD22 79 
   418 0.761 0.0 HD11 41 
   58 8.552 0.0 H 7 
   721 120.92 0.0 N 66 
   762 7.151 0.0 H 71 
   834 41.951 0.0 CB 76 
   1306 3.037 0.0 HD2 118 
   1029 60.483 0.0 CA 93 
   1011 43.37 0.0 CB 92 
   535 118.382 0.0 N 49 
   154 1.368 0.0 HB2 17 
   1100 27.715 0.0 CG 98 
   167 1.8 0.0 HB2 18 
   914 174.601 0.0 C 83 
   1125 1.9 0.0 HG3 102 
   695 56.908 0.0 CA 64 
   1129 49.61 0.0 CD 102 
   1285 1.856 0.0 HB2 116 
   387 180.2 0.0 C 38 
   1255 35.782 0.0 CB 113 
   1319 2.643 0.0 HB3 119 
   1353 4.192 0.0 HA 121 
   323 119.402 0.0 N 31 
   1158 3.656 0.0 HB2 105 
   1387 8.786 0.0 H 124 
   533 30.291 0.0 CB 49 
   406 3.956 0.0 HA 40 
   635 177.0 0.0 C 58 
   234 110.883 0.0 N 22 
   595 1.669 0.0 HG3 55 
   938 4.317 0.0 HA 86 
   639 22.596 0.0 CD2 58 
   606 3.195 0.0 HD2 56 
   64 62.352 0.0 CB 7 
   917 36.115 0.0 CG 83 
   1027 0.78 0.0 HG23 93 
   612 30.658 0.0 CB 56 
   593 3.145 0.0 HD3 55 
   373 8.907 0.0 H 37 
   183 8.075 0.0 H 19 
   1401 33.107 0.0 CB 125 
   1375 125.692 0.0 N 122 
   1140 37.102 0.0 CG 103 
   1425 21.54 0.0 CG1 127 
   1420 0.266 0.0 HG22 127 
   279 1.333 0.0 HG2 28 
   215 3.225 0.0 HD3 21 
   275 1.096 0.0 HB2 28 
   599 42.47 0.0 CD 55 
   163 50.635 0.0 CD 17 
   481 7.764 0.0 H 46 
   1036 5.859 0.0 HA 94 
   1433 42.247 0.0 CB 128 
   246 43.34 0.0 CD 23 
   1139 30.075 0.0 CB 103 
   243 174.2 0.0 C 23 
   775 52.5 0.0 CA 72 
   1038 1.937 0.0 HB2 94 
   1381 1.878 0.0 HG3 123 
   583 177.408 0.0 C 54 
   1041 49.829 0.0 CA 94 
   59 3.932 0.0 HA 7 
   78 2.937 0.0 HE2 9 
   652 40.445 0.0 CB 59 
   1040 176.203 0.0 C 94 
   16 175.445 0.0 C 2 
   510 119.187 0.0 N 47 
   106 6.55 0.0 HE1 11 
   817 57.14 0.0 CA 75 
   94 1.269 0.0 HG23 10 
   1360 174.025 0.0 C 121 
   1049 3.25 0.0 HD3 95 
   1347 133.1 0.0 CD1 120 
   645 2.925 0.0 HB3 59 
   620 176.8 0.0 C 57 
   412 17.695 0.0 CB 40 
   251 3.745 0.0 HB2 24 
   484 2.899 0.0 HB3 46 
   1190 34.517 0.0 CB 108 
   445 29.151 0.0 CD 42 
   434 2.401 0.0 HB2 42 
   1173 5.583 0.0 HA 107 
   513 2.008 0.0 HB 48 
   976 4.777 0.0 HA 90 
   805 55.851 0.0 CA 74 
   371 117.801 0.0 CE2 36 
   440 1.559 0.0 HG2 42 
   532 58.85 0.0 CA 49 
   832 175.7 0.0 C 76 
   1426 20.19 0.0 CG2 127 
   399 178.1 0.0 C 39 
   1393 8.229 0.0 H 125 
   341 4.198 0.0 HB3 34 
   897 57.259 0.0 CA 81 
   843 3.09 0.0 HD2 77 
   561 2.488 0.0 HB3 52 
   1012 132.1 0.0 CD1 92 
   708 59.999 0.0 CA 65 
   317 179.245 0.0 C 31 
   527 3.957 0.0 HA 49 
   684 32.281 0.0 CB 63 
   477 178.0 0.0 C 45 
   766 172.0 0.0 C 71 
   326 3.481 0.0 HA 33 
   922 1.823 0.0 HB3 84 
   928 1.428 0.0 HG3 84 
   51 120.403 0.0 N 5 
   309 1.028 0.0 HB3 31 
   1170 33.628 0.0 CB 106 
   572 178.7 0.0 C 53 
   773 2.475 0.0 HB3 72 
   437 1.611 0.0 HD3 42 
   850 43.64 0.0 CD 77 
   187 0.589 0.0 HD11 19 
   491 38.35 0.0 CB 46 
   804 176.95 0.0 C 74 
   581 2.144 0.0 HG2 54 
   846 1.498 0.0 HG3 77 
   436 1.74 0.0 HD2 42 
   1037 1.937 0.0 HB1 94 
   998 31.557 0.0 CB 91 
   155 2.166 0.0 HB3 17 
   824 -0.729 0.0 HB3 76 
   447 25.37 0.0 CG 42 
   62 175.803 0.0 C 7 
   1388 4.231 0.0 HA2 124 
   511 7.322 0.0 H 48 
   867 126.212 0.0 N 78 
   266 1.485 0.0 HB1 26 
   1380 1.878 0.0 HG2 123 
   918 121.107 0.0 N 83 
   1067 55.736 0.0 CA 96 
   289 1.619 0.0 HB3 29 
   875 0.689 0.0 HD21 79 
   692 6.936 0.0 HD21 64 
   33 0.979 0.0 HG12 4 
   704 2.83 0.0 HD3 65 
   955 43.15 0.0 CD 87 
   35 0.979 0.0 HG21 4 
   564 127.871 0.0 N 52 
   856 0.751 0.0 HG11 78 
   1343 6.86 0.0 HE2 120 
   524 21.395 0.0 CG2 48 
   1176 6.803 0.0 HD2 107 
   1229 9.143 0.0 H 112 
   74 1.533 0.0 HB2 9 
   200 122.646 0.0 N 19 
   969 1.236 0.0 HG23 89 
   973 21.775 0.0 CG2 89 
   449 8.832 0.0 H 43 
   211 3.989 0.0 HA 21 
   254 57.298 0.0 CA 24 
   52 7.704 0.0 H 6 
   963 107.686 0.0 N 88 
   443 56.288 0.0 CA 42 
   1120 1.866 0.0 HB2 102 
   755 2.53 0.0 HG2 70 
   227 1.138 0.0 HG21 22 
   79 2.903 0.0 HE3 9 
   291 1.995 0.0 HG3 29 
   356 125.552 0.0 N 35 
   1281 51.415 0.0 CA 115 
   310 1.035 0.0 HD11 31 
   503 0.479 0.0 HG23 47 
   335 29.362 0.0 CB 33 
   152 110.257 0.0 N 16 
   1280 1.303 0.0 HB3 115 
   240 3.047 0.0 HD3 23 
   282 64.51 0.0 CA 28 
   1268 0.415 0.0 HG3 114 
   728 28.554 0.0 CB 67 
   1391 45.365 0.0 CA 124 
   91 4.483 0.0 HB 10 
   1250 2.982 0.0 HD3 113 
   505 61.81 0.0 CA 47 
   376 1.502 0.0 HB2 37 
   324 8.704 0.0 H 32 
   1076 1.689 0.0 HB2 97 
   673 7.917 0.0 H 63 
   1351 115.506 0.0 N 120 
   57 107.14 0.0 N 6 
   801 0.741 0.0 HD21 74 
   1336 9.145 0.0 H 120 
   428 25.612 0.0 CD1 41 
   1386 113.946 0.0 N 123 
   1293 27.96 0.0 CB 116 
   1240 131.451 0.0 CD1 112 
   1413 7.916 0.0 H 127 
   1081 1.566 0.0 HG3 97 
   1248 1.708 0.0 HB3 113 
   1244 119.879 0.0 N 112 
   60 3.922 0.0 HB2 7 
   382 8.298 0.0 H 38 
   633 0.806 0.0 HD23 58 
   1358 7.175 0.0 HE1 121 
   604 1.897 0.0 HB2 56 
   487 6.55 0.0 HE1 46 
   230 174.64 0.0 C 22 
   453 174.95 0.0 C 43 
   26 63.959 0.0 CA 3 
   112 133.6 0.0 CD2 11 
   195 57.701 0.0 CA 19 
   779 4.308 0.0 HA 73 
   472 122.987 0.0 N 44 
   458 3.905 0.0 HA 44 
   1097 55.288 0.0 CA 98 
   385 1.672 0.0 HB2 38 
   1311 53.951 0.0 CA 118 
   727 60.29 0.0 CA 67 
   263 19.649 0.0 CB 25 
   956 27.468 0.0 CG 87 
   118 2.63 0.0 HB2 12 
   709 29.462 0.0 CB 65 
   987 22.264 0.0 CG1 90 
   249 8.642 0.0 H 24 
   441 1.111 0.0 HG3 42 
   1361 58.524 0.0 CA 121 
   594 1.378 0.0 HG2 55 
   286 8.098 0.0 H 29 
   1112 45.456 0.0 CA 100 
   1074 8.665 0.0 H 97 
   368 132.01 0.0 CD1 36 
   658 4.325 0.0 HA 61 
   1123 3.604 0.0 HD3 102 
   18 38.025 0.0 CB 2 
   1075 4.526 0.0 HA 97 
   1418 0.549 0.0 HG13 127 
   198 22.18 0.0 CD2 19 
   1043 131.277 0.0 N 94 
   1367 122.001 0.0 N 121 
   894 3.838 0.0 HB2 81 
   67 3.52 0.0 HA2 8 
   689 4.798 0.0 HA 64 
   829 0.582 0.0 HD22 76 
   111 133.6 0.0 CD1 11 
   80 1.399 0.0 HG2 9 
   844 3.09 0.0 HD3 77 
   318 56.998 0.0 CA 31 
   301 1.341 0.0 HB3 30 
   964 8.86 0.0 H 89 
   63 59.829 0.0 CA 7 
   1157 5.357 0.0 HA 105 
   1327 57.495 0.0 CA 119 
   1287 3.215 0.0 HD2 116 
   68 4.247 0.0 HA3 8 
   1307 3.037 0.0 HD3 118 
   451 2.209 0.0 HB2 43 
   636 54.812 0.0 CA 58 
   1184 1.268 0.0 HB2 108 
   864 32.119 0.0 CB 78 
   626 1.705 0.0 HB2 58 
   1185 1.564 0.0 HB3 108 
   402 117.405 0.0 CE1 39 
   72 7.934 0.0 H 9 
   828 0.582 0.0 HD21 76 
   1266 2.265 0.0 HE3 114 
   197 25.042 0.0 CD1 19 
   1242 130.35 0.0 CE1 112 
   1187 2.103 0.0 HG3 108 
   694 176.82 0.0 C 64 
   743 2.139 0.0 HB3 69 
   284 50.19 0.0 CD 28 
   1062 6.815 0.0 HD1 96 
   685 22.675 0.0 CG1 63 
   744 2.258 0.0 HG2 69 
   1073 120.365 0.0 N 96 
   854 4.11 0.0 HA 78 
   1117 44.635 0.0 CA 101 
   735 1.68 0.0 HG3 68 
   1407 1.334 0.0 HB2 126 
   691 3.168 0.0 HB3 64 
   752 4.368 0.0 HA 70 
   1430 2.607 0.0 HB2 128 
   1152 33.32 0.0 CB 104 
   1113 109.645 0.0 N 100 
   151 48.106 0.0 CA 16 
   308 1.591 0.0 HB2 31 
   199 28.47 0.0 CG 19 
   351 2.92 0.0 HD3 35 
   334 60.318 0.0 CA 33 
   336 43.145 0.0 CD 33 
   852 127.184 0.0 N 77 
   780 2.454 0.0 HB2 73 
   880 56.012 0.0 CA 79 
   203 1.402 0.0 HB1 20 
   304 18.495 0.0 CB 30 
   1325 6.69 0.0 HZ3 119 
   597 54.441 0.0 CA 55 
   141 4.006 0.0 HA 15 
   1163 113.911 0.0 N 105 
   370 117.801 0.0 CE1 36 
   427 40.89 0.0 CB 41 
   325 122.625 0.0 N 32 
   1090 1.732 0.0 HB2 98 
   1218 2.263 0.0 HB3 111 
   1181 129.694 0.0 N 107 
   42 21.175 0.0 CG2 4 
   475 2.716 0.0 HB2 45 
   462 7.23 0.0 HD2 44 
   354 30.325 0.0 CB 35 
   463 7.192 0.0 HE1 44 
   640 26.923 0.0 CG 58 
   649 7.032 0.0 HE2 59 
   1108 8.975 0.0 H 100 
   563 43.019 0.0 CB 52 
   1301 103.666 0.0 N 117 
   186 1.528 0.0 HB3 19 
   957 119.907 0.0 N 87 
   358 3.84 0.0 HA 36 
   1107 117.554 0.0 N 99 
   550 1.179 0.0 HG21 51 
   948 3.345 0.0 HD2 87 
   1321 10.114 0.0 HE1 119 
   1063 6.815 0.0 HD2 96 
   1124 1.991 0.0 HG2 102 
   425 176.25 0.0 C 41 
   129 53.219 0.0 CA 13 
   893 5.342 0.0 HA 81 
   1357 6.727 0.0 HD2 121 
   1417 0.549 0.0 HG12 127 
   479 39.895 0.0 CB 45 
   1431 2.483 0.0 HB3 128 
   806 44.31 0.0 CB 74 
   672 119.139 0.0 N 62 
   146 30.602 0.0 CB 15 
   126 2.443 0.0 HB2 13 
   1237 175.205 0.0 C 112 
   1332 115.4 0.0 CZ2 119 
   508 26.86 0.0 CG1 47 
   1298 4.046 0.0 HA3 117 
   665 8.376 0.0 H 62 
   1292 56.584 0.0 CA 116 
   676 0.998 0.0 HG11 63 
   1051 1.57 0.0 HG3 95 
   1084 34.642 0.0 CB 97 
   1221 2.437 0.0 HG2 111 
   82 176.429 0.0 C 9 
   1162 65.457 0.0 CB 105 
   935 4.11 0.0 HA2 85 
   1264 0.784 0.0 HD3 114 
   1277 4.579 0.0 HA 115 
   934 127.105 0.0 N 84 
   739 117.484 0.0 N 68 
   923 1.726 0.0 HD2 84 
   1403 119.909 0.0 N 125 
   1168 172.62 0.0 C 106 
   712 122.45 0.0 N 65 
   496 0.204 0.0 HD11 47 
   797 1.549 0.0 HB3 74 
   1044 9.352 0.0 H 95 
   978 0.545 0.0 HG11 90 
   438 3.341 0.0 HE2 42 
   1207 9.762 0.0 H 110 
   882 25.182 0.0 CD1 79 
   902 3.83 0.0 HB2 82 
   1028 175.6 0.0 C 93 
   701 0.906 0.0 HB2 65 
   1202 55.671 0.0 CA 109 
   23 2.6 0.0 HB2 3 
   622 39.937 0.0 CB 57 
   268 1.485 0.0 HB3 26 
   400 62.201 0.0 CA 39 
   1006 7.035 0.0 HD2 92 
   1200 1.376 0.0 HG3 109 
   1136 2.0 0.0 HG3 103 
   618 2.735 0.0 HB2 57 
   1410 52.02 0.0 CA 126 
   87 25.43 0.0 CG 9 
   668 2.627 0.0 HB3 62 
   12 2.675 0.0 HB2 2 
   189 0.589 0.0 HD13 19 
   1227 121.905 0.0 N 111 
   217 1.747 0.0 HG3 21 
   17 53.005 0.0 CA 2 
   788 38.32 0.0 CB 73 
   28 124.395 0.0 N 3 
   958 8.529 0.0 H 88 
   726 178.407 0.0 C 67 
   990 9.047 0.0 H 91 
   88 120.607 0.0 N 9 
   628 0.92 0.0 HD11 58 
   444 27.542 0.0 CB 42 
   1019 1.4 0.0 HB 93 
   153 4.172 0.0 HA 17 
   1088 9.754 0.0 H 98 
   493 6.884 0.0 H 47 
   1141 120.322 0.0 N 103 
   933 24.71 0.0 CG 84 
   473 8.306 0.0 H 45 
   1394 4.687 0.0 HA 125 
   1341 6.888 0.0 HD2 120 
   849 32.628 0.0 CB 77 
   1110 3.905 0.0 HA3 100 
   1050 1.66 0.0 HG2 95 
   589 4.668 0.0 HA 55 
   1022 0.535 0.0 HD13 93 
   194 179.45 0.0 C 19 
   830 0.582 0.0 HD23 76 
   1339 2.875 0.0 HB3 120 
   789 130.4 0.0 CD1 73 
   890 45.632 0.0 CA 80 
   1305 1.514 0.0 HB3 118 
   379 55.295 0.0 CA 37 
   818 33.51 0.0 CB 75 
   521 67.625 0.0 CA 48 
   231 63.14 0.0 CA 22 
   10 8.376 0.0 H 2 
   859 0.813 0.0 HG21 78 
   778 8.75 0.0 H 73 
   855 1.94 0.0 HB 78 
   1235 7.192 0.0 HE1 112 
   765 3.17 0.0 HB3 71 
   1177 173.205 0.0 C 107 
   252 3.83 0.0 HB3 24 
   1389 4.955 0.0 HA3 124 
   1416 0.549 0.0 HG11 127 
   675 1.923 0.0 HB 63 
   1419 0.266 0.0 HG21 127 
   274 2.61 0.0 HA 28 
   786 175.7 0.0 C 73 
   1338 2.695 0.0 HB2 120 
   808 22.606 0.0 CD2 74 
   1003 3.186 0.0 HB2 92 
   1262 -0.968 0.0 HB3 114 
   1253 173.52 0.0 C 113 
   1213 66.524 0.0 CB 110 
   174 0.718 0.0 HD23 18 
   135 2.938 0.0 HB3 14 
   1316 8.981 0.0 H 119 
   541 0.509 0.0 HG23 50 
   795 4.432 0.0 HA 74 
   967 1.236 0.0 HG21 89 
   313 1.147 0.0 HD21 31 
   523 23.105 0.0 CG1 48 
   1398 2.177 0.0 HG3 125 
   949 3.345 0.0 HD3 87 
   93 1.269 0.0 HG22 10 
   349 1.91 0.0 HB3 35 
   1331 124.3 0.0 CH2 119 
   526 8.501 0.0 H 49 
   901 4.747 0.0 HA 82 
   1001 9.171 0.0 H 92 
   1098 32.12 0.0 CB 98 
   1270 53.831 0.0 CA 114 
   81 1.315 0.0 HG3 9 
   156 3.281 0.0 HD2 17 
   718 179.2 0.0 C 66 
   831 1.027 0.0 HG 76 
   548 4.625 0.0 HA 51 
   1364 130.74 0.0 CD2 121 
   259 1.324 0.0 HB1 25 
   1323 6.967 0.0 HH2 119 
   670 57.769 0.0 CA 62 
   977 2.119 0.0 HB 90 
   653 131.3 0.0 CD1 59 
   1055 43.47 0.0 CD 95 
   119 2.469 0.0 HB3 12 
   489 178.007 0.0 C 46 
