   532 58.85 0.0 CA 49 
   491 38.35 0.0 CB 46 
   871 1.609 0.0 HB3 79 
   918 121.107 0.0 N 83 
   620 176.8 0.0 C 57 
   901 4.747 0.0 HA 82 
   667 2.758 0.0 HB2 62 
   450 4.875 0.0 HA 43 
   56 46.424 0.0 CA 6 
   411 54.857 0.0 CA 40 
   368 132.01 0.0 CD1 36 
   289 1.619 0.0 HB3 29 
   190 0.146 0.0 HD21 19 
   448 116.255 0.0 N 42 
   1024 1.216 0.0 HG13 93 
   524 21.395 0.0 CG2 48 
   421 0.717 0.0 HD21 41 
   184 3.623 0.0 HA 19 
   744 2.258 0.0 HG2 69 
   291 1.995 0.0 HG3 29 
   324 8.704 0.0 H 32 
   955 43.15 0.0 CD 87 
   1184 1.268 0.0 HB2 108 
   936 3.74 0.0 HA3 85 
   708 59.999 0.0 CA 65 
   822 4.769 0.0 HA 76 
   378 178.2 0.0 C 37 
   454 51.354 0.0 CA 43 
   483 2.559 0.0 HB2 46 
   885 130.507 0.0 N 79 
   617 4.653 0.0 HA 57 
   1114 7.925 0.0 H 101 
   521 67.625 0.0 CA 48 
   1349 117.2 0.0 CE1 120 
   1033 17.492 0.0 CG2 93 
   1360 174.025 0.0 C 121 
   1169 55.849 0.0 CA 106 
   647 7.195 0.0 HD2 59 
   265 4.443 0.0 HA 26 
   351 2.92 0.0 HD3 35 
   1185 1.564 0.0 HB3 108 
   625 4.331 0.0 HA 58 
   858 0.751 0.0 HG13 78 
   161 64.78 0.0 CA 17 
   623 116.726 0.0 N 57 
   463 7.192 0.0 HE1 44 
   960 5.047 0.0 HA3 88 
   404 119.108 0.0 N 39 
   758 56.417 0.0 CA 70 
   891 106.586 0.0 N 80 
   1365 130.84 0.0 CE1 121 
   366 62.75 0.0 CA 36 
   691 3.168 0.0 HB3 64 
   531 2.295 0.0 HG3 49 
   1027 0.78 0.0 HG23 93 
   181 28.33 0.0 CG 18 
   726 178.407 0.0 C 67 
   645 2.925 0.0 HB3 59 
   1206 122.752 0.0 N 109 
   606 3.195 0.0 HD2 56 
   666 4.346 0.0 HA 62 
   1400 54.435 0.0 CA 125 
   517 0.798 0.0 HG21 48 
   375 1.502 0.0 HB1 37 
   449 8.832 0.0 H 43 
   295 36.955 0.0 CG 29 
   930 33.692 0.0 CB 84 
   1061 2.567 0.0 HB3 96 
   185 1.445 0.0 HB2 19 
   551 1.179 0.0 HG22 51 
   433 4.352 0.0 HA 42 
   1390 172.204 0.0 C 124 
   1405 4.473 0.0 HA 126 
   1419 0.266 0.0 HG21 127 
   614 28.048 0.0 CG 56 
   768 64.73 0.0 CB 71 
   176 181.207 0.0 C 18 
   1253 173.52 0.0 C 113 
   903 3.83 0.0 HB3 82 
   1345 57.29 0.0 CA 120 
   683 65.63 0.0 CA 63 
   805 55.851 0.0 CA 74 
   540 0.509 0.0 HG22 50 
   479 39.895 0.0 CB 45 
   747 59.545 0.0 CA 69 
   391 7.838 0.0 H 39 
   413 121.155 0.0 N 40 
   1259 8.608 0.0 H 114 
   867 126.212 0.0 N 78 
   424 1.664 0.0 HG 41 
   814 1.996 0.0 HG2 75 
   81 1.315 0.0 HG3 9 
   828 0.582 0.0 HD21 76 
   1132 4.002 0.0 HA 103 
   629 0.92 0.0 HD12 58 
   1342 6.86 0.0 HE1 120 
   736 178.3 0.0 C 68 
   209 120.542 0.0 N 20 
   1141 120.322 0.0 N 103 
   206 177.003 0.0 C 20 
   47 2.92 0.0 HB3 5 
   798 0.739 0.0 HD11 74 
   247 26.234 0.0 CG 23 
   921 1.823 0.0 HB2 84 
   973 21.775 0.0 CG2 89 
   1098 32.12 0.0 CB 98 
   76 1.637 0.0 HD2 9 
   707 177.82 0.0 C 65 
   570 1.635 0.0 HG2 53 
   978 0.545 0.0 HG11 90 
   1265 2.17 0.0 HE2 114 
   218 176.109 0.0 C 21 
   1040 176.203 0.0 C 94 
   89 8.784 0.0 H 10 
   512 3.049 0.0 HA 48 
   164 28.471 0.0 CG 17 
   959 3.563 0.0 HA2 88 
   422 0.717 0.0 HD22 41 
   1188 173.31 0.0 C 108 
   258 4.116 0.0 HA 25 
   1221 2.437 0.0 HG2 111 
   594 1.378 0.0 HG2 55 
   1016 124.784 0.0 N 92 
   33 0.979 0.0 HG12 4 
   583 177.408 0.0 C 54 
   1415 0.75 0.0 HB 127 
   458 3.905 0.0 HA 44 
   278 2.142 0.0 HD3 28 
   132 7.486 0.0 H 14 
   92 1.269 0.0 HG21 10 
   1305 1.514 0.0 HB3 118 
   1402 35.961 0.0 CG 125 
   370 117.801 0.0 CE1 36 
   220 27.115 0.0 CB 21 
   42 21.175 0.0 CG2 4 
   615 121.407 0.0 N 56 
   534 36.304 0.0 CG 49 
   1150 174.031 0.0 C 104 
   124 7.445 0.0 H 13 
   1025 0.78 0.0 HG21 93 
   848 54.625 0.0 CA 77 
   232 69.026 0.0 CB 22 
   1323 6.967 0.0 HH2 119 
   725 3.645 0.0 HB3 67 
   859 0.813 0.0 HG21 78 
   1300 45.22 0.0 CA 117 
   1387 8.786 0.0 H 124 
   749 36.968 0.0 CG 69 
   399 178.1 0.0 C 39 
   909 4.892 0.0 HA 83 
   953 54.544 0.0 CA 87 
   750 117.242 0.0 N 69 
   1231 2.355 0.0 HB2 112 
   1052 176.85 0.0 C 95 
   355 43.64 0.0 CD 35 
   147 124.741 0.0 N 15 
   735 1.68 0.0 HG3 68 
   838 126.577 0.0 N 76 
   733 2.234 0.0 HB3 68 
   1182 8.243 0.0 H 108 
   567 2.232 0.0 HB3 53 
   1350 117.2 0.0 CE2 120 
   1335 127.86 0.0 NE1 119 
   492 119.529 0.0 N 46 
   1087 117.405 0.0 N 97 
   201 8.213 0.0 H 20 
   180 24.068 0.0 CD2 18 
   588 8.069 0.0 H 55 
   1075 4.526 0.0 HA 97 
   574 32.371 0.0 CB 53 
   451 2.209 0.0 HB2 43 
   1122 3.604 0.0 HD2 102 
   516 0.502 0.0 HG13 48 
   335 29.362 0.0 CB 33 
   197 25.042 0.0 CD1 19 
   1099 44.307 0.0 CD 98 
   1235 7.192 0.0 HE1 112 
   1379 2.039 0.0 HB3 123 
   159 1.735 0.0 HG3 17 
   674 3.769 0.0 HA 63 
   377 1.502 0.0 HB3 37 
   348 1.396 0.0 HB2 35 
   1042 22.085 0.0 CB 94 
   1291 177.209 0.0 C 116 
   1178 51.578 0.0 CA 107 
   194 179.45 0.0 C 19 
   1308 1.253 0.0 HG2 118 
   1275 129.57 0.0 N 114 
   613 43.64 0.0 CD 56 
   1286 1.977 0.0 HB3 116 
   1268 0.415 0.0 HG3 114 
   664 31.254 0.0 CB 61 
   389 18.195 0.0 CB 38 
   178 39.261 0.0 CB 18 
   784 6.582 0.0 HE1 73 
   405 8.09 0.0 H 40 
   2 1.908 0.0 HB2 1 
   525 122.147 0.0 N 48 
   537 4.576 0.0 HA 50 
   1090 1.732 0.0 HB2 98 
   651 57.15 0.0 CA 59 
   1241 131.451 0.0 CD2 112 
   1312 33.592 0.0 CB 118 
   207 52.729 0.0 CA 20 
   966 3.95 0.0 HB 89 
   221 43.564 0.0 CD 21 
   860 0.813 0.0 HG22 78 
   840 4.666 0.0 HA 77 
   104 7.598 0.0 HD1 11 
   177 57.052 0.0 CA 18 
   457 8.229 0.0 H 44 
   686 20.93 0.0 CG2 63 
   831 1.027 0.0 HG 76 
   604 1.897 0.0 HB2 56 
   672 119.139 0.0 N 62 
   1183 4.864 0.0 HA 108 
   1125 1.9 0.0 HG3 102 
   497 0.204 0.0 HD12 47 
   1336 9.145 0.0 H 120 
   269 176.4 0.0 C 26 
   779 4.308 0.0 HA 73 
   1089 4.874 0.0 HA 98 
   446 43.345 0.0 CE 42 
   530 2.295 0.0 HG2 49 
   250 4.576 0.0 HA 24 
   593 3.145 0.0 HD3 55 
   64 62.352 0.0 CB 7 
   852 127.184 0.0 N 77 
   1423 61.46 0.0 CA 127 
   1059 5.374 0.0 HA 96 
   1282 21.244 0.0 CB 115 
   1294 43.34 0.0 CD 116 
   264 124.685 0.0 N 25 
   1048 3.15 0.0 HD2 95 
   21 9.38 0.0 H 3 
   873 0.654 0.0 HD12 79 
   1173 5.583 0.0 HA 107 
   363 6.75 0.0 HE1 36 
   347 4.006 0.0 HA 35 
   1277 4.579 0.0 HA 115 
   515 0.502 0.0 HG12 48 
   506 34.745 0.0 CB 47 
   1161 57.248 0.0 CA 105 
   249 8.642 0.0 H 24 
   199 28.47 0.0 CG 19 
   1189 54.005 0.0 CA 108 
   1038 1.937 0.0 HB2 94 
   932 42.015 0.0 CE 84 
   782 7.023 0.0 HD1 73 
   982 1.127 0.0 HG22 90 
   493 6.884 0.0 H 47 
   780 2.454 0.0 HB2 73 
   29 7.153 0.0 H 4 
   505 61.81 0.0 CA 47 
   294 28.57 0.0 CB 29 
   887 4.158 0.0 HA2 80 
   208 18.852 0.0 CB 20 
   145 64.155 0.0 CA 15 
   915 56.075 0.0 CA 83 
   719 55.495 0.0 CA 66 
   624 7.609 0.0 H 58 
   922 1.823 0.0 HB3 84 
   191 0.146 0.0 HD22 19 
   165 6.545 0.0 H 18 
   1417 0.549 0.0 HG12 127 
   1318 2.77 0.0 HB2 119 
   187 0.589 0.0 HD11 19 
   1301 103.666 0.0 N 117 
   1034 118.019 0.0 N 93 
   1192 128.36 0.0 N 108 
   700 3.481 0.0 HA 65 
   879 177.507 0.0 C 79 
   452 2.821 0.0 HB3 43 
   923 1.726 0.0 HD2 84 
   1228 111.8 0.0 NE2 111 
   977 2.119 0.0 HB 90 
   514 0.502 0.0 HG11 48 
   439 3.169 0.0 HE3 42 
   234 110.883 0.0 N 22 
   442 175.119 0.0 C 42 
   157 3.281 0.0 HD3 17 
   443 56.288 0.0 CA 42 
   244 54.444 0.0 CA 23 
   897 57.259 0.0 CA 81 
   85 29.151 0.0 CD 9 
   158 1.735 0.0 HG2 17 
   1197 3.139 0.0 HD2 109 
   94 1.269 0.0 HG23 10 
   462 7.23 0.0 HD2 44 
   1100 27.715 0.0 CG 98 
   1234 7.09 0.0 HD2 112 
   1227 121.905 0.0 N 111 
   869 4.345 0.0 HA 79 
   1049 3.25 0.0 HD3 95 
   503 0.479 0.0 HG23 47 
   373 8.907 0.0 H 37 
   988 22.42 0.0 CG2 90 
   317 179.245 0.0 C 31 
   337 27.53 0.0 CG 33 
   487 6.55 0.0 HE1 46 
   1372 172.256 0.0 C 122 
   1083 54.951 0.0 CA 97 
   1143 4.495 0.0 HA 104 
   698 113.408 0.0 ND2 64 
   800 0.739 0.0 HD13 74 
   746 179.081 0.0 C 69 
   917 36.115 0.0 CG 83 
   342 175.96 0.0 C 34 
   455 40.453 0.0 CB 43 
   1363 130.74 0.0 CD1 121 
   585 29.521 0.0 CB 54 
   215 3.225 0.0 HD3 21 
   316 1.485 0.0 HG 31 
   872 0.654 0.0 HD11 79 
   964 8.86 0.0 H 89 
   1326 175.5 0.0 C 119 
   702 1.467 0.0 HB3 65 
   103 3.085 0.0 HB3 11 
   99 112.657 0.0 N 10 
   713 7.586 0.0 H 66 
   1131 8.534 0.0 H 103 
   807 25.72 0.0 CD1 74 
   940 4.069 0.0 HB3 86 
   1428 7.901 0.0 H 128 
   1014 131.4 0.0 CE1 92 
   990 9.047 0.0 H 91 
   663 59.65 0.0 CA 61 
   320 23.15 0.0 CD1 31 
   46 3.103 0.0 HB2 5 
   314 1.147 0.0 HD22 31 
   1412 127.644 0.0 N 126 
   961 172.34 0.0 C 88 
   789 130.4 0.0 CD1 73 
   1371 3.268 0.0 HB3 122 
   151 48.106 0.0 CA 16 
   855 1.94 0.0 HB 78 
   50 30.7 0.0 CB 5 
   71 111.582 0.0 N 8 
   661 7.15 0.0 HD2 61 
   925 3.003 0.0 HE2 84 
   1208 5.308 0.0 HA 110 
   679 0.909 0.0 HG21 63 
   1340 6.888 0.0 HD1 120 
   1053 54.651 0.0 CA 95 
   1309 1.253 0.0 HG3 118 
   214 3.225 0.0 HD2 21 
   956 27.468 0.0 CG 87 
   763 5.268 0.0 HA 71 
   673 7.917 0.0 H 63 
   1029 60.483 0.0 CA 93 
   889 171.34 0.0 C 80 
   1250 2.982 0.0 HD3 113 
   1168 172.62 0.0 C 106 
   1280 1.303 0.0 HB3 115 
   813 2.258 0.0 HB3 75 
   8 29.815 0.0 CB 1 
   219 56.614 0.0 CA 21 
   1317 4.567 0.0 HA 119 
   469 131.0 0.0 CD2 44 
   1094 1.576 0.0 HG2 98 
   170 0.885 0.0 HD12 18 
   1002 5.619 0.0 HA 92 
   1171 126.101 0.0 N 106 
   233 22.556 0.0 CG2 22 
   576 27.257 0.0 CG 53 
   627 1.619 0.0 HB3 58 
   90 4.478 0.0 HA 10 
   392 3.693 0.0 HA 39 
   1201 176.252 0.0 C 109 
   769 115.477 0.0 N 71 
   101 4.625 0.0 HA 11 
   998 31.557 0.0 CB 91 
   106 6.55 0.0 HE1 11 
   39 63.31 0.0 CA 4 
   23 2.6 0.0 HB2 3 
   602 7.466 0.0 H 56 
   408 1.098 0.0 HB2 40 
   829 0.582 0.0 HD22 76 
   504 178.5 0.0 C 47 
   444 27.542 0.0 CB 42 
   1422 174.707 0.0 C 127 
   1104 3.906 0.0 HA3 99 
   689 4.798 0.0 HA 64 
   255 64.524 0.0 CB 24 
   38 175.39 0.0 C 4 
   379 55.295 0.0 CA 37 
   760 36.478 0.0 CG 70 
   293 60.485 0.0 CA 29 
   1207 9.762 0.0 H 110 
   166 4.458 0.0 HA 18 
   466 61.65 0.0 CA 44 
   670 57.769 0.0 CA 62 
   820 119.876 0.0 N 75 
   847 175.2 0.0 C 77 
   1386 113.946 0.0 N 123 
   1226 32.464 0.0 CG 111 
   1198 3.139 0.0 HD3 109 
   833 53.317 0.0 CA 76 
   388 55.485 0.0 CA 38 
   1263 0.874 0.0 HD2 114 
   472 122.987 0.0 N 44 
   1103 3.975 0.0 HA2 99 
   1072 130.76 0.0 CE2 96 
   874 0.654 0.0 HD13 79 
   319 39.75 0.0 CB 31 
   1085 43.79 0.0 CD 97 
   1151 54.05 0.0 CA 104 
   385 1.672 0.0 HB2 38 
   1127 62.11 0.0 CA 102 
   538 4.595 0.0 HB 50 
   13 2.932 0.0 HB3 2 
   642 7.394 0.0 H 59 
   947 2.189 0.0 HB3 87 
   518 0.798 0.0 HG22 48 
   596 173.52 0.0 C 55 
   659 3.312 0.0 HB2 61 
   139 126.164 0.0 N 14 
   573 65.11 0.0 CA 53 
   1320 6.8 0.0 HD1 119 
   714 4.151 0.0 HA 66 
   743 2.139 0.0 HB3 69 
   1327 57.495 0.0 CA 119 
   138 29.87 0.0 CB 14 
   630 0.92 0.0 HD13 58 
   979 0.545 0.0 HG12 90 
   1237 175.205 0.0 C 112 
   584 57.145 0.0 CA 54 
   854 4.11 0.0 HA 78 
   1395 1.946 0.0 HB2 125 
   66 9.283 0.0 H 8 
