   1387 8.786 0.0 H 124 
   1103 3.975 0.0 HA2 99 
   931 29.25 0.0 CD 84 
   1099 44.307 0.0 CD 98 
   517 0.798 0.0 HG21 48 
   777 122.633 0.0 N 72 
   275 1.096 0.0 HB2 28 
   687 121.325 0.0 N 63 
   929 55.741 0.0 CA 84 
   1033 17.492 0.0 CG2 93 
   235 7.348 0.0 H 23 
   1340 6.888 0.0 HD1 120 
   982 1.127 0.0 HG22 90 
   1017 9.184 0.0 H 93 
   764 2.725 0.0 HB2 71 
   309 1.028 0.0 HB3 31 
   752 4.368 0.0 HA 70 
   856 0.751 0.0 HG11 78 
   775 52.5 0.0 CA 72 
   1375 125.692 0.0 N 122 
   110 39.46 0.0 CB 11 
   236 4.518 0.0 HA 23 
   941 172.805 0.0 C 86 
   1406 1.334 0.0 HB1 126 
   1078 3.228 0.0 HD2 97 
   346 8.345 0.0 H 35 
   1344 176.52 0.0 C 120 
   813 2.258 0.0 HB3 75 
   1292 56.584 0.0 CA 116 
   72 7.934 0.0 H 9 
   1232 3.418 0.0 HB3 112 
   978 0.545 0.0 HG11 90 
   888 4.158 0.0 HA3 80 
   233 22.556 0.0 CG2 22 
   470 130.2 0.0 CE1 44 
   87 25.43 0.0 CG 9 
   1143 4.495 0.0 HA 104 
   715 1.416 0.0 HB1 66 
   736 178.3 0.0 C 68 
   1402 35.961 0.0 CG 125 
   1374 64.524 0.0 CB 122 
   1410 52.02 0.0 CA 126 
   1194 4.95 0.0 HA 109 
   1269 175.904 0.0 C 114 
   1331 124.3 0.0 CH2 119 
   1222 2.355 0.0 HG3 111 
   441 1.111 0.0 HG3 42 
   207 52.729 0.0 CA 20 
   145 64.155 0.0 CA 15 
   1334 121.469 0.0 N 119 
   2 1.908 0.0 HB2 1 
   1073 120.365 0.0 N 96 
   401 35.75 0.0 CB 39 
   1167 3.578 0.0 HB3 106 
   27 28.658 0.0 CB 3 
   1203 31.948 0.0 CB 109 
   1211 172.435 0.0 C 110 
   1070 131.6 0.0 CD2 96 
   972 72.876 0.0 CB 89 
   239 3.047 0.0 HD2 23 
   251 3.745 0.0 HB2 24 
   37 0.979 0.0 HG23 4 
   344 63.245 0.0 CB 34 
   1071 130.76 0.0 CE1 96 
   77 1.637 0.0 HD3 9 
   547 7.748 0.0 H 51 
   127 2.715 0.0 HB3 13 
   721 120.92 0.0 N 66 
   429 22.34 0.0 CD2 41 
   571 1.635 0.0 HG3 53 
   621 55.375 0.0 CA 57 
   95 175.801 0.0 C 10 
   920 4.584 0.0 HA 84 
   1069 131.6 0.0 CD1 96 
   455 40.453 0.0 CB 43 
   62 175.803 0.0 C 7 
   614 28.048 0.0 CG 56 
   76 1.637 0.0 HD2 9 
   1253 173.52 0.0 C 113 
   913 2.205 0.0 HG3 83 
   361 6.665 0.0 HD1 36 
   568 2.804 0.0 HD2 53 
   827 0.564 0.0 HD13 76 
   501 0.479 0.0 HG21 47 
   582 2.144 0.0 HG3 54 
   1317 4.567 0.0 HA 119 
   894 3.838 0.0 HB2 81 
   1161 57.248 0.0 CA 105 
   520 179.004 0.0 C 48 
   186 1.528 0.0 HB3 19 
   964 8.86 0.0 H 89 
   882 25.182 0.0 CD1 79 
   193 1.197 0.0 HG 19 
   1324 7.531 0.0 HZ2 119 
   271 19.685 0.0 CB 26 
   465 177.805 0.0 C 44 
   488 6.55 0.0 HE2 46 
   1201 176.252 0.0 C 109 
   784 6.582 0.0 HE1 73 
   1298 4.046 0.0 HA3 117 
   1132 4.002 0.0 HA 103 
   196 40.21 0.0 CB 19 
   690 2.951 0.0 HB2 64 
   1400 54.435 0.0 CA 125 
   322 27.664 0.0 CG 31 
   407 1.098 0.0 HB1 40 
   1170 33.628 0.0 CB 106 
   1140 37.102 0.0 CG 103 
   218 176.109 0.0 C 21 
   509 17.387 0.0 CG2 47 
   1114 7.925 0.0 H 101 
   1361 58.524 0.0 CA 121 
   1186 2.103 0.0 HG2 108 
   828 0.582 0.0 HD21 76 
   295 36.955 0.0 CG 29 
   118 2.63 0.0 HB2 12 
   702 1.467 0.0 HB3 65 
   765 3.17 0.0 HB3 71 
   970 173.801 0.0 C 89 
   450 4.875 0.0 HA 43 
   99 112.657 0.0 N 10 
   943 63.215 0.0 CB 86 
   1392 109.592 0.0 N 124 
   469 131.0 0.0 CD2 44 
   701 0.906 0.0 HB2 65 
   53 3.93 0.0 HA2 6 
   1432 55.945 0.0 CA 128 
   1381 1.878 0.0 HG3 123 
   522 32.041 0.0 CB 48 
   1373 60.295 0.0 CA 122 
   23 2.6 0.0 HB2 3 
   216 1.747 0.0 HG2 21 
   1024 1.216 0.0 HG13 93 
   956 27.468 0.0 CG 87 
   717 1.416 0.0 HB3 66 
   1005 7.035 0.0 HD1 92 
   1284 3.841 0.0 HA 116 
   138 29.87 0.0 CB 14 
   1431 2.483 0.0 HB3 128 
   1085 43.79 0.0 CD 97 
   662 177.2 0.0 C 61 
   539 0.509 0.0 HG21 50 
   997 53.955 0.0 CA 91 
   1156 8.499 0.0 H 105 
   1235 7.192 0.0 HE1 112 
   825 0.564 0.0 HD11 76 
   596 173.52 0.0 C 55 
   1305 1.514 0.0 HB3 118 
   255 64.524 0.0 CB 24 
   1416 0.549 0.0 HG11 127 
   835 25.728 0.0 CD1 76 
   1355 2.737 0.0 HB3 121 
   480 117.34 0.0 N 45 
   163 50.635 0.0 CD 17 
   1138 57.735 0.0 CA 103 
   379 55.295 0.0 CA 37 
   834 41.951 0.0 CB 76 
   925 3.003 0.0 HE2 84 
   260 1.324 0.0 HB2 25 
   351 2.92 0.0 HD3 35 
   1252 1.343 0.0 HG3 113 
   526 8.501 0.0 H 49 
   225 4.195 0.0 HA 22 
   1195 1.509 0.0 HB2 109 
   817 57.14 0.0 CA 75 
   404 119.108 0.0 N 39 
   1072 130.76 0.0 CE2 96 
   743 2.139 0.0 HB3 69 
   1084 34.642 0.0 CB 97 
   1119 4.446 0.0 HA 102 
   626 1.705 0.0 HB2 58 
   205 1.402 0.0 HB3 20 
   733 2.234 0.0 HB3 68 
   996 175.381 0.0 C 91 
   1405 4.473 0.0 HA 126 
   792 130.3 0.0 CE2 73 
   101 4.625 0.0 HA 11 
   1128 32.451 0.0 CB 102 
   477 178.0 0.0 C 45 
   518 0.798 0.0 HG22 48 
   868 9.244 0.0 H 79 
   1408 1.334 0.0 HB3 126 
   767 58.754 0.0 CA 71 
   819 36.619 0.0 CG 75 
   383 3.731 0.0 HA 38 
   1348 133.1 0.0 CD2 120 
   463 7.192 0.0 HE1 44 
   873 0.654 0.0 HD12 79 
   907 115.128 0.0 N 82 
   1155 112.996 0.0 NE2 104 
   1278 1.303 0.0 HB1 115 
   1365 130.84 0.0 CE1 121 
   636 54.812 0.0 CA 58 
   679 0.909 0.0 HG21 63 
   945 5.606 0.0 HA 87 
   514 0.502 0.0 HG11 48 
   303 54.5 0.0 CA 30 
   951 1.78 0.0 HG3 87 
   1034 118.019 0.0 N 93 
   886 7.635 0.0 H 80 
   29 7.153 0.0 H 4 
   174 0.718 0.0 HD23 18 
   992 1.996 0.0 HB2 91 
   836 23.57 0.0 CD2 76 
   1144 0.798 0.0 HB2 104 
   638 25.392 0.0 CD1 58 
   395 6.665 0.0 HD1 39 
   393 1.212 0.0 HB2 39 
   579 1.751 0.0 HB2 54 
   558 9.009 0.0 H 52 
   723 4.145 0.0 HA 67 
   1240 131.451 0.0 CD1 112 
   633 0.806 0.0 HD23 58 
   845 1.447 0.0 HG2 77 
   779 4.308 0.0 HA 73 
   1255 35.782 0.0 CB 113 
   1179 31.258 0.0 CB 107 
   530 2.295 0.0 HG2 49 
   45 4.584 0.0 HA 5 
   998 31.557 0.0 CB 91 
   500 0.837 0.0 HG13 47 
   496 0.204 0.0 HD11 47 
   895 3.878 0.0 HB3 81 
   280 -0.395 0.0 HG3 28 
   9 36.326 0.0 CG 1 
   1414 3.882 0.0 HA 127 
   738 32.56 0.0 CB 68 
   885 130.507 0.0 N 79 
   161 64.78 0.0 CA 17 
   1372 172.256 0.0 C 122 
   97 69.47 0.0 CB 10 
   1169 55.849 0.0 CA 106 
   1053 54.651 0.0 CA 95 
   203 1.402 0.0 HB1 20 
   619 2.609 0.0 HB3 57 
   292 177.415 0.0 C 29 
   1147 7.641 0.0 HE22 104 
   553 173.901 0.0 C 51 
   1289 1.586 0.0 HG2 116 
   396 6.665 0.0 HD2 39 
   993 1.996 0.0 HB3 91 
   575 50.1 0.0 CD 53 
   610 177.209 0.0 C 56 
   797 1.549 0.0 HB3 74 
   1371 3.268 0.0 HB3 122 
   1079 3.228 0.0 HD3 97 
   83 54.561 0.0 CA 9 
   617 4.653 0.0 HA 57 
   831 1.027 0.0 HG 76 
   973 21.775 0.0 CG2 89 
   44 8.155 0.0 H 5 
   1004 2.985 0.0 HB3 92 
   274 2.61 0.0 HA 28 
   113 118.8 0.0 CE1 11 
   524 21.395 0.0 CG2 48 
   261 1.324 0.0 HB3 25 
   1200 1.376 0.0 HG3 109 
   342 175.96 0.0 C 34 
   1045 5.608 0.0 HA 95 
   461 7.23 0.0 HD1 44 
   189 0.589 0.0 HD13 19 
   967 1.236 0.0 HG21 89 
   653 131.3 0.0 CD1 59 
   1178 51.578 0.0 CA 107 
   1115 4.033 0.0 HA2 101 
   864 32.119 0.0 CB 78 
   664 31.254 0.0 CB 61 
   503 0.479 0.0 HG23 47 
   969 1.236 0.0 HG23 89 
   909 4.892 0.0 HA 83 
   324 8.704 0.0 H 32 
   148 8.026 0.0 H 16 
   898 66.3 0.0 CB 81 
   1398 2.177 0.0 HG3 125 
   232 69.026 0.0 CB 22 
   1001 9.171 0.0 H 92 
   1214 125.774 0.0 N 110 
   1025 0.78 0.0 HG21 93 
   808 22.606 0.0 CD2 74 
   1104 3.906 0.0 HA3 99 
   253 174.356 0.0 C 24 
   375 1.502 0.0 HB1 37 
   1311 53.951 0.0 CA 118 
   1068 41.738 0.0 CB 96 
   944 8.091 0.0 H 87 
   753 2.006 0.0 HB2 70 
   134 2.552 0.0 HB2 14 
   796 1.361 0.0 HB2 74 
   952 175.019 0.0 C 87 
   1314 26.928 0.0 CG 118 
   475 2.716 0.0 HB2 45 
   1403 119.909 0.0 N 125 
   768 64.73 0.0 CB 71 
   1162 65.457 0.0 CB 105 
   684 32.281 0.0 CB 63 
   818 33.51 0.0 CB 75 
   742 2.066 0.0 HB2 69 
   726 178.407 0.0 C 67 
   1029 60.483 0.0 CA 93 
   599 42.47 0.0 CD 55 
   597 54.441 0.0 CA 55 
   928 1.428 0.0 HG3 84 
   1345 57.29 0.0 CA 120 
   1397 2.216 0.0 HG2 125 
   1100 27.715 0.0 CG 98 
   360 3.32 0.0 HB3 36 
   1429 4.298 0.0 HA 128 
   601 116.352 0.0 N 55 
   281 176.9 0.0 C 28 
   1088 9.754 0.0 H 98 
   802 0.741 0.0 HD22 74 
   991 5.776 0.0 HA 91 
   646 7.195 0.0 HD1 59 
   437 1.611 0.0 HD3 42 
   612 30.658 0.0 CB 56 
   325 122.625 0.0 N 32 
   958 8.529 0.0 H 88 
   1332 115.4 0.0 CZ2 119 
   801 0.741 0.0 HD21 74 
   386 1.672 0.0 HB3 38 
   11 4.752 0.0 HA 2 
   185 1.445 0.0 HB2 19 
   632 0.806 0.0 HD22 58 
   1256 43.47 0.0 CD 113 
   708 59.999 0.0 CA 65 
   699 8.562 0.0 H 65 
   1209 4.164 0.0 HB2 110 
   451 2.209 0.0 HB2 43 
   1109 3.905 0.0 HA2 100 
   838 126.577 0.0 N 76 
   963 107.686 0.0 N 88 
   149 2.895 0.0 HA2 16 
   147 124.741 0.0 N 15 
   889 171.34 0.0 C 80 
   900 8.975 0.0 H 82 
   63 59.829 0.0 CA 7 
   823 1.401 0.0 HB2 76 
   1091 1.925 0.0 HB3 98 
   949 3.345 0.0 HD3 87 
   975 9.02 0.0 H 90 
   1038 1.937 0.0 HB2 94 
   1399 174.408 0.0 C 125 
   1228 111.8 0.0 NE2 111 
   1013 132.1 0.0 CD2 92 
   790 130.4 0.0 CD2 73 
   580 1.751 0.0 HB3 54 
   273 109.233 0.0 N 27 
   265 4.443 0.0 HA 26 
   697 119.384 0.0 N 64 
   674 3.769 0.0 HA 63 
   1362 40.107 0.0 CB 121 
   1182 8.243 0.0 H 108 
   270 52.95 0.0 CA 26 
   91 4.483 0.0 HB 10 
   1268 0.415 0.0 HG3 114 
   177 57.052 0.0 CA 18 
   1360 174.025 0.0 C 121 
   248 118.381 0.0 N 23 
   1 4.155 0.0 HA 1 
   402 117.405 0.0 CE1 39 
   905 57.524 0.0 CA 82 
   650 174.42 0.0 C 59 
   1428 7.901 0.0 H 128 
   347 4.006 0.0 HA 35 
   922 1.823 0.0 HB3 84 
   228 1.138 0.0 HG22 22 
   890 45.632 0.0 CA 80 
   132 7.486 0.0 H 14 
   20 110.708 0.0 ND2 2 
   30 4.168 0.0 HA 4 
   52 7.704 0.0 H 6 
   264 124.685 0.0 N 25 
   320 23.15 0.0 CD1 31 
   959 3.563 0.0 HA2 88 
   1056 27.88 0.0 CG 95 
   24 2.948 0.0 HB3 3 
   431 115.848 0.0 N 41 
   787 60.0 0.0 CA 73 
   508 26.86 0.0 CG1 47 
   1111 175.32 0.0 C 100 
   593 3.145 0.0 HD3 55 
   73 4.514 0.0 HA 9 
   627 1.619 0.0 HB3 58 
   478 57.459 0.0 CA 45 
   51 120.403 0.0 N 5 
   135 2.938 0.0 HB3 14 
   363 6.75 0.0 HE1 36 
   28 124.395 0.0 N 3 
   561 2.488 0.0 HB3 52 
   287 3.38 0.0 HA 29 
   329 2.895 0.0 HD2 33 
   175 1.697 0.0 HG 18 
   388 55.485 0.0 CA 38 
   180 24.068 0.0 CD2 18 
   79 2.903 0.0 HE3 9 
   616 8.78 0.0 H 57 
   984 173.64 0.0 C 90 
   707 177.82 0.0 C 65 
   816 172.804 0.0 C 75 
   798 0.739 0.0 HD11 74 
   200 122.646 0.0 N 19 
   734 1.901 0.0 HG2 68 
   348 1.396 0.0 HB2 35 
   75 1.914 0.0 HB3 9 
   369 132.01 0.0 CD2 36 
   846 1.498 0.0 HG3 77 
   433 4.352 0.0 HA 42 
   69 174.204 0.0 C 8 
   586 36.72 0.0 CG 54 
   102 2.98 0.0 HB2 11 
   1215 9.274 0.0 H 111 
   121 56.0 0.0 CA 12 
   1168 172.62 0.0 C 106 
   328 1.468 0.0 HB3 33 
   46 3.103 0.0 HB2 5 
   170 0.885 0.0 HD12 18 
   832 175.7 0.0 C 76 
   1101 128.385 0.0 N 98 
   1165 4.998 0.0 HA 106 
   1136 2.0 0.0 HG3 103 
   538 4.595 0.0 HB 50 
   227 1.138 0.0 HG21 22 
   560 2.623 0.0 HB2 52 
   789 130.4 0.0 CD1 73 
   457 8.229 0.0 H 44 
   1190 34.517 0.0 CB 108 
   312 1.035 0.0 HD13 31 
   1158 3.656 0.0 HB2 105 
   459 2.887 0.0 HB2 44 
   1008 7.082 0.0 HE2 92 
