   988 22.42 0.0 CG2 90 
   437 1.611 0.0 HD3 42 
   141 4.006 0.0 HA 15 
   1301 103.666 0.0 N 117 
   52 7.704 0.0 H 6 
   1400 54.435 0.0 CA 125 
   765 3.17 0.0 HB3 71 
   692 6.936 0.0 HD21 64 
   954 33.678 0.0 CB 87 
   741 3.998 0.0 HA 69 
   315 1.147 0.0 HD23 31 
   115 124.022 0.0 N 11 
   164 28.471 0.0 CG 17 
   637 41.906 0.0 CB 58 
   1001 9.171 0.0 H 92 
   48 175.9 0.0 C 5 
   581 2.144 0.0 HG2 54 
   822 4.769 0.0 HA 76 
   402 117.405 0.0 CE1 39 
   501 0.479 0.0 HG21 47 
   547 7.748 0.0 H 51 
   896 172.936 0.0 C 81 
   1287 3.215 0.0 HD2 116 
   1020 0.535 0.0 HD11 93 
   742 2.066 0.0 HB2 69 
   763 5.268 0.0 HA 71 
   350 2.92 0.0 HD2 35 
   817 57.14 0.0 CA 75 
   906 66.204 0.0 CB 82 
   213 2.277 0.0 HB3 21 
   1027 0.78 0.0 HG23 93 
   1281 51.415 0.0 CA 115 
   1127 62.11 0.0 CA 102 
   19 118.889 0.0 N 2 
   1034 118.019 0.0 N 93 
   826 0.564 0.0 HD12 76 
   1399 174.408 0.0 C 125 
   688 7.698 0.0 H 64 
   999 36.712 0.0 CG 91 
   1157 5.357 0.0 HA 105 
   658 4.325 0.0 HA 61 
   552 1.179 0.0 HG23 51 
   829 0.582 0.0 HD22 76 
   1240 131.451 0.0 CD1 112 
   613 43.64 0.0 CD 56 
   103 3.085 0.0 HB3 11 
   389 18.195 0.0 CB 38 
   456 123.108 0.0 N 43 
   1309 1.253 0.0 HG3 118 
   1078 3.228 0.0 HD2 97 
   610 177.209 0.0 C 56 
   714 4.151 0.0 HA 66 
   563 43.019 0.0 CB 52 
   549 4.218 0.0 HB 51 
   272 7.106 0.0 H 27 
   789 130.4 0.0 CD1 73 
   722 7.759 0.0 H 67 
   962 45.449 0.0 CA 88 
   399 178.1 0.0 C 39 
   1343 6.86 0.0 HE2 120 
   409 1.098 0.0 HB3 40 
   363 6.75 0.0 HE1 36 
   858 0.751 0.0 HG13 78 
   179 25.729 0.0 CD1 18 
   1263 0.874 0.0 HD2 114 
   952 175.019 0.0 C 87 
   1156 8.499 0.0 H 105 
   1299 173.43 0.0 C 117 
   1016 124.784 0.0 N 92 
   384 1.672 0.0 HB1 38 
   1243 130.35 0.0 CE2 112 
   1420 0.266 0.0 HG22 127 
   401 35.75 0.0 CB 39 
   1358 7.175 0.0 HE1 121 
   910 1.923 0.0 HB2 83 
   1396 2.028 0.0 HB3 125 
   413 121.155 0.0 N 40 
   282 64.51 0.0 CA 28 
   157 3.281 0.0 HD3 17 
   1280 1.303 0.0 HB3 115 
   1224 53.985 0.0 CA 111 
   1398 2.177 0.0 HG3 125 
   750 117.242 0.0 N 69 
   1405 4.473 0.0 HA 126 
   1025 0.78 0.0 HG21 93 
   791 130.3 0.0 CE1 73 
   985 62.035 0.0 CA 90 
   855 1.94 0.0 HB 78 
   1103 3.975 0.0 HA2 99 
   240 3.047 0.0 HD3 23 
   595 1.669 0.0 HG3 55 
   1168 172.62 0.0 C 106 
   428 25.612 0.0 CD1 41 
   56 46.424 0.0 CA 6 
   664 31.254 0.0 CB 61 
   740 8.744 0.0 H 69 
   285 26.46 0.0 CG 28 
   417 1.555 0.0 HB3 41 
   562 51.935 0.0 CA 52 
   438 3.341 0.0 HE2 42 
   585 29.521 0.0 CB 54 
   834 41.951 0.0 CB 76 
   812 1.784 0.0 HB2 75 
   393 1.212 0.0 HB2 39 
   1247 1.796 0.0 HB2 113 
   469 131.0 0.0 CD2 44 
   1137 175.818 0.0 C 103 
   1288 3.215 0.0 HD3 116 
   31 2.078 0.0 HB 4 
   544 69.63 0.0 CB 50 
   1205 28.708 0.0 CG 109 
   972 72.876 0.0 CB 89 
   1285 1.856 0.0 HB2 116 
   398 6.565 0.0 HE2 39 
   397 6.565 0.0 HE1 39 
   327 0.908 0.0 HB2 33 
   1308 1.253 0.0 HG2 118 
   1302 7.628 0.0 H 118 
   122 40.455 0.0 CB 12 
   1146 6.978 0.0 HE21 104 
   946 2.018 0.0 HB2 87 
   650 174.42 0.0 C 59 
   669 179.5 0.0 C 62 
   1030 42.274 0.0 CB 93 
   1169 55.849 0.0 CA 106 
   126 2.443 0.0 HB2 13 
   486 6.77 0.0 HD2 46 
   1172 8.819 0.0 H 107 
   682 178.94 0.0 C 63 
   6 176.41 0.0 C 1 
   434 2.401 0.0 HB2 42 
   323 119.402 0.0 N 31 
   1222 2.355 0.0 HG3 111 
   1161 57.248 0.0 CA 105 
   902 3.83 0.0 HB2 82 
   612 30.658 0.0 CB 56 
   306 7.782 0.0 H 31 
   1186 2.103 0.0 HG2 108 
   1183 4.864 0.0 HA 108 
   1228 111.8 0.0 NE2 111 
   980 0.545 0.0 HG13 90 
   666 4.346 0.0 HA 62 
   1111 175.32 0.0 C 100 
   284 50.19 0.0 CD 28 
   814 1.996 0.0 HG2 75 
   1223 174.94 0.0 C 111 
   220 27.115 0.0 CB 21 
   1431 2.483 0.0 HB3 128 
   228 1.138 0.0 HG22 22 
   597 54.441 0.0 CA 55 
   745 2.478 0.0 HG3 69 
   797 1.549 0.0 HB3 74 
   531 2.295 0.0 HG3 49 
   680 0.909 0.0 HG22 63 
   227 1.138 0.0 HG21 22 
   646 7.195 0.0 HD1 59 
   589 4.668 0.0 HA 55 
   1236 7.192 0.0 HE2 112 
   253 174.356 0.0 C 24 
   922 1.823 0.0 HB3 84 
   746 179.081 0.0 C 69 
   519 0.798 0.0 HG23 48 
   210 7.678 0.0 H 21 
   205 1.402 0.0 HB3 20 
   172 0.718 0.0 HD21 18 
   756 2.383 0.0 HG3 70 
   276 0.895 0.0 HB3 28 
   1254 54.651 0.0 CA 113 
   211 3.989 0.0 HA 21 
   1418 0.549 0.0 HG13 127 
   1256 43.47 0.0 CD 113 
   1007 7.082 0.0 HE1 92 
   1047 1.75 0.0 HB3 95 
   1375 125.692 0.0 N 122 
   815 1.996 0.0 HG3 75 
   799 0.739 0.0 HD12 74 
   249 8.642 0.0 H 24 
   1195 1.509 0.0 HB2 109 
   1012 132.1 0.0 CD1 92 
   970 173.801 0.0 C 89 
   640 26.923 0.0 CG 58 
   430 27.053 0.0 CG 41 
   729 118.219 0.0 N 67 
   283 31.061 0.0 CB 28 
   1120 1.866 0.0 HB2 102 
   476 2.593 0.0 HB3 45 
   84 35.172 0.0 CB 9 
   447 25.37 0.0 CG 42 
   223 110.82 0.0 N 21 
   576 27.257 0.0 CG 53 
   116 8.466 0.0 H 12 
   481 7.764 0.0 H 46 
   557 121.694 0.0 N 51 
   764 2.725 0.0 HB2 71 
   926 3.003 0.0 HE3 84 
   851 27.258 0.0 CG 77 
   471 130.2 0.0 CE2 44 
   739 117.484 0.0 N 68 
   931 29.25 0.0 CD 84 
   806 44.31 0.0 CB 74 
   1221 2.437 0.0 HG2 111 
   304 18.495 0.0 CB 30 
   880 56.012 0.0 CA 79 
   1104 3.906 0.0 HA3 99 
   523 23.105 0.0 CG1 48 
   555 68.659 0.0 CB 51 
   647 7.195 0.0 HD2 59 
   336 43.145 0.0 CD 33 
   22 4.002 0.0 HA 3 
   795 4.432 0.0 HA 74 
   182 116.726 0.0 N 18 
   119 2.469 0.0 HB3 12 
   324 8.704 0.0 H 32 
   290 1.995 0.0 HG2 29 
   362 6.665 0.0 HD2 36 
   644 3.02 0.0 HB2 59 
   772 2.638 0.0 HB2 72 
   1335 127.86 0.0 NE1 119 
   823 1.401 0.0 HB2 76 
   869 4.345 0.0 HA 79 
   1284 3.841 0.0 HA 116 
   673 7.917 0.0 H 63 
   844 3.09 0.0 HD3 77 
   545 19.875 0.0 CG2 50 
   592 3.145 0.0 HD2 55 
   813 2.258 0.0 HB3 75 
   1227 121.905 0.0 N 111 
   412 17.695 0.0 CB 40 
   676 0.998 0.0 HG11 63 
   499 1.064 0.0 HG12 47 
   616 8.78 0.0 H 57 
   1062 6.815 0.0 HD1 96 
   1234 7.09 0.0 HD2 112 
   964 8.86 0.0 H 89 
   679 0.909 0.0 HG21 63 
   1344 176.52 0.0 C 120 
   973 21.775 0.0 CG2 89 
   1384 32.175 0.0 CB 123 
   559 3.741 0.0 HA 52 
   614 28.048 0.0 CG 56 
   98 22.425 0.0 CG2 10 
   274 2.61 0.0 HA 28 
   63 59.829 0.0 CA 7 
   626 1.705 0.0 HB2 58 
   136 175.105 0.0 C 14 
   1255 35.782 0.0 CB 113 
   195 57.701 0.0 CA 19 
   1419 0.266 0.0 HG21 127 
   1402 35.961 0.0 CG 125 
   804 176.95 0.0 C 74 
   1282 21.244 0.0 CB 115 
   798 0.739 0.0 HD11 74 
   155 2.166 0.0 HB3 17 
   1387 8.786 0.0 H 124 
   1121 2.271 0.0 HB3 102 
   443 56.288 0.0 CA 42 
   1252 1.343 0.0 HG3 113 
   345 111.582 0.0 N 34 
   16 175.445 0.0 C 2 
   553 173.901 0.0 C 51 
   543 61.38 0.0 CA 50 
   824 -0.729 0.0 HB3 76 
   901 4.747 0.0 HA 82 
   1122 3.604 0.0 HD2 102 
   516 0.502 0.0 HG13 48 
   943 63.215 0.0 CB 86 
   1225 30.155 0.0 CB 111 
   1362 40.107 0.0 CB 121 
   1046 1.85 0.0 HB2 95 
   1365 130.84 0.0 CE1 121 
   1251 1.61 0.0 HG2 113 
   288 1.619 0.0 HB2 29 
   949 3.345 0.0 HD3 87 
   1022 0.535 0.0 HD13 93 
   513 2.008 0.0 HB 48 
   294 28.57 0.0 CB 29 
   1271 32.422 0.0 CB 114 
   273 109.233 0.0 N 27 
   539 0.509 0.0 HG21 50 
   778 8.75 0.0 H 73 
   1260 4.664 0.0 HA 114 
   660 3.215 0.0 HB3 61 
   1371 3.268 0.0 HB3 122 
   77 1.637 0.0 HD3 9 
   1333 121.55 0.0 CZ3 119 
   784 6.582 0.0 HE1 73 
   996 175.381 0.0 C 91 
   808 22.606 0.0 CD2 74 
   296 116.67 0.0 N 29 
   588 8.069 0.0 H 55 
   131 117.361 0.0 N 13 
   572 178.7 0.0 C 53 
   1143 4.495 0.0 HA 104 
   560 2.623 0.0 HB2 52 
   1269 175.904 0.0 C 114 
   997 53.955 0.0 CA 91 
   975 9.02 0.0 H 90 
   129 53.219 0.0 CA 13 
   221 43.564 0.0 CD 21 
   940 4.069 0.0 HB3 86 
   951 1.78 0.0 HG3 87 
   1322 7.275 0.0 HE3 119 
   104 7.598 0.0 HD1 11 
   217 1.747 0.0 HG3 21 
   118 2.63 0.0 HB2 12 
   1230 5.485 0.0 HA 112 
   1024 1.216 0.0 HG13 93 
   387 180.2 0.0 C 38 
   709 29.462 0.0 CB 65 
   925 3.003 0.0 HE2 84 
   271 19.685 0.0 CB 26 
   125 4.805 0.0 HA 13 
   1378 1.863 0.0 HB2 123 
   534 36.304 0.0 CG 49 
   1426 20.19 0.0 CG2 127 
   203 1.402 0.0 HB1 20 
   1149 1.867 0.0 HG3 104 
   870 1.251 0.0 HB2 79 
   665 8.376 0.0 H 62 
   191 0.146 0.0 HD22 19 
   1424 32.581 0.0 CB 127 
   464 7.192 0.0 HE2 44 
   1076 1.689 0.0 HB2 97 
   1130 27.111 0.0 CG 102 
   753 2.006 0.0 HB2 70 
   266 1.485 0.0 HB1 26 
   64 62.352 0.0 CB 7 
   1112 45.456 0.0 CA 100 
   196 40.21 0.0 CB 19 
   1351 115.506 0.0 N 120 
   730 8.221 0.0 H 68 
   641 118.45 0.0 N 58 
   548 4.625 0.0 HA 51 
   340 3.692 0.0 HB2 34 
   461 7.23 0.0 HD1 44 
   1320 6.8 0.0 HD1 119 
   1382 173.108 0.0 C 123 
   366 62.75 0.0 CA 36 
   506 34.745 0.0 CB 47 
   706 1.16 0.0 HG3 65 
   380 18.245 0.0 CB 37 
   720 17.675 0.0 CB 66 
   123 116.209 0.0 N 12 
   776 42.88 0.0 CB 72 
   1151 54.05 0.0 CA 104 
   1171 126.101 0.0 N 106 
   930 33.692 0.0 CB 84 
   1331 124.3 0.0 CH2 119 
   92 1.269 0.0 HG21 10 
   111 133.6 0.0 CD1 11 
   151 48.106 0.0 CA 16 
   1390 172.204 0.0 C 124 
   1134 1.823 0.0 HB3 103 
   1206 122.752 0.0 N 109 
   704 2.83 0.0 HD3 65 
   702 1.467 0.0 HB3 65 
   267 1.485 0.0 HB2 26 
   751 7.986 0.0 H 70 
   138 29.87 0.0 CB 14 
   257 8.255 0.0 H 25 
   762 7.151 0.0 H 71 
   793 124.281 0.0 N 73 
   623 116.726 0.0 N 57 
   1355 2.737 0.0 HB3 121 
   1117 44.635 0.0 CA 101 
   916 33.087 0.0 CB 83 
   1003 3.186 0.0 HB2 92 
   348 1.396 0.0 HB2 35 
   34 0.979 0.0 HG13 4 
   347 4.006 0.0 HA 35 
   451 2.209 0.0 HB2 43 
   1386 113.946 0.0 N 123 
   1244 119.879 0.0 N 112 
   786 175.7 0.0 C 73 
   145 64.155 0.0 CA 15 
   573 65.11 0.0 CA 53 
   112 133.6 0.0 CD2 11 
   944 8.091 0.0 H 87 
   517 0.798 0.0 HG21 48 
   390 119.703 0.0 N 38 
   379 55.295 0.0 CA 37 
   219 56.614 0.0 CA 21 
   575 50.1 0.0 CD 53 
   414 8.557 0.0 H 41 
   1368 8.557 0.0 H 122 
   1188 173.31 0.0 C 108 
   242 1.415 0.0 HG3 23 
   850 43.64 0.0 CD 77 
   554 64.045 0.0 CA 51 
   1312 33.592 0.0 CB 118 
   888 4.158 0.0 HA3 80 
   1323 6.967 0.0 HH2 119 
   1063 6.815 0.0 HD2 96 
   1148 2.037 0.0 HG2 104 
   1277 4.579 0.0 HA 115 
   1432 55.945 0.0 CA 128 
   1207 9.762 0.0 H 110 
   9 36.326 0.0 CG 1 
   848 54.625 0.0 CA 77 
   1342 6.86 0.0 HE1 120 
   843 3.09 0.0 HD2 77 
   566 1.839 0.0 HB2 53 
   1372 172.256 0.0 C 122 
   3 2.003 0.0 HB3 1 
   235 7.348 0.0 H 23 
   475 2.716 0.0 HB2 45 
   183 8.075 0.0 H 19 
   431 115.848 0.0 N 41 
   978 0.545 0.0 HG11 90 
   43 128.077 0.0 N 4 
   1326 175.5 0.0 C 119 
   1004 2.985 0.0 HB3 92 
   1286 1.977 0.0 HB3 116 
   604 1.897 0.0 HB2 56 
   490 62.32 0.0 CA 46 
   1314 26.928 0.0 CG 118 
   130 42.509 0.0 CB 13 
   1190 34.517 0.0 CB 108 
   667 2.758 0.0 HB2 62 
   574 32.371 0.0 CB 53 
   503 0.479 0.0 HG23 47 
   250 4.576 0.0 HA 24 
   860 0.813 0.0 HG22 78 
   1002 5.619 0.0 HA 92 
   569 2.514 0.0 HD3 53 
   489 178.007 0.0 C 46 
   193 1.197 0.0 HG 19 
   1273 41.456 0.0 CE 114 
   1421 0.266 0.0 HG23 127 
   1072 130.76 0.0 CE2 96 
   353 60.124 0.0 CA 35 
   187 0.589 0.0 HD11 19 
   818 33.51 0.0 CB 75 
   727 60.29 0.0 CA 67 
   599 42.47 0.0 CD 55 
   1165 4.998 0.0 HA 106 
   1019 1.4 0.0 HB 93 
   1272 29.151 0.0 CD 114 
   1010 56.13 0.0 CA 92 
   961 172.34 0.0 C 88 
   924 1.726 0.0 HD3 84 
   1068 41.738 0.0 CB 96 
   1327 57.495 0.0 CA 119 
   1266 2.265 0.0 HE3 114 
   124 7.445 0.0 H 13 
   507 10.335 0.0 CD1 47 
   298 3.898 0.0 HA 30 
   492 119.529 0.0 N 46 
   483 2.559 0.0 HB2 46 
   528 1.945 0.0 HB2 49 
   878 1.524 0.0 HG 79 
   1058 8.865 0.0 H 96 
   60 3.922 0.0 HB2 7 
   1023 0.459 0.0 HG12 93 
   522 32.041 0.0 CB 48 
   1373 60.295 0.0 CA 122 
   1142 8.938 0.0 H 104 
   1033 17.492 0.0 CG2 93 
   1394 4.687 0.0 HA 125 
   292 177.415 0.0 C 29 
   1158 3.656 0.0 HB2 105 
   785 6.582 0.0 HE2 73 
   1203 31.948 0.0 CB 109 
   364 6.75 0.0 HE2 36 
   335 29.362 0.0 CB 33 
   1152 33.32 0.0 CB 104 
   561 2.488 0.0 HB3 52 
   493 6.884 0.0 H 47 
   237 1.524 0.0 HB2 23 
   1140 37.102 0.0 CG 103 
   154 1.368 0.0 HB2 17 
   252 3.83 0.0 HB3 24 
   459 2.887 0.0 HB2 44 
   372 120.099 0.0 N 36 
   1133 1.744 0.0 HB2 103 
   662 177.2 0.0 C 61 
   1008 7.082 0.0 HE2 92 
   1180 115.4 0.0 CD2 107 
   391 7.838 0.0 H 39 
   1279 1.303 0.0 HB2 115 
   803 0.741 0.0 HD23 74 
   687 121.325 0.0 N 63 
   643 4.571 0.0 HA 59 
   121 56.0 0.0 CA 12 
   773 2.475 0.0 HB3 72 
   114 118.8 0.0 CE2 11 
   341 4.198 0.0 HB3 34 
   171 0.885 0.0 HD13 18 
   280 -0.395 0.0 HG3 28 
   238 1.707 0.0 HB3 23 
   859 0.813 0.0 HG21 78 
   821 8.538 0.0 H 76 
   72 7.934 0.0 H 9 
   1084 34.642 0.0 CB 97 
   343 60.984 0.0 CA 34 
   502 0.479 0.0 HG22 47 
   945 5.606 0.0 HA 87 
   630 0.92 0.0 HD13 58 
   1114 7.925 0.0 H 101 
   841 1.734 0.0 HB2 77 
   1329 125.3 0.0 CD1 119 
   958 8.529 0.0 H 88 
   396 6.665 0.0 HD2 39 
   120 175.224 0.0 C 12 
   686 20.93 0.0 CG2 63 
   1268 0.415 0.0 HG3 114 
   1 4.155 0.0 HA 1 
   703 2.83 0.0 HD2 65 
   1085 43.79 0.0 CD 97 
   515 0.502 0.0 HG12 48 
   243 174.2 0.0 C 23 
   861 0.813 0.0 HG23 78 
   1066 171.75 0.0 C 96 
   212 2.193 0.0 HB2 21 
   173 0.718 0.0 HD22 18 
   1048 3.15 0.0 HD2 95 
   619 2.609 0.0 HB3 57 
   758 56.417 0.0 CA 70 
   1031 14.095 0.0 CD1 93 
   41 21.175 0.0 CG1 4 
   862 176.104 0.0 C 78 
   454 51.354 0.0 CA 43 
   143 2.495 0.0 HB3 15 
   1250 2.982 0.0 HD3 113 
   737 59.89 0.0 CA 68 
   1126 176.9 0.0 C 102 
   458 3.905 0.0 HA 44 
   1325 6.69 0.0 HZ3 119 
   355 43.64 0.0 CD 35 
   965 5.861 0.0 HA 89 
   1315 121.34 0.0 N 118 
   1249 3.346 0.0 HD2 113 
   1036 5.859 0.0 HA 94 
   286 8.098 0.0 H 29 
   1201 176.252 0.0 C 109 
   403 117.405 0.0 CE2 39 
   866 21.285 0.0 CG2 78 
   76 1.637 0.0 HD2 9 
   1290 1.586 0.0 HG3 116 
   847 175.2 0.0 C 77 
   683 65.63 0.0 CA 63 
   993 1.996 0.0 HB3 91 
   160 177.301 0.0 C 17 
   169 0.885 0.0 HD11 18 
   938 4.317 0.0 HA 86 
   1090 1.732 0.0 HB2 98 
   712 122.45 0.0 N 65 
   224 8.268 0.0 H 22 
   508 26.86 0.0 CG1 47 
   1136 2.0 0.0 HG3 103 
   93 1.269 0.0 HG22 10 
   833 53.317 0.0 CA 76 
   239 3.047 0.0 HD2 23 
   39 63.31 0.0 CA 4 
   872 0.654 0.0 HD11 79 
   265 4.443 0.0 HA 26 
   1376 6.575 0.0 H 123 
   410 179.8 0.0 C 40 
   846 1.498 0.0 HG3 77 
   1006 7.035 0.0 HD2 92 
   81 1.315 0.0 HG3 9 
   1242 130.35 0.0 CE1 112 
   51 120.403 0.0 N 5 
   233 22.556 0.0 CG2 22 
   809 123.697 0.0 N 74 
   230 174.64 0.0 C 22 
   400 62.201 0.0 CA 39 
   1350 117.2 0.0 CE2 120 
   26 63.959 0.0 CA 3 
   107 6.55 0.0 HE2 11 
   1403 119.909 0.0 N 125 
   1101 128.385 0.0 N 98 
   1147 7.641 0.0 HE22 104 
