   617 4.653 0.0 HA 57 
   1372 172.256 0.0 C 122 
   510 119.187 0.0 N 47 
   545 19.875 0.0 CG2 50 
   395 6.665 0.0 HD1 39 
   1059 5.374 0.0 HA 96 
   814 1.996 0.0 HG2 75 
   631 0.806 0.0 HD21 58 
   447 25.37 0.0 CG 42 
   704 2.83 0.0 HD3 65 
   227 1.138 0.0 HG21 22 
   74 1.533 0.0 HB2 9 
   270 52.95 0.0 CA 26 
   926 3.003 0.0 HE3 84 
   803 0.741 0.0 HD23 74 
   437 1.611 0.0 HD3 42 
   1402 35.961 0.0 CG 125 
   1142 8.938 0.0 H 104 
   341 4.198 0.0 HB3 34 
   1109 3.905 0.0 HA2 100 
   237 1.524 0.0 HB2 23 
   276 0.895 0.0 HB3 28 
   1330 119.204 0.0 CE3 119 
   296 116.67 0.0 N 29 
   574 32.371 0.0 CB 53 
   1424 32.581 0.0 CB 127 
   981 1.127 0.0 HG21 90 
   806 44.31 0.0 CB 74 
   47 2.92 0.0 HB3 5 
   705 1.16 0.0 HG2 65 
   985 62.035 0.0 CA 90 
   538 4.595 0.0 HB 50 
   138 29.87 0.0 CB 14 
   773 2.475 0.0 HB3 72 
   269 176.4 0.0 C 26 
   1004 2.985 0.0 HB3 92 
   1399 174.408 0.0 C 125 
   608 1.705 0.0 HG2 56 
   214 3.225 0.0 HD2 21 
   955 43.15 0.0 CD 87 
   174 0.718 0.0 HD23 18 
   1091 1.925 0.0 HB3 98 
   418 0.761 0.0 HD11 41 
   580 1.751 0.0 HB3 54 
   114 118.8 0.0 CE2 11 
   683 65.63 0.0 CA 63 
   1010 56.13 0.0 CA 92 
   968 1.236 0.0 HG22 89 
   1388 4.231 0.0 HA2 124 
   136 175.105 0.0 C 14 
   587 114.777 0.0 N 54 
   779 4.308 0.0 HA 73 
   890 45.632 0.0 CA 80 
   1430 2.607 0.0 HB2 128 
   17 53.005 0.0 CA 2 
   1073 120.365 0.0 N 96 
   202 4.243 0.0 HA 20 
   265 4.443 0.0 HA 26 
   1083 54.951 0.0 CA 97 
   1130 27.111 0.0 CG 102 
   1160 173.605 0.0 C 105 
   1392 109.592 0.0 N 124 
   910 1.923 0.0 HB2 83 
   90 4.478 0.0 HA 10 
   38 175.39 0.0 C 4 
   604 1.897 0.0 HB2 56 
   1329 125.3 0.0 CD1 119 
   1156 8.499 0.0 H 105 
   147 124.741 0.0 N 15 
   1323 6.967 0.0 HH2 119 
   146 30.602 0.0 CB 15 
   513 2.008 0.0 HB 48 
   1088 9.754 0.0 H 98 
   914 174.601 0.0 C 83 
   1367 122.001 0.0 N 121 
   802 0.741 0.0 HD22 74 
   154 1.368 0.0 HB2 17 
   1026 0.78 0.0 HG22 93 
   303 54.5 0.0 CA 30 
   1054 33.572 0.0 CB 95 
   129 53.219 0.0 CA 13 
   766 172.0 0.0 C 71 
   1072 130.76 0.0 CE2 96 
   161 64.78 0.0 CA 17 
   219 56.614 0.0 CA 21 
   482 3.695 0.0 HA 46 
   1155 112.996 0.0 NE2 104 
   314 1.147 0.0 HD22 31 
   461 7.23 0.0 HD1 44 
   1226 32.464 0.0 CG 111 
   674 3.769 0.0 HA 63 
   1127 62.11 0.0 CA 102 
   22 4.002 0.0 HA 3 
   922 1.823 0.0 HB3 84 
   586 36.72 0.0 CG 54 
   934 127.105 0.0 N 84 
   829 0.582 0.0 HD22 76 
   1049 3.25 0.0 HD3 95 
   541 0.509 0.0 HG23 50 
   1404 8.632 0.0 H 126 
   588 8.069 0.0 H 55 
   546 103.746 0.0 N 50 
   760 36.478 0.0 CG 70 
   943 63.215 0.0 CB 86 
   313 1.147 0.0 HD21 31 
   737 59.89 0.0 CA 68 
   5 2.222 0.0 HG3 1 
   474 4.235 0.0 HA 45 
   675 1.923 0.0 HB 63 
   378 178.2 0.0 C 37 
   626 1.705 0.0 HB2 58 
   639 22.596 0.0 CD2 58 
   694 176.82 0.0 C 64 
   851 27.258 0.0 CG 77 
   379 55.295 0.0 CA 37 
   726 178.407 0.0 C 67 
   35 0.979 0.0 HG21 4 
   1214 125.774 0.0 N 110 
   511 7.322 0.0 H 48 
   542 173.401 0.0 C 50 
   823 1.401 0.0 HB2 76 
   763 5.268 0.0 HA 71 
   1123 3.604 0.0 HD3 102 
   12 2.675 0.0 HB2 2 
   1302 7.628 0.0 H 118 
   664 31.254 0.0 CB 61 
   1246 5.608 0.0 HA 113 
   427 40.89 0.0 CB 41 
   180 24.068 0.0 CD2 18 
   619 2.609 0.0 HB3 57 
   613 43.64 0.0 CD 56 
   1373 60.295 0.0 CA 122 
   337 27.53 0.0 CG 33 
   96 62.155 0.0 CA 10 
   476 2.593 0.0 HB3 45 
   1334 121.469 0.0 N 119 
   1229 9.143 0.0 H 112 
   1370 3.554 0.0 HB2 122 
   190 0.146 0.0 HD21 19 
   769 115.477 0.0 N 71 
   429 22.34 0.0 CD2 41 
   100 8.849 0.0 H 11 
   402 117.405 0.0 CE1 39 
   215 3.225 0.0 HD3 21 
   238 1.707 0.0 HB3 23 
   1009 171.85 0.0 C 92 
   140 8.183 0.0 H 15 
   1132 4.002 0.0 HA 103 
   386 1.672 0.0 HB3 38 
   550 1.179 0.0 HG21 51 
   1256 43.47 0.0 CD 113 
   951 1.78 0.0 HG3 87 
   771 4.985 0.0 HA 72 
   121 56.0 0.0 CA 12 
   1420 0.266 0.0 HG22 127 
   1275 129.57 0.0 N 114 
   563 43.019 0.0 CB 52 
   1276 9.291 0.0 H 115 
   1108 8.975 0.0 H 100 
   128 175.205 0.0 C 13 
   1000 129.755 0.0 N 91 
   34 0.979 0.0 HG13 4 
   288 1.619 0.0 HB2 29 
   824 -0.729 0.0 HB3 76 
   1159 3.656 0.0 HB3 105 
   821 8.538 0.0 H 76 
   1151 54.05 0.0 CA 104 
   928 1.428 0.0 HG3 84 
   615 121.407 0.0 N 56 
   1253 173.52 0.0 C 113 
   1274 24.66 0.0 CG 114 
   434 2.401 0.0 HB2 42 
   84 35.172 0.0 CB 9 
   1029 60.483 0.0 CA 93 
   954 33.678 0.0 CB 87 
   1255 35.782 0.0 CB 113 
   713 7.586 0.0 H 66 
   908 8.427 0.0 H 83 
   1187 2.103 0.0 HG3 108 
   963 107.686 0.0 N 88 
   1065 7.28 0.0 HE2 96 
   1220 7.652 0.0 HE22 111 
   1297 3.345 0.0 HA2 117 
   1333 121.55 0.0 CZ3 119 
   1231 2.355 0.0 HB2 112 
   553 173.901 0.0 C 51 
   72 7.934 0.0 H 9 
   318 56.998 0.0 CA 31 
   976 4.777 0.0 HA 90 
   656 129.0 0.0 CE2 59 
   1219 6.732 0.0 HE21 111 
   1277 4.579 0.0 HA 115 
   930 33.692 0.0 CB 84 
   1393 8.229 0.0 H 125 
   710 43.29 0.0 CD 65 
   975 9.02 0.0 H 90 
   450 4.875 0.0 HA 43 
   527 3.957 0.0 HA 49 
   952 175.019 0.0 C 87 
   589 4.668 0.0 HA 55 
   248 118.381 0.0 N 23 
   239 3.047 0.0 HD2 23 
   496 0.204 0.0 HD11 47 
   818 33.51 0.0 CB 75 
   231 63.14 0.0 CA 22 
   255 64.524 0.0 CB 24 
   456 123.108 0.0 N 43 
   722 7.759 0.0 H 67 
   1182 8.243 0.0 H 108 
   1379 2.039 0.0 HB3 123 
   1326 175.5 0.0 C 119 
   191 0.146 0.0 HD22 19 
   130 42.509 0.0 CB 13 
   913 2.205 0.0 HG3 83 
   1408 1.334 0.0 HB3 126 
   923 1.726 0.0 HD2 84 
   736 178.3 0.0 C 68 
   452 2.821 0.0 HB3 43 
   1158 3.656 0.0 HB2 105 
   275 1.096 0.0 HB2 28 
   1375 125.692 0.0 N 122 
   833 53.317 0.0 CA 76 
   966 3.95 0.0 HB 89 
   1124 1.991 0.0 HG2 102 
   632 0.806 0.0 HD22 58 
   221 43.564 0.0 CD 21 
   1031 14.095 0.0 CD1 93 
   170 0.885 0.0 HD12 18 
   67 3.52 0.0 HA2 8 
   721 120.92 0.0 N 66 
   1211 172.435 0.0 C 110 
   940 4.069 0.0 HB3 86 
   1120 1.866 0.0 HB2 102 
   624 7.609 0.0 H 58 
   394 2.1 0.0 HB3 39 
   873 0.654 0.0 HD12 79 
   186 1.528 0.0 HB3 19 
   1407 1.334 0.0 HB2 126 
   1269 175.904 0.0 C 114 
   516 0.502 0.0 HG13 48 
   206 177.003 0.0 C 20 
   1247 1.796 0.0 HB2 113 
   859 0.813 0.0 HG21 78 
   329 2.895 0.0 HD2 33 
   1410 52.02 0.0 CA 126 
   1267 -0.462 0.0 HG2 114 
   209 120.542 0.0 N 20 
   1418 0.549 0.0 HG13 127 
   1210 4.024 0.0 HB3 110 
   1173 5.583 0.0 HA 107 
   937 47.314 0.0 CA 85 
   733 2.234 0.0 HB3 68 
   103 3.085 0.0 HB3 11 
   1301 103.666 0.0 N 117 
   729 118.219 0.0 N 67 
   780 2.454 0.0 HB2 73 
   583 177.408 0.0 C 54 
   283 31.061 0.0 CB 28 
   1030 42.274 0.0 CB 93 
   32 0.979 0.0 HG11 4 
   1307 3.037 0.0 HD3 118 
   1038 1.937 0.0 HB2 94 
   854 4.11 0.0 HA 78 
   599 42.47 0.0 CD 55 
   949 3.345 0.0 HD3 87 
   441 1.111 0.0 HG3 42 
   956 27.468 0.0 CG 87 
   894 3.838 0.0 HB2 81 
   375 1.502 0.0 HB1 37 
   958 8.529 0.0 H 88 
   58 8.552 0.0 H 7 
   521 67.625 0.0 CA 48 
   1147 7.641 0.0 HE22 104 
   384 1.672 0.0 HB1 38 
   867 126.212 0.0 N 78 
   86 41.986 0.0 CE 9 
   1090 1.732 0.0 HB2 98 
   475 2.716 0.0 HB2 45 
   783 7.023 0.0 HD2 73 
   411 54.857 0.0 CA 40 
   445 29.151 0.0 CD 42 
   622 39.937 0.0 CB 57 
   899 113.782 0.0 N 81 
   354 30.325 0.0 CB 35 
   463 7.192 0.0 HE1 44 
   1184 1.268 0.0 HB2 108 
   651 57.15 0.0 CA 59 
   790 130.4 0.0 CD2 73 
   1152 33.32 0.0 CB 104 
   1047 1.75 0.0 HB3 95 
   1421 0.266 0.0 HG23 127 
   719 55.495 0.0 CA 66 
   1278 1.303 0.0 HB1 115 
   230 174.64 0.0 C 22 
   871 1.609 0.0 HB3 79 
   570 1.635 0.0 HG2 53 
   1425 21.54 0.0 CG1 127 
   508 26.86 0.0 CG1 47 
   1298 4.046 0.0 HA3 117 
   1193 8.473 0.0 H 109 
   1175 3.482 0.0 HB3 107 
   1134 1.823 0.0 HB3 103 
   1201 176.252 0.0 C 109 
   1085 43.79 0.0 CD 97 
   1200 1.376 0.0 HG3 109 
   1364 130.74 0.0 CD2 121 
   1170 33.628 0.0 CB 106 
   467 39.01 0.0 CB 44 
   730 8.221 0.0 H 68 
   218 176.109 0.0 C 21 
   1169 55.849 0.0 CA 106 
   150 2.895 0.0 HA3 16 
   1337 4.943 0.0 HA 120 
   332 1.176 0.0 HG3 33 
   820 119.876 0.0 N 75 
   893 5.342 0.0 HA 81 
   888 4.158 0.0 HA3 80 
   1133 1.744 0.0 HB2 103 
   83 54.561 0.0 CA 9 
   252 3.83 0.0 HB3 24 
   68 4.247 0.0 HA3 8 
   638 25.392 0.0 CD1 58 
   548 4.625 0.0 HA 51 
   94 1.269 0.0 HG23 10 
   996 175.381 0.0 C 91 
   380 18.245 0.0 CB 37 
   1336 9.145 0.0 H 120 
   1016 124.784 0.0 N 92 
   1232 3.418 0.0 HB3 112 
   1033 17.492 0.0 CG2 93 
   1178 51.578 0.0 CA 107 
   1398 2.177 0.0 HG3 125 
   409 1.098 0.0 HB3 40 
   915 56.075 0.0 CA 83 
   682 178.94 0.0 C 63 
   307 3.978 0.0 HA 31 
   785 6.582 0.0 HE2 73 
   799 0.739 0.0 HD12 74 
   532 58.85 0.0 CA 49 
   30 4.168 0.0 HA 4 
   498 0.204 0.0 HD13 47 
   104 7.598 0.0 HD1 11 
   1319 2.643 0.0 HB3 119 
   120 175.224 0.0 C 12 
   281 176.9 0.0 C 28 
   85 29.151 0.0 CD 9 
   605 1.95 0.0 HB3 56 
   1371 3.268 0.0 HB3 122 
   672 119.139 0.0 N 62 
   66 9.283 0.0 H 8 
   993 1.996 0.0 HB3 91 
   1345 57.29 0.0 CA 120 
   635 177.0 0.0 C 58 
   1209 4.164 0.0 HB2 110 
   37 0.979 0.0 HG23 4 
   33 0.979 0.0 HG12 4 
   397 6.565 0.0 HE1 39 
   809 123.697 0.0 N 74 
   1234 7.09 0.0 HD2 112 
   1230 5.485 0.0 HA 112 
   849 32.628 0.0 CB 77 
   933 24.71 0.0 CG 84 
   700 3.481 0.0 HA 65 
   625 4.331 0.0 HA 58 
   817 57.14 0.0 CA 75 
   879 177.507 0.0 C 79 
   1357 6.727 0.0 HD2 121 
   978 0.545 0.0 HG11 90 
   489 178.007 0.0 C 46 
   1261 0.78 0.0 HB2 114 
   15 7.423 0.0 HD22 2 
   634 1.6 0.0 HG 58 
   757 176.9 0.0 C 70 
   572 178.7 0.0 C 53 
   1039 1.937 0.0 HB3 94 
   416 1.555 0.0 HB2 41 
   725 3.645 0.0 HB3 67 
   487 6.55 0.0 HE1 46 
   484 2.899 0.0 HB3 46 
   774 175.305 0.0 C 72 
   351 2.92 0.0 HD3 35 
   1222 2.355 0.0 HG3 111 
   115 124.022 0.0 N 11 
   560 2.623 0.0 HB2 52 
   603 3.95 0.0 HA 56 
   640 26.923 0.0 CG 58 
   1012 132.1 0.0 CD1 92 
   935 4.11 0.0 HA2 85 
   228 1.138 0.0 HG22 22 
   168 1.8 0.0 HB3 18 
   844 3.09 0.0 HD3 77 
   204 1.402 0.0 HB2 20 
   387 180.2 0.0 C 38 
   973 21.775 0.0 CG2 89 
   524 21.395 0.0 CG2 48 
   466 61.65 0.0 CA 44 
   1284 3.841 0.0 HA 116 
   294 28.57 0.0 CB 29 
   189 0.589 0.0 HD13 19 
   813 2.258 0.0 HB3 75 
   45 4.584 0.0 HA 5 
   60 3.922 0.0 HB2 7 
   688 7.698 0.0 H 64 
   8 29.815 0.0 CB 1 
   709 29.462 0.0 CB 65 
   1074 8.665 0.0 H 97 
   671 40.155 0.0 CB 62 
   658 4.325 0.0 HA 61 
   373 8.907 0.0 H 37 
   1279 1.303 0.0 HB2 115 
   205 1.402 0.0 HB3 20 
   280 -0.395 0.0 HG3 28 
   925 3.003 0.0 HE2 84 
   1017 9.184 0.0 H 93 
   398 6.565 0.0 HE2 39 
   1001 9.171 0.0 H 92 
   1061 2.567 0.0 HB3 96 
   1258 124.163 0.0 N 113 
   1094 1.576 0.0 HG2 98 
   921 1.823 0.0 HB2 84 
   19 118.889 0.0 N 2 
   648 7.032 0.0 HE1 59 
   916 33.087 0.0 CB 83 
   1046 1.85 0.0 HB2 95 
   752 4.368 0.0 HA 70 
   400 62.201 0.0 CA 39 
   421 0.717 0.0 HD21 41 
   531 2.295 0.0 HG3 49 
   7 57.135 0.0 CA 1 
   911 1.923 0.0 HB3 83 
