   281 176.9 0.0 C 28 
   831 1.027 0.0 HG 76 
   1297 3.345 0.0 HA2 117 
   1030 42.274 0.0 CB 93 
   659 3.312 0.0 HB2 61 
   950 1.847 0.0 HG2 87 
   1367 122.001 0.0 N 121 
   904 172.65 0.0 C 82 
   816 172.804 0.0 C 75 
   935 4.11 0.0 HA2 85 
   443 56.288 0.0 CA 42 
   1366 130.84 0.0 CE2 121 
   127 2.715 0.0 HB3 13 
   700 3.481 0.0 HA 65 
   513 2.008 0.0 HB 48 
   1279 1.303 0.0 HB2 115 
   758 56.417 0.0 CA 70 
   537 4.576 0.0 HA 50 
   936 3.74 0.0 HA3 85 
   1253 173.52 0.0 C 113 
   1286 1.977 0.0 HB3 116 
   25 178.12 0.0 C 3 
   1179 31.258 0.0 CB 107 
   558 9.009 0.0 H 52 
   98 22.425 0.0 CG2 10 
   1161 57.248 0.0 CA 105 
   710 43.29 0.0 CD 65 
   1341 6.888 0.0 HD2 120 
   762 7.151 0.0 H 71 
   82 176.429 0.0 C 9 
   1250 2.982 0.0 HD3 113 
   20 110.708 0.0 ND2 2 
   516 0.502 0.0 HG13 48 
   1290 1.586 0.0 HG3 116 
   1312 33.592 0.0 CB 118 
   686 20.93 0.0 CG2 63 
   326 3.481 0.0 HA 33 
   868 9.244 0.0 H 79 
   1005 7.035 0.0 HD1 92 
   151 48.106 0.0 CA 16 
   24 2.948 0.0 HB3 3 
   729 118.219 0.0 N 67 
   223 110.82 0.0 N 21 
   332 1.176 0.0 HG3 33 
   311 1.035 0.0 HD12 31 
   1034 118.019 0.0 N 93 
   563 43.019 0.0 CB 52 
   1046 1.85 0.0 HB2 95 
   1122 3.604 0.0 HD2 102 
   694 176.82 0.0 C 64 
   81 1.315 0.0 HG3 9 
   489 178.007 0.0 C 46 
   612 30.658 0.0 CB 56 
   1311 53.951 0.0 CA 118 
   1249 3.346 0.0 HD2 113 
   411 54.857 0.0 CA 40 
   642 7.394 0.0 H 59 
   523 23.105 0.0 CG1 48 
   1206 122.752 0.0 N 109 
   1121 2.271 0.0 HB3 102 
   406 3.956 0.0 HA 40 
   1274 24.66 0.0 CG 114 
   1265 2.17 0.0 HE2 114 
   356 125.552 0.0 N 35 
   1146 6.978 0.0 HE21 104 
   230 174.64 0.0 C 22 
   795 4.432 0.0 HA 74 
   440 1.559 0.0 HG2 42 
   952 175.019 0.0 C 87 
   981 1.127 0.0 HG21 90 
   519 0.798 0.0 HG23 48 
   444 27.542 0.0 CB 42 
   40 32.072 0.0 CB 4 
   538 4.595 0.0 HB 50 
   518 0.798 0.0 HG22 48 
   340 3.692 0.0 HB2 34 
   1040 176.203 0.0 C 94 
   1194 4.95 0.0 HA 109 
   922 1.823 0.0 HB3 84 
   188 0.589 0.0 HD12 19 
   657 119.653 0.0 N 59 
   1357 6.727 0.0 HD2 121 
   380 18.245 0.0 CB 37 
   114 118.8 0.0 CE2 11 
   372 120.099 0.0 N 36 
   246 43.34 0.0 CD 23 
   214 3.225 0.0 HD2 21 
   102 2.98 0.0 HB2 11 
   1299 173.43 0.0 C 117 
   249 8.642 0.0 H 24 
   701 0.906 0.0 HB2 65 
   1392 109.592 0.0 N 124 
   1240 131.451 0.0 CD1 112 
   548 4.625 0.0 HA 51 
   1173 5.583 0.0 HA 107 
   192 0.146 0.0 HD23 19 
   1204 43.24 0.0 CD 109 
   137 60.369 0.0 CA 14 
   1148 2.037 0.0 HG2 104 
   1237 175.205 0.0 C 112 
   970 173.801 0.0 C 89 
   1350 117.2 0.0 CE2 120 
   363 6.75 0.0 HE1 36 
   1143 4.495 0.0 HA 104 
   796 1.361 0.0 HB2 74 
   45 4.584 0.0 HA 5 
   1172 8.819 0.0 H 107 
   959 3.563 0.0 HA2 88 
   889 171.34 0.0 C 80 
   608 1.705 0.0 HG2 56 
   1352 9.316 0.0 H 121 
   829 0.582 0.0 HD22 76 
   923 1.726 0.0 HD2 84 
   745 2.478 0.0 HG3 69 
   785 6.582 0.0 HE2 73 
   484 2.899 0.0 HB3 46 
   206 177.003 0.0 C 20 
   1184 1.268 0.0 HB2 108 
   292 177.415 0.0 C 29 
   747 59.545 0.0 CA 69 
   827 0.564 0.0 HD13 76 
   570 1.635 0.0 HG2 53 
   1298 4.046 0.0 HA3 117 
   90 4.478 0.0 HA 10 
   429 22.34 0.0 CD2 41 
   857 0.751 0.0 HG12 78 
   227 1.138 0.0 HG21 22 
   1260 4.664 0.0 HA 114 
   752 4.368 0.0 HA 70 
   820 119.876 0.0 N 75 
   1079 3.228 0.0 HD3 97 
   998 31.557 0.0 CB 91 
   722 7.759 0.0 H 67 
   1116 4.288 0.0 HA3 101 
   86 41.986 0.0 CE 9 
   1251 1.61 0.0 HG2 113 
   1410 52.02 0.0 CA 126 
   414 8.557 0.0 H 41 
   1232 3.418 0.0 HB3 112 
   941 172.805 0.0 C 86 
   158 1.735 0.0 HG2 17 
   555 68.659 0.0 CB 51 
   541 0.509 0.0 HG23 50 
