   1324 7.531 0.0 HZ2 119 
   1104 3.906 0.0 HA3 99 
   854 4.11 0.0 HA 78 
   186 1.528 0.0 HB3 19 
   211 3.989 0.0 HA 21 
   621 55.375 0.0 CA 57 
   1361 58.524 0.0 CA 121 
   275 1.096 0.0 HB2 28 
   711 27.67 0.0 CG 65 
   319 39.75 0.0 CB 31 
   1030 42.274 0.0 CB 93 
   1325 6.69 0.0 HZ3 119 
   1001 9.171 0.0 H 92 
   1418 0.549 0.0 HG13 127 
   1314 26.928 0.0 CG 118 
   1036 5.859 0.0 HA 94 
   916 33.087 0.0 CB 83 
   1231 2.355 0.0 HB2 112 
   986 36.819 0.0 CB 90 
   1201 176.252 0.0 C 109 
   656 129.0 0.0 CE2 59 
   1259 8.608 0.0 H 114 
   94 1.269 0.0 HG23 10 
   766 172.0 0.0 C 71 
   1224 53.985 0.0 CA 111 
   756 2.383 0.0 HG3 70 
   42 21.175 0.0 CG2 4 
   1045 5.608 0.0 HA 95 
   940 4.069 0.0 HB3 86 
   1397 2.216 0.0 HG2 125 
   1425 21.54 0.0 CG1 127 
   899 113.782 0.0 N 81 
   404 119.108 0.0 N 39 
   218 176.109 0.0 C 21 
   1323 6.967 0.0 HH2 119 
   152 110.257 0.0 N 16 
   1106 47.294 0.0 CA 99 
   83 54.561 0.0 CA 9 
   1141 120.322 0.0 N 103 
   1266 2.265 0.0 HE3 114 
   1055 43.47 0.0 CD 95 
   340 3.692 0.0 HB2 34 
   187 0.589 0.0 HD11 19 
   909 4.892 0.0 HA 83 
   670 57.769 0.0 CA 62 
   447 25.37 0.0 CG 42 
   1400 54.435 0.0 CA 125 
   1216 5.243 0.0 HA 111 
   257 8.255 0.0 H 25 
   878 1.524 0.0 HG 79 
   1355 2.737 0.0 HB3 121 
   510 119.187 0.0 N 47 
   734 1.901 0.0 HG2 68 
   866 21.285 0.0 CG2 78 
   43 128.077 0.0 N 4 
   882 25.182 0.0 CD1 79 
   166 4.458 0.0 HA 18 
   550 1.179 0.0 HG21 51 
   378 178.2 0.0 C 37 
   165 6.545 0.0 H 18 
   229 1.138 0.0 HG23 22 
   1423 61.46 0.0 CA 127 
   429 22.34 0.0 CD2 41 
   1401 33.107 0.0 CB 125 
   1257 28.88 0.0 CG 113 
   74 1.533 0.0 HB2 9 
   1264 0.784 0.0 HD3 114 
   143 2.495 0.0 HB3 15 
   1242 130.35 0.0 CE1 112 
   731 3.74 0.0 HA 68 
   434 2.401 0.0 HB2 42 
   618 2.735 0.0 HB2 57 
   344 63.245 0.0 CB 34 
   36 0.979 0.0 HG22 4 
   253 174.356 0.0 C 24 
   73 4.514 0.0 HA 9 
   53 3.93 0.0 HA2 6 
   1341 6.888 0.0 HD2 120 
   836 23.57 0.0 CD2 76 
   68 4.247 0.0 HA3 8 
   1368 8.557 0.0 H 122 
   355 43.64 0.0 CD 35 
   406 3.956 0.0 HA 40 
   177 57.052 0.0 CA 18 
   945 5.606 0.0 HA 87 
   1392 109.592 0.0 N 124 
   1376 6.575 0.0 H 123 
   137 60.369 0.0 CA 14 
   1306 3.037 0.0 HD2 118 
   801 0.741 0.0 HD21 74 
   566 1.839 0.0 HB2 53 
   66 9.283 0.0 H 8 
   1185 1.564 0.0 HB3 108 
   54 4.38 0.0 HA3 6 
   1079 3.228 0.0 HD3 97 
   419 0.761 0.0 HD12 41 
   915 56.075 0.0 CA 83 
   1250 2.982 0.0 HD3 113 
   157 3.281 0.0 HD3 17 
   45 4.584 0.0 HA 5 
   677 0.998 0.0 HG12 63 
   128 175.205 0.0 C 13 
   662 177.2 0.0 C 61 
   1107 117.554 0.0 N 99 
   365 176.705 0.0 C 36 
   896 172.936 0.0 C 81 
   95 175.801 0.0 C 10 
   395 6.665 0.0 HD1 39 
   1042 22.085 0.0 CB 94 
   622 39.937 0.0 CB 57 
   1245 9.522 0.0 H 113 
   1146 6.978 0.0 HE21 104 
   1199 1.376 0.0 HG2 109 
   1116 4.288 0.0 HA3 101 
   718 179.2 0.0 C 66 
   415 4.275 0.0 HA 41 
   346 8.345 0.0 H 35 
   402 117.405 0.0 CE1 39 
   695 56.908 0.0 CA 64 
   688 7.698 0.0 H 64 
   684 32.281 0.0 CB 63 
   530 2.295 0.0 HG2 49 
   397 6.565 0.0 HE1 39 
   372 120.099 0.0 N 36 
   660 3.215 0.0 HB3 61 
   1027 0.78 0.0 HG23 93 
   494 3.075 0.0 HA 47 
   87 25.43 0.0 CG 9 
   139 126.164 0.0 N 14 
   1060 2.068 0.0 HB2 96 
   547 7.748 0.0 H 51 
   24 2.948 0.0 HB3 3 
   272 7.106 0.0 H 27 
   1123 3.604 0.0 HD3 102 
   1005 7.035 0.0 HD1 92 
   1267 -0.462 0.0 HG2 114 
   228 1.138 0.0 HG22 22 
   1385 35.236 0.0 CG 123 
   810 7.719 0.0 H 75 
   1311 53.951 0.0 CA 118 
   674 3.769 0.0 HA 63 
   786 175.7 0.0 C 73 
   296 116.67 0.0 N 29 
   968 1.236 0.0 HG22 89 
   126 2.443 0.0 HB2 13 
   279 1.333 0.0 HG2 28 
   1135 2.126 0.0 HG2 103 
   255 64.524 0.0 CB 24 
   357 8.099 0.0 H 36 
   992 1.996 0.0 HB2 91 
   659 3.312 0.0 HB2 61 
   952 175.019 0.0 C 87 
   1052 176.85 0.0 C 95 
   401 35.75 0.0 CB 39 
   636 54.812 0.0 CA 58 
   669 179.5 0.0 C 62 
   647 7.195 0.0 HD2 59 
   752 4.368 0.0 HA 70 
   46 3.103 0.0 HB2 5 
   56 46.424 0.0 CA 6 
   712 122.45 0.0 N 65 
   432 7.516 0.0 H 42 
   567 2.232 0.0 HB3 53 
   1220 7.652 0.0 HE22 111 
   439 3.169 0.0 HE3 42 
   485 6.77 0.0 HD1 46 
   1327 57.495 0.0 CA 119 
   11 4.752 0.0 HA 2 
   852 127.184 0.0 N 77 
   141 4.006 0.0 HA 15 
   944 8.091 0.0 H 87 
   1272 29.151 0.0 CD 114 
   891 106.586 0.0 N 80 
   383 3.731 0.0 HA 38 
   548 4.625 0.0 HA 51 
   1375 125.692 0.0 N 122 
   184 3.623 0.0 HA 19 
   1127 62.11 0.0 CA 102 
   416 1.555 0.0 HB2 41 
   1369 4.517 0.0 HA 122 
   246 43.34 0.0 CD 23 
   369 132.01 0.0 CD2 36 
   821 8.538 0.0 H 76 
   926 3.003 0.0 HE3 84 
   270 52.95 0.0 CA 26 
   580 1.751 0.0 HB3 54 
   119 2.469 0.0 HB3 12 
   686 20.93 0.0 CG2 63 
   63 59.829 0.0 CA 7 
   760 36.478 0.0 CG 70 
   179 25.729 0.0 CD1 18 
   1192 128.36 0.0 N 108 
   1051 1.57 0.0 HG3 95 
   934 127.105 0.0 N 84 
   236 4.518 0.0 HA 23 
   1082 174.825 0.0 C 97 
   28 124.395 0.0 N 3 
   41 21.175 0.0 CG1 4 
   164 28.471 0.0 CG 17 
   1184 1.268 0.0 HB2 108 
   1160 173.605 0.0 C 105 
   207 52.729 0.0 CA 20 
   1108 8.975 0.0 H 100 
   993 1.996 0.0 HB3 91 
   1134 1.823 0.0 HB3 103 
   994 2.323 0.0 HG2 91 
   1304 1.421 0.0 HB2 118 
   923 1.726 0.0 HD2 84 
   860 0.813 0.0 HG22 78 
   552 1.179 0.0 HG23 51 
   1058 8.865 0.0 H 96 
   463 7.192 0.0 HE1 44 
   1280 1.303 0.0 HB3 115 
   741 3.998 0.0 HA 69 
   38 175.39 0.0 C 4 
   1282 21.244 0.0 CB 115 
   845 1.447 0.0 HG2 77 
   842 1.648 0.0 HB3 77 
   249 8.642 0.0 H 24 
   1347 133.1 0.0 CD1 120 
   1406 1.334 0.0 HB1 126 
   132 7.486 0.0 H 14 
   980 0.545 0.0 HG13 90 
   590 1.625 0.0 HB2 55 
   1372 172.256 0.0 C 122 
   238 1.707 0.0 HB3 23 
   1025 0.78 0.0 HG21 93 
   1337 4.943 0.0 HA 120 
   138 29.87 0.0 CB 14 
   363 6.75 0.0 HE1 36 
   21 9.38 0.0 H 3 
   961 172.34 0.0 C 88 
   1379 2.039 0.0 HB3 123 
   784 6.582 0.0 HE1 73 
   342 175.96 0.0 C 34 
   583 177.408 0.0 C 54 
   318 56.998 0.0 CA 31 
   391 7.838 0.0 H 39 
   135 2.938 0.0 HB3 14 
   747 59.545 0.0 CA 69 
   1234 7.09 0.0 HD2 112 
   364 6.75 0.0 HE2 36 
   1336 9.145 0.0 H 120 
   1326 175.5 0.0 C 119 
   785 6.582 0.0 HE2 73 
   772 2.638 0.0 HB2 72 
   499 1.064 0.0 HG12 47 
   503 0.479 0.0 HG23 47 
   953 54.544 0.0 CA 87 
   329 2.895 0.0 HD2 33 
   466 61.65 0.0 CA 44 
   80 1.399 0.0 HG2 9 
   554 64.045 0.0 CA 51 
   1366 130.84 0.0 CE2 121 
   261 1.324 0.0 HB3 25 
   600 26.888 0.0 CG 55 
   1081 1.566 0.0 HG3 97 
   78 2.937 0.0 HE2 9 
   1157 5.357 0.0 HA 105 
   343 60.984 0.0 CA 34 
   1420 0.266 0.0 HG22 127 
   1195 1.509 0.0 HB2 109 
   748 30.017 0.0 CB 69 
   690 2.951 0.0 HB2 64 
   576 27.257 0.0 CG 53 
   321 26.56 0.0 CD2 31 
   555 68.659 0.0 CB 51 
   900 8.975 0.0 H 82 
   987 22.264 0.0 CG1 90 
   320 23.15 0.0 CD1 31 
   1328 31.82 0.0 CB 119 
   1178 51.578 0.0 CA 107 
   943 63.215 0.0 CB 86 
   708 59.999 0.0 CA 65 
   1419 0.266 0.0 HG21 127 
   705 1.16 0.0 HG2 65 
   303 54.5 0.0 CA 30 
   959 3.563 0.0 HA2 88 
   1268 0.415 0.0 HG3 114 
   642 7.394 0.0 H 59 
   1128 32.451 0.0 CB 102 
   140 8.183 0.0 H 15 
   1226 32.464 0.0 CG 111 
   1085 43.79 0.0 CD 97 
   823 1.401 0.0 HB2 76 
   437 1.611 0.0 HD3 42 
   102 2.98 0.0 HB2 11 
   418 0.761 0.0 HD11 41 
   571 1.635 0.0 HG3 53 
   913 2.205 0.0 HG3 83 
   544 69.63 0.0 CB 50 
   791 130.3 0.0 CE1 73 
   201 8.213 0.0 H 20 
   1122 3.604 0.0 HD2 102 
   578 4.158 0.0 HA 54 
   325 122.625 0.0 N 32 
   1433 42.247 0.0 CB 128 
   1286 1.977 0.0 HB3 116 
   153 4.172 0.0 HA 17 
   1057 122.839 0.0 N 95 
   216 1.747 0.0 HG2 21 
   902 3.83 0.0 HB2 82 
   1387 8.786 0.0 H 124 
   1026 0.78 0.0 HG22 93 
   1084 34.642 0.0 CB 97 
   634 1.6 0.0 HG 58 
   475 2.716 0.0 HB2 45 
   452 2.821 0.0 HB3 43 
   652 40.445 0.0 CB 59 
   830 0.582 0.0 HD23 76 
   700 3.481 0.0 HA 65 
   632 0.806 0.0 HD22 58 
   625 4.331 0.0 HA 58 
   870 1.251 0.0 HB2 79 
   714 4.151 0.0 HA 66 
   811 4.385 0.0 HA 75 
   108 178.9 0.0 C 11 
   939 4.197 0.0 HB2 86 
   969 1.236 0.0 HG23 89 
   349 1.91 0.0 HB3 35 
   1047 1.75 0.0 HB3 95 
   1033 17.492 0.0 CG2 93 
   716 1.416 0.0 HB2 66 
   474 4.235 0.0 HA 45 
   1189 54.005 0.0 CA 108 
   144 176.5 0.0 C 15 
   185 1.445 0.0 HB2 19 
   1288 3.215 0.0 HD3 116 
   1292 56.584 0.0 CA 116 
   409 1.098 0.0 HB3 40 
   589 4.668 0.0 HA 55 
   1009 171.85 0.0 C 92 
   536 7.115 0.0 H 50 
   702 1.467 0.0 HB3 65 
   1346 42.25 0.0 CB 120 
   193 1.197 0.0 HG 19 
   949 3.345 0.0 HD3 87 
   31 2.078 0.0 HB 4 
   1405 4.473 0.0 HA 126 
   1335 127.86 0.0 NE1 119 
   1339 2.875 0.0 HB3 120 
   217 1.747 0.0 HG3 21 
   61 3.696 0.0 HB3 7 
   59 3.932 0.0 HA 7 
   1237 175.205 0.0 C 112 
   302 177.4 0.0 C 30 
   1035 9.654 0.0 H 94 
   247 26.234 0.0 CG 23 
   481 7.764 0.0 H 46 
   595 1.669 0.0 HG3 55 
   27 28.658 0.0 CB 3 
   1207 9.762 0.0 H 110 
   259 1.324 0.0 HB1 25 
   327 0.908 0.0 HB2 33 
   292 177.415 0.0 C 29 
   681 0.909 0.0 HG23 63 
   278 2.142 0.0 HD3 28 
   1398 2.177 0.0 HG3 125 
   192 0.146 0.0 HD23 19 
   297 7.812 0.0 H 30 
   728 28.554 0.0 CB 67 
   168 1.8 0.0 HB3 18 
   389 18.195 0.0 CB 38 
   1204 43.24 0.0 CD 109 
   332 1.176 0.0 HG3 33 
   733 2.234 0.0 HB3 68 
   1228 111.8 0.0 NE2 111 
   1344 176.52 0.0 C 120 
   865 21.781 0.0 CG1 78 
   2 1.908 0.0 HB2 1 
   189 0.589 0.0 HD13 19 
   104 7.598 0.0 HD1 11 
   1078 3.228 0.0 HD2 97 
   182 116.726 0.0 N 18 
   995 2.178 0.0 HG3 91 
   459 2.887 0.0 HB2 44 
   461 7.23 0.0 HD1 44 
   1395 1.946 0.0 HB2 125 
   1426 20.19 0.0 CG2 127 
   863 63.69 0.0 CA 78 
   1408 1.334 0.0 HB3 126 
   309 1.028 0.0 HB3 31 
   252 3.83 0.0 HB3 24 
   556 20.937 0.0 CG2 51 
   780 2.454 0.0 HB2 73 
   671 40.155 0.0 CB 62 
   1 4.155 0.0 HA 1 
   905 57.524 0.0 CA 82 
   1072 130.76 0.0 CE2 96 
   1193 8.473 0.0 H 109 
   151 48.106 0.0 CA 16 
   828 0.582 0.0 HD21 76 
   1321 10.114 0.0 HE1 119 
   71 111.582 0.0 N 8 
   910 1.923 0.0 HB2 83 
   921 1.823 0.0 HB2 84 
   117 4.179 0.0 HA 12 
   291 1.995 0.0 HG3 29 
   1126 176.9 0.0 C 102 
   594 1.378 0.0 HG2 55 
   856 0.751 0.0 HG11 78 
   1049 3.25 0.0 HD3 95 
   1212 59.029 0.0 CA 110 
   220 27.115 0.0 CB 21 
   912 2.205 0.0 HG2 83 
   687 121.325 0.0 N 63 
   230 174.64 0.0 C 22 
   602 7.466 0.0 H 56 
   1334 121.469 0.0 N 119 
   1068 41.738 0.0 CB 96 
   1413 7.916 0.0 H 127 
   884 28.23 0.0 CG 79 
   453 174.95 0.0 C 43 
   641 118.45 0.0 N 58 
   815 1.996 0.0 HG3 75 
   430 27.053 0.0 CG 41 
   101 4.625 0.0 HA 11 
   1140 37.102 0.0 CG 103 
   14 6.792 0.0 HD21 2 
   394 2.1 0.0 HB3 39 
   1215 9.274 0.0 H 111 
   633 0.806 0.0 HD23 58 
   1213 66.524 0.0 CB 110 
   1050 1.66 0.0 HG2 95 
   274 2.61 0.0 HA 28 
   1139 30.075 0.0 CB 103 
   1040 176.203 0.0 C 94 
   746 179.081 0.0 C 69 
   1186 2.103 0.0 HG2 108 
   807 25.72 0.0 CD1 74 
   822 4.769 0.0 HA 76 
   100 8.849 0.0 H 11 
   339 4.736 0.0 HA 34 
   504 178.5 0.0 C 47 
   1252 1.343 0.0 HG3 113 
   233 22.556 0.0 CG2 22 
   1143 4.495 0.0 HA 104 
   897 57.259 0.0 CA 81 
   559 3.741 0.0 HA 52 
   643 4.571 0.0 HA 59 
   603 3.95 0.0 HA 56 
   256 116.451 0.0 N 24 
   833 53.317 0.0 CA 76 
   235 7.348 0.0 H 23 
   1233 7.09 0.0 HD1 112 
   47 2.92 0.0 HB3 5 
   736 178.3 0.0 C 68 
   1393 8.229 0.0 H 125 
   834 41.951 0.0 CB 76 
   898 66.3 0.0 CB 81 
   451 2.209 0.0 HB2 43 
   81 1.315 0.0 HG3 9 
   911 1.923 0.0 HB3 83 
   806 44.31 0.0 CB 74 
   1235 7.192 0.0 HE1 112 
   990 9.047 0.0 H 91 
   894 3.838 0.0 HB2 81 
   763 5.268 0.0 HA 71 
   1422 174.707 0.0 C 127 
   879 177.507 0.0 C 79 
   175 1.697 0.0 HG 18 
   829 0.582 0.0 HD22 76 
   311 1.035 0.0 HD12 31 
   1373 60.295 0.0 CA 122 
   846 1.498 0.0 HG3 77 
   529 1.945 0.0 HB3 49 
   1091 1.925 0.0 HB3 98 
   1194 4.95 0.0 HA 109 
   626 1.705 0.0 HB2 58 
   317 179.245 0.0 C 31 
   1010 56.13 0.0 CA 92 
   1430 2.607 0.0 HB2 128 
   1388 4.231 0.0 HA2 124 
   1331 124.3 0.0 CH2 119 
   1137 175.818 0.0 C 103 
   1109 3.905 0.0 HA2 100 
   1171 126.101 0.0 N 106 
   1176 6.803 0.0 HD2 107 
   488 6.55 0.0 HE2 46 
   1273 41.456 0.0 CE 114 
   1053 54.651 0.0 CA 95 
   1101 128.385 0.0 N 98 
   1180 115.4 0.0 CD2 107 
   615 121.407 0.0 N 56 
   649 7.032 0.0 HE2 59 
   1427 122.174 0.0 N 127 
   239 3.047 0.0 HD2 23 
   350 2.92 0.0 HD2 35 
   551 1.179 0.0 HG22 51 
   1432 55.945 0.0 CA 128 
   941 172.805 0.0 C 86 
   1029 60.483 0.0 CA 93 
   723 4.145 0.0 HA 67 
   758 56.417 0.0 CA 70 
   388 55.485 0.0 CA 38 
   955 43.15 0.0 CD 87 
   1277 4.579 0.0 HA 115 
   398 6.565 0.0 HE2 39 
   1148 2.037 0.0 HG2 104 
   1429 4.298 0.0 HA 128 
   938 4.317 0.0 HA 86 
   70 45.052 0.0 CA 8 
   268 1.485 0.0 HB3 26 
   1152 33.32 0.0 CB 104 
   1131 8.534 0.0 H 103 
   893 5.342 0.0 HA 81 
   13 2.932 0.0 HB3 2 
   849 32.628 0.0 CB 77 
   51 120.403 0.0 N 5 
   841 1.734 0.0 HB2 77 
   435 2.401 0.0 HB3 42 
   573 65.11 0.0 CA 53 
   862 176.104 0.0 C 78 
   678 0.998 0.0 HG13 63 
   1024 1.216 0.0 HG13 93 
   1191 36.823 0.0 CG 108 
   750 117.242 0.0 N 69 
   1289 1.586 0.0 HG2 116 
   1151 54.05 0.0 CA 104 
   886 7.635 0.0 H 80 
   300 1.341 0.0 HB2 30 
   767 58.754 0.0 CA 71 
   29 7.153 0.0 H 4 
   1129 49.61 0.0 CD 102 
   1161 57.248 0.0 CA 105 
   64 62.352 0.0 CB 7 
   1348 133.1 0.0 CD2 120 
   745 2.478 0.0 HG3 69 
   414 8.557 0.0 H 41 
   858 0.751 0.0 HG13 78 
   111 133.6 0.0 CD1 11 
   1362 40.107 0.0 CB 121 
   928 1.428 0.0 HG3 84 
   509 17.387 0.0 CG2 47 
   930 33.692 0.0 CB 84 
   889 171.34 0.0 C 80 
   1086 27.428 0.0 CG 97 
   768 64.73 0.0 CB 71 
   689 4.798 0.0 HA 64 
   883 22.906 0.0 CD2 79 
   782 7.023 0.0 HD1 73 
   223 110.82 0.0 N 21 
   498 0.204 0.0 HD13 47 
   476 2.593 0.0 HB3 45 
   1075 4.526 0.0 HA 97 
   188 0.589 0.0 HD12 19 
   874 0.654 0.0 HD13 79 
   715 1.416 0.0 HB1 66 
   277 3.241 0.0 HD2 28 
   608 1.705 0.0 HG2 56 
   1065 7.28 0.0 HE2 96 
   832 175.7 0.0 C 76 
   444 27.542 0.0 CB 42 
   565 3.938 0.0 HA 53 
   480 117.34 0.0 N 45 
   215 3.225 0.0 HD3 21 
   694 176.82 0.0 C 64 
   620 176.8 0.0 C 57 
   1416 0.549 0.0 HG11 127 
   335 29.362 0.0 CB 33 
   851 27.258 0.0 CG 77 
   1279 1.303 0.0 HB2 115 
   764 2.725 0.0 HB2 71 
   775 52.5 0.0 CA 72 
   771 4.985 0.0 HA 72 
   629 0.92 0.0 HD12 58 
   156 3.281 0.0 HD2 17 
   1008 7.082 0.0 HE2 92 
   114 118.8 0.0 CE2 11 
   1300 45.22 0.0 CA 117 
   843 3.09 0.0 HD2 77 
   706 1.16 0.0 HG3 65 
   579 1.751 0.0 HB2 54 
   1208 5.308 0.0 HA 110 
   587 114.777 0.0 N 54 
   69 174.204 0.0 C 8 
   1006 7.035 0.0 HD2 92 
   359 2.601 0.0 HB2 36 
   1290 1.586 0.0 HG3 116 
   848 54.625 0.0 CA 77 
   515 0.502 0.0 HG12 48 
   524 21.395 0.0 CG2 48 
   199 28.47 0.0 CG 19 
   262 52.785 0.0 CA 25 
   49 60.214 0.0 CA 5 
   33 0.979 0.0 HG12 4 
   316 1.485 0.0 HG 31 
   1118 108.265 0.0 N 101 
   679 0.909 0.0 HG21 63 
   287 3.38 0.0 HA 29 
   627 1.619 0.0 HB3 58 
   281 176.9 0.0 C 28 
   1322 7.275 0.0 HE3 119 
   840 4.666 0.0 HA 77 
   991 5.776 0.0 HA 91 
   446 43.345 0.0 CE 42 
   464 7.192 0.0 HE2 44 
   545 19.875 0.0 CG2 50 
   523 23.105 0.0 CG1 48 
   288 1.619 0.0 HB2 29 
   1113 109.645 0.0 N 100 
   57 107.14 0.0 N 6 
   931 29.25 0.0 CD 84 
   258 4.116 0.0 HA 25 
   698 113.408 0.0 ND2 64 
   722 7.759 0.0 H 67 
   1297 3.345 0.0 HA2 117 
   1378 1.863 0.0 HB2 123 
   1198 3.139 0.0 HD3 109 
   460 3.082 0.0 HB3 44 
   423 0.717 0.0 HD23 41 
   232 69.026 0.0 CB 22 
   368 132.01 0.0 CD1 36 
   617 4.653 0.0 HA 57 
   17 53.005 0.0 CA 2 
   265 4.443 0.0 HA 26 
   680 0.909 0.0 HG22 63 
   1016 124.784 0.0 N 92 
   489 178.007 0.0 C 46 
   160 177.301 0.0 C 17 
   5 2.222 0.0 HG3 1 
   443 56.288 0.0 CA 42 
   1232 3.418 0.0 HB3 112 
   449 8.832 0.0 H 43 
   560 2.623 0.0 HB2 52 
   644 3.02 0.0 HB2 59 
   1218 2.263 0.0 HB3 111 
   1200 1.376 0.0 HG3 109 
   857 0.751 0.0 HG12 78 
   106 6.55 0.0 HE1 11 
   1069 131.6 0.0 CD1 96 
   942 58.208 0.0 CA 86 
   1248 1.708 0.0 HB3 113 
   1031 14.095 0.0 CD1 93 
   667 2.758 0.0 HB2 62 
   1353 4.192 0.0 HA 121 
   280 -0.395 0.0 HG3 28 
   1287 3.215 0.0 HD2 116 
   1315 121.34 0.0 N 118 
   240 3.047 0.0 HD3 23 
   604 1.897 0.0 HB2 56 
   727 60.29 0.0 CA 67 
   661 7.15 0.0 HD2 61 
   97 69.47 0.0 CB 10 
   1090 1.732 0.0 HB2 98 
   522 32.041 0.0 CB 48 
   176 181.207 0.0 C 18 
   148 8.026 0.0 H 16 
   142 2.595 0.0 HB2 15 
   1028 175.6 0.0 C 93 
   405 8.09 0.0 H 40 
   412 17.695 0.0 CB 40 
   12 2.675 0.0 HB2 2 
   964 8.86 0.0 H 89 
   755 2.53 0.0 HG2 70 
   367 38.05 0.0 CB 36 
   575 50.1 0.0 CD 53 
   1374 64.524 0.0 CB 122 
   1342 6.86 0.0 HE1 120 
   936 3.74 0.0 HA3 85 
   985 62.035 0.0 CA 90 
   630 0.92 0.0 HD13 58 
   540 0.509 0.0 HG22 50 
   1283 130.852 0.0 N 115 
   169 0.885 0.0 HD11 18 
   528 1.945 0.0 HB2 49 
   557 121.694 0.0 N 51 
   797 1.549 0.0 HB3 74 
   895 3.878 0.0 HB3 81 
   124 7.445 0.0 H 13 
   1133 1.744 0.0 HB2 103 
   6 176.41 0.0 C 1 
   1102 9.005 0.0 H 99 
   55 176.304 0.0 C 6 
   1017 9.184 0.0 H 93 
   493 6.884 0.0 H 47 
   1142 8.938 0.0 H 104 
   269 176.4 0.0 C 26 
   1409 177.6 0.0 C 126 
   122 40.455 0.0 CB 12 
   788 38.32 0.0 CB 73 
   637 41.906 0.0 CB 58 
   890 45.632 0.0 CA 80 
   1061 2.567 0.0 HB3 96 
   1015 131.4 0.0 CE2 92 
   131 117.361 0.0 N 13 
   691 3.168 0.0 HB3 64 
   982 1.127 0.0 HG22 90 
   508 26.86 0.0 CG1 47 
   1032 28.25 0.0 CG1 93 
   1275 129.57 0.0 N 114 
   82 176.429 0.0 C 9 
   376 1.502 0.0 HB2 37 
   163 50.635 0.0 CD 17 
   22 4.002 0.0 HA 3 
   1164 9.575 0.0 H 106 
   468 131.0 0.0 CD1 44 
   133 4.403 0.0 HA 14 
   457 8.229 0.0 H 44 
   324 8.704 0.0 H 32 
   960 5.047 0.0 HA3 88 
   1236 7.192 0.0 HE2 112 
   167 1.8 0.0 HB2 18 
   214 3.225 0.0 HD2 21 
   351 2.92 0.0 HD3 35 
   537 4.576 0.0 HA 50 
   260 1.324 0.0 HB2 25 
   606 3.195 0.0 HD2 56 
   739 117.484 0.0 N 68 
   506 34.745 0.0 CB 47 
   970 173.801 0.0 C 89 
   1000 129.755 0.0 N 91 
   352 177.72 0.0 C 35 
   989 121.506 0.0 N 90 
   599 42.47 0.0 CD 55 
   326 3.481 0.0 HA 33 
   1403 119.909 0.0 N 125 
   1048 3.15 0.0 HD2 95 
   377 1.502 0.0 HB3 37 
   1138 57.735 0.0 CA 103 
   1358 7.175 0.0 HE1 121 
   491 38.35 0.0 CB 46 
   837 27.682 0.0 CG 76 
   922 1.823 0.0 HB3 84 
   173 0.718 0.0 HD22 18 
   903 3.83 0.0 HB3 82 
   765 3.17 0.0 HB3 71 
   721 120.92 0.0 N 66 
   927 1.366 0.0 HG2 84 
   44 8.155 0.0 H 5 
   442 175.119 0.0 C 42 
   1125 1.9 0.0 HG3 102 
   1121 2.271 0.0 HB3 102 
   1363 130.74 0.0 CD1 121 
   773 2.475 0.0 HB3 72 
   635 177.0 0.0 C 58 
   115 124.022 0.0 N 11 
   1256 43.47 0.0 CD 113 
   872 0.654 0.0 HD11 79 
   819 36.619 0.0 CG 75 
   455 40.453 0.0 CB 43 
   427 40.89 0.0 CB 41 
   1130 27.111 0.0 CG 102 
   295 36.955 0.0 CG 29 
   155 2.166 0.0 HB3 17 
   516 0.502 0.0 HG13 48 
   792 130.3 0.0 CE2 73 
   1402 35.961 0.0 CG 125 
   285 26.46 0.0 CG 28 
   831 1.027 0.0 HG 76 
   118 2.63 0.0 HB2 12 
   757 176.9 0.0 C 70 
   1239 44.342 0.0 CB 112 
   77 1.637 0.0 HD3 9 
   181 28.33 0.0 CG 18 
   666 4.346 0.0 HA 62 
   4 2.222 0.0 HG2 1 
   1088 9.754 0.0 H 98 
   243 174.2 0.0 C 23 
   1261 0.78 0.0 HB2 114 
   794 9.086 0.0 H 74 
   1167 3.578 0.0 HB3 106 
   918 121.107 0.0 N 83 
   3 2.003 0.0 HB3 1 
   1096 177.352 0.0 C 98 
   1003 3.186 0.0 HB2 92 
   195 57.701 0.0 CA 19 
   1338 2.695 0.0 HB2 120 
   109 61.54 0.0 CA 11 
   1067 55.736 0.0 CA 96 
   1377 4.264 0.0 HA 123 
   1332 115.4 0.0 CZ2 119 
   744 2.258 0.0 HG2 69 
   904 172.65 0.0 C 82 
   338 7.582 0.0 H 34 
   868 9.244 0.0 H 79 
   538 4.595 0.0 HB 50 
   72 7.934 0.0 H 9 
   907 115.128 0.0 N 82 
   998 31.557 0.0 CB 91 
   1269 175.904 0.0 C 114 
   110 39.46 0.0 CB 11 
   1115 4.033 0.0 HA2 101 
   774 175.305 0.0 C 72 
   683 65.63 0.0 CA 63 
   919 9.104 0.0 H 84 
   96 62.155 0.0 CA 10 
   520 179.004 0.0 C 48 
   483 2.559 0.0 HB2 46 
   347 4.006 0.0 HA 35 
   864 32.119 0.0 CB 78 
   814 1.996 0.0 HG2 75 
   707 177.82 0.0 C 65 
   1367 122.001 0.0 N 121 
   743 2.139 0.0 HB3 69 
   958 8.529 0.0 H 88 
   1391 45.365 0.0 CA 124 
   776 42.88 0.0 CB 72 
   542 173.401 0.0 C 50 
   988 22.42 0.0 CG2 90 
   1281 51.415 0.0 CA 115 
   323 119.402 0.0 N 31 
   1307 3.037 0.0 HD3 118 
   1217 1.766 0.0 HB2 111 
   639 22.596 0.0 CD2 58 
   1249 3.346 0.0 HD2 113 
   313 1.147 0.0 HD21 31 
   226 4.224 0.0 HB 22 
   1414 3.882 0.0 HA 127 
   761 114.677 0.0 N 70 
   963 107.686 0.0 N 88 
   1431 2.483 0.0 HB3 128 
   251 3.745 0.0 HB2 24 
   473 8.306 0.0 H 45 
   534 36.304 0.0 CG 49 
   962 45.449 0.0 CA 88 
   1301 103.666 0.0 N 117 
   502 0.479 0.0 HG22 47 
   877 0.689 0.0 HD23 79 
   244 54.444 0.0 CA 23 
   403 117.405 0.0 CE2 39 
   1365 130.84 0.0 CE1 121 
   15 7.423 0.0 HD22 2 
   1099 44.307 0.0 CD 98 
   657 119.653 0.0 N 59 
   1064 7.28 0.0 HE1 96 
   1407 1.334 0.0 HB2 126 
   1244 119.879 0.0 N 112 
   1424 32.581 0.0 CB 127 
   672 119.139 0.0 N 62 
   1190 34.517 0.0 CB 108 
   646 7.195 0.0 HD1 59 
   191 0.146 0.0 HD22 19 
   1318 2.77 0.0 HB2 119 
   1386 113.946 0.0 N 123 
   1225 30.155 0.0 CB 111 
   668 2.627 0.0 HB3 62 
   1276 9.291 0.0 H 115 
   1197 3.139 0.0 HD2 109 
   1354 2.879 0.0 HB2 121 
   366 62.75 0.0 CA 36 
   759 31.29 0.0 CB 70 
   375 1.502 0.0 HB1 37 
   438 3.341 0.0 HE2 42 
   1222 2.355 0.0 HG3 111 
   1022 0.535 0.0 HD13 93 
   172 0.718 0.0 HD21 18 
   951 1.78 0.0 HG3 87 
   458 3.905 0.0 HA 44 
   484 2.899 0.0 HB3 46 
   32 0.979 0.0 HG11 4 
   783 7.023 0.0 HD2 73 
   125 4.805 0.0 HA 13 
   1230 5.485 0.0 HA 112 
   358 3.84 0.0 HA 36 
   1011 43.37 0.0 CB 92 
   1351 115.506 0.0 N 120 
   869 4.345 0.0 HA 79 
   1056 27.88 0.0 CG 95 
   574 32.371 0.0 CB 53 
