   1216 5.243 0.0 HA 111 
   900 8.975 0.0 H 82 
   1328 31.82 0.0 CB 119 
   589 4.668 0.0 HA 55 
   96 62.155 0.0 CA 10 
   563 43.019 0.0 CB 52 
   1228 111.8 0.0 NE2 111 
   371 117.801 0.0 CE2 36 
   117 4.179 0.0 HA 12 
   897 57.259 0.0 CA 81 
   413 121.155 0.0 N 40 
   1024 1.216 0.0 HG13 93 
   958 8.529 0.0 H 88 
   766 172.0 0.0 C 71 
   132 7.486 0.0 H 14 
   1306 3.037 0.0 HD2 118 
   1225 30.155 0.0 CB 111 
   182 116.726 0.0 N 18 
   1075 4.526 0.0 HA 97 
   1116 4.288 0.0 HA3 101 
   130 42.509 0.0 CB 13 
   1130 27.111 0.0 CG 102 
   506 34.745 0.0 CB 47 
   1202 55.671 0.0 CA 109 
   646 7.195 0.0 HD1 59 
   452 2.821 0.0 HB3 43 
   911 1.923 0.0 HB3 83 
   1026 0.78 0.0 HG22 93 
   1277 4.579 0.0 HA 115 
   622 39.937 0.0 CB 57 
   1093 3.211 0.0 HD3 98 
   118 2.63 0.0 HB2 12 
   302 177.4 0.0 C 30 
   995 2.178 0.0 HG3 91 
   907 115.128 0.0 N 82 
   699 8.562 0.0 H 65 
   99 112.657 0.0 N 10 
   702 1.467 0.0 HB3 65 
   604 1.897 0.0 HB2 56 
   1410 52.02 0.0 CA 126 
   45 4.584 0.0 HA 5 
   896 172.936 0.0 C 81 
   1095 1.576 0.0 HG3 98 
   1292 56.584 0.0 CA 116 
   1205 28.708 0.0 CG 109 
   1278 1.303 0.0 HB1 115 
   901 4.747 0.0 HA 82 
   63 59.829 0.0 CA 7 
   490 62.32 0.0 CA 46 
   1110 3.905 0.0 HA3 100 
   35 0.979 0.0 HG21 4 
   1106 47.294 0.0 CA 99 
   950 1.847 0.0 HG2 87 
   218 176.109 0.0 C 21 
   929 55.741 0.0 CA 84 
   425 176.25 0.0 C 41 
   312 1.035 0.0 HD13 31 
   1329 125.3 0.0 CD1 119 
   598 31.582 0.0 CB 55 
   390 119.703 0.0 N 38 
   1323 6.967 0.0 HH2 119 
   157 3.281 0.0 HD3 17 
   1028 175.6 0.0 C 93 
   1201 176.252 0.0 C 109 
   1198 3.139 0.0 HD3 109 
   570 1.635 0.0 HG2 53 
   230 174.64 0.0 C 22 
   1200 1.376 0.0 HG3 109 
   293 60.485 0.0 CA 29 
   878 1.524 0.0 HG 79 
   1146 6.978 0.0 HE21 104 
   683 65.63 0.0 CA 63 
   22 4.002 0.0 HA 3 
   9 36.326 0.0 CG 1 
   534 36.304 0.0 CG 49 
   945 5.606 0.0 HA 87 
   403 117.405 0.0 CE2 39 
   566 1.839 0.0 HB2 53 
   1351 115.506 0.0 N 120 
   543 61.38 0.0 CA 50 
   1369 4.517 0.0 HA 122 
   1409 177.6 0.0 C 126 
   1389 4.955 0.0 HA3 124 
   640 26.923 0.0 CG 58 
   1324 7.531 0.0 HZ2 119 
   512 3.049 0.0 HA 48 
   713 7.586 0.0 H 66 
   1049 3.25 0.0 HD3 95 
   362 6.665 0.0 HD2 36 
   327 0.908 0.0 HB2 33 
   326 3.481 0.0 HA 33 
   647 7.195 0.0 HD2 59 
   800 0.739 0.0 HD13 74 
   934 127.105 0.0 N 84 
   223 110.82 0.0 N 21 
   769 115.477 0.0 N 71 
   757 176.9 0.0 C 70 
   1268 0.415 0.0 HG3 114 
   200 122.646 0.0 N 19 
   658 4.325 0.0 HA 61 
   927 1.366 0.0 HG2 84 
   1100 27.715 0.0 CG 98 
   1016 124.784 0.0 N 92 
   799 0.739 0.0 HD12 74 
   1122 3.604 0.0 HD2 102 
   271 19.685 0.0 CB 26 
   172 0.718 0.0 HD21 18 
   458 3.905 0.0 HA 44 
   12 2.675 0.0 HB2 2 
   276 0.895 0.0 HB3 28 
   217 1.747 0.0 HG3 21 
   1189 54.005 0.0 CA 108 
   1257 28.88 0.0 CG 113 
   944 8.091 0.0 H 87 
   358 3.84 0.0 HA 36 
   550 1.179 0.0 HG21 51 
   1280 1.303 0.0 HB3 115 
   1073 120.365 0.0 N 96 
   498 0.204 0.0 HD13 47 
   162 32.12 0.0 CB 17 
   732 2.781 0.0 HB2 68 
   500 0.837 0.0 HG13 47 
   27 28.658 0.0 CB 3 
   709 29.462 0.0 CB 65 
   1326 175.5 0.0 C 119 
   1213 66.524 0.0 CB 110 
   869 4.345 0.0 HA 79 
   411 54.857 0.0 CA 40 
   978 0.545 0.0 HG11 90 
   1150 174.031 0.0 C 104 
   1147 7.641 0.0 HE22 104 
   1092 3.211 0.0 HD2 98 
   923 1.726 0.0 HD2 84 
   211 3.989 0.0 HA 21 
   714 4.151 0.0 HA 66 
   898 66.3 0.0 CB 81 
   1368 8.557 0.0 H 122 
   760 36.478 0.0 CG 70 
   1077 1.572 0.0 HB3 97 
   173 0.718 0.0 HD22 18 
   1055 43.47 0.0 CD 95 
   1374 64.524 0.0 CB 122 
   1053 54.651 0.0 CA 95 
   1341 6.888 0.0 HD2 120 
   577 8.334 0.0 H 54 
   147 124.741 0.0 N 15 
   829 0.582 0.0 HD22 76 
   1078 3.228 0.0 HD2 97 
   1079 3.228 0.0 HD3 97 
   663 59.65 0.0 CA 61 
   754 2.218 0.0 HB3 70 
   916 33.087 0.0 CB 83 
   590 1.625 0.0 HB2 55 
   38 175.39 0.0 C 4 
   823 1.401 0.0 HB2 76 
   1377 4.264 0.0 HA 123 
   77 1.637 0.0 HD3 9 
   951 1.78 0.0 HG3 87 
   772 2.638 0.0 HB2 72 
   793 124.281 0.0 N 73 
   540 0.509 0.0 HG22 50 
   225 4.195 0.0 HA 22 
   76 1.637 0.0 HD2 9 
   1043 131.277 0.0 N 94 
   593 3.145 0.0 HD3 55 
   1237 175.205 0.0 C 112 
   787 60.0 0.0 CA 73 
   1101 128.385 0.0 N 98 
   1404 8.632 0.0 H 126 
   838 126.577 0.0 N 76 
   1356 6.727 0.0 HD1 121 
   1347 133.1 0.0 CD1 120 
   922 1.823 0.0 HB3 84 
   161 64.78 0.0 CA 17 
   1416 0.549 0.0 HG11 127 
   1159 3.656 0.0 HB3 105 
   1316 8.981 0.0 H 119 
   762 7.151 0.0 H 71 
   1061 2.567 0.0 HB3 96 
   1388 4.231 0.0 HA2 124 
   1387 8.786 0.0 H 124 
   1072 130.76 0.0 CE2 96 
   761 114.677 0.0 N 70 
   1023 0.459 0.0 HG12 93 
   192 0.146 0.0 HD23 19 
   865 21.781 0.0 CG1 78 
   973 21.775 0.0 CG2 89 
   849 32.628 0.0 CB 77 
   1400 54.435 0.0 CA 125 
   491 38.35 0.0 CB 46 
   795 4.432 0.0 HA 74 
   282 64.51 0.0 CA 28 
   482 3.695 0.0 HA 46 
   164 28.471 0.0 CG 17 
   932 42.015 0.0 CE 84 
   937 47.314 0.0 CA 85 
   682 178.94 0.0 C 63 
   485 6.77 0.0 HD1 46 
   1003 3.186 0.0 HB2 92 
   274 2.61 0.0 HA 28 
   1325 6.69 0.0 HZ3 119 
   1355 2.737 0.0 HB3 121 
   388 55.485 0.0 CA 38 
   1266 2.265 0.0 HE3 114 
   942 58.208 0.0 CA 86 
   888 4.158 0.0 HA3 80 
   244 54.444 0.0 CA 23 
   562 51.935 0.0 CA 52 
   376 1.502 0.0 HB2 37 
   665 8.376 0.0 H 62 
   1313 43.27 0.0 CD 118 
   353 60.124 0.0 CA 35 
   1107 117.554 0.0 N 99 
   444 27.542 0.0 CB 42 
   519 0.798 0.0 HG23 48 
   1314 26.928 0.0 CG 118 
   140 8.183 0.0 H 15 
   921 1.823 0.0 HB2 84 
   111 133.6 0.0 CD1 11 
   1065 7.28 0.0 HE2 96 
   1103 3.975 0.0 HA2 99 
   432 7.516 0.0 H 42 
   303 54.5 0.0 CA 30 
   718 179.2 0.0 C 66 
   1271 32.422 0.0 CB 114 
   1156 8.499 0.0 H 105 
   330 2.824 0.0 HD3 33 
   1138 57.735 0.0 CA 103 
   773 2.475 0.0 HB3 72 
   777 122.633 0.0 N 72 
   1256 43.47 0.0 CD 113 
   1184 1.268 0.0 HB2 108 
   323 119.402 0.0 N 31 
   670 57.769 0.0 CA 62 
   507 10.335 0.0 CD1 47 
   254 57.298 0.0 CA 24 
   74 1.533 0.0 HB2 9 
   426 54.401 0.0 CA 41 
   884 28.23 0.0 CG 79 
   1273 41.456 0.0 CE 114 
   114 118.8 0.0 CE2 11 
   1270 53.831 0.0 CA 114 
   1083 54.951 0.0 CA 97 
   1041 49.829 0.0 CA 94 
   565 3.938 0.0 HA 53 
   1407 1.334 0.0 HB2 126 
   284 50.19 0.0 CD 28 
   747 59.545 0.0 CA 69 
   151 48.106 0.0 CA 16 
   725 3.645 0.0 HB3 67 
   226 4.224 0.0 HB 22 
   40 32.072 0.0 CB 4 
   837 27.682 0.0 CG 76 
   119 2.469 0.0 HB3 12 
   1008 7.082 0.0 HE2 92 
   1090 1.732 0.0 HB2 98 
   1175 3.482 0.0 HB3 107 
   886 7.635 0.0 H 80 
   557 121.694 0.0 N 51 
   25 178.12 0.0 C 3 
   431 115.848 0.0 N 41 
   443 56.288 0.0 CA 42 
   1362 40.107 0.0 CB 121 
   392 3.693 0.0 HA 39 
   627 1.619 0.0 HB3 58 
   828 0.582 0.0 HD21 76 
   450 4.875 0.0 HA 43 
   1243 130.35 0.0 CE2 112 
   227 1.138 0.0 HG21 22 
   495 1.73 0.0 HB 47 
   462 7.23 0.0 HD2 44 
   414 8.557 0.0 H 41 
   449 8.832 0.0 H 43 
   734 1.901 0.0 HG2 68 
   136 175.105 0.0 C 14 
   1245 9.522 0.0 H 113 
   423 0.717 0.0 HD23 41 
   108 178.9 0.0 C 11 
   79 2.903 0.0 HE3 9 
   61 3.696 0.0 HB3 7 
   156 3.281 0.0 HD2 17 
   1393 8.229 0.0 H 125 
   1334 121.469 0.0 N 119 
   1113 109.645 0.0 N 100 
   285 26.46 0.0 CG 28 
   309 1.028 0.0 HB3 31 
   366 62.75 0.0 CA 36 
   421 0.717 0.0 HD21 41 
   65 118.937 0.0 N 7 
   383 3.731 0.0 HA 38 
   298 3.898 0.0 HA 30 
   1284 3.841 0.0 HA 116 
   352 177.72 0.0 C 35 
   571 1.635 0.0 HG3 53 
   591 2.333 0.0 HB3 55 
   662 177.2 0.0 C 61 
   1037 1.937 0.0 HB1 94 
   252 3.83 0.0 HB3 24 
   1180 115.4 0.0 CD2 107 
   1045 5.608 0.0 HA 95 
   1338 2.695 0.0 HB2 120 
   953 54.544 0.0 CA 87 
   635 177.0 0.0 C 58 
   939 4.197 0.0 HB2 86 
   1392 109.592 0.0 N 124 
   262 52.785 0.0 CA 25 
   846 1.498 0.0 HG3 77 
   430 27.053 0.0 CG 41 
   237 1.524 0.0 HB2 23 
   532 58.85 0.0 CA 49 
   350 2.92 0.0 HD2 35 
   2 1.908 0.0 HB2 1 
   50 30.7 0.0 CB 5 
   338 7.582 0.0 H 34 
   715 1.416 0.0 HB1 66 
   655 129.0 0.0 CE1 59 
   679 0.909 0.0 HG21 63 
   1255 35.782 0.0 CB 113 
   134 2.552 0.0 HB2 14 
   625 4.331 0.0 HA 58 
   396 6.665 0.0 HD2 39 
   689 4.798 0.0 HA 64 
   328 1.468 0.0 HB3 33 
   1360 174.025 0.0 C 121 
   188 0.589 0.0 HD12 19 
   738 32.56 0.0 CB 68 
   804 176.95 0.0 C 74 
   348 1.396 0.0 HB2 35 
   988 22.42 0.0 CG2 90 
   7 57.135 0.0 CA 1 
   18 38.025 0.0 CB 2 
   775 52.5 0.0 CA 72 
   1322 7.275 0.0 HE3 119 
   1139 30.075 0.0 CB 103 
   499 1.064 0.0 HG12 47 
   427 40.89 0.0 CB 41 
   234 110.883 0.0 N 22 
   1312 33.592 0.0 CB 118 
   736 178.3 0.0 C 68 
   400 62.201 0.0 CA 39 
   220 27.115 0.0 CB 21 
   1005 7.035 0.0 HD1 92 
   484 2.899 0.0 HB3 46 
   247 26.234 0.0 CG 23 
   1002 5.619 0.0 HA 92 
   212 2.193 0.0 HB2 21 
   142 2.595 0.0 HB2 15 
   531 2.295 0.0 HG3 49 
   1330 119.204 0.0 CE3 119 
   1391 45.365 0.0 CA 124 
   587 114.777 0.0 N 54 
   801 0.741 0.0 HD21 74 
   798 0.739 0.0 HD11 74 
   370 117.801 0.0 CE1 36 
   1265 2.17 0.0 HE2 114 
   584 57.145 0.0 CA 54 
   669 179.5 0.0 C 62 
   1246 5.608 0.0 HA 113 
   634 1.6 0.0 HG 58 
   1165 4.998 0.0 HA 106 
   588 8.069 0.0 H 55 
   1022 0.535 0.0 HD13 93 
   1232 3.418 0.0 HB3 112 
   868 9.244 0.0 H 79 
   854 4.11 0.0 HA 78 
   397 6.565 0.0 HE1 39 
   990 9.047 0.0 H 91 
   831 1.027 0.0 HG 76 
   516 0.502 0.0 HG13 48 
   941 172.805 0.0 C 86 
   974 115.849 0.0 N 89 
   1035 9.654 0.0 H 94 
   894 3.838 0.0 HB2 81 
   410 179.8 0.0 C 40 
   820 119.876 0.0 N 75 
   1428 7.901 0.0 H 128 
   982 1.127 0.0 HG22 90 
   866 21.285 0.0 CG2 78 
   909 4.892 0.0 HA 83 
   97 69.47 0.0 CB 10 
   774 175.305 0.0 C 72 
   26 63.959 0.0 CA 3 
   645 2.925 0.0 HB3 59 
   84 35.172 0.0 CB 9 
   599 42.47 0.0 CD 55 
   597 54.441 0.0 CA 55 
   1251 1.61 0.0 HG2 113 
   583 177.408 0.0 C 54 
   892 8.338 0.0 H 81 
   154 1.368 0.0 HB2 17 
   242 1.415 0.0 HG3 23 
   289 1.619 0.0 HB3 29 
   748 30.017 0.0 CB 69 
   611 60.144 0.0 CA 56 
   542 173.401 0.0 C 50 
   379 55.295 0.0 CA 37 
   1286 1.977 0.0 HB3 116 
   1348 133.1 0.0 CD2 120 
   146 30.602 0.0 CB 15 
   895 3.878 0.0 HB3 81 
   1276 9.291 0.0 H 115 
   637 41.906 0.0 CB 58 
   415 4.275 0.0 HA 41 
   299 1.341 0.0 HB1 30 
   631 0.806 0.0 HD21 58 
   199 28.47 0.0 CG 19 
   341 4.198 0.0 HB3 34 
   1343 6.86 0.0 HE2 120 
   1331 124.3 0.0 CH2 119 
   1161 57.248 0.0 CA 105 
   1154 123.299 0.0 N 104 
   1111 175.32 0.0 C 100 
   938 4.317 0.0 HA 86 
   159 1.735 0.0 HG3 17 
   194 179.45 0.0 C 19 
   351 2.92 0.0 HD3 35 
   885 130.507 0.0 N 79 
   90 4.478 0.0 HA 10 
   269 176.4 0.0 C 26 
   1378 1.863 0.0 HB2 123 
   1279 1.303 0.0 HB2 115 
   586 36.72 0.0 CG 54 
   1427 122.174 0.0 N 127 
   1042 22.085 0.0 CB 94 
   474 4.235 0.0 HA 45 
   155 2.166 0.0 HB3 17 
   23 2.6 0.0 HB2 3 
   1305 1.514 0.0 HB3 118 
   21 9.38 0.0 H 3 
   332 1.176 0.0 HG3 33 
