   562 51.935 0.0 CA 52 
   1213 66.524 0.0 CB 110 
   44 8.155 0.0 H 5 
   114 118.8 0.0 CE2 11 
   549 4.218 0.0 HB 51 
   395 6.665 0.0 HD1 39 
   701 0.906 0.0 HB2 65 
   1154 123.299 0.0 N 104 
   958 8.529 0.0 H 88 
   736 178.3 0.0 C 68 
   1182 8.243 0.0 H 108 
   327 0.908 0.0 HB2 33 
   1174 2.829 0.0 HB2 107 
   1186 2.103 0.0 HG2 108 
   1364 130.74 0.0 CD2 121 
   109 61.54 0.0 CA 11 
   1007 7.082 0.0 HE1 92 
   797 1.549 0.0 HB3 74 
   755 2.53 0.0 HG2 70 
   660 3.215 0.0 HB3 61 
   1328 31.82 0.0 CB 119 
   527 3.957 0.0 HA 49 
   859 0.813 0.0 HG21 78 
   573 65.11 0.0 CA 53 
   511 7.322 0.0 H 48 
   943 63.215 0.0 CB 86 
   802 0.741 0.0 HD22 74 
   412 17.695 0.0 CB 40 
   330 2.824 0.0 HD3 33 
   654 131.3 0.0 CD2 59 
   676 0.998 0.0 HG11 63 
   950 1.847 0.0 HG2 87 
   471 130.2 0.0 CE2 44 
   826 0.564 0.0 HD12 76 
   1370 3.554 0.0 HB2 122 
   731 3.74 0.0 HA 68 
   1401 33.107 0.0 CB 125 
   145 64.155 0.0 CA 15 
   1278 1.303 0.0 HB1 115 
   795 4.432 0.0 HA 74 
   570 1.635 0.0 HG2 53 
   136 175.105 0.0 C 14 
   360 3.32 0.0 HB3 36 
   271 19.685 0.0 CB 26 
   33 0.979 0.0 HG12 4 
   787 60.0 0.0 CA 73 
   390 119.703 0.0 N 38 
   605 1.95 0.0 HB3 56 
   705 1.16 0.0 HG2 65 
   143 2.495 0.0 HB3 15 
   1350 117.2 0.0 CE2 120 
   199 28.47 0.0 CG 19 
   130 42.509 0.0 CB 13 
   1080 1.566 0.0 HG2 97 
   246 43.34 0.0 CD 23 
   678 0.998 0.0 HG13 63 
   1214 125.774 0.0 N 110 
   1118 108.265 0.0 N 101 
   902 3.83 0.0 HB2 82 
   1066 171.75 0.0 C 96 
   1353 4.192 0.0 HA 121 
   133 4.403 0.0 HA 14 
   1286 1.977 0.0 HB3 116 
   1420 0.266 0.0 HG22 127 
   112 133.6 0.0 CD2 11 
   83 54.561 0.0 CA 9 
   634 1.6 0.0 HG 58 
   724 3.253 0.0 HB2 67 
   39 63.31 0.0 CA 4 
   1106 47.294 0.0 CA 99 
   1169 55.849 0.0 CA 106 
   1368 8.557 0.0 H 122 
   223 110.82 0.0 N 21 
   295 36.955 0.0 CG 29 
   1252 1.343 0.0 HG3 113 
   115 124.022 0.0 N 11 
   1002 5.619 0.0 HA 92 
   285 26.46 0.0 CG 28 
   110 39.46 0.0 CB 11 
   1051 1.57 0.0 HG3 95 
   803 0.741 0.0 HD23 74 
   371 117.801 0.0 CE2 36 
   774 175.305 0.0 C 72 
   402 117.405 0.0 CE1 39 
   1419 0.266 0.0 HG21 127 
   282 64.51 0.0 CA 28 
   4 2.222 0.0 HG2 1 
   481 7.764 0.0 H 46 
   635 177.0 0.0 C 58 
   1166 3.271 0.0 HB2 106 
   1432 55.945 0.0 CA 128 
   451 2.209 0.0 HB2 43 
   760 36.478 0.0 CG 70 
   1131 8.534 0.0 H 103 
   1108 8.975 0.0 H 100 
   679 0.909 0.0 HG21 63 
   346 8.345 0.0 H 35 
   1211 172.435 0.0 C 110 
   418 0.761 0.0 HD11 41 
   804 176.95 0.0 C 74 
   907 115.128 0.0 N 82 
   969 1.236 0.0 HG23 89 
   852 127.184 0.0 N 77 
   1158 3.656 0.0 HB2 105 
   1133 1.744 0.0 HB2 103 
   812 1.784 0.0 HB2 75 
   645 2.925 0.0 HB3 59 
   1290 1.586 0.0 HG3 116 
   735 1.68 0.0 HG3 68 
   1097 55.288 0.0 CA 98 
   714 4.151 0.0 HA 66 
   170 0.885 0.0 HD12 18 
   494 3.075 0.0 HA 47 
   279 1.333 0.0 HG2 28 
   513 2.008 0.0 HB 48 
   514 0.502 0.0 HG11 48 
   985 62.035 0.0 CA 90 
   764 2.725 0.0 HB2 71 
   929 55.741 0.0 CA 84 
   789 130.4 0.0 CD1 73 
   148 8.026 0.0 H 16 
   1362 40.107 0.0 CB 121 
   19 118.889 0.0 N 2 
   1400 54.435 0.0 CA 125 
   1398 2.177 0.0 HG3 125 
   1092 3.211 0.0 HD2 98 
   139 126.164 0.0 N 14 
   1323 6.967 0.0 HH2 119 
   666 4.346 0.0 HA 62 
   1255 35.782 0.0 CB 113 
   1162 65.457 0.0 CB 105 
   201 8.213 0.0 H 20 
   1428 7.901 0.0 H 128 
   638 25.392 0.0 CD1 58 
   1308 1.253 0.0 HG2 118 
   226 4.224 0.0 HB 22 
   945 5.606 0.0 HA 87 
   981 1.127 0.0 HG21 90 
   1146 6.978 0.0 HE21 104 
   628 0.92 0.0 HD11 58 
   411 54.857 0.0 CA 40 
   1022 0.535 0.0 HD13 93 
   54 4.38 0.0 HA3 6 
   796 1.361 0.0 HB2 74 
   1224 53.985 0.0 CA 111 
   1418 0.549 0.0 HG13 127 
   593 3.145 0.0 HD3 55 
   1018 5.199 0.0 HA 93 
   1332 115.4 0.0 CZ2 119 
   1239 44.342 0.0 CB 112 
   1429 4.298 0.0 HA 128 
   545 19.875 0.0 CG2 50 
   758 56.417 0.0 CA 70 
   938 4.317 0.0 HA 86 
   966 3.95 0.0 HB 89 
   3 2.003 0.0 HB3 1 
   1069 131.6 0.0 CD1 96 
   230 174.64 0.0 C 22 
   886 7.635 0.0 H 80 
   1156 8.499 0.0 H 105 
   870 1.251 0.0 HB2 79 
   343 60.984 0.0 CA 34 
   216 1.747 0.0 HG2 21 
   1411 19.149 0.0 CB 126 
   922 1.823 0.0 HB3 84 
   377 1.502 0.0 HB3 37 
   185 1.445 0.0 HB2 19 
   1202 55.671 0.0 CA 109 
   913 2.205 0.0 HG3 83 
   66 9.283 0.0 H 8 
   427 40.89 0.0 CB 41 
   84 35.172 0.0 CB 9 
   1201 176.252 0.0 C 109 
   1321 10.114 0.0 HE1 119 
   791 130.3 0.0 CE1 73 
   1326 175.5 0.0 C 119 
   361 6.665 0.0 HD1 36 
   662 177.2 0.0 C 61 
   1280 1.303 0.0 HB3 115 
   30 4.168 0.0 HA 4 
   381 121.482 0.0 N 37 
   1412 127.644 0.0 N 126 
   43 128.077 0.0 N 4 
   502 0.479 0.0 HG22 47 
   688 7.698 0.0 H 64 
   5 2.222 0.0 HG3 1 
   757 176.9 0.0 C 70 
   1167 3.578 0.0 HB3 106 
   1129 49.61 0.0 CD 102 
   1128 32.451 0.0 CB 102 
   947 2.189 0.0 HB3 87 
   806 44.31 0.0 CB 74 
   140 8.183 0.0 H 15 
   1219 6.732 0.0 HE21 111 
   421 0.717 0.0 HD21 41 
   1089 4.874 0.0 HA 98 
   637 41.906 0.0 CB 58 
   438 3.341 0.0 HE2 42 
   211 3.989 0.0 HA 21 
   99 112.657 0.0 N 10 
   542 173.401 0.0 C 50 
   1138 57.735 0.0 CA 103 
   1288 3.215 0.0 HD3 116 
   408 1.098 0.0 HB2 40 
   31 2.078 0.0 HB 4 
   510 119.187 0.0 N 47 
   155 2.166 0.0 HB3 17 
   1250 2.982 0.0 HD3 113 
   176 181.207 0.0 C 18 
   138 29.87 0.0 CB 14 
   1059 5.374 0.0 HA 96 
   1434 129.886 0.0 N 128 
   1417 0.549 0.0 HG12 127 
   1410 52.02 0.0 CA 126 
   1262 -0.968 0.0 HB3 114 
   344 63.245 0.0 CB 34 
   79 2.903 0.0 HE3 9 
   961 172.34 0.0 C 88 
   1075 4.526 0.0 HA 97 
   1333 121.55 0.0 CZ3 119 
   72 7.934 0.0 H 9 
   1063 6.815 0.0 HD2 96 
   935 4.11 0.0 HA2 85 
   891 106.586 0.0 N 80 
   168 1.8 0.0 HB3 18 
   16 175.445 0.0 C 2 
   742 2.066 0.0 HB2 69 
   824 -0.729 0.0 HB3 76 
   956 27.468 0.0 CG 87 
   396 6.665 0.0 HD2 39 
   848 54.625 0.0 CA 77 
   695 56.908 0.0 CA 64 
   297 7.812 0.0 H 30 
   1190 34.517 0.0 CB 108 
   923 1.726 0.0 HD2 84 
   310 1.035 0.0 HD11 31 
   887 4.158 0.0 HA2 80 
   561 2.488 0.0 HB3 52 
   888 4.158 0.0 HA3 80 
   131 117.361 0.0 N 13 
   71 111.582 0.0 N 8 
   670 57.769 0.0 CA 62 
   1266 2.265 0.0 HE3 114 
   256 116.451 0.0 N 24 
   372 120.099 0.0 N 36 
   1259 8.608 0.0 H 114 
   589 4.668 0.0 HA 55 
   498 0.204 0.0 HD13 47 
   1029 60.483 0.0 CA 93 
   744 2.258 0.0 HG2 69 
   649 7.032 0.0 HE2 59 
   490 62.32 0.0 CA 46 
   845 1.447 0.0 HG2 77 
   142 2.595 0.0 HB2 15 
   1231 2.355 0.0 HB2 112 
   1334 121.469 0.0 N 119 
   1043 131.277 0.0 N 94 
   1188 173.31 0.0 C 108 
   890 45.632 0.0 CA 80 
   987 22.264 0.0 CG1 90 
   293 60.485 0.0 CA 29 
   528 1.945 0.0 HB2 49 
   333 177.29 0.0 C 33 
   1424 32.581 0.0 CB 127 
   386 1.672 0.0 HB3 38 
   1216 5.243 0.0 HA 111 
   177 57.052 0.0 CA 18 
   1193 8.473 0.0 H 109 
   281 176.9 0.0 C 28 
   867 126.212 0.0 N 78 
   501 0.479 0.0 HG21 47 
   1116 4.288 0.0 HA3 101 
   901 4.747 0.0 HA 82 
   876 0.689 0.0 HD22 79 
   340 3.692 0.0 HB2 34 
   1020 0.535 0.0 HD11 93 
   117 4.179 0.0 HA 12 
   703 2.83 0.0 HD2 65 
   106 6.55 0.0 HE1 11 
   323 119.402 0.0 N 31 
   27 28.658 0.0 CB 3 
   816 172.804 0.0 C 75 
   459 2.887 0.0 HB2 44 
   364 6.75 0.0 HE2 36 
   480 117.34 0.0 N 45 
   1295 27.648 0.0 CG 116 
   975 9.02 0.0 H 90 
   318 56.998 0.0 CA 31 
   834 41.951 0.0 CB 76 
   1242 130.35 0.0 CE1 112 
   924 1.726 0.0 HD3 84 
   1317 4.567 0.0 HA 119 
   1304 1.421 0.0 HB2 118 
   1232 3.418 0.0 HB3 112 
   694 176.82 0.0 C 64 
   926 3.003 0.0 HE3 84 
   729 118.219 0.0 N 67 
   921 1.823 0.0 HB2 84 
   1281 51.415 0.0 CA 115 
   397 6.565 0.0 HE1 39 
   414 8.557 0.0 H 41 
   453 174.95 0.0 C 43 
   1329 125.3 0.0 CD1 119 
   1413 7.916 0.0 H 127 
   214 3.225 0.0 HD2 21 
   507 10.335 0.0 CD1 47 
   847 175.2 0.0 C 77 
   280 -0.395 0.0 HG3 28 
   443 56.288 0.0 CA 42 
   1135 2.126 0.0 HG2 103 
   977 2.119 0.0 HB 90 
   1383 55.575 0.0 CA 123 
   872 0.654 0.0 HD11 79 
   1204 43.24 0.0 CD 109 
   805 55.851 0.0 CA 74 
   1094 1.576 0.0 HG2 98 
   1376 6.575 0.0 H 123 
   885 130.507 0.0 N 79 
   248 118.381 0.0 N 23 
   317 179.245 0.0 C 31 
   882 25.182 0.0 CD1 79 
   571 1.635 0.0 HG3 53 
   1289 1.586 0.0 HG2 116 
   931 29.25 0.0 CD 84 
   184 3.623 0.0 HA 19 
   1187 2.103 0.0 HG3 108 
   337 27.53 0.0 CG 33 
   288 1.619 0.0 HB2 29 
   135 2.938 0.0 HB3 14 
   515 0.502 0.0 HG12 48 
   1132 4.002 0.0 HA 103 
   855 1.94 0.0 HB 78 
   257 8.255 0.0 H 25 
   625 4.331 0.0 HA 58 
   1357 6.727 0.0 HD2 121 
   1198 3.139 0.0 HD3 109 
   738 32.56 0.0 CB 68 
   601 116.352 0.0 N 55 
   529 1.945 0.0 HB3 49 
   332 1.176 0.0 HG3 33 
   851 27.258 0.0 CG 77 
   1148 2.037 0.0 HG2 104 
   286 8.098 0.0 H 29 
   773 2.475 0.0 HB3 72 
   1375 125.692 0.0 N 122 
   22 4.002 0.0 HA 3 
   1337 4.943 0.0 HA 120 
   786 175.7 0.0 C 73 
   363 6.75 0.0 HE1 36 
   990 9.047 0.0 H 91 
   354 30.325 0.0 CB 35 
   1012 132.1 0.0 CD1 92 
   463 7.192 0.0 HE1 44 
   435 2.401 0.0 HB3 42 
   80 1.399 0.0 HG2 9 
   1316 8.981 0.0 H 119 
   883 22.906 0.0 CD2 79 
   776 42.88 0.0 CB 72 
   1342 6.86 0.0 HE1 120 
   682 178.94 0.0 C 63 
   1032 28.25 0.0 CG1 93 
   751 7.986 0.0 H 70 
   1208 5.308 0.0 HA 110 
   949 3.345 0.0 HD3 87 
   466 61.65 0.0 CA 44 
   91 4.483 0.0 HB 10 
   909 4.892 0.0 HA 83 
   633 0.806 0.0 HD23 58 
   1210 4.024 0.0 HB3 110 
   663 59.65 0.0 CA 61 
   1212 59.029 0.0 CA 110 
   1189 54.005 0.0 CA 108 
   919 9.104 0.0 H 84 
   934 127.105 0.0 N 84 
   992 1.996 0.0 HB2 91 
   1285 1.856 0.0 HB2 116 
   798 0.739 0.0 HD11 74 
   687 121.325 0.0 N 63 
   535 118.382 0.0 N 49 
   817 57.14 0.0 CA 75 
   1009 171.85 0.0 C 92 
   37 0.979 0.0 HG23 4 
   479 39.895 0.0 CB 45 
   597 54.441 0.0 CA 55 
   345 111.582 0.0 N 34 
   1006 7.035 0.0 HD2 92 
   496 0.204 0.0 HD11 47 
   157 3.281 0.0 HD3 17 
   980 0.545 0.0 HG13 90 
   1356 6.727 0.0 HD1 121 
   1248 1.708 0.0 HB3 113 
   1113 109.645 0.0 N 100 
   122 40.455 0.0 CB 12 
   48 175.9 0.0 C 5 
   596 173.52 0.0 C 55 
   639 22.596 0.0 CD2 58 
   8 29.815 0.0 CB 1 
   196 40.21 0.0 CB 19 
   1425 21.54 0.0 CG1 127 
   614 28.048 0.0 CG 56 
   439 3.169 0.0 HE3 42 
   174 0.718 0.0 HD23 18 
   1253 173.52 0.0 C 113 
   326 3.481 0.0 HA 33 
   1380 1.878 0.0 HG2 123 
   747 59.545 0.0 CA 69 
   1392 109.592 0.0 N 124 
   1221 2.437 0.0 HG2 111 
   1088 9.754 0.0 H 98 
   1045 5.608 0.0 HA 95 
   351 2.92 0.0 HD3 35 
   576 27.257 0.0 CG 53 
   78 2.937 0.0 HE2 9 
   1054 33.572 0.0 CB 95 
   105 7.598 0.0 HD2 11 
   475 2.716 0.0 HB2 45 
   769 115.477 0.0 N 71 
   723 4.145 0.0 HA 67 
   964 8.86 0.0 H 89 
   930 33.692 0.0 CB 84 
   1223 174.94 0.0 C 111 
   467 39.01 0.0 CB 44 
   95 175.801 0.0 C 10 
   1430 2.607 0.0 HB2 128 
   1121 2.271 0.0 HB3 102 
   410 179.8 0.0 C 40 
   1341 6.888 0.0 HD2 120 
   523 23.105 0.0 CG1 48 
   437 1.611 0.0 HD3 42 
   668 2.627 0.0 HB3 62 
