   768 64.73 0.0 CB 71 
   323 119.402 0.0 N 31 
   417 1.555 0.0 HB3 41 
   101 4.625 0.0 HA 11 
   251 3.745 0.0 HB2 24 
   1044 9.352 0.0 H 95 
   979 0.545 0.0 HG12 90 
   396 6.665 0.0 HD2 39 
   456 123.108 0.0 N 43 
   228 1.138 0.0 HG22 22 
   1431 2.483 0.0 HB3 128 
   4 2.222 0.0 HG2 1 
   923 1.726 0.0 HD2 84 
   13 2.932 0.0 HB3 2 
   346 8.345 0.0 H 35 
   669 179.5 0.0 C 62 
   270 52.95 0.0 CA 26 
   1384 32.175 0.0 CB 123 
   915 56.075 0.0 CA 83 
   54 4.38 0.0 HA3 6 
   1263 0.874 0.0 HD2 114 
   1083 54.951 0.0 CA 97 
   1188 173.31 0.0 C 108 
   962 45.449 0.0 CA 88 
   448 116.255 0.0 N 42 
   733 2.234 0.0 HB3 68 
   627 1.619 0.0 HB3 58 
   493 6.884 0.0 H 47 
   117 4.179 0.0 HA 12 
   900 8.975 0.0 H 82 
   62 175.803 0.0 C 7 
   150 2.895 0.0 HA3 16 
   499 1.064 0.0 HG12 47 
   681 0.909 0.0 HG23 63 
   720 17.675 0.0 CB 66 
   288 1.619 0.0 HB2 29 
   92 1.269 0.0 HG21 10 
   916 33.087 0.0 CB 83 
   232 69.026 0.0 CB 22 
   1277 4.579 0.0 HA 115 
   1408 1.334 0.0 HB3 126 
   624 7.609 0.0 H 58 
   143 2.495 0.0 HB3 15 
   710 43.29 0.0 CD 65 
   99 112.657 0.0 N 10 
   1398 2.177 0.0 HG3 125 
   753 2.006 0.0 HB2 70 
   421 0.717 0.0 HD21 41 
   786 175.7 0.0 C 73 
   861 0.813 0.0 HG23 78 
   1343 6.86 0.0 HE2 120 
   562 51.935 0.0 CA 52 
   1352 9.316 0.0 H 121 
   313 1.147 0.0 HD21 31 
   208 18.852 0.0 CB 20 
   604 1.897 0.0 HB2 56 
   729 118.219 0.0 N 67 
   418 0.761 0.0 HD11 41 
   868 9.244 0.0 H 79 
   435 2.401 0.0 HB3 42 
   817 57.14 0.0 CA 75 
   262 52.785 0.0 CA 25 
   484 2.899 0.0 HB3 46 
   90 4.478 0.0 HA 10 
   567 2.232 0.0 HB3 53 
   1120 1.866 0.0 HB2 102 
   66 9.283 0.0 H 8 
   1051 1.57 0.0 HG3 95 
   826 0.564 0.0 HD12 76 
   899 113.782 0.0 N 81 
   244 54.444 0.0 CA 23 
   45 4.584 0.0 HA 5 
   798 0.739 0.0 HD11 74 
   441 1.111 0.0 HG3 42 
   811 4.385 0.0 HA 75 
   1090 1.732 0.0 HB2 98 
   147 124.741 0.0 N 15 
   472 122.987 0.0 N 44 
   654 131.3 0.0 CD2 59 
   1140 37.102 0.0 CG 103 
   824 -0.729 0.0 HB3 76 
   778 8.75 0.0 H 73 
   1111 175.32 0.0 C 100 
   180 24.068 0.0 CD2 18 
   1386 113.946 0.0 N 123 
   1076 1.689 0.0 HB2 97 
   353 60.124 0.0 CA 35 
   605 1.95 0.0 HB3 56 
   1185 1.564 0.0 HB3 108 
   1248 1.708 0.0 HB3 113 
   691 3.168 0.0 HB3 64 
   888 4.158 0.0 HA3 80 
   935 4.11 0.0 HA2 85 
   700 3.481 0.0 HA 65 
   1153 34.296 0.0 CG 104 
   598 31.582 0.0 CB 55 
   908 8.427 0.0 H 83 
   1138 57.735 0.0 CA 103 
   87 25.43 0.0 CG 9 
   476 2.593 0.0 HB3 45 
   841 1.734 0.0 HB2 77 
   1100 27.715 0.0 CG 98 
   164 28.471 0.0 CG 17 
   563 43.019 0.0 CB 52 
   1223 174.94 0.0 C 111 
   508 26.86 0.0 CG1 47 
   698 113.408 0.0 ND2 64 
   226 4.224 0.0 HB 22 
   990 9.047 0.0 H 91 
   1187 2.103 0.0 HG3 108 
   1070 131.6 0.0 CD2 96 
   263 19.649 0.0 CB 25 
   890 45.632 0.0 CA 80 
   1212 59.029 0.0 CA 110 
   218 176.109 0.0 C 21 
   692 6.936 0.0 HD21 64 
   901 4.747 0.0 HA 82 
   958 8.529 0.0 H 88 
   330 2.824 0.0 HD3 33 
   522 32.041 0.0 CB 48 
   631 0.806 0.0 HD21 58 
   634 1.6 0.0 HG 58 
   261 1.324 0.0 HB3 25 
   525 122.147 0.0 N 48 
   80 1.399 0.0 HG2 9 
   1167 3.578 0.0 HB3 106 
   941 172.805 0.0 C 86 
   7 57.135 0.0 CA 1 
   1279 1.303 0.0 HB2 115 
   1181 129.694 0.0 N 107 
   447 25.37 0.0 CG 42 
   771 4.985 0.0 HA 72 
   1125 1.9 0.0 HG3 102 
   652 40.445 0.0 CB 59 
   1016 124.784 0.0 N 92 
   56 46.424 0.0 CA 6 
   127 2.715 0.0 HB3 13 
   1265 2.17 0.0 HE2 114 
   1085 43.79 0.0 CD 97 
   1337 4.943 0.0 HA 120 
   1096 177.352 0.0 C 98 
   946 2.018 0.0 HB2 87 
   1087 117.405 0.0 N 97 
   1126 176.9 0.0 C 102 
   869 4.345 0.0 HA 79 
   267 1.485 0.0 HB2 26 
   454 51.354 0.0 CA 43 
   874 0.654 0.0 HD13 79 
   1114 7.925 0.0 H 101 
   1227 121.905 0.0 N 111 
   1252 1.343 0.0 HG3 113 
   983 1.127 0.0 HG23 90 
   1001 9.171 0.0 H 92 
   973 21.775 0.0 CG2 89 
   1052 176.85 0.0 C 95 
   229 1.138 0.0 HG23 22 
   759 31.29 0.0 CB 70 
   1071 130.76 0.0 CE1 96 
   65 118.937 0.0 N 7 
   1093 3.211 0.0 HD3 98 
   743 2.139 0.0 HB3 69 
   645 2.925 0.0 HB3 59 
   1177 173.205 0.0 C 107 
   574 32.371 0.0 CB 53 
   1301 103.666 0.0 N 117 
   374 3.578 0.0 HA 37 
   1029 60.483 0.0 CA 93 
   283 31.061 0.0 CB 28 
   716 1.416 0.0 HB2 66 
   877 0.689 0.0 HD23 79 
   534 36.304 0.0 CG 49 
   299 1.341 0.0 HB1 30 
   255 64.524 0.0 CB 24 
   79 2.903 0.0 HE3 9 
   295 36.955 0.0 CG 29 
   1101 128.385 0.0 N 98 
   256 116.451 0.0 N 24 
   999 36.712 0.0 CG 91 
   761 114.677 0.0 N 70 
   1050 1.66 0.0 HG2 95 
   597 54.441 0.0 CA 55 
   945 5.606 0.0 HA 87 
   1276 9.291 0.0 H 115 
   1210 4.024 0.0 HB3 110 
   794 9.086 0.0 H 74 
   644 3.02 0.0 HB2 59 
   679 0.909 0.0 HG21 63 
   653 131.3 0.0 CD1 59 
   110 39.46 0.0 CB 11 
   413 121.155 0.0 N 40 
   506 34.745 0.0 CB 47 
   873 0.654 0.0 HD12 79 
   497 0.204 0.0 HD12 47 
   555 68.659 0.0 CB 51 
   863 63.69 0.0 CA 78 
   835 25.728 0.0 CD1 76 
   438 3.341 0.0 HE2 42 
   1026 0.78 0.0 HG22 93 
   385 1.672 0.0 HB2 38 
   690 2.951 0.0 HB2 64 
   415 4.275 0.0 HA 41 
   469 131.0 0.0 CD2 44 
   284 50.19 0.0 CD 28 
   886 7.635 0.0 H 80 
   991 5.776 0.0 HA 91 
   130 42.509 0.0 CB 13 
   1027 0.78 0.0 HG23 93 
   1374 64.524 0.0 CB 122 
   83 54.561 0.0 CA 9 
   114 118.8 0.0 CE2 11 
   558 9.009 0.0 H 52 
   1323 6.967 0.0 HH2 119 
   292 177.415 0.0 C 29 
   405 8.09 0.0 H 40 
   587 114.777 0.0 N 54 
   281 176.9 0.0 C 28 
   202 4.243 0.0 HA 20 
   553 173.901 0.0 C 51 
   1072 130.76 0.0 CE2 96 
   219 56.614 0.0 CA 21 
   473 8.306 0.0 H 45 
   1410 52.02 0.0 CA 126 
   747 59.545 0.0 CA 69 
   913 2.205 0.0 HG3 83 
   1416 0.549 0.0 HG11 127 
   1038 1.937 0.0 HB2 94 
   424 1.664 0.0 HG 41 
   829 0.582 0.0 HD22 76 
   1249 3.346 0.0 HD2 113 
   951 1.78 0.0 HG3 87 
   862 176.104 0.0 C 78 
   1086 27.428 0.0 CG 97 
   1186 2.103 0.0 HG2 108 
   338 7.582 0.0 H 34 
   897 57.259 0.0 CA 81 
   902 3.83 0.0 HB2 82 
   10 8.376 0.0 H 2 
   199 28.47 0.0 CG 19 
   606 3.195 0.0 HD2 56 
   777 122.633 0.0 N 72 
   30 4.168 0.0 HA 4 
   1191 36.823 0.0 CG 108 
   102 2.98 0.0 HB2 11 
   1122 3.604 0.0 HD2 102 
   104 7.598 0.0 HD1 11 
   375 1.502 0.0 HB1 37 
   588 8.069 0.0 H 55 
   139 126.164 0.0 N 14 
   363 6.75 0.0 HE1 36 
   1077 1.572 0.0 HB3 97 
   294 28.57 0.0 CB 29 
   446 43.345 0.0 CE 42 
   1330 119.204 0.0 CE3 119 
   621 55.375 0.0 CA 57 
   940 4.069 0.0 HB3 86 
   801 0.741 0.0 HD21 74 
   355 43.64 0.0 CD 35 
   548 4.625 0.0 HA 51 
   491 38.35 0.0 CB 46 
   998 31.557 0.0 CB 91 
   443 56.288 0.0 CA 42 
   236 4.518 0.0 HA 23 
   440 1.559 0.0 HG2 42 
   526 8.501 0.0 H 49 
   1359 7.175 0.0 HE2 121 
   1257 28.88 0.0 CG 113 
   203 1.402 0.0 HB1 20 
   592 3.145 0.0 HD2 55 
   1334 121.469 0.0 N 119 
   660 3.215 0.0 HB3 61 
   382 8.298 0.0 H 38 
   638 25.392 0.0 CD1 58 
   349 1.91 0.0 HB3 35 
   1415 0.75 0.0 HB 127 
   1139 30.075 0.0 CB 103 
   175 1.697 0.0 HG 18 
   410 179.8 0.0 C 40 
   1322 7.275 0.0 HE3 119 
   765 3.17 0.0 HB3 71 
   1308 1.253 0.0 HG2 118 
   857 0.751 0.0 HG12 78 
   615 121.407 0.0 N 56 
   1160 173.605 0.0 C 105 
   1142 8.938 0.0 H 104 
   303 54.5 0.0 CA 30 
   212 2.193 0.0 HB2 21 
