   301 1.341 0.0 HB3 30 
   1367 122.001 0.0 N 121 
   1103 3.975 0.0 HA2 99 
   86 41.986 0.0 CE 9 
   557 121.694 0.0 N 51 
   1172 8.819 0.0 H 107 
   68 4.247 0.0 HA3 8 
   826 0.564 0.0 HD12 76 
   272 7.106 0.0 H 27 
   1188 173.31 0.0 C 108 
   1071 130.76 0.0 CE1 96 
   233 22.556 0.0 CG2 22 
   154 1.368 0.0 HB2 17 
   1291 177.209 0.0 C 116 
   1104 3.906 0.0 HA3 99 
   616 8.78 0.0 H 57 
   951 1.78 0.0 HG3 87 
   1082 174.825 0.0 C 97 
   575 50.1 0.0 CD 53 
   88 120.607 0.0 N 9 
   621 55.375 0.0 CA 57 
   1130 27.111 0.0 CG 102 
   1151 54.05 0.0 CA 104 
   533 30.291 0.0 CB 49 
   1293 27.96 0.0 CB 116 
   1417 0.549 0.0 HG12 127 
   87 25.43 0.0 CG 9 
   357 8.099 0.0 H 36 
   1162 65.457 0.0 CB 105 
   599 42.47 0.0 CD 55 
   106 6.55 0.0 HE1 11 
   1406 1.334 0.0 HB1 126 
   1196 1.743 0.0 HB3 109 
   471 130.2 0.0 CE2 44 
   635 177.0 0.0 C 58 
   1341 6.888 0.0 HD2 120 
   990 9.047 0.0 H 91 
   1126 176.9 0.0 C 102 
   1379 2.039 0.0 HB3 123 
   1335 127.86 0.0 NE1 119 
   1337 4.943 0.0 HA 120 
   537 4.576 0.0 HA 50 
   708 59.999 0.0 CA 65 
   1207 9.762 0.0 H 110 
   915 56.075 0.0 CA 83 
   1064 7.28 0.0 HE1 96 
   313 1.147 0.0 HD21 31 
   441 1.111 0.0 HG3 42 
   845 1.447 0.0 HG2 77 
   1019 1.4 0.0 HB 93 
   1206 122.752 0.0 N 109 
   1255 35.782 0.0 CB 113 
   249 8.642 0.0 H 24 
   1041 49.829 0.0 CA 94 
   1061 2.567 0.0 HB3 96 
   598 31.582 0.0 CB 55 
   824 -0.729 0.0 HB3 76 
   1109 3.905 0.0 HA2 100 
   73 4.514 0.0 HA 9 
   1023 0.459 0.0 HG12 93 
   1303 4.552 0.0 HA 118 
   1003 3.186 0.0 HB2 92 
   838 126.577 0.0 N 76 
   984 173.64 0.0 C 90 
   1115 4.033 0.0 HA2 101 
   1058 8.865 0.0 H 96 
   696 39.218 0.0 CB 64 
   277 3.241 0.0 HD2 28 
   339 4.736 0.0 HA 34 
   936 3.74 0.0 HA3 85 
   7 57.135 0.0 CA 1 
   645 2.925 0.0 HB3 59 
   992 1.996 0.0 HB2 91 
   568 2.804 0.0 HD2 53 
   993 1.996 0.0 HB3 91 
   477 178.0 0.0 C 45 
   961 172.34 0.0 C 88 
   687 121.325 0.0 N 63 
   930 33.692 0.0 CB 84 
   1204 43.24 0.0 CD 109 
   819 36.619 0.0 CG 75 
   865 21.781 0.0 CG1 78 
   1195 1.509 0.0 HB2 109 
   1290 1.586 0.0 HG3 116 
   1097 55.288 0.0 CA 98 
   1329 125.3 0.0 CD1 119 
   889 171.34 0.0 C 80 
   1133 1.744 0.0 HB2 103 
   799 0.739 0.0 HD12 74 
   181 28.33 0.0 CG 18 
   1249 3.346 0.0 HD2 113 
   995 2.178 0.0 HG3 91 
   42 21.175 0.0 CG2 4 
   706 1.16 0.0 HG3 65 
   276 0.895 0.0 HB3 28 
   1054 33.572 0.0 CB 95 
   1073 120.365 0.0 N 96 
   720 17.675 0.0 CB 66 
   252 3.83 0.0 HB3 24 
   195 57.701 0.0 CA 19 
   326 3.481 0.0 HA 33 
   1349 117.2 0.0 CE1 120 
   966 3.95 0.0 HB 89 
   218 176.109 0.0 C 21 
   480 117.34 0.0 N 45 
   1351 115.506 0.0 N 120 
   684 32.281 0.0 CB 63 
   298 3.898 0.0 HA 30 
   1342 6.86 0.0 HE1 120 
   413 121.155 0.0 N 40 
   733 2.234 0.0 HB3 68 
   547 7.748 0.0 H 51 
   125 4.805 0.0 HA 13 
   1390 172.204 0.0 C 124 
   823 1.401 0.0 HB2 76 
   63 59.829 0.0 CA 7 
   1253 173.52 0.0 C 113 
   814 1.996 0.0 HG2 75 
   368 132.01 0.0 CD1 36 
   1175 3.482 0.0 HB3 107 
   796 1.361 0.0 HB2 74 
   165 6.545 0.0 H 18 
   774 175.305 0.0 C 72 
   670 57.769 0.0 CA 62 
   509 17.387 0.0 CG2 47 
   192 0.146 0.0 HD23 19 
   365 176.705 0.0 C 36 
   1235 7.192 0.0 HE1 112 
   1264 0.784 0.0 HD3 114 
   875 0.689 0.0 HD21 79 
   1411 19.149 0.0 CB 126 
   1350 117.2 0.0 CE2 120 
   5 2.222 0.0 HG3 1 
   147 124.741 0.0 N 15 
   925 3.003 0.0 HE2 84 
   1208 5.308 0.0 HA 110 
   594 1.378 0.0 HG2 55 
   1020 0.535 0.0 HD11 93 
   1231 2.355 0.0 HB2 112 
   131 117.361 0.0 N 13 
   977 2.119 0.0 HB 90 
   425 176.25 0.0 C 41 
   543 61.38 0.0 CA 50 
   1201 176.252 0.0 C 109 
   315 1.147 0.0 HD23 31 
   593 3.145 0.0 HD3 55 
   1314 26.928 0.0 CG 118 
   803 0.741 0.0 HD23 74 
   959 3.563 0.0 HA2 88 
   705 1.16 0.0 HG2 65 
   1296 8.576 0.0 H 117 
   776 42.88 0.0 CB 72 
   718 179.2 0.0 C 66 
   381 121.482 0.0 N 37 
   546 103.746 0.0 N 50 
   481 7.764 0.0 H 46 
   709 29.462 0.0 CB 65 
   109 61.54 0.0 CA 11 
   833 53.317 0.0 CA 76 
   855 1.94 0.0 HB 78 
   1113 109.645 0.0 N 100 
   1029 60.483 0.0 CA 93 
   668 2.627 0.0 HB3 62 
   1250 2.982 0.0 HD3 113 
   596 173.52 0.0 C 55 
   120 175.224 0.0 C 12 
   1040 176.203 0.0 C 94 
   1285 1.856 0.0 HB2 116 
   1256 43.47 0.0 CD 113 
   1277 4.579 0.0 HA 115 
   67 3.52 0.0 HA2 8 
   1228 111.8 0.0 NE2 111 
   1311 53.951 0.0 CA 118 
   344 63.245 0.0 CB 34 
   9 36.326 0.0 CG 1 
   630 0.92 0.0 HD13 58 
   839 9.187 0.0 H 77 
   13 2.932 0.0 HB3 2 
   748 30.017 0.0 CB 69 
   318 56.998 0.0 CA 31 
   1241 131.451 0.0 CD2 112 
   986 36.819 0.0 CB 90 
   268 1.485 0.0 HB3 26 
   95 175.801 0.0 C 10 
   625 4.331 0.0 HA 58 
   965 5.861 0.0 HA 89 
   1057 122.839 0.0 N 95 
   217 1.747 0.0 HG3 21 
   1160 173.605 0.0 C 105 
   124 7.445 0.0 H 13 
   245 33.978 0.0 CB 23 
   456 123.108 0.0 N 43 
   798 0.739 0.0 HD11 74 
   1393 8.229 0.0 H 125 
   398 6.565 0.0 HE2 39 
   506 34.745 0.0 CB 47 
   1012 132.1 0.0 CD1 92 
   690 2.951 0.0 HB2 64 
   1279 1.303 0.0 HB2 115 
   1190 34.517 0.0 CB 108 
   1366 130.84 0.0 CE2 121 
   637 41.906 0.0 CB 58 
   917 36.115 0.0 CG 83 
   438 3.341 0.0 HE2 42 
   464 7.192 0.0 HE2 44 
   78 2.937 0.0 HE2 9 
   655 129.0 0.0 CE1 59 
   2 1.908 0.0 HB2 1 
   994 2.323 0.0 HG2 91 
   736 178.3 0.0 C 68 
   956 27.468 0.0 CG 87 
   108 178.9 0.0 C 11 
   1099 44.307 0.0 CD 98 
   253 174.356 0.0 C 24 
   719 55.495 0.0 CA 66 
   1181 129.694 0.0 N 107 
   738 32.56 0.0 CB 68 
   783 7.023 0.0 HD2 73 
   868 9.244 0.0 H 79 
   728 28.554 0.0 CB 67 
   976 4.777 0.0 HA 90 
   404 119.108 0.0 N 39 
   922 1.823 0.0 HB3 84 
   800 0.739 0.0 HD13 74 
   172 0.718 0.0 HD21 18 
   622 39.937 0.0 CB 57 
   872 0.654 0.0 HD11 79 
   296 116.67 0.0 N 29 
   1182 8.243 0.0 H 108 
   430 27.053 0.0 CG 41 
   1034 118.019 0.0 N 93 
   836 23.57 0.0 CD2 76 
   581 2.144 0.0 HG2 54 
   1147 7.641 0.0 HE22 104 
   214 3.225 0.0 HD2 21 
   183 8.075 0.0 H 19 
   1384 32.175 0.0 CB 123 
   80 1.399 0.0 HG2 9 
   834 41.951 0.0 CB 76 
   51 120.403 0.0 N 5 
   59 3.932 0.0 HA 7 
   815 1.996 0.0 HG3 75 
   1100 27.715 0.0 CG 98 
   1413 7.916 0.0 H 127 
   90 4.478 0.0 HA 10 
   634 1.6 0.0 HG 58 
   346 8.345 0.0 H 35 
   15 7.423 0.0 HD22 2 
   482 3.695 0.0 HA 46 
   897 57.259 0.0 CA 81 
   659 3.312 0.0 HB2 61 
   669 179.5 0.0 C 62 
   511 7.322 0.0 H 48 
   377 1.502 0.0 HB3 37 
   722 7.759 0.0 H 67 
   663 59.65 0.0 CA 61 
   584 57.145 0.0 CA 54 
   735 1.68 0.0 HG3 68 
   761 114.677 0.0 N 70 
   1259 8.608 0.0 H 114 
   539 0.509 0.0 HG21 50 
   1155 112.996 0.0 NE2 104 
   830 0.582 0.0 HD23 76 
   122 40.455 0.0 CB 12 
   83 54.561 0.0 CA 9 
   1063 6.815 0.0 HD2 96 
   985 62.035 0.0 CA 90 
   1127 62.11 0.0 CA 102 
   1179 31.258 0.0 CB 107 
   766 172.0 0.0 C 71 
   590 1.625 0.0 HB2 55 
   964 8.86 0.0 H 89 
   958 8.529 0.0 H 88 
   944 8.091 0.0 H 87 
   1258 124.163 0.0 N 113 
   102 2.98 0.0 HB2 11 
   904 172.65 0.0 C 82 
   459 2.887 0.0 HB2 44 
   1237 175.205 0.0 C 112 
   1408 1.334 0.0 HB3 126 
   1363 130.74 0.0 CD1 121 
   40 32.072 0.0 CB 4 
   469 131.0 0.0 CD2 44 
   881 42.361 0.0 CB 79 
   179 25.729 0.0 CD1 18 
   451 2.209 0.0 HB2 43 
