   225 4.195 0.0 HA 22 
   656 129.0 0.0 CE2 59 
   947 2.189 0.0 HB3 87 
   509 17.387 0.0 CG2 47 
   918 121.107 0.0 N 83 
   270 52.95 0.0 CA 26 
   241 1.415 0.0 HG2 23 
   906 66.204 0.0 CB 82 
   1246 5.608 0.0 HA 113 
   1022 0.535 0.0 HD13 93 
   286 8.098 0.0 H 29 
   735 1.68 0.0 HG3 68 
   1102 9.005 0.0 H 99 
   1233 7.09 0.0 HD1 112 
   48 175.9 0.0 C 5 
   757 176.9 0.0 C 70 
   1428 7.901 0.0 H 128 
   343 60.984 0.0 CA 34 
   667 2.758 0.0 HB2 62 
   752 4.368 0.0 HA 70 
   543 61.38 0.0 CA 50 
   1106 47.294 0.0 CA 99 
   85 29.151 0.0 CD 9 
   178 39.261 0.0 CB 18 
   183 8.075 0.0 H 19 
   694 176.82 0.0 C 64 
   38 175.39 0.0 C 4 
   895 3.878 0.0 HB3 81 
   242 1.415 0.0 HG3 23 
   377 1.502 0.0 HB3 37 
   687 121.325 0.0 N 63 
   758 56.417 0.0 CA 70 
   588 8.069 0.0 H 55 
   1359 7.175 0.0 HE2 121 
   1057 122.839 0.0 N 95 
   200 122.646 0.0 N 19 
   1049 3.25 0.0 HD3 95 
   191 0.146 0.0 HD22 19 
   363 6.75 0.0 HE1 36 
   1139 30.075 0.0 CB 103 
   896 172.936 0.0 C 81 
   1113 109.645 0.0 N 100 
   1252 1.343 0.0 HG3 113 
   791 130.3 0.0 CE1 73 
   484 2.899 0.0 HB3 46 
   233 22.556 0.0 CG2 22 
   693 7.734 0.0 HD22 64 
   500 0.837 0.0 HG13 47 
   902 3.83 0.0 HB2 82 
   192 0.146 0.0 HD23 19 
   965 5.861 0.0 HA 89 
   981 1.127 0.0 HG21 90 
   1072 130.76 0.0 CE2 96 
   105 7.598 0.0 HD2 11 
   536 7.115 0.0 H 50 
   728 28.554 0.0 CB 67 
   2 1.908 0.0 HB2 1 
   1183 4.864 0.0 HA 108 
   156 3.281 0.0 HD2 17 
   454 51.354 0.0 CA 43 
   963 107.686 0.0 N 88 
   913 2.205 0.0 HG3 83 
   886 7.635 0.0 H 80 
   50 30.7 0.0 CB 5 
   299 1.341 0.0 HB1 30 
   371 117.801 0.0 CE2 36 
   216 1.747 0.0 HG2 21 
   431 115.848 0.0 N 41 
   78 2.937 0.0 HE2 9 
   508 26.86 0.0 CG1 47 
   1370 3.554 0.0 HB2 122 
   1296 8.576 0.0 H 117 
   412 17.695 0.0 CB 40 
   562 51.935 0.0 CA 52 
   261 1.324 0.0 HB3 25 
   1056 27.88 0.0 CG 95 
   96 62.155 0.0 CA 10 
   471 130.2 0.0 CE2 44 
   445 29.151 0.0 CD 42 
   1345 57.29 0.0 CA 120 
   249 8.642 0.0 H 24 
   905 57.524 0.0 CA 82 
   856 0.751 0.0 HG11 78 
   773 2.475 0.0 HB3 72 
   581 2.144 0.0 HG2 54 
   1107 117.554 0.0 N 99 
   118 2.63 0.0 HB2 12 
   452 2.821 0.0 HB3 43 
   912 2.205 0.0 HG2 83 
   525 122.147 0.0 N 48 
   1200 1.376 0.0 HG3 109 
   552 1.179 0.0 HG23 51 
   931 29.25 0.0 CD 84 
   952 175.019 0.0 C 87 
   753 2.006 0.0 HB2 70 
   196 40.21 0.0 CB 19 
   724 3.253 0.0 HB2 67 
   18 38.025 0.0 CB 2 
   220 27.115 0.0 CB 21 
   1285 1.856 0.0 HB2 116 
   288 1.619 0.0 HB2 29 
   182 116.726 0.0 N 18 
   1137 175.818 0.0 C 103 
   1402 35.961 0.0 CG 125 
   1257 28.88 0.0 CG 113 
   721 120.92 0.0 N 66 
   1388 4.231 0.0 HA2 124 
   660 3.215 0.0 HB3 61 
   438 3.341 0.0 HE2 42 
   523 23.105 0.0 CG1 48 
   293 60.485 0.0 CA 29 
   549 4.218 0.0 HB 51 
   925 3.003 0.0 HE2 84 
   1268 0.415 0.0 HG3 114 
   1300 45.22 0.0 CA 117 
   362 6.665 0.0 HD2 36 
   1264 0.784 0.0 HD3 114 
   209 120.542 0.0 N 20 
   825 0.564 0.0 HD11 76 
   540 0.509 0.0 HG22 50 
   1227 121.905 0.0 N 111 
   228 1.138 0.0 HG22 22 
   1391 45.365 0.0 CA 124 
   199 28.47 0.0 CG 19 
   1315 121.34 0.0 N 118 
   780 2.454 0.0 HB2 73 
   1125 1.9 0.0 HG3 102 
   1148 2.037 0.0 HG2 104 
   539 0.509 0.0 HG21 50 
   61 3.696 0.0 HB3 7 
   948 3.345 0.0 HD2 87 
   768 64.73 0.0 CB 71 
   636 54.812 0.0 CA 58 
   776 42.88 0.0 CB 72 
   1130 27.111 0.0 CG 102 
   169 0.885 0.0 HD11 18 
   1198 3.139 0.0 HD3 109 
   245 33.978 0.0 CB 23 
   1276 9.291 0.0 H 115 
   203 1.402 0.0 HB1 20 
   1138 57.735 0.0 CA 103 
   77 1.637 0.0 HD3 9 
   234 110.883 0.0 N 22 
