   640 26.923 0.0 CG 58 
   851 27.258 0.0 CG 77 
   448 116.255 0.0 N 42 
   124 7.445 0.0 H 13 
   344 63.245 0.0 CB 34 
   1270 53.831 0.0 CA 114 
   950 1.847 0.0 HG2 87 
   1069 131.6 0.0 CD1 96 
   1304 1.421 0.0 HB2 118 
   500 0.837 0.0 HG13 47 
   294 28.57 0.0 CB 29 
   241 1.415 0.0 HG2 23 
   1257 28.88 0.0 CG 113 
   423 0.717 0.0 HD23 41 
   846 1.498 0.0 HG3 77 
   1104 3.906 0.0 HA3 99 
   87 25.43 0.0 CG 9 
   1195 1.509 0.0 HB2 109 
   467 39.01 0.0 CB 44 
   1421 0.266 0.0 HG23 127 
   143 2.495 0.0 HB3 15 
   1272 29.151 0.0 CD 114 
   39 63.31 0.0 CA 4 
   1035 9.654 0.0 H 94 
   872 0.654 0.0 HD11 79 
   1283 130.852 0.0 N 115 
   275 1.096 0.0 HB2 28 
   346 8.345 0.0 H 35 
   1041 49.829 0.0 CA 94 
   692 6.936 0.0 HD21 64 
   378 178.2 0.0 C 37 
   782 7.023 0.0 HD1 73 
   613 43.64 0.0 CD 56 
   905 57.524 0.0 CA 82 
   445 29.151 0.0 CD 42 
   1054 33.572 0.0 CB 95 
   662 177.2 0.0 C 61 
   931 29.25 0.0 CD 84 
   1316 8.981 0.0 H 119 
   290 1.995 0.0 HG2 29 
   1354 2.879 0.0 HB2 121 
   518 0.798 0.0 HG22 48 
   364 6.75 0.0 HE2 36 
   729 118.219 0.0 N 67 
   1184 1.268 0.0 HB2 108 
   1422 174.707 0.0 C 127 
   828 0.582 0.0 HD21 76 
   1408 1.334 0.0 HB3 126 
   543 61.38 0.0 CA 50 
   420 0.761 0.0 HD13 41 
   563 43.019 0.0 CB 52 
   825 0.564 0.0 HD11 76 
   553 173.901 0.0 C 51 
   964 8.86 0.0 H 89 
   129 53.219 0.0 CA 13 
   1292 56.584 0.0 CA 116 
   1366 130.84 0.0 CE2 121 
   894 3.838 0.0 HB2 81 
   1298 4.046 0.0 HA3 117 
   752 4.368 0.0 HA 70 
   625 4.331 0.0 HA 58 
   723 4.145 0.0 HA 67 
   1039 1.937 0.0 HB3 94 
   759 31.29 0.0 CB 70 
   1340 6.888 0.0 HD1 120 
   1215 9.274 0.0 H 111 
   683 65.63 0.0 CA 63 
   823 1.401 0.0 HB2 76 
   435 2.401 0.0 HB3 42 
   554 64.045 0.0 CA 51 
   564 127.871 0.0 N 52 
   1066 171.75 0.0 C 96 
   1305 1.514 0.0 HB3 118 
   403 117.405 0.0 CE2 39 
   1385 35.236 0.0 CG 123 
   574 32.371 0.0 CB 53 
   1383 55.575 0.0 CA 123 
   203 1.402 0.0 HB1 20 
   292 177.415 0.0 C 29 
   603 3.95 0.0 HA 56 
   142 2.595 0.0 HB2 15 
   1263 0.874 0.0 HD2 114 
   1040 176.203 0.0 C 94 
   196 40.21 0.0 CB 19 
   200 122.646 0.0 N 19 
   1375 125.692 0.0 N 122 
   139 126.164 0.0 N 14 
   43 128.077 0.0 N 4 
   37 0.979 0.0 HG23 4 
   1426 20.19 0.0 CG2 127 
   227 1.138 0.0 HG21 22 
   1024 1.216 0.0 HG13 93 
   1186 2.103 0.0 HG2 108 
   476 2.593 0.0 HB3 45 
   763 5.268 0.0 HA 71 
   1094 1.576 0.0 HG2 98 
   339 4.736 0.0 HA 34 
   1080 1.566 0.0 HG2 97 
   1269 175.904 0.0 C 114 
   1134 1.823 0.0 HB3 103 
   244 54.444 0.0 CA 23 
   96 62.155 0.0 CA 10 
   786 175.7 0.0 C 73 
   450 4.875 0.0 HA 43 
   17 53.005 0.0 CA 2 
   1239 44.342 0.0 CB 112 
   261 1.324 0.0 HB3 25 
   627 1.619 0.0 HB3 58 
   911 1.923 0.0 HB3 83 
   1205 28.708 0.0 CG 109 
   569 2.514 0.0 HD3 53 
   356 125.552 0.0 N 35 
   1245 9.522 0.0 H 113 
   555 68.659 0.0 CB 51 
   488 6.55 0.0 HE2 46 
   132 7.486 0.0 H 14 
   77 1.637 0.0 HD3 9 
   816 172.804 0.0 C 75 
   414 8.557 0.0 H 41 
   1068 41.738 0.0 CB 96 
   1203 31.948 0.0 CB 109 
   1008 7.082 0.0 HE2 92 
   595 1.669 0.0 HG3 55 
   1295 27.648 0.0 CG 116 
   1192 128.36 0.0 N 108 
   607 3.195 0.0 HD3 56 
   1282 21.244 0.0 CB 115 
   601 116.352 0.0 N 55 
   1424 32.581 0.0 CB 127 
   332 1.176 0.0 HG3 33 
   1401 33.107 0.0 CB 125 
   1349 117.2 0.0 CE1 120 
   898 66.3 0.0 CB 81 
   72 7.934 0.0 H 9 
   362 6.665 0.0 HD2 36 
   1084 34.642 0.0 CB 97 
   591 2.333 0.0 HB3 55 
   592 3.145 0.0 HD2 55 
   1117 44.635 0.0 CA 101 
   848 54.625 0.0 CA 77 
   13 2.932 0.0 HB3 2 
   101 4.625 0.0 HA 11 
   624 7.609 0.0 H 58 
   539 0.509 0.0 HG21 50 
   473 8.306 0.0 H 45 
   1393 8.229 0.0 H 125 
   682 178.94 0.0 C 63 
   304 18.495 0.0 CB 30 
   580 1.751 0.0 HB3 54 
   1159 3.656 0.0 HB3 105 
   14 6.792 0.0 HD21 2 
   238 1.707 0.0 HB3 23 
   102 2.98 0.0 HB2 11 
   922 1.823 0.0 HB3 84 
   1005 7.035 0.0 HD1 92 
   1128 32.451 0.0 CB 102 
   1357 6.727 0.0 HD2 121 
   1356 6.727 0.0 HD1 121 
   1012 132.1 0.0 CD1 92 
   1377 4.264 0.0 HA 123 
   687 121.325 0.0 N 63 
   929 55.741 0.0 CA 84 
   492 119.529 0.0 N 46 
   113 118.8 0.0 CE1 11 
   461 7.23 0.0 HD1 44 
   757 176.9 0.0 C 70 
   390 119.703 0.0 N 38 
   844 3.09 0.0 HD3 77 
   1143 4.495 0.0 HA 104 
   843 3.09 0.0 HD2 77 
   252 3.83 0.0 HB3 24 
   630 0.92 0.0 HD13 58 
   1149 1.867 0.0 HG3 104 
   83 54.561 0.0 CA 9 
   1332 115.4 0.0 CZ2 119 
   1315 121.34 0.0 N 118 
   798 0.739 0.0 HD11 74 
   854 4.11 0.0 HA 78 
   855 1.94 0.0 HB 78 
   1255 35.782 0.0 CB 113 
   181 28.33 0.0 CG 18 
   1419 0.266 0.0 HG21 127 
   179 25.729 0.0 CD1 18 
   54 4.38 0.0 HA3 6 
   1167 3.578 0.0 HB3 106 
   857 0.751 0.0 HG12 78 
   709 29.462 0.0 CB 65 
   987 22.264 0.0 CG1 90 
   412 17.695 0.0 CB 40 
   258 4.116 0.0 HA 25 
   270 52.95 0.0 CA 26 
   497 0.204 0.0 HD12 47 
   742 2.066 0.0 HB2 69 
   1367 122.001 0.0 N 121 
   975 9.02 0.0 H 90 
   695 56.908 0.0 CA 64 
   495 1.73 0.0 HB 47 
   799 0.739 0.0 HD12 74 
   446 43.345 0.0 CE 42 
   1183 4.864 0.0 HA 108 
   661 7.15 0.0 HD2 61 
   631 0.806 0.0 HD21 58 
   442 175.119 0.0 C 42 
   486 6.77 0.0 HD2 46 
   1107 117.554 0.0 N 99 
   1001 9.171 0.0 H 92 
   596 173.52 0.0 C 55 
   581 2.144 0.0 HG2 54 
   48 175.9 0.0 C 5 
   1334 121.469 0.0 N 119 
   329 2.895 0.0 HD2 33 
   1011 43.37 0.0 CB 92 
   805 55.851 0.0 CA 74 
   868 9.244 0.0 H 79 
   824 -0.729 0.0 HB3 76 
   302 177.4 0.0 C 30 
   750 117.242 0.0 N 69 
   1297 3.345 0.0 HA2 117 
   391 7.838 0.0 H 39 
   1403 119.909 0.0 N 125 
   33 0.979 0.0 HG12 4 
   1405 4.473 0.0 HA 126 
   837 27.682 0.0 CG 76 
   169 0.885 0.0 HD11 18 
   186 1.528 0.0 HB3 19 
   1055 43.47 0.0 CD 95 
   1081 1.566 0.0 HG3 97 
   1402 35.961 0.0 CG 125 
   1394 4.687 0.0 HA 125 
   1325 6.69 0.0 HZ3 119 
   523 23.105 0.0 CG1 48 
   969 1.236 0.0 HG23 89 
   1279 1.303 0.0 HB2 115 
   1078 3.228 0.0 HD2 97 
   419 0.761 0.0 HD12 41 
   957 119.907 0.0 N 87 
   1101 128.385 0.0 N 98 
   1158 3.656 0.0 HB2 105 
   12 2.675 0.0 HB2 2 
   387 180.2 0.0 C 38 
   573 65.11 0.0 CA 53 
   676 0.998 0.0 HG11 63 
   1222 2.355 0.0 HG3 111 
   1148 2.037 0.0 HG2 104 
   809 123.697 0.0 N 74 
   589 4.668 0.0 HA 55 
   406 3.956 0.0 HA 40 
   342 175.96 0.0 C 34 
   1025 0.78 0.0 HG21 93 
   1029 60.483 0.0 CA 93 
   1344 176.52 0.0 C 120 
   1082 174.825 0.0 C 97 
   22 4.002 0.0 HA 3 
   1200 1.376 0.0 HG3 109 
   1058 8.865 0.0 H 96 
   717 1.416 0.0 HB3 66 
   246 43.34 0.0 CD 23 
   470 130.2 0.0 CE1 44 
   933 24.71 0.0 CG 84 
   1212 59.029 0.0 CA 110 
   1122 3.604 0.0 HD2 102 
   735 1.68 0.0 HG3 68 
   112 133.6 0.0 CD2 11 
   856 0.751 0.0 HG11 78 
   91 4.483 0.0 HB 10 
   175 1.697 0.0 HG 18 
   380 18.245 0.0 CB 37 
   977 2.119 0.0 HB 90 
   1353 4.192 0.0 HA 121 
   1178 51.578 0.0 CA 107 
   674 3.769 0.0 HA 63 
   942 58.208 0.0 CA 86 
   494 3.075 0.0 HA 47 
   235 7.348 0.0 H 23 
   582 2.144 0.0 HG3 54 
   284 50.19 0.0 CD 28 
   1387 8.786 0.0 H 124 
   195 57.701 0.0 CA 19 
   1314 26.928 0.0 CG 118 
   1063 6.815 0.0 HD2 96 
   211 3.989 0.0 HA 21 
   826 0.564 0.0 HD12 76 
   1079 3.228 0.0 HD3 97 
   1190 34.517 0.0 CB 108 
   707 177.82 0.0 C 65 
   705 1.16 0.0 HG2 65 
   562 51.935 0.0 CA 52 
   432 7.516 0.0 H 42 
   1252 1.343 0.0 HG3 113 
   375 1.502 0.0 HB1 37 
   1227 121.905 0.0 N 111 
   26 63.959 0.0 CA 3 
   861 0.813 0.0 HG23 78 
   1129 49.61 0.0 CD 102 
   542 173.401 0.0 C 50 
   236 4.518 0.0 HA 23 
   910 1.923 0.0 HB2 83 
   279 1.333 0.0 HG2 28 
   690 2.951 0.0 HB2 64 
   46 3.103 0.0 HB2 5 
   1137 175.818 0.0 C 103 
   416 1.555 0.0 HB2 41 
   629 0.92 0.0 HD12 58 
   795 4.432 0.0 HA 74 
   428 25.612 0.0 CD1 41 
   1030 42.274 0.0 CB 93 
   897 57.259 0.0 CA 81 
   668 2.627 0.0 HB3 62 
   1189 54.005 0.0 CA 108 
   217 1.747 0.0 HG3 21 
   791 130.3 0.0 CE1 73 
   547 7.748 0.0 H 51 
   271 19.685 0.0 CB 26 
   282 64.51 0.0 CA 28 
   780 2.454 0.0 HB2 73 
   973 21.775 0.0 CG2 89 
   433 4.352 0.0 HA 42 
   516 0.502 0.0 HG13 48 
   995 2.178 0.0 HG3 91 
   1171 126.101 0.0 N 106 
   775 52.5 0.0 CA 72 
   1378 1.863 0.0 HB2 123 
   1185 1.564 0.0 HB3 108 
   680 0.909 0.0 HG22 63 
   180 24.068 0.0 CD2 18 
   926 3.003 0.0 HE3 84 
   528 1.945 0.0 HB2 49 
   312 1.035 0.0 HD13 31 
   1347 133.1 0.0 CD1 120 
   108 178.9 0.0 C 11 
   1308 1.253 0.0 HG2 118 
   27 28.658 0.0 CB 3 
   478 57.459 0.0 CA 45 
   743 2.139 0.0 HB3 69 
   1241 131.451 0.0 CD2 112 
   240 3.047 0.0 HD3 23 
   764 2.725 0.0 HB2 71 
   869 4.345 0.0 HA 79 
   1118 108.265 0.0 N 101 
   1220 7.652 0.0 HE22 111 
   343 60.984 0.0 CA 34 
   817 57.14 0.0 CA 75 
   218 176.109 0.0 C 21 
   484 2.899 0.0 HB3 46 
   34 0.979 0.0 HG13 4 
   1211 172.435 0.0 C 110 
   354 30.325 0.0 CB 35 
   1175 3.482 0.0 HB3 107 
   452 2.821 0.0 HB3 43 
   1338 2.695 0.0 HB2 120 
   285 26.46 0.0 CG 28 
   650 174.42 0.0 C 59 
   1120 1.866 0.0 HB2 102 
   388 55.485 0.0 CA 38 
   167 1.8 0.0 HB2 18 
   313 1.147 0.0 HD21 31 
   253 174.356 0.0 C 24 
   706 1.16 0.0 HG3 65 
   1152 33.32 0.0 CB 104 
   242 1.415 0.0 HG3 23 
   1221 2.437 0.0 HG2 111 
   1336 9.145 0.0 H 120 
   997 53.955 0.0 CA 91 
   614 28.048 0.0 CG 56 
   278 2.142 0.0 HD3 28 
   187 0.589 0.0 HD11 19 
   377 1.502 0.0 HB3 37 
   8 29.815 0.0 CB 1 
   451 2.209 0.0 HB2 43 
   1021 0.535 0.0 HD12 93 
   168 1.8 0.0 HB3 18 
   801 0.741 0.0 HD21 74 
   2 1.908 0.0 HB2 1 
   1341 6.888 0.0 HD2 120 
   434 2.401 0.0 HB2 42 
   649 7.032 0.0 HE2 59 
   301 1.341 0.0 HB3 30 
   1123 3.604 0.0 HD3 102 
   88 120.607 0.0 N 9 
   560 2.623 0.0 HB2 52 
   642 7.394 0.0 H 59 
   1177 173.205 0.0 C 107 
   1155 112.996 0.0 NE2 104 
   570 1.635 0.0 HG2 53 
   422 0.717 0.0 HD22 41 
   1280 1.303 0.0 HB3 115 
   68 4.247 0.0 HA3 8 
   1301 103.666 0.0 N 117 
   289 1.619 0.0 HB3 29 
   319 39.75 0.0 CB 31 
   512 3.049 0.0 HA 48 
   1299 173.43 0.0 C 117 
   205 1.402 0.0 HB3 20 
   283 31.061 0.0 CB 28 
   475 2.716 0.0 HB2 45 
   990 9.047 0.0 H 91 
   256 116.451 0.0 N 24 
   1017 9.184 0.0 H 93 
   923 1.726 0.0 HD2 84 
   1310 173.805 0.0 C 118 
   1108 8.975 0.0 H 100 
   78 2.937 0.0 HE2 9 
   900 8.975 0.0 H 82 
   1417 0.549 0.0 HG12 127 
   587 114.777 0.0 N 54 
   89 8.784 0.0 H 10 
   409 1.098 0.0 HB3 40 
   455 40.453 0.0 CB 43 
   395 6.665 0.0 HD1 39 
   137 60.369 0.0 CA 14 
   519 0.798 0.0 HG23 48 
   724 3.253 0.0 HB2 67 
   427 40.89 0.0 CB 41 
   94 1.269 0.0 HG23 10 
   308 1.591 0.0 HB2 31 
   1115 4.033 0.0 HA2 101 
   373 8.907 0.0 H 37 
   639 22.596 0.0 CD2 58 
   36 0.979 0.0 HG22 4 
   1092 3.211 0.0 HD2 98 
   593 3.145 0.0 HD3 55 
   1144 0.798 0.0 HB2 104 
   257 8.255 0.0 H 25 
   383 3.731 0.0 HA 38 
   878 1.524 0.0 HG 79 
   1392 109.592 0.0 N 124 
   537 4.576 0.0 HA 50 
   444 27.542 0.0 CB 42 
   568 2.804 0.0 HD2 53 
   1166 3.271 0.0 HB2 106 
   891 106.586 0.0 N 80 
   1182 8.243 0.0 H 108 
   530 2.295 0.0 HG2 49 
   158 1.735 0.0 HG2 17 
   978 0.545 0.0 HG11 90 
   719 55.495 0.0 CA 66 
   249 8.642 0.0 H 24 
   793 124.281 0.0 N 73 
   4 2.222 0.0 HG2 1 
   1235 7.192 0.0 HE1 112 
   651 57.15 0.0 CA 59 
   336 43.145 0.0 CD 33 
   1307 3.037 0.0 HD3 118 
   930 33.692 0.0 CB 84 
   751 7.986 0.0 H 70 
   166 4.458 0.0 HA 18 
   369 132.01 0.0 CD2 36 
   75 1.914 0.0 HB3 9 
   852 127.184 0.0 N 77 
   1169 55.849 0.0 CA 106 
   234 110.883 0.0 N 22 
   1019 1.4 0.0 HB 93 
   1228 111.8 0.0 NE2 111 
   345 111.582 0.0 N 34 
   1062 6.815 0.0 HD1 96 
   465 177.805 0.0 C 44 
   1277 4.579 0.0 HA 115 
   379 55.295 0.0 CA 37 
   833 53.317 0.0 CA 76 
   164 28.471 0.0 CG 17 
   694 176.82 0.0 C 64 
   663 59.65 0.0 CA 61 
   1362 40.107 0.0 CB 121 
   1053 54.651 0.0 CA 95 
   1258 124.163 0.0 N 113 
   1187 2.103 0.0 HG3 108 
   876 0.689 0.0 HD22 79 
   1312 33.592 0.0 CB 118 
   1022 0.535 0.0 HD13 93 
   1140 37.102 0.0 CG 103 
   127 2.715 0.0 HB3 13 
   449 8.832 0.0 H 43 
   144 176.5 0.0 C 15 
   643 4.571 0.0 HA 59 
   1061 2.567 0.0 HB3 96 
   1397 2.216 0.0 HG2 125 
   150 2.895 0.0 HA3 16 
   107 6.55 0.0 HE2 11 
   447 25.37 0.0 CG 42 
   832 175.7 0.0 C 76 
   840 4.666 0.0 HA 77 
   407 1.098 0.0 HB1 40 
   1214 125.774 0.0 N 110 
   1346 42.25 0.0 CB 120 
   1232 3.418 0.0 HB3 112 
   671 40.155 0.0 CB 62 
   483 2.559 0.0 HB2 46 
   426 54.401 0.0 CA 41 
   1146 6.978 0.0 HE21 104 
   533 30.291 0.0 CB 49 
   548 4.625 0.0 HA 51 
   410 179.8 0.0 C 40 
   318 56.998 0.0 CA 31 
   800 0.739 0.0 HD13 74 
   400 62.201 0.0 CA 39 
   665 8.376 0.0 H 62 
   233 22.556 0.0 CG2 22 
   338 7.582 0.0 H 34 
   731 3.74 0.0 HA 68 
   100 8.849 0.0 H 11 
   998 31.557 0.0 CB 91 
   219 56.614 0.0 CA 21 
   1274 24.66 0.0 CG 114 
   1300 45.22 0.0 CA 117 
   976 4.777 0.0 HA 90 
   1213 66.524 0.0 CB 110 
   585 29.521 0.0 CB 54 
   408 1.098 0.0 HB2 40 
   884 28.23 0.0 CG 79 
   509 17.387 0.0 CG2 47 
   947 2.189 0.0 HB3 87 
   382 8.298 0.0 H 38 
   575 50.1 0.0 CD 53 
   550 1.179 0.0 HG21 51 
   943 63.215 0.0 CB 86 
   366 62.75 0.0 CA 36 
   746 179.081 0.0 C 69 
   774 175.305 0.0 C 72 
   1207 9.762 0.0 H 110 
   808 22.606 0.0 CD2 74 
   713 7.586 0.0 H 66 
   1318 2.77 0.0 HB2 119 
   135 2.938 0.0 HB3 14 
   1096 177.352 0.0 C 98 
   1043 131.277 0.0 N 94 
   269 176.4 0.0 C 26 
   1090 1.732 0.0 HB2 98 
   983 1.127 0.0 HG23 90 
   989 121.506 0.0 N 90 
   1319 2.643 0.0 HB3 119 
   341 4.198 0.0 HB3 34 
   1142 8.938 0.0 H 104 
   955 43.15 0.0 CD 87 
   883 22.906 0.0 CD2 79 
   152 110.257 0.0 N 16 
   794 9.086 0.0 H 74 
   1099 44.307 0.0 CD 98 
   1265 2.17 0.0 HE2 114 
   1071 130.76 0.0 CE1 96 
   623 116.726 0.0 N 57 
   541 0.509 0.0 HG23 50 
   359 2.601 0.0 HB2 36 
   1416 0.549 0.0 HG11 127 
   529 1.945 0.0 HB3 49 
   370 117.801 0.0 CE1 36 
   1098 32.12 0.0 CB 98 
   1210 4.024 0.0 HB3 110 
   159 1.735 0.0 HG3 17 
   1093 3.211 0.0 HD3 98 
   1000 129.755 0.0 N 91 
   892 8.338 0.0 H 81 
   904 172.65 0.0 C 82 
   394 2.1 0.0 HB3 39 
   1390 172.204 0.0 C 124 
   903 3.83 0.0 HB3 82 
   863 63.69 0.0 CA 78 
   1321 10.114 0.0 HE1 119 
   1326 175.5 0.0 C 119 
   792 130.3 0.0 CE2 73 
   615 121.407 0.0 N 56 
   1036 5.859 0.0 HA 94 
   32 0.979 0.0 HG11 4 
   659 3.312 0.0 HB2 61 
   298 3.898 0.0 HA 30 
   1141 120.322 0.0 N 103 
   69 174.204 0.0 C 8 
   1351 115.506 0.0 N 120 
   928 1.428 0.0 HG3 84 
   66 9.283 0.0 H 8 
   1116 4.288 0.0 HA3 101 
   644 3.02 0.0 HB2 59 
   1059 5.374 0.0 HA 96 
   1411 19.149 0.0 CB 126 
