   1307 3.037 0.0 HD3 118 
   350 2.92 0.0 HD2 35 
   250 4.576 0.0 HA 24 
   865 21.781 0.0 CG1 78 
   346 8.345 0.0 H 35 
   480 117.34 0.0 N 45 
   1222 2.355 0.0 HG3 111 
   1323 6.967 0.0 HH2 119 
   1045 5.608 0.0 HA 95 
   1043 131.277 0.0 N 94 
   337 27.53 0.0 CG 33 
   984 173.64 0.0 C 90 
   861 0.813 0.0 HG23 78 
   1217 1.766 0.0 HB2 111 
   617 4.653 0.0 HA 57 
   1248 1.708 0.0 HB3 113 
   1006 7.035 0.0 HD2 92 
   651 57.15 0.0 CA 59 
   1017 9.184 0.0 H 93 
   1348 133.1 0.0 CD2 120 
   1134 1.823 0.0 HB3 103 
   714 4.151 0.0 HA 66 
   80 1.399 0.0 HG2 9 
   1371 3.268 0.0 HB3 122 
   380 18.245 0.0 CB 37 
   1374 64.524 0.0 CB 122 
   1249 3.346 0.0 HD2 113 
   162 32.12 0.0 CB 17 
   115 124.022 0.0 N 11 
   498 0.204 0.0 HD13 47 
   689 4.798 0.0 HA 64 
   1076 1.689 0.0 HB2 97 
   700 3.481 0.0 HA 65 
   935 4.11 0.0 HA2 85 
   1211 172.435 0.0 C 110 
   47 2.92 0.0 HB3 5 
   1199 1.376 0.0 HG2 109 
   1095 1.576 0.0 HG3 98 
   742 2.066 0.0 HB2 69 
   1421 0.266 0.0 HG23 127 
   422 0.717 0.0 HD22 41 
   1311 53.951 0.0 CA 118 
   246 43.34 0.0 CD 23 
   787 60.0 0.0 CA 73 
   1093 3.211 0.0 HD3 98 
   977 2.119 0.0 HB 90 
   728 28.554 0.0 CB 67 
   1425 21.54 0.0 CG1 127 
   249 8.642 0.0 H 24 
   1075 4.526 0.0 HA 97 
   572 178.7 0.0 C 53 
   1013 132.1 0.0 CD2 92 
   848 54.625 0.0 CA 77 
   200 122.646 0.0 N 19 
   1107 117.554 0.0 N 99 
   734 1.901 0.0 HG2 68 
   1287 3.215 0.0 HD2 116 
   1110 3.905 0.0 HA3 100 
   1162 65.457 0.0 CB 105 
   1295 27.648 0.0 CG 116 
   817 57.14 0.0 CA 75 
   161 64.78 0.0 CA 17 
   750 117.242 0.0 N 69 
   163 50.635 0.0 CD 17 
   1359 7.175 0.0 HE2 121 
   880 56.012 0.0 CA 79 
   720 17.675 0.0 CB 66 
   133 4.403 0.0 HA 14 
   585 29.521 0.0 CB 54 
   1065 7.28 0.0 HE2 96 
   508 26.86 0.0 CG1 47 
   566 1.839 0.0 HB2 53 
   1000 129.755 0.0 N 91 
   141 4.006 0.0 HA 15 
   314 1.147 0.0 HD22 31 
   60 3.922 0.0 HB2 7 
   130 42.509 0.0 CB 13 
   1346 42.25 0.0 CB 120 
   414 8.557 0.0 H 41 
   857 0.751 0.0 HG12 78 
   1250 2.982 0.0 HD3 113 
   933 24.71 0.0 CG 84 
   240 3.047 0.0 HD3 23 
   907 115.128 0.0 N 82 
   426 54.401 0.0 CA 41 
   334 60.318 0.0 CA 33 
   211 3.989 0.0 HA 21 
   213 2.277 0.0 HB3 21 
   795 4.432 0.0 HA 74 
   1188 173.31 0.0 C 108 
   676 0.998 0.0 HG11 63 
   529 1.945 0.0 HB3 49 
   403 117.405 0.0 CE2 39 
   1122 3.604 0.0 HD2 102 
   792 130.3 0.0 CE2 73 
   959 3.563 0.0 HA2 88 
   1407 1.334 0.0 HB2 126 
   522 32.041 0.0 CB 48 
   1415 0.75 0.0 HB 127 
   191 0.146 0.0 HD22 19 
   1131 8.534 0.0 H 103 
   120 175.224 0.0 C 12 
   30 4.168 0.0 HA 4 
   448 116.255 0.0 N 42 
   758 56.417 0.0 CA 70 
   145 64.155 0.0 CA 15 
   56 46.424 0.0 CA 6 
   402 117.405 0.0 CE1 39 
   1298 4.046 0.0 HA3 117 
   1253 173.52 0.0 C 113 
   283 31.061 0.0 CB 28 
   326 3.481 0.0 HA 33 
   25 178.12 0.0 C 3 
   284 50.19 0.0 CD 28 
   1235 7.192 0.0 HE1 112 
   451 2.209 0.0 HB2 43 
   1064 7.28 0.0 HE1 96 
   1063 6.815 0.0 HD2 96 
   439 3.169 0.0 HE3 42 
   335 29.362 0.0 CB 33 
   1344 176.52 0.0 C 120 
   1173 5.583 0.0 HA 107 
   1409 177.6 0.0 C 126 
   670 57.769 0.0 CA 62 
   1026 0.78 0.0 HG22 93 
   297 7.812 0.0 H 30 
   673 7.917 0.0 H 63 
   112 133.6 0.0 CD2 11 
   400 62.201 0.0 CA 39 
   1273 41.456 0.0 CE 114 
   453 174.95 0.0 C 43 
   1358 7.175 0.0 HE1 121 
   1221 2.437 0.0 HG2 111 
   532 58.85 0.0 CA 49 
   427 40.89 0.0 CB 41 
   616 8.78 0.0 H 57 
   294 28.57 0.0 CB 29 
   878 1.524 0.0 HG 79 
   322 27.664 0.0 CG 31 
   1368 8.557 0.0 H 122 
   1034 118.019 0.0 N 93 
   796 1.361 0.0 HB2 74 
   561 2.488 0.0 HB3 52 
   296 116.67 0.0 N 29 
   1165 4.998 0.0 HA 106 
   459 2.887 0.0 HB2 44 
   1278 1.303 0.0 HB1 115 
   769 115.477 0.0 N 71 
   530 2.295 0.0 HG2 49 
   257 8.255 0.0 H 25 
   1145 1.686 0.0 HB3 104 
   167 1.8 0.0 HB2 18 
   725 3.645 0.0 HB3 67 
   1306 3.037 0.0 HD2 118 
   1283 130.852 0.0 N 115 
   1018 5.199 0.0 HA 93 
   537 4.576 0.0 HA 50 
   1021 0.535 0.0 HD12 93 
   462 7.23 0.0 HD2 44 
   592 3.145 0.0 HD2 55 
   1117 44.635 0.0 CA 101 
   757 176.9 0.0 C 70 
   1019 1.4 0.0 HB 93 
   648 7.032 0.0 HE1 59 
   1354 2.879 0.0 HB2 121 
   1406 1.334 0.0 HB1 126 
   897 57.259 0.0 CA 81 
   46 3.103 0.0 HB2 5 
   605 1.95 0.0 HB3 56 
   1047 1.75 0.0 HB3 95 
   1376 6.575 0.0 H 123 
   202 4.243 0.0 HA 20 
   419 0.761 0.0 HD12 41 
   1218 2.263 0.0 HB3 111 
   1164 9.575 0.0 H 106 
   702 1.467 0.0 HB3 65 
   298 3.898 0.0 HA 30 
   1363 130.74 0.0 CD1 121 
   234 110.883 0.0 N 22 
   43 128.077 0.0 N 4 
   1116 4.288 0.0 HA3 101 
   28 124.395 0.0 N 3 
   1 4.155 0.0 HA 1 
   1236 7.192 0.0 HE2 112 
   882 25.182 0.0 CD1 79 
   1197 3.139 0.0 HD2 109 
   621 55.375 0.0 CA 57 
   1327 57.495 0.0 CA 119 
   1057 122.839 0.0 N 95 
   595 1.669 0.0 HG3 55 
   1388 4.231 0.0 HA2 124 
   73 4.514 0.0 HA 9 
   228 1.138 0.0 HG22 22 
   775 52.5 0.0 CA 72 
   784 6.582 0.0 HE1 73 
   1338 2.695 0.0 HB2 120 
   1352 9.316 0.0 H 121 
   193 1.197 0.0 HG 19 
   1241 131.451 0.0 CD2 112 
   855 1.94 0.0 HB 78 
   629 0.92 0.0 HD12 58 
   782 7.023 0.0 HD1 73 
   1293 27.96 0.0 CB 116 
   438 3.341 0.0 HE2 42 
   455 40.453 0.0 CB 43 
   694 176.82 0.0 C 64 
   510 119.187 0.0 N 47 
   1304 1.421 0.0 HB2 118 
   1427 122.174 0.0 N 127 
   1040 176.203 0.0 C 94 
   32 0.979 0.0 HG11 4 
   774 175.305 0.0 C 72 
   937 47.314 0.0 CA 85 
   580 1.751 0.0 HB3 54 
   129 53.219 0.0 CA 13 
   313 1.147 0.0 HD21 31 
   125 4.805 0.0 HA 13 
   407 1.098 0.0 HB1 40 
   16 175.445 0.0 C 2 
   1193 8.473 0.0 H 109 
   833 53.317 0.0 CA 76 
   96 62.155 0.0 CA 10 
   1220 7.652 0.0 HE22 111 
   445 29.151 0.0 CD 42 
   678 0.998 0.0 HG13 63 
   315 1.147 0.0 HD23 31 
   135 2.938 0.0 HB3 14 
   810 7.719 0.0 H 75 
   1137 175.818 0.0 C 103 
   225 4.195 0.0 HA 22 
   657 119.653 0.0 N 59 
   1260 4.664 0.0 HA 114 
   364 6.75 0.0 HE2 36 
   741 3.998 0.0 HA 69 
   1243 130.35 0.0 CE2 112 
   637 41.906 0.0 CB 58 
   783 7.023 0.0 HD2 73 
   570 1.635 0.0 HG2 53 
   875 0.689 0.0 HD21 79 
   147 124.741 0.0 N 15 
   172 0.718 0.0 HD21 18 
   473 8.306 0.0 H 45 
   1418 0.549 0.0 HG13 127 
   1424 32.581 0.0 CB 127 
   722 7.759 0.0 H 67 
   872 0.654 0.0 HD11 79 
   557 121.694 0.0 N 51 
   92 1.269 0.0 HG21 10 
   1042 22.085 0.0 CB 94 
   581 2.144 0.0 HG2 54 
   569 2.514 0.0 HD3 53 
   956 27.468 0.0 CG 87 
   85 29.151 0.0 CD 9 
   1061 2.567 0.0 HB3 96 
   269 176.4 0.0 C 26 
   169 0.885 0.0 HD11 18 
   1094 1.576 0.0 HG2 98 
   476 2.593 0.0 HB3 45 
   1401 33.107 0.0 CB 125 
   299 1.341 0.0 HB1 30 
   1301 103.666 0.0 N 117 
   1161 57.248 0.0 CA 105 
   887 4.158 0.0 HA2 80 
   1203 31.948 0.0 CB 109 
   29 7.153 0.0 H 4 
   803 0.741 0.0 HD23 74 
   589 4.668 0.0 HA 55 
   914 174.601 0.0 C 83 
   1077 1.572 0.0 HB3 97 
   943 63.215 0.0 CB 86 
   744 2.258 0.0 HG2 69 
   755 2.53 0.0 HG2 70 
   11 4.752 0.0 HA 2 
   816 172.804 0.0 C 75 
   558 9.009 0.0 H 52 
   999 36.712 0.0 CG 91 
   740 8.744 0.0 H 69 
   343 60.984 0.0 CA 34 
   15 7.423 0.0 HD22 2 
   799 0.739 0.0 HD12 74 
   852 127.184 0.0 N 77 
   692 6.936 0.0 HD21 64 
   691 3.168 0.0 HB3 64 
   746 179.081 0.0 C 69 
   216 1.747 0.0 HG2 21 
   467 39.01 0.0 CB 44 
   565 3.938 0.0 HA 53 
   82 176.429 0.0 C 9 
   1157 5.357 0.0 HA 105 
   545 19.875 0.0 CG2 50 
   309 1.028 0.0 HB3 31 
   483 2.559 0.0 HB2 46 
   492 119.529 0.0 N 46 
   481 7.764 0.0 H 46 
   10 8.376 0.0 H 2 
   806 44.31 0.0 CB 74 
   479 39.895 0.0 CB 45 
   659 3.312 0.0 HB2 61 
   1219 6.732 0.0 HE21 111 
   1030 42.274 0.0 CB 93 
   181 28.33 0.0 CG 18 
   245 33.978 0.0 CB 23 
   667 2.758 0.0 HB2 62 
   1355 2.737 0.0 HB3 121 
   20 110.708 0.0 ND2 2 
   571 1.635 0.0 HG3 53 
   763 5.268 0.0 HA 71 
   573 65.11 0.0 CA 53 
   1309 1.253 0.0 HG3 118 
   1024 1.216 0.0 HG13 93 
   768 64.73 0.0 CB 71 
   208 18.852 0.0 CB 20 
   1035 9.654 0.0 H 94 
   644 3.02 0.0 HB2 59 
   964 8.86 0.0 H 89 
   1397 2.216 0.0 HG2 125 
   424 1.664 0.0 HG 41 
   1090 1.732 0.0 HB2 98 
   78 2.937 0.0 HE2 9 
   1229 9.143 0.0 H 112 
   1433 42.247 0.0 CB 128 
   1321 10.114 0.0 HE1 119 
   1212 59.029 0.0 CA 110 
   1205 28.708 0.0 CG 109 
   653 131.3 0.0 CD1 59 
   620 176.8 0.0 C 57 
   1156 8.499 0.0 H 105 
   944 8.091 0.0 H 87 
   615 121.407 0.0 N 56 
   1263 0.874 0.0 HD2 114 
   318 56.998 0.0 CA 31 
   884 28.23 0.0 CG 79 
   952 175.019 0.0 C 87 
   503 0.479 0.0 HG23 47 
   892 8.338 0.0 H 81 
   302 177.4 0.0 C 30 
   300 1.341 0.0 HB2 30 
   1265 2.17 0.0 HE2 114 
   548 4.625 0.0 HA 51 
   1302 7.628 0.0 H 118 
   1167 3.578 0.0 HB3 106 
   1121 2.271 0.0 HB3 102 
   826 0.564 0.0 HD12 76 
   1150 174.031 0.0 C 104 
   1016 124.784 0.0 N 92 
   1238 56.51 0.0 CA 112 
   717 1.416 0.0 HB3 66 
   528 1.945 0.0 HB2 49 
   97 69.47 0.0 CB 10 
   1308 1.253 0.0 HG2 118 
   951 1.78 0.0 HG3 87 
   1360 174.025 0.0 C 121 
   518 0.798 0.0 HG22 48 
   759 31.29 0.0 CB 70 
   1318 2.77 0.0 HB2 119 
   1101 128.385 0.0 N 98 
   279 1.333 0.0 HG2 28 
   632 0.806 0.0 HD22 58 
   1231 2.355 0.0 HB2 112 
   1100 27.715 0.0 CG 98 
   879 177.507 0.0 C 79 
   310 1.035 0.0 HD11 31 
   415 4.275 0.0 HA 41 
   1369 4.517 0.0 HA 122 
   103 3.085 0.0 HB3 11 
   1129 49.61 0.0 CD 102 
   1060 2.068 0.0 HB2 96 
   76 1.637 0.0 HD2 9 
   735 1.68 0.0 HG3 68 
   712 122.45 0.0 N 65 
   1066 171.75 0.0 C 96 
   1297 3.345 0.0 HA2 117 
   91 4.483 0.0 HB 10 
   1336 9.145 0.0 H 120 
   1353 4.192 0.0 HA 121 
   62 175.803 0.0 C 7 
   752 4.368 0.0 HA 70 
   1370 3.554 0.0 HB2 122 
   987 22.264 0.0 CG1 90 
   164 28.471 0.0 CG 17 
   1266 2.265 0.0 HE3 114 
   504 178.5 0.0 C 47 
   126 2.443 0.0 HB2 13 
   232 69.026 0.0 CB 22 
   889 171.34 0.0 C 80 
   579 1.751 0.0 HB2 54 
   524 21.395 0.0 CG2 48 
   707 177.82 0.0 C 65 
   12 2.675 0.0 HB2 2 
   1324 7.531 0.0 HZ2 119 
   789 130.4 0.0 CD1 73 
   1254 54.651 0.0 CA 113 
   1392 109.592 0.0 N 124 
   79 2.903 0.0 HE3 9 
   1055 43.47 0.0 CD 95 
   66 9.283 0.0 H 8 
   808 22.606 0.0 CD2 74 
   383 3.731 0.0 HA 38 
   215 3.225 0.0 HD3 21 
   227 1.138 0.0 HG21 22 
   1256 43.47 0.0 CD 113 
   1092 3.211 0.0 HD2 98 
   705 1.16 0.0 HG2 65 
   622 39.937 0.0 CB 57 
   925 3.003 0.0 HE2 84 
   463 7.192 0.0 HE1 44 
   325 122.625 0.0 N 32 
   669 179.5 0.0 C 62 
   607 3.195 0.0 HD3 56 
   71 111.582 0.0 N 8 
   543 61.38 0.0 CA 50 
   187 0.589 0.0 HD11 19 
   856 0.751 0.0 HG11 78 
   192 0.146 0.0 HD23 19 
   1179 31.258 0.0 CB 107 
   18 38.025 0.0 CB 2 
   1342 6.86 0.0 HE1 120 
   507 10.335 0.0 CD1 47 
   131 117.361 0.0 N 13 
   550 1.179 0.0 HG21 51 
   110 39.46 0.0 CB 11 
   650 174.42 0.0 C 59 
   1111 175.32 0.0 C 100 
   994 2.323 0.0 HG2 91 
   1286 1.977 0.0 HB3 116 
   772 2.638 0.0 HB2 72 
   1032 28.25 0.0 CG1 93 
   1292 56.584 0.0 CA 116 
   1112 45.456 0.0 CA 100 
   1097 55.288 0.0 CA 98 
   456 123.108 0.0 N 43 
   197 25.042 0.0 CD1 19 
   1052 176.85 0.0 C 95 
   1386 113.946 0.0 N 123 
   790 130.4 0.0 CD2 73 
   599 42.47 0.0 CD 55 
   745 2.478 0.0 HG3 69 
   201 8.213 0.0 H 20 
   1364 130.74 0.0 CD2 121 
   1395 1.946 0.0 HB2 125 
   785 6.582 0.0 HE2 73 
   738 32.56 0.0 CB 68 
   26 63.959 0.0 CA 3 
   1183 4.864 0.0 HA 108 
   947 2.189 0.0 HB3 87 
   713 7.586 0.0 H 66 
   603 3.95 0.0 HA 56 
   715 1.416 0.0 HB1 66 
   119 2.469 0.0 HB3 12 
   869 4.345 0.0 HA 79 
   19 118.889 0.0 N 2 
   484 2.899 0.0 HB3 46 
   1404 8.632 0.0 H 126 
   514 0.502 0.0 HG11 48 
   549 4.218 0.0 HB 51 
   395 6.665 0.0 HD1 39 
   940 4.069 0.0 HB3 86 
   723 4.145 0.0 HA 67 
   199 28.47 0.0 CG 19 
   918 121.107 0.0 N 83 
   61 3.696 0.0 HB3 7 
   176 181.207 0.0 C 18 
   1412 127.644 0.0 N 126 
   180 24.068 0.0 CD2 18 
   107 6.55 0.0 HE2 11 
   1281 51.415 0.0 CA 115 
   1280 1.303 0.0 HB3 115 
   924 1.726 0.0 HD3 84 
   24 2.948 0.0 HB3 3 
   454 51.354 0.0 CA 43 
   253 174.356 0.0 C 24 
   540 0.509 0.0 HG22 50 
   534 36.304 0.0 CG 49 
   244 54.444 0.0 CA 23 
   358 3.84 0.0 HA 36 
   1012 132.1 0.0 CD1 92 
   345 111.582 0.0 N 34 
   1247 1.796 0.0 HB2 113 
   877 0.689 0.0 HD23 79 
   1180 115.4 0.0 CD2 107 
   1135 2.126 0.0 HG2 103 
   660 3.215 0.0 HB3 61 
   420 0.761 0.0 HD13 41 
   58 8.552 0.0 H 7 
   1289 1.586 0.0 HG2 116 
   432 7.516 0.0 H 42 
   285 26.46 0.0 CG 28 
   1279 1.303 0.0 HB2 115 
   961 172.34 0.0 C 88 
   166 4.458 0.0 HA 18 
   7 57.135 0.0 CA 1 
   542 173.401 0.0 C 50 
   113 118.8 0.0 CE1 11 
   273 109.233 0.0 N 27 
   993 1.996 0.0 HB3 91 
   830 0.582 0.0 HD23 76 
   1262 -0.968 0.0 HB3 114 
   1198 3.139 0.0 HD3 109 
   1053 54.651 0.0 CA 95 
   771 4.985 0.0 HA 72 
   1190 34.517 0.0 CB 108 
   99 112.657 0.0 N 10 
   230 174.64 0.0 C 22 
   1054 33.572 0.0 CB 95 
   1022 0.535 0.0 HD13 93 
   1020 0.535 0.0 HD11 93 
   618 2.735 0.0 HB2 57 
   576 27.257 0.0 CG 53 
   608 1.705 0.0 HG2 56 
   1074 8.665 0.0 H 97 
   123 116.209 0.0 N 12 
   117 4.179 0.0 HA 12 
   1312 33.592 0.0 CB 118 
   474 4.235 0.0 HA 45 
   317 179.245 0.0 C 31 
   1362 40.107 0.0 CB 121 
   718 179.2 0.0 C 66 
   89 8.784 0.0 H 10 
   516 0.502 0.0 HG13 48 
   13 2.932 0.0 HB3 2 
   1372 172.256 0.0 C 122 
   731 3.74 0.0 HA 68 
   946 2.018 0.0 HB2 87 
   1155 112.996 0.0 NE2 104 
   624 7.609 0.0 H 58 
   902 3.83 0.0 HB2 82 
   985 62.035 0.0 CA 90 
   86 41.986 0.0 CE 9 
   1365 130.84 0.0 CE1 121 
   1142 8.938 0.0 H 104 
   899 113.782 0.0 N 81 
   1337 4.943 0.0 HA 120 
   168 1.8 0.0 HB3 18 
   864 32.119 0.0 CB 78 
   295 36.955 0.0 CG 29 
   1282 21.244 0.0 CB 115 
   823 1.401 0.0 HB2 76 
   753 2.006 0.0 HB2 70 
   450 4.875 0.0 HA 43 
   1299 173.43 0.0 C 117 
   1174 2.829 0.0 HB2 107 
   360 3.32 0.0 HB3 36 
   217 1.747 0.0 HG3 21 
   138 29.87 0.0 CB 14 
   3 2.003 0.0 HB3 1 
   957 119.907 0.0 N 87 
   675 1.923 0.0 HB 63 
   231 63.14 0.0 CA 22 
   515 0.502 0.0 HG12 48 
   184 3.623 0.0 HA 19 
   656 129.0 0.0 CE2 59 
   399 178.1 0.0 C 39 
   1124 1.991 0.0 HG2 102 
   988 22.42 0.0 CG2 90 
   913 2.205 0.0 HG3 83 
   84 35.172 0.0 CB 9 
   1234 7.09 0.0 HD2 112 
   165 6.545 0.0 H 18 
   332 1.176 0.0 HG3 33 
   153 4.172 0.0 HA 17 
   655 129.0 0.0 CE1 59 
   628 0.92 0.0 HD11 58 
   1411 19.149 0.0 CB 126 
   443 56.288 0.0 CA 42 
   1237 175.205 0.0 C 112 
   347 4.006 0.0 HA 35 
   1204 43.24 0.0 CD 109 
   1056 27.88 0.0 CG 95 
   1378 1.863 0.0 HB2 123 
   835 25.728 0.0 CD1 76 
   324 8.704 0.0 H 32 
   311 1.035 0.0 HD12 31 
   1432 55.945 0.0 CA 128 
   152 110.257 0.0 N 16 
   612 30.658 0.0 CB 56 
   1377 4.264 0.0 HA 123 
   293 60.485 0.0 CA 29 
   57 107.14 0.0 N 6 
   412 17.695 0.0 CB 40 
   1419 0.266 0.0 HG21 127 
   1325 6.69 0.0 HZ3 119 
   270 52.95 0.0 CA 26 
   1007 7.082 0.0 HE1 92 
   1086 27.428 0.0 CG 97 
   732 2.781 0.0 HB2 68 
   114 118.8 0.0 CE2 11 
   204 1.402 0.0 HB2 20 
   962 45.449 0.0 CA 88 
   265 4.443 0.0 HA 26 
   709 29.462 0.0 CB 65 
   1206 122.752 0.0 N 109 
   100 8.849 0.0 H 11 
   922 1.823 0.0 HB3 84 
   1244 119.879 0.0 N 112 
   1252 1.343 0.0 HG3 113 
   1140 37.102 0.0 CG 103 
   958 8.529 0.0 H 88 
   654 131.3 0.0 CD2 59 
   51 120.403 0.0 N 5 
   272 7.106 0.0 H 27 
   236 4.518 0.0 HA 23 
   643 4.571 0.0 HA 59 
   519 0.798 0.0 HG23 48 
   1329 125.3 0.0 CD1 119 
   374 3.578 0.0 HA 37 
   1326 175.5 0.0 C 119 
   289 1.619 0.0 HB3 29 
   308 1.591 0.0 HB2 31 
   820 119.876 0.0 N 75 
   40 32.072 0.0 CB 4 
   266 1.485 0.0 HB1 26 
   1272 29.151 0.0 CD 114 
   500 0.837 0.0 HG13 47 
   546 103.746 0.0 N 50 
   1132 4.002 0.0 HA 103 
   280 -0.395 0.0 HG3 28 
   1350 117.2 0.0 CE2 120 
   1005 7.035 0.0 HD1 92 
   901 4.747 0.0 HA 82 
   562 51.935 0.0 CA 52 
   1051 1.57 0.0 HG3 95 
   256 116.451 0.0 N 24 
   930 33.692 0.0 CB 84 
   625 4.331 0.0 HA 58 
   425 176.25 0.0 C 41 
   328 1.468 0.0 HB3 33 
   1319 2.643 0.0 HB3 119 
   186 1.528 0.0 HB3 19 
   173 0.718 0.0 HD22 18 
   658 4.325 0.0 HA 61 
   416 1.555 0.0 HB2 41 
   182 116.726 0.0 N 18 
   1023 0.459 0.0 HG12 93 
   681 0.909 0.0 HG23 63 
   34 0.979 0.0 HG13 4 
   1025 0.78 0.0 HG21 93 
   870 1.251 0.0 HB2 79 
   583 177.408 0.0 C 54 
   94 1.269 0.0 HG23 10 
   1233 7.09 0.0 HD1 112 
   973 21.775 0.0 CG2 89 
   1210 4.024 0.0 HB3 110 
   682 178.94 0.0 C 63 
   805 55.851 0.0 CA 74 
   1200 1.376 0.0 HG3 109 
   377 1.502 0.0 HB3 37 
   770 8.706 0.0 H 72 
   1113 109.645 0.0 N 100 
   1194 4.95 0.0 HA 109 
   264 124.685 0.0 N 25 
   1202 55.671 0.0 CA 109 
   1099 44.307 0.0 CD 98 
   370 117.801 0.0 CE1 36 
   832 175.7 0.0 C 76 
   842 1.648 0.0 HB3 77 
   1151 54.05 0.0 CA 104 
   210 7.678 0.0 H 21 
   883 22.906 0.0 CD2 79 
   704 2.83 0.0 HD3 65 
   866 21.285 0.0 CG2 78 
   35 0.979 0.0 HG21 4 
   908 8.427 0.0 H 83 
   819 36.619 0.0 CG 75 
   647 7.195 0.0 HD2 59 
   271 19.685 0.0 CB 26 
   662 177.2 0.0 C 61 
   268 1.485 0.0 HB3 26 
   716 1.416 0.0 HB2 66 
   1170 33.628 0.0 CB 106 
   811 4.385 0.0 HA 75 
   69 174.204 0.0 C 8 
   1144 0.798 0.0 HB2 104 
   485 6.77 0.0 HD1 46 
   207 52.729 0.0 CA 20 
   436 1.74 0.0 HD2 42 
   195 57.701 0.0 CA 19 
   1139 30.075 0.0 CB 103 
   1149 1.867 0.0 HG3 104 
   664 31.254 0.0 CB 61 
   1133 1.744 0.0 HB2 103 
   983 1.127 0.0 HG23 90 
   990 9.047 0.0 H 91 
   352 177.72 0.0 C 35 
   1379 2.039 0.0 HB3 123 
   523 23.105 0.0 CG1 48 
   693 7.734 0.0 HD22 64 
   6 176.41 0.0 C 1 
   948 3.345 0.0 HD2 87 
   807 25.72 0.0 CD1 74 
   721 120.92 0.0 N 66 
   1245 9.522 0.0 H 113 
   582 2.144 0.0 HG3 54 
   369 132.01 0.0 CD2 36 
   967 1.236 0.0 HG21 89 
   111 133.6 0.0 CD1 11 
   235 7.348 0.0 H 23 
   1069 131.6 0.0 CD1 96 
   626 1.705 0.0 HB2 58 
   1083 54.951 0.0 CA 97 
   464 7.192 0.0 HE2 44 
   1391 45.365 0.0 CA 124 
   397 6.565 0.0 HE1 39 
   1230 5.485 0.0 HA 112 
   189 0.589 0.0 HD13 19 
   1084 34.642 0.0 CB 97 
   489 178.007 0.0 C 46 
   888 4.158 0.0 HA3 80 
   48 175.9 0.0 C 5 
   748 30.017 0.0 CB 69 
   386 1.672 0.0 HB3 38 
   597 54.441 0.0 CA 55 
   375 1.502 0.0 HB1 37 
   680 0.909 0.0 HG22 63 
   1328 31.82 0.0 CB 119 
   699 8.562 0.0 H 65 
   736 178.3 0.0 C 68 
   338 7.582 0.0 H 34 
   708 59.999 0.0 CA 65 
   1259 8.608 0.0 H 114 
   1382 173.108 0.0 C 123 
   506 34.745 0.0 CB 47 
   1403 119.909 0.0 N 125 
   390 119.703 0.0 N 38 
   1168 172.62 0.0 C 106 
   106 6.55 0.0 HE1 11 
   827 0.564 0.0 HD13 76 
   1334 121.469 0.0 N 119 
   915 56.075 0.0 CA 83 
   1285 1.856 0.0 HB2 116 
   706 1.16 0.0 HG3 65 
   1258 124.163 0.0 N 113 
   203 1.402 0.0 HB1 20 
   351 2.92 0.0 HD3 35 
   719 55.495 0.0 CA 66 
   1296 8.576 0.0 H 117 
   593 3.145 0.0 HD3 55 
   502 0.479 0.0 HG22 47 
   739 117.484 0.0 N 68 
   394 2.1 0.0 HB3 39 
   641 118.45 0.0 N 58 
   1430 2.607 0.0 HB2 128 
   903 3.83 0.0 HB3 82 
   1410 52.02 0.0 CA 126 
   409 1.098 0.0 HB3 40 
   49 60.214 0.0 CA 5 
   1138 57.735 0.0 CA 103 
   83 54.561 0.0 CA 9 
   777 122.633 0.0 N 72 
   140 8.183 0.0 H 15 
   252 3.83 0.0 HB3 24 
   556 20.937 0.0 CG2 51 
   860 0.813 0.0 HG22 78 
   205 1.402 0.0 HB3 20 
   393 1.212 0.0 HB2 39 
   137 60.369 0.0 CA 14 
   555 68.659 0.0 CB 51 
   8 29.815 0.0 CB 1 
   929 55.741 0.0 CA 84 
   1127 62.11 0.0 CA 102 
   242 1.415 0.0 HG3 23 
   75 1.914 0.0 HB3 9 
   1181 129.694 0.0 N 107 
   331 0.87 0.0 HG2 33 
   916 33.087 0.0 CB 83 
   435 2.401 0.0 HB3 42 
   349 1.91 0.0 HB3 35 
   1335 127.86 0.0 NE1 119 
   404 119.108 0.0 N 39 
   150 2.895 0.0 HA3 16 
   853 8.94 0.0 H 78 
   1288 3.215 0.0 HD3 116 
   1303 4.552 0.0 HA 118 
   1396 2.028 0.0 HB3 125 
   259 1.324 0.0 HB1 25 
   598 31.582 0.0 CB 55 
   1159 3.656 0.0 HB3 105 
   31 2.078 0.0 HB 4 
   499 1.064 0.0 HG12 47 
   430 27.053 0.0 CG 41 
   1123 3.604 0.0 HD3 102 
   389 18.195 0.0 CB 38 
   17 53.005 0.0 CA 2 
   1225 30.155 0.0 CB 111 
   1275 129.57 0.0 N 114 
   836 23.57 0.0 CD2 76 
   821 8.538 0.0 H 76 
   1366 130.84 0.0 CE2 121 
   1389 4.955 0.0 HA3 124 
   1071 130.76 0.0 CE1 96 
   185 1.445 0.0 HB2 19 
   421 0.717 0.0 HD21 41 
   218 176.109 0.0 C 21 
   1196 1.743 0.0 HB3 109 
   843 3.09 0.0 HD2 77 
   1184 1.268 0.0 HB2 108 
   539 0.509 0.0 HG21 50 
   1178 51.578 0.0 CA 107 
   1317 4.567 0.0 HA 119 
   1428 7.901 0.0 H 128 
   1081 1.566 0.0 HG3 97 
   4 2.222 0.0 HG2 1 
   989 121.506 0.0 N 90 
   1290 1.586 0.0 HG3 116 
   1136 2.0 0.0 HG3 103 
   1315 121.34 0.0 N 118 
   600 26.888 0.0 CG 55 
   1009 171.85 0.0 C 92 
   765 3.17 0.0 HB3 71 
   491 38.35 0.0 CB 46 
   461 7.23 0.0 HD1 44 
   371 117.801 0.0 CE2 36 
   159 1.735 0.0 HG3 17 
   1091 1.925 0.0 HB3 98 
   1080 1.566 0.0 HG2 97 
   366 62.75 0.0 CA 36 
   890 45.632 0.0 CA 80 
   996 175.381 0.0 C 91 
   104 7.598 0.0 HD1 11 
   574 32.371 0.0 CB 53 
   304 18.495 0.0 CB 30 
   33 0.979 0.0 HG12 4 
   747 59.545 0.0 CA 69 
   1367 122.001 0.0 N 121 
   457 8.229 0.0 H 44 
   154 1.368 0.0 HB2 17 
   945 5.606 0.0 HA 87 
   822 4.769 0.0 HA 76 
   1330 119.204 0.0 CE3 119 
   1146 6.978 0.0 HE21 104 
   1189 54.005 0.0 CA 108 
   14 6.792 0.0 HD21 2 
   575 50.1 0.0 CD 53 
   1240 131.451 0.0 CD1 112 
   756 2.383 0.0 HG3 70 
   440 1.559 0.0 HG2 42 
   812 1.784 0.0 HB2 75 
   468 131.0 0.0 CD1 44 
   277 3.241 0.0 HD2 28 
   1431 2.483 0.0 HB3 128 
   9 36.326 0.0 CG 1 
   560 2.623 0.0 HB2 52 
   1187 2.103 0.0 HG3 108 
   258 4.116 0.0 HA 25 
   634 1.6 0.0 HG 58 
   278 2.142 0.0 HD3 28 
   392 3.693 0.0 HA 39 
   1349 117.2 0.0 CE1 120 
   88 120.607 0.0 N 9 
   780 2.454 0.0 HB2 73 
   306 7.782 0.0 H 31 
   1420 0.266 0.0 HG22 127 
   1192 128.36 0.0 N 108 
   396 6.665 0.0 HD2 39 
   229 1.138 0.0 HG23 22 
   800 0.739 0.0 HD13 74 
   547 7.748 0.0 H 51 
   839 9.187 0.0 H 77 
   881 42.361 0.0 CB 79 
   1118 108.265 0.0 N 101 
   932 42.015 0.0 CE 84 
   778 8.75 0.0 H 73 
   538 4.595 0.0 HB 50 
   27 28.658 0.0 CB 3 
   1195 1.509 0.0 HB2 109 
   1070 131.6 0.0 CD2 96 
   1224 53.985 0.0 CA 111 
   493 6.884 0.0 H 47 
   854 4.11 0.0 HA 78 
   376 1.502 0.0 HB2 37 
   1072 130.76 0.0 CE2 96 
   798 0.739 0.0 HD11 74 
   688 7.698 0.0 H 64 
   813 2.258 0.0 HB3 75 
   118 2.63 0.0 HB2 12 
   1333 121.55 0.0 CZ3 119 
   171 0.885 0.0 HD13 18 
   834 41.951 0.0 CB 76 
   633 0.806 0.0 HD23 58 
   1104 3.906 0.0 HA3 99 
   465 177.805 0.0 C 44 
   893 5.342 0.0 HA 81 
   410 179.8 0.0 C 40 
   1387 8.786 0.0 H 124 
   668 2.627 0.0 HB3 62 
   727 60.29 0.0 CA 67 
   613 43.64 0.0 CD 56 
   1384 32.175 0.0 CB 123 
   1067 55.736 0.0 CA 96 
   982 1.127 0.0 HG22 90 
   871 1.609 0.0 HB3 79 
   1426 20.19 0.0 CG2 127 
   109 61.54 0.0 CA 11 
   1310 173.805 0.0 C 118 
   696 39.218 0.0 CB 64 
   64 62.352 0.0 CB 7 
   1152 33.32 0.0 CB 104 
   1267 -0.462 0.0 HG2 114 
   93 1.269 0.0 HG22 10 
   1390 172.204 0.0 C 124 
   490 62.32 0.0 CA 46 
   95 175.801 0.0 C 10 
   382 8.298 0.0 H 38 
   1185 1.564 0.0 HB3 108 
   845 1.447 0.0 HG2 77 
   418 0.761 0.0 HD11 41 
   886 7.635 0.0 H 80 
   858 0.751 0.0 HG13 78 
   1232 3.418 0.0 HB3 112 
   1408 1.334 0.0 HB3 126 
   405 8.09 0.0 H 40 
   527 3.957 0.0 HA 49 
   482 3.695 0.0 HA 46 
   1114 7.925 0.0 H 101 
   1357 6.727 0.0 HD2 121 
   1207 9.762 0.0 H 110 
   868 9.244 0.0 H 79 
   219 56.614 0.0 CA 21 
   1416 0.549 0.0 HG11 127 
   1300 45.22 0.0 CA 117 
   174 0.718 0.0 HD23 18 
   1153 34.296 0.0 CG 104 
   991 5.776 0.0 HA 91 
   1082 174.825 0.0 C 97 
   939 4.197 0.0 HB2 86 
   850 43.64 0.0 CD 77 
   611 60.144 0.0 CA 56 
   286 8.098 0.0 H 29 
   1423 61.46 0.0 CA 127 
   788 38.32 0.0 CB 73 
   1373 60.295 0.0 CA 122 
   1029 60.483 0.0 CA 93 
   1147 7.641 0.0 HE22 104 
   363 6.75 0.0 HE1 36 
   636 54.812 0.0 CA 58 
   974 115.849 0.0 N 89 
   896 172.936 0.0 C 81 
   960 5.047 0.0 HA3 88 
   733 2.234 0.0 HB3 68 
   501 0.479 0.0 HG21 47 
   356 125.552 0.0 N 35 
   143 2.495 0.0 HB3 15 
   895 3.878 0.0 HB3 81 
   384 1.672 0.0 HB1 38 
   336 43.145 0.0 CD 33 
   388 55.485 0.0 CA 38 
   1385 35.236 0.0 CG 123 
   54 4.38 0.0 HA3 6 
   554 64.045 0.0 CA 51 
   1130 27.111 0.0 CG 102 
   1320 6.8 0.0 HD1 119 
   776 42.88 0.0 CB 72 
   1085 43.79 0.0 CD 97 
   801 0.741 0.0 HD21 74 
   475 2.716 0.0 HB2 45 
   793 124.281 0.0 N 73 
   1038 1.937 0.0 HB2 94 
   260 1.324 0.0 HB2 25 
   876 0.689 0.0 HD22 79 
   1398 2.177 0.0 HG3 125 
   1284 3.841 0.0 HA 116 
   1341 6.888 0.0 HD2 120 
   1313 43.27 0.0 CD 118 
   444 27.542 0.0 CB 42 
   292 177.415 0.0 C 29 
   1102 9.005 0.0 H 99 
   762 7.151 0.0 H 71 
   710 43.29 0.0 CD 65 
   1049 3.25 0.0 HD3 95 
   41 21.175 0.0 CG1 4 
   609 1.788 0.0 HG3 56 
   1345 57.29 0.0 CA 120 
   1058 8.865 0.0 H 96 
   1177 173.205 0.0 C 107 
   1050 1.66 0.0 HG2 95 
   1103 3.975 0.0 HA2 99 
   905 57.524 0.0 CA 82 
   288 1.619 0.0 HB2 29 
   127 2.715 0.0 HB3 13 
   587 114.777 0.0 N 54 
   1383 55.575 0.0 CA 123 
   923 1.726 0.0 HD2 84 
   509 17.387 0.0 CG2 47 
   997 53.955 0.0 CA 91 
   340 3.692 0.0 HB2 34 
   301 1.341 0.0 HB3 30 
   1169 55.849 0.0 CA 106 
   398 6.565 0.0 HE2 39 
   442 175.119 0.0 C 42 
   1106 47.294 0.0 CA 99 
   469 131.0 0.0 CD2 44 
   488 6.55 0.0 HE2 46 
   505 61.81 0.0 CA 47 
   247 26.234 0.0 CG 23 
   1141 120.322 0.0 N 103 
   567 2.232 0.0 HB3 53 
   950 1.847 0.0 HG2 87 
   241 1.415 0.0 HG2 23 
   188 0.589 0.0 HD12 19 
   521 67.625 0.0 CA 48 
   1172 8.819 0.0 H 107 
   1417 0.549 0.0 HG12 127 
   1413 7.916 0.0 H 127 
   553 173.901 0.0 C 51 
