   795 4.432 0.0 HA 74 
   25 178.12 0.0 C 3 
   951 1.78 0.0 HG3 87 
   706 1.16 0.0 HG3 65 
   368 132.01 0.0 CD1 36 
   189 0.589 0.0 HD13 19 
   26 63.959 0.0 CA 3 
   1129 49.61 0.0 CD 102 
   163 50.635 0.0 CD 17 
   207 52.729 0.0 CA 20 
   1133 1.744 0.0 HB2 103 
   928 1.428 0.0 HG3 84 
   253 174.356 0.0 C 24 
   949 3.345 0.0 HD3 87 
   1296 8.576 0.0 H 117 
   1239 44.342 0.0 CB 112 
   903 3.83 0.0 HB3 82 
   173 0.718 0.0 HD22 18 
   373 8.907 0.0 H 37 
   568 2.804 0.0 HD2 53 
   458 3.905 0.0 HA 44 
   749 36.968 0.0 CG 69 
   1245 9.522 0.0 H 113 
   1346 42.25 0.0 CB 120 
   553 173.901 0.0 C 51 
   153 4.172 0.0 HA 17 
   1418 0.549 0.0 HG13 127 
   967 1.236 0.0 HG21 89 
   1079 3.228 0.0 HD3 97 
   1046 1.85 0.0 HB2 95 
   1338 2.695 0.0 HB2 120 
   937 47.314 0.0 CA 85 
   1186 2.103 0.0 HG2 108 
   137 60.369 0.0 CA 14 
   1191 36.823 0.0 CG 108 
   245 33.978 0.0 CB 23 
   900 8.975 0.0 H 82 
   944 8.091 0.0 H 87 
   519 0.798 0.0 HG23 48 
   389 18.195 0.0 CB 38 
   85 29.151 0.0 CD 9 
   1148 2.037 0.0 HG2 104 
   781 3.11 0.0 HB3 73 
   847 175.2 0.0 C 77 
   583 177.408 0.0 C 54 
   653 131.3 0.0 CD1 59 
   555 68.659 0.0 CB 51 
   1379 2.039 0.0 HB3 123 
   787 60.0 0.0 CA 73 
   845 1.447 0.0 HG2 77 
   193 1.197 0.0 HG 19 
   710 43.29 0.0 CD 65 
   666 4.346 0.0 HA 62 
   205 1.402 0.0 HB3 20 
   1061 2.567 0.0 HB3 96 
   1362 40.107 0.0 CB 121 
   605 1.95 0.0 HB3 56 
   1422 174.707 0.0 C 127 
   1000 129.755 0.0 N 91 
   884 28.23 0.0 CG 79 
   111 133.6 0.0 CD1 11 
   1181 129.694 0.0 N 107 
   113 118.8 0.0 CE1 11 
   1336 9.145 0.0 H 120 
   337 27.53 0.0 CG 33 
   739 117.484 0.0 N 68 
   225 4.195 0.0 HA 22 
   81 1.315 0.0 HG3 9 
   1247 1.796 0.0 HB2 113 
   287 3.38 0.0 HA 29 
   1313 43.27 0.0 CD 118 
   1159 3.656 0.0 HB3 105 
   1433 42.247 0.0 CB 128 
   497 0.204 0.0 HD12 47 
   1252 1.343 0.0 HG3 113 
   971 61.14 0.0 CA 89 
   406 3.956 0.0 HA 40 
   428 25.612 0.0 CD1 41 
   566 1.839 0.0 HB2 53 
   136 175.105 0.0 C 14 
   240 3.047 0.0 HD3 23 
   985 62.035 0.0 CA 90 
   620 176.8 0.0 C 57 
   122 40.455 0.0 CB 12 
   1391 45.365 0.0 CA 124 
   1330 119.204 0.0 CE3 119 
   1306 3.037 0.0 HD2 118 
   1284 3.841 0.0 HA 116 
   968 1.236 0.0 HG22 89 
   823 1.401 0.0 HB2 76 
   663 59.65 0.0 CA 61 
   45 4.584 0.0 HA 5 
   778 8.75 0.0 H 73 
   585 29.521 0.0 CB 54 
   3 2.003 0.0 HB3 1 
   1229 9.143 0.0 H 112 
   1384 32.175 0.0 CB 123 
   351 2.92 0.0 HD3 35 
   728 28.554 0.0 CB 67 
   243 174.2 0.0 C 23 
   1164 9.575 0.0 H 106 
   1295 27.648 0.0 CG 116 
   75 1.914 0.0 HB3 9 
   285 26.46 0.0 CG 28 
   1028 175.6 0.0 C 93 
   393 1.212 0.0 HB2 39 
   882 25.182 0.0 CD1 79 
   1248 1.708 0.0 HB3 113 
   606 3.195 0.0 HD2 56 
   1214 125.774 0.0 N 110 
   1111 175.32 0.0 C 100 
   715 1.416 0.0 HB1 66 
   1066 171.75 0.0 C 96 
   433 4.352 0.0 HA 42 
   401 35.75 0.0 CB 39 
   602 7.466 0.0 H 56 
   1360 174.025 0.0 C 121 
   423 0.717 0.0 HD23 41 
   828 0.582 0.0 HD21 76 
   402 117.405 0.0 CE1 39 
   34 0.979 0.0 HG13 4 
   537 4.576 0.0 HA 50 
   1077 1.572 0.0 HB3 97 
   259 1.324 0.0 HB1 25 
   485 6.77 0.0 HD1 46 
   70 45.052 0.0 CA 8 
   381 121.482 0.0 N 37 
   4 2.222 0.0 HG2 1 
   241 1.415 0.0 HG2 23 
   981 1.127 0.0 HG21 90 
   520 179.004 0.0 C 48 
   842 1.648 0.0 HB3 77 
   726 178.407 0.0 C 67 
   868 9.244 0.0 H 79 
   489 178.007 0.0 C 46 
   437 1.611 0.0 HD3 42 
   1315 121.34 0.0 N 118 
   768 64.73 0.0 CB 71 
   718 179.2 0.0 C 66 
   1 4.155 0.0 HA 1 
   176 181.207 0.0 C 18 
   631 0.806 0.0 HD21 58 
   1190 34.517 0.0 CB 108 
   359 2.601 0.0 HB2 36 
   181 28.33 0.0 CG 18 
   73 4.514 0.0 HA 9 
   1425 21.54 0.0 CG1 127 
   353 60.124 0.0 CA 35 
   819 36.619 0.0 CG 75 
   946 2.018 0.0 HB2 87 
   992 1.996 0.0 HB2 91 
   767 58.754 0.0 CA 71 
   105 7.598 0.0 HD2 11 
   995 2.178 0.0 HG3 91 
   1316 8.981 0.0 H 119 
   185 1.445 0.0 HB2 19 
   336 43.145 0.0 CD 33 
   648 7.032 0.0 HE1 59 
   577 8.334 0.0 H 54 
   1281 51.415 0.0 CA 115 
   1147 7.641 0.0 HE22 104 
   151 48.106 0.0 CA 16 
   1434 129.886 0.0 N 128 
   361 6.665 0.0 HD1 36 
   1039 1.937 0.0 HB3 94 
   1175 3.482 0.0 HB3 107 
   455 40.453 0.0 CB 43 
   945 5.606 0.0 HA 87 
   211 3.989 0.0 HA 21 
   44 8.155 0.0 H 5 
   954 33.678 0.0 CB 87 
   1069 131.6 0.0 CD1 96 
   1401 33.107 0.0 CB 125 
   682 178.94 0.0 C 63 
   38 175.39 0.0 C 4 
   1016 124.784 0.0 N 92 
   634 1.6 0.0 HG 58 
   760 36.478 0.0 CG 70 
   1348 133.1 0.0 CD2 120 
   1131 8.534 0.0 H 103 
   1278 1.303 0.0 HB1 115 
   17 53.005 0.0 CA 2 
   1056 27.88 0.0 CG 95 
   565 3.938 0.0 HA 53 
   281 176.9 0.0 C 28 
   1421 0.266 0.0 HG23 127 
   1027 0.78 0.0 HG23 93 
   1004 2.985 0.0 HB3 92 
   114 118.8 0.0 CE2 11 
   51 120.403 0.0 N 5 
   863 63.69 0.0 CA 78 
   959 3.563 0.0 HA2 88 
   1058 8.865 0.0 H 96 
   1287 3.215 0.0 HD2 116 
   465 177.805 0.0 C 44 
   700 3.481 0.0 HA 65 
   815 1.996 0.0 HG3 75 
   813 2.258 0.0 HB3 75 
   39 63.31 0.0 CA 4 
   1390 172.204 0.0 C 124 
   753 2.006 0.0 HB2 70 
   1405 4.473 0.0 HA 126 
   523 23.105 0.0 CG1 48 
   1216 5.243 0.0 HA 111 
   1369 4.517 0.0 HA 122 
   242 1.415 0.0 HG3 23 
   484 2.899 0.0 HB3 46 
   158 1.735 0.0 HG2 17 
   120 175.224 0.0 C 12 
   1211 172.435 0.0 C 110 
   659 3.312 0.0 HB2 61 
   999 36.712 0.0 CG 91 
   463 7.192 0.0 HE1 44 
   1356 6.727 0.0 HD1 121 
   294 28.57 0.0 CB 29 
   499 1.064 0.0 HG12 47 
   958 8.529 0.0 H 88 
   535 118.382 0.0 N 49 
   1205 28.708 0.0 CG 109 
   180 24.068 0.0 CD2 18 
   922 1.823 0.0 HB3 84 
   752 4.368 0.0 HA 70 
   713 7.586 0.0 H 66 
   508 26.86 0.0 CG1 47 
   1310 173.805 0.0 C 118 
   1412 127.644 0.0 N 126 
   621 55.375 0.0 CA 57 
   757 176.9 0.0 C 70 
   126 2.443 0.0 HB2 13 
   1335 127.86 0.0 NE1 119 
   1386 113.946 0.0 N 123 
   901 4.747 0.0 HA 82 
   1020 0.535 0.0 HD11 93 
   855 1.94 0.0 HB 78 
   939 4.197 0.0 HB2 86 
   913 2.205 0.0 HG3 83 
   1234 7.09 0.0 HD2 112 
   1334 121.469 0.0 N 119 
   671 40.155 0.0 CB 62 
   670 57.769 0.0 CA 62 
   769 115.477 0.0 N 71 
   454 51.354 0.0 CA 43 
   262 52.785 0.0 CA 25 
   802 0.741 0.0 HD22 74 
   835 25.728 0.0 CD1 76 
   711 27.67 0.0 CG 65 
   424 1.664 0.0 HG 41 
   1141 120.322 0.0 N 103 
   1090 1.732 0.0 HB2 98 
   473 8.306 0.0 H 45 
   809 123.697 0.0 N 74 
   385 1.672 0.0 HB2 38 
   1333 121.55 0.0 CZ3 119 
   1380 1.878 0.0 HG2 123 
   910 1.923 0.0 HB2 83 
   803 0.741 0.0 HD23 74 
   367 38.05 0.0 CB 36 
   734 1.901 0.0 HG2 68 
   1291 177.209 0.0 C 116 
   589 4.668 0.0 HA 55 
   856 0.751 0.0 HG11 78 
   639 22.596 0.0 CD2 58 
   561 2.488 0.0 HB3 52 
   521 67.625 0.0 CA 48 
   763 5.268 0.0 HA 71 
   93 1.269 0.0 HG22 10 
   284 50.19 0.0 CD 28 
   348 1.396 0.0 HB2 35 
   611 60.144 0.0 CA 56 
   505 61.81 0.0 CA 47 
   1130 27.111 0.0 CG 102 
   345 111.582 0.0 N 34 
   1213 66.524 0.0 CB 110 
   1119 4.446 0.0 HA 102 
   215 3.225 0.0 HD3 21 
   1207 9.762 0.0 H 110 
   962 45.449 0.0 CA 88 
   1114 7.925 0.0 H 101 
   230 174.64 0.0 C 22 
   266 1.485 0.0 HB1 26 
   1166 3.271 0.0 HB2 106 
   725 3.645 0.0 HB3 67 
   96 62.155 0.0 CA 10 
   812 1.784 0.0 HB2 75 
   350 2.92 0.0 HD2 35 
   848 54.625 0.0 CA 77 
   468 131.0 0.0 CD1 44 
   708 59.999 0.0 CA 65 
   1132 4.002 0.0 HA 103 
   135 2.938 0.0 HB3 14 
   260 1.324 0.0 HB2 25 
   366 62.75 0.0 CA 36 
   48 175.9 0.0 C 5 
   705 1.16 0.0 HG2 65 
   808 22.606 0.0 CD2 74 
   214 3.225 0.0 HD2 21 
   1358 7.175 0.0 HE1 121 
   1081 1.566 0.0 HG3 97 
   1217 1.766 0.0 HB2 111 
   167 1.8 0.0 HB2 18 
   1161 57.248 0.0 CA 105 
   1267 -0.462 0.0 HG2 114 
   1165 4.998 0.0 HA 106 
   665 8.376 0.0 H 62 
   33 0.979 0.0 HG12 4 
   707 177.82 0.0 C 65 
   13 2.932 0.0 HB3 2 
   632 0.806 0.0 HD22 58 
   439 3.169 0.0 HE3 42 
   598 31.582 0.0 CB 55 
   92 1.269 0.0 HG21 10 
   955 43.15 0.0 CD 87 
   506 34.745 0.0 CB 47 
   362 6.665 0.0 HD2 36 
   283 31.061 0.0 CB 28 
   1125 1.9 0.0 HG3 102 
   1109 3.905 0.0 HA2 100 
   751 7.986 0.0 H 70 
   704 2.83 0.0 HD3 65 
   186 1.528 0.0 HB3 19 
   1034 118.019 0.0 N 93 
   617 4.653 0.0 HA 57 
   541 0.509 0.0 HG23 50 
   1282 21.244 0.0 CB 115 
   897 57.259 0.0 CA 81 
   309 1.028 0.0 HB3 31 
   998 31.557 0.0 CB 91 
   844 3.09 0.0 HD3 77 
   280 -0.395 0.0 HG3 28 
   1051 1.57 0.0 HG3 95 
   609 1.788 0.0 HG3 56 
   914 174.601 0.0 C 83 
   22 4.002 0.0 HA 3 
   732 2.781 0.0 HB2 68 
   1420 0.266 0.0 HG22 127 
   673 7.917 0.0 H 63 
   352 177.72 0.0 C 35 
   1308 1.253 0.0 HG2 118 
   1249 3.346 0.0 HD2 113 
   925 3.003 0.0 HE2 84 
   261 1.324 0.0 HB3 25 
   412 17.695 0.0 CB 40 
   61 3.696 0.0 HB3 7 
   923 1.726 0.0 HD2 84 
   1411 19.149 0.0 CB 126 
   340 3.692 0.0 HB2 34 
   649 7.032 0.0 HE2 59 
   630 0.92 0.0 HD13 58 
   779 4.308 0.0 HA 73 
   7 57.135 0.0 CA 1 
   756 2.383 0.0 HG3 70 
   1404 8.632 0.0 H 126 
   1221 2.437 0.0 HG2 111 
   116 8.466 0.0 H 12 
   314 1.147 0.0 HD22 31 
   467 39.01 0.0 CB 44 
   1179 31.258 0.0 CB 107 
   67 3.52 0.0 HA2 8 
   963 107.686 0.0 N 88 
   576 27.257 0.0 CG 53 
   887 4.158 0.0 HA2 80 
   610 177.209 0.0 C 56 
   1037 1.937 0.0 HB1 94 
   743 2.139 0.0 HB3 69 
   1146 6.978 0.0 HE21 104 
   1210 4.024 0.0 HB3 110 
   1108 8.975 0.0 H 100 
   1350 117.2 0.0 CE2 120 
   873 0.654 0.0 HD12 79 
   387 180.2 0.0 C 38 
   1029 60.483 0.0 CA 93 
   1255 35.782 0.0 CB 113 
   209 120.542 0.0 N 20 
   892 8.338 0.0 H 81 
   282 64.51 0.0 CA 28 
   183 8.075 0.0 H 19 
   1408 1.334 0.0 HB3 126 
   786 175.7 0.0 C 73 
   440 1.559 0.0 HG2 42 
   335 29.362 0.0 CB 33 
   755 2.53 0.0 HG2 70 
   563 43.019 0.0 CB 52 
   90 4.478 0.0 HA 10 
   160 177.301 0.0 C 17 
   1340 6.888 0.0 HD1 120 
   514 0.502 0.0 HG11 48 
   388 55.485 0.0 CA 38 
   1368 8.557 0.0 H 122 
   1008 7.082 0.0 HE2 92 
   1218 2.263 0.0 HB3 111 
   236 4.518 0.0 HA 23 
   106 6.55 0.0 HE1 11 
   490 62.32 0.0 CA 46 
   222 28.094 0.0 CG 21 
   1026 0.78 0.0 HG22 93 
   770 8.706 0.0 H 72 
   622 39.937 0.0 CB 57 
   1094 1.576 0.0 HG2 98 
   1353 4.192 0.0 HA 121 
   1426 20.19 0.0 CG2 127 
   404 119.108 0.0 N 39 
   133 4.403 0.0 HA 14 
   961 172.34 0.0 C 88 
   1018 5.199 0.0 HA 93 
   459 2.887 0.0 HB2 44 
   32 0.979 0.0 HG11 4 
   908 8.427 0.0 H 83 
   831 1.027 0.0 HG 76 
   1364 130.74 0.0 CD2 121 
   1389 4.955 0.0 HA3 124 
   1127 62.11 0.0 CA 102 
   1424 32.581 0.0 CB 127 
   1041 49.829 0.0 CA 94 
   1101 128.385 0.0 N 98 
   580 1.751 0.0 HB3 54 
   979 0.545 0.0 HG12 90 
   793 124.281 0.0 N 73 
   1293 27.96 0.0 CB 116 
   405 8.09 0.0 H 40 
   503 0.479 0.0 HG23 47 
   144 176.5 0.0 C 15 
   224 8.268 0.0 H 22 
   62 175.803 0.0 C 7 
   679 0.909 0.0 HG21 63 
   571 1.635 0.0 HG3 53 
   1343 6.86 0.0 HE2 120 
   46 3.103 0.0 HB2 5 
   829 0.582 0.0 HD22 76 
   911 1.923 0.0 HB3 83 
   172 0.718 0.0 HD21 18 
   302 177.4 0.0 C 30 
   973 21.775 0.0 CG2 89 
   660 3.215 0.0 HB3 61 
   1006 7.035 0.0 HD2 92 
   1203 31.948 0.0 CB 109 
   972 72.876 0.0 CB 89 
   206 177.003 0.0 C 20 
   495 1.73 0.0 HB 47 
   1198 3.139 0.0 HD3 109 
   53 3.93 0.0 HA2 6 
   667 2.758 0.0 HB2 62 
   476 2.593 0.0 HB3 45 
   975 9.02 0.0 H 90 
   76 1.637 0.0 HD2 9 
   1115 4.033 0.0 HA2 101 
   323 119.402 0.0 N 31 
   264 124.685 0.0 N 25 
   150 2.895 0.0 HA3 16 
   277 3.241 0.0 HD2 28 
   130 42.509 0.0 CB 13 
   1258 124.163 0.0 N 113 
   1085 43.79 0.0 CD 97 
   890 45.632 0.0 CA 80 
   677 0.998 0.0 HG12 63 
   1345 57.29 0.0 CA 120 
   298 3.898 0.0 HA 30 
   1432 55.945 0.0 CA 128 
   415 4.275 0.0 HA 41 
   1413 7.916 0.0 H 127 
   339 4.736 0.0 HA 34 
   826 0.564 0.0 HD12 76 
   164 28.471 0.0 CG 17 
   518 0.798 0.0 HG22 48 
   1197 3.139 0.0 HD2 109 
   252 3.83 0.0 HB3 24 
   1154 123.299 0.0 N 104 
   377 1.502 0.0 HB3 37 
   550 1.179 0.0 HG21 51 
   1123 3.604 0.0 HD3 102 
   234 110.883 0.0 N 22 
   219 56.614 0.0 CA 21 
   275 1.096 0.0 HB2 28 
   1162 65.457 0.0 CB 105 
   331 0.87 0.0 HG2 33 
   270 52.95 0.0 CA 26 
   1297 3.345 0.0 HA2 117 
   549 4.218 0.0 HB 51 
   1054 33.572 0.0 CB 95 
   332 1.176 0.0 HG3 33 
   155 2.166 0.0 HB3 17 
   1417 0.549 0.0 HG12 127 
   251 3.745 0.0 HB2 24 
   306 7.782 0.0 H 31 
   685 22.675 0.0 CG1 63 
   628 0.92 0.0 HD11 58 
   560 2.623 0.0 HB2 52 
   1274 24.66 0.0 CG 114 
   1126 176.9 0.0 C 102 
   876 0.689 0.0 HD22 79 
   451 2.209 0.0 HB2 43 
   290 1.995 0.0 HG2 29 
   1275 129.57 0.0 N 114 
   213 2.277 0.0 HB3 21 
   1168 172.62 0.0 C 106 
   965 5.861 0.0 HA 89 
   154 1.368 0.0 HB2 17 
   1098 32.12 0.0 CB 98 
   248 118.381 0.0 N 23 
   483 2.559 0.0 HB2 46 
   746 179.081 0.0 C 69 
   853 8.94 0.0 H 78 
   994 2.323 0.0 HG2 91 
   1173 5.583 0.0 HA 107 
   1043 131.277 0.0 N 94 
   1373 60.295 0.0 CA 122 
   858 0.751 0.0 HG13 78 
   148 8.026 0.0 H 16 
   1312 33.592 0.0 CB 118 
   37 0.979 0.0 HG23 4 
   1224 53.985 0.0 CA 111 
   316 1.485 0.0 HG 31 
   720 17.675 0.0 CB 66 
   1371 3.268 0.0 HB3 122 
   204 1.402 0.0 HB2 20 
   796 1.361 0.0 HB2 74 
   1324 7.531 0.0 HZ2 119 
   372 120.099 0.0 N 36 
   343 60.984 0.0 CA 34 
   386 1.672 0.0 HB3 38 
   1113 109.645 0.0 N 100 
   1192 128.36 0.0 N 108 
   191 0.146 0.0 HD22 19 
   188 0.589 0.0 HD12 19 
   442 175.119 0.0 C 42 
   257 8.255 0.0 H 25 
   1067 55.736 0.0 CA 96 
   1089 4.874 0.0 HA 98 
   1264 0.784 0.0 HD3 114 
   1163 113.911 0.0 N 105 
   195 57.701 0.0 CA 19 
   1047 1.75 0.0 HB3 95 
   1347 133.1 0.0 CD1 120 
   1138 57.735 0.0 CA 103 
   430 27.053 0.0 CG 41 
   56 46.424 0.0 CA 6 
   448 116.255 0.0 N 42 
   596 173.52 0.0 C 55 
   1188 173.31 0.0 C 108 
   1337 4.943 0.0 HA 120 
   612 30.658 0.0 CB 56 
   288 1.619 0.0 HB2 29 
   308 1.591 0.0 HB2 31 
   830 0.582 0.0 HD23 76 
   837 27.682 0.0 CG 76 
   258 4.116 0.0 HA 25 
   1185 1.564 0.0 HB3 108 
   1019 1.4 0.0 HB 93 
   964 8.86 0.0 H 89 
   1231 2.355 0.0 HB2 112 
   226 4.224 0.0 HB 22 
   1070 131.6 0.0 CD2 96 
   79 2.903 0.0 HE3 9 
   102 2.98 0.0 HB2 11 
   1273 41.456 0.0 CE 114 
   970 173.801 0.0 C 89 
   924 1.726 0.0 HD3 84 
   1232 3.418 0.0 HB3 112 
   59 3.932 0.0 HA 7 
   419 0.761 0.0 HD12 41 
   395 6.665 0.0 HD1 39 
   1139 30.075 0.0 CB 103 
   643 4.571 0.0 HA 59 
   1235 7.192 0.0 HE1 112 
   237 1.524 0.0 HB2 23 
   1363 130.74 0.0 CD1 121 
   394 2.1 0.0 HB3 39 
   460 3.082 0.0 HB3 44 
   542 173.401 0.0 C 50 
   481 7.764 0.0 H 46 
   762 7.151 0.0 H 71 
   513 2.008 0.0 HB 48 
   1304 1.421 0.0 HB2 118 
   885 130.507 0.0 N 79 
