   1235 7.192 0.0 HE1 112 
   100 8.849 0.0 H 11 
   1178 51.578 0.0 CA 107 
   1205 28.708 0.0 CG 109 
   1088 9.754 0.0 H 98 
   441 1.111 0.0 HG3 42 
   591 2.333 0.0 HB3 55 
   640 26.923 0.0 CG 58 
   1339 2.875 0.0 HB3 120 
   1062 6.815 0.0 HD1 96 
   200 122.646 0.0 N 19 
   342 175.96 0.0 C 34 
   784 6.582 0.0 HE1 73 
   419 0.761 0.0 HD12 41 
   1161 57.248 0.0 CA 105 
   706 1.16 0.0 HG3 65 
   646 7.195 0.0 HD1 59 
   714 4.151 0.0 HA 66 
   1212 59.029 0.0 CA 110 
   253 174.356 0.0 C 24 
   7 57.135 0.0 CA 1 
   686 20.93 0.0 CG2 63 
   1424 32.581 0.0 CB 127 
   360 3.32 0.0 HB3 36 
   1309 1.253 0.0 HG3 118 
   676 0.998 0.0 HG11 63 
   82 176.429 0.0 C 9 
   1251 1.61 0.0 HG2 113 
   944 8.091 0.0 H 87 
   755 2.53 0.0 HG2 70 
   280 -0.395 0.0 HG3 28 
   1201 176.252 0.0 C 109 
   1345 57.29 0.0 CA 120 
   1068 41.738 0.0 CB 96 
   146 30.602 0.0 CB 15 
   789 130.4 0.0 CD1 73 
   885 130.507 0.0 N 79 
   1364 130.74 0.0 CD2 121 
   721 120.92 0.0 N 66 
   328 1.468 0.0 HB3 33 
   1115 4.033 0.0 HA2 101 
   1407 1.334 0.0 HB2 126 
   1027 0.78 0.0 HG23 93 
   1353 4.192 0.0 HA 121 
   331 0.87 0.0 HG2 33 
   1305 1.514 0.0 HB3 118 
   31 2.078 0.0 HB 4 
   1252 1.343 0.0 HG3 113 
   669 179.5 0.0 C 62 
   1266 2.265 0.0 HE3 114 
   1377 4.264 0.0 HA 123 
   1061 2.567 0.0 HB3 96 
   272 7.106 0.0 H 27 
   1282 21.244 0.0 CB 115 
   258 4.116 0.0 HA 25 
   983 1.127 0.0 HG23 90 
   657 119.653 0.0 N 59 
   22 4.002 0.0 HA 3 
   1071 130.76 0.0 CE1 96 
   631 0.806 0.0 HD21 58 
   1024 1.216 0.0 HG13 93 
   814 1.996 0.0 HG2 75 
   1278 1.303 0.0 HB1 115 
   214 3.225 0.0 HD2 21 
   191 0.146 0.0 HD22 19 
   980 0.545 0.0 HG13 90 
   454 51.354 0.0 CA 43 
   847 175.2 0.0 C 77 
   917 36.115 0.0 CG 83 
   1128 32.451 0.0 CB 102 
   1035 9.654 0.0 H 94 
   982 1.127 0.0 HG22 90 
   1367 122.001 0.0 N 121 
   504 178.5 0.0 C 47 
   1239 44.342 0.0 CB 112 
   894 3.838 0.0 HB2 81 
   1028 175.6 0.0 C 93 
   1055 43.47 0.0 CD 95 
   378 178.2 0.0 C 37 
   407 1.098 0.0 HB1 40 
   1423 61.46 0.0 CA 127 
   1291 177.209 0.0 C 116 
   655 129.0 0.0 CE1 59 
   1198 3.139 0.0 HD3 109 
   368 132.01 0.0 CD1 36 
   184 3.623 0.0 HA 19 
   616 8.78 0.0 H 57 
   607 3.195 0.0 HD3 56 
   608 1.705 0.0 HG2 56 
   1362 40.107 0.0 CB 121 
   824 -0.729 0.0 HB3 76 
   438 3.341 0.0 HE2 42 
   913 2.205 0.0 HG3 83 
   602 7.466 0.0 H 56 
   205 1.402 0.0 HB3 20 
   601 116.352 0.0 N 55 
   51 120.403 0.0 N 5 
   445 29.151 0.0 CD 42 
   970 173.801 0.0 C 89 
   1159 3.656 0.0 HB3 105 
   133 4.403 0.0 HA 14 
   1013 132.1 0.0 CD2 92 
   44 8.155 0.0 H 5 
   1226 32.464 0.0 CG 111 
   283 31.061 0.0 CB 28 
   1324 7.531 0.0 HZ2 119 
   1069 131.6 0.0 CD1 96 
   287 3.38 0.0 HA 29 
   613 43.64 0.0 CD 56 
   567 2.232 0.0 HB3 53 
   139 126.164 0.0 N 14 
   826 0.564 0.0 HD12 76 
   1258 124.163 0.0 N 113 
   628 0.92 0.0 HD11 58 
   303 54.5 0.0 CA 30 
   463 7.192 0.0 HE1 44 
   1225 30.155 0.0 CB 111 
   1403 119.909 0.0 N 125 
   143 2.495 0.0 HB3 15 
   683 65.63 0.0 CA 63 
   617 4.653 0.0 HA 57 
   456 123.108 0.0 N 43 
   17 53.005 0.0 CA 2 
   1344 176.52 0.0 C 120 
   1098 32.12 0.0 CB 98 
   777 122.633 0.0 N 72 
   600 26.888 0.0 CG 55 
   274 2.61 0.0 HA 28 
   392 3.693 0.0 HA 39 
   261 1.324 0.0 HB3 25 
   1415 0.75 0.0 HB 127 
   186 1.528 0.0 HB3 19 
   1124 1.991 0.0 HG2 102 
   124 7.445 0.0 H 13 
   1044 9.352 0.0 H 95 
   236 4.518 0.0 HA 23 
   1108 8.975 0.0 H 100 
   1078 3.228 0.0 HD2 97 
   16 175.445 0.0 C 2 
   742 2.066 0.0 HB2 69 
   622 39.937 0.0 CB 57 
   1112 45.456 0.0 CA 100 
   690 2.951 0.0 HB2 64 
   357 8.099 0.0 H 36 
   315 1.147 0.0 HD23 31 
   1191 36.823 0.0 CG 108 
   625 4.331 0.0 HA 58 
   1275 129.57 0.0 N 114 
   966 3.95 0.0 HB 89 
   172 0.718 0.0 HD21 18 
   928 1.428 0.0 HG3 84 
   1110 3.905 0.0 HA3 100 
   27 28.658 0.0 CB 3 
   549 4.218 0.0 HB 51 
   268 1.485 0.0 HB3 26 
   88 120.607 0.0 N 9 
   1006 7.035 0.0 HD2 92 
   1352 9.316 0.0 H 121 
   796 1.361 0.0 HB2 74 
   775 52.5 0.0 CA 72 
   979 0.545 0.0 HG12 90 
   910 1.923 0.0 HB2 83 
   1335 127.86 0.0 NE1 119 
   389 18.195 0.0 CB 38 
   1301 103.666 0.0 N 117 
   1245 9.522 0.0 H 113 
   1273 41.456 0.0 CE 114 
   1160 173.605 0.0 C 105 
   752 4.368 0.0 HA 70 
   156 3.281 0.0 HD2 17 
   879 177.507 0.0 C 79 
   1361 58.524 0.0 CA 121 
   181 28.33 0.0 CG 18 
   641 118.45 0.0 N 58 
   854 4.11 0.0 HA 78 
   522 32.041 0.0 CB 48 
   576 27.257 0.0 CG 53 
   738 32.56 0.0 CB 68 
   1064 7.28 0.0 HE1 96 
   876 0.689 0.0 HD22 79 
   704 2.83 0.0 HD3 65 
   1131 8.534 0.0 H 103 
   3 2.003 0.0 HB3 1 
   1410 52.02 0.0 CA 126 
   399 178.1 0.0 C 39 
   141 4.006 0.0 HA 15 
   716 1.416 0.0 HB2 66 
   732 2.781 0.0 HB2 68 
   1211 172.435 0.0 C 110 
   724 3.253 0.0 HB2 67 
   1018 5.199 0.0 HA 93 
   68 4.247 0.0 HA3 8 
   479 39.895 0.0 CB 45 
   1050 1.66 0.0 HG2 95 
   589 4.668 0.0 HA 55 
   1222 2.355 0.0 HG3 111 
   308 1.591 0.0 HB2 31 
   1281 51.415 0.0 CA 115 
   843 3.09 0.0 HD2 77 
   1193 8.473 0.0 H 109 
   566 1.839 0.0 HB2 53 
   1101 128.385 0.0 N 98 
   668 2.627 0.0 HB3 62 
   114 118.8 0.0 CE2 11 
   604 1.897 0.0 HB2 56 
   1188 173.31 0.0 C 108 
   978 0.545 0.0 HG11 90 
   63 59.829 0.0 CA 7 
   1173 5.583 0.0 HA 107 
   933 24.71 0.0 CG 84 
   701 0.906 0.0 HB2 65 
   163 50.635 0.0 CD 17 
   1268 0.415 0.0 HG3 114 
   1085 43.79 0.0 CD 97 
   1208 5.308 0.0 HA 110 
   306 7.782 0.0 H 31 
   1122 3.604 0.0 HD2 102 
   1221 2.437 0.0 HG2 111 
   346 8.345 0.0 H 35 
   354 30.325 0.0 CB 35 
   365 176.705 0.0 C 36 
   502 0.479 0.0 HG22 47 
   493 6.884 0.0 H 47 
   37 0.979 0.0 HG23 4 
   853 8.94 0.0 H 78 
   1292 56.584 0.0 CA 116 
   408 1.098 0.0 HB2 40 
   270 52.95 0.0 CA 26 
   851 27.258 0.0 CG 77 
   353 60.124 0.0 CA 35 
   161 64.78 0.0 CA 17 
   1066 171.75 0.0 C 96 
   1177 173.205 0.0 C 107 
   564 127.871 0.0 N 52 
   1288 3.215 0.0 HD3 116 
   586 36.72 0.0 CG 54 
   663 59.65 0.0 CA 61 
   235 7.348 0.0 H 23 
   743 2.139 0.0 HB3 69 
   1169 55.849 0.0 CA 106 
   685 22.675 0.0 CG1 63 
   1369 4.517 0.0 HA 122 
   318 56.998 0.0 CA 31 
   798 0.739 0.0 HD11 74 
   689 4.798 0.0 HA 64 
   1428 7.901 0.0 H 128 
   1004 2.985 0.0 HB3 92 
   244 54.444 0.0 CA 23 
   1070 131.6 0.0 CD2 96 
   185 1.445 0.0 HB2 19 
   1255 35.782 0.0 CB 113 
   987 22.264 0.0 CG1 90 
   606 3.195 0.0 HD2 56 
   273 109.233 0.0 N 27 
   702 1.467 0.0 HB3 65 
   487 6.55 0.0 HE1 46 
   1194 4.95 0.0 HA 109 
   1123 3.604 0.0 HD3 102 
   590 1.625 0.0 HB2 55 
   412 17.695 0.0 CB 40 
   527 3.957 0.0 HA 49 
   383 3.731 0.0 HA 38 
   201 8.213 0.0 H 20 
   1341 6.888 0.0 HD2 120 
   1022 0.535 0.0 HD13 93 
   1117 44.635 0.0 CA 101 
   1114 7.925 0.0 H 101 
   609 1.788 0.0 HG3 56 
   1008 7.082 0.0 HE2 92 
   1139 30.075 0.0 CB 103 
   772 2.638 0.0 HB2 72 
   320 23.15 0.0 CD1 31 
   952 175.019 0.0 C 87 
   680 0.909 0.0 HG22 63 
   1271 32.422 0.0 CB 114 
   1322 7.275 0.0 HE3 119 
   906 66.204 0.0 CB 82 
   26 63.959 0.0 CA 3 
   1308 1.253 0.0 HG2 118 
   330 2.824 0.0 HD3 33 
   297 7.812 0.0 H 30 
   149 2.895 0.0 HA2 16 
   1153 34.296 0.0 CG 104 
   1433 42.247 0.0 CB 128 
   899 113.782 0.0 N 81 
   782 7.023 0.0 HD1 73 
   256 116.451 0.0 N 24 
   1148 2.037 0.0 HG2 104 
   136 175.105 0.0 C 14 
   1243 130.35 0.0 CE2 112 
   1012 132.1 0.0 CD1 92 
   918 121.107 0.0 N 83 
   327 0.908 0.0 HB2 33 
   1053 54.651 0.0 CA 95 
   1197 3.139 0.0 HD2 109 
   545 19.875 0.0 CG2 50 
   1290 1.586 0.0 HG3 116 
   98 22.425 0.0 CG2 10 
   276 0.895 0.0 HB3 28 
   400 62.201 0.0 CA 39 
   433 4.352 0.0 HA 42 
   605 1.95 0.0 HB3 56 
   940 4.069 0.0 HB3 86 
   312 1.035 0.0 HD13 31 
   1314 26.928 0.0 CG 118 
   518 0.798 0.0 HG22 48 
   171 0.885 0.0 HD13 18 
   719 55.495 0.0 CA 66 
   14 6.792 0.0 HD21 2 
   700 3.481 0.0 HA 65 
   736 178.3 0.0 C 68 
   145 64.155 0.0 CA 15 
   349 1.91 0.0 HB3 35 
   596 173.52 0.0 C 55 
   1317 4.567 0.0 HA 119 
   472 122.987 0.0 N 44 
   1017 9.184 0.0 H 93 
   216 1.747 0.0 HG2 21 
   1210 4.024 0.0 HB3 110 
   905 57.524 0.0 CA 82 
   307 3.978 0.0 HA 31 
   1042 22.085 0.0 CB 94 
   13 2.932 0.0 HB3 2 
   1109 3.905 0.0 HA2 100 
   1143 4.495 0.0 HA 104 
   726 178.407 0.0 C 67 
   194 179.45 0.0 C 19 
   563 43.019 0.0 CB 52 
   570 1.635 0.0 HG2 53 
   998 31.557 0.0 CB 91 
   1404 8.632 0.0 H 126 
   635 177.0 0.0 C 58 
   341 4.198 0.0 HB3 34 
   239 3.047 0.0 HD2 23 
   387 180.2 0.0 C 38 
   1375 125.692 0.0 N 122 
   229 1.138 0.0 HG23 22 
   530 2.295 0.0 HG2 49 
   1411 19.149 0.0 CB 126 
   1427 122.174 0.0 N 127 
   946 2.018 0.0 HB2 87 
   264 124.685 0.0 N 25 
   151 48.106 0.0 CA 16 
   286 8.098 0.0 H 29 
   369 132.01 0.0 CD2 36 
   30 4.168 0.0 HA 4 
   993 1.996 0.0 HB3 91 
   1180 115.4 0.0 CD2 107 
   870 1.251 0.0 HB2 79 
   1238 56.51 0.0 CA 112 
   849 32.628 0.0 CB 77 
   1284 3.841 0.0 HA 116 
   6 176.41 0.0 C 1 
   1310 173.805 0.0 C 118 
   1381 1.878 0.0 HG3 123 
   1075 4.526 0.0 HA 97 
   361 6.665 0.0 HD1 36 
   659 3.312 0.0 HB2 61 
   397 6.565 0.0 HE1 39 
   1262 -0.968 0.0 HB3 114 
   758 56.417 0.0 CA 70 
   836 23.57 0.0 CD2 76 
   994 2.323 0.0 HG2 91 
   451 2.209 0.0 HB2 43 
   192 0.146 0.0 HD23 19 
   718 179.2 0.0 C 66 
   1297 3.345 0.0 HA2 117 
   475 2.716 0.0 HB2 45 
   1260 4.664 0.0 HA 114 
   413 121.155 0.0 N 40 
   976 4.777 0.0 HA 90 
   189 0.589 0.0 HD13 19 
   553 173.901 0.0 C 51 
   770 8.706 0.0 H 72 
   130 42.509 0.0 CB 13 
   965 5.861 0.0 HA 89 
   1063 6.815 0.0 HD2 96 
   221 43.564 0.0 CD 21 
   1355 2.737 0.0 HB3 121 
   425 176.25 0.0 C 41 
   506 34.745 0.0 CB 47 
   350 2.92 0.0 HD2 35 
   385 1.672 0.0 HB2 38 
   624 7.609 0.0 H 58 
   1094 1.576 0.0 HG2 98 
   1392 109.592 0.0 N 124 
   802 0.741 0.0 HD22 74 
   279 1.333 0.0 HG2 28 
   498 0.204 0.0 HD13 47 
   1 4.155 0.0 HA 1 
   1351 115.506 0.0 N 120 
   127 2.715 0.0 HB3 13 
   769 115.477 0.0 N 71 
   535 118.382 0.0 N 49 
   1154 123.299 0.0 N 104 
   134 2.552 0.0 HB2 14 
   1280 1.303 0.0 HB3 115 
   921 1.823 0.0 HB2 84 
   117 4.179 0.0 HA 12 
   243 174.2 0.0 C 23 
   1038 1.937 0.0 HB2 94 
   1272 29.151 0.0 CD 114 
   1091 1.925 0.0 HB3 98 
   343 60.984 0.0 CA 34 
   574 32.371 0.0 CB 53 
   1045 5.608 0.0 HA 95 
   559 3.741 0.0 HA 52 
   949 3.345 0.0 HD3 87 
   226 4.224 0.0 HB 22 
   1434 129.886 0.0 N 128 
   767 58.754 0.0 CA 71 
   1026 0.78 0.0 HG22 93 
   1129 49.61 0.0 CD 102 
   99 112.657 0.0 N 10 
   825 0.564 0.0 HD11 76 
   817 57.14 0.0 CA 75 
   1170 33.628 0.0 CB 106 
   458 3.905 0.0 HA 44 
   511 7.322 0.0 H 48 
   992 1.996 0.0 HB2 91 
   21 9.38 0.0 H 3 
   898 66.3 0.0 CB 81 
   87 25.43 0.0 CG 9 
   1181 129.694 0.0 N 107 
   1432 55.945 0.0 CA 128 
   1287 3.215 0.0 HD2 116 
   1149 1.867 0.0 HG3 104 
   1189 54.005 0.0 CA 108 
   507 10.335 0.0 CD1 47 
   807 25.72 0.0 CD1 74 
   52 7.704 0.0 H 6 
   367 38.05 0.0 CB 36 
   481 7.764 0.0 H 46 
   1304 1.421 0.0 HB2 118 
   1009 171.85 0.0 C 92 
   753 2.006 0.0 HB2 70 
   71 111.582 0.0 N 8 
   443 56.288 0.0 CA 42 
   1040 176.203 0.0 C 94 
   338 7.582 0.0 H 34 
   597 54.441 0.0 CA 55 
   654 131.3 0.0 CD2 59 
   523 23.105 0.0 CG1 48 
   204 1.402 0.0 HB2 20 
   1167 3.578 0.0 HB3 106 
   305 120.59 0.0 N 30 
   708 59.999 0.0 CA 65 
   513 2.008 0.0 HB 48 
   1256 43.47 0.0 CD 113 
   1157 5.357 0.0 HA 105 
   410 179.8 0.0 C 40 
   638 25.392 0.0 CD1 58 
   1052 176.85 0.0 C 95 
   1401 33.107 0.0 CB 125 
   326 3.481 0.0 HA 33 
   1166 3.271 0.0 HB2 106 
   629 0.92 0.0 HD12 58 
   1103 3.975 0.0 HA2 99 
   599 42.47 0.0 CD 55 
   997 53.955 0.0 CA 91 
   1276 9.291 0.0 H 115 
   381 121.482 0.0 N 37 
   665 8.376 0.0 H 62 
   801 0.741 0.0 HD21 74 
   373 8.907 0.0 H 37 
   241 1.415 0.0 HG2 23 
   1218 2.263 0.0 HB3 111 
   1263 0.874 0.0 HD2 114 
   395 6.665 0.0 HD1 39 
   4 2.222 0.0 HG2 1 
   1229 9.143 0.0 H 112 
   584 57.145 0.0 CA 54 
   417 1.555 0.0 HB3 41 
   630 0.92 0.0 HD13 58 
   66 9.283 0.0 H 8 
   403 117.405 0.0 CE2 39 
   672 119.139 0.0 N 62 
   1146 6.978 0.0 HE21 104 
   496 0.204 0.0 HD11 47 
   1295 27.648 0.0 CG 116 
   731 3.74 0.0 HA 68 
   484 2.899 0.0 HB3 46 
   465 177.805 0.0 C 44 
   1342 6.86 0.0 HE1 120 
   942 58.208 0.0 CA 86 
   193 1.197 0.0 HG 19 
   675 1.923 0.0 HB 63 
   8 29.815 0.0 CB 1 
   1065 7.28 0.0 HE2 96 
   70 45.052 0.0 CA 8 
   245 33.978 0.0 CB 23 
   598 31.582 0.0 CB 55 
   111 133.6 0.0 CD1 11 
   1274 24.66 0.0 CG 114 
   428 25.612 0.0 CD1 41 
   1030 42.274 0.0 CB 93 
   311 1.035 0.0 HD12 31 
   1350 117.2 0.0 CE2 120 
   666 4.346 0.0 HA 62 
   839 9.187 0.0 H 77 
   333 177.29 0.0 C 33 
   242 1.415 0.0 HG3 23 
   336 43.145 0.0 CD 33 
   619 2.609 0.0 HB3 57 
   678 0.998 0.0 HG13 63 
   863 63.69 0.0 CA 78 
   1376 6.575 0.0 H 123 
   35 0.979 0.0 HG21 4 
   827 0.564 0.0 HD13 76 
   266 1.485 0.0 HB1 26 
   813 2.258 0.0 HB3 75 
   56 46.424 0.0 CA 6 
   254 57.298 0.0 CA 24 
   250 4.576 0.0 HA 24 
   1082 174.825 0.0 C 97 
   974 115.849 0.0 N 89 
   116 8.466 0.0 H 12 
   934 127.105 0.0 N 84 
   1318 2.77 0.0 HB2 119 
   841 1.734 0.0 HB2 77 
   41 21.175 0.0 CG1 4 
   1081 1.566 0.0 HG3 97 
   289 1.619 0.0 HB3 29 
   1076 1.689 0.0 HB2 97 
   1134 1.823 0.0 HB3 103 
   986 36.819 0.0 CB 90 
   884 28.23 0.0 CG 79 
   931 29.25 0.0 CD 84 
   788 38.32 0.0 CB 73 
   93 1.269 0.0 HG22 10 
   727 60.29 0.0 CA 67 
   833 53.317 0.0 CA 76 
   467 39.01 0.0 CB 44 
   398 6.565 0.0 HE2 39 
   1059 5.374 0.0 HA 96 
   1294 43.34 0.0 CD 116 
   106 6.55 0.0 HE1 11 
   1179 31.258 0.0 CB 107 
   470 130.2 0.0 CE1 44 
   1219 6.732 0.0 HE21 111 
   168 1.8 0.0 HB3 18 
   554 64.045 0.0 CA 51 
   1019 1.4 0.0 HB 93 
   761 114.677 0.0 N 70 
   692 6.936 0.0 HD21 64 
   47 2.92 0.0 HB3 5 
   793 124.281 0.0 N 73 
   453 174.95 0.0 C 43 
   1074 8.665 0.0 H 97 
   267 1.485 0.0 HB2 26 
   1200 1.376 0.0 HG3 109 
   355 43.64 0.0 CD 35 
   936 3.74 0.0 HA3 85 
   869 4.345 0.0 HA 79 
   1283 130.852 0.0 N 115 
   580 1.751 0.0 HB3 54 
   861 0.813 0.0 HG23 78 
   1397 2.216 0.0 HG2 125 
   776 42.88 0.0 CB 72 
   125 4.805 0.0 HA 13 
   707 177.82 0.0 C 65 
   1206 122.752 0.0 N 109 
   1048 3.15 0.0 HD2 95 
   874 0.654 0.0 HD13 79 
   1207 9.762 0.0 H 110 
   981 1.127 0.0 HG21 90 
   489 178.007 0.0 C 46 
   904 172.65 0.0 C 82 
   1216 5.243 0.0 HA 111 
   1405 4.473 0.0 HA 126 
   873 0.654 0.0 HD12 79 
   842 1.648 0.0 HB3 77 
   431 115.848 0.0 N 41 
   1187 2.103 0.0 HG3 108 
   138 29.87 0.0 CB 14 
   539 0.509 0.0 HG21 50 
   196 40.21 0.0 CB 19 
   1261 0.78 0.0 HB2 114 
   69 174.204 0.0 C 8 
   543 61.38 0.0 CA 50 
   199 28.47 0.0 CG 19 
   1306 3.037 0.0 HD2 118 
   1164 9.575 0.0 H 106 
   1358 7.175 0.0 HE1 121 
   682 178.94 0.0 C 63 
   621 55.375 0.0 CA 57 
   730 8.221 0.0 H 68 
   404 119.108 0.0 N 39 
   603 3.95 0.0 HA 56 
   322 27.664 0.0 CG 31 
   881 42.361 0.0 CB 79 
   86 41.986 0.0 CE 9 
   1399 174.408 0.0 C 125 
   811 4.385 0.0 HA 75 
   129 53.219 0.0 CA 13 
   914 174.601 0.0 C 83 
   1429 4.298 0.0 HA 128 
   1015 131.4 0.0 CE2 92 
   805 55.851 0.0 CA 74 
   1425 21.54 0.0 CG1 127 
   1337 4.943 0.0 HA 120 
   9 36.326 0.0 CG 1 
   945 5.606 0.0 HA 87 
   20 110.708 0.0 ND2 2 
   1002 5.619 0.0 HA 92 
   808 22.606 0.0 CD2 74 
   450 4.875 0.0 HA 43 
   612 30.658 0.0 CB 56 
   1316 8.981 0.0 H 119 
   505 61.81 0.0 CA 47 
   1327 57.495 0.0 CA 119 
   514 0.502 0.0 HG11 48 
   58 8.552 0.0 H 7 
   370 117.801 0.0 CE1 36 
   160 177.301 0.0 C 17 
   897 57.259 0.0 CA 81 
   729 118.219 0.0 N 67 
   466 61.65 0.0 CA 44 
   358 3.84 0.0 HA 36 
   1020 0.535 0.0 HD11 93 
   480 117.34 0.0 N 45 
   298 3.898 0.0 HA 30 
   1420 0.266 0.0 HG22 127 
   222 28.094 0.0 CG 21 
   362 6.665 0.0 HD2 36 
   859 0.813 0.0 HG21 78 
   173 0.718 0.0 HD22 18 
   1330 119.204 0.0 CE3 119 
   231 63.14 0.0 CA 22 
   174 0.718 0.0 HD23 18 
   748 30.017 0.0 CB 69 
   712 122.45 0.0 N 65 
   763 5.268 0.0 HA 71 
   759 31.29 0.0 CB 70 
   1259 8.608 0.0 H 114 
   140 8.183 0.0 H 15 
   674 3.769 0.0 HA 63 
   460 3.082 0.0 HB3 44 
   110 39.46 0.0 CB 11 
   961 172.34 0.0 C 88 
   225 4.195 0.0 HA 22 
   228 1.138 0.0 HG22 22 
   1220 7.652 0.0 HE22 111 
   1325 6.69 0.0 HZ3 119 
   476 2.593 0.0 HB3 45 
   1231 2.355 0.0 HB2 112 
   1400 54.435 0.0 CA 125 
   54 4.38 0.0 HA3 6 
   61 3.696 0.0 HB3 7 
   1141 120.322 0.0 N 103 
   482 3.695 0.0 HA 46 
   1102 9.005 0.0 H 99 
   829 0.582 0.0 HD22 76 
   113 118.8 0.0 CE1 11 
   588 8.069 0.0 H 55 
   223 110.82 0.0 N 21 
   737 59.89 0.0 CA 68 
   844 3.09 0.0 HD3 77 
   1249 3.346 0.0 HD2 113 
   959 3.563 0.0 HA2 88 
   1248 1.708 0.0 HB3 113 
   366 62.75 0.0 CA 36 
   1321 10.114 0.0 HE1 119 
   220 27.115 0.0 CB 21 
   1150 174.031 0.0 C 104 
   728 28.554 0.0 CB 67 
   1340 6.888 0.0 HD1 120 
   878 1.524 0.0 HG 79 
   673 7.917 0.0 H 63 
   1144 0.798 0.0 HB2 104 
   1326 175.5 0.0 C 119 
   64 62.352 0.0 CB 7 
   794 9.086 0.0 H 74 
   537 4.576 0.0 HA 50 
   376 1.502 0.0 HB2 37 
   1396 2.028 0.0 HB3 125 
   1168 172.62 0.0 C 106 
   1097 55.288 0.0 CA 98 
   585 29.521 0.0 CB 54 
   40 32.072 0.0 CB 4 
   1111 175.32 0.0 C 100 
   787 60.0 0.0 CA 73 
   860 0.813 0.0 HG22 78 
   347 4.006 0.0 HA 35 
   958 8.529 0.0 H 88 
   893 5.342 0.0 HA 81 
   943 63.215 0.0 CB 86 
   1174 2.829 0.0 HB2 107 
   325 122.625 0.0 N 32 
   756 2.383 0.0 HG3 70 
   1037 1.937 0.0 HB1 94 
   541 0.509 0.0 HG23 50 
   170 0.885 0.0 HD12 18 
   950 1.847 0.0 HG2 87 
   401 35.75 0.0 CB 39 
   929 55.741 0.0 CA 84 
   501 0.479 0.0 HG21 47 
   105 7.598 0.0 HD2 11 
   176 181.207 0.0 C 18 
   1093 3.211 0.0 HD3 98 
   865 21.781 0.0 CG1 78 
   217 1.747 0.0 HG3 21 
   886 7.635 0.0 H 80 
   1230 5.485 0.0 HA 112 
   219 56.614 0.0 CA 21 
   923 1.726 0.0 HD2 84 
   263 19.649 0.0 CB 25 
   713 7.586 0.0 H 66 
   1354 2.879 0.0 HB2 121 
   1323 6.967 0.0 HH2 119 
   405 8.09 0.0 H 40 
   1240 131.451 0.0 CD1 112 
   1023 0.459 0.0 HG12 93 
   103 3.085 0.0 HB3 11 
   317 179.245 0.0 C 31 
   1025 0.78 0.0 HG21 93 
   1385 35.236 0.0 CG 123 
   233 22.556 0.0 CG2 22 
   806 44.31 0.0 CB 74 
   1137 175.818 0.0 C 103 
   962 45.449 0.0 CA 88 
   877 0.689 0.0 HD23 79 
   610 177.209 0.0 C 56 
   1233 7.09 0.0 HD1 112 
   1176 6.803 0.0 HD2 107 
   430 27.053 0.0 CG 41 
   96 62.155 0.0 CA 10 
   831 1.027 0.0 HG 76 
   895 3.878 0.0 HB3 81 
   739 117.484 0.0 N 68 
   1402 35.961 0.0 CG 125 
   1209 4.164 0.0 HB2 110 
   561 2.488 0.0 HB3 52 
   28 124.395 0.0 N 3 
   1412 127.644 0.0 N 126 
   821 8.538 0.0 H 76 
   971 61.14 0.0 CA 89 
   834 41.951 0.0 CB 76 
   746 179.081 0.0 C 69 
   912 2.205 0.0 HG2 83 
   1182 8.243 0.0 H 108 
   444 27.542 0.0 CB 42 
   935 4.11 0.0 HA2 85 
   421 0.717 0.0 HD21 41 
   547 7.748 0.0 H 51 
   1373 60.295 0.0 CA 122 
   990 9.047 0.0 H 91 
   409 1.098 0.0 HB3 40 
   1267 -0.462 0.0 HG2 114 
   1371 3.268 0.0 HB3 122 
   662 177.2 0.0 C 61 
   703 2.83 0.0 HD2 65 
   1183 4.864 0.0 HA 108 
   157 3.281 0.0 HD3 17 
   332 1.176 0.0 HG3 33 
   187 0.589 0.0 HD11 19 
   927 1.366 0.0 HG2 84 
   1126 176.9 0.0 C 102 
   459 2.887 0.0 HB2 44 
   210 7.678 0.0 H 21 
   426 54.401 0.0 CA 41 
   1135 2.126 0.0 HG2 103 
   1217 1.766 0.0 HB2 111 
   422 0.717 0.0 HD22 41 
   1151 54.05 0.0 CA 104 
   1389 4.955 0.0 HA3 124 
   911 1.923 0.0 HB3 83 
   633 0.806 0.0 HD23 58 
   1312 33.592 0.0 CB 118 
   1107 117.554 0.0 N 99 
   546 103.746 0.0 N 50 
   1237 175.205 0.0 C 112 
   751 7.986 0.0 H 70 
   1067 55.736 0.0 CA 96 
   571 1.635 0.0 HG3 53 
   488 6.55 0.0 HE2 46 
   1057 122.839 0.0 N 95 
   121 56.0 0.0 CA 12 
   915 56.075 0.0 CA 83 
   1311 53.951 0.0 CA 118 
   179 25.729 0.0 CD1 18 
   532 58.85 0.0 CA 49 
   1336 9.145 0.0 H 120 
   62 175.803 0.0 C 7 
   483 2.559 0.0 HB2 46 
   832 175.7 0.0 C 76 
   957 119.907 0.0 N 87 
   581 2.144 0.0 HG2 54 
   642 7.394 0.0 H 59 
   799 0.739 0.0 HD12 74 
   637 41.906 0.0 CB 58 
   508 26.86 0.0 CG1 47 
   1417 0.549 0.0 HG12 127 
   648 7.032 0.0 HE1 59 
   1086 27.428 0.0 CG 97 
   323 119.402 0.0 N 31 
   1186 2.103 0.0 HG2 108 
   1370 3.554 0.0 HB2 122 
   1119 4.446 0.0 HA 102 
   973 21.775 0.0 CG2 89 
   856 0.751 0.0 HG11 78 
   1047 1.75 0.0 HB3 95 
   652 40.445 0.0 CB 59 
   265 4.443 0.0 HA 26 
   248 118.381 0.0 N 23 
   1084 34.642 0.0 CB 97 
   1380 1.878 0.0 HG2 123 
   1079 3.228 0.0 HD3 97 
   1285 1.856 0.0 HB2 116 
   572 178.7 0.0 C 53 
   1120 1.866 0.0 HB2 102 
   845 1.447 0.0 HG2 77 
   485 6.77 0.0 HD1 46 
   474 4.235 0.0 HA 45 
   423 0.717 0.0 HD23 41 
   651 57.15 0.0 CA 59 
   1072 130.76 0.0 CE2 96 
   11 4.752 0.0 HA 2 
   442 175.119 0.0 C 42 
   155 2.166 0.0 HB3 17 
   750 117.242 0.0 N 69 
   887 4.158 0.0 HA2 80 
   1346 42.25 0.0 CB 120 
   449 8.832 0.0 H 43 
   95 175.801 0.0 C 10 
   1388 4.231 0.0 HA2 124 
   938 4.317 0.0 HA 86 
   292 177.415 0.0 C 29 
   252 3.83 0.0 HB3 24 
   183 8.075 0.0 H 19 
   800 0.739 0.0 HD13 74 
   837 27.682 0.0 CG 76 
   510 119.187 0.0 N 47 
   1100 27.715 0.0 CG 98 
   538 4.595 0.0 HB 50 
   991 5.776 0.0 HA 91 
   291 1.995 0.0 HG3 29 
   1145 1.686 0.0 HB3 104 
   18 38.025 0.0 CB 2 
   645 2.925 0.0 HB3 59 
   300 1.341 0.0 HB2 30 
   1090 1.732 0.0 HB2 98 
   1307 3.037 0.0 HD3 118 
   1058 8.865 0.0 H 96 
   1089 4.874 0.0 HA 98 
   515 0.502 0.0 HG12 48 
   644 3.02 0.0 HB2 59 
   822 4.769 0.0 HA 76 
   968 1.236 0.0 HG22 89 
   309 1.028 0.0 HB3 31 
   1049 3.25 0.0 HD3 95 
   1363 130.74 0.0 CD1 121 
   416 1.555 0.0 HB2 41 
   691 3.168 0.0 HB3 64 
   723 4.145 0.0 HA 67 
   932 42.015 0.0 CE 84 
   406 3.956 0.0 HA 40 
   1080 1.566 0.0 HG2 97 
   922 1.823 0.0 HB3 84 
   531 2.295 0.0 HG3 49 
   647 7.195 0.0 HD2 59 
   208 18.852 0.0 CB 20 
   773 2.475 0.0 HB3 72 
   314 1.147 0.0 HD22 31 
   558 9.009 0.0 H 52 
   165 6.545 0.0 H 18 
   363 6.75 0.0 HE1 36 
   394 2.1 0.0 HB3 39 
   240 3.047 0.0 HD3 23 
   74 1.533 0.0 HB2 9 
   494 3.075 0.0 HA 47 
   1382 173.108 0.0 C 123 
   1298 4.046 0.0 HA3 117 
   611 60.144 0.0 CA 56 
   524 21.395 0.0 CG2 48 
   1348 133.1 0.0 CD2 120 
   896 172.936 0.0 C 81 
   371 117.801 0.0 CE2 36 
   1192 128.36 0.0 N 108 
   1277 4.579 0.0 HA 115 
   1409 177.6 0.0 C 126 
   783 7.023 0.0 HD2 73 
   1165 4.998 0.0 HA 106 
   195 57.701 0.0 CA 19 
   620 176.8 0.0 C 57 
   464 7.192 0.0 HE2 44 
   108 178.9 0.0 C 11 
   1333 121.55 0.0 CZ3 119 
   293 60.485 0.0 CA 29 
   1349 117.2 0.0 CE1 120 
   1320 6.8 0.0 HD1 119 
   414 8.557 0.0 H 41 
   457 8.229 0.0 H 44 
   818 33.51 0.0 CB 75 
   1279 1.303 0.0 HB2 115 
   643 4.571 0.0 HA 59 
   1156 8.499 0.0 H 105 
   1379 2.039 0.0 HB3 123 
   671 40.155 0.0 CB 62 
   1390 172.204 0.0 C 124 
   1264 0.784 0.0 HD3 114 
   632 0.806 0.0 HD22 58 
   491 38.35 0.0 CB 46 
   359 2.601 0.0 HB2 36 
   1293 27.96 0.0 CB 116 
   710 43.29 0.0 CD 65 
   150 2.895 0.0 HA3 16 
   164 28.471 0.0 CG 17 
   697 119.384 0.0 N 64 
   91 4.483 0.0 HB 10 
   94 1.269 0.0 HG23 10 
   592 3.145 0.0 HD2 55 
   218 176.109 0.0 C 21 
   512 3.049 0.0 HA 48 
   1347 133.1 0.0 CD1 120 
   180 24.068 0.0 CD2 18 
   153 4.172 0.0 HA 17 
   1416 0.549 0.0 HG11 127 
   1031 14.095 0.0 CD1 93 
   960 5.047 0.0 HA3 88 
   583 177.408 0.0 C 54 
   660 3.215 0.0 HB3 61 
   227 1.138 0.0 HG21 22 
   594 1.378 0.0 HG2 55 
   765 3.17 0.0 HB3 71 
   1010 56.13 0.0 CA 92 
   762 7.151 0.0 H 71 
   119 2.469 0.0 HB3 12 
   46 3.103 0.0 HB2 5 
   785 6.582 0.0 HE2 73 
   1368 8.557 0.0 H 122 
   681 0.909 0.0 HG23 63 
   372 120.099 0.0 N 36 
   1227 121.905 0.0 N 111 
   1011 43.37 0.0 CB 92 
   744 2.258 0.0 HG2 69 
   1000 129.755 0.0 N 91 
   1413 7.916 0.0 H 127 
   224 8.268 0.0 H 22 
   60 3.922 0.0 HB2 7 
   1426 20.19 0.0 CG2 127 
   516 0.502 0.0 HG13 48 
   1269 175.904 0.0 C 114 
   696 39.218 0.0 CB 64 
   5 2.222 0.0 HG3 1 
   534 36.304 0.0 CG 49 
   34 0.979 0.0 HG13 4 
   1374 64.524 0.0 CB 122 
   339 4.736 0.0 HA 34 
   1142 8.938 0.0 H 104 
   1299 173.43 0.0 C 117 
   1366 130.84 0.0 CE2 121 
   1386 113.946 0.0 N 123 
   964 8.86 0.0 H 89 
   197 25.042 0.0 CD1 19 
   386 1.672 0.0 HB3 38 
   866 21.285 0.0 CG2 78 
   649 7.032 0.0 HE2 59 
   722 7.759 0.0 H 67 
   1419 0.266 0.0 HG21 127 
   555 68.659 0.0 CB 51 
   209 120.542 0.0 N 20 
   490 62.32 0.0 CA 46 
   1199 1.376 0.0 HG2 109 
   356 125.552 0.0 N 35 
   579 1.751 0.0 HB2 54 
   1331 124.3 0.0 CH2 119 
   67 3.52 0.0 HA2 8 
   1372 172.256 0.0 C 122 
   855 1.94 0.0 HB 78 
   1016 124.784 0.0 N 92 
   872 0.654 0.0 HD11 79 
   135 2.938 0.0 HB3 14 
   852 127.184 0.0 N 77 
   1332 115.4 0.0 CZ2 119 
   154 1.368 0.0 HB2 17 
   1315 121.34 0.0 N 118 
   271 19.685 0.0 CB 26 
   321 26.56 0.0 CD2 31 
   436 1.74 0.0 HD2 42 
   1384 32.175 0.0 CB 123 
   1223 174.94 0.0 C 111 
   337 27.53 0.0 CG 33 
   112 133.6 0.0 CD2 11 
   1163 113.911 0.0 N 105 
   747 59.545 0.0 CA 69 
   102 2.98 0.0 HB2 11 
   162 32.12 0.0 CB 17 
   1242 130.35 0.0 CE1 112 
   1034 118.019 0.0 N 93 
   919 9.104 0.0 H 84 
   781 3.11 0.0 HB3 73 
   1213 66.524 0.0 CB 110 
   908 8.427 0.0 H 83 
   177 57.052 0.0 CA 18 
   740 8.744 0.0 H 69 
   615 121.407 0.0 N 56 
   764 2.725 0.0 HB2 71 
   698 113.408 0.0 ND2 64 
   1357 6.727 0.0 HD2 121 
   954 33.678 0.0 CB 87 
   169 0.885 0.0 HD11 18 
   790 130.4 0.0 CD2 73 
   521 67.625 0.0 CA 48 
   815 1.996 0.0 HG3 75 
   1140 37.102 0.0 CG 103 
   1005 7.035 0.0 HD1 92 
   75 1.914 0.0 HB3 9 
   232 69.026 0.0 CB 22 
   1387 8.786 0.0 H 124 
   1234 7.09 0.0 HD2 112 
   862 176.104 0.0 C 78 
   1033 17.492 0.0 CG2 93 
   73 4.514 0.0 HA 9 
   1155 112.996 0.0 NE2 104 
   38 175.39 0.0 C 4 
   335 29.362 0.0 CB 33 
   653 131.3 0.0 CD1 59 
   396 6.665 0.0 HD2 39 
   188 0.589 0.0 HD12 19 
   1125 1.9 0.0 HG3 102 
   901 4.747 0.0 HA 82 
   1343 6.86 0.0 HE2 120 
   90 4.478 0.0 HA 10 
   1116 4.288 0.0 HA3 101 
   1095 1.576 0.0 HG3 98 
   920 4.584 0.0 HA 84 
   2 1.908 0.0 HB2 1 
   24 2.948 0.0 HB3 3 
   85 29.151 0.0 CD 9 
   850 43.64 0.0 CD 77 
   540 0.509 0.0 HG22 50 
   148 8.026 0.0 H 16 
   828 0.582 0.0 HD21 76 
   1147 7.641 0.0 HE22 104 
   50 30.7 0.0 CB 5 
   36 0.979 0.0 HG22 4 
   390 119.703 0.0 N 38 
   888 4.158 0.0 HA3 80 
   1422 174.707 0.0 C 127 
   517 0.798 0.0 HG21 48 
   492 119.529 0.0 N 46 
   880 56.012 0.0 CA 79 
   495 1.73 0.0 HB 47 
   715 1.416 0.0 HB1 66 
   977 2.119 0.0 HB 90 
   687 121.325 0.0 N 63 
   734 1.901 0.0 HG2 68 
   128 175.205 0.0 C 13 
   182 116.726 0.0 N 18 
   595 1.669 0.0 HG3 55 
   237 1.524 0.0 HB2 23 
   12 2.675 0.0 HB2 2 
   329 2.895 0.0 HD2 33 
   249 8.642 0.0 H 24 
   1393 8.229 0.0 H 125 
   83 54.561 0.0 CA 9 
   989 121.506 0.0 N 90 
   402 117.405 0.0 CE1 39 
   486 6.77 0.0 HD2 46 
   415 4.275 0.0 HA 41 
   238 1.707 0.0 HB3 23 
   803 0.741 0.0 HD23 74 
   820 119.876 0.0 N 75 
   614 28.048 0.0 CG 56 
   1190 34.517 0.0 CB 108 
   1127 62.11 0.0 CA 102 
   80 1.399 0.0 HG2 9 
   735 1.68 0.0 HG3 68 
   351 2.92 0.0 HD3 35 
   1021 0.535 0.0 HD12 93 
   925 3.003 0.0 HE2 84 
   285 26.46 0.0 CG 28 
   25 178.12 0.0 C 3 
   1133 1.744 0.0 HB2 103 
   440 1.559 0.0 HG2 42 
   693 7.734 0.0 HD22 64 
   780 2.454 0.0 HB2 73 
   582 2.144 0.0 HG3 54 
   437 1.611 0.0 HD3 42 
   446 43.345 0.0 CE 42 
   1029 60.483 0.0 CA 93 
   247 26.234 0.0 CG 23 
   1158 3.656 0.0 HB2 105 
   1270 53.831 0.0 CA 114 
   1296 8.576 0.0 H 117 
   1303 4.552 0.0 HA 118 
   823 1.401 0.0 HB2 76 
   705 1.16 0.0 HG2 65 
   1246 5.608 0.0 HA 113 
   548 4.625 0.0 HA 51 
   1172 8.819 0.0 H 107 
   1329 125.3 0.0 CD1 119 
   1356 6.727 0.0 HD1 121 
   1300 45.22 0.0 CA 117 
   972 72.876 0.0 CB 89 
   97 69.47 0.0 CB 10 
   159 1.735 0.0 HG3 17 
   364 6.75 0.0 HE2 36 
   202 4.243 0.0 HA 20 
   1247 1.796 0.0 HB2 113 
   857 0.751 0.0 HG12 78 
   749 36.968 0.0 CG 69 
   840 4.666 0.0 HA 77 
   1418 0.549 0.0 HG13 127 
   1096 177.352 0.0 C 98 
   137 60.369 0.0 CA 14 
   260 1.324 0.0 HB2 25 
   304 18.495 0.0 CB 30 
   892 8.338 0.0 H 81 
   104 7.598 0.0 HD1 11 
   1365 130.84 0.0 CE1 121 
   1054 33.572 0.0 CB 95 
   296 116.67 0.0 N 29 
   1046 1.85 0.0 HB2 95 
   122 40.455 0.0 CB 12 
   345 111.582 0.0 N 34 
   536 7.115 0.0 H 50 
   142 2.595 0.0 HB2 15 
   636 54.812 0.0 CA 58 
   533 30.291 0.0 CB 49 
   1265 2.17 0.0 HE2 114 
   556 20.937 0.0 CG2 51 
   316 1.485 0.0 HG 31 
   969 1.236 0.0 HG23 89 
   939 4.197 0.0 HB2 86 
   259 1.324 0.0 HB1 25 
   1224 53.985 0.0 CA 111 
   1014 131.4 0.0 CE1 92 
   1360 174.025 0.0 C 121 
   411 54.857 0.0 CA 40 
   393 1.212 0.0 HB2 39 
   379 55.295 0.0 CA 37 
   29 7.153 0.0 H 4 
   1073 120.365 0.0 N 96 
   717 1.416 0.0 HB3 66 
   618 2.735 0.0 HB2 57 
   439 3.169 0.0 HE3 42 
   882 25.182 0.0 CD1 79 
   178 39.261 0.0 CB 18 
   626 1.705 0.0 HB2 58 
   59 3.932 0.0 HA 7 
   391 7.838 0.0 H 39 
   1106 47.294 0.0 CA 99 
   175 1.697 0.0 HG 18 
   1414 3.882 0.0 HA 127 
   377 1.502 0.0 HB3 37 
   937 47.314 0.0 CA 85 
   45 4.584 0.0 HA 5 
   1359 7.175 0.0 HE2 121 
   526 8.501 0.0 H 49 
   835 25.728 0.0 CD1 76 
   499 1.064 0.0 HG12 47 
   215 3.225 0.0 HD3 21 
   375 1.502 0.0 HB1 37 
   573 65.11 0.0 CA 53 
   301 1.341 0.0 HB3 30 
   1408 1.334 0.0 HB3 126 
   152 110.257 0.0 N 16 
   334 60.318 0.0 CA 33 
   230 174.64 0.0 C 22 
   509 17.387 0.0 CG2 47 
   92 1.269 0.0 HG21 10 
   374 3.578 0.0 HA 37 
   760 36.478 0.0 CG 70 
   1099 44.307 0.0 CD 98 
   909 4.892 0.0 HA 83 
   1398 2.177 0.0 HG3 125 
   1087 117.405 0.0 N 97 
   234 110.883 0.0 N 22 
   452 2.821 0.0 HB3 43 
   557 121.694 0.0 N 51 
   448 116.255 0.0 N 42 
   131 117.361 0.0 N 13 
   725 3.645 0.0 HB3 67 
   79 2.903 0.0 HE3 9 
   816 172.804 0.0 C 75 
   1383 55.575 0.0 CA 123 
   551 1.179 0.0 HG22 51 
   1254 54.651 0.0 CA 113 
   126 2.443 0.0 HB2 13 
   542 173.401 0.0 C 50 
   786 175.7 0.0 C 73 
   257 8.255 0.0 H 25 
   84 35.172 0.0 CB 9 
   53 3.93 0.0 HA2 6 
   427 40.89 0.0 CB 41 
   147 124.741 0.0 N 15 
   951 1.78 0.0 HG3 87 
   1286 1.977 0.0 HB3 116 
   340 3.692 0.0 HB2 34 
   661 7.15 0.0 HD2 61 
   529 1.945 0.0 HB3 49 
   42 21.175 0.0 CG2 4 
   819 36.619 0.0 CG 75 
   166 4.458 0.0 HA 18 
   203 1.402 0.0 HB1 20 
   432 7.516 0.0 H 42 
   1421 0.266 0.0 HG23 127 
   1338 2.695 0.0 HB2 120 
   1334 121.469 0.0 N 119 
   709 29.462 0.0 CB 65 
   846 1.498 0.0 HG3 77 
   791 130.3 0.0 CE1 73 
   810 7.719 0.0 H 75 
   302 177.4 0.0 C 30 
   478 57.459 0.0 CA 45 
   468 131.0 0.0 CD1 44 
   1228 111.8 0.0 NE2 111 
   190 0.146 0.0 HD21 19 
   963 107.686 0.0 N 88 
   1003 3.186 0.0 HB2 92 
   15 7.423 0.0 HD22 2 
   569 2.514 0.0 HD3 53 
   699 8.562 0.0 H 65 
   1406 1.334 0.0 HB1 126 
   568 2.804 0.0 HD2 53 
   469 131.0 0.0 CD2 44 
   754 2.218 0.0 HB3 70 
   864 32.119 0.0 CB 78 
   627 1.619 0.0 HB3 58 
   684 32.281 0.0 CB 63 
   269 176.4 0.0 C 26 
   809 123.697 0.0 N 74 
   382 8.298 0.0 H 38 
   206 177.003 0.0 C 20 
   1039 1.937 0.0 HB3 94 
   900 8.975 0.0 H 82 
   290 1.995 0.0 HG2 29 
   49 60.214 0.0 CA 5 
   875 0.689 0.0 HD21 79 
   1395 1.946 0.0 HB2 125 
   32 0.979 0.0 HG11 4 
   278 2.142 0.0 HD3 28 
   500 0.837 0.0 HG13 47 
   867 126.212 0.0 N 78 
   792 130.3 0.0 CE2 73 
   380 18.245 0.0 CB 37 
   797 1.549 0.0 HB3 74 
   650 174.42 0.0 C 59 
   1001 9.171 0.0 H 92 
   477 178.0 0.0 C 45 
   975 9.02 0.0 H 90 
   1105 175.4 0.0 C 99 
   941 172.805 0.0 C 86 
   1185 1.564 0.0 HB3 108 
   497 0.204 0.0 HD12 47 
   956 27.468 0.0 CG 87 
   1431 2.483 0.0 HB3 128 
   434 2.401 0.0 HB2 42 
   251 3.745 0.0 HB2 24 
   1232 3.418 0.0 HB3 112 
   544 69.63 0.0 CB 50 
   1007 7.082 0.0 HE1 92 
   1104 3.906 0.0 HA3 99 
   1136 2.0 0.0 HG3 103 
   575 50.1 0.0 CD 53 
   503 0.479 0.0 HG23 47 
   1214 125.774 0.0 N 110 
   1162 65.457 0.0 CB 105 
   768 64.73 0.0 CB 71 
   81 1.315 0.0 HG3 9 
   313 1.147 0.0 HD21 31 
   158 1.735 0.0 HG2 17 
   207 52.729 0.0 CA 20 
   552 1.179 0.0 HG23 51 
   89 8.784 0.0 H 10 
   778 8.75 0.0 H 73 
   804 176.95 0.0 C 74 
   519 0.798 0.0 HG23 48 
   43 128.077 0.0 N 4 
   455 40.453 0.0 CB 43 
   1250 2.982 0.0 HD3 113 
   1289 1.586 0.0 HG2 116 
   211 3.989 0.0 HA 21 
   1077 1.572 0.0 HB3 97 
   348 1.396 0.0 HB2 35 
   1132 4.002 0.0 HA 103 
   10 8.376 0.0 H 2 
   967 1.236 0.0 HG21 89 
   988 22.42 0.0 CG2 90 
   677 0.998 0.0 HG12 63 
   1204 43.24 0.0 CD 109 
   144 176.5 0.0 C 15 
   838 126.577 0.0 N 76 
   435 2.401 0.0 HB3 42 
   1130 27.111 0.0 CG 102 
   741 3.998 0.0 HA 69 
   115 124.022 0.0 N 11 
   198 22.18 0.0 CD2 19 
