   613 43.64 0.0 CD 56 
   960 5.047 0.0 HA3 88 
   918 121.107 0.0 N 83 
   653 131.3 0.0 CD1 59 
   1073 120.365 0.0 N 96 
   1235 7.192 0.0 HE1 112 
   958 8.529 0.0 H 88 
   899 113.782 0.0 N 81 
   356 125.552 0.0 N 35 
   441 1.111 0.0 HG3 42 
   211 3.989 0.0 HA 21 
   168 1.8 0.0 HB3 18 
   247 26.234 0.0 CG 23 
   1115 4.033 0.0 HA2 101 
   835 25.728 0.0 CD1 76 
   1008 7.082 0.0 HE2 92 
   386 1.672 0.0 HB3 38 
   227 1.138 0.0 HG21 22 
   299 1.341 0.0 HB1 30 
   720 17.675 0.0 CB 66 
   1071 130.76 0.0 CE1 96 
   516 0.502 0.0 HG13 48 
   269 176.4 0.0 C 26 
   370 117.801 0.0 CE1 36 
   517 0.798 0.0 HG21 48 
   353 60.124 0.0 CA 35 
   543 61.38 0.0 CA 50 
   631 0.806 0.0 HD21 58 
   1296 8.576 0.0 H 117 
   270 52.95 0.0 CA 26 
   805 55.851 0.0 CA 74 
   892 8.338 0.0 H 81 
   314 1.147 0.0 HD22 31 
   1323 6.967 0.0 HH2 119 
   374 3.578 0.0 HA 37 
   220 27.115 0.0 CB 21 
   1269 175.904 0.0 C 114 
   801 0.741 0.0 HD21 74 
   729 118.219 0.0 N 67 
   808 22.606 0.0 CD2 74 
   1264 0.784 0.0 HD3 114 
   1202 55.671 0.0 CA 109 
   377 1.502 0.0 HB3 37 
   196 40.21 0.0 CB 19 
   692 6.936 0.0 HD21 64 
   1040 176.203 0.0 C 94 
   812 1.784 0.0 HB2 75 
   665 8.376 0.0 H 62 
   60 3.922 0.0 HB2 7 
   741 3.998 0.0 HA 69 
   1194 4.95 0.0 HA 109 
   149 2.895 0.0 HA2 16 
   1120 1.866 0.0 HB2 102 
   991 5.776 0.0 HA 91 
   313 1.147 0.0 HD21 31 
   1307 3.037 0.0 HD3 118 
   1082 174.825 0.0 C 97 
   401 35.75 0.0 CB 39 
   893 5.342 0.0 HA 81 
   1154 123.299 0.0 N 104 
   821 8.538 0.0 H 76 
   1387 8.786 0.0 H 124 
   1326 175.5 0.0 C 119 
   1121 2.271 0.0 HB3 102 
   527 3.957 0.0 HA 49 
   847 175.2 0.0 C 77 
   1255 35.782 0.0 CB 113 
   42 21.175 0.0 CG2 4 
   1322 7.275 0.0 HE3 119 
   998 31.557 0.0 CB 91 
   366 62.75 0.0 CA 36 
   3 2.003 0.0 HB3 1 
   761 114.677 0.0 N 70 
   1 4.155 0.0 HA 1 
   228 1.138 0.0 HG22 22 
   657 119.653 0.0 N 59 
   1181 129.694 0.0 N 107 
   79 2.903 0.0 HE3 9 
   969 1.236 0.0 HG23 89 
   855 1.94 0.0 HB 78 
   265 4.443 0.0 HA 26 
   712 122.45 0.0 N 65 
   854 4.11 0.0 HA 78 
   1208 5.308 0.0 HA 110 
   789 130.4 0.0 CD1 73 
   333 177.29 0.0 C 33 
   253 174.356 0.0 C 24 
   700 3.481 0.0 HA 65 
   1183 4.864 0.0 HA 108 
   395 6.665 0.0 HD1 39 
   957 119.907 0.0 N 87 
   1344 176.52 0.0 C 120 
   689 4.798 0.0 HA 64 
   556 20.937 0.0 CG2 51 
   554 64.045 0.0 CA 51 
   939 4.197 0.0 HB2 86 
   436 1.74 0.0 HD2 42 
   156 3.281 0.0 HD2 17 
   1163 113.911 0.0 N 105 
   244 54.444 0.0 CA 23 
   707 177.82 0.0 C 65 
   930 33.692 0.0 CB 84 
   254 57.298 0.0 CA 24 
   639 22.596 0.0 CD2 58 
   488 6.55 0.0 HE2 46 
   195 57.701 0.0 CA 19 
   992 1.996 0.0 HB2 91 
   633 0.806 0.0 HD23 58 
   690 2.951 0.0 HB2 64 
   469 131.0 0.0 CD2 44 
   1053 54.651 0.0 CA 95 
   619 2.609 0.0 HB3 57 
   1349 117.2 0.0 CE1 120 
   778 8.75 0.0 H 73 
   928 1.428 0.0 HG3 84 
   630 0.92 0.0 HD13 58 
   756 2.383 0.0 HG3 70 
   891 106.586 0.0 N 80 
   511 7.322 0.0 H 48 
   275 1.096 0.0 HB2 28 
   1195 1.509 0.0 HB2 109 
   1242 130.35 0.0 CE1 112 
   1216 5.243 0.0 HA 111 
   814 1.996 0.0 HG2 75 
   147 124.741 0.0 N 15 
   1252 1.343 0.0 HG3 113 
   1419 0.266 0.0 HG21 127 
   435 2.401 0.0 HB3 42 
   1373 60.295 0.0 CA 122 
   809 123.697 0.0 N 74 
   1148 2.037 0.0 HG2 104 
   143 2.495 0.0 HB3 15 
   1214 125.774 0.0 N 110 
   1075 4.526 0.0 HA 97 
   1304 1.421 0.0 HB2 118 
   1301 103.666 0.0 N 117 
   122 40.455 0.0 CB 12 
   894 3.838 0.0 HB2 81 
   781 3.11 0.0 HB3 73 
   615 121.407 0.0 N 56 
   978 0.545 0.0 HG11 90 
   1173 5.583 0.0 HA 107 
   1417 0.549 0.0 HG12 127 
   1342 6.86 0.0 HE1 120 
   1317 4.567 0.0 HA 119 
   1232 3.418 0.0 HB3 112 
   1365 130.84 0.0 CE1 121 
   1281 51.415 0.0 CA 115 
   1157 5.357 0.0 HA 105 
   774 175.305 0.0 C 72 
   144 176.5 0.0 C 15 
   941 172.805 0.0 C 86 
   482 3.695 0.0 HA 46 
   209 120.542 0.0 N 20 
   309 1.028 0.0 HB3 31 
   304 18.495 0.0 CB 30 
   316 1.485 0.0 HG 31 
   911 1.923 0.0 HB3 83 
   444 27.542 0.0 CB 42 
   559 3.741 0.0 HA 52 
   1392 109.592 0.0 N 124 
   237 1.524 0.0 HB2 23 
   418 0.761 0.0 HD11 41 
   545 19.875 0.0 CG2 50 
   990 9.047 0.0 H 91 
   709 29.462 0.0 CB 65 
   1418 0.549 0.0 HG13 127 
   78 2.937 0.0 HE2 9 
   820 119.876 0.0 N 75 
   952 175.019 0.0 C 87 
   263 19.649 0.0 CB 25 
   425 176.25 0.0 C 41 
   520 179.004 0.0 C 48 
   699 8.562 0.0 H 65 
   739 117.484 0.0 N 68 
   1434 129.886 0.0 N 128 
   37 0.979 0.0 HG23 4 
   35 0.979 0.0 HG21 4 
   896 172.936 0.0 C 81 
   1113 109.645 0.0 N 100 
   701 0.906 0.0 HB2 65 
   1298 4.046 0.0 HA3 117 
   822 4.769 0.0 HA 76 
   46 3.103 0.0 HB2 5 
   372 120.099 0.0 N 36 
   62 175.803 0.0 C 7 
   54 4.38 0.0 HA3 6 
   291 1.995 0.0 HG3 29 
   582 2.144 0.0 HG3 54 
   1155 112.996 0.0 NE2 104 
   905 57.524 0.0 CA 82 
   123 116.209 0.0 N 12 
   36 0.979 0.0 HG22 4 
   66 9.283 0.0 H 8 
   1064 7.28 0.0 HE1 96 
   137 60.369 0.0 CA 14 
   1135 2.126 0.0 HG2 103 
   1271 32.422 0.0 CB 114 
   1184 1.268 0.0 HB2 108 
   258 4.116 0.0 HA 25 
   117 4.179 0.0 HA 12 
   826 0.564 0.0 HD12 76 
   1065 7.28 0.0 HE2 96 
   101 4.625 0.0 HA 11 
   453 174.95 0.0 C 43 
   226 4.224 0.0 HB 22 
   1124 1.991 0.0 HG2 102 
   1099 44.307 0.0 CD 98 
   376 1.502 0.0 HB2 37 
   1327 57.495 0.0 CA 119 
   177 57.052 0.0 CA 18 
   697 119.384 0.0 N 64 
   186 1.528 0.0 HB3 19 
   1186 2.103 0.0 HG2 108 
   392 3.693 0.0 HA 39 
   1188 173.31 0.0 C 108 
   460 3.082 0.0 HB3 44 
   52 7.704 0.0 H 6 
   450 4.875 0.0 HA 43 
   746 179.081 0.0 C 69 
   964 8.86 0.0 H 89 
   191 0.146 0.0 HD22 19 
   167 1.8 0.0 HB2 18 
   496 0.204 0.0 HD11 47 
   446 43.345 0.0 CE 42 
   94 1.269 0.0 HG23 10 
   87 25.43 0.0 CG 9 
   181 28.33 0.0 CG 18 
   1209 4.164 0.0 HB2 110 
   300 1.341 0.0 HB2 30 
   1010 56.13 0.0 CA 92 
   651 57.15 0.0 CA 59 
   272 7.106 0.0 H 27 
   1290 1.586 0.0 HG3 116 
   373 8.907 0.0 H 37 
   591 2.333 0.0 HB3 55 
   382 8.298 0.0 H 38 
   23 2.6 0.0 HB2 3 
   194 179.45 0.0 C 19 
   726 178.407 0.0 C 67 
   674 3.769 0.0 HA 63 
   578 4.158 0.0 HA 54 
   890 45.632 0.0 CA 80 
   1237 175.205 0.0 C 112 
   565 3.938 0.0 HA 53 
   727 60.29 0.0 CA 67 
   1280 1.303 0.0 HB3 115 
   465 177.805 0.0 C 44 
   200 122.646 0.0 N 19 
   1089 4.874 0.0 HA 98 
   116 8.466 0.0 H 12 
   306 7.782 0.0 H 31 
   1083 54.951 0.0 CA 97 
   359 2.601 0.0 HB2 36 
   1077 1.572 0.0 HB3 97 
   318 56.998 0.0 CA 31 
   15 7.423 0.0 HD22 2 
   1185 1.564 0.0 HB3 108 
   1393 8.229 0.0 H 125 
   1432 55.945 0.0 CA 128 
   1379 2.039 0.0 HB3 123 
   113 118.8 0.0 CE1 11 
   1243 130.35 0.0 CE2 112 
   243 174.2 0.0 C 23 
   10 8.376 0.0 H 2 
   934 127.105 0.0 N 84 
   1152 33.32 0.0 CB 104 
   371 117.801 0.0 CE2 36 
   235 7.348 0.0 H 23 
   551 1.179 0.0 HG22 51 
   873 0.654 0.0 HD12 79 
   206 177.003 0.0 C 20 
   245 33.978 0.0 CB 23 
   816 172.804 0.0 C 75 
   303 54.5 0.0 CA 30 
   601 116.352 0.0 N 55 
   632 0.806 0.0 HD22 58 
   1088 9.754 0.0 H 98 
   583 177.408 0.0 C 54 
   859 0.813 0.0 HG21 78 
   339 4.736 0.0 HA 34 
   561 2.488 0.0 HB3 52 
   1129 49.61 0.0 CD 102 
   246 43.34 0.0 CD 23 
   134 2.552 0.0 HB2 14 
   494 3.075 0.0 HA 47 
   293 60.485 0.0 CA 29 
   1223 174.94 0.0 C 111 
   951 1.78 0.0 HG3 87 
   845 1.447 0.0 HG2 77 
   312 1.035 0.0 HD13 31 
   1079 3.228 0.0 HD3 97 
   1076 1.689 0.0 HB2 97 
   22 4.002 0.0 HA 3 
   301 1.341 0.0 HB3 30 
   1133 1.744 0.0 HB2 103 
   387 180.2 0.0 C 38 
   841 1.734 0.0 HB2 77 
   775 52.5 0.0 CA 72 
   858 0.751 0.0 HG13 78 
   915 56.075 0.0 CA 83 
   433 4.352 0.0 HA 42 
   1308 1.253 0.0 HG2 118 
   1420 0.266 0.0 HG22 127 
   208 18.852 0.0 CB 20 
   365 176.705 0.0 C 36 
   747 59.545 0.0 CA 69 
   1413 7.916 0.0 H 127 
   710 43.29 0.0 CD 65 
   491 38.35 0.0 CB 46 
   160 177.301 0.0 C 17 
   162 32.12 0.0 CB 17 
   617 4.653 0.0 HA 57 
   34 0.979 0.0 HG13 4 
   507 10.335 0.0 CD1 47 
   1044 9.352 0.0 H 95 
   755 2.53 0.0 HG2 70 
   63 59.829 0.0 CA 7 
   776 42.88 0.0 CB 72 
   297 7.812 0.0 H 30 
   1160 173.605 0.0 C 105 
   1411 19.149 0.0 CB 126 
   281 176.9 0.0 C 28 
   1142 8.938 0.0 H 104 
   1231 2.355 0.0 HB2 112 
   84 35.172 0.0 CB 9 
   993 1.996 0.0 HB3 91 
   171 0.885 0.0 HD13 18 
   1187 2.103 0.0 HG3 108 
   1350 117.2 0.0 CE2 120 
   790 130.4 0.0 CD2 73 
   18 38.025 0.0 CB 2 
   445 29.151 0.0 CD 42 
   1139 30.075 0.0 CB 103 
   1423 61.46 0.0 CA 127 
   694 176.82 0.0 C 64 
   1405 4.473 0.0 HA 126 
   666 4.346 0.0 HA 62 
   484 2.899 0.0 HB3 46 
   629 0.92 0.0 HD12 58 
   73 4.514 0.0 HA 9 
   769 115.477 0.0 N 71 
   623 116.726 0.0 N 57 
   815 1.996 0.0 HG3 75 
   1274 24.66 0.0 CG 114 
   1430 2.607 0.0 HB2 128 
   292 177.415 0.0 C 29 
   767 58.754 0.0 CA 71 
   1117 44.635 0.0 CA 101 
   906 66.204 0.0 CB 82 
   28 124.395 0.0 N 3 
   664 31.254 0.0 CB 61 
   764 2.725 0.0 HB2 71 
   886 7.635 0.0 H 80 
   115 124.022 0.0 N 11 
   916 33.087 0.0 CB 83 
   1427 122.174 0.0 N 127 
   534 36.304 0.0 CG 49 
   588 8.069 0.0 H 55 
   1204 43.24 0.0 CD 109 
   232 69.026 0.0 CB 22 
   133 4.403 0.0 HA 14 
   1397 2.216 0.0 HG2 125 
   322 27.664 0.0 CG 31 
   624 7.609 0.0 H 58 
   153 4.172 0.0 HA 17 
   1196 1.743 0.0 HB3 109 
   505 61.81 0.0 CA 47 
   267 1.485 0.0 HB2 26 
   1134 1.823 0.0 HB3 103 
   471 130.2 0.0 CE2 44 
   500 0.837 0.0 HG13 47 
   481 7.764 0.0 H 46 
   29 7.153 0.0 H 4 
   217 1.747 0.0 HG3 21 
   414 8.557 0.0 H 41 
   1295 27.648 0.0 CG 116 
   765 3.17 0.0 HB3 71 
   1239 44.342 0.0 CB 112 
   354 30.325 0.0 CB 35 
   669 179.5 0.0 C 62 
   165 6.545 0.0 H 18 
   943 63.215 0.0 CB 86 
   1370 3.554 0.0 HB2 122 
   723 4.145 0.0 HA 67 
   57 107.14 0.0 N 6 
   1244 119.879 0.0 N 112 
   1182 8.243 0.0 H 108 
   1400 54.435 0.0 CA 125 
   542 173.401 0.0 C 50 
   1291 177.209 0.0 C 116 
   231 63.14 0.0 CA 22 
   1217 1.766 0.0 HB2 111 
   296 116.67 0.0 N 29 
   994 2.323 0.0 HG2 91 
   938 4.317 0.0 HA 86 
   777 122.633 0.0 N 72 
   234 110.883 0.0 N 22 
   152 110.257 0.0 N 16 
   410 179.8 0.0 C 40 
   1383 55.575 0.0 CA 123 
   475 2.716 0.0 HB2 45 
   1153 34.296 0.0 CG 104 
   361 6.665 0.0 HD1 36 
   375 1.502 0.0 HB1 37 
   454 51.354 0.0 CA 43 
   902 3.83 0.0 HB2 82 
   1266 2.265 0.0 HE3 114 
   600 26.888 0.0 CG 55 
   327 0.908 0.0 HB2 33 
   1259 8.608 0.0 H 114 
   21 9.38 0.0 H 3 
   783 7.023 0.0 HD2 73 
   282 64.51 0.0 CA 28 
   1293 27.96 0.0 CB 116 
   7 57.135 0.0 CA 1 
   83 54.561 0.0 CA 9 
   716 1.416 0.0 HB2 66 
   413 121.155 0.0 N 40 
   1132 4.002 0.0 HA 103 
   693 7.734 0.0 HD22 64 
   948 3.345 0.0 HD2 87 
   533 30.291 0.0 CB 49 
   713 7.586 0.0 H 66 
   757 176.9 0.0 C 70 
   428 25.612 0.0 CD1 41 
   1168 172.62 0.0 C 106 
   51 120.403 0.0 N 5 
   390 119.703 0.0 N 38 
   1335 127.86 0.0 NE1 119 
   255 64.524 0.0 CB 24 
   1380 1.878 0.0 HG2 123 
   331 0.87 0.0 HG2 33 
   834 41.951 0.0 CB 76 
   1125 1.9 0.0 HG3 102 
   670 57.769 0.0 CA 62 
   1039 1.937 0.0 HB3 94 
   100 8.849 0.0 H 11 
   1107 117.554 0.0 N 99 
   1310 173.805 0.0 C 118 
   972 72.876 0.0 CB 89 
   96 62.155 0.0 CA 10 
   1164 9.575 0.0 H 106 
   473 8.306 0.0 H 45 
   378 178.2 0.0 C 37 
   924 1.726 0.0 HD3 84 
   637 41.906 0.0 CB 58 
   97 69.47 0.0 CB 10 
   311 1.035 0.0 HD12 31 
   949 3.345 0.0 HD3 87 
   885 130.507 0.0 N 79 
   1346 42.25 0.0 CB 120 
   506 34.745 0.0 CB 47 
   180 24.068 0.0 CD2 18 
   1424 32.581 0.0 CB 127 
   947 2.189 0.0 HB3 87 
   67 3.52 0.0 HA2 8 
   1374 64.524 0.0 CB 122 
   552 1.179 0.0 HG23 51 
   1233 7.09 0.0 HD1 112 
   288 1.619 0.0 HB2 29 
   451 2.209 0.0 HB2 43 
   1042 22.085 0.0 CB 94 
   852 127.184 0.0 N 77 
   548 4.625 0.0 HA 51 
   248 118.381 0.0 N 23 
   1006 7.035 0.0 HD2 92 
   718 179.2 0.0 C 66 
   188 0.589 0.0 HD12 19 
   1221 2.437 0.0 HG2 111 
   867 126.212 0.0 N 78 
   480 117.34 0.0 N 45 
   1150 174.031 0.0 C 104 
   1213 66.524 0.0 CB 110 
   1396 2.028 0.0 HB3 125 
   348 1.396 0.0 HB2 35 
   1111 175.32 0.0 C 100 
   487 6.55 0.0 HE1 46 
   889 171.34 0.0 C 80 
   1095 1.576 0.0 HG3 98 
   982 1.127 0.0 HG22 90 
   1096 177.352 0.0 C 98 
   56 46.424 0.0 CA 6 
   897 57.259 0.0 CA 81 
   627 1.619 0.0 HB3 58 
   917 36.115 0.0 CG 83 
   1421 0.266 0.0 HG23 127 
   811 4.385 0.0 HA 75 
   857 0.751 0.0 HG12 78 
   178 39.261 0.0 CB 18 
   294 28.57 0.0 CB 29 
   734 1.901 0.0 HG2 68 
   586 36.72 0.0 CG 54 
   151 48.106 0.0 CA 16 
   1312 33.592 0.0 CB 118 
   402 117.405 0.0 CE1 39 
   345 111.582 0.0 N 34 
   95 175.801 0.0 C 10 
   105 7.598 0.0 HD2 11 
   457 8.229 0.0 H 44 
   103 3.085 0.0 HB3 11 
   336 43.145 0.0 CD 33 
   895 3.878 0.0 HB3 81 
   274 2.61 0.0 HA 28 
   1282 21.244 0.0 CB 115 
   839 9.187 0.0 H 77 
   82 176.429 0.0 C 9 
   408 1.098 0.0 HB2 40 
   521 67.625 0.0 CA 48 
   1270 53.831 0.0 CA 114 
   579 1.751 0.0 HB2 54 
   1328 31.82 0.0 CB 119 
   1260 4.664 0.0 HA 114 
   1007 7.082 0.0 HE1 92 
   786 175.7 0.0 C 73 
   676 0.998 0.0 HG11 63 
   39 63.31 0.0 CA 4 
   214 3.225 0.0 HD2 21 
   249 8.642 0.0 H 24 
   1037 1.937 0.0 HB1 94 
   1382 173.108 0.0 C 123 
   193 1.197 0.0 HG 19 
   831 1.027 0.0 HG 76 
   1277 4.579 0.0 HA 115 
   1054 33.572 0.0 CB 95 
   587 114.777 0.0 N 54 
   1311 53.951 0.0 CA 118 
   1169 55.849 0.0 CA 106 
   1433 42.247 0.0 CB 128 
   461 7.23 0.0 HD1 44 
   65 118.937 0.0 N 7 
   1031 14.095 0.0 CD1 93 
   549 4.218 0.0 HB 51 
   157 3.281 0.0 HD3 17 
   145 64.155 0.0 CA 15 
   464 7.192 0.0 HE2 44 
   671 40.155 0.0 CB 62 
   817 57.14 0.0 CA 75 
   421 0.717 0.0 HD21 41 
   804 176.95 0.0 C 74 
   1426 20.19 0.0 CG2 127 
   881 42.361 0.0 CB 79 
   1276 9.291 0.0 H 115 
   399 178.1 0.0 C 39 
   880 56.012 0.0 CA 79 
   1167 3.578 0.0 HB3 106 
   1009 171.85 0.0 C 92 
   1325 6.69 0.0 HZ3 119 
   1347 133.1 0.0 CD1 120 
   150 2.895 0.0 HA3 16 
   256 116.451 0.0 N 24 
   1091 1.925 0.0 HB3 98 
   1305 1.514 0.0 HB3 118 
   1057 122.839 0.0 N 95 
   106 6.55 0.0 HE1 11 
   620 176.8 0.0 C 57 
   261 1.324 0.0 HB3 25 
   818 33.51 0.0 CB 75 
   1351 115.506 0.0 N 120 
   33 0.979 0.0 HG12 4 
   622 39.937 0.0 CB 57 
   802 0.741 0.0 HD22 74 
   38 175.39 0.0 C 4 
   714 4.151 0.0 HA 66 
   936 3.74 0.0 HA3 85 
   285 26.46 0.0 CG 28 
   92 1.269 0.0 HG21 10 
   259 1.324 0.0 HB1 25 
   684 32.281 0.0 CB 63 
   290 1.995 0.0 HG2 29 
   201 8.213 0.0 H 20 
   908 8.427 0.0 H 83 
   753 2.006 0.0 HB2 70 
   737 59.89 0.0 CA 68 
   76 1.637 0.0 HD2 9 
   1367 122.001 0.0 N 121 
   170 0.885 0.0 HD12 18 
   459 2.887 0.0 HB2 44 
   610 177.209 0.0 C 56 
   391 7.838 0.0 H 39 
   717 1.416 0.0 HB3 66 
   999 36.712 0.0 CG 91 
   1343 6.86 0.0 HE2 120 
   1086 27.428 0.0 CG 97 
   730 8.221 0.0 H 68 
   1265 2.17 0.0 HE2 114 
   146 30.602 0.0 CB 15 
   1268 0.415 0.0 HG3 114 
   832 175.7 0.0 C 76 
   985 62.035 0.0 CA 90 
   668 2.627 0.0 HB3 62 
   846 1.498 0.0 HG3 77 
   1005 7.035 0.0 HD1 92 
   478 57.459 0.0 CA 45 
   526 8.501 0.0 H 49 
   241 1.415 0.0 HG2 23 
   295 36.955 0.0 CG 29 
   975 9.02 0.0 H 90 
   490 62.32 0.0 CA 46 
   540 0.509 0.0 HG22 50 
   626 1.705 0.0 HB2 58 
   280 -0.395 0.0 HG3 28 
   770 8.706 0.0 H 72 
   659 3.312 0.0 HB2 61 
   1149 1.867 0.0 HG3 104 
   1036 5.859 0.0 HA 94 
   203 1.402 0.0 HB1 20 
   695 56.908 0.0 CA 64 
   207 52.729 0.0 CA 20 
   742 2.066 0.0 HB2 69 
   110 39.46 0.0 CB 11 
   1200 1.376 0.0 HG3 109 
   1316 8.981 0.0 H 119 
   184 3.623 0.0 HA 19 
   1027 0.78 0.0 HG23 93 
   396 6.665 0.0 HD2 39 
   953 54.544 0.0 CA 87 
   609 1.788 0.0 HG3 56 
   929 55.741 0.0 CA 84 
   443 56.288 0.0 CA 42 
   1415 0.75 0.0 HB 127 
   963 107.686 0.0 N 88 
   1246 5.608 0.0 HA 113 
   88 120.607 0.0 N 9 
   355 43.64 0.0 CD 35 
   1001 9.171 0.0 H 92 
   192 0.146 0.0 HD23 19 
   1172 8.819 0.0 H 107 
   1336 9.145 0.0 H 120 
   673 7.917 0.0 H 63 
   75 1.914 0.0 HB3 9 
   1145 1.686 0.0 HB3 104 
   1197 3.139 0.0 HD2 109 
   1069 131.6 0.0 CD1 96 
   702 1.467 0.0 HB3 65 
   1180 115.4 0.0 CD2 107 
   222 28.094 0.0 CG 21 
   819 36.619 0.0 CG 75 
   210 7.678 0.0 H 21 
   752 4.368 0.0 HA 70 
   1261 0.78 0.0 HB2 114 
   829 0.582 0.0 HD22 76 
   287 3.38 0.0 HA 29 
   1041 49.829 0.0 CA 94 
   907 115.128 0.0 N 82 
   635 177.0 0.0 C 58 
   1227 121.905 0.0 N 111 
   1292 56.584 0.0 CA 116 
   537 4.576 0.0 HA 50 
   874 0.654 0.0 HD13 79 
   754 2.218 0.0 HB3 70 
   715 1.416 0.0 HB1 66 
   47 2.92 0.0 HB3 5 
   437 1.611 0.0 HD3 42 
   1222 2.355 0.0 HG3 111 
   589 4.668 0.0 HA 55 
   91 4.483 0.0 HB 10 
   995 2.178 0.0 HG3 91 
   652 40.445 0.0 CB 59 
   8 29.815 0.0 CB 1 
   161 64.78 0.0 CA 17 
   860 0.813 0.0 HG22 78 
   882 25.182 0.0 CD1 79 
   411 54.857 0.0 CA 40 
   621 55.375 0.0 CA 57 
   240 3.047 0.0 HD3 23 
   731 3.74 0.0 HA 68 
   1017 9.184 0.0 H 93 
   239 3.047 0.0 HD2 23 
   872 0.654 0.0 HD11 79 
   903 3.83 0.0 HB3 82 
   427 40.89 0.0 CB 41 
   738 32.56 0.0 CB 68 
   315 1.147 0.0 HD23 31 
   409 1.098 0.0 HB3 40 
   856 0.751 0.0 HG11 78 
   1376 6.575 0.0 H 123 
   877 0.689 0.0 HD23 79 
   654 131.3 0.0 CD2 59 
   1029 60.483 0.0 CA 93 
   646 7.195 0.0 HD1 59 
   27 28.658 0.0 CB 3 
   367 38.05 0.0 CB 36 
   968 1.236 0.0 HG22 89 
   725 3.645 0.0 HB3 67 
   1074 8.665 0.0 H 97 
   1279 1.303 0.0 HB2 115 
   1363 130.74 0.0 CD1 121 
   118 2.63 0.0 HB2 12 
   189 0.589 0.0 HD13 19 
   759 31.29 0.0 CB 70 
   944 8.091 0.0 H 87 
   1339 2.875 0.0 HB3 120 
   458 3.905 0.0 HA 44 
   279 1.333 0.0 HG2 28 
   799 0.739 0.0 HD12 74 
   5 2.222 0.0 HG3 1 
   1428 7.901 0.0 H 128 
   498 0.204 0.0 HD13 47 
   1241 131.451 0.0 CD2 112 
   919 9.104 0.0 H 84 
   677 0.998 0.0 HG12 63 
   806 44.31 0.0 CB 74 
   1386 113.946 0.0 N 123 
   19 118.889 0.0 N 2 
   780 2.454 0.0 HB2 73 
   914 174.601 0.0 C 83 
   1388 4.231 0.0 HA2 124 
   384 1.672 0.0 HB1 38 
   688 7.698 0.0 H 64 
   644 3.02 0.0 HB2 59 
   179 25.729 0.0 CD1 18 
   474 4.235 0.0 HA 45 
   349 1.91 0.0 HB3 35 
   913 2.205 0.0 HG3 83 
   351 2.92 0.0 HD3 35 
   1409 177.6 0.0 C 126 
   1024 1.216 0.0 HG13 93 
   1250 2.982 0.0 HD3 113 
   383 3.731 0.0 HA 38 
   772 2.638 0.0 HB2 72 
   1047 1.75 0.0 HB3 95 
   1318 2.77 0.0 HB2 119 
   1353 4.192 0.0 HA 121 
   512 3.049 0.0 HA 48 
   468 131.0 0.0 CD1 44 
   98 22.425 0.0 CG2 10 
   1087 117.405 0.0 N 97 
   981 1.127 0.0 HG21 90 
   1414 3.882 0.0 HA 127 
   1377 4.264 0.0 HA 123 
   1207 9.762 0.0 H 110 
   925 3.003 0.0 HE2 84 
   343 60.984 0.0 CA 34 
   1416 0.549 0.0 HG11 127 
   1358 7.175 0.0 HE1 121 
   935 4.11 0.0 HA2 85 
   961 172.34 0.0 C 88 
   599 42.47 0.0 CD 55 
   1288 3.215 0.0 HD3 116 
   419 0.761 0.0 HD12 41 
   1230 5.485 0.0 HA 112 
   519 0.798 0.0 HG23 48 
   1090 1.732 0.0 HB2 98 
   13 2.932 0.0 HB3 2 
   1297 3.345 0.0 HA2 117 
   1012 132.1 0.0 CD1 92 
   1283 130.852 0.0 N 115 
   810 7.719 0.0 H 75 
   513 2.008 0.0 HB 48 
   973 21.775 0.0 CG2 89 
   1302 7.628 0.0 H 118 
   728 28.554 0.0 CB 67 
   967 1.236 0.0 HG21 89 
   658 4.325 0.0 HA 61 
   64 62.352 0.0 CB 7 
   141 4.006 0.0 HA 15 
   1253 173.52 0.0 C 113 
   641 118.45 0.0 N 58 
   909 4.892 0.0 HA 83 
   1108 8.975 0.0 H 100 
   945 5.606 0.0 HA 87 
   888 4.158 0.0 HA3 80 
   1294 43.34 0.0 CD 116 
   704 2.83 0.0 HD3 65 
   132 7.486 0.0 H 14 
   104 7.598 0.0 HD1 11 
   803 0.741 0.0 HD23 74 
   1212 59.029 0.0 CA 110 
   1045 5.608 0.0 HA 95 
   510 119.187 0.0 N 47 
   1403 119.909 0.0 N 125 
   223 110.82 0.0 N 21 
   335 29.362 0.0 CB 33 
   369 132.01 0.0 CD2 36 
   1257 28.88 0.0 CG 113 
   1273 41.456 0.0 CE 114 
   1058 8.865 0.0 H 96 
   43 128.077 0.0 N 4 
   127 2.715 0.0 HB3 13 
   1425 21.54 0.0 CG1 127 
   1136 2.0 0.0 HG3 103 
   921 1.823 0.0 HB2 84 
   1170 33.628 0.0 CB 106 
   1313 43.27 0.0 CD 118 
   93 1.269 0.0 HG22 10 
   1254 54.651 0.0 CA 113 
   844 3.09 0.0 HD3 77 
   1395 1.946 0.0 HB2 125 
   163 50.635 0.0 CD 17 
   1141 120.322 0.0 N 103 
   1178 51.578 0.0 CA 107 
   823 1.401 0.0 HB2 76 
   1372 172.256 0.0 C 122 
   1140 37.102 0.0 CG 103 
   58 8.552 0.0 H 7 
   956 27.468 0.0 CG 87 
   44 8.155 0.0 H 5 
   1092 3.211 0.0 HD2 98 
   954 33.678 0.0 CB 87 
   1190 34.517 0.0 CB 108 
   385 1.672 0.0 HB2 38 
   1431 2.483 0.0 HB3 128 
   638 25.392 0.0 CD1 58 
   420 0.761 0.0 HD13 41 
   853 8.94 0.0 H 78 
   6 176.41 0.0 C 1 
   1245 9.522 0.0 H 113 
   870 1.251 0.0 HB2 79 
   1262 -0.968 0.0 HB3 114 
   1247 1.796 0.0 HB2 113 
   584 57.145 0.0 CA 54 
   1319 2.643 0.0 HB3 119 
   268 1.485 0.0 HB3 26 
   439 3.169 0.0 HE3 42 
   185 1.445 0.0 HB2 19 
   89 8.784 0.0 H 10 
   1314 26.928 0.0 CG 118 
   166 4.458 0.0 HA 18 
   1278 1.303 0.0 HB1 115 
   868 9.244 0.0 H 79 
   438 3.341 0.0 HE2 42 
   1078 3.228 0.0 HD2 97 
   130 42.509 0.0 CB 13 
   959 3.563 0.0 HA2 88 
   319 39.75 0.0 CB 31 
   523 23.105 0.0 CG1 48 
   323 119.402 0.0 N 31 
   129 53.219 0.0 CA 13 
   771 4.985 0.0 HA 72 
   851 27.258 0.0 CG 77 
   597 54.441 0.0 CA 55 
   326 3.481 0.0 HA 33 
   541 0.509 0.0 HG23 50 
   760 36.478 0.0 CG 70 
   768 64.73 0.0 CB 71 
   1371 3.268 0.0 HB3 122 
   842 1.648 0.0 HB3 77 
   1131 8.534 0.0 H 103 
   476 2.593 0.0 HB3 45 
   221 43.564 0.0 CD 21 
   1309 1.253 0.0 HG3 118 
   1378 1.863 0.0 HB2 123 
   140 8.183 0.0 H 15 
   1043 131.277 0.0 N 94 
   1215 9.274 0.0 H 111 
   813 2.258 0.0 HB3 75 
   289 1.619 0.0 HB3 29 
   219 56.614 0.0 CA 21 
   1085 43.79 0.0 CD 97 
   1061 2.567 0.0 HB3 96 
   1306 3.037 0.0 HD2 118 
   983 1.127 0.0 HG23 90 
   1361 58.524 0.0 CA 121 
   1176 6.803 0.0 HD2 107 
   338 7.582 0.0 H 34 
   1105 175.4 0.0 C 99 
   585 29.521 0.0 CB 54 
   607 3.195 0.0 HD3 56 
   330 2.824 0.0 HD3 33 
