   703 2.83 0.0 HD2 65 
   1015 131.4 0.0 CE2 92 
   460 3.082 0.0 HB3 44 
   465 177.805 0.0 C 44 
   53 3.93 0.0 HA2 6 
   189 0.589 0.0 HD13 19 
   1204 43.24 0.0 CD 109 
   819 36.619 0.0 CG 75 
   103 3.085 0.0 HB3 11 
   212 2.193 0.0 HB2 21 
   668 2.627 0.0 HB3 62 
   1254 54.651 0.0 CA 113 
   1017 9.184 0.0 H 93 
   252 3.83 0.0 HB3 24 
   412 17.695 0.0 CB 40 
   973 21.775 0.0 CG2 89 
   107 6.55 0.0 HE2 11 
   1132 4.002 0.0 HA 103 
   1288 3.215 0.0 HD3 116 
   1110 3.905 0.0 HA3 100 
   805 55.851 0.0 CA 74 
   1045 5.608 0.0 HA 95 
   771 4.985 0.0 HA 72 
   680 0.909 0.0 HG22 63 
   605 1.95 0.0 HB3 56 
   1234 7.09 0.0 HD2 112 
   1404 8.632 0.0 H 126 
   528 1.945 0.0 HB2 49 
   1229 9.143 0.0 H 112 
   962 45.449 0.0 CA 88 
   958 8.529 0.0 H 88 
   1225 30.155 0.0 CB 111 
   812 1.784 0.0 HB2 75 
   989 121.506 0.0 N 90 
   178 39.261 0.0 CB 18 
   202 4.243 0.0 HA 20 
   1394 4.687 0.0 HA 125 
   918 121.107 0.0 N 83 
   521 67.625 0.0 CA 48 
   634 1.6 0.0 HG 58 
   497 0.204 0.0 HD12 47 
   763 5.268 0.0 HA 71 
   735 1.68 0.0 HG3 68 
   715 1.416 0.0 HB1 66 
   160 177.301 0.0 C 17 
   347 4.006 0.0 HA 35 
   1367 122.001 0.0 N 121 
   1259 8.608 0.0 H 114 
   1139 30.075 0.0 CB 103 
   747 59.545 0.0 CA 69 
   6 176.41 0.0 C 1 
   666 4.346 0.0 HA 62 
   1185 1.564 0.0 HB3 108 
   86 41.986 0.0 CE 9 
   1175 3.482 0.0 HB3 107 
   399 178.1 0.0 C 39 
   1347 133.1 0.0 CD1 120 
   244 54.444 0.0 CA 23 
   25 178.12 0.0 C 3 
   753 2.006 0.0 HB2 70 
   98 22.425 0.0 CG2 10 
   1412 127.644 0.0 N 126 
   279 1.333 0.0 HG2 28 
   1094 1.576 0.0 HG2 98 
   532 58.85 0.0 CA 49 
   664 31.254 0.0 CB 61 
   317 179.245 0.0 C 31 
   1099 44.307 0.0 CD 98 
   1429 4.298 0.0 HA 128 
   229 1.138 0.0 HG23 22 
   877 0.689 0.0 HD23 79 
   622 39.937 0.0 CB 57 
   1038 1.937 0.0 HB2 94 
   8 29.815 0.0 CB 1 
   1351 115.506 0.0 N 120 
   988 22.42 0.0 CG2 90 
   121 56.0 0.0 CA 12 
   226 4.224 0.0 HB 22 
   40 32.072 0.0 CB 4 
   124 7.445 0.0 H 13 
   985 62.035 0.0 CA 90 
   1336 9.145 0.0 H 120 
   706 1.16 0.0 HG3 65 
   1339 2.875 0.0 HB3 120 
   1402 35.961 0.0 CG 125 
   1124 1.991 0.0 HG2 102 
   1062 6.815 0.0 HD1 96 
   1191 36.823 0.0 CG 108 
   686 20.93 0.0 CG2 63 
   734 1.901 0.0 HG2 68 
   791 130.3 0.0 CE1 73 
   1130 27.111 0.0 CG 102 
   977 2.119 0.0 HB 90 
   464 7.192 0.0 HE2 44 
   530 2.295 0.0 HG2 49 
   355 43.64 0.0 CD 35 
   257 8.255 0.0 H 25 
   620 176.8 0.0 C 57 
   151 48.106 0.0 CA 16 
   1189 54.005 0.0 CA 108 
   950 1.847 0.0 HG2 87 
   939 4.197 0.0 HB2 86 
   1354 2.879 0.0 HB2 121 
   1414 3.882 0.0 HA 127 
   645 2.925 0.0 HB3 59 
   655 129.0 0.0 CE1 59 
   38 175.39 0.0 C 4 
   379 55.295 0.0 CA 37 
   1005 7.035 0.0 HD1 92 
   667 2.758 0.0 HB2 62 
   1431 2.483 0.0 HB3 128 
   310 1.035 0.0 HD11 31 
   503 0.479 0.0 HG23 47 
   1157 5.357 0.0 HA 105 
   1427 122.174 0.0 N 127 
   418 0.761 0.0 HD11 41 
   1112 45.456 0.0 CA 100 
   1315 121.34 0.0 N 118 
   73 4.514 0.0 HA 9 
   197 25.042 0.0 CD1 19 
   1268 0.415 0.0 HG3 114 
   554 64.045 0.0 CA 51 
   717 1.416 0.0 HB3 66 
   1136 2.0 0.0 HG3 103 
   1171 126.101 0.0 N 106 
   198 22.18 0.0 CD2 19 
   550 1.179 0.0 HG21 51 
   321 26.56 0.0 CD2 31 
   281 176.9 0.0 C 28 
   980 0.545 0.0 HG13 90 
   683 65.63 0.0 CA 63 
   1221 2.437 0.0 HG2 111 
   1092 3.211 0.0 HD2 98 
   852 127.184 0.0 N 77 
   10 8.376 0.0 H 2 
   1397 2.216 0.0 HG2 125 
   423 0.717 0.0 HD23 41 
   537 4.576 0.0 HA 50 
   1056 27.88 0.0 CG 95 
   295 36.955 0.0 CG 29 
   1018 5.199 0.0 HA 93 
   685 22.675 0.0 CG1 63 
   293 60.485 0.0 CA 29 
   710 43.29 0.0 CD 65 
   640 26.923 0.0 CG 58 
   46 3.103 0.0 HB2 5 
   725 3.645 0.0 HB3 67 
   679 0.909 0.0 HG21 63 
   351 2.92 0.0 HD3 35 
   1192 128.36 0.0 N 108 
   1187 2.103 0.0 HG3 108 
   1097 55.288 0.0 CA 98 
   231 63.14 0.0 CA 22 
   738 32.56 0.0 CB 68 
   369 132.01 0.0 CD2 36 
   461 7.23 0.0 HD1 44 
   1030 42.274 0.0 CB 93 
   1411 19.149 0.0 CB 126 
   1267 -0.462 0.0 HG2 114 
   1137 175.818 0.0 C 103 
   806 44.31 0.0 CB 74 
   777 122.633 0.0 N 72 
   492 119.529 0.0 N 46 
   1161 57.248 0.0 CA 105 
   301 1.341 0.0 HB3 30 
   110 39.46 0.0 CB 11 
   652 40.445 0.0 CB 59 
   1277 4.579 0.0 HA 115 
   250 4.576 0.0 HA 24 
   707 177.82 0.0 C 65 
   1244 119.879 0.0 N 112 
   942 58.208 0.0 CA 86 
   585 29.521 0.0 CB 54 
   1072 130.76 0.0 CE2 96 
   1400 54.435 0.0 CA 125 
   506 34.745 0.0 CB 47 
   228 1.138 0.0 HG22 22 
   1060 2.068 0.0 HB2 96 
   580 1.751 0.0 HB3 54 
   1290 1.586 0.0 HG3 116 
   122 40.455 0.0 CB 12 
   1418 0.549 0.0 HG13 127 
   998 31.557 0.0 CB 91 
   1068 41.738 0.0 CB 96 
   488 6.55 0.0 HE2 46 
   1276 9.291 0.0 H 115 
   129 53.219 0.0 CA 13 
   444 27.542 0.0 CB 42 
   961 172.34 0.0 C 88 
   527 3.957 0.0 HA 49 
   481 7.764 0.0 H 46 
   781 3.11 0.0 HB3 73 
   194 179.45 0.0 C 19 
   749 36.968 0.0 CG 69 
   1180 115.4 0.0 CD2 107 
   23 2.6 0.0 HB2 3 
   322 27.664 0.0 CG 31 
   638 25.392 0.0 CD1 58 
   711 27.67 0.0 CG 65 
   500 0.837 0.0 HG13 47 
   1352 9.316 0.0 H 121 
   1022 0.535 0.0 HD13 93 
   1041 49.829 0.0 CA 94 
   277 3.241 0.0 HD2 28 
   471 130.2 0.0 CE2 44 
   1348 133.1 0.0 CD2 120 
   1330 119.204 0.0 CE3 119 
   755 2.53 0.0 HG2 70 
   907 115.128 0.0 N 82 
   1430 2.607 0.0 HB2 128 
   593 3.145 0.0 HD3 55 
   156 3.281 0.0 HD2 17 
   1148 2.037 0.0 HG2 104 
   155 2.166 0.0 HB3 17 
   1307 3.037 0.0 HD3 118 
   428 25.612 0.0 CD1 41 
   1350 117.2 0.0 CE2 120 
   1306 3.037 0.0 HD2 118 
   123 116.209 0.0 N 12 
   1143 4.495 0.0 HA 104 
   93 1.269 0.0 HG22 10 
   1213 66.524 0.0 CB 110 
   327 0.908 0.0 HB2 33 
   139 126.164 0.0 N 14 
   1174 2.829 0.0 HB2 107 
   1219 6.732 0.0 HE21 111 
   636 54.812 0.0 CA 58 
   147 124.741 0.0 N 15 
   309 1.028 0.0 HB3 31 
   1013 132.1 0.0 CD2 92 
   982 1.127 0.0 HG22 90 
   578 4.158 0.0 HA 54 
   4 2.222 0.0 HG2 1 
   283 31.061 0.0 CB 28 
   954 33.678 0.0 CB 87 
   587 114.777 0.0 N 54 
   1235 7.192 0.0 HE1 112 
   603 3.95 0.0 HA 56 
   621 55.375 0.0 CA 57 
   737 59.89 0.0 CA 68 
   583 177.408 0.0 C 54 
   845 1.447 0.0 HG2 77 
   58 8.552 0.0 H 7 
   1140 37.102 0.0 CG 103 
   475 2.716 0.0 HB2 45 
   270 52.95 0.0 CA 26 
   413 121.155 0.0 N 40 
   684 32.281 0.0 CB 63 
   600 26.888 0.0 CG 55 
   875 0.689 0.0 HD21 79 
   953 54.544 0.0 CA 87 
   1312 33.592 0.0 CB 118 
   1309 1.253 0.0 HG3 118 
   1281 51.415 0.0 CA 115 
   315 1.147 0.0 HD23 31 
   1425 21.54 0.0 CG1 127 
   847 175.2 0.0 C 77 
   22 4.002 0.0 HA 3 
   424 1.664 0.0 HG 41 
   872 0.654 0.0 HD11 79 
   955 43.15 0.0 CD 87 
   48 175.9 0.0 C 5 
   1108 8.975 0.0 H 100 
   523 23.105 0.0 CG1 48 
   1283 130.852 0.0 N 115 
   306 7.782 0.0 H 31 
   886 7.635 0.0 H 80 
   1117 44.635 0.0 CA 101 
   1039 1.937 0.0 HB3 94 
   1239 44.342 0.0 CB 112 
   691 3.168 0.0 HB3 64 
   260 1.324 0.0 HB2 25 
   1301 103.666 0.0 N 117 
   180 24.068 0.0 CD2 18 
   1242 130.35 0.0 CE1 112 
   1388 4.231 0.0 HA2 124 
   68 4.247 0.0 HA3 8 
   722 7.759 0.0 H 67 
   644 3.02 0.0 HB2 59 
   3 2.003 0.0 HB3 1 
   1096 177.352 0.0 C 98 
   873 0.654 0.0 HD12 79 
   1237 175.205 0.0 C 112 
   1082 174.825 0.0 C 97 
   1065 7.28 0.0 HE2 96 
   837 27.682 0.0 CG 76 
