   1200 1.376 0.0 HG3 109 
   445 29.151 0.0 CD 42 
   631 0.806 0.0 HD21 58 
   356 125.552 0.0 N 35 
   997 53.955 0.0 CA 91 
   1233 7.09 0.0 HD1 112 
   1061 2.567 0.0 HB3 96 
   468 131.0 0.0 CD1 44 
   1007 7.082 0.0 HE1 92 
   1234 7.09 0.0 HD2 112 
   587 114.777 0.0 N 54 
   747 59.545 0.0 CA 69 
   1432 55.945 0.0 CA 128 
   1397 2.216 0.0 HG2 125 
   826 0.564 0.0 HD12 76 
   1081 1.566 0.0 HG3 97 
   532 58.85 0.0 CA 49 
   207 52.729 0.0 CA 20 
   348 1.396 0.0 HB2 35 
   90 4.478 0.0 HA 10 
   199 28.47 0.0 CG 19 
   1043 131.277 0.0 N 94 
   1238 56.51 0.0 CA 112 
   293 60.485 0.0 CA 29 
   974 115.849 0.0 N 89 
   1425 21.54 0.0 CG1 127 
   369 132.01 0.0 CD2 36 
   486 6.77 0.0 HD2 46 
   1206 122.752 0.0 N 109 
   1177 173.205 0.0 C 107 
   681 0.909 0.0 HG23 63 
   1315 121.34 0.0 N 118 
   1409 177.6 0.0 C 126 
   46 3.103 0.0 HB2 5 
   16 175.445 0.0 C 2 
   237 1.524 0.0 HB2 23 
   558 9.009 0.0 H 52 
   1339 2.875 0.0 HB3 120 
   686 20.93 0.0 CG2 63 
   259 1.324 0.0 HB1 25 
   388 55.485 0.0 CA 38 
   1197 3.139 0.0 HD2 109 
   700 3.481 0.0 HA 65 
   1181 129.694 0.0 N 107 
   1104 3.906 0.0 HA3 99 
   414 8.557 0.0 H 41 
   1252 1.343 0.0 HG3 113 
   802 0.741 0.0 HD22 74 
   719 55.495 0.0 CA 66 
   551 1.179 0.0 HG22 51 
   1219 6.732 0.0 HE21 111 
   1294 43.34 0.0 CD 116 
   448 116.255 0.0 N 42 
   1410 52.02 0.0 CA 126 
   679 0.909 0.0 HG21 63 
   1140 37.102 0.0 CG 103 
   363 6.75 0.0 HE1 36 
   366 62.75 0.0 CA 36 
   446 43.345 0.0 CE 42 
   1275 129.57 0.0 N 114 
   6 176.41 0.0 C 1 
   501 0.479 0.0 HG21 47 
   424 1.664 0.0 HG 41 
   55 176.304 0.0 C 6 
   529 1.945 0.0 HB3 49 
   385 1.672 0.0 HB2 38 
   581 2.144 0.0 HG2 54 
   940 4.069 0.0 HB3 86 
   416 1.555 0.0 HB2 41 
   1373 60.295 0.0 CA 122 
   653 131.3 0.0 CD1 59 
   494 3.075 0.0 HA 47 
   578 4.158 0.0 HA 54 
   1003 3.186 0.0 HB2 92 
   262 52.785 0.0 CA 25 
   717 1.416 0.0 HB3 66 
   492 119.529 0.0 N 46 
   444 27.542 0.0 CB 42 
   566 1.839 0.0 HB2 53 
   132 7.486 0.0 H 14 
   309 1.028 0.0 HB3 31 
   133 4.403 0.0 HA 14 
   785 6.582 0.0 HE2 73 
   1431 2.483 0.0 HB3 128 
   1267 -0.462 0.0 HG2 114 
   1066 171.75 0.0 C 96 
   129 53.219 0.0 CA 13 
   450 4.875 0.0 HA 43 
   1166 3.271 0.0 HB2 106 
   1074 8.665 0.0 H 97 
   604 1.897 0.0 HB2 56 
   613 43.64 0.0 CD 56 
   336 43.145 0.0 CD 33 
   844 3.09 0.0 HD3 77 
   196 40.21 0.0 CB 19 
   918 121.107 0.0 N 83 
   1136 2.0 0.0 HG3 103 
   893 5.342 0.0 HA 81 
   344 63.245 0.0 CB 34 
   881 42.361 0.0 CB 79 
   1031 14.095 0.0 CD1 93 
   152 110.257 0.0 N 16 
   279 1.333 0.0 HG2 28 
   358 3.84 0.0 HA 36 
   1030 42.274 0.0 CB 93 
   1307 3.037 0.0 HD3 118 
   30 4.168 0.0 HA 4 
   1203 31.948 0.0 CB 109 
   441 1.111 0.0 HG3 42 
   981 1.127 0.0 HG21 90 
   395 6.665 0.0 HD1 39 
   470 130.2 0.0 CE1 44 
   659 3.312 0.0 HB2 61 
   1387 8.786 0.0 H 124 
   1109 3.905 0.0 HA2 100 
   1430 2.607 0.0 HB2 128 
   94 1.269 0.0 HG23 10 
   1083 54.951 0.0 CA 97 
   1225 30.155 0.0 CB 111 
   1191 36.823 0.0 CG 108 
   1243 130.35 0.0 CE2 112 
   1192 128.36 0.0 N 108 
   178 39.261 0.0 CB 18 
   1292 56.584 0.0 CA 116 
   396 6.665 0.0 HD2 39 
   404 119.108 0.0 N 39 
   490 62.32 0.0 CA 46 
   1075 4.526 0.0 HA 97 
   5 2.222 0.0 HG3 1 
   854 4.11 0.0 HA 78 
   699 8.562 0.0 H 65 
   1220 7.652 0.0 HE22 111 
   788 38.32 0.0 CB 73 
   153 4.172 0.0 HA 17 
   127 2.715 0.0 HB3 13 
   600 26.888 0.0 CG 55 
   726 178.407 0.0 C 67 
   1363 130.74 0.0 CD1 121 
   1186 2.103 0.0 HG2 108 
   265 4.443 0.0 HA 26 
   966 3.95 0.0 HB 89 
   1285 1.856 0.0 HB2 116 
   1162 65.457 0.0 CB 105 
   545 19.875 0.0 CG2 50 
   1393 8.229 0.0 H 125 
   774 175.305 0.0 C 72 
   1149 1.867 0.0 HG3 104 
   657 119.653 0.0 N 59 
   682 178.94 0.0 C 63 
   204 1.402 0.0 HB2 20 
   749 36.968 0.0 CG 69 
   1375 125.692 0.0 N 122 
   1102 9.005 0.0 H 99 
   472 122.987 0.0 N 44 
   1268 0.415 0.0 HG3 114 
   988 22.42 0.0 CG2 90 
   1350 117.2 0.0 CE2 120 
   138 29.87 0.0 CB 14 
   756 2.383 0.0 HG3 70 
   688 7.698 0.0 H 64 
   778 8.75 0.0 H 73 
   364 6.75 0.0 HE2 36 
   320 23.15 0.0 CD1 31 
   1257 28.88 0.0 CG 113 
   1235 7.192 0.0 HE1 112 
   665 8.376 0.0 H 62 
   53 3.93 0.0 HA2 6 
   334 60.318 0.0 CA 33 
   1223 174.94 0.0 C 111 
   996 175.381 0.0 C 91 
   961 172.34 0.0 C 88 
   927 1.366 0.0 HG2 84 
   602 7.466 0.0 H 56 
   923 1.726 0.0 HD2 84 
   3 2.003 0.0 HB3 1 
   317 179.245 0.0 C 31 
   1357 6.727 0.0 HD2 121 
   1067 55.736 0.0 CA 96 
   1172 8.819 0.0 H 107 
   167 1.8 0.0 HB2 18 
   780 2.454 0.0 HB2 73 
   1270 53.831 0.0 CA 114 
   585 29.521 0.0 CB 54 
   670 57.769 0.0 CA 62 
   761 114.677 0.0 N 70 
   205 1.402 0.0 HB3 20 
   1415 0.75 0.0 HB 127 
   257 8.255 0.0 H 25 
   1230 5.485 0.0 HA 112 
   1001 9.171 0.0 H 92 
   436 1.74 0.0 HD2 42 
   873 0.654 0.0 HD12 79 
   1164 9.575 0.0 H 106 
   54 4.38 0.0 HA3 6 
   1334 121.469 0.0 N 119 
   504 178.5 0.0 C 47 
   690 2.951 0.0 HB2 64 
   60 3.922 0.0 HB2 7 
   471 130.2 0.0 CE2 44 
   1208 5.308 0.0 HA 110 
   69 174.204 0.0 C 8 
   156 3.281 0.0 HD2 17 
   790 130.4 0.0 CD2 73 
   1406 1.334 0.0 HB1 126 
   712 122.45 0.0 N 65 
   137 60.369 0.0 CA 14 
   1341 6.888 0.0 HD2 120 
   1088 9.754 0.0 H 98 
   1196 1.743 0.0 HB3 109 
   855 1.94 0.0 HB 78 
   462 7.23 0.0 HD2 44 
   1143 4.495 0.0 HA 104 
   703 2.83 0.0 HD2 65 
   1399 174.408 0.0 C 125 
   112 133.6 0.0 CD2 11 
   1331 124.3 0.0 CH2 119 
   1359 7.175 0.0 HE2 121 
   1046 1.85 0.0 HB2 95 
   1040 176.203 0.0 C 94 
   1078 3.228 0.0 HD2 97 
   246 43.34 0.0 CD 23 
   860 0.813 0.0 HG22 78 
   1145 1.686 0.0 HB3 104 
   823 1.401 0.0 HB2 76 
   1117 44.635 0.0 CA 101 
   831 1.027 0.0 HG 76 
   1245 9.522 0.0 H 113 
   813 2.258 0.0 HB3 75 
   301 1.341 0.0 HB3 30 
   924 1.726 0.0 HD3 84 
   150 2.895 0.0 HA3 16 
   644 3.02 0.0 HB2 59 
   1239 44.342 0.0 CB 112 
   78 2.937 0.0 HE2 9 
   83 54.561 0.0 CA 9 
   1367 122.001 0.0 N 121 
   1012 132.1 0.0 CD1 92 
   149 2.895 0.0 HA2 16 
   283 31.061 0.0 CB 28 
   373 8.907 0.0 H 37 
   807 25.72 0.0 CD1 74 
   945 5.606 0.0 HA 87 
   79 2.903 0.0 HE3 9 
   852 127.184 0.0 N 77 
   1176 6.803 0.0 HD2 107 
   680 0.909 0.0 HG22 63 
   1038 1.937 0.0 HB2 94 
   151 48.106 0.0 CA 16 
   125 4.805 0.0 HA 13 
   1115 4.033 0.0 HA2 101 
   371 117.801 0.0 CE2 36 
   905 57.524 0.0 CA 82 
   762 7.151 0.0 H 71 
   1085 43.79 0.0 CD 97 
   811 4.385 0.0 HA 75 
   597 54.441 0.0 CA 55 
   521 67.625 0.0 CA 48 
   1163 113.911 0.0 N 105 
   233 22.556 0.0 CG2 22 
   636 54.812 0.0 CA 58 
   203 1.402 0.0 HB1 20 
   787 60.0 0.0 CA 73 
   1055 43.47 0.0 CD 95 
   758 56.417 0.0 CA 70 
   1284 3.841 0.0 HA 116 
   689 4.798 0.0 HA 64 
   1370 3.554 0.0 HB2 122 
   85 29.151 0.0 CD 9 
   256 116.451 0.0 N 24 
   440 1.559 0.0 HG2 42 
   1262 -0.968 0.0 HB3 114 
   791 130.3 0.0 CE1 73 
   160 177.301 0.0 C 17 
   426 54.401 0.0 CA 41 
   1188 173.31 0.0 C 108 
   466 61.65 0.0 CA 44 
   1240 131.451 0.0 CD1 112 
   1214 125.774 0.0 N 110 
   331 0.87 0.0 HG2 33 
   1019 1.4 0.0 HB 93 
   884 28.23 0.0 CG 79 
   752 4.368 0.0 HA 70 
   775 52.5 0.0 CA 72 
   612 30.658 0.0 CB 56 
   915 56.075 0.0 CA 83 
   1004 2.985 0.0 HB3 92 
   469 131.0 0.0 CD2 44 
   216 1.747 0.0 HG2 21 
   896 172.936 0.0 C 81 
   159 1.735 0.0 HG3 17 
   2 1.908 0.0 HB2 1 
   460 3.082 0.0 HB3 44 
   803 0.741 0.0 HD23 74 
   1032 28.25 0.0 CG1 93 
   306 7.782 0.0 H 31 
   1215 9.274 0.0 H 111 
   335 29.362 0.0 CB 33 
   1260 4.664 0.0 HA 114 
   557 121.694 0.0 N 51 
   1098 32.12 0.0 CB 98 
   1368 8.557 0.0 H 122 
   847 175.2 0.0 C 77 
   65 118.937 0.0 N 7 
   1202 55.671 0.0 CA 109 
   1312 33.592 0.0 CB 118 
   328 1.468 0.0 HB3 33 
   865 21.781 0.0 CG1 78 
   1236 7.192 0.0 HE2 112 
   982 1.127 0.0 HG22 90 
   182 116.726 0.0 N 18 
   925 3.003 0.0 HE2 84 
   33 0.979 0.0 HG12 4 
   346 8.345 0.0 H 35 
   338 7.582 0.0 H 34 
   911 1.923 0.0 HB3 83 
   835 25.728 0.0 CD1 76 
   360 3.32 0.0 HB3 36 
   610 177.209 0.0 C 56 
   979 0.545 0.0 HG12 90 
   594 1.378 0.0 HG2 55 
   672 119.139 0.0 N 62 
   1000 129.755 0.0 N 91 
   52 7.704 0.0 H 6 
   985 62.035 0.0 CA 90 
   1229 9.143 0.0 H 112 
   345 111.582 0.0 N 34 
   31 2.078 0.0 HB 4 
   1402 35.961 0.0 CG 125 
   550 1.179 0.0 HG21 51 
   640 26.923 0.0 CG 58 
   280 -0.395 0.0 HG3 28 
   443 56.288 0.0 CA 42 
   675 1.923 0.0 HB 63 
   390 119.703 0.0 N 38 
   497 0.204 0.0 HD12 47 
   415 4.275 0.0 HA 41 
   740 8.744 0.0 H 69 
   1369 4.517 0.0 HA 122 
   1054 33.572 0.0 CB 95 
   394 2.1 0.0 HB3 39 
   383 3.731 0.0 HA 38 
   948 3.345 0.0 HD2 87 
   527 3.957 0.0 HA 49 
   822 4.769 0.0 HA 76 
   714 4.151 0.0 HA 66 
   1433 42.247 0.0 CB 128 
   1063 6.815 0.0 HD2 96 
   525 122.147 0.0 N 48 
   579 1.751 0.0 HB2 54 
   1327 57.495 0.0 CA 119 
   1119 4.446 0.0 HA 102 
   570 1.635 0.0 HG2 53 
   601 116.352 0.0 N 55 
   177 57.052 0.0 CA 18 
   36 0.979 0.0 HG22 4 
   1132 4.002 0.0 HA 103 
   1039 1.937 0.0 HB3 94 
   140 8.183 0.0 H 15 
   96 62.155 0.0 CA 10 
   165 6.545 0.0 H 18 
   512 3.049 0.0 HA 48 
   391 7.838 0.0 H 39 
   1065 7.28 0.0 HE2 96 
   212 2.193 0.0 HB2 21 
   111 133.6 0.0 CD1 11 
   720 17.675 0.0 CB 66 
   513 2.008 0.0 HB 48 
   232 69.026 0.0 CB 22 
   692 6.936 0.0 HD21 64 
   563 43.019 0.0 CB 52 
   1187 2.103 0.0 HG3 108 
   656 129.0 0.0 CE2 59 
   908 8.427 0.0 H 83 
   528 1.945 0.0 HB2 49 
   621 55.375 0.0 CA 57 
   500 0.837 0.0 HG13 47 
   830 0.582 0.0 HD23 76 
   13 2.932 0.0 HB3 2 
   666 4.346 0.0 HA 62 
   1057 122.839 0.0 N 95 
   310 1.035 0.0 HD11 31 
   467 39.01 0.0 CB 44 
   1297 3.345 0.0 HA2 117 
   878 1.524 0.0 HG 79 
   408 1.098 0.0 HB2 40 
   410 179.8 0.0 C 40 
   590 1.625 0.0 HB2 55 
   625 4.331 0.0 HA 58 
   221 43.564 0.0 CD 21 
   1049 3.25 0.0 HD3 95 
   958 8.529 0.0 H 88 
   118 2.63 0.0 HB2 12 
   900 8.975 0.0 H 82 
   1021 0.535 0.0 HD12 93 
   722 7.759 0.0 H 67 
   1204 43.24 0.0 CD 109 
   934 127.105 0.0 N 84 
   217 1.747 0.0 HG3 21 
   771 4.985 0.0 HA 72 
   157 3.281 0.0 HD3 17 
   1344 176.52 0.0 C 120 
   119 2.469 0.0 HB3 12 
   1216 5.243 0.0 HA 111 
   645 2.925 0.0 HB3 59 
   1 4.155 0.0 HA 1 
   874 0.654 0.0 HD13 79 
   1070 131.6 0.0 CD2 96 
   327 0.908 0.0 HB2 33 
   821 8.538 0.0 H 76 
   75 1.914 0.0 HB3 9 
   651 57.15 0.0 CA 59 
   1017 9.184 0.0 H 93 
   667 2.758 0.0 HB2 62 
   776 42.88 0.0 CB 72 
   1050 1.66 0.0 HG2 95 
   1374 64.524 0.0 CB 122 
   1101 128.385 0.0 N 98 
   102 2.98 0.0 HB2 11 
   1110 3.905 0.0 HA3 100 
   1084 34.642 0.0 CB 97 
   596 173.52 0.0 C 55 
   200 122.646 0.0 N 19 
   427 40.89 0.0 CB 41 
   715 1.416 0.0 HB1 66 
   277 3.241 0.0 HD2 28 
   474 4.235 0.0 HA 45 
   737 59.89 0.0 CA 68 
   798 0.739 0.0 HD11 74 
   193 1.197 0.0 HG 19 
   701 0.906 0.0 HB2 65 
   959 3.563 0.0 HA2 88 
   1045 5.608 0.0 HA 95 
   1142 8.938 0.0 H 104 
   393 1.212 0.0 HB2 39 
   697 119.384 0.0 N 64 
   1403 119.909 0.0 N 125 
   553 173.901 0.0 C 51 
   842 1.648 0.0 HB3 77 
   1217 1.766 0.0 HB2 111 
   1199 1.376 0.0 HG2 109 
   713 7.586 0.0 H 66 
   243 174.2 0.0 C 23 
   1100 27.715 0.0 CG 98 
   534 36.304 0.0 CG 49 
   1126 176.9 0.0 C 102 
   1308 1.253 0.0 HG2 118 
   960 5.047 0.0 HA3 88 
   962 45.449 0.0 CA 88 
   901 4.747 0.0 HA 82 
   264 124.685 0.0 N 25 
   76 1.637 0.0 HD2 9 
   1303 4.552 0.0 HA 118 
   796 1.361 0.0 HB2 74 
   175 1.697 0.0 HG 18 
   1348 133.1 0.0 CD2 120 
   971 61.14 0.0 CA 89 
   249 8.642 0.0 H 24 
   343 60.984 0.0 CA 34 
   1288 3.215 0.0 HD3 116 
   211 3.989 0.0 HA 21 
   805 55.851 0.0 CA 74 
   1020 0.535 0.0 HD11 93 
   548 4.625 0.0 HA 51 
   1095 1.576 0.0 HG3 98 
   285 26.46 0.0 CG 28 
   1237 175.205 0.0 C 112 
   1068 41.738 0.0 CB 96 
   1246 5.608 0.0 HA 113 
   1405 4.473 0.0 HA 126 
   37 0.979 0.0 HG23 4 
   341 4.198 0.0 HB3 34 
   539 0.509 0.0 HG21 50 
   1222 2.355 0.0 HG3 111 
   1028 175.6 0.0 C 93 
   453 174.95 0.0 C 43 
   482 3.695 0.0 HA 46 
   1087 117.405 0.0 N 97 
   1354 2.879 0.0 HB2 121 
   537 4.576 0.0 HA 50 
   1244 119.879 0.0 N 112 
   947 2.189 0.0 HB3 87 
   1345 57.29 0.0 CA 120 
   789 130.4 0.0 CD1 73 
   1044 9.352 0.0 H 95 
   1190 34.517 0.0 CB 108 
   91 4.483 0.0 HB 10 
   430 27.053 0.0 CG 41 
   836 23.57 0.0 CD2 76 
   983 1.127 0.0 HG23 90 
   1042 22.085 0.0 CB 94 
   483 2.559 0.0 HB2 46 
   282 64.51 0.0 CA 28 
   1242 130.35 0.0 CE1 112 
   543 61.38 0.0 CA 50 
   276 0.895 0.0 HB3 28 
   215 3.225 0.0 HD3 21 
   1258 124.163 0.0 N 113 
   51 120.403 0.0 N 5 
   225 4.195 0.0 HA 22 
   267 1.485 0.0 HB2 26 
   1281 51.415 0.0 CA 115 
   1329 125.3 0.0 CD1 119 
   1185 1.564 0.0 HB3 108 
   1346 42.25 0.0 CB 120 
   330 2.824 0.0 HD3 33 
   1189 54.005 0.0 CA 108 
   564 127.871 0.0 N 52 
   451 2.209 0.0 HB2 43 
   347 4.006 0.0 HA 35 
   457 8.229 0.0 H 44 
   541 0.509 0.0 HG23 50 
   783 7.023 0.0 HD2 73 
   635 177.0 0.0 C 58 
   658 4.325 0.0 HA 61 
   943 63.215 0.0 CB 86 
   461 7.23 0.0 HD1 44 
   1280 1.303 0.0 HB3 115 
   1002 5.619 0.0 HA 92 
   605 1.95 0.0 HB3 56 
   902 3.83 0.0 HB2 82 
   458 3.905 0.0 HA 44 
   248 118.381 0.0 N 23 
   757 176.9 0.0 C 70 
   642 7.394 0.0 H 59 
   1179 31.258 0.0 CB 107 
   1364 130.74 0.0 CD2 121 
   768 64.73 0.0 CB 71 
   1138 57.735 0.0 CA 103 
   736 178.3 0.0 C 68 
   620 176.8 0.0 C 57 
   218 176.109 0.0 C 21 
   1193 8.473 0.0 H 109 
   862 176.104 0.0 C 78 
   1170 33.628 0.0 CB 106 
   1414 3.882 0.0 HA 127 
   936 3.74 0.0 HA3 85 
   198 22.18 0.0 CD2 19 
   867 126.212 0.0 N 78 
   894 3.838 0.0 HB2 81 
   556 20.937 0.0 CG2 51 
   315 1.147 0.0 HD23 31 
   850 43.64 0.0 CD 77 
   40 32.072 0.0 CB 4 
   1286 1.977 0.0 HB3 116 
   222 28.094 0.0 CG 21 
   143 2.495 0.0 HB3 15 
   832 175.7 0.0 C 76 
   423 0.717 0.0 HD23 41 
   1227 121.905 0.0 N 111 
   213 2.277 0.0 HB3 21 
   361 6.665 0.0 HD1 36 
   1400 54.435 0.0 CA 125 
   838 126.577 0.0 N 76 
   724 3.253 0.0 HB2 67 
   938 4.317 0.0 HA 86 
   1422 174.707 0.0 C 127 
   39 63.31 0.0 CA 4 
   638 25.392 0.0 CD1 58 
   1377 4.264 0.0 HA 123 
   22 4.002 0.0 HA 3 
   1427 122.174 0.0 N 127 
   856 0.751 0.0 HG11 78 
   131 117.361 0.0 N 13 
   1332 115.4 0.0 CZ2 119 
   577 8.334 0.0 H 54 
   615 121.407 0.0 N 56 
   1282 21.244 0.0 CB 115 
   919 9.104 0.0 H 84 
   505 61.81 0.0 CA 47 
   1269 175.904 0.0 C 114 
   809 123.697 0.0 N 74 
   817 57.14 0.0 CA 75 
   321 26.56 0.0 CD2 31 
