   530 2.295 0.0 HG2 49 
   998 31.557 0.0 CB 91 
   1430 2.607 0.0 HB2 128 
   824 -0.729 0.0 HB3 76 
   665 8.376 0.0 H 62 
   1329 125.3 0.0 CD1 119 
   1162 65.457 0.0 CB 105 
   5 2.222 0.0 HG3 1 
   271 19.685 0.0 CB 26 
   658 4.325 0.0 HA 61 
   1404 8.632 0.0 H 126 
   632 0.806 0.0 HD22 58 
   924 1.726 0.0 HD3 84 
   1254 54.651 0.0 CA 113 
   1063 6.815 0.0 HD2 96 
   1181 129.694 0.0 N 107 
   994 2.323 0.0 HG2 91 
   812 1.784 0.0 HB2 75 
   869 4.345 0.0 HA 79 
   1036 5.859 0.0 HA 94 
   621 55.375 0.0 CA 57 
   1411 19.149 0.0 CB 126 
   951 1.78 0.0 HG3 87 
   1306 3.037 0.0 HD2 118 
   1387 8.786 0.0 H 124 
   995 2.178 0.0 HG3 91 
   1020 0.535 0.0 HD11 93 
   65 118.937 0.0 N 7 
   558 9.009 0.0 H 52 
   1182 8.243 0.0 H 108 
   15 7.423 0.0 HD22 2 
   1125 1.9 0.0 HG3 102 
   1309 1.253 0.0 HG3 118 
   444 27.542 0.0 CB 42 
   1434 129.886 0.0 N 128 
   370 117.801 0.0 CE1 36 
   644 3.02 0.0 HB2 59 
   802 0.741 0.0 HD22 74 
   950 1.847 0.0 HG2 87 
   1270 53.831 0.0 CA 114 
   338 7.582 0.0 H 34 
   687 121.325 0.0 N 63 
   14 6.792 0.0 HD21 2 
   85 29.151 0.0 CD 9 
   767 58.754 0.0 CA 71 
   221 43.564 0.0 CD 21 
   779 4.308 0.0 HA 73 
   25 178.12 0.0 C 3 
   745 2.478 0.0 HG3 69 
   1289 1.586 0.0 HG2 116 
   988 22.42 0.0 CG2 90 
   1371 3.268 0.0 HB3 122 
   1373 60.295 0.0 CA 122 
   673 7.917 0.0 H 63 
   1386 113.946 0.0 N 123 
   417 1.555 0.0 HB3 41 
   388 55.485 0.0 CA 38 
   527 3.957 0.0 HA 49 
   828 0.582 0.0 HD21 76 
   851 27.258 0.0 CG 77 
   731 3.74 0.0 HA 68 
   1379 2.039 0.0 HB3 123 
   1222 2.355 0.0 HG3 111 
   1267 -0.462 0.0 HG2 114 
   191 0.146 0.0 HD22 19 
   1314 26.928 0.0 CG 118 
   1365 130.84 0.0 CE1 121 
   1388 4.231 0.0 HA2 124 
   583 177.408 0.0 C 54 
   267 1.485 0.0 HB2 26 
   811 4.385 0.0 HA 75 
   359 2.601 0.0 HB2 36 
   356 125.552 0.0 N 35 
   253 174.356 0.0 C 24 
   353 60.124 0.0 CA 35 
   181 28.33 0.0 CG 18 
   169 0.885 0.0 HD11 18 
   1120 1.866 0.0 HB2 102 
   459 2.887 0.0 HB2 44 
   585 29.521 0.0 CB 54 
   1008 7.082 0.0 HE2 92 
   1199 1.376 0.0 HG2 109 
   1007 7.082 0.0 HE1 92 
   1122 3.604 0.0 HD2 102 
   1332 115.4 0.0 CZ2 119 
   1248 1.708 0.0 HB3 113 
   1126 176.9 0.0 C 102 
   1238 56.51 0.0 CA 112 
   371 117.801 0.0 CE2 36 
   677 0.998 0.0 HG12 63 
   164 28.471 0.0 CG 17 
   397 6.565 0.0 HE1 39 
   1355 2.737 0.0 HB3 121 
   252 3.83 0.0 HB3 24 
   516 0.502 0.0 HG13 48 
   1066 171.75 0.0 C 96 
   609 1.788 0.0 HG3 56 
   1090 1.732 0.0 HB2 98 
   1419 0.266 0.0 HG21 127 
   1205 28.708 0.0 CG 109 
   115 124.022 0.0 N 11 
   1048 3.15 0.0 HD2 95 
   628 0.92 0.0 HD11 58 
   518 0.798 0.0 HG22 48 
   405 8.09 0.0 H 40 
   426 54.401 0.0 CA 41 
   887 4.158 0.0 HA2 80 
   302 177.4 0.0 C 30 
   1145 1.686 0.0 HB3 104 
   260 1.324 0.0 HB2 25 
   867 126.212 0.0 N 78 
   451 2.209 0.0 HB2 43 
   780 2.454 0.0 HB2 73 
   280 -0.395 0.0 HG3 28 
   399 178.1 0.0 C 39 
   981 1.127 0.0 HG21 90 
   452 2.821 0.0 HB3 43 
   879 177.507 0.0 C 79 
   702 1.467 0.0 HB3 65 
   1070 131.6 0.0 CD2 96 
   415 4.275 0.0 HA 41 
   517 0.798 0.0 HG21 48 
   848 54.625 0.0 CA 77 
   178 39.261 0.0 CB 18 
   420 0.761 0.0 HD13 41 
   368 132.01 0.0 CD1 36 
   957 119.907 0.0 N 87 
   911 1.923 0.0 HB3 83 
   1328 31.82 0.0 CB 119 
   1229 9.143 0.0 H 112 
   531 2.295 0.0 HG3 49 
   493 6.884 0.0 H 47 
   49 60.214 0.0 CA 5 
   212 2.193 0.0 HB2 21 
   42 21.175 0.0 CG2 4 
   1025 0.78 0.0 HG21 93 
   607 3.195 0.0 HD3 56 
   708 59.999 0.0 CA 65 
   1308 1.253 0.0 HG2 118 
   635 177.0 0.0 C 58 
   1095 1.576 0.0 HG3 98 
   355 43.64 0.0 CD 35 
   117 4.179 0.0 HA 12 
   592 3.145 0.0 HD2 55 
   349 1.91 0.0 HB3 35 
   582 2.144 0.0 HG3 54 
   300 1.341 0.0 HB2 30 
   778 8.75 0.0 H 73 
   1398 2.177 0.0 HG3 125 
   1148 2.037 0.0 HG2 104 
   831 1.027 0.0 HG 76 
   816 172.804 0.0 C 75 
   1067 55.736 0.0 CA 96 
   1052 176.85 0.0 C 95 
   895 3.878 0.0 HB3 81 
   1038 1.937 0.0 HB2 94 
   573 65.11 0.0 CA 53 
   984 173.64 0.0 C 90 
   1423 61.46 0.0 CA 127 
   78 2.937 0.0 HE2 9 
   1246 5.608 0.0 HA 113 
   1230 5.485 0.0 HA 112 
   991 5.776 0.0 HA 91 
   691 3.168 0.0 HB3 64 
   960 5.047 0.0 HA3 88 
   803 0.741 0.0 HD23 74 
   604 1.897 0.0 HB2 56 
   287 3.38 0.0 HA 29 
   282 64.51 0.0 CA 28 
   362 6.665 0.0 HD2 36 
   565 3.938 0.0 HA 53 
   445 29.151 0.0 CD 42 
   703 2.83 0.0 HD2 65 
   89 8.784 0.0 H 10 
   1130 27.111 0.0 CG 102 
   606 3.195 0.0 HD2 56 
   364 6.75 0.0 HE2 36 
   1168 172.62 0.0 C 106 
   1190 34.517 0.0 CB 108 
   1050 1.66 0.0 HG2 95 
   728 28.554 0.0 CB 67 
   448 116.255 0.0 N 42 
   162 32.12 0.0 CB 17 
   1062 6.815 0.0 HD1 96 
   1413 7.916 0.0 H 127 
   915 56.075 0.0 CA 83 
   714 4.151 0.0 HA 66 
   156 3.281 0.0 HD2 17 
   239 3.047 0.0 HD2 23 
   1384 32.175 0.0 CB 123 
   1234 7.09 0.0 HD2 112 
   512 3.049 0.0 HA 48 
   1407 1.334 0.0 HB2 126 
   423 0.717 0.0 HD23 41 
   283 31.061 0.0 CB 28 
   372 120.099 0.0 N 36 
   1030 42.274 0.0 CB 93 
   64 62.352 0.0 CB 7 
   140 8.183 0.0 H 15 
   343 60.984 0.0 CA 34 
   529 1.945 0.0 HB3 49 
   983 1.127 0.0 HG23 90 
   61 3.696 0.0 HB3 7 
   144 176.5 0.0 C 15 
   890 45.632 0.0 CA 80 
   630 0.92 0.0 HD13 58 
   398 6.565 0.0 HE2 39 
   993 1.996 0.0 HB3 91 
   935 4.11 0.0 HA2 85 
   71 111.582 0.0 N 8 
   332 1.176 0.0 HG3 33 
   110 39.46 0.0 CB 11 
   603 3.95 0.0 HA 56 
   501 0.479 0.0 HG21 47 
   68 4.247 0.0 HA3 8 
   800 0.739 0.0 HD13 74 
   1302 7.628 0.0 H 118 
   1194 4.95 0.0 HA 109 
   1165 4.998 0.0 HA 106 
   314 1.147 0.0 HD22 31 
   509 17.387 0.0 CG2 47 
   1186 2.103 0.0 HG2 108 
   1408 1.334 0.0 HB3 126 
   22 4.002 0.0 HA 3 
   972 72.876 0.0 CB 89 
   938 4.317 0.0 HA 86 
   959 3.563 0.0 HA2 88 
   559 3.741 0.0 HA 52 
   29 7.153 0.0 H 4 
   200 122.646 0.0 N 19 
   1001 9.171 0.0 H 92 
   380 18.245 0.0 CB 37 
   974 115.849 0.0 N 89 
   1017 9.184 0.0 H 93 
   597 54.441 0.0 CA 55 
   766 172.0 0.0 C 71 
   553 173.901 0.0 C 51 
   962 45.449 0.0 CA 88 
   590 1.625 0.0 HB2 55 
   884 28.23 0.0 CG 79 
   1324 7.531 0.0 HZ2 119 
   107 6.55 0.0 HE2 11 
   28 124.395 0.0 N 3 
   449 8.832 0.0 H 43 
   422 0.717 0.0 HD22 41 
   629 0.92 0.0 HD12 58 
   1178 51.578 0.0 CA 107 
   246 43.34 0.0 CD 23 
   657 119.653 0.0 N 59 
   379 55.295 0.0 CA 37 
   82 176.429 0.0 C 9 
   463 7.192 0.0 HE1 44 
   91 4.483 0.0 HB 10 
   1299 173.43 0.0 C 117 
   387 180.2 0.0 C 38 
   589 4.668 0.0 HA 55 
   528 1.945 0.0 HB2 49 
   854 4.11 0.0 HA 78 
   295 36.955 0.0 CG 29 
   697 119.384 0.0 N 64 
   504 178.5 0.0 C 47 
   138 29.87 0.0 CB 14 
   548 4.625 0.0 HA 51 
   1341 6.888 0.0 HD2 120 
   77 1.637 0.0 HD3 9 
   172 0.718 0.0 HD21 18 
   1368 8.557 0.0 H 122 
   1350 117.2 0.0 CE2 120 
   1422 174.707 0.0 C 127 
   746 179.081 0.0 C 69 
   675 1.923 0.0 HB 63 
   748 30.017 0.0 CB 69 
   1193 8.473 0.0 H 109 
   481 7.764 0.0 H 46 
   664 31.254 0.0 CB 61 
   69 174.204 0.0 C 8 
   392 3.693 0.0 HA 39 
   250 4.576 0.0 HA 24 
   1159 3.656 0.0 HB3 105 
   1418 0.549 0.0 HG13 127 
   284 50.19 0.0 CD 28 
   992 1.996 0.0 HB2 91 
   72 7.934 0.0 H 9 
   586 36.72 0.0 CG 54 
   232 69.026 0.0 CB 22 
   1269 175.904 0.0 C 114 
   410 179.8 0.0 C 40 
   1098 32.12 0.0 CB 98 
   683 65.63 0.0 CA 63 
   1315 121.34 0.0 N 118 
   1074 8.665 0.0 H 97 
   547 7.748 0.0 H 51 
   103 3.085 0.0 HB3 11 
   744 2.258 0.0 HG2 69 
   1425 21.54 0.0 CG1 127 
   51 120.403 0.0 N 5 
   106 6.55 0.0 HE1 11 
   773 2.475 0.0 HB3 72 
   286 8.098 0.0 H 29 
   407 1.098 0.0 HB1 40 
   311 1.035 0.0 HD12 31 
   1431 2.483 0.0 HB3 128 
   502 0.479 0.0 HG22 47 
   376 1.502 0.0 HB2 37 
   545 19.875 0.0 CG2 50 
   652 40.445 0.0 CB 59 
   440 1.559 0.0 HG2 42 
   76 1.637 0.0 HD2 9 
   1170 33.628 0.0 CB 106 
   101 4.625 0.0 HA 11 
   808 22.606 0.0 CD2 74 
   155 2.166 0.0 HB3 17 
   289 1.619 0.0 HB3 29 
   56 46.424 0.0 CA 6 
   12 2.675 0.0 HB2 2 
   897 57.259 0.0 CA 81 
   206 177.003 0.0 C 20 
   764 2.725 0.0 HB2 71 
   81 1.315 0.0 HG3 9 
   1060 2.068 0.0 HB2 96 
   1065 7.28 0.0 HE2 96 
   454 51.354 0.0 CA 43 
   1305 1.514 0.0 HB3 118 
   809 123.697 0.0 N 74 
   1412 127.644 0.0 N 126 
   1155 112.996 0.0 NE2 104 
   185 1.445 0.0 HB2 19 
   316 1.485 0.0 HG 31 
   797 1.549 0.0 HB3 74 
   421 0.717 0.0 HD21 41 
   555 68.659 0.0 CB 51 
   297 7.812 0.0 H 30 
   521 67.625 0.0 CA 48 
   472 122.987 0.0 N 44 
   1171 126.101 0.0 N 106 
   813 2.258 0.0 HB3 75 
   610 177.209 0.0 C 56 
   453 174.95 0.0 C 43 
   771 4.985 0.0 HA 72 
   198 22.18 0.0 CD2 19 
   1206 122.752 0.0 N 109 
   1255 35.782 0.0 CB 113 
   973 21.775 0.0 CG2 89 
   508 26.86 0.0 CG1 47 
   211 3.989 0.0 HA 21 
   94 1.269 0.0 HG23 10 
   1286 1.977 0.0 HB3 116 
   723 4.145 0.0 HA 67 
   1118 108.265 0.0 N 101 
   1237 175.205 0.0 C 112 
   428 25.612 0.0 CD1 41 
   430 27.053 0.0 CG 41 
   31 2.078 0.0 HB 4 
   1132 4.002 0.0 HA 103 
   1104 3.906 0.0 HA3 99 
   868 9.244 0.0 H 79 
   882 25.182 0.0 CD1 79 
   462 7.23 0.0 HD2 44 
   1097 55.288 0.0 CA 98 
   613 43.64 0.0 CD 56 
   1078 3.228 0.0 HD2 97 
   646 7.195 0.0 HD1 59 
   464 7.192 0.0 HE2 44 
   1113 109.645 0.0 N 100 
   1307 3.037 0.0 HD3 118 
   1021 0.535 0.0 HD12 93 
   1197 3.139 0.0 HD2 109 
   526 8.501 0.0 H 49 
   305 120.59 0.0 N 30 
   348 1.396 0.0 HB2 35 
   922 1.823 0.0 HB3 84 
   1303 4.552 0.0 HA 118 
   346 8.345 0.0 H 35 
   1200 1.376 0.0 HG3 109 
   1320 6.8 0.0 HD1 119 
   402 117.405 0.0 CE1 39 
   193 1.197 0.0 HG 19 
   1370 3.554 0.0 HB2 122 
   1166 3.271 0.0 HB2 106 
   826 0.564 0.0 HD12 76 
   949 3.345 0.0 HD3 87 
   125 4.805 0.0 HA 13 
   572 178.7 0.0 C 53 
   696 39.218 0.0 CB 64 
   290 1.995 0.0 HG2 29 
   1227 121.905 0.0 N 111 
   979 0.545 0.0 HG12 90 
   176 181.207 0.0 C 18 
   1392 109.592 0.0 N 124 
   1134 1.823 0.0 HB3 103 
   139 126.164 0.0 N 14 
   36 0.979 0.0 HG22 4 
   1317 4.567 0.0 HA 119 
   692 6.936 0.0 HD21 64 
   188 0.589 0.0 HD12 19 
   1041 49.829 0.0 CA 94 
   412 17.695 0.0 CB 40 
   910 1.923 0.0 HB2 83 
   1004 2.985 0.0 HB3 92 
   615 121.407 0.0 N 56 
   1084 34.642 0.0 CB 97 
   1247 1.796 0.0 HB2 113 
   883 22.906 0.0 CD2 79 
   1239 44.342 0.0 CB 112 
   1364 130.74 0.0 CD2 121 
   598 31.582 0.0 CB 55 
   404 119.108 0.0 N 39 
   1069 131.6 0.0 CD1 96 
   759 31.29 0.0 CB 70 
   171 0.885 0.0 HD13 18 
   570 1.635 0.0 HG2 53 
   1129 49.61 0.0 CD 102 
   309 1.028 0.0 HB3 31 
   551 1.179 0.0 HG22 51 
   1263 0.874 0.0 HD2 114 
   858 0.751 0.0 HG13 78 
   1033 17.492 0.0 CG2 93 
   997 53.955 0.0 CA 91 
   905 57.524 0.0 CA 82 
   1374 64.524 0.0 CB 122 
   1046 1.85 0.0 HB2 95 
   896 172.936 0.0 C 81 
   523 23.105 0.0 CG1 48 
   849 32.628 0.0 CB 77 
   878 1.524 0.0 HG 79 
   1385 35.236 0.0 CG 123 
   160 177.301 0.0 C 17 
   975 9.02 0.0 H 90 
   498 0.204 0.0 HD13 47 
   1219 6.732 0.0 HE21 111 
   112 133.6 0.0 CD2 11 
   180 24.068 0.0 CD2 18 
   838 126.577 0.0 N 76 
   432 7.516 0.0 H 42 
   114 118.8 0.0 CE2 11 
   299 1.341 0.0 HB1 30 
   499 1.064 0.0 HG12 47 
   163 50.635 0.0 CD 17 
   648 7.032 0.0 HE1 59 
   720 17.675 0.0 CB 66 
   789 130.4 0.0 CD1 73 
   447 25.37 0.0 CG 42 
   3 2.003 0.0 HB3 1 
   611 60.144 0.0 CA 56 
   1367 122.001 0.0 N 121 
   713 7.586 0.0 H 66 
   1188 173.31 0.0 C 108 
   1272 29.151 0.0 CD 114 
   614 28.048 0.0 CG 56 
   1342 6.86 0.0 HE1 120 
   866 21.285 0.0 CG2 78 
   9 36.326 0.0 CG 1 
   736 178.3 0.0 C 68 
   694 176.82 0.0 C 64 
   533 30.291 0.0 CB 49 
   1138 57.735 0.0 CA 103 
   784 6.582 0.0 HE1 73 
   857 0.751 0.0 HG12 78 
   755 2.53 0.0 HG2 70 
   148 8.026 0.0 H 16 
   130 42.509 0.0 CB 13 
   23 2.6 0.0 HB2 3 
   1116 4.288 0.0 HA3 101 
   726 178.407 0.0 C 67 
   431 115.848 0.0 N 41 
   668 2.627 0.0 HB3 62 
   541 0.509 0.0 HG23 50 
   1218 2.263 0.0 HB3 111 
   347 4.006 0.0 HA 35 
   538 4.595 0.0 HB 50 
   1101 128.385 0.0 N 98 
   1092 3.211 0.0 HD2 98 
   579 1.751 0.0 HB2 54 
   743 2.139 0.0 HB3 69 
   860 0.813 0.0 HG22 78 
   207 52.729 0.0 CA 20 
   1410 52.02 0.0 CA 126 
   1273 41.456 0.0 CE 114 
   223 110.82 0.0 N 21 
   948 3.345 0.0 HD2 87 
   1061 2.567 0.0 HB3 96 
   917 36.115 0.0 CG 83 
   168 1.8 0.0 HB3 18 
   351 2.92 0.0 HD3 35 
   1397 2.216 0.0 HG2 125 
   1177 173.205 0.0 C 107 
   1316 8.981 0.0 H 119 
   1195 1.509 0.0 HB2 109 
   1258 124.163 0.0 N 113 
   122 40.455 0.0 CB 12 
   933 24.71 0.0 CG 84 
   832 175.7 0.0 C 76 
   747 59.545 0.0 CA 69 
   39 63.31 0.0 CA 4 
   195 57.701 0.0 CA 19 
   638 25.392 0.0 CD1 58 
   406 3.956 0.0 HA 40 
   886 7.635 0.0 H 80 
   331 0.87 0.0 HG2 33 
   411 54.857 0.0 CA 40 
   899 113.782 0.0 N 81 
   698 113.408 0.0 ND2 64 
   1287 3.215 0.0 HD2 116 
   254 57.298 0.0 CA 24 
   396 6.665 0.0 HD2 39 
   1357 6.727 0.0 HD2 121 
   79 2.903 0.0 HE3 9 
   1337 4.943 0.0 HA 120 
   446 43.345 0.0 CE 42 
   279 1.333 0.0 HG2 28 
   174 0.718 0.0 HD23 18 
   625 4.331 0.0 HA 58 
   133 4.403 0.0 HA 14 
   790 130.4 0.0 CD2 73 
   1109 3.905 0.0 HA2 100 
   1301 103.666 0.0 N 117 
   102 2.98 0.0 HB2 11 
   624 7.609 0.0 H 58 
   685 22.675 0.0 CG1 63 
   369 132.01 0.0 CD2 36 
   930 33.692 0.0 CB 84 
   11 4.752 0.0 HA 2 
   13 2.932 0.0 HB3 2 
   741 3.998 0.0 HA 69 
   1415 0.75 0.0 HB 127 
   753 2.006 0.0 HB2 70 
   845 1.447 0.0 HG2 77 
   549 4.218 0.0 HB 51 
   1400 54.435 0.0 CA 125 
   738 32.56 0.0 CB 68 
   1123 3.604 0.0 HD3 102 
   679 0.909 0.0 HG21 63 
   247 26.234 0.0 CG 23 
   686 20.93 0.0 CG2 63 
   419 0.761 0.0 HD12 41 
   1240 131.451 0.0 CD1 112 
   941 172.805 0.0 C 86 
   818 33.51 0.0 CB 75 
   1128 32.451 0.0 CB 102 
   1391 45.365 0.0 CA 124 
   306 7.782 0.0 H 31 
   1093 3.211 0.0 HD3 98 
   1115 4.033 0.0 HA2 101 
   360 3.32 0.0 HB3 36 
   637 41.906 0.0 CB 58 
   269 176.4 0.0 C 26 
   1081 1.566 0.0 HG3 97 
   244 54.444 0.0 CA 23 
   456 123.108 0.0 N 43 
   756 2.383 0.0 HG3 70 
   846 1.498 0.0 HG3 77 
   93 1.269 0.0 HG22 10 
   484 2.899 0.0 HB3 46 
   1405 4.473 0.0 HA 126 
   515 0.502 0.0 HG12 48 
   1228 111.8 0.0 NE2 111 
   1253 173.52 0.0 C 113 
   874 0.654 0.0 HD13 79 
   1026 0.78 0.0 HG22 93 
   1282 21.244 0.0 CB 115 
   721 120.92 0.0 N 66 
   237 1.524 0.0 HB2 23 
   513 2.008 0.0 HB 48 
   487 6.55 0.0 HE1 46 
   980 0.545 0.0 HG13 90 
   1409 177.6 0.0 C 126 
   429 22.34 0.0 CD2 41 
   1103 3.975 0.0 HA2 99 
   799 0.739 0.0 HD12 74 
   1055 43.47 0.0 CD 95 
   205 1.402 0.0 HB3 20 
   506 34.745 0.0 CB 47 
   1394 4.687 0.0 HA 125 
