   740 8.744 0.0 H 69 
   602 7.466 0.0 H 56 
   40 32.072 0.0 CB 4 
   451 2.209 0.0 HB2 43 
   688 7.698 0.0 H 64 
   943 63.215 0.0 CB 86 
   1296 8.576 0.0 H 117 
   1390 172.204 0.0 C 124 
   719 55.495 0.0 CA 66 
   1028 175.6 0.0 C 93 
   291 1.995 0.0 HG3 29 
   41 21.175 0.0 CG1 4 
   1188 173.31 0.0 C 108 
   1259 8.608 0.0 H 114 
   1431 2.483 0.0 HB3 128 
   728 28.554 0.0 CB 67 
   509 17.387 0.0 CG2 47 
   211 3.989 0.0 HA 21 
   1426 20.19 0.0 CG2 127 
   499 1.064 0.0 HG12 47 
   161 64.78 0.0 CA 17 
   254 57.298 0.0 CA 24 
   1079 3.228 0.0 HD3 97 
   760 36.478 0.0 CG 70 
   1189 54.005 0.0 CA 108 
   1349 117.2 0.0 CE1 120 
   848 54.625 0.0 CA 77 
   1386 113.946 0.0 N 123 
   668 2.627 0.0 HB3 62 
   318 56.998 0.0 CA 31 
   1161 57.248 0.0 CA 105 
   115 124.022 0.0 N 11 
   593 3.145 0.0 HD3 55 
   510 119.187 0.0 N 47 
   148 8.026 0.0 H 16 
   542 173.401 0.0 C 50 
   1131 8.534 0.0 H 103 
   629 0.92 0.0 HD12 58 
   226 4.224 0.0 HB 22 
   683 65.63 0.0 CA 63 
   1024 1.216 0.0 HG13 93 
   315 1.147 0.0 HD23 31 
   1081 1.566 0.0 HG3 97 
   751 7.986 0.0 H 70 
   576 27.257 0.0 CG 53 
   958 8.529 0.0 H 88 
   758 56.417 0.0 CA 70 
   259 1.324 0.0 HB1 25 
   888 4.158 0.0 HA3 80 
   1186 2.103 0.0 HG2 108 
   350 2.92 0.0 HD2 35 
   345 111.582 0.0 N 34 
   1045 5.608 0.0 HA 95 
   205 1.402 0.0 HB3 20 
   1396 2.028 0.0 HB3 125 
   303 54.5 0.0 CA 30 
   73 4.514 0.0 HA 9 
   639 22.596 0.0 CD2 58 
   1389 4.955 0.0 HA3 124 
   932 42.015 0.0 CE 84 
   1119 4.446 0.0 HA 102 
   378 178.2 0.0 C 37 
   119 2.469 0.0 HB3 12 
   1248 1.708 0.0 HB3 113 
   1313 43.27 0.0 CD 118 
   1274 24.66 0.0 CG 114 
   177 57.052 0.0 CA 18 
   540 0.509 0.0 HG22 50 
   240 3.047 0.0 HD3 23 
   1307 3.037 0.0 HD3 118 
   15 7.423 0.0 HD22 2 
   1377 4.264 0.0 HA 123 
   238 1.707 0.0 HB3 23 
   1289 1.586 0.0 HG2 116 
   438 3.341 0.0 HE2 42 
   804 176.95 0.0 C 74 
   376 1.502 0.0 HB2 37 
   1150 174.031 0.0 C 104 
   455 40.453 0.0 CB 43 
   134 2.552 0.0 HB2 14 
   774 175.305 0.0 C 72 
   910 1.923 0.0 HB2 83 
   1372 172.256 0.0 C 122 
   1330 119.204 0.0 CE3 119 
   50 30.7 0.0 CB 5 
   912 2.205 0.0 HG2 83 
   99 112.657 0.0 N 10 
   1086 27.428 0.0 CG 97 
   934 127.105 0.0 N 84 
   132 7.486 0.0 H 14 
   873 0.654 0.0 HD12 79 
   450 4.875 0.0 HA 43 
   562 51.935 0.0 CA 52 
   783 7.023 0.0 HD2 73 
   582 2.144 0.0 HG3 54 
   662 177.2 0.0 C 61 
   62 175.803 0.0 C 7 
   356 125.552 0.0 N 35 
   1297 3.345 0.0 HA2 117 
   671 40.155 0.0 CB 62 
   286 8.098 0.0 H 29 
   1351 115.506 0.0 N 120 
   634 1.6 0.0 HG 58 
   1085 43.79 0.0 CD 97 
   765 3.17 0.0 HB3 71 
   200 122.646 0.0 N 19 
   640 26.923 0.0 CG 58 
   83 54.561 0.0 CA 9 
   723 4.145 0.0 HA 67 
   430 27.053 0.0 CG 41 
   713 7.586 0.0 H 66 
   298 3.898 0.0 HA 30 
   44 8.155 0.0 H 5 
   1195 1.509 0.0 HB2 109 
   288 1.619 0.0 HB2 29 
   842 1.648 0.0 HB3 77 
   1283 130.852 0.0 N 115 
   772 2.638 0.0 HB2 72 
   251 3.745 0.0 HB2 24 
   118 2.63 0.0 HB2 12 
   642 7.394 0.0 H 59 
   880 56.012 0.0 CA 79 
   1019 1.4 0.0 HB 93 
   269 176.4 0.0 C 26 
   604 1.897 0.0 HB2 56 
   98 22.425 0.0 CG2 10 
   1341 6.888 0.0 HD2 120 
   914 174.601 0.0 C 83 
   754 2.218 0.0 HB3 70 
   249 8.642 0.0 H 24 
   857 0.751 0.0 HG12 78 
   1413 7.916 0.0 H 127 
   319 39.75 0.0 CB 31 
   578 4.158 0.0 HA 54 
   817 57.14 0.0 CA 75 
   555 68.659 0.0 CB 51 
   796 1.361 0.0 HB2 74 
   126 2.443 0.0 HB2 13 
   1371 3.268 0.0 HB3 122 
   204 1.402 0.0 HB2 20 
   144 176.5 0.0 C 15 
   476 2.593 0.0 HB3 45 
   1421 0.266 0.0 HG23 127 
   833 53.317 0.0 CA 76 
   11 4.752 0.0 HA 2 
   46 3.103 0.0 HB2 5 
   979 0.545 0.0 HG12 90 
   1286 1.977 0.0 HB3 116 
   883 22.906 0.0 CD2 79 
   1116 4.288 0.0 HA3 101 
   479 39.895 0.0 CB 45 
   158 1.735 0.0 HG2 17 
   349 1.91 0.0 HB3 35 
   457 8.229 0.0 H 44 
   381 121.482 0.0 N 37 
   1363 130.74 0.0 CD1 121 
   100 8.849 0.0 H 11 
   1400 54.435 0.0 CA 125 
   210 7.678 0.0 H 21 
   1288 3.215 0.0 HD3 116 
   1146 6.978 0.0 HE21 104 
   1254 54.651 0.0 CA 113 
   1106 47.294 0.0 CA 99 
   320 23.15 0.0 CD1 31 
   314 1.147 0.0 HD22 31 
   323 119.402 0.0 N 31 
   1009 171.85 0.0 C 92 
   360 3.32 0.0 HB3 36 
   1194 4.95 0.0 HA 109 
   309 1.028 0.0 HB3 31 
   896 172.936 0.0 C 81 
   1324 7.531 0.0 HZ2 119 
   892 8.338 0.0 H 81 
   297 7.812 0.0 H 30 
   116 8.466 0.0 H 12 
   1422 174.707 0.0 C 127 
   840 4.666 0.0 HA 77 
   635 177.0 0.0 C 58 
   1117 44.635 0.0 CA 101 
   39 63.31 0.0 CA 4 
   767 58.754 0.0 CA 71 
   530 2.295 0.0 HG2 49 
   156 3.281 0.0 HD2 17 
   684 32.281 0.0 CB 63 
   1159 3.656 0.0 HB3 105 
   980 0.545 0.0 HG13 90 
   1065 7.28 0.0 HE2 96 
   798 0.739 0.0 HD11 74 
   151 48.106 0.0 CA 16 
   239 3.047 0.0 HD2 23 
   959 3.563 0.0 HA2 88 
   1278 1.303 0.0 HB1 115 
   529 1.945 0.0 HB3 49 
   1221 2.437 0.0 HG2 111 
   946 2.018 0.0 HB2 87 
   102 2.98 0.0 HB2 11 
   762 7.151 0.0 H 71 
   14 6.792 0.0 HD21 2 
   1026 0.78 0.0 HG22 93 
   699 8.562 0.0 H 65 
   856 0.751 0.0 HG11 78 
   1403 119.909 0.0 N 125 
   1164 9.575 0.0 H 106 
   1383 55.575 0.0 CA 123 
   1210 4.024 0.0 HB3 110 
   1109 3.905 0.0 HA2 100 
   468 131.0 0.0 CD1 44 
   590 1.625 0.0 HB2 55 
   483 2.559 0.0 HB2 46 
   1166 3.271 0.0 HB2 106 
   187 0.589 0.0 HD11 19 
   117 4.179 0.0 HA 12 
   1201 176.252 0.0 C 109 
   828 0.582 0.0 HD21 76 
   244 54.444 0.0 CA 23 
   890 45.632 0.0 CA 80 
   263 19.649 0.0 CB 25 
   944 8.091 0.0 H 87 
   806 44.31 0.0 CB 74 
   976 4.777 0.0 HA 90 
   1249 3.346 0.0 HD2 113 
   1228 111.8 0.0 NE2 111 
   1123 3.604 0.0 HD3 102 
   1114 7.925 0.0 H 101 
   538 4.595 0.0 HB 50 
   437 1.611 0.0 HD3 42 
   502 0.479 0.0 HG22 47 
   42 21.175 0.0 CG2 4 
   1068 41.738 0.0 CB 96 
   564 127.871 0.0 N 52 
   461 7.23 0.0 HD1 44 
   964 8.86 0.0 H 89 
   167 1.8 0.0 HB2 18 
   1059 5.374 0.0 HA 96 
   918 121.107 0.0 N 83 
   1211 172.435 0.0 C 110 
   1384 32.175 0.0 CB 123 
   399 178.1 0.0 C 39 
   1412 127.644 0.0 N 126 
   69 174.204 0.0 C 8 
   1338 2.695 0.0 HB2 120 
   1008 7.082 0.0 HE2 92 
   1233 7.09 0.0 HD1 112 
   645 2.925 0.0 HB3 59 
   537 4.576 0.0 HA 50 
   931 29.25 0.0 CD 84 
   907 115.128 0.0 N 82 
   516 0.502 0.0 HG13 48 
   895 3.878 0.0 HB3 81 
   1012 132.1 0.0 CD1 92 
   1354 2.879 0.0 HB2 121 
   1041 49.829 0.0 CA 94 
   163 50.635 0.0 CD 17 
   433 4.352 0.0 HA 42 
   1298 4.046 0.0 HA3 117 
   764 2.725 0.0 HB2 71 
   103 3.085 0.0 HB3 11 
   1154 123.299 0.0 N 104 
   335 29.362 0.0 CB 33 
   891 106.586 0.0 N 80 
   673 7.917 0.0 H 63 
   718 179.2 0.0 C 66 
   658 4.325 0.0 HA 61 
   919 9.104 0.0 H 84 
   1244 119.879 0.0 N 112 
   1215 9.274 0.0 H 111 
   218 176.109 0.0 C 21 
   1055 43.47 0.0 CD 95 
   952 175.019 0.0 C 87 
   1197 3.139 0.0 HD2 109 
   560 2.623 0.0 HB2 52 
   1025 0.78 0.0 HG21 93 
   967 1.236 0.0 HG21 89 
   1226 32.464 0.0 CG 111 
   1238 56.51 0.0 CA 112 
   1366 130.84 0.0 CE2 121 
   1091 1.925 0.0 HB3 98 
   631 0.806 0.0 HD21 58 
   367 38.05 0.0 CB 36 
   1030 42.274 0.0 CB 93 
   214 3.225 0.0 HD2 21 
   331 0.87 0.0 HG2 33 
   1275 129.57 0.0 N 114 
   837 27.682 0.0 CG 76 
   523 23.105 0.0 CG1 48 
   473 8.306 0.0 H 45 
   824 -0.729 0.0 HB3 76 
   31 2.078 0.0 HB 4 
   1180 115.4 0.0 CD2 107 
   579 1.751 0.0 HB2 54 
   1370 3.554 0.0 HB2 122 
   715 1.416 0.0 HB1 66 
   38 175.39 0.0 C 4 
   16 175.445 0.0 C 2 
   208 18.852 0.0 CB 20 
   397 6.565 0.0 HE1 39 
   1064 7.28 0.0 HE1 96 
   832 175.7 0.0 C 76 
   978 0.545 0.0 HG11 90 
   223 110.82 0.0 N 21 
   1183 4.864 0.0 HA 108 
   711 27.67 0.0 CG 65 
   565 3.938 0.0 HA 53 
   1174 2.829 0.0 HB2 107 
   440 1.559 0.0 HG2 42 
   1102 9.005 0.0 H 99 
   5 2.222 0.0 HG3 1 
   186 1.528 0.0 HB3 19 
   1133 1.744 0.0 HB2 103 
   641 118.45 0.0 N 58 
   686 20.93 0.0 CG2 63 
   513 2.008 0.0 HB 48 
   49 60.214 0.0 CA 5 
   607 3.195 0.0 HD3 56 
   945 5.606 0.0 HA 87 
   311 1.035 0.0 HD12 31 
   1099 44.307 0.0 CD 98 
   1243 130.35 0.0 CE2 112 
   336 43.145 0.0 CD 33 
   1252 1.343 0.0 HG3 113 
   646 7.195 0.0 HD1 59 
   998 31.557 0.0 CB 91 
   665 8.376 0.0 H 62 
   601 116.352 0.0 N 55 
   506 34.745 0.0 CB 47 
   222 28.094 0.0 CG 21 
   253 174.356 0.0 C 24 
   12 2.675 0.0 HB2 2 
   566 1.839 0.0 HB2 53 
   531 2.295 0.0 HG3 49 
   1367 122.001 0.0 N 121 
   191 0.146 0.0 HD22 19 
   773 2.475 0.0 HB3 72 
   552 1.179 0.0 HG23 51 
   452 2.821 0.0 HB3 43 
   661 7.15 0.0 HD2 61 
   162 32.12 0.0 CB 17 
   1365 130.84 0.0 CE1 121 
   1303 4.552 0.0 HA 118 
   1374 64.524 0.0 CB 122 
   694 176.82 0.0 C 64 
   1268 0.415 0.0 HG3 114 
   27 28.658 0.0 CB 3 
   750 117.242 0.0 N 69 
   573 65.11 0.0 CA 53 
   1126 176.9 0.0 C 102 
   56 46.424 0.0 CA 6 
   610 177.209 0.0 C 56 
   1311 53.951 0.0 CA 118 
   1284 3.841 0.0 HA 116 
   841 1.734 0.0 HB2 77 
   403 117.405 0.0 CE2 39 
   391 7.838 0.0 H 39 
   514 0.502 0.0 HG11 48 
   458 3.905 0.0 HA 44 
   612 30.658 0.0 CB 56 
   588 8.069 0.0 H 55 
   486 6.77 0.0 HD2 46 
   933 24.71 0.0 CG 84 
   689 4.798 0.0 HA 64 
   1125 1.9 0.0 HG3 102 
   91 4.483 0.0 HB 10 
   1158 3.656 0.0 HB2 105 
   43 128.077 0.0 N 4 
   819 36.619 0.0 CG 75 
   1408 1.334 0.0 HB3 126 
   94 1.269 0.0 HG23 10 
   795 4.432 0.0 HA 74 
   636 54.812 0.0 CA 58 
   228 1.138 0.0 HG22 22 
   454 51.354 0.0 CA 43 
   447 25.37 0.0 CG 42 
   1329 125.3 0.0 CD1 119 
   1292 56.584 0.0 CA 116 
   84 35.172 0.0 CB 9 
   508 26.86 0.0 CG1 47 
   340 3.692 0.0 HB2 34 
   1310 173.805 0.0 C 118 
   984 173.64 0.0 C 90 
   1326 175.5 0.0 C 119 
   141 4.006 0.0 HA 15 
   900 8.975 0.0 H 82 
   1155 112.996 0.0 NE2 104 
   390 119.703 0.0 N 38 
   1060 2.068 0.0 HB2 96 
   1427 122.174 0.0 N 127 
   1092 3.211 0.0 HD2 98 
   380 18.245 0.0 CB 37 
   386 1.672 0.0 HB3 38 
   224 8.268 0.0 H 22 
   13 2.932 0.0 HB3 2 
   139 126.164 0.0 N 14 
   875 0.689 0.0 HD21 79 
   517 0.798 0.0 HG21 48 
   252 3.83 0.0 HB3 24 
   956 27.468 0.0 CG 87 
   26 63.959 0.0 CA 3 
   19 118.889 0.0 N 2 
   317 179.245 0.0 C 31 
   574 32.371 0.0 CB 53 
   1047 1.75 0.0 HB3 95 
   927 1.366 0.0 HG2 84 
   82 176.429 0.0 C 9 
   195 57.701 0.0 CA 19 
   1002 5.619 0.0 HA 92 
   1269 175.904 0.0 C 114 
   815 1.996 0.0 HG3 75 
   128 175.205 0.0 C 13 
   1130 27.111 0.0 CG 102 
   3 2.003 0.0 HB3 1 
   1301 103.666 0.0 N 117 
   1173 5.583 0.0 HA 107 
   1312 33.592 0.0 CB 118 
   405 8.09 0.0 H 40 
   1082 174.825 0.0 C 97 
   382 8.298 0.0 H 38 
   1425 21.54 0.0 CG1 127 
   1128 32.451 0.0 CB 102 
   25 178.12 0.0 C 3 
   534 36.304 0.0 CG 49 
   545 19.875 0.0 CG2 50 
   974 115.849 0.0 N 89 
   1306 3.037 0.0 HD2 118 
   78 2.937 0.0 HE2 9 
   402 117.405 0.0 CE1 39 
   575 50.1 0.0 CD 53 
   71 111.582 0.0 N 8 
   287 3.38 0.0 HA 29 
   79 2.903 0.0 HE3 9 
   462 7.23 0.0 HD2 44 
   620 176.8 0.0 C 57 
   241 1.415 0.0 HG2 23 
   1036 5.859 0.0 HA 94 
   1187 2.103 0.0 HG3 108 
   868 9.244 0.0 H 79 
   993 1.996 0.0 HB3 91 
   1322 7.275 0.0 HE3 119 
   1293 27.96 0.0 CB 116 
   861 0.813 0.0 HG23 78 
   1035 9.654 0.0 H 94 
   95 175.801 0.0 C 10 
   274 2.61 0.0 HA 28 
   997 53.955 0.0 CA 91 
   1332 115.4 0.0 CZ2 119 
   1419 0.266 0.0 HG21 127 
   275 1.096 0.0 HB2 28 
   1193 8.473 0.0 H 109 
   1213 66.524 0.0 CB 110 
   474 4.235 0.0 HA 45 
   779 4.308 0.0 HA 73 
   872 0.654 0.0 HD11 79 
   175 1.697 0.0 HG 18 
   695 56.908 0.0 CA 64 
   415 4.275 0.0 HA 41 
   234 110.883 0.0 N 22 
   284 50.19 0.0 CD 28 
   7 57.135 0.0 CA 1 
   322 27.664 0.0 CG 31 
   432 7.516 0.0 H 42 
   862 176.104 0.0 C 78 
   1392 109.592 0.0 N 124 
   33 0.979 0.0 HG12 4 
   282 64.51 0.0 CA 28 
   769 115.477 0.0 N 71 
   1387 8.786 0.0 H 124 
   1177 173.205 0.0 C 107 
   721 120.92 0.0 N 66 
   1157 5.357 0.0 HA 105 
   655 129.0 0.0 CE1 59 
   852 127.184 0.0 N 77 
   1245 9.522 0.0 H 113 
   821 8.538 0.0 H 76 
   864 32.119 0.0 CB 78 
   1336 9.145 0.0 H 120 
   1391 45.365 0.0 CA 124 
   67 3.52 0.0 HA2 8 
   630 0.92 0.0 HD13 58 
   1287 3.215 0.0 HD2 116 
   109 61.54 0.0 CA 11 
   233 22.556 0.0 CG2 22 
   836 23.57 0.0 CD2 76 
   446 43.345 0.0 CE 42 
   1070 131.6 0.0 CD2 96 
   1305 1.514 0.0 HB3 118 
   558 9.009 0.0 H 52 
   1140 37.102 0.0 CG 103 
   292 177.415 0.0 C 29 
   370 117.801 0.0 CE1 36 
   489 178.007 0.0 C 46 
   1356 6.727 0.0 HD1 121 
   994 2.323 0.0 HG2 91 
   28 124.395 0.0 N 3 
   628 0.92 0.0 HD11 58 
   114 118.8 0.0 CE2 11 
   366 62.75 0.0 CA 36 
   262 52.785 0.0 CA 25 
   261 1.324 0.0 HB3 25 
   1089 4.874 0.0 HA 98 
   989 121.506 0.0 N 90 
   325 122.625 0.0 N 32 
   707 177.82 0.0 C 65 
   1011 43.37 0.0 CB 92 
   591 2.333 0.0 HB3 55 
   1347 133.1 0.0 CD1 120 
   968 1.236 0.0 HG22 89 
   1358 7.175 0.0 HE1 121 
   1241 131.451 0.0 CD2 112 
   18 38.025 0.0 CB 2 
   104 7.598 0.0 HD1 11 
   1179 31.258 0.0 CB 107 
   6 176.41 0.0 C 1 
   617 4.653 0.0 HA 57 
   717 1.416 0.0 HB3 66 
   324 8.704 0.0 H 32 
   1015 131.4 0.0 CE2 92 
   527 3.957 0.0 HA 49 
   1076 1.689 0.0 HB2 97 
   656 129.0 0.0 CE2 59 
   215 3.225 0.0 HD3 21 
   1334 121.469 0.0 N 119 
   305 120.59 0.0 N 30 
   1206 122.752 0.0 N 109 
   424 1.664 0.0 HG 41 
   966 3.95 0.0 HB 89 
   1072 130.76 0.0 CE2 96 
   1325 6.69 0.0 HZ3 119 
   986 36.819 0.0 CB 90 
   913 2.205 0.0 HG3 83 
   698 113.408 0.0 ND2 64 
   1346 42.25 0.0 CB 120 
   960 5.047 0.0 HA3 88 
   1138 57.735 0.0 CA 103 
   1340 6.888 0.0 HD1 120 
   198 22.18 0.0 CD2 19 
   1108 8.975 0.0 H 100 
   519 0.798 0.0 HG23 48 
   584 57.145 0.0 CA 54 
   1022 0.535 0.0 HD13 93 
   1364 130.74 0.0 CD2 121 
   621 55.375 0.0 CA 57 
   881 42.361 0.0 CB 79 
   268 1.485 0.0 HB3 26 
   518 0.798 0.0 HG22 48 
   1050 1.66 0.0 HG2 95 
   971 61.14 0.0 CA 89 
   869 4.345 0.0 HA 79 
   1331 124.3 0.0 CH2 119 
   782 7.023 0.0 HD1 73 
   411 54.857 0.0 CA 40 
   372 120.099 0.0 N 36 
   632 0.806 0.0 HD22 58 
   60 3.922 0.0 HB2 7 
   504 178.5 0.0 C 47 
   1234 7.09 0.0 HD2 112 
   727 60.29 0.0 CA 67 
   1034 118.019 0.0 N 93 
   1209 4.164 0.0 HB2 110 
   182 116.726 0.0 N 18 
   152 110.257 0.0 N 16 
   1013 132.1 0.0 CD2 92 
   599 42.47 0.0 CD 55 
   111 133.6 0.0 CD1 11 
   112 133.6 0.0 CD2 11 
   155 2.166 0.0 HB3 17 
   846 1.498 0.0 HG3 77 
   693 7.734 0.0 HD22 64 
   445 29.151 0.0 CD 42 
   166 4.458 0.0 HA 18 
   839 9.187 0.0 H 77 
   1145 1.686 0.0 HB3 104 
   722 7.759 0.0 H 67 
   1281 51.415 0.0 CA 115 
   843 3.09 0.0 HD2 77 
   648 7.032 0.0 HE1 59 
   267 1.485 0.0 HB2 26 
   107 6.55 0.0 HE2 11 
   512 3.049 0.0 HA 48 
   1434 129.886 0.0 N 128 
   51 120.403 0.0 N 5 
   1169 55.849 0.0 CA 106 
   897 57.259 0.0 CA 81 
   1420 0.266 0.0 HG22 127 
   495 1.73 0.0 HB 47 
   1049 3.25 0.0 HD3 95 
   850 43.64 0.0 CD 77 
   1251 1.61 0.0 HG2 113 
   1319 2.643 0.0 HB3 119 
   786 175.7 0.0 C 73 
   790 130.4 0.0 CD2 73 
   608 1.705 0.0 HG2 56 
   129 53.219 0.0 CA 13 
   1073 120.365 0.0 N 96 
   478 57.459 0.0 CA 45 
   1132 4.002 0.0 HA 103 
   395 6.665 0.0 HD1 39 
   232 69.026 0.0 CB 22 
   121 56.0 0.0 CA 12 
   373 8.907 0.0 H 37 
   1424 32.581 0.0 CB 127 
   1227 121.905 0.0 N 111 
   741 3.998 0.0 HA 69 
   710 43.29 0.0 CD 65 
   586 36.72 0.0 CG 54 
   1033 17.492 0.0 CG2 93 
   242 1.415 0.0 HG3 23 
   613 43.64 0.0 CD 56 
   179 25.729 0.0 CD1 18 
   394 2.1 0.0 HB3 39 
   342 175.96 0.0 C 34 
   193 1.197 0.0 HG 19 
   276 0.895 0.0 HB3 28 
   389 18.195 0.0 CB 38 
   400 62.201 0.0 CA 39 
   922 1.823 0.0 HB3 84 
   173 0.718 0.0 HD22 18 
   1144 0.798 0.0 HB2 104 
   1061 2.567 0.0 HB3 96 
   503 0.479 0.0 HG23 47 
   733 2.234 0.0 HB3 68 
   412 17.695 0.0 CB 40 
   879 177.507 0.0 C 79 
   131 117.361 0.0 N 13 
   1430 2.607 0.0 HB2 128 
   690 2.951 0.0 HB2 64 
   135 2.938 0.0 HB3 14 
   747 59.545 0.0 CA 69 
   887 4.158 0.0 HA2 80 
   1165 4.998 0.0 HA 106 
   606 3.195 0.0 HD2 56 
   1095 1.576 0.0 HG3 98 
   1212 59.029 0.0 CA 110 
   180 24.068 0.0 CD2 18 
   1136 2.0 0.0 HG3 103 
   443 56.288 0.0 CA 42 
   364 6.75 0.0 HE2 36 
   714 4.151 0.0 HA 66 
   925 3.003 0.0 HE2 84 
   74 1.533 0.0 HB2 9 
   787 60.0 0.0 CA 73 
   781 3.11 0.0 HB3 73 
   36 0.979 0.0 HG22 4 
   679 0.909 0.0 HG21 63 
   1200 1.376 0.0 HG3 109 
   681 0.909 0.0 HG23 63 
   392 3.693 0.0 HA 39 
   1401 33.107 0.0 CB 125 
   702 1.467 0.0 HB3 65 
   1416 0.549 0.0 HG11 127 
   802 0.741 0.0 HD22 74 
   748 30.017 0.0 CB 69 
   1198 3.139 0.0 HD3 109 
   68 4.247 0.0 HA3 8 
   1339 2.875 0.0 HB3 120 
   207 52.729 0.0 CA 20 
   1409 177.6 0.0 C 126 
   235 7.348 0.0 H 23 
   705 1.16 0.0 HG2 65 
   801 0.741 0.0 HD21 74 
   596 173.52 0.0 C 55 
   197 25.042 0.0 CD1 19 
   361 6.665 0.0 HD1 36 
   1170 33.628 0.0 CB 106 
   270 52.95 0.0 CA 26 
   691 3.168 0.0 HB3 64 
   549 4.218 0.0 HB 51 
   666 4.346 0.0 HA 62 
   1315 121.34 0.0 N 118 
   1429 4.298 0.0 HA 128 
   1291 177.209 0.0 C 116 
   189 0.589 0.0 HD13 19 
   977 2.119 0.0 HB 90 
   416 1.555 0.0 HB2 41 
   505 61.81 0.0 CA 47 
   409 1.098 0.0 HB3 40 
   663 59.65 0.0 CA 61 
   1219 6.732 0.0 HE21 111 
   124 7.445 0.0 H 13 
   734 1.901 0.0 HG2 68 
   236 4.518 0.0 HA 23 
   587 114.777 0.0 N 54 
   294 28.57 0.0 CB 29 
   1067 55.736 0.0 CA 96 
   820 119.876 0.0 N 75 
   97 69.47 0.0 CB 10 
   165 6.545 0.0 H 18 
   92 1.269 0.0 HG21 10 
   1273 41.456 0.0 CE 114 
   909 4.892 0.0 HA 83 
   216 1.747 0.0 HG2 21 
   481 7.764 0.0 H 46 
   732 2.781 0.0 HB2 68 
   37 0.979 0.0 HG23 4 
   996 175.381 0.0 C 91 
   1235 7.192 0.0 HE1 112 
   507 10.335 0.0 CD1 47 
   1348 133.1 0.0 CD2 120 
   1260 4.664 0.0 HA 114 
   904 172.65 0.0 C 82 
   246 43.34 0.0 CD 23 
   120 175.224 0.0 C 12 
   488 6.55 0.0 HE2 46 
   794 9.086 0.0 H 74 
   991 5.776 0.0 HA 91 
   859 0.813 0.0 HG21 78 
   1199 1.376 0.0 HG2 109 
   1423 61.46 0.0 CA 127 
   1087 117.405 0.0 N 97 
   1171 126.101 0.0 N 106 
   157 3.281 0.0 HD3 17 
   923 1.726 0.0 HD2 84 
   860 0.813 0.0 HG22 78 
   830 0.582 0.0 HD23 76 
   1135 2.126 0.0 HG2 103 
   624 7.609 0.0 H 58 
   368 132.01 0.0 CD1 36 
   65 118.937 0.0 N 7 
   363 6.75 0.0 HE1 36 
   53 3.93 0.0 HA2 6 
   1381 1.878 0.0 HG3 123 
   150 2.895 0.0 HA3 16 
   407 1.098 0.0 HB1 40 
   88 120.607 0.0 N 9 
   110 39.46 0.0 CB 11 
   442 175.119 0.0 C 42 
   696 39.218 0.0 CB 64 
   799 0.739 0.0 HD12 74 
   583 177.408 0.0 C 54 
   1399 174.408 0.0 C 125 
   105 7.598 0.0 HD2 11 
   484 2.899 0.0 HB3 46 
   343 60.984 0.0 CA 34 
   768 64.73 0.0 CB 71 
   1402 35.961 0.0 CG 125 
   615 121.407 0.0 N 56 
   1216 5.243 0.0 HA 111 
   1103 3.975 0.0 HA2 99 
   194 179.45 0.0 C 19 
   1066 171.75 0.0 C 96 
   339 4.736 0.0 HA 34 
   619 2.609 0.0 HB3 57 
   384 1.672 0.0 HB1 38 
   313 1.147 0.0 HD21 31 
   295 36.955 0.0 CG 29 
   136 175.105 0.0 C 14 
   496 0.204 0.0 HD11 47 
   1096 177.352 0.0 C 98 
   882 25.182 0.0 CD1 79 
   1247 1.796 0.0 HB2 113 
   929 55.741 0.0 CA 84 
   9 36.326 0.0 CG 1 
   572 178.7 0.0 C 53 
   1318 2.77 0.0 HB2 119 
   1196 1.743 0.0 HB3 109 
   1282 21.244 0.0 CB 115 
   543 61.38 0.0 CA 50 
   321 26.56 0.0 CD2 31 
   687 121.325 0.0 N 63 
   365 176.705 0.0 C 36 
   188 0.589 0.0 HD12 19 
   1266 2.265 0.0 HE3 114 
   1433 42.247 0.0 CB 128 
   533 30.291 0.0 CB 49 
   169 0.885 0.0 HD11 18 
   1368 8.557 0.0 H 122 
   464 7.192 0.0 HE2 44 
   677 0.998 0.0 HG12 63 
   834 41.951 0.0 CB 76 
   703 2.83 0.0 HD2 65 
   866 21.285 0.0 CG2 78 
   441 1.111 0.0 HG3 42 
   1224 53.985 0.0 CA 111 
   371 117.801 0.0 CE2 36 
   1088 9.754 0.0 H 98 
   257 8.255 0.0 H 25 
   1029 60.483 0.0 CA 93 
   1328 31.82 0.0 CB 119 
   559 3.741 0.0 HA 52 
   23 2.6 0.0 HB2 3 
   338 7.582 0.0 H 34 
   1051 1.57 0.0 HG3 95 
   456 123.108 0.0 N 43 
   385 1.672 0.0 HB2 38 
   915 56.075 0.0 CA 83 
   1093 3.211 0.0 HD3 98 
   414 8.557 0.0 H 41 
   546 103.746 0.0 N 50 
   1411 19.149 0.0 CB 126 
   1295 27.648 0.0 CG 116 
   965 5.861 0.0 HA 89 
   494 3.075 0.0 HA 47 
   1299 173.43 0.0 C 117 
   327 0.908 0.0 HB2 33 
   814 1.996 0.0 HG2 75 
   835 25.728 0.0 CD1 76 
   755 2.53 0.0 HG2 70 
   492 119.529 0.0 N 46 
   1290 1.586 0.0 HG3 116 
   348 1.396 0.0 HB2 35 
   285 26.46 0.0 CG 28 
   855 1.94 0.0 HB 78 
   1 4.155 0.0 HA 1 
   1253 173.52 0.0 C 113 
   143 2.495 0.0 HB3 15 
   87 25.43 0.0 CG 9 
   743 2.139 0.0 HB3 69 
   467 39.01 0.0 CB 44 
   418 0.761 0.0 HD11 41 
   1302 7.628 0.0 H 118 
   622 39.937 0.0 CB 57 
   307 3.978 0.0 HA 31 
   1231 2.355 0.0 HB2 112 
   520 179.004 0.0 C 48 
   1202 55.671 0.0 CA 109 
   1101 128.385 0.0 N 98 
   1304 1.421 0.0 HB2 118 
   903 3.83 0.0 HB3 82 
   470 130.2 0.0 CE1 44 
   845 1.447 0.0 HG2 77 
   1172 8.819 0.0 H 107 
   490 62.32 0.0 CA 46 
   1220 7.652 0.0 HE22 111 
   818 33.51 0.0 CB 75 
   985 62.035 0.0 CA 90 
   498 0.204 0.0 HD13 47 
   1001 9.171 0.0 H 92 
   678 0.998 0.0 HG13 63 
   30 4.168 0.0 HA 4 
   379 55.295 0.0 CA 37 
   791 130.3 0.0 CE1 73 
   299 1.341 0.0 HB1 30 
   581 2.144 0.0 HG2 54 
   127 2.715 0.0 HB3 13 
   570 1.635 0.0 HG2 53 
   1185 1.564 0.0 HB3 108 
   168 1.8 0.0 HB3 18 
   1042 22.085 0.0 CB 94 
   1162 65.457 0.0 CB 105 
   273 109.233 0.0 N 27 
   739 117.484 0.0 N 68 
   358 3.84 0.0 HA 36 
   1149 1.867 0.0 HG3 104 
   777 122.633 0.0 N 72 
   398 6.565 0.0 HE2 39 
   1163 113.911 0.0 N 105 
   865 21.781 0.0 CG1 78 
   475 2.716 0.0 HB2 45 
   1205 28.708 0.0 CG 109 
   598 31.582 0.0 CB 55 
   954 33.678 0.0 CB 87 
   775 52.5 0.0 CA 72 
   899 113.782 0.0 N 81 
   221 43.564 0.0 CD 21 
   937 47.314 0.0 CA 85 
   1054 33.572 0.0 CB 95 
   460 3.082 0.0 HB3 44 
   75 1.914 0.0 HB3 9 
   330 2.824 0.0 HD3 33 
   1038 1.937 0.0 HB2 94 
   1113 109.645 0.0 N 100 
   571 1.635 0.0 HG3 53 
   383 3.731 0.0 HA 38 
   961 172.34 0.0 C 88 
   877 0.689 0.0 HD23 79 
   889 171.34 0.0 C 80 
   1267 -0.462 0.0 HG2 114 
   1005 7.035 0.0 HD1 92 
   355 43.64 0.0 CD 35 
   822 4.769 0.0 HA 76 
   752 4.368 0.0 HA 70 
   594 1.378 0.0 HG2 55 
   312 1.035 0.0 HD13 31 
   1151 54.05 0.0 CA 104 
   434 2.401 0.0 HB2 42 
   160 177.301 0.0 C 17 
   738 32.56 0.0 CB 68 
   654 131.3 0.0 CD2 59 
   388 55.485 0.0 CA 38 
   831 1.027 0.0 HG 76 
   431 115.848 0.0 N 41 
   827 0.564 0.0 HD13 76 
   810 7.719 0.0 H 75 
   1343 6.86 0.0 HE2 120 
   220 27.115 0.0 CB 21 
   1398 2.177 0.0 HG3 125 
   453 174.95 0.0 C 43 
   1071 130.76 0.0 CE1 96 
   58 8.552 0.0 H 7 
   1373 60.295 0.0 CA 122 
   548 4.625 0.0 HA 51 
   1182 8.243 0.0 H 108 
   1208 5.308 0.0 HA 110 
   1225 30.155 0.0 CB 111 
   685 22.675 0.0 CG1 63 
   535 118.382 0.0 N 49 
   359 2.601 0.0 HB2 36 
   258 4.116 0.0 HA 25 
   1229 9.143 0.0 H 112 
   164 28.471 0.0 CG 17 
   255 64.524 0.0 CB 24 
   66 9.283 0.0 H 8 
   788 38.32 0.0 CB 73 
   557 121.694 0.0 N 51 
   459 2.887 0.0 HB2 44 
   808 22.606 0.0 CD2 74 
   1120 1.866 0.0 HB2 102 
   1271 32.422 0.0 CB 114 
   145 64.155 0.0 CA 15 
   1121 2.271 0.0 HB3 102 
   829 0.582 0.0 HD22 76 
   306 7.782 0.0 H 31 
   595 1.669 0.0 HG3 55 
   664 31.254 0.0 CB 61 
   1094 1.576 0.0 HG2 98 
   1207 9.762 0.0 H 110 
   551 1.179 0.0 HG22 51 
   926 3.003 0.0 HE3 84 
   838 126.577 0.0 N 76 
   811 4.385 0.0 HA 75 
   212 2.193 0.0 HB2 21 
   797 1.549 0.0 HB3 74 
   201 8.213 0.0 H 20 
   436 1.74 0.0 HD2 42 
   1153 34.296 0.0 CG 104 
   957 119.907 0.0 N 87 
   871 1.609 0.0 HB3 79 
   623 116.726 0.0 N 57 
   1152 33.32 0.0 CB 104 
   138 29.87 0.0 CB 14 
   823 1.401 0.0 HB2 76 
   813 2.258 0.0 HB3 75 
   1314 26.928 0.0 CG 118 
   101 4.625 0.0 HA 11 
   266 1.485 0.0 HB1 26 
   346 8.345 0.0 H 35 
   1214 125.774 0.0 N 110 
   256 116.451 0.0 N 24 
   1405 4.473 0.0 HA 126 
   928 1.428 0.0 HG3 84 
   916 33.087 0.0 CB 83 
   425 176.25 0.0 C 41 
   1084 34.642 0.0 CB 97 
   528 1.945 0.0 HB2 49 
   990 9.047 0.0 H 91 
   1204 43.24 0.0 CD 109 
   653 131.3 0.0 CD1 59 
   920 4.584 0.0 HA 84 
   354 30.325 0.0 CB 35 
   369 132.01 0.0 CD2 36 
   296 116.67 0.0 N 29 
   1112 45.456 0.0 CA 100 
   569 2.514 0.0 HD3 53 
   1280 1.303 0.0 HB3 115 
   1203 31.948 0.0 CB 109 
   449 8.832 0.0 H 43 
   955 43.15 0.0 CD 87 
   800 0.739 0.0 HD13 74 
   709 29.462 0.0 CB 65 
   1308 1.253 0.0 HG2 118 
   70 45.052 0.0 CA 8 
   603 3.95 0.0 HA 56 
   1272 29.151 0.0 CD 114 
   644 3.02 0.0 HB2 59 
   90 4.478 0.0 HA 10 
   357 8.099 0.0 H 36 
   347 4.006 0.0 HA 35 
   1218 2.263 0.0 HB3 111 
   605 1.95 0.0 HB3 56 
   219 56.614 0.0 CA 21 
   526 8.501 0.0 H 49 
   396 6.665 0.0 HD2 39 
   776 42.88 0.0 CB 72 
   616 8.78 0.0 H 57 
   553 173.901 0.0 C 51 
   32 0.979 0.0 HG11 4 
   72 7.934 0.0 H 9 
   427 40.89 0.0 CB 41 
   1090 1.732 0.0 HB2 98 
   936 3.74 0.0 HA3 85 
   749 36.968 0.0 CG 69 
   281 176.9 0.0 C 28 
   816 172.804 0.0 C 75 
   547 7.748 0.0 H 51 
   1333 121.55 0.0 CZ3 119 
   1148 2.037 0.0 HG2 104 
   1380 1.878 0.0 HG2 123 
   326 3.481 0.0 HA 33 
   1285 1.856 0.0 HB2 116 
   568 2.804 0.0 HD2 53 
   766 172.0 0.0 C 71 
   1404 8.632 0.0 H 126 
   625 4.331 0.0 HA 58 
   426 54.401 0.0 CA 41 
   1321 10.114 0.0 HE1 119 
   1000 129.755 0.0 N 91 
   657 119.653 0.0 N 59 
   497 0.204 0.0 HD12 47 
   878 1.524 0.0 HG 79 
   202 4.243 0.0 HA 20 
   122 40.455 0.0 CB 12 
   592 3.145 0.0 HD2 55 
   1316 8.981 0.0 H 119 
   1010 56.13 0.0 CA 92 
   659 3.312 0.0 HB2 61 
   444 27.542 0.0 CB 42 
   917 36.115 0.0 CG 83 
   406 3.956 0.0 HA 40 
   1168 172.62 0.0 C 106 
   885 130.507 0.0 N 79 
   770 8.706 0.0 H 72 
   333 177.29 0.0 C 33 
   988 22.42 0.0 CG2 90 
   1277 4.579 0.0 HA 115 
   867 126.212 0.0 N 78 
   1350 117.2 0.0 CE2 120 
   939 4.197 0.0 HB2 86 
   1107 117.554 0.0 N 99 
   522 32.041 0.0 CB 48 
   85 29.151 0.0 CD 9 
   448 116.255 0.0 N 42 
   746 179.081 0.0 C 69 
   57 107.14 0.0 N 6 
   700 3.481 0.0 HA 65 
   1362 40.107 0.0 CB 121 
   669 179.5 0.0 C 62 
   651 57.15 0.0 CA 59 
   277 3.241 0.0 HD2 28 
   1418 0.549 0.0 HG13 127 
   1294 43.34 0.0 CD 116 
   196 40.21 0.0 CB 19 
   941 172.805 0.0 C 86 
   643 4.571 0.0 HA 59 
   435 2.401 0.0 HB3 42 
   785 6.582 0.0 HE2 73 
   227 1.138 0.0 HG21 22 
   466 61.65 0.0 CA 44 
   870 1.251 0.0 HB2 79 
   1375 125.692 0.0 N 122 
   793 124.281 0.0 N 73 
   4 2.222 0.0 HG2 1 
   729 118.219 0.0 N 67 
   351 2.92 0.0 HD3 35 
   146 30.602 0.0 CB 15 
   410 179.8 0.0 C 40 
   942 58.208 0.0 CA 86 
   140 8.183 0.0 H 15 
   171 0.885 0.0 HD13 18 
   935 4.11 0.0 HA2 85 
   854 4.11 0.0 HA 78 
   1141 120.322 0.0 N 103 
   108 178.9 0.0 C 11 
   524 21.395 0.0 CG2 48 
   192 0.146 0.0 HD23 19 
   614 28.048 0.0 CG 56 
   1063 6.815 0.0 HD2 96 
   1111 175.32 0.0 C 100 
   1104 3.906 0.0 HA3 99 
   1417 0.549 0.0 HG12 127 
   1167 3.578 0.0 HB3 106 
   724 3.253 0.0 HB2 67 
   337 27.53 0.0 CG 33 
   1359 7.175 0.0 HE2 121 
   428 25.612 0.0 CD1 41 
   64 62.352 0.0 CB 7 
   1058 8.865 0.0 H 96 
   377 1.502 0.0 HB3 37 
   1098 32.12 0.0 CB 98 
   745 2.478 0.0 HG3 69 
   902 3.83 0.0 HB2 82 
   63 59.829 0.0 CA 7 
   763 5.268 0.0 HA 71 
   485 6.77 0.0 HD1 46 
   308 1.591 0.0 HB2 31 
   89 8.784 0.0 H 10 
   948 3.345 0.0 HD2 87 
   649 7.032 0.0 HE2 59 
   893 5.342 0.0 HA 81 
   712 122.45 0.0 N 65 
   921 1.823 0.0 HB2 84 
   789 130.4 0.0 CD1 73 
   130 42.509 0.0 CB 13 
   353 60.124 0.0 CA 35 
   293 60.485 0.0 CA 29 
   290 1.995 0.0 HG2 29 
   310 1.035 0.0 HD11 31 
   580 1.751 0.0 HB3 54 
   999 36.712 0.0 CG 91 
   77 1.637 0.0 HD3 9 
   780 2.454 0.0 HB2 73 
   609 1.788 0.0 HG3 56 
   1415 0.75 0.0 HB 127 
   809 123.697 0.0 N 74 
   1004 2.985 0.0 HB3 92 
   1018 5.199 0.0 HA 93 
   1139 30.075 0.0 CB 103 
   374 3.578 0.0 HA 37 
   1264 0.784 0.0 HD3 114 
   753 2.006 0.0 HB2 70 
   844 3.09 0.0 HD3 77 
   1191 36.823 0.0 CG 108 
   544 69.63 0.0 CB 50 
   901 4.747 0.0 HA 82 
   995 2.178 0.0 HG3 91 
   1361 58.524 0.0 CA 121 
   1062 6.815 0.0 HD1 96 
   334 60.318 0.0 CA 33 
   680 0.909 0.0 HG22 63 
   826 0.564 0.0 HD12 76 
   730 8.221 0.0 H 68 
   272 7.106 0.0 H 27 
   532 58.85 0.0 CA 49 
   106 6.55 0.0 HE1 11 
   1369 4.517 0.0 HA 122 
   154 1.368 0.0 HB2 17 
   35 0.979 0.0 HG21 4 
   735 1.68 0.0 HG3 68 
   1345 57.29 0.0 CA 120 
   1237 175.205 0.0 C 112 
   515 0.502 0.0 HG12 48 
   243 174.2 0.0 C 23 
   1100 27.715 0.0 CG 98 
   1110 3.905 0.0 HA3 100 
   1039 1.937 0.0 HB3 94 
   184 3.623 0.0 HA 19 
   181 28.33 0.0 CG 18 
   1077 1.572 0.0 HB3 97 
   387 180.2 0.0 C 38 
   439 3.169 0.0 HE3 42 
   633 0.806 0.0 HD23 58 
   1078 3.228 0.0 HD2 97 
   886 7.635 0.0 H 80 
   1037 1.937 0.0 HB1 94 
   493 6.884 0.0 H 47 
   853 8.94 0.0 H 78 
   725 3.645 0.0 HB3 67 
   491 38.35 0.0 CB 46 
   332 1.176 0.0 HG3 33 
   949 3.345 0.0 HD3 87 
   1394 4.687 0.0 HA 125 
   1262 -0.968 0.0 HB3 114 
   185 1.445 0.0 HB2 19 
   265 4.443 0.0 HA 26 
   429 22.34 0.0 CD2 41 
   278 2.142 0.0 HD3 28 
   80 1.399 0.0 HG2 9 
   2 1.908 0.0 HB2 1 
   1232 3.418 0.0 HB3 112 
   600 26.888 0.0 CG 55 
