   1001 9.171 0.0 H 92 
   1029 60.483 0.0 CA 93 
   1249 3.346 0.0 HD2 113 
   916 33.087 0.0 CB 83 
   944 8.091 0.0 H 87 
   1316 8.981 0.0 H 119 
   1284 3.841 0.0 HA 116 
   423 0.717 0.0 HD23 41 
   1201 176.252 0.0 C 109 
   44 8.155 0.0 H 5 
   807 25.72 0.0 CD1 74 
   1407 1.334 0.0 HB2 126 
   392 3.693 0.0 HA 39 
   1354 2.879 0.0 HB2 121 
   52 7.704 0.0 H 6 
   951 1.78 0.0 HG3 87 
   815 1.996 0.0 HG3 75 
   142 2.595 0.0 HB2 15 
   1048 3.15 0.0 HD2 95 
   1011 43.37 0.0 CB 92 
   1107 117.554 0.0 N 99 
   1416 0.549 0.0 HG11 127 
   166 4.458 0.0 HA 18 
   325 122.625 0.0 N 32 
   721 120.92 0.0 N 66 
   1225 30.155 0.0 CB 111 
   234 110.883 0.0 N 22 
   27 28.658 0.0 CB 3 
   368 132.01 0.0 CD1 36 
   312 1.035 0.0 HD13 31 
   451 2.209 0.0 HB2 43 
   553 173.901 0.0 C 51 
   558 9.009 0.0 H 52 
   920 4.584 0.0 HA 84 
   1164 9.575 0.0 H 106 
   364 6.75 0.0 HE2 36 
   817 57.14 0.0 CA 75 
   1056 27.88 0.0 CG 95 
   728 28.554 0.0 CB 67 
   225 4.195 0.0 HA 22 
   826 0.564 0.0 HD12 76 
   1382 173.108 0.0 C 123 
   238 1.707 0.0 HB3 23 
   173 0.718 0.0 HD22 18 
   1333 121.55 0.0 CZ3 119 
   1158 3.656 0.0 HB2 105 
   602 7.466 0.0 H 56 
   1410 52.02 0.0 CA 126 
   494 3.075 0.0 HA 47 
   726 178.407 0.0 C 67 
   747 59.545 0.0 CA 69 
   150 2.895 0.0 HA3 16 
   511 7.322 0.0 H 48 
   372 120.099 0.0 N 36 
   1413 7.916 0.0 H 127 
   340 3.692 0.0 HB2 34 
   232 69.026 0.0 CB 22 
   353 60.124 0.0 CA 35 
   909 4.892 0.0 HA 83 
   115 124.022 0.0 N 11 
   495 1.73 0.0 HB 47 
   886 7.635 0.0 H 80 
   834 41.951 0.0 CB 76 
   99 112.657 0.0 N 10 
   386 1.672 0.0 HB3 38 
   811 4.385 0.0 HA 75 
   22 4.002 0.0 HA 3 
   764 2.725 0.0 HB2 71 
   377 1.502 0.0 HB3 37 
   1355 2.737 0.0 HB3 121 
   311 1.035 0.0 HD12 31 
   1085 43.79 0.0 CD 97 
   1397 2.216 0.0 HG2 125 
   945 5.606 0.0 HA 87 
   1087 117.405 0.0 N 97 
   1243 130.35 0.0 CE2 112 
   373 8.907 0.0 H 37 
   461 7.23 0.0 HD1 44 
   736 178.3 0.0 C 68 
   821 8.538 0.0 H 76 
   1244 119.879 0.0 N 112 
   1405 4.473 0.0 HA 126 
   319 39.75 0.0 CB 31 
   58 8.552 0.0 H 7 
   707 177.82 0.0 C 65 
   655 129.0 0.0 CE1 59 
   975 9.02 0.0 H 90 
   189 0.589 0.0 HD13 19 
   1071 130.76 0.0 CE1 96 
   41 21.175 0.0 CG1 4 
   799 0.739 0.0 HD12 74 
   714 4.151 0.0 HA 66 
   459 2.887 0.0 HB2 44 
   519 0.798 0.0 HG23 48 
   962 45.449 0.0 CA 88 
   1257 28.88 0.0 CG 113 
   706 1.16 0.0 HG3 65 
   741 3.998 0.0 HA 69 
   1159 3.656 0.0 HB3 105 
   1037 1.937 0.0 HB1 94 
   1220 7.652 0.0 HE22 111 
   456 123.108 0.0 N 43 
   485 6.77 0.0 HD1 46 
   895 3.878 0.0 HB3 81 
   65 118.937 0.0 N 7 
   783 7.023 0.0 HD2 73 
   573 65.11 0.0 CA 53 
   215 3.225 0.0 HD3 21 
   1272 29.151 0.0 CD 114 
   779 4.308 0.0 HA 73 
   1317 4.567 0.0 HA 119 
   1350 117.2 0.0 CE2 120 
   1205 28.708 0.0 CG 109 
   358 3.84 0.0 HA 36 
   195 57.701 0.0 CA 19 
   1013 132.1 0.0 CD2 92 
   490 62.32 0.0 CA 46 
   818 33.51 0.0 CB 75 
   932 42.015 0.0 CE 84 
   47 2.92 0.0 HB3 5 
   598 31.582 0.0 CB 55 
   584 57.145 0.0 CA 54 
   1362 40.107 0.0 CB 121 
   380 18.245 0.0 CB 37 
   1308 1.253 0.0 HG2 118 
   126 2.443 0.0 HB2 13 
   777 122.633 0.0 N 72 
   1428 7.901 0.0 H 128 
   1160 173.605 0.0 C 105 
   1292 56.584 0.0 CA 116 
   879 177.507 0.0 C 79 
   537 4.576 0.0 HA 50 
   824 -0.729 0.0 HB3 76 
   259 1.324 0.0 HB1 25 
   540 0.509 0.0 HG22 50 
   1421 0.266 0.0 HG23 127 
   635 177.0 0.0 C 58 
   1112 45.456 0.0 CA 100 
   1075 4.526 0.0 HA 97 
   137 60.369 0.0 CA 14 
   355 43.64 0.0 CD 35 
   101 4.625 0.0 HA 11 
   255 64.524 0.0 CB 24 
   202 4.243 0.0 HA 20 
   636 54.812 0.0 CA 58 
   410 179.8 0.0 C 40 
   1256 43.47 0.0 CD 113 
   875 0.689 0.0 HD21 79 
   1117 44.635 0.0 CA 101 
   805 55.851 0.0 CA 74 
   518 0.798 0.0 HG22 48 
   409 1.098 0.0 HB3 40 
   1314 26.928 0.0 CG 118 
   595 1.669 0.0 HG3 55 
   156 3.281 0.0 HD2 17 
   1105 175.4 0.0 C 99 
   681 0.909 0.0 HG23 63 
   244 54.444 0.0 CA 23 
   415 4.275 0.0 HA 41 
   780 2.454 0.0 HB2 73 
   1270 53.831 0.0 CA 114 
   1091 1.925 0.0 HB3 98 
   10 8.376 0.0 H 2 
   1035 9.654 0.0 H 94 
   357 8.099 0.0 H 36 
   577 8.334 0.0 H 54 
   957 119.907 0.0 N 87 
   227 1.138 0.0 HG21 22 
   1143 4.495 0.0 HA 104 
   285 26.46 0.0 CG 28 
   55 176.304 0.0 C 6 
   858 0.751 0.0 HG13 78 
   559 3.741 0.0 HA 52 
   42 21.175 0.0 CG2 4 
   1258 124.163 0.0 N 113 
   462 7.23 0.0 HD2 44 
   217 1.747 0.0 HG3 21 
   1212 59.029 0.0 CA 110 
   784 6.582 0.0 HE1 73 
   1392 109.592 0.0 N 124 
   443 56.288 0.0 CA 42 
   1198 3.139 0.0 HD3 109 
   1388 4.231 0.0 HA2 124 
   295 36.955 0.0 CG 29 
   1040 176.203 0.0 C 94 
   1070 131.6 0.0 CD2 96 
   1391 45.365 0.0 CA 124 
   955 43.15 0.0 CD 87 
   434 2.401 0.0 HB2 42 
   1203 31.948 0.0 CB 109 
   305 120.59 0.0 N 30 
   1361 58.524 0.0 CA 121 
   51 120.403 0.0 N 5 
   831 1.027 0.0 HG 76 
   800 0.739 0.0 HD13 74 
   585 29.521 0.0 CB 54 
   979 0.545 0.0 HG12 90 
   931 29.25 0.0 CD 84 
   1291 177.209 0.0 C 116 
   264 124.685 0.0 N 25 
   1109 3.905 0.0 HA2 100 
   1069 131.6 0.0 CD1 96 
   822 4.769 0.0 HA 76 
   1269 175.904 0.0 C 114 
   1045 5.608 0.0 HA 95 
   923 1.726 0.0 HD2 84 
   306 7.782 0.0 H 31 
   414 8.557 0.0 H 41 
   1393 8.229 0.0 H 125 
   928 1.428 0.0 HG3 84 
   157 3.281 0.0 HD3 17 
   1321 10.114 0.0 HE1 119 
   1007 7.082 0.0 HE1 92 
   365 176.705 0.0 C 36 
   320 23.15 0.0 CD1 31 
   243 174.2 0.0 C 23 
   528 1.945 0.0 HB2 49 
   1185 1.564 0.0 HB3 108 
   1298 4.046 0.0 HA3 117 
   816 172.804 0.0 C 75 
   89 8.784 0.0 H 10 
   21 9.38 0.0 H 3 
   527 3.957 0.0 HA 49 
   1188 173.31 0.0 C 108 
   193 1.197 0.0 HG 19 
   1279 1.303 0.0 HB2 115 
   974 115.849 0.0 N 89 
   1192 128.36 0.0 N 108 
   501 0.479 0.0 HG21 47 
   224 8.268 0.0 H 22 
   856 0.751 0.0 HG11 78 
   218 176.109 0.0 C 21 
   861 0.813 0.0 HG23 78 
   208 18.852 0.0 CB 20 
   18 38.025 0.0 CB 2 
   287 3.38 0.0 HA 29 
   1054 33.572 0.0 CB 95 
   1268 0.415 0.0 HG3 114 
   1187 2.103 0.0 HG3 108 
   502 0.479 0.0 HG22 47 
   594 1.378 0.0 HG2 55 
   341 4.198 0.0 HB3 34 
   534 36.304 0.0 CG 49 
   516 0.502 0.0 HG13 48 
   94 1.269 0.0 HG23 10 
   770 8.706 0.0 H 72 
   555 68.659 0.0 CB 51 
   910 1.923 0.0 HB2 83 
   413 121.155 0.0 N 40 
   561 2.488 0.0 HB3 52 
   666 4.346 0.0 HA 62 
   1239 44.342 0.0 CB 112 
   273 109.233 0.0 N 27 
   307 3.978 0.0 HA 31 
   1395 1.946 0.0 HB2 125 
   708 59.999 0.0 CA 65 
   730 8.221 0.0 H 68 
   1358 7.175 0.0 HE1 121 
   1302 7.628 0.0 H 118 
   201 8.213 0.0 H 20 
   496 0.204 0.0 HD11 47 
   889 171.34 0.0 C 80 
   1089 4.874 0.0 HA 98 
   1183 4.864 0.0 HA 108 
   982 1.127 0.0 HG22 90 
   191 0.146 0.0 HD22 19 
   841 1.734 0.0 HB2 77 
   20 110.708 0.0 ND2 2 
   633 0.806 0.0 HD23 58 
   868 9.244 0.0 H 79 
   1260 4.664 0.0 HA 114 
   102 2.98 0.0 HB2 11 
   1174 2.829 0.0 HB2 107 
   4 2.222 0.0 HG2 1 
   1311 53.951 0.0 CA 118 
   845 1.447 0.0 HG2 77 
   1101 128.385 0.0 N 98 
   84 35.172 0.0 CB 9 
   1237 175.205 0.0 C 112 
   640 26.923 0.0 CG 58 
   107 6.55 0.0 HE2 11 
   710 43.29 0.0 CD 65 
   872 0.654 0.0 HD11 79 
   90 4.478 0.0 HA 10 
   685 22.675 0.0 CG1 63 
   919 9.104 0.0 H 84 
   867 126.212 0.0 N 78 
   7 57.135 0.0 CA 1 
   967 1.236 0.0 HG21 89 
   1191 36.823 0.0 CG 108 
   819 36.619 0.0 CG 75 
   942 58.208 0.0 CA 86 
   1050 1.66 0.0 HG2 95 
   246 43.34 0.0 CD 23 
   616 8.78 0.0 H 57 
   756 2.383 0.0 HG3 70 
   1245 9.522 0.0 H 113 
   329 2.895 0.0 HD2 33 
   427 40.89 0.0 CB 41 
   1404 8.632 0.0 H 126 
   1417 0.549 0.0 HG12 127 
   132 7.486 0.0 H 14 
   1226 32.464 0.0 CG 111 
   947 2.189 0.0 HB3 87 
   398 6.565 0.0 HE2 39 
   1003 3.186 0.0 HB2 92 
   676 0.998 0.0 HG11 63 
   152 110.257 0.0 N 16 
   570 1.635 0.0 HG2 53 
   1006 7.035 0.0 HD2 92 
   326 3.481 0.0 HA 33 
   922 1.823 0.0 HB3 84 
   19 118.889 0.0 N 2 
   797 1.549 0.0 HB3 74 
   1347 133.1 0.0 CD1 120 
   1078 3.228 0.0 HD2 97 
   1418 0.549 0.0 HG13 127 
   1277 4.579 0.0 HA 115 
   151 48.106 0.0 CA 16 
   1368 8.557 0.0 H 122 
   788 38.32 0.0 CB 73 
   1370 3.554 0.0 HB2 122 
   335 29.362 0.0 CB 33 
   900 8.975 0.0 H 82 
   1126 176.9 0.0 C 102 
   878 1.524 0.0 HG 79 
   641 118.45 0.0 N 58 
   32 0.979 0.0 HG11 4 
   86 41.986 0.0 CE 9 
   1232 3.418 0.0 HB3 112 
   6 176.41 0.0 C 1 
   239 3.047 0.0 HD2 23 
   683 65.63 0.0 CA 63 
   825 0.564 0.0 HD11 76 
   665 8.376 0.0 H 62 
   871 1.609 0.0 HB3 79 
   731 3.74 0.0 HA 68 
   258 4.116 0.0 HA 25 
   1207 9.762 0.0 H 110 
   204 1.402 0.0 HB2 20 
   1033 17.492 0.0 CG2 93 
   761 114.677 0.0 N 70 
   966 3.95 0.0 HB 89 
   11 4.752 0.0 HA 2 
   293 60.485 0.0 CA 29 
   1218 2.263 0.0 HB3 111 
   186 1.528 0.0 HB3 19 
   1299 173.43 0.0 C 117 
   479 39.895 0.0 CB 45 
   833 53.317 0.0 CA 76 
   1345 57.29 0.0 CA 120 
   73 4.514 0.0 HA 9 
   513 2.008 0.0 HB 48 
   701 0.906 0.0 HB2 65 
   662 177.2 0.0 C 61 
   623 116.726 0.0 N 57 
   1247 1.796 0.0 HB2 113 
   981 1.127 0.0 HG21 90 
   744 2.258 0.0 HG2 69 
   1014 131.4 0.0 CE1 92 
   836 23.57 0.0 CD2 76 
   1306 3.037 0.0 HD2 118 
   667 2.758 0.0 HB2 62 
   954 33.678 0.0 CB 87 
   50 30.7 0.0 CB 5 
   124 7.445 0.0 H 13 
   440 1.559 0.0 HG2 42 
   891 106.586 0.0 N 80 
   980 0.545 0.0 HG13 90 
   469 131.0 0.0 CD2 44 
   617 4.653 0.0 HA 57 
   161 64.78 0.0 CA 17 
   212 2.193 0.0 HB2 21 
   859 0.813 0.0 HG21 78 
   1186 2.103 0.0 HG2 108 
   950 1.847 0.0 HG2 87 
   473 8.306 0.0 H 45 
   395 6.665 0.0 HD1 39 
   607 3.195 0.0 HD3 56 
   322 27.664 0.0 CG 31 
   985 62.035 0.0 CA 90 
   687 121.325 0.0 N 63 
   1133 1.744 0.0 HB2 103 
   898 66.3 0.0 CB 81 
   896 172.936 0.0 C 81 
   43 128.077 0.0 N 4 
   1399 174.408 0.0 C 125 
   620 176.8 0.0 C 57 
   1166 3.271 0.0 HB2 106 
   673 7.917 0.0 H 63 
   542 173.401 0.0 C 50 
   1402 35.961 0.0 CG 125 
   31 2.078 0.0 HB 4 
   637 41.906 0.0 CB 58 
   597 54.441 0.0 CA 55 
   163 50.635 0.0 CD 17 
   96 62.155 0.0 CA 10 
   113 118.8 0.0 CE1 11 
   1390 172.204 0.0 C 124 
   460 3.082 0.0 HB3 44 
   631 0.806 0.0 HD21 58 
   390 119.703 0.0 N 38 
   412 17.695 0.0 CB 40 
   820 119.876 0.0 N 75 
   849 32.628 0.0 CB 77 
   524 21.395 0.0 CG2 48 
   445 29.151 0.0 CD 42 
   131 117.361 0.0 N 13 
   439 3.169 0.0 HE3 42 
   852 127.184 0.0 N 77 
   574 32.371 0.0 CB 53 
   9 36.326 0.0 CG 1 
   190 0.146 0.0 HD21 19 
   782 7.023 0.0 HD1 73 
   1124 1.991 0.0 HG2 102 
   588 8.069 0.0 H 55 
   1389 4.955 0.0 HA3 124 
   140 8.183 0.0 H 15 
   354 30.325 0.0 CB 35 
   362 6.665 0.0 HD2 36 
   794 9.086 0.0 H 74 
   343 60.984 0.0 CA 34 
   1287 3.215 0.0 HD2 116 
   629 0.92 0.0 HD12 58 
   114 118.8 0.0 CE2 11 
   1030 42.274 0.0 CB 93 
   1168 172.62 0.0 C 106 
   1325 6.69 0.0 HZ3 119 
   925 3.003 0.0 HE2 84 
   281 176.9 0.0 C 28 
   1008 7.082 0.0 HE2 92 
   420 0.761 0.0 HD13 41 
   973 21.775 0.0 CG2 89 
   711 27.67 0.0 CG 65 
   531 2.295 0.0 HG3 49 
   389 18.195 0.0 CB 38 
   838 126.577 0.0 N 76 
   1246 5.608 0.0 HA 113 
   1434 129.886 0.0 N 128 
   987 22.264 0.0 CG1 90 
   117 4.179 0.0 HA 12 
   376 1.502 0.0 HB2 37 
   1137 175.818 0.0 C 103 
   1381 1.878 0.0 HG3 123 
   1176 6.803 0.0 HD2 107 
   375 1.502 0.0 HB1 37 
   197 25.042 0.0 CD1 19 
   1238 56.51 0.0 CA 112 
   530 2.295 0.0 HG2 49 
   1200 1.376 0.0 HG3 109 
   778 8.75 0.0 H 73 
   233 22.556 0.0 CG2 22 
   865 21.781 0.0 CG1 78 
   645 2.925 0.0 HB3 59 
   843 3.09 0.0 HD2 77 
   1127 62.11 0.0 CA 102 
   544 69.63 0.0 CB 50 
   1376 6.575 0.0 H 123 
   104 7.598 0.0 HD1 11 
   120 175.224 0.0 C 12 
   1242 130.35 0.0 CE1 112 
   136 175.105 0.0 C 14 
   148 8.026 0.0 H 16 
   1215 9.274 0.0 H 111 
   1328 31.82 0.0 CB 119 
   808 22.606 0.0 CD2 74 
   848 54.625 0.0 CA 77 
   556 20.937 0.0 CG2 51 
   1211 172.435 0.0 C 110 
   621 55.375 0.0 CA 57 
   874 0.654 0.0 HD13 79 
   433 4.352 0.0 HA 42 
   1189 54.005 0.0 CA 108 
   933 24.71 0.0 CG 84 
   855 1.94 0.0 HB 78 
   1293 27.96 0.0 CB 116 
   425 176.25 0.0 C 41 
   1235 7.192 0.0 HE1 112 
   1373 60.295 0.0 CA 122 
   61 3.696 0.0 HB3 7 
   1223 174.94 0.0 C 111 
   1149 1.867 0.0 HG3 104 
   170 0.885 0.0 HD12 18 
   1197 3.139 0.0 HD2 109 
   1224 53.985 0.0 CA 111 
   927 1.366 0.0 HG2 84 
   247 26.234 0.0 CG 23 
   1371 3.268 0.0 HB3 122 
   470 130.2 0.0 CE1 44 
   802 0.741 0.0 HD22 74 
   837 27.682 0.0 CG 76 
   1060 2.068 0.0 HB2 96 
   317 179.245 0.0 C 31 
   1128 32.451 0.0 CB 102 
   1110 3.905 0.0 HA3 100 
   718 179.2 0.0 C 66 
   1409 177.6 0.0 C 126 
   952 175.019 0.0 C 87 
   953 54.544 0.0 CA 87 
   1364 130.74 0.0 CD2 121 
   750 117.242 0.0 N 69 
   28 124.395 0.0 N 3 
   480 117.34 0.0 N 45 
   562 51.935 0.0 CA 52 
   569 2.514 0.0 HD3 53 
   1240 131.451 0.0 CD1 112 
   1281 51.415 0.0 CA 115 
   185 1.445 0.0 HB2 19 
   346 8.345 0.0 H 35 
   97 69.47 0.0 CB 10 
   442 175.119 0.0 C 42 
   1336 9.145 0.0 H 120 
   349 1.91 0.0 HB3 35 
   1265 2.17 0.0 HE2 114 
   25 178.12 0.0 C 3 
   1344 176.52 0.0 C 120 
   810 7.719 0.0 H 75 
   963 107.686 0.0 N 88 
   583 177.408 0.0 C 54 
   499 1.064 0.0 HG12 47 
   1433 42.247 0.0 CB 128 
   8 29.815 0.0 CB 1 
   483 2.559 0.0 HB2 46 
   949 3.345 0.0 HD3 87 
   560 2.623 0.0 HB2 52 
   241 1.415 0.0 HG2 23 
   840 4.666 0.0 HA 77 
   1182 8.243 0.0 H 108 
   379 55.295 0.0 CA 37 
   1079 3.228 0.0 HD3 97 
   1339 2.875 0.0 HB3 120 
   1230 5.485 0.0 HA 112 
   1337 4.943 0.0 HA 120 
   959 3.563 0.0 HA2 88 
   144 176.5 0.0 C 15 
   1023 0.459 0.0 HG12 93 
   369 132.01 0.0 CD2 36 
   862 176.104 0.0 C 78 
   870 1.251 0.0 HB2 79 
   49 60.214 0.0 CA 5 
   38 175.39 0.0 C 4 
   449 8.832 0.0 H 43 
   658 4.325 0.0 HA 61 
   290 1.995 0.0 HG2 29 
   262 52.785 0.0 CA 25 
   579 1.751 0.0 HB2 54 
   167 1.8 0.0 HB2 18 
   789 130.4 0.0 CD1 73 
   3 2.003 0.0 HB3 1 
   269 176.4 0.0 C 26 
   774 175.305 0.0 C 72 
   1288 3.215 0.0 HD3 116 
   477 178.0 0.0 C 45 
   515 0.502 0.0 HG12 48 
   545 19.875 0.0 CG2 50 
   446 43.345 0.0 CE 42 
   310 1.035 0.0 HD11 31 
   220 27.115 0.0 CB 21 
   1425 21.54 0.0 CG1 127 
   1379 2.039 0.0 HB3 123 
   578 4.158 0.0 HA 54 
   751 7.986 0.0 H 70 
   403 117.405 0.0 CE2 39 
   223 110.82 0.0 N 21 
   1042 22.085 0.0 CB 94 
   1169 55.849 0.0 CA 106 
   599 42.47 0.0 CD 55 
   619 2.609 0.0 HB3 57 
   603 3.95 0.0 HA 56 
   1140 37.102 0.0 CG 103 
   884 28.23 0.0 CG 79 
   1120 1.866 0.0 HB2 102 
   35 0.979 0.0 HG21 4 
   873 0.654 0.0 HD12 79 
   481 7.764 0.0 H 46 
   828 0.582 0.0 HD21 76 
   270 52.95 0.0 CA 26 
   1138 57.735 0.0 CA 103 
   994 2.323 0.0 HG2 91 
   316 1.485 0.0 HG 31 
   172 0.718 0.0 HD21 18 
   85 29.151 0.0 CD 9 
   472 122.987 0.0 N 44 
   935 4.11 0.0 HA2 85 
   1052 176.85 0.0 C 95 
   1229 9.143 0.0 H 112 
   387 180.2 0.0 C 38 
   271 19.685 0.0 CB 26 
   1165 4.998 0.0 HA 106 
   693 7.734 0.0 HD22 64 
   298 3.898 0.0 HA 30 
   180 24.068 0.0 CD2 18 
   1375 125.692 0.0 N 122 
   506 34.745 0.0 CB 47 
   600 26.888 0.0 CG 55 
   1076 1.689 0.0 HB2 97 
   992 1.996 0.0 HB2 91 
   1309 1.253 0.0 HG3 118 
   1017 9.184 0.0 H 93 
   249 8.642 0.0 H 24 
   182 116.726 0.0 N 18 
   209 120.542 0.0 N 20 
   419 0.761 0.0 HD12 41 
   1271 32.422 0.0 CB 114 
   1290 1.586 0.0 HG3 116 
   342 175.96 0.0 C 34 
   205 1.402 0.0 HB3 20 
   37 0.979 0.0 HG23 4 
   547 7.748 0.0 H 51 
   787 60.0 0.0 CA 73 
   411 54.857 0.0 CA 40 
   64 62.352 0.0 CB 7 
   1173 5.583 0.0 HA 107 
   890 45.632 0.0 CA 80 
   250 4.576 0.0 HA 24 
   127 2.715 0.0 HB3 13 
   118 2.63 0.0 HB2 12 
   937 47.314 0.0 CA 85 
   332 1.176 0.0 HG3 33 
   1096 177.352 0.0 C 98 
   1150 174.031 0.0 C 104 
   1135 2.126 0.0 HG2 103 
   59 3.932 0.0 HA 7 
   912 2.205 0.0 HG2 83 
   627 1.619 0.0 HB3 58 
   1396 2.028 0.0 HB3 125 
   590 1.625 0.0 HB2 55 
   276 0.895 0.0 HB3 28 
   34 0.979 0.0 HG13 4 
   704 2.83 0.0 HD3 65 
   632 0.806 0.0 HD22 58 
   83 54.561 0.0 CA 9 
   1114 7.925 0.0 H 101 
   610 177.209 0.0 C 56 
   1119 4.446 0.0 HA 102 
   924 1.726 0.0 HD3 84 
   678 0.998 0.0 HG13 63 
   1161 57.248 0.0 CA 105 
   1184 1.268 0.0 HB2 108 
   659 3.312 0.0 HB2 61 
   1018 5.199 0.0 HA 93 
   978 0.545 0.0 HG11 90 
   1367 122.001 0.0 N 121 
   832 175.7 0.0 C 76 
   575 50.1 0.0 CD 53 
   567 2.232 0.0 HB3 53 
   1100 27.715 0.0 CG 98 
   1432 55.945 0.0 CA 128 
   991 5.776 0.0 HA 91 
   767 58.754 0.0 CA 71 
   589 4.668 0.0 HA 55 
   907 115.128 0.0 N 82 
   1028 175.6 0.0 C 93 
   803 0.741 0.0 HD23 74 
   1129 49.61 0.0 CD 102 
   672 119.139 0.0 N 62 
   1009 171.85 0.0 C 92 
   512 3.049 0.0 HA 48 
   983 1.127 0.0 HG23 90 
   1010 56.13 0.0 CA 92 
   407 1.098 0.0 HB1 40 
   999 36.712 0.0 CG 91 
   1059 5.374 0.0 HA 96 
   82 176.429 0.0 C 9 
   850 43.64 0.0 CD 77 
   536 7.115 0.0 H 50 
   336 43.145 0.0 CD 33 
   997 53.955 0.0 CA 91 
   1313 43.27 0.0 CD 118 
   476 2.593 0.0 HB3 45 
   688 7.698 0.0 H 64 
   552 1.179 0.0 HG23 51 
   760 36.478 0.0 CG 70 
   1296 8.576 0.0 H 117 
   175 1.697 0.0 HG 18 
   611 60.144 0.0 CA 56 
   698 113.408 0.0 ND2 64 
   864 32.119 0.0 CB 78 
   388 55.485 0.0 CA 38 
   520 179.004 0.0 C 48 
   493 6.884 0.0 H 47 
   428 25.612 0.0 CD1 41 
   100 8.849 0.0 H 11 
   291 1.995 0.0 HG3 29 
   908 8.427 0.0 H 83 
   921 1.823 0.0 HB2 84 
   615 121.407 0.0 N 56 
   450 4.875 0.0 HA 43 
   69 174.204 0.0 C 8 
   116 8.466 0.0 H 12 
   367 38.05 0.0 CB 36 
   181 28.33 0.0 CG 18 
   500 0.837 0.0 HG13 47 
   36 0.979 0.0 HG22 4 
   842 1.648 0.0 HB3 77 
   1365 130.84 0.0 CE1 121 
   1360 174.025 0.0 C 121 
   453 174.95 0.0 C 43 
   946 2.018 0.0 HB2 87 
   1422 174.707 0.0 C 127 
   652 40.445 0.0 CB 59 
   827 0.564 0.0 HD13 76 
   133 4.403 0.0 HA 14 
   1000 129.755 0.0 N 91 
   1058 8.865 0.0 H 96 
   930 33.692 0.0 CB 84 
   351 2.92 0.0 HD3 35 
   535 118.382 0.0 N 49 
   360 3.32 0.0 HB3 36 
   656 129.0 0.0 CE2 59 
   183 8.075 0.0 H 19 
   235 7.348 0.0 H 23 
   1084 34.642 0.0 CB 97 
   1322 7.275 0.0 HE3 119 
   781 3.11 0.0 HB3 73 
   541 0.509 0.0 HG23 50 
   1427 122.174 0.0 N 127 
   165 6.545 0.0 H 18 
   314 1.147 0.0 HD22 31 
   691 3.168 0.0 HB3 64 
   1318 2.77 0.0 HB2 119 
   1353 4.192 0.0 HA 121 
   892 8.338 0.0 H 81 
   1210 4.024 0.0 HB3 110 
   1142 8.938 0.0 H 104 
   901 4.747 0.0 HA 82 
   1386 113.946 0.0 N 123 
   1408 1.334 0.0 HB3 126 
   1181 129.694 0.0 N 107 
   1423 61.46 0.0 CA 127 
   1254 54.651 0.0 CA 113 
   1335 127.86 0.0 NE1 119 
   1315 121.34 0.0 N 118 
   141 4.006 0.0 HA 15 
   523 23.105 0.0 CG1 48 
   1074 8.665 0.0 H 97 
   988 22.42 0.0 CG2 90 
   813 2.258 0.0 HB3 75 
   54 4.38 0.0 HA3 6 
   260 1.324 0.0 HB2 25 
   1276 9.291 0.0 H 115 
   15 7.423 0.0 HD22 2 
   1340 6.888 0.0 HD1 120 
   1400 54.435 0.0 CA 125 
   405 8.09 0.0 H 40 
   1065 7.28 0.0 HE2 96 
   604 1.897 0.0 HB2 56 
   1431 2.483 0.0 HB3 128 
   242 1.415 0.0 HG3 23 
   753 2.006 0.0 HB2 70 
   1005 7.035 0.0 HD1 92 
   689 4.798 0.0 HA 64 
   498 0.204 0.0 HD13 47 
   903 3.83 0.0 HB3 82 
   1082 174.825 0.0 C 97 
   1194 4.95 0.0 HA 109 
   1219 6.732 0.0 HE21 111 
   1424 32.581 0.0 CB 127 
   1426 20.19 0.0 CG2 127 
   164 28.471 0.0 CG 17 
   26 63.959 0.0 CA 3 
   638 25.392 0.0 CD1 58 
   1123 3.604 0.0 HD3 102 
   478 57.459 0.0 CA 45 
   471 130.2 0.0 CE2 44 
   965 5.861 0.0 HA 89 
   844 3.09 0.0 HD3 77 
   699 8.562 0.0 H 65 
   700 3.481 0.0 HA 65 
   400 62.201 0.0 CA 39 
   630 0.92 0.0 HD13 58 
   1004 2.985 0.0 HB3 92 
   1103 3.975 0.0 HA2 99 
   1231 2.355 0.0 HB2 112 
   716 1.416 0.0 HB2 66 
   145 64.155 0.0 CA 15 
   1241 131.451 0.0 CD2 112 
   468 131.0 0.0 CD1 44 
   1332 115.4 0.0 CZ2 119 
   385 1.672 0.0 HB2 38 
   135 2.938 0.0 HB3 14 
   1356 6.727 0.0 HD1 121 
   1116 4.288 0.0 HA3 101 
   1208 5.308 0.0 HA 110 
   454 51.354 0.0 CA 43 
   1106 47.294 0.0 CA 99 
   422 0.717 0.0 HD22 41 
   642 7.394 0.0 H 59 
   1172 8.819 0.0 H 107 
   1216 5.243 0.0 HA 111 
   277 3.241 0.0 HD2 28 
   703 2.83 0.0 HD2 65 
   416 1.555 0.0 HB2 41 
   98 22.425 0.0 CG2 10 
   1263 0.874 0.0 HD2 114 
   1036 5.859 0.0 HA 94 
   1253 173.52 0.0 C 113 
   969 1.236 0.0 HG23 89 
   39 63.31 0.0 CA 4 
   286 8.098 0.0 H 29 
   303 54.5 0.0 CA 30 
   1090 1.732 0.0 HB2 98 
   1385 35.236 0.0 CG 123 
   1209 4.164 0.0 HB2 110 
   1262 -0.968 0.0 HB3 114 
   1088 9.754 0.0 H 98 
   739 117.484 0.0 N 68 
   452 2.821 0.0 HB3 43 
   581 2.144 0.0 HG2 54 
   77 1.637 0.0 HD3 9 
   943 63.215 0.0 CB 86 
   95 175.801 0.0 C 10 
   1024 1.216 0.0 HG13 93 
   754 2.218 0.0 HB3 70 
   550 1.179 0.0 HG21 51 
   752 4.368 0.0 HA 70 
   839 9.187 0.0 H 77 
   1125 1.9 0.0 HG3 102 
   1178 51.578 0.0 CA 107 
   1122 3.604 0.0 HD2 102 
   1377 4.264 0.0 HA 123 
   1049 3.25 0.0 HD3 95 
   857 0.751 0.0 HG12 78 
   40 32.072 0.0 CB 4 
   745 2.478 0.0 HG3 69 
   397 6.565 0.0 HE1 39 
   606 3.195 0.0 HD2 56 
   596 173.52 0.0 C 55 
   66 9.283 0.0 H 8 
   284 50.19 0.0 CD 28 
   17 53.005 0.0 CA 2 
   391 7.838 0.0 H 39 
   1190 34.517 0.0 CB 108 
   1104 3.906 0.0 HA3 99 
   1141 120.322 0.0 N 103 
   149 2.895 0.0 HA2 16 
   467 39.01 0.0 CB 44 
   2 1.908 0.0 HB2 1 
   1384 32.175 0.0 CB 123 
   330 2.824 0.0 HD3 33 
   914 174.601 0.0 C 83 
   1153 34.296 0.0 CG 104 
   773 2.475 0.0 HB3 72 
   436 1.74 0.0 HD2 42 
   1202 55.671 0.0 CA 109 
   465 177.805 0.0 C 44 
   1002 5.619 0.0 HA 92 
   1233 7.09 0.0 HD1 112 
   466 61.65 0.0 CA 44 
   539 0.509 0.0 HG21 50 
   1234 7.09 0.0 HD2 112 
   370 117.801 0.0 CE1 36 
   344 63.245 0.0 CB 34 
   214 3.225 0.0 HD2 21 
   435 2.401 0.0 HB3 42 
   668 2.627 0.0 HB3 62 
   263 19.649 0.0 CB 25 
   883 22.906 0.0 CD2 79 
   491 38.35 0.0 CB 46 
   399 178.1 0.0 C 39 
   723 4.145 0.0 HA 67 
   1228 111.8 0.0 NE2 111 
   46 3.103 0.0 HB2 5 
   1213 66.524 0.0 CB 110 
   374 3.578 0.0 HA 37 
   1366 130.84 0.0 CE2 121 
   179 25.729 0.0 CD1 18 
   1066 171.75 0.0 C 96 
   292 177.415 0.0 C 29 
   888 4.158 0.0 HA3 80 
   45 4.584 0.0 HA 5 
   1297 3.345 0.0 HA2 117 
   1098 32.12 0.0 CB 98 
   697 119.384 0.0 N 64 
   713 7.586 0.0 H 66 
   1330 119.204 0.0 CE3 119 
   1255 35.782 0.0 CB 113 
   71 111.582 0.0 N 8 
   1092 3.211 0.0 HD2 98 
   806 44.31 0.0 CB 74 
   138 29.87 0.0 CB 14 
   78 2.937 0.0 HE2 9 
   1053 54.651 0.0 CA 95 
   206 177.003 0.0 C 20 
   1154 123.299 0.0 N 104 
   444 27.542 0.0 CB 42 
   934 127.105 0.0 N 84 
   618 2.735 0.0 HB2 57 
   735 1.68 0.0 HG3 68 
   279 1.333 0.0 HG2 28 
   236 4.518 0.0 HA 23 
   198 22.18 0.0 CD2 19 
   188 0.589 0.0 HD12 19 
   986 36.819 0.0 CB 90 
   1015 131.4 0.0 CE2 92 
   1163 113.911 0.0 N 105 
   1412 127.644 0.0 N 126 
   447 25.37 0.0 CG 42 
   742 2.066 0.0 HB2 69 
   432 7.516 0.0 H 42 
   526 8.501 0.0 H 49 
   1342 6.86 0.0 HE1 120 
   1251 1.61 0.0 HG2 113 
   402 117.405 0.0 CE1 39 
   1025 0.78 0.0 HG21 93 
   371 117.801 0.0 CE2 36 
   853 8.94 0.0 H 78 
   995 2.178 0.0 HG3 91 
   429 22.34 0.0 CD2 41 
   793 124.281 0.0 N 73 
   265 4.443 0.0 HA 26 
   958 8.529 0.0 H 88 
   457 8.229 0.0 H 44 
   288 1.619 0.0 HB2 29 
   67 3.52 0.0 HA2 8 
   486 6.77 0.0 HD2 46 
   63 59.829 0.0 CA 7 
   790 130.4 0.0 CD2 73 
   254 57.298 0.0 CA 24 
   139 126.164 0.0 N 14 
   396 6.665 0.0 HD2 39 
   333 177.29 0.0 C 33 
   1307 3.037 0.0 HD3 118 
   863 63.69 0.0 CA 78 
   1146 6.978 0.0 HE21 104 
   192 0.146 0.0 HD23 19 
   1156 8.499 0.0 H 105 
   792 130.3 0.0 CE2 73 
   972 72.876 0.0 CB 89 
   1108 8.975 0.0 H 100 
   654 131.3 0.0 CD2 59 
   1359 7.175 0.0 HE2 121 
   16 175.445 0.0 C 2 
   729 118.219 0.0 N 67 
   776 42.88 0.0 CB 72 
   237 1.524 0.0 HB2 23 
   758 56.417 0.0 CA 70 
   488 6.55 0.0 HE2 46 
   1378 1.863 0.0 HB2 123 
   1387 8.786 0.0 H 124 
   1152 33.32 0.0 CB 104 
   571 1.635 0.0 HG3 53 
   146 30.602 0.0 CB 15 
   1429 4.298 0.0 HA 128 
   299 1.341 0.0 HB1 30 
   663 59.65 0.0 CA 61 
   521 67.625 0.0 CA 48 
   106 6.55 0.0 HE1 11 
   315 1.147 0.0 HD23 31 
   798 0.739 0.0 HD11 74 
   989 121.506 0.0 N 90 
   1083 54.951 0.0 CA 97 
   582 2.144 0.0 HG3 54 
   746 179.081 0.0 C 69 
   393 1.212 0.0 HB2 39 
   1148 2.037 0.0 HG2 104 
   1341 6.888 0.0 HD2 120 
   1113 109.645 0.0 N 100 
   674 3.769 0.0 HA 63 
   1147 7.641 0.0 HE22 104 
   1057 122.839 0.0 N 95 
   1217 1.766 0.0 HB2 111 
   1118 108.265 0.0 N 101 
   1280 1.303 0.0 HB3 115 
   786 175.7 0.0 C 73 
   122 40.455 0.0 CB 12 
   877 0.689 0.0 HD23 79 
   990 9.047 0.0 H 91 
   847 175.2 0.0 C 77 
   1312 33.592 0.0 CB 118 
   646 7.195 0.0 HD1 59 
   725 3.645 0.0 HB3 67 
   1419 0.266 0.0 HG21 127 
   740 8.744 0.0 H 69 
   1248 1.708 0.0 HB3 113 
   1086 27.428 0.0 CG 97 
   178 39.261 0.0 CB 18 
   643 4.571 0.0 HA 59 
   680 0.909 0.0 HG22 63 
   734 1.901 0.0 HG2 68 
   196 40.21 0.0 CB 19 
   1401 33.107 0.0 CB 125 
   110 39.46 0.0 CB 11 
   913 2.205 0.0 HG3 83 
   221 43.564 0.0 CD 21 
   657 119.653 0.0 N 59 
   229 1.138 0.0 HG23 22 
   203 1.402 0.0 HB1 20 
   60 3.922 0.0 HB2 7 
   143 2.495 0.0 HB3 15 
   1179 31.258 0.0 CB 107 
   1348 133.1 0.0 CD2 120 
   497 0.204 0.0 HD12 47 
   1061 2.567 0.0 HB3 96 
   1326 175.5 0.0 C 119 
   936 3.74 0.0 HA3 85 
   660 3.215 0.0 HB3 61 
   757 176.9 0.0 C 70 
   251 3.745 0.0 HB2 24 
   881 42.361 0.0 CB 79 
   92 1.269 0.0 HG21 10 
   948 3.345 0.0 HD2 87 
   1357 6.727 0.0 HD2 121 
   272 7.106 0.0 H 27 
   664 31.254 0.0 CB 61 
   210 7.678 0.0 H 21 
   580 1.751 0.0 HB3 54 
   648 7.032 0.0 HE1 59 
   458 3.905 0.0 HA 44 
   653 131.3 0.0 CD1 59 
   1111 175.32 0.0 C 100 
   30 4.168 0.0 HA 4 
   331 0.87 0.0 HG2 33 
   309 1.028 0.0 HB3 31 
   29 7.153 0.0 H 4 
   187 0.589 0.0 HD11 19 
   1155 112.996 0.0 NE2 104 
   996 175.381 0.0 C 91 
   404 119.108 0.0 N 39 
   296 116.67 0.0 N 29 
   510 119.187 0.0 N 47 
   1022 0.535 0.0 HD13 93 
   1136 2.0 0.0 HG3 103 
   1343 6.86 0.0 HE2 120 
   956 27.468 0.0 CG 87 
   829 0.582 0.0 HD22 76 
   93 1.269 0.0 HG22 10 
   851 27.258 0.0 CG 77 
   1320 6.8 0.0 HD1 119 
   48 175.9 0.0 C 5 
   125 4.805 0.0 HA 13 
   1363 130.74 0.0 CD1 121 
   769 115.477 0.0 N 71 
   1222 2.355 0.0 HG3 111 
   1349 117.2 0.0 CE1 120 
   748 30.017 0.0 CB 69 
   463 7.192 0.0 HE1 44 
   771 4.985 0.0 HA 72 
   383 3.731 0.0 HA 38 
   184 3.623 0.0 HA 19 
   134 2.552 0.0 HB2 14 
   964 8.86 0.0 H 89 
   431 115.848 0.0 N 41 
   1 4.155 0.0 HA 1 
   557 121.694 0.0 N 51 
   587 114.777 0.0 N 54 
   421 0.717 0.0 HD21 41 
   1227 121.905 0.0 N 111 
   53 3.93 0.0 HA2 6 
   1300 45.22 0.0 CA 117 
   437 1.611 0.0 HD3 42 
   1334 121.469 0.0 N 119 
   1301 103.666 0.0 N 117 
   1372 172.256 0.0 C 122 
   14 6.792 0.0 HD21 2 
   324 8.704 0.0 H 32 
   406 3.956 0.0 HA 40 
   894 3.838 0.0 HB2 81 
   441 1.111 0.0 HG3 42 
   1305 1.514 0.0 HB3 118 
   720 17.675 0.0 CB 66 
   347 4.006 0.0 HA 35 
   717 1.416 0.0 HB3 66 
   572 178.7 0.0 C 53 
   984 173.64 0.0 C 90 
   159 1.735 0.0 HG3 17 
   507 10.335 0.0 CD1 47 
   492 119.529 0.0 N 46 
   74 1.533 0.0 HB2 9 
   1214 125.774 0.0 N 110 
   318 56.998 0.0 CA 31 
   563 43.019 0.0 CB 52 
   418 0.761 0.0 HD11 41 
   417 1.555 0.0 HB3 41 
   1236 7.192 0.0 HE2 112 
   1068 41.738 0.0 CB 96 
   605 1.95 0.0 HB3 56 
   1206 122.752 0.0 N 109 
   1310 173.805 0.0 C 118 
   766 172.0 0.0 C 71 
   1093 3.211 0.0 HD3 98 
   508 26.86 0.0 CG1 47 
   1095 1.576 0.0 HG3 98 
   1067 55.736 0.0 CA 96 
   1055 43.47 0.0 CD 95 
   278 2.142 0.0 HD3 28 
   941 172.805 0.0 C 86 
   297 7.812 0.0 H 30 
   677 0.998 0.0 HG12 63 
   998 31.557 0.0 CB 91 
   162 32.12 0.0 CB 17 
   282 64.51 0.0 CA 28 
   755 2.53 0.0 HG2 70 
   1294 43.34 0.0 CD 116 
   1351 115.506 0.0 N 120 
   174 0.718 0.0 HD23 18 
   1102 9.005 0.0 H 99 
   684 32.281 0.0 CB 63 
   5 2.222 0.0 HG3 1 
   647 7.195 0.0 HD2 59 
   882 25.182 0.0 CD1 79 
   121 56.0 0.0 CA 12 
   904 172.65 0.0 C 82 
   1034 118.019 0.0 N 93 
   650 174.42 0.0 C 59 
   686 20.93 0.0 CG2 63 
   248 118.381 0.0 N 23 
   634 1.6 0.0 HG 58 
   622 39.937 0.0 CB 57 
   160 177.301 0.0 C 17 
   294 28.57 0.0 CB 29 
   79 2.903 0.0 HE3 9 
   929 55.741 0.0 CA 84 
   911 1.923 0.0 HB3 83 
   76 1.637 0.0 HD2 9 
   245 33.978 0.0 CB 23 
   219 56.614 0.0 CA 21 
   130 42.509 0.0 CB 13 
   487 6.55 0.0 HE1 46 
   503 0.479 0.0 HG23 47 
   199 28.47 0.0 CG 19 
   1252 1.343 0.0 HG3 113 
   694 176.82 0.0 C 64 
   626 1.705 0.0 HB2 58 
   129 53.219 0.0 CA 13 
   546 103.746 0.0 N 50 
   733 2.234 0.0 HB3 68 
   893 5.342 0.0 HA 81 
   1020 0.535 0.0 HD11 93 
   1131 8.534 0.0 H 103 
   1394 4.687 0.0 HA 125 
   970 173.801 0.0 C 89 
   897 57.259 0.0 CA 81 
   337 27.53 0.0 CG 33 
   961 172.34 0.0 C 88 
   158 1.735 0.0 HG2 17 
   1039 1.937 0.0 HB3 94 
   939 4.197 0.0 HB2 86 
   1064 7.28 0.0 HE1 96 
   709 29.462 0.0 CB 65 
   1099 44.307 0.0 CD 98 
   366 62.75 0.0 CA 36 
   321 26.56 0.0 CD2 31 
   529 1.945 0.0 HB3 49 
   226 4.224 0.0 HB 22 
   1327 57.495 0.0 CA 119 
   543 61.38 0.0 CA 50 
