   806 44.31 0.0 CB 74 
   767 58.754 0.0 CA 71 
   1332 115.4 0.0 CZ2 119 
   1297 3.345 0.0 HA2 117 
   204 1.402 0.0 HB2 20 
   752 4.368 0.0 HA 70 
   878 1.524 0.0 HG 79 
   87 25.43 0.0 CG 9 
   973 21.775 0.0 CG2 89 
   109 61.54 0.0 CA 11 
   1160 173.605 0.0 C 105 
   647 7.195 0.0 HD2 59 
   310 1.035 0.0 HD11 31 
   614 28.048 0.0 CG 56 
   906 66.204 0.0 CB 82 
   381 121.482 0.0 N 37 
   335 29.362 0.0 CB 33 
   320 23.15 0.0 CD1 31 
   1398 2.177 0.0 HG3 125 
   160 177.301 0.0 C 17 
   735 1.68 0.0 HG3 68 
   325 122.625 0.0 N 32 
   1137 175.818 0.0 C 103 
   937 47.314 0.0 CA 85 
   717 1.416 0.0 HB3 66 
   498 0.204 0.0 HD13 47 
   247 26.234 0.0 CG 23 
   13 2.932 0.0 HB3 2 
   1401 33.107 0.0 CB 125 
   645 2.925 0.0 HB3 59 
   502 0.479 0.0 HG22 47 
   986 36.819 0.0 CB 90 
   1331 124.3 0.0 CH2 119 
   1066 171.75 0.0 C 96 
   935 4.11 0.0 HA2 85 
   683 65.63 0.0 CA 63 
   1064 7.28 0.0 HE1 96 
   688 7.698 0.0 H 64 
   1400 54.435 0.0 CA 125 
   521 67.625 0.0 CA 48 
   817 57.14 0.0 CA 75 
   66 9.283 0.0 H 8 
   22 4.002 0.0 HA 3 
   531 2.295 0.0 HG3 49 
   795 4.432 0.0 HA 74 
   1004 2.985 0.0 HB3 92 
   1021 0.535 0.0 HD12 93 
   25 178.12 0.0 C 3 
   681 0.909 0.0 HG23 63 
   1125 1.9 0.0 HG3 102 
   401 35.75 0.0 CB 39 
   159 1.735 0.0 HG3 17 
   244 54.444 0.0 CA 23 
   377 1.502 0.0 HB3 37 
   627 1.619 0.0 HB3 58 
   1194 4.95 0.0 HA 109 
   450 4.875 0.0 HA 43 
   1185 1.564 0.0 HB3 108 
   430 27.053 0.0 CG 41 
   1333 121.55 0.0 CZ3 119 
   412 17.695 0.0 CB 40 
   756 2.383 0.0 HG3 70 
   957 119.907 0.0 N 87 
   787 60.0 0.0 CA 73 
   1072 130.76 0.0 CE2 96 
   983 1.127 0.0 HG23 90 
   831 1.027 0.0 HG 76 
   1142 8.938 0.0 H 104 
   287 3.38 0.0 HA 29 
   211 3.989 0.0 HA 21 
   963 107.686 0.0 N 88 
   7 57.135 0.0 CA 1 
   955 43.15 0.0 CD 87 
   476 2.593 0.0 HB3 45 
   1050 1.66 0.0 HG2 95 
   801 0.741 0.0 HD21 74 
   785 6.582 0.0 HE2 73 
   137 60.369 0.0 CA 14 
   431 115.848 0.0 N 41 
   34 0.979 0.0 HG13 4 
   1267 -0.462 0.0 HG2 114 
   770 8.706 0.0 H 72 
   757 176.9 0.0 C 70 
   321 26.56 0.0 CD2 31 
   1000 129.755 0.0 N 91 
   948 3.345 0.0 HD2 87 
   67 3.52 0.0 HA2 8 
   1026 0.78 0.0 HG22 93 
   230 174.64 0.0 C 22 
   274 2.61 0.0 HA 28 
   1210 4.024 0.0 HB3 110 
   543 61.38 0.0 CA 50 
   705 1.16 0.0 HG2 65 
   229 1.138 0.0 HG23 22 
   190 0.146 0.0 HD21 19 
   134 2.552 0.0 HB2 14 
   89 8.784 0.0 H 10 
   147 124.741 0.0 N 15 
   323 119.402 0.0 N 31 
   301 1.341 0.0 HB3 30 
   1402 35.961 0.0 CG 125 
   539 0.509 0.0 HG21 50 
   177 57.052 0.0 CA 18 
   1382 173.108 0.0 C 123 
   888 4.158 0.0 HA3 80 
   1082 174.825 0.0 C 97 
   1345 57.29 0.0 CA 120 
   856 0.751 0.0 HG11 78 
   998 31.557 0.0 CB 91 
   724 3.253 0.0 HB2 67 
   800 0.739 0.0 HD13 74 
   1425 21.54 0.0 CG1 127 
   1206 122.752 0.0 N 109 
   919 9.104 0.0 H 84 
   475 2.716 0.0 HB2 45 
   589 4.668 0.0 HA 55 
   142 2.595 0.0 HB2 15 
   1042 22.085 0.0 CB 94 
   1190 34.517 0.0 CB 108 
   575 50.1 0.0 CD 53 
   243 174.2 0.0 C 23 
   1310 173.805 0.0 C 118 
   157 3.281 0.0 HD3 17 
   1323 6.967 0.0 HH2 119 
   215 3.225 0.0 HD3 21 
   233 22.556 0.0 CG2 22 
   426 54.401 0.0 CA 41 
   496 0.204 0.0 HD11 47 
   547 7.748 0.0 H 51 
   849 32.628 0.0 CB 77 
   929 55.741 0.0 CA 84 
   710 43.29 0.0 CD 65 
   1361 58.524 0.0 CA 121 
   1020 0.535 0.0 HD11 93 
   866 21.285 0.0 CG2 78 
   306 7.782 0.0 H 31 
   755 2.53 0.0 HG2 70 
   504 178.5 0.0 C 47 
   1057 122.839 0.0 N 95 
   593 3.145 0.0 HD3 55 
   57 107.14 0.0 N 6 
   1249 3.346 0.0 HD2 113 
   202 4.243 0.0 HA 20 
   273 109.233 0.0 N 27 
   1239 44.342 0.0 CB 112 
   1418 0.549 0.0 HG13 127 
   939 4.197 0.0 HB2 86 
   453 174.95 0.0 C 43 
   1413 7.916 0.0 H 127 
   1426 20.19 0.0 CG2 127 
   701 0.906 0.0 HB2 65 
   1103 3.975 0.0 HA2 99 
   542 173.401 0.0 C 50 
   113 118.8 0.0 CE1 11 
   237 1.524 0.0 HB2 23 
   776 42.88 0.0 CB 72 
   631 0.806 0.0 HD21 58 
   339 4.736 0.0 HA 34 
   1166 3.271 0.0 HB2 106 
   439 3.169 0.0 HE3 42 
   1105 175.4 0.0 C 99 
   744 2.258 0.0 HG2 69 
   858 0.751 0.0 HG13 78 
   635 177.0 0.0 C 58 
   1341 6.888 0.0 HD2 120 
   1319 2.643 0.0 HB3 119 
   1079 3.228 0.0 HD3 97 
   1201 176.252 0.0 C 109 
   907 115.128 0.0 N 82 
   1386 113.946 0.0 N 123 
   832 175.7 0.0 C 76 
   665 8.376 0.0 H 62 
   128 175.205 0.0 C 13 
   931 29.25 0.0 CD 84 
   1276 9.291 0.0 H 115 
   68 4.247 0.0 HA3 8 
   1034 118.019 0.0 N 93 
   869 4.345 0.0 HA 79 
   740 8.744 0.0 H 69 
   985 62.035 0.0 CA 90 
   1109 3.905 0.0 HA2 100 
   256 116.451 0.0 N 24 
   1017 9.184 0.0 H 93 
   1222 2.355 0.0 HG3 111 
   1392 109.592 0.0 N 124 
   839 9.187 0.0 H 77 
   528 1.945 0.0 HB2 49 
   152 110.257 0.0 N 16 
   733 2.234 0.0 HB3 68 
   738 32.56 0.0 CB 68 
   881 42.361 0.0 CB 79 
   326 3.481 0.0 HA 33 
   585 29.521 0.0 CB 54 
   198 22.18 0.0 CD2 19 
   1315 121.34 0.0 N 118 
   331 0.87 0.0 HG2 33 
   491 38.35 0.0 CB 46 
   382 8.298 0.0 H 38 
   582 2.144 0.0 HG3 54 
   1158 3.656 0.0 HB2 105 
   1334 121.469 0.0 N 119 
   1018 5.199 0.0 HA 93 
   1089 4.874 0.0 HA 98 
   1264 0.784 0.0 HD3 114 
   1117 44.635 0.0 CA 101 
   942 58.208 0.0 CA 86 
   880 56.012 0.0 CA 79 
   86 41.986 0.0 CE 9 
   70 45.052 0.0 CA 8 
   1152 33.32 0.0 CB 104 
   354 30.325 0.0 CB 35 
   855 1.94 0.0 HB 78 
   1144 0.798 0.0 HB2 104 
   1395 1.946 0.0 HB2 125 
   373 8.907 0.0 H 37 
   632 0.806 0.0 HD22 58 
   1369 4.517 0.0 HA 122 
   44 8.155 0.0 H 5 
   1430 2.607 0.0 HB2 128 
   376 1.502 0.0 HB2 37 
   464 7.192 0.0 HE2 44 
   835 25.728 0.0 CD1 76 
   427 40.89 0.0 CB 41 
   201 8.213 0.0 H 20 
   659 3.312 0.0 HB2 61 
   1407 1.334 0.0 HB2 126 
   5 2.222 0.0 HG3 1 
   319 39.75 0.0 CB 31 
   181 28.33 0.0 CG 18 
   890 45.632 0.0 CA 80 
   1363 130.74 0.0 CD1 121 
   501 0.479 0.0 HG21 47 
   743 2.139 0.0 HB3 69 
   4 2.222 0.0 HG2 1 
   465 177.805 0.0 C 44 
   524 21.395 0.0 CG2 48 
   60 3.922 0.0 HB2 7 
   1434 129.886 0.0 N 128 
   194 179.45 0.0 C 19 
   471 130.2 0.0 CE2 44 
   364 6.75 0.0 HE2 36 
   407 1.098 0.0 HB1 40 
   1081 1.566 0.0 HG3 97 
   959 3.563 0.0 HA2 88 
   1132 4.002 0.0 HA 103 
   85 29.151 0.0 CD 9 
   1028 175.6 0.0 C 93 
   596 173.52 0.0 C 55 
   1213 66.524 0.0 CB 110 
   560 2.623 0.0 HB2 52 
   172 0.718 0.0 HD21 18 
   728 28.554 0.0 CB 67 
   1390 172.204 0.0 C 124 
   82 176.429 0.0 C 9 
   456 123.108 0.0 N 43 
   882 25.182 0.0 CD1 79 
   424 1.664 0.0 HG 41 
   899 113.782 0.0 N 81 
   1191 36.823 0.0 CG 108 
   1263 0.874 0.0 HD2 114 
   1265 2.17 0.0 HE2 114 
   661 7.15 0.0 HD2 61 
   1409 177.6 0.0 C 126 
   818 33.51 0.0 CB 75 
   1130 27.111 0.0 CG 102 
   1 4.155 0.0 HA 1 
   1188 173.31 0.0 C 108 
   1099 44.307 0.0 CD 98 
   844 3.09 0.0 HD3 77 
   1277 4.579 0.0 HA 115 
   518 0.798 0.0 HG22 48 
   1302 7.628 0.0 H 118 
   584 57.145 0.0 CA 54 
   327 0.908 0.0 HB2 33 
   616 8.78 0.0 H 57 
   791 130.3 0.0 CE1 73 
   52 7.704 0.0 H 6 
   1010 56.13 0.0 CA 92 
   27 28.658 0.0 CB 3 
   722 7.759 0.0 H 67 
   272 7.106 0.0 H 27 
   1133 1.744 0.0 HB2 103 
   226 4.224 0.0 HB 22 
   1329 125.3 0.0 CD1 119 
   295 36.955 0.0 CG 29 
   184 3.623 0.0 HA 19 
   281 176.9 0.0 C 28 
   1126 176.9 0.0 C 102 
   1008 7.082 0.0 HE2 92 
   815 1.996 0.0 HG3 75 
   1349 117.2 0.0 CE1 120 
   1085 43.79 0.0 CD 97 
   1038 1.937 0.0 HB2 94 
   9 36.326 0.0 CG 1 
   84 35.172 0.0 CB 9 
   196 40.21 0.0 CB 19 
   1381 1.878 0.0 HG3 123 
   930 33.692 0.0 CB 84 
   863 63.69 0.0 CA 78 
   88 120.607 0.0 N 9 
   1431 2.483 0.0 HB3 128 
   927 1.366 0.0 HG2 84 
   385 1.672 0.0 HB2 38 
   1338 2.695 0.0 HB2 120 
   769 115.477 0.0 N 71 
   1225 30.155 0.0 CB 111 
   1321 10.114 0.0 HE1 119 
   1318 2.77 0.0 HB2 119 
   889 171.34 0.0 C 80 
   802 0.741 0.0 HD22 74 
   765 3.17 0.0 HB3 71 
   625 4.331 0.0 HA 58 
   523 23.105 0.0 CG1 48 
   956 27.468 0.0 CG 87 
   508 26.86 0.0 CG1 47 
   525 122.147 0.0 N 48 
   433 4.352 0.0 HA 42 
   610 177.209 0.0 C 56 
   176 181.207 0.0 C 18 
   397 6.565 0.0 HE1 39 
   982 1.127 0.0 HG22 90 
   300 1.341 0.0 HB2 30 
   271 19.685 0.0 CB 26 
   1044 9.352 0.0 H 95 
   460 3.082 0.0 HB3 44 
   1428 7.901 0.0 H 128 
   1266 2.265 0.0 HE3 114 
   607 3.195 0.0 HD3 56 
   551 1.179 0.0 HG22 51 
   786 175.7 0.0 C 73 
   372 120.099 0.0 N 36 
   696 39.218 0.0 CB 64 
   732 2.781 0.0 HB2 68 
   345 111.582 0.0 N 34 
   97 69.47 0.0 CB 10 
   408 1.098 0.0 HB2 40 
   1275 129.57 0.0 N 114 
   313 1.147 0.0 HD21 31 
   1106 47.294 0.0 CA 99 
   1053 54.651 0.0 CA 95 
   753 2.006 0.0 HB2 70 
   633 0.806 0.0 HD23 58 
   911 1.923 0.0 HB3 83 
   848 54.625 0.0 CA 77 
   80 1.399 0.0 HG2 9 
   618 2.735 0.0 HB2 57 
   83 54.561 0.0 CA 9 
   203 1.402 0.0 HB1 20 
   402 117.405 0.0 CE1 39 
   38 175.39 0.0 C 4 
   893 5.342 0.0 HA 81 
   793 124.281 0.0 N 73 
   522 32.041 0.0 CB 48 
   165 6.545 0.0 H 18 
   1262 -0.968 0.0 HB3 114 
   378 178.2 0.0 C 37 
   414 8.557 0.0 H 41 
   703 2.83 0.0 HD2 65 
   303 54.5 0.0 CA 30 
   699 8.562 0.0 H 65 
   991 5.776 0.0 HA 91 
   69 174.204 0.0 C 8 
   129 53.219 0.0 CA 13 
   763 5.268 0.0 HA 71 
   239 3.047 0.0 HD2 23 
   962 45.449 0.0 CA 88 
   169 0.885 0.0 HD11 18 
   143 2.495 0.0 HB3 15 
   671 40.155 0.0 CB 62 
   586 36.72 0.0 CG 54 
   1055 43.47 0.0 CD 95 
   1270 53.831 0.0 CA 114 
   148 8.026 0.0 H 16 
   974 115.849 0.0 N 89 
   774 175.305 0.0 C 72 
   1090 1.732 0.0 HB2 98 
   448 116.255 0.0 N 42 
   706 1.16 0.0 HG3 65 
   1274 24.66 0.0 CG 114 
   1300 45.22 0.0 CA 117 
   18 38.025 0.0 CB 2 
   904 172.65 0.0 C 82 
   1307 3.037 0.0 HD3 118 
   1084 34.642 0.0 CB 97 
   421 0.717 0.0 HD21 41 
   1416 0.549 0.0 HG11 127 
   419 0.761 0.0 HD12 41 
   807 25.72 0.0 CD1 74 
   1294 43.34 0.0 CD 116 
   1163 113.911 0.0 N 105 
   1029 60.483 0.0 CA 93 
   1195 1.509 0.0 HB2 109 
   104 7.598 0.0 HD1 11 
   413 121.155 0.0 N 40 
   1116 4.288 0.0 HA3 101 
   1047 1.75 0.0 HB3 95 
   1025 0.78 0.0 HG21 93 
   1247 1.796 0.0 HB2 113 
   422 0.717 0.0 HD22 41 
   754 2.218 0.0 HB3 70 
   548 4.625 0.0 HA 51 
   1198 3.139 0.0 HD3 109 
   1372 172.256 0.0 C 122 
   125 4.805 0.0 HA 13 
   1322 7.275 0.0 HE3 119 
   679 0.909 0.0 HG21 63 
   570 1.635 0.0 HG2 53 
   1015 131.4 0.0 CE2 92 
   721 120.92 0.0 N 66 
   883 22.906 0.0 CD2 79 
   604 1.897 0.0 HB2 56 
   55 176.304 0.0 C 6 
   567 2.232 0.0 HB3 53 
   988 22.42 0.0 CG2 90 
   348 1.396 0.0 HB2 35 
   746 179.081 0.0 C 69 
   1246 5.608 0.0 HA 113 
   838 126.577 0.0 N 76 
   1207 9.762 0.0 H 110 
   41 21.175 0.0 CG1 4 
   486 6.77 0.0 HD2 46 
   246 43.34 0.0 CD 23 
   824 -0.729 0.0 HB3 76 
   260 1.324 0.0 HB2 25 
   590 1.625 0.0 HB2 55 
   1217 1.766 0.0 HB2 111 
   1404 8.632 0.0 H 126 
   559 3.741 0.0 HA 52 
   834 41.951 0.0 CB 76 
   1412 127.644 0.0 N 126 
   98 22.425 0.0 CG2 10 
   1337 4.943 0.0 HA 120 
   708 59.999 0.0 CA 65 
   685 22.675 0.0 CG1 63 
   286 8.098 0.0 H 29 
   296 116.67 0.0 N 29 
   342 175.96 0.0 C 34 
   792 130.3 0.0 CE2 73 
   490 62.32 0.0 CA 46 
   334 60.318 0.0 CA 33 
   995 2.178 0.0 HG3 91 
   91 4.483 0.0 HB 10 
   1371 3.268 0.0 HB3 122 
   1328 31.82 0.0 CB 119 
   30 4.168 0.0 HA 4 
   1001 9.171 0.0 H 92 
   1075 4.526 0.0 HA 97 
   26 63.959 0.0 CA 3 
   356 125.552 0.0 N 35 
   161 64.78 0.0 CA 17 
   773 2.475 0.0 HB3 72 
   1226 32.464 0.0 CG 111 
   1199 1.376 0.0 HG2 109 
   1022 0.535 0.0 HD13 93 
   308 1.591 0.0 HB2 31 
   1373 60.295 0.0 CA 122 
   1061 2.567 0.0 HB3 96 
   946 2.018 0.0 HB2 87 
   646 7.195 0.0 HD1 59 
   108 178.9 0.0 C 11 
   1118 108.265 0.0 N 101 
   897 57.259 0.0 CA 81 
   261 1.324 0.0 HB3 25 
   656 129.0 0.0 CE2 59 
   1153 34.296 0.0 CG 104 
   1421 0.266 0.0 HG23 127 
   466 61.65 0.0 CA 44 
   517 0.798 0.0 HG21 48 
   1350 117.2 0.0 CE2 120 
   1242 130.35 0.0 CE1 112 
   775 52.5 0.0 CA 72 
   205 1.402 0.0 HB3 20 
   1255 35.782 0.0 CB 113 
   1367 122.001 0.0 N 121 
   1257 28.88 0.0 CG 113 
   141 4.006 0.0 HA 15 
   1256 43.47 0.0 CD 113 
   1174 2.829 0.0 HB2 107 
   682 178.94 0.0 C 63 
   967 1.236 0.0 HG21 89 
   115 124.022 0.0 N 11 
   1127 62.11 0.0 CA 102 
   649 7.032 0.0 HE2 59 
   621 55.375 0.0 CA 57 
   1420 0.266 0.0 HG22 127 
   227 1.138 0.0 HG21 22 
   138 29.87 0.0 CB 14 
   940 4.069 0.0 HB3 86 
   440 1.559 0.0 HG2 42 
   264 124.685 0.0 N 25 
   1383 55.575 0.0 CA 123 
   1219 6.732 0.0 HE21 111 
   72 7.934 0.0 H 9 
   472 122.987 0.0 N 44 
   574 32.371 0.0 CB 53 
   1104 3.906 0.0 HA3 99 
   714 4.151 0.0 HA 66 
   1284 3.841 0.0 HA 116 
   45 4.584 0.0 HA 5 
   462 7.23 0.0 HD2 44 
   1370 3.554 0.0 HB2 122 
   1385 35.236 0.0 CG 123 
   694 176.82 0.0 C 64 
   1120 1.866 0.0 HB2 102 
   1170 33.628 0.0 CB 106 
   945 5.606 0.0 HA 87 
   1374 64.524 0.0 CB 122 
   1231 2.355 0.0 HB2 112 
   660 3.215 0.0 HB3 61 
   398 6.565 0.0 HE2 39 
   1063 6.815 0.0 HD2 96 
   1193 8.473 0.0 H 109 
   684 32.281 0.0 CB 63 
   81 1.315 0.0 HG3 9 
   1351 115.506 0.0 N 120 
   709 29.462 0.0 CB 65 
   1423 61.46 0.0 CA 127 
   1134 1.823 0.0 HB3 103 
   612 30.658 0.0 CB 56 
   609 1.788 0.0 HG3 56 
   495 1.73 0.0 HB 47 
   771 4.985 0.0 HA 72 
   1364 130.74 0.0 CD2 121 
   1107 117.554 0.0 N 99 
   1230 5.485 0.0 HA 112 
   538 4.595 0.0 HB 50 
   423 0.717 0.0 HD23 41 
   536 7.115 0.0 H 50 
   483 2.559 0.0 HB2 46 
   1162 65.457 0.0 CB 105 
   106 6.55 0.0 HE1 11 
   1221 2.437 0.0 HG2 111 
   809 123.697 0.0 N 74 
   952 175.019 0.0 C 87 
   1378 1.863 0.0 HB2 123 
   1007 7.082 0.0 HE1 92 
   1273 41.456 0.0 CE 114 
   103 3.085 0.0 HB3 11 
   788 38.32 0.0 CB 73 
   1101 128.385 0.0 N 98 
   727 60.29 0.0 CA 67 
   1169 55.849 0.0 CA 106 
   1389 4.955 0.0 HA3 124 
   1148 2.037 0.0 HG2 104 
   346 8.345 0.0 H 35 
   1212 59.029 0.0 CA 110 
   692 6.936 0.0 HD21 64 
   1352 9.316 0.0 H 121 
   1097 55.288 0.0 CA 98 
   820 119.876 0.0 N 75 
   634 1.6 0.0 HG 58 
   79 2.903 0.0 HE3 9 
   1168 172.62 0.0 C 106 
   1056 27.88 0.0 CG 95 
   1227 121.905 0.0 N 111 
   1060 2.068 0.0 HB2 96 
   1156 8.499 0.0 H 105 
   970 173.801 0.0 C 89 
   318 56.998 0.0 CA 31 
   267 1.485 0.0 HB2 26 
   447 25.37 0.0 CG 42 
   1304 1.421 0.0 HB2 118 
   1091 1.925 0.0 HB3 98 
   207 52.729 0.0 CA 20 
   492 119.529 0.0 N 46 
   187 0.589 0.0 HD11 19 
   1362 40.107 0.0 CB 121 
   992 1.996 0.0 HB2 91 
   154 1.368 0.0 HB2 17 
   1281 51.415 0.0 CA 115 
   474 4.235 0.0 HA 45 
   544 69.63 0.0 CB 50 
   1271 32.422 0.0 CB 114 
   396 6.665 0.0 HD2 39 
   93 1.269 0.0 HG22 10 
   146 30.602 0.0 CB 15 
   623 116.726 0.0 N 57 
   1005 7.035 0.0 HD1 92 
   925 3.003 0.0 HE2 84 
   61 3.696 0.0 HB3 7 
   789 130.4 0.0 CD1 73 
   1223 174.94 0.0 C 111 
   796 1.361 0.0 HB2 74 
   380 18.245 0.0 CB 37 
   292 177.415 0.0 C 29 
   168 1.8 0.0 HB3 18 
   371 117.801 0.0 CE2 36 
   3 2.003 0.0 HB3 1 
   749 36.968 0.0 CG 69 
   51 120.403 0.0 N 5 
   343 60.984 0.0 CA 34 
   1159 3.656 0.0 HB3 105 
   622 39.937 0.0 CB 57 
   19 118.889 0.0 N 2 
   1172 8.819 0.0 H 107 
   909 4.892 0.0 HA 83 
   127 2.715 0.0 HB3 13 
   298 3.898 0.0 HA 30 
   6 176.41 0.0 C 1 
   340 3.692 0.0 HB2 34 
   1268 0.415 0.0 HG3 114 
   1006 7.035 0.0 HD2 92 
   532 58.85 0.0 CA 49 
   1102 9.005 0.0 H 99 
   1282 21.244 0.0 CB 115 
   461 7.23 0.0 HD1 44 
   1030 42.274 0.0 CB 93 
   276 0.895 0.0 HB3 28 
   1403 119.909 0.0 N 125 
   1399 174.408 0.0 C 125 
   470 130.2 0.0 CE1 44 
   1317 4.567 0.0 HA 119 
   1071 130.76 0.0 CE1 96 
   1013 132.1 0.0 CD2 92 
   1167 3.578 0.0 HB3 106 
   46 3.103 0.0 HB2 5 
   361 6.665 0.0 HD1 36 
   620 176.8 0.0 C 57 
   550 1.179 0.0 HG21 51 
   312 1.035 0.0 HD13 31 
   996 175.381 0.0 C 91 
   872 0.654 0.0 HD11 79 
   884 28.23 0.0 CG 79 
   913 2.205 0.0 HG3 83 
   1305 1.514 0.0 HB3 118 
   1303 4.552 0.0 HA 118 
   54 4.38 0.0 HA3 6 
   1113 109.645 0.0 N 100 
   221 43.564 0.0 CD 21 
   145 64.155 0.0 CA 15 
   118 2.63 0.0 HB2 12 
   698 113.408 0.0 ND2 64 
   914 174.601 0.0 C 83 
   1076 1.689 0.0 HB2 97 
   734 1.901 0.0 HG2 68 
   1288 3.215 0.0 HD3 116 
   257 8.255 0.0 H 25 
   860 0.813 0.0 HG22 78 
   220 27.115 0.0 CB 21 
   236 4.518 0.0 HA 23 
   399 178.1 0.0 C 39 
   124 7.445 0.0 H 13 
   587 114.777 0.0 N 54 
   837 27.682 0.0 CG 76 
   1286 1.977 0.0 HB3 116 
   116 8.466 0.0 H 12 
   132 7.486 0.0 H 14 
   155 2.166 0.0 HB3 17 
   650 174.42 0.0 C 59 
   999 36.712 0.0 CG 91 
   1035 9.654 0.0 H 94 
   1165 4.998 0.0 HA 106 
   643 4.571 0.0 HA 59 
   291 1.995 0.0 HG3 29 
   315 1.147 0.0 HD23 31 
   564 127.871 0.0 N 52 
   1339 2.875 0.0 HB3 120 
   554 64.045 0.0 CA 51 
   902 3.83 0.0 HB2 82 
   964 8.86 0.0 H 89 
   497 0.204 0.0 HD12 47 
   1086 27.428 0.0 CG 97 
   826 0.564 0.0 HD12 76 
   53 3.93 0.0 HA2 6 
   100 8.849 0.0 H 11 
   1139 30.075 0.0 CB 103 
   2 1.908 0.0 HB2 1 
   251 3.745 0.0 HB2 24 
   887 4.158 0.0 HA2 80 
   642 7.394 0.0 H 59 
   454 51.354 0.0 CA 43 
   1292 56.584 0.0 CA 116 
   1422 174.707 0.0 C 127 
   987 22.264 0.0 CG1 90 
   1108 8.975 0.0 H 100 
   359 2.601 0.0 HB2 36 
   953 54.544 0.0 CA 87 
   923 1.726 0.0 HD2 84 
   852 127.184 0.0 N 77 
   1290 1.586 0.0 HG3 116 
   362 6.665 0.0 HD2 36 
   1073 120.365 0.0 N 96 
   597 54.441 0.0 CA 55 
   344 63.245 0.0 CB 34 
   1218 2.263 0.0 HB3 111 
   379 55.295 0.0 CA 37 
   577 8.334 0.0 H 54 
   1346 42.25 0.0 CB 120 
   499 1.064 0.0 HG12 47 
   151 48.106 0.0 CA 16 
   841 1.734 0.0 HB2 77 
   158 1.735 0.0 HG2 17 
   1228 111.8 0.0 NE2 111 
   1384 32.175 0.0 CB 123 
   1016 124.784 0.0 N 92 
   1234 7.09 0.0 HD2 112 
   494 3.075 0.0 HA 47 
   1396 2.028 0.0 HB3 125 
   862 176.104 0.0 C 78 
   1316 8.981 0.0 H 119 
   1183 4.864 0.0 HA 108 
   241 1.415 0.0 HG2 23 
   516 0.502 0.0 HG13 48 
   1171 126.101 0.0 N 106 
   330 2.824 0.0 HD3 33 
   263 19.649 0.0 CB 25 
   425 176.25 0.0 C 41 
   808 22.606 0.0 CD2 74 
   1161 57.248 0.0 CA 105 
   639 22.596 0.0 CD2 58 
   1135 2.126 0.0 HG2 103 
   739 117.484 0.0 N 68 
   936 3.74 0.0 HA3 85 
   810 7.719 0.0 H 75 
   288 1.619 0.0 HB2 29 
   916 33.087 0.0 CB 83 
   861 0.813 0.0 HG23 78 
   825 0.564 0.0 HD11 76 
   23 2.6 0.0 HB2 3 
   1424 32.581 0.0 CB 127 
   605 1.95 0.0 HB3 56 
   1348 133.1 0.0 CD2 120 
   1354 2.879 0.0 HB2 121 
   1054 33.572 0.0 CB 95 
   484 2.899 0.0 HB3 46 
   117 4.179 0.0 HA 12 
   120 175.224 0.0 C 12 
   707 177.82 0.0 C 65 
   713 7.586 0.0 H 66 
   258 4.116 0.0 HA 25 
   1365 130.84 0.0 CE1 121 
   1115 4.033 0.0 HA2 101 
   938 4.317 0.0 HA 86 
   1175 3.482 0.0 HB3 107 
   1187 2.103 0.0 HG3 108 
   29 7.153 0.0 H 4 
   218 176.109 0.0 C 21 
   355 43.64 0.0 CD 35 
   266 1.485 0.0 HB1 26 
   1009 171.85 0.0 C 92 
   455 40.453 0.0 CB 43 
   420 0.761 0.0 HD13 41 
   245 33.978 0.0 CB 23 
   1070 131.6 0.0 CD2 96 
   1235 7.192 0.0 HE1 112 
   1261 0.78 0.0 HB2 114 
   488 6.55 0.0 HE2 46 
   1283 130.852 0.0 N 115 
   1146 6.978 0.0 HE21 104 
   667 2.758 0.0 HB2 62 
   751 7.986 0.0 H 70 
   519 0.798 0.0 HG23 48 
   1049 3.25 0.0 HD3 95 
   429 22.34 0.0 CD2 41 
   162 32.12 0.0 CB 17 
   798 0.739 0.0 HD11 74 
   513 2.008 0.0 HB 48 
   984 173.64 0.0 C 90 
   1260 4.664 0.0 HA 114 
   641 118.45 0.0 N 58 
   437 1.611 0.0 HD3 42 
   729 118.219 0.0 N 67 
   1179 31.258 0.0 CB 107 
   595 1.669 0.0 HG3 55 
   228 1.138 0.0 HG22 22 
   206 177.003 0.0 C 20 
   1196 1.743 0.0 HB3 109 
   144 176.5 0.0 C 15 
   553 173.901 0.0 C 51 
   503 0.479 0.0 HG23 47 
   949 3.345 0.0 HD3 87 
   846 1.498 0.0 HG3 77 
   189 0.589 0.0 HD13 19 
   1229 9.143 0.0 H 112 
   689 4.798 0.0 HA 64 
   766 172.0 0.0 C 71 
   920 4.584 0.0 HA 84 
   173 0.718 0.0 HD22 18 
   505 61.81 0.0 CA 47 
   1121 2.271 0.0 HB3 102 
   555 68.659 0.0 CB 51 
   891 106.586 0.0 N 80 
   99 112.657 0.0 N 10 
   35 0.979 0.0 HG21 4 
   393 1.212 0.0 HB2 39 
   1397 2.216 0.0 HG2 125 
   1408 1.334 0.0 HB3 126 
   617 4.653 0.0 HA 57 
   1110 3.905 0.0 HA3 100 
   1254 54.651 0.0 CA 113 
   467 39.01 0.0 CB 44 
   1429 4.298 0.0 HA 128 
   979 0.545 0.0 HG12 90 
   783 7.023 0.0 HD2 73 
   598 31.582 0.0 CB 55 
   192 0.146 0.0 HD23 19 
   1186 2.103 0.0 HG2 108 
   1214 125.774 0.0 N 110 
   870 1.251 0.0 HB2 79 
   32 0.979 0.0 HG11 4 
   876 0.689 0.0 HD22 79 
   469 131.0 0.0 CD2 44 
   338 7.582 0.0 H 34 
   1200 1.376 0.0 HG3 109 
   1388 4.231 0.0 HA2 124 
   438 3.341 0.0 HE2 42 
   71 111.582 0.0 N 8 
   777 122.633 0.0 N 72 
   731 3.74 0.0 HA 68 
   651 57.15 0.0 CA 59 
   28 124.395 0.0 N 3 
   21 9.38 0.0 H 3 
   1252 1.343 0.0 HG3 113 
   1098 32.12 0.0 CB 98 
   758 56.417 0.0 CA 70 
   366 62.75 0.0 CA 36 
   529 1.945 0.0 HB3 49 
   1343 6.86 0.0 HE2 120 
   1202 55.671 0.0 CA 109 
   1359 7.175 0.0 HE2 121 
   534 36.304 0.0 CG 49 
   1393 8.229 0.0 H 125 
   352 177.72 0.0 C 35 
   599 42.47 0.0 CD 55 
   193 1.197 0.0 HG 19 
   1259 8.608 0.0 H 114 
   636 54.812 0.0 CA 58 
   1111 175.32 0.0 C 100 
   234 110.883 0.0 N 22 
   278 2.142 0.0 HD3 28 
   332 1.176 0.0 HG3 33 
   865 21.781 0.0 CG1 78 
   449 8.832 0.0 H 43 
   745 2.478 0.0 HG3 69 
   156 3.281 0.0 HD2 17 
   600 26.888 0.0 CG 55 
   384 1.672 0.0 HB1 38 
   1243 130.35 0.0 CE2 112 
   404 119.108 0.0 N 39 
   601 116.352 0.0 N 55 
   219 56.614 0.0 CA 21 
   628 0.92 0.0 HD11 58 
   1291 177.209 0.0 C 116 
   1377 4.264 0.0 HA 123 
   1051 1.57 0.0 HG3 95 
   485 6.77 0.0 HD1 46 
   105 7.598 0.0 HD2 11 
   969 1.236 0.0 HG23 89 
   444 27.542 0.0 CB 42 
   363 6.75 0.0 HE1 36 
   1143 4.495 0.0 HA 104 
   1251 1.61 0.0 HG2 113 
   827 0.564 0.0 HD13 76 
   540 0.509 0.0 HG22 50 
   31 2.078 0.0 HB 4 
   1192 128.36 0.0 N 108 
   33 0.979 0.0 HG12 4 
   737 59.89 0.0 CA 68 
   1240 131.451 0.0 CD1 112 
   1299 173.43 0.0 C 117 
   328 1.468 0.0 HB3 33 
   915 56.075 0.0 CA 83 
   240 3.047 0.0 HD3 23 
   1353 4.192 0.0 HA 121 
   1432 55.945 0.0 CA 128 
   277 3.241 0.0 HD2 28 
   867 126.212 0.0 N 78 
   680 0.909 0.0 HG22 63 
   794 9.086 0.0 H 74 
   231 63.14 0.0 CA 22 
   307 3.978 0.0 HA 31 
   1147 7.641 0.0 HE22 104 
   1232 3.418 0.0 HB3 112 
   602 7.466 0.0 H 56 
   569 2.514 0.0 HD3 53 
   833 53.317 0.0 CA 76 
   558 9.009 0.0 H 52 
   823 1.401 0.0 HB2 76 
   673 7.917 0.0 H 63 
   150 2.895 0.0 HA3 16 
   75 1.914 0.0 HB3 9 
   1138 57.735 0.0 CA 103 
   1224 53.985 0.0 CA 111 
   922 1.823 0.0 HB3 84 
   719 55.495 0.0 CA 66 
   238 1.707 0.0 HB3 23 
   1067 55.736 0.0 CA 96 
   209 120.542 0.0 N 20 
   1360 174.025 0.0 C 121 
   353 60.124 0.0 CA 35 
   1077 1.572 0.0 HB3 97 
   611 60.144 0.0 CA 56 
   1248 1.708 0.0 HB3 113 
   989 121.506 0.0 N 90 
   126 2.443 0.0 HB2 13 
   458 3.905 0.0 HA 44 
   910 1.923 0.0 HB2 83 
   1336 9.145 0.0 H 120 
   812 1.784 0.0 HB2 75 
   1236 7.192 0.0 HE2 112 
   1112 45.456 0.0 CA 100 
   242 1.415 0.0 HG3 23 
   1279 1.303 0.0 HB2 115 
   1087 117.405 0.0 N 97 
   562 51.935 0.0 CA 52 
   1376 6.575 0.0 H 123 
   400 62.201 0.0 CA 39 
   130 42.509 0.0 CB 13 
   1164 9.575 0.0 H 106 
   900 8.975 0.0 H 82 
   1344 176.52 0.0 C 120 
   1045 5.608 0.0 HA 95 
   24 2.948 0.0 HB3 3 
   179 25.729 0.0 CD1 18 
   868 9.244 0.0 H 79 
   1012 132.1 0.0 CD1 92 
   581 2.144 0.0 HG2 54 
   1094 1.576 0.0 HG2 98 
   905 57.524 0.0 CA 82 
   324 8.704 0.0 H 32 
   580 1.751 0.0 HB3 54 
   329 2.895 0.0 HD2 33 
   1068 41.738 0.0 CB 96 
   1011 43.37 0.0 CB 92 
   463 7.192 0.0 HE1 44 
   571 1.635 0.0 HG3 53 
   535 118.382 0.0 N 49 
   180 24.068 0.0 CD2 18 
   686 20.93 0.0 CG2 63 
   1122 3.604 0.0 HD2 102 
   110 39.46 0.0 CB 11 
   566 1.839 0.0 HB2 53 
   895 3.878 0.0 HB3 81 
   403 117.405 0.0 CE2 39 
   613 43.64 0.0 CD 56 
   924 1.726 0.0 HD3 84 
   1184 1.268 0.0 HB2 108 
   1244 119.879 0.0 N 112 
   232 69.026 0.0 CB 22 
   1325 6.69 0.0 HZ3 119 
   163 50.635 0.0 CD 17 
   874 0.654 0.0 HD13 79 
   934 127.105 0.0 N 84 
   1205 28.708 0.0 CG 109 
   197 25.042 0.0 CD1 19 
   951 1.78 0.0 HG3 87 
   317 179.245 0.0 C 31 
   546 103.746 0.0 N 50 
   289 1.619 0.0 HB3 29 
   1180 115.4 0.0 CD2 107 
   367 38.05 0.0 CB 36 
   976 4.777 0.0 HA 90 
   249 8.642 0.0 H 24 
   843 3.09 0.0 HD2 77 
   638 25.392 0.0 CD1 58 
   691 3.168 0.0 HB3 64 
   347 4.006 0.0 HA 35 
   394 2.1 0.0 HB3 39 
   990 9.047 0.0 H 91 
   565 3.938 0.0 HA 53 
   750 117.242 0.0 N 69 
   828 0.582 0.0 HD21 76 
   1289 1.586 0.0 HG2 116 
   664 31.254 0.0 CB 61 
   662 177.2 0.0 C 61 
   171 0.885 0.0 HD13 18 
   480 117.34 0.0 N 45 
   1155 112.996 0.0 NE2 104 
   214 3.225 0.0 HD2 21 
   391 7.838 0.0 H 39 
   541 0.509 0.0 HG23 50 
   657 119.653 0.0 N 59 
   1375 125.692 0.0 N 122 
   829 0.582 0.0 HD22 76 
   122 40.455 0.0 CB 12 
   655 129.0 0.0 CE1 59 
   59 3.932 0.0 HA 7 
   736 178.3 0.0 C 68 
   65 118.937 0.0 N 7 
   1119 4.446 0.0 HA 102 
   720 17.675 0.0 CB 66 
   369 132.01 0.0 CD2 36 
   912 2.205 0.0 HG2 83 
   1141 120.322 0.0 N 103 
   748 30.017 0.0 CB 69 
   830 0.582 0.0 HD23 76 
   73 4.514 0.0 HA 9 
   1128 32.451 0.0 CB 102 
   1366 130.84 0.0 CE2 121 
   885 130.507 0.0 N 79 
   259 1.324 0.0 HB1 25 
   183 8.075 0.0 H 19 
   8 29.815 0.0 CB 1 
   58 8.552 0.0 H 7 
   626 1.705 0.0 HB2 58 
   759 31.29 0.0 CB 70 
   1209 4.164 0.0 HB2 110 
   182 116.726 0.0 N 18 
   216 1.747 0.0 HG2 21 
   819 36.619 0.0 CG 75 
   761 114.677 0.0 N 70 
   92 1.269 0.0 HG21 10 
   481 7.764 0.0 H 46 
   436 1.74 0.0 HD2 42 
   445 29.151 0.0 CD 42 
   11 4.752 0.0 HA 2 
   314 1.147 0.0 HD22 31 
   479 39.895 0.0 CB 45 
   446 43.345 0.0 CE 42 
   269 176.4 0.0 C 26 
   62 175.803 0.0 C 7 
   74 1.533 0.0 HB2 9 
   290 1.995 0.0 HG2 29 
   77 1.637 0.0 HD3 9 
   336 43.145 0.0 CD 33 
   588 8.069 0.0 H 55 
   630 0.92 0.0 HD13 58 
   140 8.183 0.0 H 15 
   341 4.198 0.0 HB3 34 
   493 6.884 0.0 H 47 
   1176 6.803 0.0 HD2 107 
   677 0.998 0.0 HG12 63 
   1358 7.175 0.0 HE1 121 
   1379 2.039 0.0 HB3 123 
   487 6.55 0.0 HE1 46 
   1417 0.549 0.0 HG12 127 
   981 1.127 0.0 HG21 90 
   816 172.804 0.0 C 75 
   185 1.445 0.0 HB2 19 
   1320 6.8 0.0 HD1 119 
   530 2.295 0.0 HG2 49 
   704 2.83 0.0 HD3 65 
   200 122.646 0.0 N 19 
   1100 27.715 0.0 CG 98 
   459 2.887 0.0 HB2 44 
   918 121.107 0.0 N 83 
   302 177.4 0.0 C 30 
   418 0.761 0.0 HD11 41 
   1080 1.566 0.0 HG2 97 
   10 8.376 0.0 H 2 
   764 2.725 0.0 HB2 71 
   896 172.936 0.0 C 81 
   428 25.612 0.0 CD1 41 
   477 178.0 0.0 C 45 
   804 176.95 0.0 C 74 
   1154 123.299 0.0 N 104 
   133 4.403 0.0 HA 14 
   993 1.996 0.0 HB3 91 
   1189 54.005 0.0 CA 108 
   1301 103.666 0.0 N 117 
   947 2.189 0.0 HB3 87 
   121 56.0 0.0 CA 12 
   47 2.92 0.0 HB3 5 
   1342 6.86 0.0 HE1 120 
   980 0.545 0.0 HG13 90 
   702 1.467 0.0 HB3 65 
   853 8.94 0.0 H 78 
   96 62.155 0.0 CA 10 
   166 4.458 0.0 HA 18 
   350 2.92 0.0 HD2 35 
   1272 29.151 0.0 CD 114 
   1157 5.357 0.0 HA 105 
   114 118.8 0.0 CE2 11 
   629 0.92 0.0 HD12 58 
   1095 1.576 0.0 HG3 98 
   879 177.507 0.0 C 79 
   1380 1.878 0.0 HG2 123 
   56 46.424 0.0 CA 6 
   579 1.751 0.0 HB2 54 
   648 7.032 0.0 HE1 59 
   94 1.269 0.0 HG23 10 
   489 178.007 0.0 C 46 
   997 53.955 0.0 CA 91 
   715 1.416 0.0 HB1 66 
   222 28.094 0.0 CG 21 
   63 59.829 0.0 CA 7 
   1391 45.365 0.0 CA 124 
   512 3.049 0.0 HA 48 
   195 57.701 0.0 CA 19 
   1177 173.205 0.0 C 107 
   1427 122.174 0.0 N 127 
   822 4.769 0.0 HA 76 
   1313 43.27 0.0 CD 118 
   50 30.7 0.0 CB 5 
   782 7.023 0.0 HD1 73 
   1433 42.247 0.0 CB 128 
   374 3.578 0.0 HA 37 
   1308 1.253 0.0 HG2 118 
   1335 127.86 0.0 NE1 119 
   1092 3.211 0.0 HD2 98 
   1014 131.4 0.0 CE1 92 
   119 2.469 0.0 HB3 12 
   1032 28.25 0.0 CG1 93 
   284 50.19 0.0 CD 28 
   1355 2.737 0.0 HB3 121 
   780 2.454 0.0 HB2 73 
   1340 6.888 0.0 HD1 120 
   432 7.516 0.0 H 42 
   697 119.384 0.0 N 64 
   1204 43.24 0.0 CD 109 
   1048 3.15 0.0 HD2 95 
   1278 1.303 0.0 HB1 115 
   452 2.821 0.0 HB3 43 
   111 133.6 0.0 CD1 11 
   417 1.555 0.0 HB3 41 
   690 2.951 0.0 HB2 64 
   960 5.047 0.0 HA3 88 
   1414 3.882 0.0 HA 127 
   451 2.209 0.0 HB2 43 
   903 3.83 0.0 HB3 82 
   410 179.8 0.0 C 40 
   406 3.956 0.0 HA 40 
   658 4.325 0.0 HA 61 
   253 174.356 0.0 C 24 
   511 7.322 0.0 H 48 
   591 2.333 0.0 HB3 55 
   210 7.678 0.0 H 21 
   932 42.015 0.0 CE 84 
   977 2.119 0.0 HB 90 
   1309 1.253 0.0 HG3 118 
   297 7.812 0.0 H 30 
   15 7.423 0.0 HD22 2 
   944 8.091 0.0 H 87 
   568 2.804 0.0 HD2 53 
   768 64.73 0.0 CB 71 
   1002 5.619 0.0 HA 92 
   1058 8.865 0.0 H 96 
   873 0.654 0.0 HD12 79 
   17 53.005 0.0 CA 2 
   958 8.529 0.0 H 88 
   1250 2.982 0.0 HD3 113 
   1406 1.334 0.0 HB1 126 
   1410 52.02 0.0 CA 126 
   1052 176.85 0.0 C 95 
   1096 177.352 0.0 C 98 
   1178 51.578 0.0 CA 107 
   1151 54.05 0.0 CA 104 
   90 4.478 0.0 HA 10 
   606 3.195 0.0 HD2 56 
   1347 133.1 0.0 CD1 120 
   14 6.792 0.0 HD21 2 
   285 26.46 0.0 CG 28 
   208 18.852 0.0 CB 20 
   917 36.115 0.0 CG 83 
   365 176.705 0.0 C 36 
   1238 56.51 0.0 CA 112 
   36 0.979 0.0 HG22 4 
