   926 3.003 0.0 HE3 84 
   1166 3.271 0.0 HB2 106 
   99 112.657 0.0 N 10 
   283 31.061 0.0 CB 28 
   925 3.003 0.0 HE2 84 
   904 172.65 0.0 C 82 
   173 0.718 0.0 HD22 18 
   810 7.719 0.0 H 75 
   469 131.0 0.0 CD2 44 
   195 57.701 0.0 CA 19 
   1390 172.204 0.0 C 124 
   869 4.345 0.0 HA 79 
   5 2.222 0.0 HG3 1 
   567 2.232 0.0 HB3 53 
   1112 45.456 0.0 CA 100 
   325 122.625 0.0 N 32 
   847 175.2 0.0 C 77 
   881 42.361 0.0 CB 79 
   1276 9.291 0.0 H 115 
   1294 43.34 0.0 CD 116 
   937 47.314 0.0 CA 85 
   198 22.18 0.0 CD2 19 
   1371 3.268 0.0 HB3 122 
   170 0.885 0.0 HD12 18 
   240 3.047 0.0 HD3 23 
   917 36.115 0.0 CG 83 
   967 1.236 0.0 HG21 89 
   1261 0.78 0.0 HB2 114 
   1432 55.945 0.0 CA 128 
   463 7.192 0.0 HE1 44 
   254 57.298 0.0 CA 24 
   324 8.704 0.0 H 32 
   654 131.3 0.0 CD2 59 
   1203 31.948 0.0 CB 109 
   395 6.665 0.0 HD1 39 
   1022 0.535 0.0 HD13 93 
   846 1.498 0.0 HG3 77 
   793 124.281 0.0 N 73 
   852 127.184 0.0 N 77 
   347 4.006 0.0 HA 35 
   147 124.741 0.0 N 15 
   220 27.115 0.0 CB 21 
   1425 21.54 0.0 CG1 127 
   1322 7.275 0.0 HE3 119 
   790 130.4 0.0 CD2 73 
   12 2.675 0.0 HB2 2 
   1087 117.405 0.0 N 97 
   794 9.086 0.0 H 74 
   142 2.595 0.0 HB2 15 
   446 43.345 0.0 CE 42 
   598 31.582 0.0 CB 55 
   767 58.754 0.0 CA 71 
   50 30.7 0.0 CB 5 
   154 1.368 0.0 HB2 17 
   799 0.739 0.0 HD12 74 
   136 175.105 0.0 C 14 
   106 6.55 0.0 HE1 11 
   375 1.502 0.0 HB1 37 
   1218 2.263 0.0 HB3 111 
   1043 131.277 0.0 N 94 
   1153 34.296 0.0 CG 104 
   671 40.155 0.0 CB 62 
   1264 0.784 0.0 HD3 114 
   70 45.052 0.0 CA 8 
   505 61.81 0.0 CA 47 
   223 110.82 0.0 N 21 
   1320 6.8 0.0 HD1 119 
   1088 9.754 0.0 H 98 
   457 8.229 0.0 H 44 
   547 7.748 0.0 H 51 
   352 177.72 0.0 C 35 
   884 28.23 0.0 CG 79 
   445 29.151 0.0 CD 42 
   535 118.382 0.0 N 49 
   1287 3.215 0.0 HD2 116 
   906 66.204 0.0 CB 82 
   1104 3.906 0.0 HA3 99 
   648 7.032 0.0 HE1 59 
   450 4.875 0.0 HA 43 
   197 25.042 0.0 CD1 19 
   160 177.301 0.0 C 17 
   943 63.215 0.0 CB 86 
   245 33.978 0.0 CB 23 
   703 2.83 0.0 HD2 65 
   200 122.646 0.0 N 19 
   589 4.668 0.0 HA 55 
   1278 1.303 0.0 HB1 115 
   176 181.207 0.0 C 18 
   67 3.52 0.0 HA2 8 
   620 176.8 0.0 C 57 
   1241 131.451 0.0 CD2 112 
   1053 54.651 0.0 CA 95 
   315 1.147 0.0 HD23 31 
   619 2.609 0.0 HB3 57 
   213 2.277 0.0 HB3 21 
   101 4.625 0.0 HA 11 
   635 177.0 0.0 C 58 
   763 5.268 0.0 HA 71 
   768 64.73 0.0 CB 71 
   1171 126.101 0.0 N 106 
   417 1.555 0.0 HB3 41 
   1082 174.825 0.0 C 97 
   608 1.705 0.0 HG2 56 
   1347 133.1 0.0 CD1 120 
   29 7.153 0.0 H 4 
   289 1.619 0.0 HB3 29 
   610 177.209 0.0 C 56 
   1100 27.715 0.0 CG 98 
   1333 121.55 0.0 CZ3 119 
   162 32.12 0.0 CB 17 
   779 4.308 0.0 HA 73 
   680 0.909 0.0 HG22 63 
   1224 53.985 0.0 CA 111 
   604 1.897 0.0 HB2 56 
   1317 4.567 0.0 HA 119 
   811 4.385 0.0 HA 75 
   40 32.072 0.0 CB 4 
   474 4.235 0.0 HA 45 
   766 172.0 0.0 C 71 
   1239 44.342 0.0 CB 112 
   185 1.445 0.0 HB2 19 
   617 4.653 0.0 HA 57 
   46 3.103 0.0 HB2 5 
   396 6.665 0.0 HD2 39 
   1251 1.61 0.0 HG2 113 
   335 29.362 0.0 CB 33 
   721 120.92 0.0 N 66 
   297 7.812 0.0 H 30 
   647 7.195 0.0 HD2 59 
   1268 0.415 0.0 HG3 114 
   1364 130.74 0.0 CD2 121 
   952 175.019 0.0 C 87 
   515 0.502 0.0 HG12 48 
   717 1.416 0.0 HB3 66 
   282 64.51 0.0 CA 28 
   669 179.5 0.0 C 62 
   159 1.735 0.0 HG3 17 
   442 175.119 0.0 C 42 
   1249 3.346 0.0 HD2 113 
   1392 109.592 0.0 N 124 
   90 4.478 0.0 HA 10 
   859 0.813 0.0 HG21 78 
   1405 4.473 0.0 HA 126 
   492 119.529 0.0 N 46 
   1410 52.02 0.0 CA 126 
   1198 3.139 0.0 HD3 109 
   189 0.589 0.0 HD13 19 
   250 4.576 0.0 HA 24 
   394 2.1 0.0 HB3 39 
   1148 2.037 0.0 HG2 104 
   83 54.561 0.0 CA 9 
   569 2.514 0.0 HD3 53 
   1200 1.376 0.0 HG3 109 
   262 52.785 0.0 CA 25 
   61 3.696 0.0 HB3 7 
   655 129.0 0.0 CE1 59 
   164 28.471 0.0 CG 17 
   1143 4.495 0.0 HA 104 
   1064 7.28 0.0 HE1 96 
   192 0.146 0.0 HD23 19 
   1399 174.408 0.0 C 125 
   1369 4.517 0.0 HA 122 
   249 8.642 0.0 H 24 
   1216 5.243 0.0 HA 111 
   261 1.324 0.0 HB3 25 
   520 179.004 0.0 C 48 
   1029 60.483 0.0 CA 93 
   522 32.041 0.0 CB 48 
   839 9.187 0.0 H 77 
   870 1.251 0.0 HB2 79 
   118 2.63 0.0 HB2 12 
   517 0.798 0.0 HG21 48 
   479 39.895 0.0 CB 45 
   719 55.495 0.0 CA 66 
   301 1.341 0.0 HB3 30 
   1074 8.665 0.0 H 97 
   1067 55.736 0.0 CA 96 
   1052 176.85 0.0 C 95 
   1152 33.32 0.0 CB 104 
   499 1.064 0.0 HG12 47 
   720 17.675 0.0 CB 66 
   875 0.689 0.0 HD21 79 
   929 55.741 0.0 CA 84 
   1018 5.199 0.0 HA 93 
   1010 56.13 0.0 CA 92 
   1279 1.303 0.0 HB2 115 
   565 3.938 0.0 HA 53 
   6 176.41 0.0 C 1 
   876 0.689 0.0 HD22 79 
   1340 6.888 0.0 HD1 120 
   1001 9.171 0.0 H 92 
   1309 1.253 0.0 HG3 118 
   66 9.283 0.0 H 8 
   28 124.395 0.0 N 3 
   945 5.606 0.0 HA 87 
   1433 42.247 0.0 CB 128 
   908 8.427 0.0 H 83 
   433 4.352 0.0 HA 42 
   448 116.255 0.0 N 42 
   643 4.571 0.0 HA 59 
   897 57.259 0.0 CA 81 
   346 8.345 0.0 H 35 
   26 63.959 0.0 CA 3 
   760 36.478 0.0 CG 70 
   503 0.479 0.0 HG23 47 
   1085 43.79 0.0 CD 97 
   642 7.394 0.0 H 59 
   141 4.006 0.0 HA 15 
   896 172.936 0.0 C 81 
   263 19.649 0.0 CB 25 
   82 176.429 0.0 C 9 
   225 4.195 0.0 HA 22 
   172 0.718 0.0 HD21 18 
   1119 4.446 0.0 HA 102 
   1416 0.549 0.0 HG11 127 
   845 1.447 0.0 HG2 77 
   882 25.182 0.0 CD1 79 
   1419 0.266 0.0 HG21 127 
   368 132.01 0.0 CD1 36 
   942 58.208 0.0 CA 86 
   52 7.704 0.0 H 6 
   1078 3.228 0.0 HD2 97 
   769 115.477 0.0 N 71 
   853 8.94 0.0 H 78 
   304 18.495 0.0 CB 30 
   849 32.628 0.0 CB 77 
   729 118.219 0.0 N 67 
   339 4.736 0.0 HA 34 
   38 175.39 0.0 C 4 
   1097 55.288 0.0 CA 98 
   272 7.106 0.0 H 27 
   1228 111.8 0.0 NE2 111 
   616 8.78 0.0 H 57 
   1343 6.86 0.0 HE2 120 
   1315 121.34 0.0 N 118 
   561 2.488 0.0 HB3 52 
   1061 2.567 0.0 HB3 96 
   771 4.985 0.0 HA 72 
   419 0.761 0.0 HD12 41 
   216 1.747 0.0 HG2 21 
   218 176.109 0.0 C 21 
   252 3.83 0.0 HB3 24 
   708 59.999 0.0 CA 65 
   983 1.127 0.0 HG23 90 
   552 1.179 0.0 HG23 51 
   957 119.907 0.0 N 87 
   1091 1.925 0.0 HB3 98 
   930 33.692 0.0 CB 84 
   1014 131.4 0.0 CE1 92 
   63 59.829 0.0 CA 7 
   1297 3.345 0.0 HA2 117 
   1368 8.557 0.0 H 122 
   267 1.485 0.0 HB2 26 
   184 3.623 0.0 HA 19 
   1161 57.248 0.0 CA 105 
   1003 3.186 0.0 HB2 92 
   1051 1.57 0.0 HG3 95 
   559 3.741 0.0 HA 52 
   1093 3.211 0.0 HD3 98 
   89 8.784 0.0 H 10 
   795 4.432 0.0 HA 74 
   1197 3.139 0.0 HD2 109 
   756 2.383 0.0 HG3 70 
   725 3.645 0.0 HB3 67 
   487 6.55 0.0 HE1 46 
   1413 7.916 0.0 H 127 
   1177 173.205 0.0 C 107 
   1099 44.307 0.0 CD 98 
   965 5.861 0.0 HA 89 
   491 38.35 0.0 CB 46 
   1227 121.905 0.0 N 111 
   71 111.582 0.0 N 8 
   168 1.8 0.0 HB3 18 
   987 22.264 0.0 CG1 90 
   856 0.751 0.0 HG11 78 
   1304 1.421 0.0 HB2 118 
   785 6.582 0.0 HE2 73 
   350 2.92 0.0 HD2 35 
   1431 2.483 0.0 HB3 128 
   334 60.318 0.0 CA 33 
   549 4.218 0.0 HB 51 
   880 56.012 0.0 CA 79 
   376 1.502 0.0 HB2 37 
   873 0.654 0.0 HD12 79 
   1054 33.572 0.0 CB 95 
   626 1.705 0.0 HB2 58 
   1243 130.35 0.0 CE2 112 
   951 1.78 0.0 HG3 87 
   337 27.53 0.0 CG 33 
   43 128.077 0.0 N 4 
   800 0.739 0.0 HD13 74 
   829 0.582 0.0 HD22 76 
   588 8.069 0.0 H 55 
   108 178.9 0.0 C 11 
   1096 177.352 0.0 C 98 
   693 7.734 0.0 HD22 64 
   781 3.11 0.0 HB3 73 
   167 1.8 0.0 HB2 18 
   1028 175.6 0.0 C 93 
   634 1.6 0.0 HG 58 
   1123 3.604 0.0 HD3 102 
   405 8.09 0.0 H 40 
   454 51.354 0.0 CA 43 
   1102 9.005 0.0 H 99 
   466 61.65 0.0 CA 44 
   309 1.028 0.0 HB3 31 
   1345 57.29 0.0 CA 120 
   31 2.078 0.0 HB 4 
   673 7.917 0.0 H 63 
   110 39.46 0.0 CB 11 
   430 27.053 0.0 CG 41 
   543 61.38 0.0 CA 50 
   497 0.204 0.0 HD12 47 
   579 1.751 0.0 HB2 54 
   1409 177.6 0.0 C 126 
   518 0.798 0.0 HG22 48 
   144 176.5 0.0 C 15 
   1245 9.522 0.0 H 113 
   1238 56.51 0.0 CA 112 
   966 3.95 0.0 HB 89 
   1081 1.566 0.0 HG3 97 
   962 45.449 0.0 CA 88 
   688 7.698 0.0 H 64 
   622 39.937 0.0 CB 57 
   179 25.729 0.0 CD1 18 
   105 7.598 0.0 HD2 11 
   867 126.212 0.0 N 78 
   264 124.685 0.0 N 25 
   813 2.258 0.0 HB3 75 
   423 0.717 0.0 HD23 41 
   514 0.502 0.0 HG11 48 
   901 4.747 0.0 HA 82 
   1175 3.482 0.0 HB3 107 
   841 1.734 0.0 HB2 77 
   714 4.151 0.0 HA 66 
   156 3.281 0.0 HD2 17 
   1105 175.4 0.0 C 99 
   1214 125.774 0.0 N 110 
   1195 1.509 0.0 HB2 109 
   180 24.068 0.0 CD2 18 
   960 5.047 0.0 HA3 88 
   537 4.576 0.0 HA 50 
   1252 1.343 0.0 HG3 113 
   1395 1.946 0.0 HB2 125 
   494 3.075 0.0 HA 47 
   425 176.25 0.0 C 41 
   798 0.739 0.0 HD11 74 
   338 7.582 0.0 H 34 
   413 121.155 0.0 N 40 
   102 2.98 0.0 HB2 11 
   329 2.895 0.0 HD2 33 
   1134 1.823 0.0 HB3 103 
   792 130.3 0.0 CE2 73 
   778 8.75 0.0 H 73 
   1101 128.385 0.0 N 98 
   1168 172.62 0.0 C 106 
   998 31.557 0.0 CB 91 
   104 7.598 0.0 HD1 11 
   905 57.524 0.0 CA 82 
   1429 4.298 0.0 HA 128 
   644 3.02 0.0 HB2 59 
   332 1.176 0.0 HG3 33 
   817 57.14 0.0 CA 75 
   1015 131.4 0.0 CE2 92 
   1192 128.36 0.0 N 108 
   683 65.63 0.0 CA 63 
   16 175.445 0.0 C 2 
   73 4.514 0.0 HA 9 
   935 4.11 0.0 HA2 85 
   1057 122.839 0.0 N 95 
   1169 55.849 0.0 CA 106 
   133 4.403 0.0 HA 14 
   1380 1.878 0.0 HG2 123 
   732 2.781 0.0 HB2 68 
   990 9.047 0.0 H 91 
   1149 1.867 0.0 HG3 104 
   784 6.582 0.0 HE1 73 
   436 1.74 0.0 HD2 42 
   1110 3.905 0.0 HA3 100 
   900 8.975 0.0 H 82 
   460 3.082 0.0 HB3 44 
   1116 4.288 0.0 HA3 101 
   1285 1.856 0.0 HB2 116 
   380 18.245 0.0 CB 37 
   1362 40.107 0.0 CB 121 
   1422 174.707 0.0 C 127 
   107 6.55 0.0 HE2 11 
   1220 7.652 0.0 HE22 111 
   311 1.035 0.0 HD12 31 
   92 1.269 0.0 HG21 10 
   148 8.026 0.0 H 16 
   1041 49.829 0.0 CA 94 
   1346 42.25 0.0 CB 120 
   403 117.405 0.0 CE2 39 
   921 1.823 0.0 HB2 84 
   485 6.77 0.0 HD1 46 
   910 1.923 0.0 HB2 83 
   392 3.693 0.0 HA 39 
   322 27.664 0.0 CG 31 
   1259 8.608 0.0 H 114 
   416 1.555 0.0 HB2 41 
   55 176.304 0.0 C 6 
   377 1.502 0.0 HB3 37 
   1233 7.09 0.0 HD1 112 
   146 30.602 0.0 CB 15 
   613 43.64 0.0 CD 56 
   953 54.544 0.0 CA 87 
   922 1.823 0.0 HB3 84 
   687 121.325 0.0 N 63 
   68 4.247 0.0 HA3 8 
   286 8.098 0.0 H 29 
   586 36.72 0.0 CG 54 
   1288 3.215 0.0 HD3 116 
   1221 2.437 0.0 HG2 111 
   25 178.12 0.0 C 3 
   467 39.01 0.0 CB 44 
   855 1.94 0.0 HB 78 
   1383 55.575 0.0 CA 123 
   889 171.34 0.0 C 80 
   577 8.334 0.0 H 54 
   995 2.178 0.0 HG3 91 
   603 3.95 0.0 HA 56 
   1232 3.418 0.0 HB3 112 
   1 4.155 0.0 HA 1 
   1240 131.451 0.0 CD1 112 
   984 173.64 0.0 C 90 
   222 28.094 0.0 CG 21 
   739 117.484 0.0 N 68 
   132 7.486 0.0 H 14 
   923 1.726 0.0 HD2 84 
   832 175.7 0.0 C 76 
   857 0.751 0.0 HG12 78 
   321 26.56 0.0 CD2 31 
   1408 1.334 0.0 HB3 126 
   1185 1.564 0.0 HB3 108 
   883 22.906 0.0 CD2 79 
   62 175.803 0.0 C 7 
   670 57.769 0.0 CA 62 
   343 60.984 0.0 CA 34 
   666 4.346 0.0 HA 62 
   1428 7.901 0.0 H 128 
   583 177.408 0.0 C 54 
   385 1.672 0.0 HB2 38 
   843 3.09 0.0 HD2 77 
   1138 57.735 0.0 CA 103 
   640 26.923 0.0 CG 58 
   614 28.048 0.0 CG 56 
   1113 109.645 0.0 N 100 
   1109 3.905 0.0 HA2 100 
   820 119.876 0.0 N 75 
   207 52.729 0.0 CA 20 
   958 8.529 0.0 H 88 
   888 4.158 0.0 HA3 80 
   153 4.172 0.0 HA 17 
   815 1.996 0.0 HG3 75 
   140 8.183 0.0 H 15 
   761 114.677 0.0 N 70 
   398 6.565 0.0 HE2 39 
   540 0.509 0.0 HG22 50 
   991 5.776 0.0 HA 91 
   75 1.914 0.0 HB3 9 
   558 9.009 0.0 H 52 
   341 4.198 0.0 HB3 34 
   439 3.169 0.0 HE3 42 
   1016 124.784 0.0 N 92 
   1160 173.605 0.0 C 105 
   8 29.815 0.0 CB 1 
   1263 0.874 0.0 HD2 114 
   1066 171.75 0.0 C 96 
   13 2.932 0.0 HB3 2 
   1210 4.024 0.0 HB3 110 
   636 54.812 0.0 CA 58 
   58 8.552 0.0 H 7 
   310 1.035 0.0 HD11 31 
   735 1.68 0.0 HG3 68 
   662 177.2 0.0 C 61 
   1162 65.457 0.0 CB 105 
   651 57.15 0.0 CA 59 
   1013 132.1 0.0 CD2 92 
   823 1.401 0.0 HB2 76 
   121 56.0 0.0 CA 12 
   193 1.197 0.0 HG 19 
   1367 122.001 0.0 N 121 
   455 40.453 0.0 CB 43 
   1021 0.535 0.0 HD12 93 
   85 29.151 0.0 CD 9 
   1225 30.155 0.0 CB 111 
   212 2.193 0.0 HB2 21 
   464 7.192 0.0 HE2 44 
   359 2.601 0.0 HB2 36 
   326 3.481 0.0 HA 33 
   1056 27.88 0.0 CG 95 
   1135 2.126 0.0 HG2 103 
   544 69.63 0.0 CB 50 
   344 63.245 0.0 CB 34 
   327 0.908 0.0 HB2 33 
   976 4.777 0.0 HA 90 
   632 0.806 0.0 HD22 58 
   37 0.979 0.0 HG23 4 
   772 2.638 0.0 HB2 72 
   526 8.501 0.0 H 49 
   807 25.72 0.0 CD1 74 
   24 2.948 0.0 HB3 3 
   209 120.542 0.0 N 20 
   641 118.45 0.0 N 58 
   293 60.485 0.0 CA 29 
   697 119.384 0.0 N 64 
   1188 173.31 0.0 C 108 
   639 22.596 0.0 CD2 58 
   1223 174.94 0.0 C 111 
   753 2.006 0.0 HB2 70 
   231 63.14 0.0 CA 22 
   633 0.806 0.0 HD23 58 
   854 4.11 0.0 HA 78 
   214 3.225 0.0 HD2 21 
   600 26.888 0.0 CG 55 
   891 106.586 0.0 N 80 
   426 54.401 0.0 CA 41 
   596 173.52 0.0 C 55 
   1296 8.576 0.0 H 117 
   364 6.75 0.0 HE2 36 
   866 21.285 0.0 CG2 78 
   489 178.007 0.0 C 46 
   773 2.475 0.0 HB3 72 
   605 1.95 0.0 HB3 56 
   997 53.955 0.0 CA 91 
   313 1.147 0.0 HD21 31 
   115 124.022 0.0 N 11 
   511 7.322 0.0 H 48 
   390 119.703 0.0 N 38 
   944 8.091 0.0 H 87 
   982 1.127 0.0 HG22 90 
   1384 32.175 0.0 CB 123 
   258 4.116 0.0 HA 25 
   342 175.96 0.0 C 34 
   1382 173.108 0.0 C 123 
   1242 130.35 0.0 CE1 112 
   174 0.718 0.0 HD23 18 
   273 109.233 0.0 N 27 
   1142 8.938 0.0 H 104 
   290 1.995 0.0 HG2 29 
   1393 8.229 0.0 H 125 
   428 25.612 0.0 CD1 41 
   340 3.692 0.0 HB2 34 
   266 1.485 0.0 HB1 26 
   1184 1.268 0.0 HB2 108 
   837 27.682 0.0 CG 76 
   786 175.7 0.0 C 73 
   438 3.341 0.0 HE2 42 
   580 1.751 0.0 HB3 54 
   838 126.577 0.0 N 76 
   1430 2.607 0.0 HB2 128 
   599 42.47 0.0 CD 55 
   863 63.69 0.0 CA 78 
   131 117.361 0.0 N 13 
   1329 125.3 0.0 CD1 119 
   421 0.717 0.0 HD21 41 
   124 7.445 0.0 H 13 
   776 42.88 0.0 CB 72 
   295 36.955 0.0 CG 29 
   408 1.098 0.0 HB2 40 
   821 8.538 0.0 H 76 
   453 174.95 0.0 C 43 
   1394 4.687 0.0 HA 125 
   1359 7.175 0.0 HE2 121 
   1301 103.666 0.0 N 117 
   913 2.205 0.0 HG3 83 
   412 17.695 0.0 CB 40 
   1182 8.243 0.0 H 108 
   681 0.909 0.0 HG23 63 
   774 175.305 0.0 C 72 
   1305 1.514 0.0 HB3 118 
   686 20.93 0.0 CG2 63 
   80 1.399 0.0 HG2 9 
   602 7.466 0.0 H 56 
   745 2.478 0.0 HG3 69 
   1036 5.859 0.0 HA 94 
   630 0.92 0.0 HD13 58 
   564 127.871 0.0 N 52 
   1293 27.96 0.0 CB 116 
   88 120.607 0.0 N 9 
   694 176.82 0.0 C 64 
   3 2.003 0.0 HB3 1 
   1038 1.937 0.0 HB2 94 
   17 53.005 0.0 CA 2 
   379 55.295 0.0 CA 37 
   1254 54.651 0.0 CA 113 
   1397 2.216 0.0 HG2 125 
   975 9.02 0.0 H 90 
   557 121.694 0.0 N 51 
   1201 176.252 0.0 C 109 
   462 7.23 0.0 HD2 44 
   400 62.201 0.0 CA 39 
   287 3.38 0.0 HA 29 
   391 7.838 0.0 H 39 
   828 0.582 0.0 HD21 76 
   21 9.38 0.0 H 3 
   968 1.236 0.0 HG22 89 
   555 68.659 0.0 CB 51 
   754 2.218 0.0 HB3 70 
   963 107.686 0.0 N 88 
   1396 2.028 0.0 HB3 125 
   135 2.938 0.0 HB3 14 
   227 1.138 0.0 HG21 22 
   927 1.366 0.0 HG2 84 
   244 54.444 0.0 CA 23 
   14 6.792 0.0 HD21 2 
   668 2.627 0.0 HB3 62 
   1137 175.818 0.0 C 103 
   389 18.195 0.0 CB 38 
   746 179.081 0.0 C 69 
   1106 47.294 0.0 CA 99 
   573 65.11 0.0 CA 53 
   637 41.906 0.0 CB 58 
   1007 7.082 0.0 HE1 92 
   770 8.706 0.0 H 72 
   582 2.144 0.0 HG3 54 
   100 8.849 0.0 H 11 
   370 117.801 0.0 CE1 36 
   76 1.637 0.0 HD2 9 
   27 28.658 0.0 CB 3 
   79 2.903 0.0 HE3 9 
   1181 129.694 0.0 N 107 
   234 110.883 0.0 N 22 
   33 0.979 0.0 HG12 4 
   890 45.632 0.0 CA 80 
   230 174.64 0.0 C 22 
   1366 130.84 0.0 CE2 121 
   575 50.1 0.0 CD 53 
   186 1.528 0.0 HB3 19 
   19 118.889 0.0 N 2 
   10 8.376 0.0 H 2 
   777 122.633 0.0 N 72 
   150 2.895 0.0 HA3 16 
   803 0.741 0.0 HD23 74 
   663 59.65 0.0 CA 61 
   1094 1.576 0.0 HG2 98 
   482 3.695 0.0 HA 46 
   931 29.25 0.0 CD 84 
   948 3.345 0.0 HD2 87 
   850 43.64 0.0 CD 77 
   765 3.17 0.0 HB3 71 
   1391 45.365 0.0 CA 124 
   782 7.023 0.0 HD1 73 
   860 0.813 0.0 HG22 78 
   1141 120.322 0.0 N 103 
   809 123.697 0.0 N 74 
   1023 0.459 0.0 HG12 93 
   476 2.593 0.0 HB3 45 
   30 4.168 0.0 HA 4 
   1140 37.102 0.0 CG 103 
   546 103.746 0.0 N 50 
   1068 41.738 0.0 CB 96 
   914 174.601 0.0 C 83 
   493 6.884 0.0 H 47 
   865 21.781 0.0 CG1 78 
   710 43.29 0.0 CD 65 
   834 41.951 0.0 CB 76 
   424 1.664 0.0 HG 41 
   508 26.86 0.0 CG1 47 
   1324 7.531 0.0 HZ2 119 
   678 0.998 0.0 HG13 63 
   205 1.402 0.0 HB3 20 
   894 3.838 0.0 HB2 81 
   1011 43.37 0.0 CB 92 
   1159 3.656 0.0 HB3 105 
   1310 173.805 0.0 C 118 
   1155 112.996 0.0 NE2 104 
   548 4.625 0.0 HA 51 
   1350 117.2 0.0 CE2 120 
   488 6.55 0.0 HE2 46 
   175 1.697 0.0 HG 18 
   1124 1.991 0.0 HG2 102 
   672 119.139 0.0 N 62 
   111 133.6 0.0 CD1 11 
   441 1.111 0.0 HG3 42 
   1328 31.82 0.0 CB 119 
   1219 6.732 0.0 HE21 111 
   114 118.8 0.0 CE2 11 
   584 57.145 0.0 CA 54 
   638 25.392 0.0 CD1 58 
   1170 33.628 0.0 CB 106 
   592 3.145 0.0 HD2 55 
   1194 4.95 0.0 HA 109 
   1139 30.075 0.0 CB 103 
   435 2.401 0.0 HB3 42 
   461 7.23 0.0 HD1 44 
   736 178.3 0.0 C 68 
   1231 2.355 0.0 HB2 112 
   1341 6.888 0.0 HD2 120 
   702 1.467 0.0 HB3 65 
   1418 0.549 0.0 HG13 127 
   1388 4.231 0.0 HA2 124 
   1265 2.17 0.0 HE2 114 
   1426 20.19 0.0 CG2 127 
   562 51.935 0.0 CA 52 
   1283 130.852 0.0 N 115 
   1209 4.164 0.0 HB2 110 
   336 43.145 0.0 CD 33 
   44 8.155 0.0 H 5 
   1311 53.951 0.0 CA 118 
   659 3.312 0.0 HB2 61 
   1002 5.619 0.0 HA 92 
   191 0.146 0.0 HD22 19 
   393 1.212 0.0 HB2 39 
   874 0.654 0.0 HD13 79 
   1356 6.727 0.0 HD1 121 
   447 25.37 0.0 CG 42 
   893 5.342 0.0 HA 81 
   238 1.707 0.0 HB3 23 
   1292 56.584 0.0 CA 116 
   495 1.73 0.0 HB 47 
   1316 8.981 0.0 H 119 
   1307 3.037 0.0 HD3 118 
   1365 130.84 0.0 CE1 121 
   483 2.559 0.0 HB2 46 
   932 42.015 0.0 CE 84 
   1150 174.031 0.0 C 104 
   1266 2.265 0.0 HE3 114 
   733 2.234 0.0 HB3 68 
   1267 -0.462 0.0 HG2 114 
   181 28.33 0.0 CG 18 
   1009 171.85 0.0 C 92 
   1083 54.951 0.0 CA 97 
   157 3.281 0.0 HD3 17 
   155 2.166 0.0 HB3 17 
   1398 2.177 0.0 HG3 125 
   204 1.402 0.0 HB2 20 
   1173 5.583 0.0 HA 107 
   305 120.59 0.0 N 30 
   298 3.898 0.0 HA 30 
   1321 10.114 0.0 HE1 119 
   609 1.788 0.0 HG3 56 
   563 43.019 0.0 CB 52 
   437 1.611 0.0 HD3 42 
   513 2.008 0.0 HB 48 
   1355 2.737 0.0 HB3 121 
   236 4.518 0.0 HA 23 
   1415 0.75 0.0 HB 127 
   1154 123.299 0.0 N 104 
   203 1.402 0.0 HB1 20 
   465 177.805 0.0 C 44 
   91 4.483 0.0 HB 10 
   1199 1.376 0.0 HG2 109 
   1176 6.803 0.0 HD2 107 
   480 117.34 0.0 N 45 
   1079 3.228 0.0 HD3 97 
   1030 42.274 0.0 CB 93 
   1193 8.473 0.0 H 109 
   383 3.731 0.0 HA 38 
   1118 108.265 0.0 N 101 
   920 4.584 0.0 HA 84 
   1026 0.78 0.0 HG22 93 
   196 40.21 0.0 CB 19 
   356 125.552 0.0 N 35 
   294 28.57 0.0 CB 29 
   723 4.145 0.0 HA 67 
   713 7.586 0.0 H 66 
   628 0.92 0.0 HD11 58 
   911 1.923 0.0 HB3 83 
   215 3.225 0.0 HD3 21 
   819 36.619 0.0 CG 75 
   1129 49.61 0.0 CD 102 
   595 1.669 0.0 HG3 55 
   51 120.403 0.0 N 5 
   307 3.978 0.0 HA 31 
   349 1.91 0.0 HB3 35 
   1351 115.506 0.0 N 120 
   36 0.979 0.0 HG22 4 
   269 176.4 0.0 C 26 
   1336 9.145 0.0 H 120 
   119 2.469 0.0 HB3 12 
   427 40.89 0.0 CB 41 
   1376 6.575 0.0 H 123 
   1298 4.046 0.0 HA3 117 
   933 24.71 0.0 CG 84 
   750 117.242 0.0 N 69 
   1033 17.492 0.0 CG2 93 
   868 9.244 0.0 H 79 
   72 7.934 0.0 H 9 
   1027 0.78 0.0 HG23 93 
   1424 32.581 0.0 CB 127 
   300 1.341 0.0 HB2 30 
   1372 172.256 0.0 C 122 
   126 2.443 0.0 HB2 13 
   1063 6.815 0.0 HD2 96 
   731 3.74 0.0 HA 68 
   251 3.745 0.0 HB2 24 
   365 176.705 0.0 C 36 
   510 119.187 0.0 N 47 
   1247 1.796 0.0 HB2 113 
   285 26.46 0.0 CG 28 
   360 3.32 0.0 HB3 36 
   1414 3.882 0.0 HA 127 
   726 178.407 0.0 C 67 
   606 3.195 0.0 HD2 56 
   210 7.678 0.0 H 21 
   260 1.324 0.0 HB2 25 
   1031 14.095 0.0 CD1 93 
   253 174.356 0.0 C 24 
   1295 27.648 0.0 CG 116 
   805 55.851 0.0 CA 74 
   1404 8.632 0.0 H 126 
   97 69.47 0.0 CB 10 
   707 177.82 0.0 C 65 
   458 3.905 0.0 HA 44 
   318 56.998 0.0 CA 31 
   885 130.507 0.0 N 79 
   700 3.481 0.0 HA 65 
   607 3.195 0.0 HD3 56 
   190 0.146 0.0 HD21 19 
   475 2.716 0.0 HB2 45 
   116 8.466 0.0 H 12 
   1400 54.435 0.0 CA 125 
   728 28.554 0.0 CB 67 
   420 0.761 0.0 HD13 41 
   138 29.87 0.0 CB 14 
   123 116.209 0.0 N 12 
   158 1.735 0.0 HG2 17 
   1312 33.592 0.0 CB 118 
   502 0.479 0.0 HG22 47 
   11 4.752 0.0 HA 2 
   125 4.805 0.0 HA 13 
   1361 58.524 0.0 CA 121 
   486 6.77 0.0 HD2 46 
   384 1.672 0.0 HB1 38 
   675 1.923 0.0 HB 63 
   541 0.509 0.0 HG23 50 
   879 177.507 0.0 C 79 
   1342 6.86 0.0 HE1 120 
   319 39.75 0.0 CB 31 
   887 4.158 0.0 HA2 80 
   145 64.155 0.0 CA 15 
   49 60.214 0.0 CA 5 
   69 174.204 0.0 C 8 
   758 56.417 0.0 CA 70 
   946 2.018 0.0 HB2 87 
   1111 175.32 0.0 C 100 
   524 21.395 0.0 CG2 48 
   796 1.361 0.0 HB2 74 
   864 32.119 0.0 CB 78 
   955 43.15 0.0 CD 87 
   689 4.798 0.0 HA 64 
   1130 27.111 0.0 CG 102 
   34 0.979 0.0 HG13 4 
   64 62.352 0.0 CB 7 
   1352 9.316 0.0 H 121 
   411 54.857 0.0 CA 40 
   677 0.998 0.0 HG12 63 
   1035 9.654 0.0 H 94 
   1004 2.985 0.0 HB3 92 
   444 27.542 0.0 CB 42 
   399 178.1 0.0 C 39 
   530 2.295 0.0 HG2 49 
   274 2.61 0.0 HA 28 
   593 3.145 0.0 HD3 55 
   86 41.986 0.0 CE 9 
   1273 41.456 0.0 CE 114 
   1299 173.43 0.0 C 117 
   912 2.205 0.0 HG2 83 
   954 33.678 0.0 CB 87 
   358 3.84 0.0 HA 36 
   554 64.045 0.0 CA 51 
   1186 2.103 0.0 HG2 108 
   712 122.45 0.0 N 65 
   977 2.119 0.0 HB 90 
   1389 4.955 0.0 HA3 124 
   812 1.784 0.0 HB2 75 
   830 0.582 0.0 HD23 76 
   217 1.747 0.0 HG3 21 
   653 131.3 0.0 CD1 59 
   1196 1.743 0.0 HB3 109 
   456 123.108 0.0 N 43 
   275 1.096 0.0 HB2 28 
   363 6.75 0.0 HE1 36 
   1257 28.88 0.0 CG 113 
   861 0.813 0.0 HG23 78 
   826 0.564 0.0 HD12 76 
   961 172.34 0.0 C 88 
   280 -0.395 0.0 HG3 28 
   788 38.32 0.0 CB 73 
   737 59.89 0.0 CA 68 
   45 4.584 0.0 HA 5 
   1306 3.037 0.0 HD2 118 
   296 116.67 0.0 N 29 
   696 39.218 0.0 CB 64 
   431 115.848 0.0 N 41 
   1255 35.782 0.0 CB 113 
   211 3.989 0.0 HA 21 
   1114 7.925 0.0 H 101 
   1420 0.266 0.0 HG22 127 
   699 8.562 0.0 H 65 
   989 121.506 0.0 N 90 
   1427 122.174 0.0 N 127 
   1167 3.578 0.0 HB3 106 
   661 7.15 0.0 HD2 61 
   950 1.847 0.0 HG2 87 
   1042 22.085 0.0 CB 94 
   822 4.769 0.0 HA 76 
   117 4.179 0.0 HA 12 
   1151 54.05 0.0 CA 104 
   1244 119.879 0.0 N 112 
   1412 127.644 0.0 N 126 
   206 177.003 0.0 C 20 
   657 119.653 0.0 N 59 
   320 23.15 0.0 CD1 31 
   1164 9.575 0.0 H 106 
   32 0.979 0.0 HG11 4 
   570 1.635 0.0 HG2 53 
   538 4.595 0.0 HB 50 
   241 1.415 0.0 HG2 23 
   1286 1.977 0.0 HB3 116 
   534 36.304 0.0 CG 49 
   2 1.908 0.0 HB2 1 
   1070 131.6 0.0 CD2 96 
   355 43.64 0.0 CD 35 
   246 43.34 0.0 CD 23 
   624 7.609 0.0 H 58 
   468 131.0 0.0 CD1 44 
   1385 35.236 0.0 CG 123 
   1034 118.019 0.0 N 93 
   973 21.775 0.0 CG2 89 
   1291 177.209 0.0 C 116 
   1174 2.829 0.0 HB2 107 
   621 55.375 0.0 CA 57 
   279 1.333 0.0 HG2 28 
   271 19.685 0.0 CB 26 
   878 1.524 0.0 HG 79 
   1133 1.744 0.0 HB2 103 
   956 27.468 0.0 CG 87 
   1126 176.9 0.0 C 102 
   970 173.801 0.0 C 89 
   1274 24.66 0.0 CG 114 
   1281 51.415 0.0 CA 115 
   169 0.885 0.0 HD11 18 
   473 8.306 0.0 H 45 
   233 22.556 0.0 CG2 22 
   1282 21.244 0.0 CB 115 
   1062 6.815 0.0 HD1 96 
   303 54.5 0.0 CA 30 
   831 1.027 0.0 HG 76 
   872 0.654 0.0 HD11 79 
   909 4.892 0.0 HA 83 
   1275 129.57 0.0 N 114 
   581 2.144 0.0 HG2 54 
   1236 7.192 0.0 HE2 112 
   7 57.135 0.0 CA 1 
   1229 9.143 0.0 H 112 
   992 1.996 0.0 HB2 91 
   744 2.258 0.0 HG2 69 
   539 0.509 0.0 HG21 50 
   432 7.516 0.0 H 42 
   752 4.368 0.0 HA 70 
   366 62.75 0.0 CA 36 
   130 42.509 0.0 CB 13 
   701 0.906 0.0 HB2 65 
   402 117.405 0.0 CE1 39 
   1327 57.495 0.0 CA 119 
   734 1.901 0.0 HG2 68 
   94 1.269 0.0 HG23 10 
   323 119.402 0.0 N 31 
   862 176.104 0.0 C 78 
   551 1.179 0.0 HG22 51 
   618 2.735 0.0 HB2 57 
   691 3.168 0.0 HB3 64 
   556 20.937 0.0 CG2 51 
   1339 2.875 0.0 HB3 120 
   1323 6.967 0.0 HH2 119 
   1020 0.535 0.0 HD11 93 
   1330 119.204 0.0 CE3 119 
   722 7.759 0.0 H 67 
   1050 1.66 0.0 HG2 95 
   801 0.741 0.0 HD21 74 
   362 6.665 0.0 HD2 36 
   1271 32.422 0.0 CB 114 
   388 55.485 0.0 CA 38 
   410 179.8 0.0 C 40 
   1204 43.24 0.0 CD 109 
   1423 61.46 0.0 CA 127 
   278 2.142 0.0 HD3 28 
   229 1.138 0.0 HG23 22 
   871 1.609 0.0 HB3 79 
   477 178.0 0.0 C 45 
   1258 124.163 0.0 N 113 
   916 33.087 0.0 CB 83 
   1047 1.75 0.0 HB3 95 
   833 53.317 0.0 CA 76 
   959 3.563 0.0 HA2 88 
   531 2.295 0.0 HG3 49 
   550 1.179 0.0 HG21 51 
   649 7.032 0.0 HE2 59 
   316 1.485 0.0 HG 31 
   528 1.945 0.0 HB2 49 
   178 39.261 0.0 CB 18 
   109 61.54 0.0 CA 11 
   471 130.2 0.0 CE2 44 
   373 8.907 0.0 H 37 
   980 0.545 0.0 HG13 90 
   302 177.4 0.0 C 30 
   895 3.878 0.0 HB3 81 
   143 2.495 0.0 HB3 15 
   77 1.637 0.0 HD3 9 
   361 6.665 0.0 HD1 36 
