   1430 2.607 0.0 HB2 128 
   322 27.664 0.0 CG 31 
   869 4.345 0.0 HA 79 
   109 61.54 0.0 CA 11 
   909 4.892 0.0 HA 83 
   91 4.483 0.0 HB 10 
   1029 60.483 0.0 CA 93 
   286 8.098 0.0 H 29 
   160 177.301 0.0 C 17 
   386 1.672 0.0 HB3 38 
   134 2.552 0.0 HB2 14 
   1232 3.418 0.0 HB3 112 
   1173 5.583 0.0 HA 107 
   127 2.715 0.0 HB3 13 
   270 52.95 0.0 CA 26 
   7 57.135 0.0 CA 1 
   741 3.998 0.0 HA 69 
   78 2.937 0.0 HE2 9 
   366 62.75 0.0 CA 36 
   655 129.0 0.0 CE1 59 
   1105 175.4 0.0 C 99 
   347 4.006 0.0 HA 35 
   358 3.84 0.0 HA 36 
   22 4.002 0.0 HA 3 
   460 3.082 0.0 HB3 44 
   1204 43.24 0.0 CD 109 
   629 0.92 0.0 HD12 58 
   543 61.38 0.0 CA 50 
   1404 8.632 0.0 H 126 
   812 1.784 0.0 HB2 75 
   1199 1.376 0.0 HG2 109 
   630 0.92 0.0 HD13 58 
   479 39.895 0.0 CB 45 
   811 4.385 0.0 HA 75 
   240 3.047 0.0 HD3 23 
   413 121.155 0.0 N 40 
   1012 132.1 0.0 CD1 92 
   970 173.801 0.0 C 89 
   1283 130.852 0.0 N 115 
   228 1.138 0.0 HG22 22 
   483 2.559 0.0 HB2 46 
   1298 4.046 0.0 HA3 117 
   1246 5.608 0.0 HA 113 
   983 1.127 0.0 HG23 90 
   1381 1.878 0.0 HG3 123 
   1317 4.567 0.0 HA 119 
   82 176.429 0.0 C 9 
   746 179.081 0.0 C 69 
   315 1.147 0.0 HD23 31 
   943 63.215 0.0 CB 86 
   686 20.93 0.0 CG2 63 
   245 33.978 0.0 CB 23 
   116 8.466 0.0 H 12 
   1241 131.451 0.0 CD2 112 
   1218 2.263 0.0 HB3 111 
   229 1.138 0.0 HG23 22 
   130 42.509 0.0 CB 13 
   649 7.032 0.0 HE2 59 
   336 43.145 0.0 CD 33 
   144 176.5 0.0 C 15 
   334 60.318 0.0 CA 33 
   389 18.195 0.0 CB 38 
   872 0.654 0.0 HD11 79 
   1348 133.1 0.0 CD2 120 
   90 4.478 0.0 HA 10 
   553 173.901 0.0 C 51 
   867 126.212 0.0 N 78 
   1271 32.422 0.0 CB 114 
   309 1.028 0.0 HB3 31 
   991 5.776 0.0 HA 91 
   506 34.745 0.0 CB 47 
   301 1.341 0.0 HB3 30 
   1329 125.3 0.0 CD1 119 
   236 4.518 0.0 HA 23 
   117 4.179 0.0 HA 12 
   736 178.3 0.0 C 68 
   193 1.197 0.0 HG 19 
   222 28.094 0.0 CG 21 
   1335 127.86 0.0 NE1 119 
   211 3.989 0.0 HA 21 
   593 3.145 0.0 HD3 55 
   819 36.619 0.0 CG 75 
   1087 117.405 0.0 N 97 
   628 0.92 0.0 HD11 58 
   157 3.281 0.0 HD3 17 
   25 178.12 0.0 C 3 
   1385 35.236 0.0 CG 123 
   858 0.751 0.0 HG13 78 
   801 0.741 0.0 HD21 74 
   821 8.538 0.0 H 76 
   459 2.887 0.0 HB2 44 
   793 124.281 0.0 N 73 
   1282 21.244 0.0 CB 115 
   717 1.416 0.0 HB3 66 
   442 175.119 0.0 C 42 
   163 50.635 0.0 CD 17 
   1160 173.605 0.0 C 105 
   1262 -0.968 0.0 HB3 114 
   1221 2.437 0.0 HG2 111 
   2 1.908 0.0 HB2 1 
   491 38.35 0.0 CB 46 
   480 117.34 0.0 N 45 
   447 25.37 0.0 CG 42 
   636 54.812 0.0 CA 58 
   591 2.333 0.0 HB3 55 
   974 115.849 0.0 N 89 
   749 36.968 0.0 CG 69 
   448 116.255 0.0 N 42 
   395 6.665 0.0 HD1 39 
   111 133.6 0.0 CD1 11 
   10 8.376 0.0 H 2 
   716 1.416 0.0 HB2 66 
   1013 132.1 0.0 CD2 92 
   1217 1.766 0.0 HB2 111 
   1171 126.101 0.0 N 106 
   831 1.027 0.0 HG 76 
   453 174.95 0.0 C 43 
   511 7.322 0.0 H 48 
   146 30.602 0.0 CB 15 
   1195 1.509 0.0 HB2 109 
   256 116.451 0.0 N 24 
   779 4.308 0.0 HA 73 
   384 1.672 0.0 HB1 38 
   169 0.885 0.0 HD11 18 
   828 0.582 0.0 HD21 76 
   777 122.633 0.0 N 72 
   892 8.338 0.0 H 81 
   644 3.02 0.0 HB2 59 
   379 55.295 0.0 CA 37 
   494 3.075 0.0 HA 47 
   1311 53.951 0.0 CA 118 
   227 1.138 0.0 HG21 22 
   410 179.8 0.0 C 40 
   507 10.335 0.0 CD1 47 
   435 2.401 0.0 HB3 42 
   407 1.098 0.0 HB1 40 
   186 1.528 0.0 HB3 19 
   438 3.341 0.0 HE2 42 
   195 57.701 0.0 CA 19 
   353 60.124 0.0 CA 35 
   922 1.823 0.0 HB3 84 
   1022 0.535 0.0 HD13 93 
   697 119.384 0.0 N 64 
   509 17.387 0.0 CG2 47 
   1328 31.82 0.0 CB 119 
   513 2.008 0.0 HB 48 
   45 4.584 0.0 HA 5 
   167 1.8 0.0 HB2 18 
   1321 10.114 0.0 HE1 119 
   788 38.32 0.0 CB 73 
   1242 130.35 0.0 CE1 112 
   808 22.606 0.0 CD2 74 
   1224 53.985 0.0 CA 111 
   76 1.637 0.0 HD2 9 
   1131 8.534 0.0 H 103 
   1208 5.308 0.0 HA 110 
   780 2.454 0.0 HB2 73 
   67 3.52 0.0 HA2 8 
   1229 9.143 0.0 H 112 
   1137 175.818 0.0 C 103 
   238 1.707 0.0 HB3 23 
   456 123.108 0.0 N 43 
   1313 43.27 0.0 CD 118 
   946 2.018 0.0 HB2 87 
   461 7.23 0.0 HD1 44 
   724 3.253 0.0 HB2 67 
   973 21.775 0.0 CG2 89 
   481 7.764 0.0 H 46 
   524 21.395 0.0 CG2 48 
   1191 36.823 0.0 CG 108 
   538 4.595 0.0 HB 50 
   398 6.565 0.0 HE2 39 
   1202 55.671 0.0 CA 109 
   1004 2.985 0.0 HB3 92 
   487 6.55 0.0 HE1 46 
   443 56.288 0.0 CA 42 
   137 60.369 0.0 CA 14 
   572 178.7 0.0 C 53 
   320 23.15 0.0 CD1 31 
   1226 32.464 0.0 CG 111 
   1119 4.446 0.0 HA 102 
   799 0.739 0.0 HD12 74 
   51 120.403 0.0 N 5 
   1388 4.231 0.0 HA2 124 
   916 33.087 0.0 CB 83 
   88 120.607 0.0 N 9 
   752 4.368 0.0 HA 70 
   693 7.734 0.0 HD22 64 
   687 121.325 0.0 N 63 
   394 2.1 0.0 HB3 39 
   1215 9.274 0.0 H 111 
   928 1.428 0.0 HG3 84 
   1408 1.334 0.0 HB3 126 
   1051 1.57 0.0 HG3 95 
   95 175.801 0.0 C 10 
   1021 0.535 0.0 HD12 93 
   1365 130.84 0.0 CE1 121 
   912 2.205 0.0 HG2 83 
   1304 1.421 0.0 HB2 118 
   962 45.449 0.0 CA 88 
   375 1.502 0.0 HB1 37 
   1340 6.888 0.0 HD1 120 
   1063 6.815 0.0 HD2 96 
   285 26.46 0.0 CG 28 
   738 32.56 0.0 CB 68 
   382 8.298 0.0 H 38 
   625 4.331 0.0 HA 58 
   1001 9.171 0.0 H 92 
   304 18.495 0.0 CB 30 
   1028 175.6 0.0 C 93 
   699 8.562 0.0 H 65 
   813 2.258 0.0 HB3 75 
   1343 6.86 0.0 HE2 120 
   418 0.761 0.0 HD11 41 
   1390 172.204 0.0 C 124 
   934 127.105 0.0 N 84 
   559 3.741 0.0 HA 52 
   381 121.482 0.0 N 37 
   70 45.052 0.0 CA 8 
   1277 4.579 0.0 HA 115 
   148 8.026 0.0 H 16 
   433 4.352 0.0 HA 42 
   27 28.658 0.0 CB 3 
   986 36.819 0.0 CB 90 
   896 172.936 0.0 C 81 
   243 174.2 0.0 C 23 
   653 131.3 0.0 CD1 59 
   1148 2.037 0.0 HG2 104 
   230 174.64 0.0 C 22 
   1412 127.644 0.0 N 126 
   514 0.502 0.0 HG11 48 
   1184 1.268 0.0 HB2 108 
   1361 58.524 0.0 CA 121 
   1018 5.199 0.0 HA 93 
   65 118.937 0.0 N 7 
   452 2.821 0.0 HB3 43 
   30 4.168 0.0 HA 4 
   773 2.475 0.0 HB3 72 
   735 1.68 0.0 HG3 68 
   233 22.556 0.0 CG2 22 
   853 8.94 0.0 H 78 
   369 132.01 0.0 CD2 36 
   84 35.172 0.0 CB 9 
   1373 60.295 0.0 CA 122 
   293 60.485 0.0 CA 29 
   1003 3.186 0.0 HB2 92 
   670 57.769 0.0 CA 62 
   1291 177.209 0.0 C 116 
   840 4.666 0.0 HA 77 
   595 1.669 0.0 HG3 55 
   467 39.01 0.0 CB 44 
   312 1.035 0.0 HD13 31 
   1123 3.604 0.0 HD3 102 
   37 0.979 0.0 HG23 4 
   56 46.424 0.0 CA 6 
   114 118.8 0.0 CE2 11 
   1257 28.88 0.0 CG 113 
   330 2.824 0.0 HD3 33 
   689 4.798 0.0 HA 64 
   1233 7.09 0.0 HD1 112 
   287 3.38 0.0 HA 29 
   787 60.0 0.0 CA 73 
   675 1.923 0.0 HB 63 
   392 3.693 0.0 HA 39 
   482 3.695 0.0 HA 46 
   1406 1.334 0.0 HB1 126 
   1062 6.815 0.0 HD1 96 
   606 3.195 0.0 HD2 56 
   159 1.735 0.0 HG3 17 
   523 23.105 0.0 CG1 48 
   1065 7.28 0.0 HE2 96 
   319 39.75 0.0 CB 31 
   772 2.638 0.0 HB2 72 
   747 59.545 0.0 CA 69 
   776 42.88 0.0 CB 72 
   601 116.352 0.0 N 55 
   1103 3.975 0.0 HA2 99 
   370 117.801 0.0 CE1 36 
   695 56.908 0.0 CA 64 
   1230 5.485 0.0 HA 112 
   177 57.052 0.0 CA 18 
   599 42.47 0.0 CD 55 
   923 1.726 0.0 HD2 84 
   948 3.345 0.0 HD2 87 
   1155 112.996 0.0 NE2 104 
   771 4.985 0.0 HA 72 
   121 56.0 0.0 CA 12 
   554 64.045 0.0 CA 51 
   313 1.147 0.0 HD21 31 
   1433 42.247 0.0 CB 128 
   393 1.212 0.0 HB2 39 
   1096 177.352 0.0 C 98 
   1265 2.17 0.0 HE2 114 
   1128 32.451 0.0 CB 102 
   260 1.324 0.0 HB2 25 
   748 30.017 0.0 CB 69 
   83 54.561 0.0 CA 9 
   680 0.909 0.0 HG22 63 
   223 110.82 0.0 N 21 
   500 0.837 0.0 HG13 47 
   224 8.268 0.0 H 22 
   1354 2.879 0.0 HB2 121 
   1337 4.943 0.0 HA 120 
   321 26.56 0.0 CD2 31 
   1023 0.459 0.0 HG12 93 
   311 1.035 0.0 HD12 31 
   417 1.555 0.0 HB3 41 
   1323 6.967 0.0 HH2 119 
   278 2.142 0.0 HD3 28 
   1017 9.184 0.0 H 93 
   1154 123.299 0.0 N 104 
   1031 14.095 0.0 CD1 93 
   1309 1.253 0.0 HG3 118 
   759 31.29 0.0 CB 70 
   1376 6.575 0.0 H 123 
   1024 1.216 0.0 HG13 93 
   23 2.6 0.0 HB2 3 
   1179 31.258 0.0 CB 107 
   265 4.443 0.0 HA 26 
   1054 33.572 0.0 CB 95 
   1059 5.374 0.0 HA 96 
   711 27.67 0.0 CG 65 
   1040 176.203 0.0 C 94 
   766 172.0 0.0 C 71 
   1391 45.365 0.0 CA 124 
   570 1.635 0.0 HG2 53 
   994 2.323 0.0 HG2 91 
   185 1.445 0.0 HB2 19 
   1240 131.451 0.0 CD1 112 
   273 109.233 0.0 N 27 
   1076 1.689 0.0 HB2 97 
   1389 4.955 0.0 HA3 124 
   1427 122.174 0.0 N 127 
   1203 31.948 0.0 CB 109 
   659 3.312 0.0 HB2 61 
   1290 1.586 0.0 HG3 116 
   1082 174.825 0.0 C 97 
   545 19.875 0.0 CG2 50 
   1064 7.28 0.0 HE1 96 
   1122 3.604 0.0 HD2 102 
   424 1.664 0.0 HG 41 
   603 3.95 0.0 HA 56 
   254 57.298 0.0 CA 24 
   550 1.179 0.0 HG21 51 
   54 4.38 0.0 HA3 6 
   1269 175.904 0.0 C 114 
   731 3.74 0.0 HA 68 
   1425 21.54 0.0 CG1 127 
   957 119.907 0.0 N 87 
   283 31.061 0.0 CB 28 
   827 0.564 0.0 HD13 76 
   484 2.899 0.0 HB3 46 
   1091 1.925 0.0 HB3 98 
   425 176.25 0.0 C 41 
   791 130.3 0.0 CE1 73 
   635 177.0 0.0 C 58 
   1085 43.79 0.0 CD 97 
   263 19.649 0.0 CB 25 
   350 2.92 0.0 HD2 35 
   1187 2.103 0.0 HG3 108 
   825 0.564 0.0 HD11 76 
   540 0.509 0.0 HG22 50 
   1254 54.651 0.0 CA 113 
   956 27.468 0.0 CG 87 
   849 32.628 0.0 CB 77 
   409 1.098 0.0 HB3 40 
   132 7.486 0.0 H 14 
   1190 34.517 0.0 CB 108 
   1095 1.576 0.0 HG3 98 
   1067 55.736 0.0 CA 96 
   1109 3.905 0.0 HA2 100 
   830 0.582 0.0 HD23 76 
   1429 4.298 0.0 HA 128 
   451 2.209 0.0 HB2 43 
   660 3.215 0.0 HB3 61 
   1288 3.215 0.0 HD3 116 
   1362 40.107 0.0 CB 121 
   503 0.479 0.0 HG23 47 
   123 116.209 0.0 N 12 
   1130 27.111 0.0 CG 102 
   1143 4.495 0.0 HA 104 
   1419 0.266 0.0 HG21 127 
   1380 1.878 0.0 HG2 123 
   940 4.069 0.0 HB3 86 
   199 28.47 0.0 CG 19 
   1247 1.796 0.0 HB2 113 
   1250 2.982 0.0 HD3 113 
   399 178.1 0.0 C 39 
   703 2.83 0.0 HD2 65 
   666 4.346 0.0 HA 62 
   356 125.552 0.0 N 35 
   1111 175.32 0.0 C 100 
   1169 55.849 0.0 CA 106 
   1117 44.635 0.0 CA 101 
   737 59.89 0.0 CA 68 
   1396 2.028 0.0 HB3 125 
   978 0.545 0.0 HG11 90 
   397 6.565 0.0 HE1 39 
   341 4.198 0.0 HB3 34 
   55 176.304 0.0 C 6 
   604 1.897 0.0 HB2 56 
   907 115.128 0.0 N 82 
   1325 6.69 0.0 HZ3 119 
   520 179.004 0.0 C 48 
   406 3.956 0.0 HA 40 
   728 28.554 0.0 CB 67 
   733 2.234 0.0 HB3 68 
   423 0.717 0.0 HD23 41 
   1170 33.628 0.0 CB 106 
   878 1.524 0.0 HG 79 
   1192 128.36 0.0 N 108 
   126 2.443 0.0 HB2 13 
   860 0.813 0.0 HG22 78 
   924 1.726 0.0 HD3 84 
   1104 3.906 0.0 HA3 99 
   274 2.61 0.0 HA 28 
   1090 1.732 0.0 HB2 98 
   292 177.415 0.0 C 29 
   345 111.582 0.0 N 34 
   1205 28.708 0.0 CG 109 
   248 118.381 0.0 N 23 
   446 43.345 0.0 CE 42 
   929 55.741 0.0 CA 84 
   1420 0.266 0.0 HG22 127 
   920 4.584 0.0 HA 84 
   156 3.281 0.0 HD2 17 
   1030 42.274 0.0 CB 93 
   537 4.576 0.0 HA 50 
   823 1.401 0.0 HB2 76 
   1073 120.365 0.0 N 96 
   441 1.111 0.0 HG3 42 
   342 175.96 0.0 C 34 
   225 4.195 0.0 HA 22 
   364 6.75 0.0 HE2 36 
   14 6.792 0.0 HD21 2 
   1399 174.408 0.0 C 125 
   1146 6.978 0.0 HE21 104 
   898 66.3 0.0 CB 81 
   1255 35.782 0.0 CB 113 
   750 117.242 0.0 N 69 
   753 2.006 0.0 HB2 70 
   337 27.53 0.0 CG 33 
   645 2.925 0.0 HB3 59 
   17 53.005 0.0 CA 2 
   348 1.396 0.0 HB2 35 
   495 1.73 0.0 HB 47 
   972 72.876 0.0 CB 89 
   743 2.139 0.0 HB3 69 
   1324 7.531 0.0 HZ2 119 
   325 122.625 0.0 N 32 
   1118 108.265 0.0 N 101 
   175 1.697 0.0 HG 18 
   612 30.658 0.0 CB 56 
   343 60.984 0.0 CA 34 
   784 6.582 0.0 HE1 73 
   502 0.479 0.0 HG22 47 
   372 120.099 0.0 N 36 
   110 39.46 0.0 CB 11 
   85 29.151 0.0 CD 9 
   102 2.98 0.0 HB2 11 
   1127 62.11 0.0 CA 102 
   583 177.408 0.0 C 54 
   696 39.218 0.0 CB 64 
   930 33.692 0.0 CB 84 
   935 4.11 0.0 HA2 85 
   118 2.63 0.0 HB2 12 
   1422 174.707 0.0 C 127 
   96 62.155 0.0 CA 10 
   411 54.857 0.0 CA 40 
   529 1.945 0.0 HB3 49 
   891 106.586 0.0 N 80 
   498 0.204 0.0 HD13 47 
   247 26.234 0.0 CG 23 
   142 2.595 0.0 HB2 15 
   1239 44.342 0.0 CB 112 
   323 119.402 0.0 N 31 
   246 43.34 0.0 CD 23 
   1101 128.385 0.0 N 98 
   903 3.83 0.0 HB3 82 
   216 1.747 0.0 HG2 21 
   1198 3.139 0.0 HD3 109 
   212 2.193 0.0 HB2 21 
   361 6.665 0.0 HD1 36 
   702 1.467 0.0 HB3 65 
   1069 131.6 0.0 CD1 96 
   187 0.589 0.0 HD11 19 
   622 39.937 0.0 CB 57 
   807 25.72 0.0 CD1 74 
   434 2.401 0.0 HB2 42 
   868 9.244 0.0 H 79 
   1088 9.754 0.0 H 98 
   1302 7.628 0.0 H 118 
   705 1.16 0.0 HG2 65 
   895 3.878 0.0 HB3 81 
   77 1.637 0.0 HD3 9 
   663 59.65 0.0 CA 61 
   1326 175.5 0.0 C 119 
   887 4.158 0.0 HA2 80 
   855 1.94 0.0 HB 78 
   643 4.571 0.0 HA 59 
   466 61.65 0.0 CA 44 
   829 0.582 0.0 HD22 76 
   1175 3.482 0.0 HB3 107 
   29 7.153 0.0 H 4 
   420 0.761 0.0 HD13 41 
   93 1.269 0.0 HG22 10 
   944 8.091 0.0 H 87 
   338 7.582 0.0 H 34 
   1434 129.886 0.0 N 128 
   104 7.598 0.0 HD1 11 
   1052 176.85 0.0 C 95 
   1057 122.839 0.0 N 95 
   135 2.938 0.0 HB3 14 
   836 23.57 0.0 CD2 76 
   1035 9.654 0.0 H 94 
   1126 176.9 0.0 C 102 
   344 63.245 0.0 CB 34 
   1278 1.303 0.0 HB1 115 
   1353 4.192 0.0 HA 121 
   875 0.689 0.0 HD21 79 
   1125 1.9 0.0 HG3 102 
   250 4.576 0.0 HA 24 
   521 67.625 0.0 CA 48 
   761 114.677 0.0 N 70 
   154 1.368 0.0 HB2 17 
   49 60.214 0.0 CA 5 
   1424 32.581 0.0 CB 127 
   267 1.485 0.0 HB2 26 
   294 28.57 0.0 CB 29 
   1223 174.94 0.0 C 111 
   638 25.392 0.0 CD1 58 
   1042 22.085 0.0 CB 94 
   339 4.736 0.0 HA 34 
   614 28.048 0.0 CG 56 
   563 43.019 0.0 CB 52 
   953 54.544 0.0 CA 87 
   1286 1.977 0.0 HB3 116 
   967 1.236 0.0 HG21 89 
   280 -0.395 0.0 HG3 28 
   1416 0.549 0.0 HG11 127 
   1038 1.937 0.0 HB2 94 
   1124 1.991 0.0 HG2 102 
   149 2.895 0.0 HA2 16 
   332 1.176 0.0 HG3 33 
   610 177.209 0.0 C 56 
   326 3.481 0.0 HA 33 
   307 3.978 0.0 HA 31 
   113 118.8 0.0 CE1 11 
   1261 0.78 0.0 HB2 114 
   590 1.625 0.0 HB2 55 
   1426 20.19 0.0 CG2 127 
   757 176.9 0.0 C 70 
   19 118.889 0.0 N 2 
   910 1.923 0.0 HB2 83 
   295 36.955 0.0 CG 29 
   1083 54.951 0.0 CA 97 
   340 3.692 0.0 HB2 34 
   354 30.325 0.0 CB 35 
   692 6.936 0.0 HD21 64 
   153 4.172 0.0 HA 17 
   478 57.459 0.0 CA 45 
   136 175.105 0.0 C 14 
   99 112.657 0.0 N 10 
   172 0.718 0.0 HD21 18 
   1312 33.592 0.0 CB 118 
   725 3.645 0.0 HB3 67 
   760 36.478 0.0 CG 70 
   28 124.395 0.0 N 3 
   954 33.678 0.0 CB 87 
   310 1.035 0.0 HD11 31 
   1207 9.762 0.0 H 110 
   234 110.883 0.0 N 22 
   1334 121.469 0.0 N 119 
   196 40.21 0.0 CB 19 
   814 1.996 0.0 HG2 75 
   765 3.17 0.0 HB3 71 
   917 36.115 0.0 CG 83 
   143 2.495 0.0 HB3 15 
   98 22.425 0.0 CG2 10 
   1178 51.578 0.0 CA 107 
   1089 4.874 0.0 HA 98 
   241 1.415 0.0 HG2 23 
   1061 2.567 0.0 HB3 96 
   158 1.735 0.0 HG2 17 
   291 1.995 0.0 HG3 29 
   1351 115.506 0.0 N 120 
   1417 0.549 0.0 HG12 127 
   106 6.55 0.0 HE1 11 
   61 3.696 0.0 HB3 7 
   657 119.653 0.0 N 59 
   1079 3.228 0.0 HD3 97 
   92 1.269 0.0 HG21 10 
   1132 4.002 0.0 HA 103 
   842 1.648 0.0 HB3 77 
   221 43.564 0.0 CD 21 
   1041 49.829 0.0 CA 94 
   707 177.82 0.0 C 65 
   1349 117.2 0.0 CE1 120 
   1097 55.288 0.0 CA 98 
   1294 43.34 0.0 CD 116 
   161 64.78 0.0 CA 17 
   1049 3.25 0.0 HD3 95 
   826 0.564 0.0 HD12 76 
   1138 57.735 0.0 CA 103 
   1320 6.8 0.0 HD1 119 
   921 1.823 0.0 HB2 84 
   803 0.741 0.0 HD23 74 
   465 177.805 0.0 C 44 
   277 3.241 0.0 HD2 28 
   1112 45.456 0.0 CA 100 
   992 1.996 0.0 HB2 91 
   1289 1.586 0.0 HG2 116 
   1008 7.082 0.0 HE2 92 
   1011 43.37 0.0 CB 92 
   933 24.71 0.0 CG 84 
   1270 53.831 0.0 CA 114 
   781 3.11 0.0 HB3 73 
   21 9.38 0.0 H 3 
   401 35.75 0.0 CB 39 
   255 64.524 0.0 CB 24 
   1319 2.643 0.0 HB3 119 
   1050 1.66 0.0 HG2 95 
   712 122.45 0.0 N 65 
   383 3.731 0.0 HA 38 
   632 0.806 0.0 HD22 58 
   264 124.685 0.0 N 25 
   327 0.908 0.0 HB2 33 
   1274 24.66 0.0 CG 114 
   1188 173.31 0.0 C 108 
   1366 130.84 0.0 CE2 121 
   727 60.29 0.0 CA 67 
   998 31.557 0.0 CB 91 
   1152 33.32 0.0 CB 104 
   1048 3.15 0.0 HD2 95 
   473 8.306 0.0 H 45 
   1359 7.175 0.0 HE2 121 
   1285 1.856 0.0 HB2 116 
   642 7.394 0.0 H 59 
   206 177.003 0.0 C 20 
   798 0.739 0.0 HD11 74 
   535 118.382 0.0 N 49 
   390 119.703 0.0 N 38 
   656 129.0 0.0 CE2 59 
   1133 1.744 0.0 HB2 103 
   1394 4.687 0.0 HA 125 
   677 0.998 0.0 HG12 63 
   985 62.035 0.0 CA 90 
   493 6.884 0.0 H 47 
   1410 52.02 0.0 CA 126 
   150 2.895 0.0 HA3 16 
   952 175.019 0.0 C 87 
   1016 124.784 0.0 N 92 
   958 8.529 0.0 H 88 
   184 3.623 0.0 HA 19 
   941 172.805 0.0 C 86 
   1158 3.656 0.0 HB2 105 
   569 2.514 0.0 HD3 53 
   275 1.096 0.0 HB2 28 
   284 50.19 0.0 CD 28 
   1407 1.334 0.0 HB2 126 
   445 29.151 0.0 CD 42 
   258 4.116 0.0 HA 25 
   988 22.42 0.0 CG2 90 
   1259 8.608 0.0 H 114 
   1383 55.575 0.0 CA 123 
   1106 47.294 0.0 CA 99 
   244 54.444 0.0 CA 23 
   838 126.577 0.0 N 76 
   1307 3.037 0.0 HD3 118 
   141 4.006 0.0 HA 15 
   775 52.5 0.0 CA 72 
   1113 109.645 0.0 N 100 
   180 24.068 0.0 CD2 18 
   1055 43.47 0.0 CD 95 
   546 103.746 0.0 N 50 
   1345 57.29 0.0 CA 120 
   8 29.815 0.0 CB 1 
   1279 1.303 0.0 HB2 115 
   20 110.708 0.0 ND2 2 
   119 2.469 0.0 HB3 12 
   996 175.381 0.0 C 91 
   1251 1.61 0.0 HG2 113 
   1346 42.25 0.0 CB 120 
   1209 4.164 0.0 HB2 110 
   120 175.224 0.0 C 12 
   62 175.803 0.0 C 7 
   1330 119.204 0.0 CE3 119 
   210 7.678 0.0 H 21 
   416 1.555 0.0 HB2 41 
   108 178.9 0.0 C 11 
   179 25.729 0.0 CD1 18 
   586 36.72 0.0 CG 54 
   664 31.254 0.0 CB 61 
   961 172.34 0.0 C 88 
   1108 8.975 0.0 H 100 
   351 2.92 0.0 HD3 35 
   432 7.516 0.0 H 42 
   380 18.245 0.0 CB 37 
   1019 1.4 0.0 HB 93 
   558 9.009 0.0 H 52 
   979 0.545 0.0 HG12 90 
   252 3.83 0.0 HB3 24 
   1044 9.352 0.0 H 95 
   147 124.741 0.0 N 15 
   592 3.145 0.0 HD2 55 
   429 22.34 0.0 CD2 41 
   1377 4.264 0.0 HA 123 
   1272 29.151 0.0 CD 114 
   721 120.92 0.0 N 66 
   984 173.64 0.0 C 90 
   618 2.735 0.0 HB2 57 
   314 1.147 0.0 HD22 31 
   365 176.705 0.0 C 36 
   1397 2.216 0.0 HG2 125 
   402 117.405 0.0 CE1 39 
   1043 131.277 0.0 N 94 
   328 1.468 0.0 HB3 33 
   694 176.82 0.0 C 64 
   220 27.115 0.0 CB 21 
   1305 1.514 0.0 HB3 118 
   1153 34.296 0.0 CG 104 
   1431 2.483 0.0 HB3 128 
   515 0.502 0.0 HG12 48 
   207 52.729 0.0 CA 20 
   471 130.2 0.0 CE2 44 
   968 1.236 0.0 HG22 89 
   1249 3.346 0.0 HD2 113 
   633 0.806 0.0 HD23 58 
   960 5.047 0.0 HA3 88 
   1025 0.78 0.0 HG21 93 
   650 174.42 0.0 C 59 
   166 4.458 0.0 HA 18 
   1186 2.103 0.0 HG2 108 
   800 0.739 0.0 HD13 74 
   145 64.155 0.0 CA 15 
   648 7.032 0.0 HE1 59 
   1072 130.76 0.0 CE2 96 
   886 7.635 0.0 H 80 
   806 44.31 0.0 CB 74 
   1421 0.266 0.0 HG23 127 
   239 3.047 0.0 HD2 23 
   662 177.2 0.0 C 61 
   557 121.694 0.0 N 51 
   1308 1.253 0.0 HG2 118 
   1252 1.343 0.0 HG3 113 
   714 4.151 0.0 HA 66 
   253 174.356 0.0 C 24 
   391 7.838 0.0 H 39 
   577 8.334 0.0 H 54 
   1310 173.805 0.0 C 118 
   993 1.996 0.0 HB3 91 
   385 1.672 0.0 HB2 38 
   620 176.8 0.0 C 57 
   1196 1.743 0.0 HB3 109 
   80 1.399 0.0 HG2 9 
   565 3.938 0.0 HA 53 
   1181 129.694 0.0 N 107 
   1318 2.77 0.0 HB2 119 
   1372 172.256 0.0 C 122 
   69 174.204 0.0 C 8 
   1415 0.75 0.0 HB 127 
   715 1.416 0.0 HB1 66 
   1206 122.752 0.0 N 109 
   1102 9.005 0.0 H 99 
   1260 4.664 0.0 HA 114 
   430 27.053 0.0 CG 41 
   942 58.208 0.0 CA 86 
   183 8.075 0.0 H 19 
   428 25.612 0.0 CD1 41 
   1180 115.4 0.0 CD2 107 
   1281 51.415 0.0 CA 115 
   817 57.14 0.0 CA 75 
   6 176.41 0.0 C 1 
   1273 41.456 0.0 CE 114 
   140 8.183 0.0 H 15 
   1189 54.005 0.0 CA 108 
   790 130.4 0.0 CD2 73 
   884 28.23 0.0 CG 79 
   1378 1.863 0.0 HB2 123 
   125 4.805 0.0 HA 13 
   359 2.601 0.0 HB2 36 
   1293 27.96 0.0 CB 116 
   213 2.277 0.0 HB3 21 
   623 116.726 0.0 N 57 
   368 132.01 0.0 CD1 36 
   832 175.7 0.0 C 76 
   1002 5.619 0.0 HA 92 
   1151 54.05 0.0 CA 104 
   1060 2.068 0.0 HB2 96 
   1009 171.85 0.0 C 92 
   226 4.224 0.0 HB 22 
   1344 176.52 0.0 C 120 
   770 8.706 0.0 H 72 
   192 0.146 0.0 HD23 19 
   600 26.888 0.0 CG 55 
   378 178.2 0.0 C 37 
   464 7.192 0.0 HE2 44 
   439 3.169 0.0 HE3 42 
   574 32.371 0.0 CB 53 
   203 1.402 0.0 HB1 20 
   396 6.665 0.0 HD2 39 
   72 7.934 0.0 H 9 
   282 64.51 0.0 CA 28 
   950 1.847 0.0 HG2 87 
   742 2.066 0.0 HB2 69 
   427 40.89 0.0 CB 41 
   1386 113.946 0.0 N 123 
   706 1.16 0.0 HG3 65 
   1210 4.024 0.0 HB3 110 
   9 36.326 0.0 CG 1 
   769 115.477 0.0 N 71 
   208 18.852 0.0 CB 20 
   317 179.245 0.0 C 31 
   525 122.147 0.0 N 48 
   544 69.63 0.0 CB 50 
   1071 130.76 0.0 CE1 96 
   893 5.342 0.0 HA 81 
   1234 7.09 0.0 HD2 112 
   1231 2.355 0.0 HB2 112 
   139 126.164 0.0 N 14 
   527 3.957 0.0 HA 49 
   690 2.951 0.0 HB2 64 
   63 59.829 0.0 CA 7 
   1176 6.803 0.0 HD2 107 
   708 59.999 0.0 CA 65 
   542 173.401 0.0 C 50 
   1000 129.755 0.0 N 91 
   532 58.85 0.0 CA 49 
   566 1.839 0.0 HB2 53 
   617 4.653 0.0 HA 57 
   841 1.734 0.0 HB2 77 
   510 119.187 0.0 N 47 
   174 0.718 0.0 HD23 18 
   556 20.937 0.0 CG2 51 
   1197 3.139 0.0 HD2 109 
   474 4.235 0.0 HA 45 
   1093 3.211 0.0 HD3 98 
   87 25.43 0.0 CG 9 
   678 0.998 0.0 HG13 63 
   585 29.521 0.0 CB 54 
   804 176.95 0.0 C 74 
   734 1.901 0.0 HG2 68 
   782 7.023 0.0 HD1 73 
   1332 115.4 0.0 CZ2 119 
   824 -0.729 0.0 HB3 76 
   33 0.979 0.0 HG12 4 
   908 8.427 0.0 H 83 
   918 121.107 0.0 N 83 
   1384 32.175 0.0 CB 123 
   607 3.195 0.0 HD3 56 
   363 6.75 0.0 HE1 36 
   661 7.15 0.0 HD2 61 
   89 8.784 0.0 H 10 
   48 175.9 0.0 C 5 
   1037 1.937 0.0 HB1 94 
   64 62.352 0.0 CB 7 
   613 43.64 0.0 CD 56 
   1046 1.85 0.0 HB2 95 
   783 7.023 0.0 HD2 73 
   621 55.375 0.0 CA 57 
   488 6.55 0.0 HE2 46 
   32 0.979 0.0 HG11 4 
   1145 1.686 0.0 HB3 104 
   551 1.179 0.0 HG22 51 
   1139 30.075 0.0 CB 103 
   1115 4.033 0.0 HA2 101 
   66 9.283 0.0 H 8 
   1165 4.998 0.0 HA 106 
   1144 0.798 0.0 HB2 104 
   688 7.698 0.0 H 64 
   531 2.295 0.0 HG3 49 
   266 1.485 0.0 HB1 26 
   778 8.75 0.0 H 73 
   492 119.529 0.0 N 46 
   820 119.876 0.0 N 75 
   602 7.466 0.0 H 56 
   81 1.315 0.0 HG3 9 
   232 69.026 0.0 CB 22 
   1070 131.6 0.0 CD2 96 
   373 8.907 0.0 H 37 
   882 25.182 0.0 CD1 79 
   530 2.295 0.0 HG2 49 
   615 121.407 0.0 N 56 
   298 3.898 0.0 HA 30 
   1405 4.473 0.0 HA 126 
   1056 27.88 0.0 CG 95 
   597 54.441 0.0 CA 55 
   854 4.11 0.0 HA 78 
   1020 0.535 0.0 HD11 93 
   902 3.83 0.0 HB2 82 
   579 1.751 0.0 HB2 54 
   1268 0.415 0.0 HG3 114 
   864 32.119 0.0 CB 78 
   1364 130.74 0.0 CD2 121 
   257 8.255 0.0 H 25 
   1007 7.082 0.0 HE1 92 
   46 3.103 0.0 HB2 5 
   191 0.146 0.0 HD22 19 
   1164 9.575 0.0 H 106 
   905 57.524 0.0 CA 82 
   1078 3.228 0.0 HD2 97 
   975 9.02 0.0 H 90 
   573 65.11 0.0 CA 53 
   949 3.345 0.0 HD3 87 
   107 6.55 0.0 HE2 11 
   758 56.417 0.0 CA 70 
   580 1.751 0.0 HB3 54 
   1036 5.859 0.0 HA 94 
   976 4.777 0.0 HA 90 
   197 25.042 0.0 CD1 19 
   947 2.189 0.0 HB3 87 
   404 119.108 0.0 N 39 
   1356 6.727 0.0 HD1 121 
   997 53.955 0.0 CA 91 
   440 1.559 0.0 HG2 42 
   982 1.127 0.0 HG22 90 
   745 2.478 0.0 HG3 69 
   751 7.986 0.0 H 70 
   1299 173.43 0.0 C 117 
   549 4.218 0.0 HB 51 
   324 8.704 0.0 H 32 
   674 3.769 0.0 HA 63 
   874 0.654 0.0 HD13 79 
   1162 65.457 0.0 CB 105 
   505 61.81 0.0 CA 47 
   914 174.601 0.0 C 83 
   1393 8.229 0.0 H 125 
   1216 5.243 0.0 HA 111 
   176 181.207 0.0 C 18 
   251 3.745 0.0 HB2 24 
   965 5.861 0.0 HA 89 
   1100 27.715 0.0 CG 98 
   412 17.695 0.0 CB 40 
   12 2.675 0.0 HB2 2 
   105 7.598 0.0 HD2 11 
   681 0.909 0.0 HG23 63 
   845 1.447 0.0 HG2 77 
   964 8.86 0.0 H 89 
   1402 35.961 0.0 CG 125 
   1068 41.738 0.0 CB 96 
   1220 7.652 0.0 HE22 111 
   578 4.158 0.0 HA 54 
   768 64.73 0.0 CB 71 
   850 43.64 0.0 CD 77 
   52 7.704 0.0 H 6 
   719 55.495 0.0 CA 66 
   1245 9.522 0.0 H 113 
   1228 111.8 0.0 NE2 111 
   349 1.91 0.0 HB3 35 
   1129 49.61 0.0 CD 102 
   588 8.069 0.0 H 55 
   1045 5.608 0.0 HA 95 
   1395 1.946 0.0 HB2 125 
   468 131.0 0.0 CD1 44 
   673 7.917 0.0 H 63 
   454 51.354 0.0 CA 43 
   299 1.341 0.0 HB1 30 
   1409 177.6 0.0 C 126 
   539 0.509 0.0 HG21 50 
   367 38.05 0.0 CB 36 
   408 1.098 0.0 HB2 40 
   360 3.32 0.0 HB3 36 
   815 1.996 0.0 HG3 75 
   894 3.838 0.0 HB2 81 
   1110 3.905 0.0 HA3 100 
   999 36.712 0.0 CG 91 
   795 4.432 0.0 HA 74 
   1074 8.665 0.0 H 97 
   60 3.922 0.0 HB2 7 
   683 65.63 0.0 CA 63 
   1266 2.265 0.0 HE3 114 
   564 127.871 0.0 N 52 
   816 172.804 0.0 C 75 
   938 4.317 0.0 HA 86 
   43 128.077 0.0 N 4 
   951 1.78 0.0 HG3 87 
   181 28.33 0.0 CG 18 
   567 2.232 0.0 HB3 53 
   190 0.146 0.0 HD21 19 
   1214 125.774 0.0 N 110 
   866 21.285 0.0 CG2 78 
   1284 3.841 0.0 HA 116 
   889 171.34 0.0 C 80 
   205 1.402 0.0 HB3 20 
   272 7.106 0.0 H 27 
   1066 171.75 0.0 C 96 
   913 2.205 0.0 HG3 83 
   115 124.022 0.0 N 11 
   1374 64.524 0.0 CB 122 
   571 1.635 0.0 HG3 53 
   1370 3.554 0.0 HB2 122 
   861 0.813 0.0 HG23 78 
   634 1.6 0.0 HG 58 
   754 2.218 0.0 HB3 70 
   1161 57.248 0.0 CA 105 
   1342 6.86 0.0 HE1 120 
   490 62.32 0.0 CA 46 
   26 63.959 0.0 CA 3 
   444 27.542 0.0 CB 42 
   1225 30.155 0.0 CB 111 
   639 22.596 0.0 CD2 58 
   619 2.609 0.0 HB3 57 
   679 0.909 0.0 HG21 63 
   79 2.903 0.0 HE3 9 
   1182 8.243 0.0 H 108 
   346 8.345 0.0 H 35 
   536 7.115 0.0 H 50 
   508 26.86 0.0 CG1 47 
   834 41.951 0.0 CB 76 
   262 52.785 0.0 CA 25 
   1418 0.549 0.0 HG13 127 
   170 0.885 0.0 HD12 18 
   1107 117.554 0.0 N 99 
   13 2.932 0.0 HB3 2 
   470 130.2 0.0 CE1 44 
   16 175.445 0.0 C 2 
   198 22.18 0.0 CD2 19 
   235 7.348 0.0 H 23 
   1369 4.517 0.0 HA 122 
   837 27.682 0.0 CG 76 
   919 9.104 0.0 H 84 
   1400 54.435 0.0 CA 125 
   34 0.979 0.0 HG13 4 
   182 116.726 0.0 N 18 
   987 22.264 0.0 CG1 90 
   1094 1.576 0.0 HG2 98 
   1236 7.192 0.0 HE2 112 
   885 130.507 0.0 N 79 
   883 22.906 0.0 CD2 79 
   718 179.2 0.0 C 66 
   640 26.923 0.0 CG 58 
   128 175.205 0.0 C 13 
   259 1.324 0.0 HB1 25 
   214 3.225 0.0 HD2 21 
   1194 4.95 0.0 HA 109 
   189 0.589 0.0 HD13 19 
   450 4.875 0.0 HA 43 
   857 0.751 0.0 HG12 78 
   977 2.119 0.0 HB 90 
   504 178.5 0.0 C 47 
   1201 176.252 0.0 C 109 
   44 8.155 0.0 H 5 
   39 63.31 0.0 CA 4 
   1006 7.035 0.0 HD2 92 
   1026 0.78 0.0 HG22 93 
   582 2.144 0.0 HG3 54 
   437 1.611 0.0 HD3 42 
   281 176.9 0.0 C 28 
   561 2.488 0.0 HB3 52 
   863 63.69 0.0 CA 78 
   1212 59.029 0.0 CA 110 
   400 62.201 0.0 CA 39 
   50 30.7 0.0 CB 5 
   463 7.192 0.0 HE1 44 
   486 6.77 0.0 HD2 46 
   455 40.453 0.0 CB 43 
   796 1.361 0.0 HB2 74 
   1172 8.819 0.0 H 107 
   1411 19.149 0.0 CB 126 
   518 0.798 0.0 HG22 48 
   966 3.95 0.0 HB 89 
   1114 7.925 0.0 H 101 
   881 42.361 0.0 CB 79 
   462 7.23 0.0 HD2 44 
   357 8.099 0.0 H 36 
   647 7.195 0.0 HD2 59 
   904 172.65 0.0 C 82 
   1081 1.566 0.0 HG3 97 
   305 120.59 0.0 N 30 
   1368 8.557 0.0 H 122 
   164 28.471 0.0 CG 17 
   584 57.145 0.0 CA 54 
   415 4.275 0.0 HA 41 
   1092 3.211 0.0 HD2 98 
   879 177.507 0.0 C 79 
   1116 4.288 0.0 HA3 101 
   971 61.14 0.0 CA 89 
   485 6.77 0.0 HD1 46 
   587 114.777 0.0 N 54 
   1276 9.291 0.0 H 115 
   1355 2.737 0.0 HB3 121 
   1371 3.268 0.0 HB3 122 
   1135 2.126 0.0 HG2 103 
   730 8.221 0.0 H 68 
   242 1.415 0.0 HG3 23 
   1267 -0.462 0.0 HG2 114 
   303 54.5 0.0 CA 30 
   1237 175.205 0.0 C 112 
   1432 55.945 0.0 CA 128 
   1039 1.937 0.0 HB3 94 
   489 178.007 0.0 C 46 
   1141 120.322 0.0 N 103 
   901 4.747 0.0 HA 82 
   371 117.801 0.0 CE2 36 
   1136 2.0 0.0 HG3 103 
   53 3.93 0.0 HA2 6 
   710 43.29 0.0 CD 65 
   605 1.95 0.0 HB3 56 
   528 1.945 0.0 HB2 49 
   71 111.582 0.0 N 8 
   846 1.498 0.0 HG3 77 
   42 21.175 0.0 CG2 4 
   1167 3.578 0.0 HB3 106 
   209 120.542 0.0 N 20 
   1327 57.495 0.0 CA 119 
   168 1.8 0.0 HB3 18 
   237 1.524 0.0 HB2 23 
   131 117.361 0.0 N 13 
   318 56.998 0.0 CA 31 
   1300 45.22 0.0 CA 117 
   457 8.229 0.0 H 44 
   202 4.243 0.0 HA 20 
   290 1.995 0.0 HG2 29 
   306 7.782 0.0 H 31 
   329 2.895 0.0 HD2 33 
   851 27.258 0.0 CG 77 
   876 0.689 0.0 HD22 79 
   1183 4.864 0.0 HA 108 
   449 8.832 0.0 H 43 
   646 7.195 0.0 HD1 59 
   387 180.2 0.0 C 38 
   1256 43.47 0.0 CD 113 
   959 3.563 0.0 HA2 88 
   151 48.106 0.0 CA 16 
   594 1.378 0.0 HG2 55 
   496 0.204 0.0 HD11 47 
   362 6.665 0.0 HD2 36 
   562 51.935 0.0 CA 52 
   1375 125.692 0.0 N 122 
   1248 1.708 0.0 HB3 113 
   476 2.593 0.0 HB3 45 
   133 4.403 0.0 HA 14 
   1306 3.037 0.0 HD2 118 
   268 1.485 0.0 HB3 26 
   844 3.09 0.0 HD3 77 
   1316 8.981 0.0 H 119 
   308 1.591 0.0 HB2 31 
   668 2.627 0.0 HB3 62 
   624 7.609 0.0 H 58 
   665 8.376 0.0 H 62 
   939 4.197 0.0 HB2 86 
   1219 6.732 0.0 HE21 111 
   403 117.405 0.0 CE2 39 
   1 4.155 0.0 HA 1 
   431 115.848 0.0 N 41 
   475 2.716 0.0 HB2 45 
   848 54.625 0.0 CA 77 
   616 8.78 0.0 H 57 
   871 1.609 0.0 HB3 79 
   11 4.752 0.0 HA 2 
   201 8.213 0.0 H 20 
   926 3.003 0.0 HE3 84 
   519 0.798 0.0 HG23 48 
   755 2.53 0.0 HG2 70 
   1142 8.938 0.0 H 104 
   897 57.259 0.0 CA 81 
   1033 17.492 0.0 CG2 93 
   47 2.92 0.0 HB3 5 
   302 177.4 0.0 C 30 
   1264 0.784 0.0 HD3 114 
   937 47.314 0.0 CA 85 
   472 122.987 0.0 N 44 
   218 176.109 0.0 C 21 
   501 0.479 0.0 HG21 47 
   1227 121.905 0.0 N 111 
   469 131.0 0.0 CD2 44 
   1166 3.271 0.0 HB2 106 
   818 33.51 0.0 CB 75 
   598 31.582 0.0 CB 55 
   890 45.632 0.0 CA 80 
   899 113.782 0.0 N 81 
   548 4.625 0.0 HA 51 
   1140 37.102 0.0 CG 103 
   1387 8.786 0.0 H 124 
   4 2.222 0.0 HG2 1 
   626 1.705 0.0 HB2 58 
   637 41.906 0.0 CB 58 
   865 21.781 0.0 CG1 78 
   945 5.606 0.0 HA 87 
   611 60.144 0.0 CA 56 
   822 4.769 0.0 HA 76 
   691 3.168 0.0 HB3 64 
   1086 27.428 0.0 CG 97 
   152 110.257 0.0 N 16 
   94 1.269 0.0 HG23 10 
   516 0.502 0.0 HG13 48 
   1193 8.473 0.0 H 109 
   31 2.078 0.0 HB 4 
   215 3.225 0.0 HD3 21 
   477 178.0 0.0 C 45 
   1015 131.4 0.0 CE2 92 
   522 32.041 0.0 CB 48 
   1382 173.108 0.0 C 123 
   709 29.462 0.0 CB 65 
   568 2.804 0.0 HD2 53 
   990 9.047 0.0 H 91 
   1392 109.592 0.0 N 124 
   1403 119.909 0.0 N 125 
   925 3.003 0.0 HE2 84 
   847 175.2 0.0 C 77 
   335 29.362 0.0 CB 33 
   129 53.219 0.0 CA 13 
   352 177.72 0.0 C 35 
   720 17.675 0.0 CB 66 
   1080 1.566 0.0 HG2 97 
   877 0.689 0.0 HD23 79 
   980 0.545 0.0 HG13 90 
   261 1.324 0.0 HB3 25 
   194 179.45 0.0 C 19 
   1075 4.526 0.0 HA 97 
   995 2.178 0.0 HG3 91 
   1367 122.001 0.0 N 121 
   1336 9.145 0.0 H 120 
   1263 0.874 0.0 HD2 114 
   739 117.484 0.0 N 68 
   652 40.445 0.0 CB 59 
   744 2.258 0.0 HG2 69 
   843 3.09 0.0 HD2 77 
   1303 4.552 0.0 HA 118 
   534 36.304 0.0 CG 49 
   1099 44.307 0.0 CD 98 
   86 41.986 0.0 CE 9 
   576 27.257 0.0 CG 53 
   436 1.74 0.0 HD2 42 
   1157 5.357 0.0 HA 105 
   682 178.94 0.0 C 63 
   541 0.509 0.0 HG23 50 
   173 0.718 0.0 HD22 18 
   596 173.52 0.0 C 55 
   36 0.979 0.0 HG22 4 
   789 130.4 0.0 CD1 73 
   1358 7.175 0.0 HE1 121 
   767 58.754 0.0 CA 71 
   122 40.455 0.0 CB 12 
   331 0.87 0.0 HG2 33 
   1032 28.25 0.0 CG1 93 
   124 7.445 0.0 H 13 
   560 2.623 0.0 HB2 52 
   1185 1.564 0.0 HB3 108 
   426 54.401 0.0 CA 41 
   641 118.45 0.0 N 58 
   1149 1.867 0.0 HG3 104 
   162 32.12 0.0 CB 17 
   421 0.717 0.0 HD21 41 
   68 4.247 0.0 HA3 8 
   1398 2.177 0.0 HG3 125 
   723 4.145 0.0 HA 67 
   1360 174.025 0.0 C 121 
   1295 27.648 0.0 CG 116 
   1211 172.435 0.0 C 110 
   671 40.155 0.0 CB 62 
   377 1.502 0.0 HB3 37 
   839 9.187 0.0 H 77 
   458 3.905 0.0 HA 44 
   700 3.481 0.0 HA 65 
   609 1.788 0.0 HG3 56 
   963 107.686 0.0 N 88 
   388 55.485 0.0 CA 38 
   269 176.4 0.0 C 26 
   1350 117.2 0.0 CE2 120 
   279 1.333 0.0 HG2 28 
   103 3.085 0.0 HB3 11 
   1150 174.031 0.0 C 104 
   1168 172.62 0.0 C 106 
   219 56.614 0.0 CA 21 
   915 56.075 0.0 CA 83 
   100 8.849 0.0 H 11 
   955 43.15 0.0 CD 87 
   138 29.87 0.0 CB 14 
   376 1.502 0.0 HB2 37 
   75 1.914 0.0 HB3 9 
   1333 121.55 0.0 CZ3 119 
   729 118.219 0.0 N 67 
   1379 2.039 0.0 HB3 123 
   547 7.748 0.0 H 51 
   1347 133.1 0.0 CD1 120 
   497 0.204 0.0 HD12 47 
   1058 8.865 0.0 H 96 
   672 119.139 0.0 N 62 
   981 1.127 0.0 HG21 90 
   763 5.268 0.0 HA 71 
   852 127.184 0.0 N 77 
   608 1.705 0.0 HG2 56 
   701 0.906 0.0 HB2 65 
   3 2.003 0.0 HB3 1 
   288 1.619 0.0 HB2 29 
   589 4.668 0.0 HA 55 
   809 123.697 0.0 N 74 
   713 7.586 0.0 H 66 
   1363 130.74 0.0 CD1 121 
   1315 121.34 0.0 N 118 
   856 0.751 0.0 HG11 78 
   627 1.619 0.0 HB3 58 
   669 179.5 0.0 C 62 
   927 1.366 0.0 HG2 84 
   1352 9.316 0.0 H 121 
   1005 7.035 0.0 HD1 92 
   517 0.798 0.0 HG21 48 
   931 29.25 0.0 CD 84 
   654 131.3 0.0 CD2 59 
   414 8.557 0.0 H 41 
   1047 1.75 0.0 HB3 95 
   552 1.179 0.0 HG23 51 
   1428 7.901 0.0 H 128 
   40 32.072 0.0 CB 4 
   1414 3.882 0.0 HA 127 
   1014 131.4 0.0 CE1 92 
   1280 1.303 0.0 HB3 115 
   59 3.932 0.0 HA 7 
   1010 56.13 0.0 CA 92 
   73 4.514 0.0 HA 9 
   1084 34.642 0.0 CB 97 
   1213 66.524 0.0 CB 110 
   1200 1.376 0.0 HG3 109 
   5 2.222 0.0 HG3 1 
   1322 7.275 0.0 HE3 119 
   1314 26.928 0.0 CG 118 
   932 42.015 0.0 CE 84 
   316 1.485 0.0 HG 31 
   1098 32.12 0.0 CB 98 
   722 7.759 0.0 H 67 
   1174 2.829 0.0 HB2 107 
   296 116.67 0.0 N 29 
   1238 56.51 0.0 CA 112 
   785 6.582 0.0 HE2 73 
   805 55.851 0.0 CA 74 
   1357 6.727 0.0 HD2 121 
   732 2.781 0.0 HB2 68 
   1287 3.215 0.0 HD2 116 
   1338 2.695 0.0 HB2 120 
   756 2.383 0.0 HG3 70 
   900 8.975 0.0 H 82 
   1134 1.823 0.0 HB3 103 
   333 177.29 0.0 C 33 
   1120 1.866 0.0 HB2 102 
   533 30.291 0.0 CB 49 
   555 68.659 0.0 CB 51 
   969 1.236 0.0 HG23 89 
   200 122.646 0.0 N 19 
   1258 124.163 0.0 N 113 
   1275 129.57 0.0 N 114 
   1292 56.584 0.0 CA 116 
   97 69.47 0.0 CB 10 
   870 1.251 0.0 HB2 79 
   726 178.407 0.0 C 67 
   888 4.158 0.0 HA3 80 
   101 4.625 0.0 HA 11 
   41 21.175 0.0 CG1 4 
   1413 7.916 0.0 H 127 
   911 1.923 0.0 HB3 83 
   1156 8.499 0.0 H 105 
   1297 3.345 0.0 HA2 117 
   217 1.747 0.0 HG3 21 
   1147 7.641 0.0 HE22 104 
   171 0.885 0.0 HD13 18 
   651 57.15 0.0 CA 59 
   15 7.423 0.0 HD22 2 
   862 176.104 0.0 C 78 
   276 0.895 0.0 HB3 28 
   835 25.728 0.0 CD1 76 
   297 7.812 0.0 H 30 
   676 0.998 0.0 HG11 63 
   24 2.948 0.0 HB3 3 
   880 56.012 0.0 CA 79 
   419 0.761 0.0 HD12 41 
   797 1.549 0.0 HB3 74 
   18 38.025 0.0 CB 2 
   1121 2.271 0.0 HB3 102 
   936 3.74 0.0 HA3 85 
   1331 124.3 0.0 CH2 119 
   1341 6.888 0.0 HD2 120 
   802 0.741 0.0 HD22 74 
   1053 54.651 0.0 CA 95 
   1034 118.019 0.0 N 93 
   833 53.317 0.0 CA 76 
   764 2.725 0.0 HB2 71 
   1177 173.205 0.0 C 107 
   204 1.402 0.0 HB2 20 
   188 0.589 0.0 HD12 19 
   165 6.545 0.0 H 18 
   512 3.049 0.0 HA 48 
   859 0.813 0.0 HG21 78 
   1235 7.192 0.0 HE1 112 
   58 8.552 0.0 H 7 
   698 113.408 0.0 ND2 64 
   1339 2.875 0.0 HB3 120 
   74 1.533 0.0 HB2 9 
   685 22.675 0.0 CG1 63 
   1163 113.911 0.0 N 105 
   178 39.261 0.0 CB 18 
   57 107.14 0.0 N 6 
   249 8.642 0.0 H 24 
   684 32.281 0.0 CB 63 
   271 19.685 0.0 CB 26 
   35 0.979 0.0 HG21 4 
   1423 61.46 0.0 CA 127 
   575 50.1 0.0 CD 53 
   1244 119.879 0.0 N 112 
   658 4.325 0.0 HA 61 
   300 1.341 0.0 HB2 30 
   667 2.758 0.0 HB2 62 
   526 8.501 0.0 H 49 
   499 1.064 0.0 HG12 47 
   792 130.3 0.0 CE2 73 
   873 0.654 0.0 HD12 79 
   1253 173.52 0.0 C 113 
   112 133.6 0.0 CD2 11 
   810 7.719 0.0 H 75 
   1243 130.35 0.0 CE2 112 
   1027 0.78 0.0 HG23 93 
   786 175.7 0.0 C 73 
   740 8.744 0.0 H 69 
   374 3.578 0.0 HA 37 
   989 121.506 0.0 N 90 
   231 63.14 0.0 CA 22 
   906 66.204 0.0 CB 82 
   1159 3.656 0.0 HB3 105 
   704 2.83 0.0 HD3 65 
   422 0.717 0.0 HD22 41 
   774 175.305 0.0 C 72 
   1301 103.666 0.0 N 117 
   405 8.09 0.0 H 40 
   1296 8.576 0.0 H 117 
   355 43.64 0.0 CD 35 
   631 0.806 0.0 HD21 58 
   38 175.39 0.0 C 4 
   289 1.619 0.0 HB3 29 
   762 7.151 0.0 H 71 
   794 9.086 0.0 H 74 
   1222 2.355 0.0 HG3 111 
   1401 33.107 0.0 CB 125 
   155 2.166 0.0 HB3 17 
   1077 1.572 0.0 HB3 97 
   581 2.144 0.0 HG2 54 
