   872 0.654 0.0 HD11 79 
   691 3.168 0.0 HB3 64 
   171 0.885 0.0 HD13 18 
   929 55.741 0.0 CA 84 
   955 43.15 0.0 CD 87 
   1140 37.102 0.0 CG 103 
   875 0.689 0.0 HD21 79 
   354 30.325 0.0 CB 35 
   110 39.46 0.0 CB 11 
   1165 4.998 0.0 HA 106 
   1130 27.111 0.0 CG 102 
   1144 0.798 0.0 HB2 104 
   1019 1.4 0.0 HB 93 
   119 2.469 0.0 HB3 12 
   1187 2.103 0.0 HG3 108 
   313 1.147 0.0 HD21 31 
   381 121.482 0.0 N 37 
   192 0.146 0.0 HD23 19 
   1255 35.782 0.0 CB 113 
   804 176.95 0.0 C 74 
   270 52.95 0.0 CA 26 
   952 175.019 0.0 C 87 
   1054 33.572 0.0 CB 95 
   720 17.675 0.0 CB 66 
   76 1.637 0.0 HD2 9 
   1 4.155 0.0 HA 1 
   526 8.501 0.0 H 49 
   383 3.731 0.0 HA 38 
   1277 4.579 0.0 HA 115 
   255 64.524 0.0 CB 24 
   621 55.375 0.0 CA 57 
   235 7.348 0.0 H 23 
   498 0.204 0.0 HD13 47 
   668 2.627 0.0 HB3 62 
   1086 27.428 0.0 CG 97 
   9 36.326 0.0 CG 1 
   817 57.14 0.0 CA 75 
   319 39.75 0.0 CB 31 
   821 8.538 0.0 H 76 
   1035 9.654 0.0 H 94 
   393 1.212 0.0 HB2 39 
   1125 1.9 0.0 HG3 102 
   535 118.382 0.0 N 49 
   174 0.718 0.0 HD23 18 
   508 26.86 0.0 CG1 47 
   86 41.986 0.0 CE 9 
   324 8.704 0.0 H 32 
   797 1.549 0.0 HB3 74 
   195 57.701 0.0 CA 19 
   1039 1.937 0.0 HB3 94 
   1322 7.275 0.0 HE3 119 
   920 4.584 0.0 HA 84 
   140 8.183 0.0 H 15 
   1104 3.906 0.0 HA3 99 
   558 9.009 0.0 H 52 
   1360 174.025 0.0 C 121 
   1399 174.408 0.0 C 125 
   1396 2.028 0.0 HB3 125 
   256 116.451 0.0 N 24 
   1249 3.346 0.0 HD2 113 
   1230 5.485 0.0 HA 112 
   340 3.692 0.0 HB2 34 
   435 2.401 0.0 HB3 42 
   944 8.091 0.0 H 87 
   1114 7.925 0.0 H 101 
   934 127.105 0.0 N 84 
   64 62.352 0.0 CB 7 
   914 174.601 0.0 C 83 
   651 57.15 0.0 CA 59 
   247 26.234 0.0 CG 23 
   1324 7.531 0.0 HZ2 119 
   1252 1.343 0.0 HG3 113 
   440 1.559 0.0 HG2 42 
   1015 131.4 0.0 CE2 92 
   120 175.224 0.0 C 12 
   1074 8.665 0.0 H 97 
   1299 173.43 0.0 C 117 
   1123 3.604 0.0 HD3 102 
   1122 3.604 0.0 HD2 102 
   382 8.298 0.0 H 38 
   926 3.003 0.0 HE3 84 
   452 2.821 0.0 HB3 43 
   48 175.9 0.0 C 5 
   323 119.402 0.0 N 31 
   1334 121.469 0.0 N 119 
   1429 4.298 0.0 HA 128 
   1325 6.69 0.0 HZ3 119 
   222 28.094 0.0 CG 21 
   672 119.139 0.0 N 62 
   1323 6.967 0.0 HH2 119 
   1292 56.584 0.0 CA 116 
   482 3.695 0.0 HA 46 
   253 174.356 0.0 C 24 
   203 1.402 0.0 HB1 20 
   554 64.045 0.0 CA 51 
   21 9.38 0.0 H 3 
   1260 4.664 0.0 HA 114 
   72 7.934 0.0 H 9 
   747 59.545 0.0 CA 69 
   390 119.703 0.0 N 38 
   702 1.467 0.0 HB3 65 
   386 1.672 0.0 HB3 38 
   1313 43.27 0.0 CD 118 
   998 31.557 0.0 CB 91 
   154 1.368 0.0 HB2 17 
   1317 4.567 0.0 HA 119 
   352 177.72 0.0 C 35 
   1237 175.205 0.0 C 112 
   335 29.362 0.0 CB 33 
   628 0.92 0.0 HD11 58 
   760 36.478 0.0 CG 70 
   576 27.257 0.0 CG 53 
   1310 173.805 0.0 C 118 
   722 7.759 0.0 H 67 
   436 1.74 0.0 HD2 42 
   1186 2.103 0.0 HG2 108 
   675 1.923 0.0 HB 63 
   583 177.408 0.0 C 54 
   770 8.706 0.0 H 72 
   798 0.739 0.0 HD11 74 
   248 118.381 0.0 N 23 
   870 1.251 0.0 HB2 79 
   996 175.381 0.0 C 91 
   1051 1.57 0.0 HG3 95 
   1349 117.2 0.0 CE1 120 
   776 42.88 0.0 CB 72 
   168 1.8 0.0 HB3 18 
   431 115.848 0.0 N 41 
   549 4.218 0.0 HB 51 
   180 24.068 0.0 CD2 18 
   1087 117.405 0.0 N 97 
   510 119.187 0.0 N 47 
   883 22.906 0.0 CD2 79 
   1002 5.619 0.0 HA 92 
   899 113.782 0.0 N 81 
   455 40.453 0.0 CB 43 
   1056 27.88 0.0 CG 95 
   909 4.892 0.0 HA 83 
   1283 130.852 0.0 N 115 
   1205 28.708 0.0 CG 109 
   1427 122.174 0.0 N 127 
   1011 43.37 0.0 CB 92 
   1220 7.652 0.0 HE22 111 
