   382 8.298 0.0 H 38 
   152 110.257 0.0 N 16 
   584 57.145 0.0 CA 54 
   1394 4.687 0.0 HA 125 
   1259 8.608 0.0 H 114 
   175 1.697 0.0 HG 18 
   1053 54.651 0.0 CA 95 
   1166 3.271 0.0 HB2 106 
   954 33.678 0.0 CB 87 
   396 6.665 0.0 HD2 39 
   1365 130.84 0.0 CE1 121 
   683 65.63 0.0 CA 63 
   1314 26.928 0.0 CG 118 
   44 8.155 0.0 H 5 
   23 2.6 0.0 HB2 3 
   1243 130.35 0.0 CE2 112 
   1325 6.69 0.0 HZ3 119 
   398 6.565 0.0 HE2 39 
   1075 4.526 0.0 HA 97 
   1294 43.34 0.0 CD 116 
   1190 34.517 0.0 CB 108 
   247 26.234 0.0 CG 23 
   855 1.94 0.0 HB 78 
   487 6.55 0.0 HE1 46 
   434 2.401 0.0 HB2 42 
   162 32.12 0.0 CB 17 
   81 1.315 0.0 HG3 9 
   816 172.804 0.0 C 75 
   172 0.718 0.0 HD21 18 
   886 7.635 0.0 H 80 
   552 1.179 0.0 HG23 51 
   519 0.798 0.0 HG23 48 
   709 29.462 0.0 CB 65 
   1169 55.849 0.0 CA 106 
   1392 109.592 0.0 N 124 
   908 8.427 0.0 H 83 
   1223 174.94 0.0 C 111 
   651 57.15 0.0 CA 59 
   319 39.75 0.0 CB 31 
   926 3.003 0.0 HE3 84 
   1305 1.514 0.0 HB3 118 
   1306 3.037 0.0 HD2 118 
   367 38.05 0.0 CB 36 
   250 4.576 0.0 HA 24 
   1080 1.566 0.0 HG2 97 
   913 2.205 0.0 HG3 83 
   475 2.716 0.0 HB2 45 
   1315 121.34 0.0 N 118 
   832 175.7 0.0 C 76 
   866 21.285 0.0 CG2 78 
   1311 53.951 0.0 CA 118 
   45 4.584 0.0 HA 5 
   49 60.214 0.0 CA 5 
   526 8.501 0.0 H 49 
   634 1.6 0.0 HG 58 
   106 6.55 0.0 HE1 11 
   242 1.415 0.0 HG3 23 
   1185 1.564 0.0 HB3 108 
   227 1.138 0.0 HG21 22 
   645 2.925 0.0 HB3 59 
   793 124.281 0.0 N 73 
   775 52.5 0.0 CA 72 
   428 25.612 0.0 CD1 41 
   681 0.909 0.0 HG23 63 
   1377 4.264 0.0 HA 123 
   229 1.138 0.0 HG23 22 
   711 27.67 0.0 CG 65 
   219 56.614 0.0 CA 21 
   249 8.642 0.0 H 24 
   1313 43.27 0.0 CD 118 
   1199 1.376 0.0 HG2 109 
   1407 1.334 0.0 HB2 126 
   585 29.521 0.0 CB 54 
   1310 173.805 0.0 C 118 
   2 1.908 0.0 HB2 1 
   424 1.664 0.0 HG 41 
   1105 175.4 0.0 C 99 
   476 2.593 0.0 HB3 45 
   853 8.94 0.0 H 78 
   508 26.86 0.0 CG1 47 
   177 57.052 0.0 CA 18 
   409 1.098 0.0 HB3 40 
   1050 1.66 0.0 HG2 95 
   496 0.204 0.0 HD11 47 
   909 4.892 0.0 HA 83 
   216 1.747 0.0 HG2 21 
   1346 42.25 0.0 CB 120 
   169 0.885 0.0 HD11 18 
   897 57.259 0.0 CA 81 
   1204 43.24 0.0 CD 109 
   757 176.9 0.0 C 70 
   702 1.467 0.0 HB3 65 
   1317 4.567 0.0 HA 119 
   880 56.012 0.0 CA 79 
   1172 8.819 0.0 H 107 
   226 4.224 0.0 HB 22 
   1252 1.343 0.0 HG3 113 
   965 5.861 0.0 HA 89 
   597 54.441 0.0 CA 55 
   1290 1.586 0.0 HG3 116 
   123 116.209 0.0 N 12 
   454 51.354 0.0 CA 43 
   551 1.179 0.0 HG22 51 
   808 22.606 0.0 CD2 74 
   302 177.4 0.0 C 30 
   573 65.11 0.0 CA 53 
   1009 171.85 0.0 C 92 
   395 6.665 0.0 HD1 39 
   353 60.124 0.0 CA 35 
   178 39.261 0.0 CB 18 
   1164 9.575 0.0 H 106 
   1421 0.266 0.0 HG23 127 
   167 1.8 0.0 HB2 18 
   914 174.601 0.0 C 83 
   1110 3.905 0.0 HA3 100 
   388 55.485 0.0 CA 38 
   291 1.995 0.0 HG3 29 
   1357 6.727 0.0 HD2 121 
   1125 1.9 0.0 HG3 102 
   641 118.45 0.0 N 58 
   546 103.746 0.0 N 50 
   517 0.798 0.0 HG21 48 
   783 7.023 0.0 HD2 73 
   1100 27.715 0.0 CG 98 
   1157 5.357 0.0 HA 105 
   129 53.219 0.0 CA 13 
   459 2.887 0.0 HB2 44 
   176 181.207 0.0 C 18 
   144 176.5 0.0 C 15 
   1041 49.829 0.0 CA 94 
   151 48.106 0.0 CA 16 
   400 62.201 0.0 CA 39 
   278 2.142 0.0 HD3 28 
   796 1.361 0.0 HB2 74 
   1069 131.6 0.0 CD1 96 
   507 10.335 0.0 CD1 47 
   828 0.582 0.0 HD21 76 
   1182 8.243 0.0 H 108 
   1430 2.607 0.0 HB2 128 
   621 55.375 0.0 CA 57 
   361 6.665 0.0 HD1 36 
   206 177.003 0.0 C 20 
   713 7.586 0.0 H 66 
