   69 174.204 0.0 C 8 
   993 1.996 0.0 HB3 91 
   670 57.769 0.0 CA 62 
   1236 7.192 0.0 HE2 112 
   951 1.78 0.0 HG3 87 
   1112 45.456 0.0 CA 100 
   454 51.354 0.0 CA 43 
   924 1.726 0.0 HD3 84 
   1204 43.24 0.0 CD 109 
   745 2.478 0.0 HG3 69 
   846 1.498 0.0 HG3 77 
   618 2.735 0.0 HB2 57 
   235 7.348 0.0 H 23 
   1138 57.735 0.0 CA 103 
   1361 58.524 0.0 CA 121 
   1110 3.905 0.0 HA3 100 
   234 110.883 0.0 N 22 
   1250 2.982 0.0 HD3 113 
   330 2.824 0.0 HD3 33 
   800 0.739 0.0 HD13 74 
   994 2.323 0.0 HG2 91 
   744 2.258 0.0 HG2 69 
   715 1.416 0.0 HB1 66 
   1350 117.2 0.0 CE2 120 
   33 0.979 0.0 HG12 4 
   290 1.995 0.0 HG2 29 
   538 4.595 0.0 HB 50 
   709 29.462 0.0 CB 65 
   862 176.104 0.0 C 78 
   179 25.729 0.0 CD1 18 
   596 173.52 0.0 C 55 
   1107 117.554 0.0 N 99 
   476 2.593 0.0 HB3 45 
   440 1.559 0.0 HG2 42 
   437 1.611 0.0 HD3 42 
   83 54.561 0.0 CA 9 
   1337 4.943 0.0 HA 120 
   412 17.695 0.0 CB 40 
   483 2.559 0.0 HB2 46 
   981 1.127 0.0 HG21 90 
   1182 8.243 0.0 H 108 
   81 1.315 0.0 HG3 9 
   876 0.689 0.0 HD22 79 
   204 1.402 0.0 HB2 20 
   547 7.748 0.0 H 51 
   205 1.402 0.0 HB3 20 
   688 7.698 0.0 H 64 
   839 9.187 0.0 H 77 
   297 7.812 0.0 H 30 
   165 6.545 0.0 H 18 
   386 1.672 0.0 HB3 38 
   1050 1.66 0.0 HG2 95 
   834 41.951 0.0 CB 76 
   638 25.392 0.0 CD1 58 
   726 178.407 0.0 C 67 
   176 181.207 0.0 C 18 
   295 36.955 0.0 CG 29 
   1026 0.78 0.0 HG22 93 
   641 118.45 0.0 N 58 
   879 177.507 0.0 C 79 
   706 1.16 0.0 HG3 65 
   873 0.654 0.0 HD12 79 
   139 126.164 0.0 N 14 
   1113 109.645 0.0 N 100 
   833 53.317 0.0 CA 76 
   1251 1.61 0.0 HG2 113 
   1040 176.203 0.0 C 94 
   84 35.172 0.0 CB 9 
   1046 1.85 0.0 HB2 95 
   1380 1.878 0.0 HG2 123 
   106 6.55 0.0 HE1 11 
   1298 4.046 0.0 HA3 117 
   1354 2.879 0.0 HB2 121 
   775 52.5 0.0 CA 72 
   171 0.885 0.0 HD13 18 
   679 0.909 0.0 HG21 63 
   331 0.87 0.0 HG2 33 
   512 3.049 0.0 HA 48 
   31 2.078 0.0 HB 4 
   546 103.746 0.0 N 50 
   1069 131.6 0.0 CD1 96 
   1258 124.163 0.0 N 113 
   1286 1.977 0.0 HB3 116 
   825 0.564 0.0 HD11 76 
   852 127.184 0.0 N 77 
   24 2.948 0.0 HB3 3 
   241 1.415 0.0 HG2 23 
   1188 173.31 0.0 C 108 
   662 177.2 0.0 C 61 
   1257 28.88 0.0 CG 113 
   1095 1.576 0.0 HG3 98 
   1398 2.177 0.0 HG3 125 
   291 1.995 0.0 HG3 29 
   623 116.726 0.0 N 57 
   729 118.219 0.0 N 67 
   1319 2.643 0.0 HB3 119 
   1039 1.937 0.0 HB3 94 
   458 3.905 0.0 HA 44 
   438 3.341 0.0 HE2 42 
   749 36.968 0.0 CG 69 
   300 1.341 0.0 HB2 30 
   393 1.212 0.0 HB2 39 
   539 0.509 0.0 HG21 50 
   1199 1.376 0.0 HG2 109 
   1360 174.025 0.0 C 121 
   105 7.598 0.0 HD2 11 
   1143 4.495 0.0 HA 104 
   222 28.094 0.0 CG 21 
   1223 174.94 0.0 C 111 
   656 129.0 0.0 CE2 59 
   809 123.697 0.0 N 74 
   599 42.47 0.0 CD 55 
   1049 3.25 0.0 HD3 95 
   502 0.479 0.0 HG22 47 
   22 4.002 0.0 HA 3 
   908 8.427 0.0 H 83 
   1400 54.435 0.0 CA 125 
   831 1.027 0.0 HG 76 
   498 0.204 0.0 HD13 47 
   1124 1.991 0.0 HG2 102 
   1172 8.819 0.0 H 107 
   1221 2.437 0.0 HG2 111 
   1149 1.867 0.0 HG3 104 
   932 42.015 0.0 CE 84 
   1295 27.648 0.0 CG 116 
   74 1.533 0.0 HB2 9 
   115 124.022 0.0 N 11 
   819 36.619 0.0 CG 75 
   11 4.752 0.0 HA 2 
   663 59.65 0.0 CA 61 
   1358 7.175 0.0 HE1 121 
   134 2.552 0.0 HB2 14 
   672 119.139 0.0 N 62 
   714 4.151 0.0 HA 66 
   1308 1.253 0.0 HG2 118 
   478 57.459 0.0 CA 45 
   397 6.565 0.0 HE1 39 
   916 33.087 0.0 CB 83 
   698 113.408 0.0 ND2 64 
   404 119.108 0.0 N 39 
   1130 27.111 0.0 CG 102 
   373 8.907 0.0 H 37 
   1234 7.09 0.0 HD2 112 
   970 173.801 0.0 C 89 
   367 38.05 0.0 CB 36 
   1389 4.955 0.0 HA3 124 
   27 28.658 0.0 CB 3 
   1405 4.473 0.0 HA 126 
   71 111.582 0.0 N 8 
   1222 2.355 0.0 HG3 111 
   1081 1.566 0.0 HG3 97 
   1365 130.84 0.0 CE1 121 
   1205 28.708 0.0 CG 109 
   842 1.648 0.0 HB3 77 
   575 50.1 0.0 CD 53 
   995 2.178 0.0 HG3 91 
   257 8.255 0.0 H 25 
   1159 3.656 0.0 HB3 105 
   116 8.466 0.0 H 12 
   240 3.047 0.0 HD3 23 
   19 118.889 0.0 N 2 
   364 6.75 0.0 HE2 36 
   142 2.595 0.0 HB2 15 
   789 130.4 0.0 CD1 73 
   955 43.15 0.0 CD 87 
   1126 176.9 0.0 C 102 
   763 5.268 0.0 HA 71 
   196 40.21 0.0 CB 19 
   1274 24.66 0.0 CG 114 
   1162 65.457 0.0 CB 105 
   1395 1.946 0.0 HB2 125 
   1150 174.031 0.0 C 104 
   182 116.726 0.0 N 18 
   1117 44.635 0.0 CA 101 
   90 4.478 0.0 HA 10 
   491 38.35 0.0 CB 46 
   268 1.485 0.0 HB3 26 
   1332 115.4 0.0 CZ2 119 
   405 8.09 0.0 H 40 
   792 130.3 0.0 CE2 73 
   92 1.269 0.0 HG21 10 
   1084 34.642 0.0 CB 97 
   1088 9.754 0.0 H 98 
   802 0.741 0.0 HD22 74 
   273 109.233 0.0 N 27 
   104 7.598 0.0 HD1 11 
   1401 33.107 0.0 CB 125 
   1179 31.258 0.0 CB 107 
   159 1.735 0.0 HG3 17 
   790 130.4 0.0 CD2 73 
   272 7.106 0.0 H 27 
   1265 2.17 0.0 HE2 114 
   914 174.601 0.0 C 83 
   1231 2.355 0.0 HB2 112 
   525 122.147 0.0 N 48 
   629 0.92 0.0 HD12 58 
   570 1.635 0.0 HG2 53 
   561 2.488 0.0 HB3 52 
   446 43.345 0.0 CE 42 
   1232 3.418 0.0 HB3 112 
   1347 133.1 0.0 CD1 120 
   754 2.218 0.0 HB3 70 
   78 2.937 0.0 HE2 9 
   361 6.665 0.0 HD1 36 
   318 56.998 0.0 CA 31 
   895 3.878 0.0 HB3 81 
   140 8.183 0.0 H 15 
   941 172.805 0.0 C 86 
   1035 9.654 0.0 H 94 
   551 1.179 0.0 HG22 51 
   136 175.105 0.0 C 14 
   1431 2.483 0.0 HB3 128 
   741 3.998 0.0 HA 69 
   904 172.65 0.0 C 82 
   566 1.839 0.0 HB2 53 
   284 50.19 0.0 CD 28 
   675 1.923 0.0 HB 63 
   53 3.93 0.0 HA2 6 
   209 120.542 0.0 N 20 
   771 4.985 0.0 HA 72 
   66 9.283 0.0 H 8 
   1033 17.492 0.0 CG2 93 
   680 0.909 0.0 HG22 63 
   6 176.41 0.0 C 1 
   733 2.234 0.0 HB3 68 
   1160 173.605 0.0 C 105 
   947 2.189 0.0 HB3 87 
   920 4.584 0.0 HA 84 
   229 1.138 0.0 HG23 22 
   718 179.2 0.0 C 66 
   461 7.23 0.0 HD1 44 
   921 1.823 0.0 HB2 84 
   1316 8.981 0.0 H 119 
   815 1.996 0.0 HG3 75 
   507 10.335 0.0 CD1 47 
   897 57.259 0.0 CA 81 
   666 4.346 0.0 HA 62 
   301 1.341 0.0 HB3 30 
   398 6.565 0.0 HE2 39 
   1023 0.459 0.0 HG12 93 
   899 113.782 0.0 N 81 
   255 64.524 0.0 CB 24 
   1073 120.365 0.0 N 96 
   236 4.518 0.0 HA 23 
   1027 0.78 0.0 HG23 93 
   871 1.609 0.0 HB3 79 
   1043 131.277 0.0 N 94 
   1252 1.343 0.0 HG3 113 
   385 1.672 0.0 HB2 38 
   725 3.645 0.0 HB3 67 
   1225 30.155 0.0 CB 111 
   425 176.25 0.0 C 41 
   354 30.325 0.0 CB 35 
   1131 8.534 0.0 H 103 
   1275 129.57 0.0 N 114 
   127 2.715 0.0 HB3 13 
   544 69.63 0.0 CB 50 
   640 26.923 0.0 CG 58 
   937 47.314 0.0 CA 85 
   57 107.14 0.0 N 6 
   964 8.86 0.0 H 89 
   266 1.485 0.0 HB1 26 
   528 1.945 0.0 HB2 49 
   1176 6.803 0.0 HD2 107 
   1154 123.299 0.0 N 104 
   894 3.838 0.0 HB2 81 
   985 62.035 0.0 CA 90 
   408 1.098 0.0 HB2 40 
   467 39.01 0.0 CB 44 
   704 2.83 0.0 HD3 65 
   280 -0.395 0.0 HG3 28 
   823 1.401 0.0 HB2 76 
   1144 0.798 0.0 HB2 104 
   1376 6.575 0.0 H 123 
   1226 32.464 0.0 CG 111 
   462 7.23 0.0 HD2 44 
   409 1.098 0.0 HB3 40 
   1099 44.307 0.0 CD 98 
   227 1.138 0.0 HG21 22 
   1345 57.29 0.0 CA 120 
   356 125.552 0.0 N 35 
   840 4.666 0.0 HA 77 
   612 30.658 0.0 CB 56 
   1343 6.86 0.0 HE2 120 
   976 4.777 0.0 HA 90 
   917 36.115 0.0 CG 83 
   1080 1.566 0.0 HG2 97 
   735 1.68 0.0 HG3 68 
   1006 7.035 0.0 HD2 92 
   293 60.485 0.0 CA 29 
   702 1.467 0.0 HB3 65 
   269 176.4 0.0 C 26 
   401 35.75 0.0 CB 39 
   1281 51.415 0.0 CA 115 
   75 1.914 0.0 HB3 9 
   554 64.045 0.0 CA 51 
   448 116.255 0.0 N 42 
   469 131.0 0.0 CD2 44 
   960 5.047 0.0 HA3 88 
   1333 121.55 0.0 CZ3 119 
   1145 1.686 0.0 HB3 104 
   742 2.066 0.0 HB2 69 
   794 9.086 0.0 H 74 
   15 7.423 0.0 HD22 2 
   799 0.739 0.0 HD12 74 
   654 131.3 0.0 CD2 59 
   944 8.091 0.0 H 87 
   1166 3.271 0.0 HB2 106 
   197 25.042 0.0 CD1 19 
   1415 0.75 0.0 HB 127 
   1181 129.694 0.0 N 107 
   1063 6.815 0.0 HD2 96 
   690 2.951 0.0 HB2 64 
   375 1.502 0.0 HB1 37 
   153 4.172 0.0 HA 17 
   296 116.67 0.0 N 29 
   861 0.813 0.0 HG23 78 
   1153 34.296 0.0 CG 104 
   1011 43.37 0.0 CB 92 
   858 0.751 0.0 HG13 78 
   173 0.718 0.0 HD22 18 
   847 175.2 0.0 C 77 
   9 36.326 0.0 CG 1 
   23 2.6 0.0 HB2 3 
   1161 57.248 0.0 CA 105 
   141 4.006 0.0 HA 15 
   1300 45.22 0.0 CA 117 
   82 176.429 0.0 C 9 
   472 122.987 0.0 N 44 
   625 4.331 0.0 HA 58 
   1230 5.485 0.0 HA 112 
   1377 4.264 0.0 HA 123 
   953 54.544 0.0 CA 87 
   1297 3.345 0.0 HA2 117 
   681 0.909 0.0 HG23 63 
   391 7.838 0.0 H 39 
   477 178.0 0.0 C 45 
   864 32.119 0.0 CB 78 
   1077 1.572 0.0 HB3 97 
   1414 3.882 0.0 HA 127 
   37 0.979 0.0 HG23 4 
   614 28.048 0.0 CG 56 
   524 21.395 0.0 CG2 48 
   1289 1.586 0.0 HG2 116 
   530 2.295 0.0 HG2 49 
   374 3.578 0.0 HA 37 
   1218 2.263 0.0 HB3 111 
   1362 40.107 0.0 CB 121 
   978 0.545 0.0 HG11 90 
   1432 55.945 0.0 CA 128 
   1005 7.035 0.0 HD1 92 
   756 2.383 0.0 HG3 70 
   657 119.653 0.0 N 59 
   509 17.387 0.0 CG2 47 
   208 18.852 0.0 CB 20 
   779 4.308 0.0 HA 73 
   1323 6.967 0.0 HH2 119 
   533 30.291 0.0 CB 49 
   882 25.182 0.0 CD1 79 
   224 8.268 0.0 H 22 
   329 2.895 0.0 HD2 33 
   843 3.09 0.0 HD2 77 
   1059 5.374 0.0 HA 96 
   149 2.895 0.0 HA2 16 
   900 8.975 0.0 H 82 
   307 3.978 0.0 HA 31 
   47 2.92 0.0 HB3 5 
   537 4.576 0.0 HA 50 
   1375 125.692 0.0 N 122 
   256 116.451 0.0 N 24 
   357 8.099 0.0 H 36 
   1021 0.535 0.0 HD12 93 
   54 4.38 0.0 HA3 6 
   668 2.627 0.0 HB3 62 
   168 1.8 0.0 HB3 18 
   682 178.94 0.0 C 63 
   1269 175.904 0.0 C 114 
   155 2.166 0.0 HB3 17 
   1119 4.446 0.0 HA 102 
   1194 4.95 0.0 HA 109 
   1215 9.274 0.0 H 111 
   1309 1.253 0.0 HG3 118 
   646 7.195 0.0 HD1 59 
   1261 0.78 0.0 HB2 114 
   326 3.481 0.0 HA 33 
   759 31.29 0.0 CB 70 
   922 1.823 0.0 HB3 84 
   1220 7.652 0.0 HE22 111 
   634 1.6 0.0 HG 58 
   312 1.035 0.0 HD13 31 
   1057 122.839 0.0 N 95 
   1390 172.204 0.0 C 124 
   479 39.895 0.0 CB 45 
   387 180.2 0.0 C 38 
   898 66.3 0.0 CB 81 
   752 4.368 0.0 HA 70 
   219 56.614 0.0 CA 21 
   1048 3.15 0.0 HD2 95 
   710 43.29 0.0 CD 65 
   907 115.128 0.0 N 82 
   67 3.52 0.0 HA2 8 
   1191 36.823 0.0 CG 108 
   1139 30.075 0.0 CB 103 
   1086 27.428 0.0 CG 97 
   980 0.545 0.0 HG13 90 
   338 7.582 0.0 H 34 
   347 4.006 0.0 HA 35 
   94 1.269 0.0 HG23 10 
   665 8.376 0.0 H 62 
   481 7.764 0.0 H 46 
   877 0.689 0.0 HD23 79 
   913 2.205 0.0 HG3 83 
   1282 21.244 0.0 CB 115 
   536 7.115 0.0 H 50 
   28 124.395 0.0 N 3 
   793 124.281 0.0 N 73 
   70 45.052 0.0 CA 8 
   1135 2.126 0.0 HG2 103 
   38 175.39 0.0 C 4 
   1156 8.499 0.0 H 105 
   816 172.804 0.0 C 75 
   984 173.64 0.0 C 90 
   200 122.646 0.0 N 19 
   780 2.454 0.0 HB2 73 
   1427 122.174 0.0 N 127 
   48 175.9 0.0 C 5 
   1098 32.12 0.0 CB 98 
   1318 2.77 0.0 HB2 119 
   1175 3.482 0.0 HB3 107 
   1299 173.43 0.0 C 117 
   281 176.9 0.0 C 28 
   486 6.77 0.0 HD2 46 
   194 179.45 0.0 C 19 
   12 2.675 0.0 HB2 2 
   230 174.64 0.0 C 22 
   746 179.081 0.0 C 69 
   1340 6.888 0.0 HD1 120 
   1335 127.86 0.0 NE1 119 
   220 27.115 0.0 CB 21 
   470 130.2 0.0 CE1 44 
   353 60.124 0.0 CA 35 
   558 9.009 0.0 H 52 
   1373 60.295 0.0 CA 122 
   577 8.334 0.0 H 54 
   708 59.999 0.0 CA 65 
   100 8.849 0.0 H 11 
   788 38.32 0.0 CB 73 
   264 124.685 0.0 N 25 
   1292 56.584 0.0 CA 116 
   975 9.02 0.0 H 90 
   61 3.696 0.0 HB3 7 
   1128 32.451 0.0 CB 102 
   801 0.741 0.0 HD21 74 
   795 4.432 0.0 HA 74 
   639 22.596 0.0 CD2 58 
   55 176.304 0.0 C 6 
   1216 5.243 0.0 HA 111 
   29 7.153 0.0 H 4 
   406 3.956 0.0 HA 40 
   157 3.281 0.0 HD3 17 
   304 18.495 0.0 CB 30 
   933 24.71 0.0 CG 84 
   753 2.006 0.0 HB2 70 
   1433 42.247 0.0 CB 128 
   500 0.837 0.0 HG13 47 
   3 2.003 0.0 HB3 1 
   170 0.885 0.0 HD12 18 
   117 4.179 0.0 HA 12 
   1301 103.666 0.0 N 117 
   999 36.712 0.0 CG 91 
   664 31.254 0.0 CB 61 
   351 2.92 0.0 HD3 35 
   884 28.23 0.0 CG 79 
   493 6.884 0.0 H 47 
   609 1.788 0.0 HG3 56 
   1157 5.357 0.0 HA 105 
   450 4.875 0.0 HA 43 
   1351 115.506 0.0 N 120 
   974 115.849 0.0 N 89 
   889 171.34 0.0 C 80 
   632 0.806 0.0 HD22 58 
   1208 5.308 0.0 HA 110 
   880 56.012 0.0 CA 79 
   820 119.876 0.0 N 75 
   1134 1.823 0.0 HB3 103 
   1164 9.575 0.0 H 106 
   192 0.146 0.0 HD23 19 
   598 31.582 0.0 CB 55 
   1328 31.82 0.0 CB 119 
   849 32.628 0.0 CB 77 
   1092 3.211 0.0 HD2 98 
   320 23.15 0.0 CD1 31 
   986 36.819 0.0 CB 90 
   1329 125.3 0.0 CD1 119 
   1290 1.586 0.0 HG3 116 
   845 1.447 0.0 HG2 77 
   1071 130.76 0.0 CE1 96 
   1127 62.11 0.0 CA 102 
   1346 42.25 0.0 CB 120 
   189 0.589 0.0 HD13 19 
   340 3.692 0.0 HB2 34 
   768 64.73 0.0 CB 71 
   85 29.151 0.0 CD 9 
   277 3.241 0.0 HD2 28 
   181 28.33 0.0 CG 18 
   1213 66.524 0.0 CB 110 
   427 40.89 0.0 CB 41 
   250 4.576 0.0 HA 24 
   968 1.236 0.0 HG22 89 
   445 29.151 0.0 CD 42 
   289 1.619 0.0 HB3 29 
   1034 118.019 0.0 N 93 
   605 1.95 0.0 HB3 56 
   1056 27.88 0.0 CG 95 
   1419 0.266 0.0 HG21 127 
   231 63.14 0.0 CA 22 
   743 2.139 0.0 HB3 69 
   1051 1.57 0.0 HG3 95 
   110 39.46 0.0 CB 11 
   379 55.295 0.0 CA 37 
   851 27.258 0.0 CG 77 
   1090 1.732 0.0 HB2 98 
   1227 121.905 0.0 N 111 
   1407 1.334 0.0 HB2 126 
   905 57.524 0.0 CA 82 
   1278 1.303 0.0 HB1 115 
   1060 2.068 0.0 HB2 96 
   369 132.01 0.0 CD2 36 
   286 8.098 0.0 H 29 
   1064 7.28 0.0 HE1 96 
   283 31.061 0.0 CB 28 
   1171 126.101 0.0 N 106 
   131 117.361 0.0 N 13 
   791 130.3 0.0 CE1 73 
   488 6.55 0.0 HE2 46 
   1177 173.205 0.0 C 107 
   621 55.375 0.0 CA 57 
   1267 -0.462 0.0 HG2 114 
   1408 1.334 0.0 HB3 126 
   202 4.243 0.0 HA 20 
   1067 55.736 0.0 CA 96 
   935 4.11 0.0 HA2 85 
   1421 0.266 0.0 HG23 127 
   193 1.197 0.0 HG 19 
   572 178.7 0.0 C 53 
   669 179.5 0.0 C 62 
   626 1.705 0.0 HB2 58 
   781 3.11 0.0 HB3 73 
   372 120.099 0.0 N 36 
   376 1.502 0.0 HB2 37 
   303 54.5 0.0 CA 30 
   172 0.718 0.0 HD21 18 
   16 175.445 0.0 C 2 
   740 8.744 0.0 H 69 
   1100 27.715 0.0 CG 98 
   201 8.213 0.0 H 20 
   764 2.725 0.0 HB2 71 
   1054 33.572 0.0 CB 95 
   736 178.3 0.0 C 68 
   1403 119.909 0.0 N 125 
   647 7.195 0.0 HD2 59 
   559 3.741 0.0 HA 52 
   308 1.591 0.0 HB2 31 
   344 63.245 0.0 CB 34 
   1357 6.727 0.0 HD2 121 
   774 175.305 0.0 C 72 
   1229 9.143 0.0 H 112 
   444 27.542 0.0 CB 42 
   1101 128.385 0.0 N 98 
   773 2.475 0.0 HB3 72 
   923 1.726 0.0 HD2 84 
   931 29.25 0.0 CD 84 
   343 60.984 0.0 CA 34 
   571 1.635 0.0 HG3 53 
   95 175.801 0.0 C 10 
   658 4.325 0.0 HA 61 
   348 1.396 0.0 HB2 35 
   565 3.938 0.0 HA 53 
   259 1.324 0.0 HB1 25 
   108 178.9 0.0 C 11 
   195 57.701 0.0 CA 19 
   631 0.806 0.0 HD21 58 
   1383 55.575 0.0 CA 123 
   453 174.95 0.0 C 43 
   434 2.401 0.0 HB2 42 
   1341 6.888 0.0 HD2 120 
   1109 3.905 0.0 HA2 100 
   1004 2.985 0.0 HB3 92 
   368 132.01 0.0 CD1 36 
   1016 124.784 0.0 N 92 
   119 2.469 0.0 HB3 12 
   1306 3.037 0.0 HD2 118 
   394 2.1 0.0 HB3 39 
   1379 2.039 0.0 HB3 123 
   128 175.205 0.0 C 13 
   99 112.657 0.0 N 10 
   721 120.92 0.0 N 66 
   20 110.708 0.0 ND2 2 
   1268 0.415 0.0 HG3 114 
   1334 121.469 0.0 N 119 
   263 19.649 0.0 CB 25 
   804 176.95 0.0 C 74 
   624 7.609 0.0 H 58 
   535 118.382 0.0 N 49 
   517 0.798 0.0 HG21 48 
   940 4.069 0.0 HB3 86 
   218 176.109 0.0 C 21 
   261 1.324 0.0 HB3 25 
   1201 176.252 0.0 C 109 
   501 0.479 0.0 HG21 47 
   125 4.805 0.0 HA 13 
   1206 122.752 0.0 N 109 
   990 9.047 0.0 H 91 
   1158 3.656 0.0 HB2 105 
   518 0.798 0.0 HG22 48 
   1148 2.037 0.0 HG2 104 
   325 122.625 0.0 N 32 
   1078 3.228 0.0 HD2 97 
   600 26.888 0.0 CG 55 
   613 43.64 0.0 CD 56 
   622 39.937 0.0 CB 57 
   113 118.8 0.0 CE1 11 
   1009 171.85 0.0 C 92 
   265 4.443 0.0 HA 26 
   360 3.32 0.0 HB3 36 
   413 121.155 0.0 N 40 
   383 3.731 0.0 HA 38 
   910 1.923 0.0 HB2 83 
   807 25.72 0.0 CD1 74 
   837 27.682 0.0 CG 76 
   335 29.362 0.0 CB 33 
   1207 9.762 0.0 H 110 
   210 7.678 0.0 H 21 
   7 57.135 0.0 CA 1 
   929 55.741 0.0 CA 84 
   563 43.019 0.0 CB 52 
   562 51.935 0.0 CA 52 
   1237 175.205 0.0 C 112 
   1315 121.34 0.0 N 118 
   46 3.103 0.0 HB2 5 
   1012 132.1 0.0 CD1 92 
   247 26.234 0.0 CG 23 
   767 58.754 0.0 CA 71 
   26 63.959 0.0 CA 3 
   332 1.176 0.0 HG3 33 
   299 1.341 0.0 HB1 30 
   154 1.368 0.0 HB2 17 
   1387 8.786 0.0 H 124 
   191 0.146 0.0 HD22 19 
   893 5.342 0.0 HA 81 
   1018 5.199 0.0 HA 93 
   939 4.197 0.0 HB2 86 
   363 6.75 0.0 HE1 36 
   671 40.155 0.0 CB 62 
   429 22.34 0.0 CD2 41 
   785 6.582 0.0 HE2 73 
   1402 35.961 0.0 CG 125 
   144 176.5 0.0 C 15 
   350 2.92 0.0 HD2 35 
   333 177.29 0.0 C 33 
   432 7.516 0.0 H 42 
   1386 113.946 0.0 N 123 
   826 0.564 0.0 HD12 76 
   214 3.225 0.0 HD2 21 
   954 33.678 0.0 CB 87 
   552 1.179 0.0 HG23 51 
   786 175.7 0.0 C 73 
   1089 4.874 0.0 HA 98 
   859 0.813 0.0 HG21 78 
   447 25.37 0.0 CG 42 
   1279 1.303 0.0 HB2 115 
   1096 177.352 0.0 C 98 
   696 39.218 0.0 CB 64 
   1342 6.86 0.0 HE1 120 
   1394 4.687 0.0 HA 125 
   582 2.144 0.0 HG3 54 
   410 179.8 0.0 C 40 
   36 0.979 0.0 HG22 4 
   98 22.425 0.0 CG2 10 
   952 175.019 0.0 C 87 
   233 22.556 0.0 CG2 22 
   875 0.689 0.0 HD21 79 
   590 1.625 0.0 HB2 55 
   1339 2.875 0.0 HB3 120 
   765 3.17 0.0 HB3 71 
   515 0.502 0.0 HG12 48 
   238 1.707 0.0 HB3 23 
   112 133.6 0.0 CD2 11 
   1122 3.604 0.0 HD2 102 
   962 45.449 0.0 CA 88 
   760 36.478 0.0 CG 70 
   770 8.706 0.0 H 72 
   713 7.586 0.0 H 66 
   1165 4.998 0.0 HA 106 
   1248 1.708 0.0 HB3 113 
   853 8.94 0.0 H 78 
   881 42.361 0.0 CB 79 
   217 1.747 0.0 HG3 21 
   109 61.54 0.0 CA 11 
   1393 8.229 0.0 H 125 
   926 3.003 0.0 HE3 84 
   158 1.735 0.0 HG2 17 
   1120 1.866 0.0 HB2 102 
   419 0.761 0.0 HD12 41 
   1378 1.863 0.0 HB2 123 
   420 0.761 0.0 HD13 41 
   1197 3.139 0.0 HD2 109 
   313 1.147 0.0 HD21 31 
   39 63.31 0.0 CA 4 
   324 8.704 0.0 H 32 
   722 7.759 0.0 H 67 
   355 43.64 0.0 CD 35 
   863 63.69 0.0 CA 78 
   463 7.192 0.0 HE1 44 
   143 2.495 0.0 HB3 15 
   958 8.529 0.0 H 88 
   584 57.145 0.0 CA 54 
   724 3.253 0.0 HB2 67 
   1302 7.628 0.0 H 118 
   122 40.455 0.0 CB 12 
   703 2.83 0.0 HD2 65 
   961 172.34 0.0 C 88 
   1356 6.727 0.0 HD1 121 
   751 7.986 0.0 H 70 
   1079 3.228 0.0 HD3 97 
   1068 41.738 0.0 CB 96 
   1094 1.576 0.0 HG2 98 
   637 41.906 0.0 CB 58 
   362 6.665 0.0 HD2 36 
   32 0.979 0.0 HG11 4 
   655 129.0 0.0 CE1 59 
   1024 1.216 0.0 HG13 93 
   1412 127.644 0.0 N 126 
   1404 8.632 0.0 H 126 
   96 62.155 0.0 CA 10 
   972 72.876 0.0 CB 89 
   511 7.322 0.0 H 48 
   684 32.281 0.0 CB 63 
   1003 3.186 0.0 HB2 92 
   660 3.215 0.0 HB3 61 
   988 22.42 0.0 CG2 90 
   737 59.89 0.0 CA 68 
   608 1.705 0.0 HG2 56 
   1326 175.5 0.0 C 119 
   1336 9.145 0.0 H 120 
   757 176.9 0.0 C 70 
   616 8.78 0.0 H 57 
   644 3.02 0.0 HB2 59 
   294 28.57 0.0 CB 29 
   5 2.222 0.0 HG3 1 
   762 7.151 0.0 H 71 
   1118 108.265 0.0 N 101 
   796 1.361 0.0 HB2 74 
   1070 131.6 0.0 CD2 96 
   683 65.63 0.0 CA 63 
   766 172.0 0.0 C 71 
   248 118.381 0.0 N 23 
   253 174.356 0.0 C 24 
   606 3.195 0.0 HD2 56 
   497 0.204 0.0 HD12 47 
   700 3.481 0.0 HA 65 
   278 2.142 0.0 HD3 28 
   1314 26.928 0.0 CG 118 
   1125 1.9 0.0 HG3 102 
   915 56.075 0.0 CA 83 
   103 3.085 0.0 HB3 11 
   1262 -0.968 0.0 HB3 114 
   328 1.468 0.0 HB3 33 
   414 8.557 0.0 H 41 
   471 130.2 0.0 CE2 44 
   65 118.937 0.0 N 7 
   424 1.664 0.0 HG 41 
   701 0.906 0.0 HB2 65 
   526 8.501 0.0 H 49 
   1368 8.557 0.0 H 122 
   829 0.582 0.0 HD22 76 
   1195 1.509 0.0 HB2 109 
   63 59.829 0.0 CA 7 
   966 3.95 0.0 HB 89 
   1428 7.901 0.0 H 128 
   548 4.625 0.0 HA 51 
   226 4.224 0.0 HB 22 
   73 4.514 0.0 HA 9 
   1187 2.103 0.0 HG3 108 
   1019 1.4 0.0 HB 93 
   121 56.0 0.0 CA 12 
   51 120.403 0.0 N 5 
   4 2.222 0.0 HG2 1 
   513 2.008 0.0 HB 48 
   787 60.0 0.0 CA 73 
   650 174.42 0.0 C 59 
   484 2.899 0.0 HB3 46 
   1313 43.27 0.0 CD 118 
   244 54.444 0.0 CA 23 
   270 52.95 0.0 CA 26 
   1152 33.32 0.0 CB 104 
   443 56.288 0.0 CA 42 
   1263 0.874 0.0 HD2 114 
   1190 34.517 0.0 CB 108 
   854 4.11 0.0 HA 78 
   199 28.47 0.0 CG 19 
   583 177.408 0.0 C 54 
   321 26.56 0.0 CD2 31 
   945 5.606 0.0 HA 87 
   677 0.998 0.0 HG12 63 
   1381 1.878 0.0 HG3 123 
   855 1.94 0.0 HB 78 
   72 7.934 0.0 H 9 
   178 39.261 0.0 CB 18 
   428 25.612 0.0 CD1 41 
   1168 172.62 0.0 C 106 
   556 20.937 0.0 CG2 51 
   1115 4.033 0.0 HA2 101 
   319 39.75 0.0 CB 31 
   309 1.028 0.0 HB3 31 
   581 2.144 0.0 HG2 54 
   44 8.155 0.0 H 5 
   542 173.401 0.0 C 50 
   1140 37.102 0.0 CG 103 
   934 127.105 0.0 N 84 
   602 7.466 0.0 H 56 
   206 177.003 0.0 C 20 
   607 3.195 0.0 HD3 56 
   246 43.34 0.0 CD 23 
   473 8.306 0.0 H 45 
   334 60.318 0.0 CA 33 
   435 2.401 0.0 HB3 42 
   883 22.906 0.0 CD2 79 
   275 1.096 0.0 HB2 28 
   1434 129.886 0.0 N 128 
   327 0.908 0.0 HB2 33 
   1371 3.268 0.0 HB3 122 
   928 1.428 0.0 HG3 84 
   869 4.345 0.0 HA 79 
   1287 3.215 0.0 HD2 116 
   49 60.214 0.0 CA 5 
   30 4.168 0.0 HA 4 
   118 2.63 0.0 HB2 12 
   89 8.784 0.0 H 10 
   1121 2.271 0.0 HB3 102 
   426 54.401 0.0 CA 41 
   1255 35.782 0.0 CB 113 
   811 4.385 0.0 HA 75 
   1219 6.732 0.0 HE21 111 
   868 9.244 0.0 H 79 
   274 2.61 0.0 HA 28 
   886 7.635 0.0 H 80 
   748 30.017 0.0 CB 69 
   1209 4.164 0.0 HB2 110 
   1391 45.365 0.0 CA 124 
   1320 6.8 0.0 HD1 119 
   814 1.996 0.0 HG2 75 
   1037 1.937 0.0 HB1 94 
   576 27.257 0.0 CG 53 
   950 1.847 0.0 HG2 87 
   1260 4.664 0.0 HA 114 
   366 62.75 0.0 CA 36 
   1228 111.8 0.0 NE2 111 
   1087 117.405 0.0 N 97 
   1338 2.695 0.0 HB2 120 
   184 3.623 0.0 HA 19 
   1349 117.2 0.0 CE1 120 
   185 1.445 0.0 HB2 19 
   817 57.14 0.0 CA 75 
   870 1.251 0.0 HB2 79 
   936 3.74 0.0 HA3 85 
   459 2.887 0.0 HB2 44 
   506 34.745 0.0 CB 47 
   1423 61.46 0.0 CA 127 
   135 2.938 0.0 HB3 14 
   1116 4.288 0.0 HA3 101 
   455 40.453 0.0 CB 43 
   747 59.545 0.0 CA 69 
   1137 175.818 0.0 C 103 
   1196 1.743 0.0 HB3 109 
   147 124.741 0.0 N 15 
   856 0.751 0.0 HG11 78 
   1246 5.608 0.0 HA 113 
   1392 109.592 0.0 N 124 
   1180 115.4 0.0 CD2 107 
   86 41.986 0.0 CE 9 
   1372 172.256 0.0 C 122 
   1036 5.859 0.0 HA 94 
   1366 130.84 0.0 CE2 121 
   148 8.026 0.0 H 16 
   1271 32.422 0.0 CB 114 
   1429 4.298 0.0 HA 128 
   957 119.907 0.0 N 87 
   34 0.979 0.0 HG13 4 
   784 6.582 0.0 HE1 73 
   402 117.405 0.0 CE1 39 
   728 28.554 0.0 CB 67 
   892 8.338 0.0 H 81 
   901 4.747 0.0 HA 82 
   1270 53.831 0.0 CA 114 
   1277 4.579 0.0 HA 115 
   841 1.734 0.0 HB2 77 
   341 4.198 0.0 HB3 34 
   1310 173.805 0.0 C 118 
   667 2.758 0.0 HB2 62 
   685 22.675 0.0 CG1 63 
   490 62.32 0.0 CA 46 
   1369 4.517 0.0 HA 122 
   215 3.225 0.0 HD3 21 
   242 1.415 0.0 HG3 23 
   821 8.538 0.0 H 76 
   648 7.032 0.0 HE1 59 
   1410 52.02 0.0 CA 126 
   593 3.145 0.0 HD3 55 
   494 3.075 0.0 HA 47 
   731 3.74 0.0 HA 68 
   371 117.801 0.0 CE2 36 
   1388 4.231 0.0 HA2 124 
   1058 8.865 0.0 H 96 
   595 1.669 0.0 HG3 55 
   1238 56.51 0.0 CA 112 
   1382 173.108 0.0 C 123 
   1193 8.473 0.0 H 109 
   487 6.55 0.0 HE1 46 
   615 121.407 0.0 N 56 
   1136 2.0 0.0 HG3 103 
   258 4.116 0.0 HA 25 
   1129 49.61 0.0 CD 102 
   237 1.524 0.0 HB2 23 
   346 8.345 0.0 H 35 
   1002 5.619 0.0 HA 92 
   1348 133.1 0.0 CD2 120 
   21 9.38 0.0 H 3 
   813 2.258 0.0 HB3 75 
   342 175.96 0.0 C 34 
   164 28.471 0.0 CG 17 
   292 177.415 0.0 C 29 
   97 69.47 0.0 CB 10 
   1200 1.376 0.0 HG3 109 
   415 4.275 0.0 HA 41 
   543 61.38 0.0 CA 50 
   1242 130.35 0.0 CE1 112 
   601 116.352 0.0 N 55 
   579 1.751 0.0 HB2 54 
   591 2.333 0.0 HB3 55 
   102 2.98 0.0 HB2 11 
   503 0.479 0.0 HG23 47 
   114 118.8 0.0 CE2 11 
   661 7.15 0.0 HD2 61 
   903 3.83 0.0 HB3 82 
   1132 4.002 0.0 HA 103 
   919 9.104 0.0 H 84 
   822 4.769 0.0 HA 76 
   174 0.718 0.0 HD23 18 
   123 116.209 0.0 N 12 
   146 30.602 0.0 CB 15 
   145 64.155 0.0 CA 15 
   1074 8.665 0.0 H 97 
   1133 1.744 0.0 HB2 103 
   126 2.443 0.0 HB2 13 
   377 1.502 0.0 HB3 37 
   540 0.509 0.0 HG22 50 
   717 1.416 0.0 HB3 66 
   480 117.34 0.0 N 45 
   1192 128.36 0.0 N 108 
   466 61.65 0.0 CA 44 
   777 122.633 0.0 N 72 
   1288 3.215 0.0 HD3 116 
   720 17.675 0.0 CB 66 
   587 114.777 0.0 N 54 
   45 4.584 0.0 HA 5 
   769 115.477 0.0 N 71 
   167 1.8 0.0 HB2 18 
   1240 131.451 0.0 CD1 112 
   808 22.606 0.0 CD2 74 
   1104 3.906 0.0 HA3 99 
   1055 43.47 0.0 CD 95 
   107 6.55 0.0 HE2 11 
   1105 175.4 0.0 C 99 
   485 6.77 0.0 HD1 46 
   288 1.619 0.0 HB2 29 
   1017 9.184 0.0 H 93 
   56 46.424 0.0 CA 6 
   489 178.007 0.0 C 46 
   678 0.998 0.0 HG13 63 
   906 66.204 0.0 CB 82 
   798 0.739 0.0 HD11 74 
   1038 1.937 0.0 HB2 94 
   649 7.032 0.0 HE2 59 
   1411 19.149 0.0 CB 126 
   79 2.903 0.0 HE3 9 
   1367 122.001 0.0 N 121 
   1085 43.79 0.0 CD 97 
   574 32.371 0.0 CB 53 
   568 2.804 0.0 HD2 53 
   421 0.717 0.0 HD21 41 
   1425 21.54 0.0 CG1 127 
   1273 41.456 0.0 CE 114 
   520 179.004 0.0 C 48 
   758 56.417 0.0 CA 70 
   1430 2.607 0.0 HB2 128 
   225 4.195 0.0 HA 22 
   337 27.53 0.0 CG 33 
   778 8.75 0.0 H 73 
   1418 0.549 0.0 HG13 127 
   17 53.005 0.0 CA 2 
   254 57.298 0.0 CA 24 
   1264 0.784 0.0 HD3 114 
   803 0.741 0.0 HD23 74 
   358 3.84 0.0 HA 36 
   872 0.654 0.0 HD11 79 
   166 4.458 0.0 HA 18 
   436 1.74 0.0 HD2 42 
   1000 129.755 0.0 N 91 
   510 119.187 0.0 N 47 
   588 8.069 0.0 H 55 
   891 106.586 0.0 N 80 
   532 58.85 0.0 CA 49 
   1022 0.535 0.0 HD13 93 
   267 1.485 0.0 HB2 26 
   674 3.769 0.0 HA 63 
   370 117.801 0.0 CE1 36 
   381 121.482 0.0 N 37 
   207 52.729 0.0 CA 20 
   177 57.052 0.0 CA 18 
   1183 4.864 0.0 HA 108 
   527 3.957 0.0 HA 49 
   1097 55.288 0.0 CA 98 
   1093 3.211 0.0 HD3 98 
   642 7.394 0.0 H 59 
   228 1.138 0.0 HG22 22 
   1293 27.96 0.0 CB 116 
   378 178.2 0.0 C 37 
   983 1.127 0.0 HG23 90 
   1396 2.028 0.0 HB3 125 
   1044 9.352 0.0 H 95 
   586 36.72 0.0 CG 54 
   927 1.366 0.0 HG2 84 
   163 50.635 0.0 CD 17 
   1243 130.35 0.0 CE2 112 
   1211 172.435 0.0 C 110 
   262 52.785 0.0 CA 25 
   76 1.637 0.0 HD2 9 
   887 4.158 0.0 HA2 80 
   495 1.73 0.0 HB 47 
   311 1.035 0.0 HD12 31 
   1424 32.581 0.0 CB 127 
   977 2.119 0.0 HB 90 
   156 3.281 0.0 HD2 17 
   451 2.209 0.0 HB2 43 
   1317 4.567 0.0 HA 119 
   1142 8.938 0.0 H 104 
   298 3.898 0.0 HA 30 
   349 1.91 0.0 HB3 35 
   567 2.232 0.0 HB3 53 
   585 29.521 0.0 CB 54 
   902 3.83 0.0 HB2 82 
   1416 0.549 0.0 HG11 127 
   1359 7.175 0.0 HE2 121 
   1385 35.236 0.0 CG 123 
   399 178.1 0.0 C 39 
   1331 124.3 0.0 CH2 119 
   77 1.637 0.0 HD3 9 
   1409 177.6 0.0 C 126 
   782 7.023 0.0 HD1 73 
   416 1.555 0.0 HB2 41 
   1030 42.274 0.0 CB 93 
   243 174.2 0.0 C 23 
   213 2.277 0.0 HB3 21 
   1239 44.342 0.0 CB 112 
   564 127.871 0.0 N 52 
   138 29.87 0.0 CB 14 
   930 33.692 0.0 CB 84 
   2 1.908 0.0 HB2 1 
   942 58.208 0.0 CA 86 
   1184 1.268 0.0 HB2 108 
   633 0.806 0.0 HD23 58 
   101 4.625 0.0 HA 11 
   651 57.15 0.0 CA 59 
   918 121.107 0.0 N 83 
   441 1.111 0.0 HG3 42 
   734 1.901 0.0 HG2 68 
   41 21.175 0.0 CG1 4 
   516 0.502 0.0 HG13 48 
   652 40.445 0.0 CB 59 
   1420 0.266 0.0 HG22 127 
   697 119.384 0.0 N 64 
   1321 10.114 0.0 HE1 119 
   963 107.686 0.0 N 88 
   772 2.638 0.0 HB2 72 
   384 1.672 0.0 HB1 38 
   573 65.11 0.0 CA 53 
   959 3.563 0.0 HA2 88 
   989 121.506 0.0 N 90 
   42 21.175 0.0 CG2 4 
   827 0.564 0.0 HD13 76 
   594 1.378 0.0 HG2 55 
   1280 1.303 0.0 HB3 115 
   557 121.694 0.0 N 51 
   1203 31.948 0.0 CB 109 
   628 0.92 0.0 HD11 58 
   896 172.936 0.0 C 81 
   422 0.717 0.0 HD22 41 
   925 3.003 0.0 HE2 84 
   1384 32.175 0.0 CB 123 
   805 55.851 0.0 CA 74 
   620 176.8 0.0 C 57 
   68 4.247 0.0 HA3 8 
   129 53.219 0.0 CA 13 
   776 42.88 0.0 CB 72 
   175 1.697 0.0 HG 18 
   1224 53.985 0.0 CA 111 
   645 2.925 0.0 HB3 59 
   604 1.897 0.0 HB2 56 
   818 33.51 0.0 CB 75 
   252 3.83 0.0 HB3 24 
   1426 20.19 0.0 CG2 127 
   971 61.14 0.0 CA 89 
   1065 7.28 0.0 HE2 96 
   1189 54.005 0.0 CA 108 
   14 6.792 0.0 HD21 2 
   636 54.812 0.0 CA 58 
   1103 3.975 0.0 HA2 99 
   1076 1.689 0.0 HB2 97 
   514 0.502 0.0 HG11 48 
   433 4.352 0.0 HA 42 
   305 120.59 0.0 N 30 
   1406 1.334 0.0 HB1 126 
   442 175.119 0.0 C 42 
   336 43.145 0.0 CD 33 
   1266 2.265 0.0 HE3 114 
   578 4.158 0.0 HA 54 
   464 7.192 0.0 HE2 44 
   603 3.95 0.0 HA 56 
   673 7.917 0.0 H 63 
   711 27.67 0.0 CG 65 
   569 2.514 0.0 HD3 53 
   1202 55.671 0.0 CA 109 
   580 1.751 0.0 HB3 54 
   998 31.557 0.0 CB 91 
   271 19.685 0.0 CB 26 
   1244 119.879 0.0 N 112 
   365 176.705 0.0 C 36 
   452 2.821 0.0 HB3 43 
   693 7.734 0.0 HD22 64 
   1235 7.192 0.0 HE1 112 
   946 2.018 0.0 HB2 87 
   739 117.484 0.0 N 68 
   529 1.945 0.0 HB3 49 
   687 121.325 0.0 N 63 
   137 60.369 0.0 CA 14 
   997 53.955 0.0 CA 91 
