   825 0.564 0.0 HD11 76 
   634 1.6 0.0 HG 58 
   1174 2.829 0.0 HB2 107 
   563 43.019 0.0 CB 52 
   1321 10.114 0.0 HE1 119 
   994 2.323 0.0 HG2 91 
   1167 3.578 0.0 HB3 106 
   144 176.5 0.0 C 15 
   117 4.179 0.0 HA 12 
   1163 113.911 0.0 N 105 
   937 47.314 0.0 CA 85 
   1061 2.567 0.0 HB3 96 
   1097 55.288 0.0 CA 98 
   14 6.792 0.0 HD21 2 
   837 27.682 0.0 CG 76 
   581 2.144 0.0 HG2 54 
   996 175.381 0.0 C 91 
   624 7.609 0.0 H 58 
   949 3.345 0.0 HD3 87 
   986 36.819 0.0 CB 90 
   316 1.485 0.0 HG 31 
   290 1.995 0.0 HG2 29 
   411 54.857 0.0 CA 40 
   1036 5.859 0.0 HA 94 
   718 179.2 0.0 C 66 
   1028 175.6 0.0 C 93 
   645 2.925 0.0 HB3 59 
   502 0.479 0.0 HG22 47 
   260 1.324 0.0 HB2 25 
   752 4.368 0.0 HA 70 
   1083 54.951 0.0 CA 97 
   1304 1.421 0.0 HB2 118 
   1055 43.47 0.0 CD 95 
   1383 55.575 0.0 CA 123 
   728 28.554 0.0 CB 67 
   494 3.075 0.0 HA 47 
   964 8.86 0.0 H 89 
   878 1.524 0.0 HG 79 
   210 7.678 0.0 H 21 
   952 175.019 0.0 C 87 
   751 7.986 0.0 H 70 
   902 3.83 0.0 HB2 82 
   1386 113.946 0.0 N 123 
   419 0.761 0.0 HD12 41 
   449 8.832 0.0 H 43 
   799 0.739 0.0 HD12 74 
   254 57.298 0.0 CA 24 
   1349 117.2 0.0 CE1 120 
   737 59.89 0.0 CA 68 
   832 175.7 0.0 C 76 
   714 4.151 0.0 HA 66 
   1017 9.184 0.0 H 93 
   1303 4.552 0.0 HA 118 
   54 4.38 0.0 HA3 6 
   767 58.754 0.0 CA 71 
   1213 66.524 0.0 CB 110 
   1399 174.408 0.0 C 125 
   1230 5.485 0.0 HA 112 
   1185 1.564 0.0 HB3 108 
   421 0.717 0.0 HD21 41 
   935 4.11 0.0 HA2 85 
   365 176.705 0.0 C 36 
   1070 131.6 0.0 CD2 96 
   1339 2.875 0.0 HB3 120 
   629 0.92 0.0 HD12 58 
   905 57.524 0.0 CA 82 
   1297 3.345 0.0 HA2 117 
   693 7.734 0.0 HD22 64 
   839 9.187 0.0 H 77 
   946 2.018 0.0 HB2 87 
   566 1.839 0.0 HB2 53 
   572 178.7 0.0 C 53 
   771 4.985 0.0 HA 72 
   295 36.955 0.0 CG 29 
   868 9.244 0.0 H 79 
   58 8.552 0.0 H 7 
   1357 6.727 0.0 HD2 121 
   713 7.586 0.0 H 66 
   1295 27.648 0.0 CG 116 
   1271 32.422 0.0 CB 114 
   1024 1.216 0.0 HG13 93 
   122 40.455 0.0 CB 12 
   956 27.468 0.0 CG 87 
   1273 41.456 0.0 CE 114 
   380 18.245 0.0 CB 37 
   1135 2.126 0.0 HG2 103 
   258 4.116 0.0 HA 25 
   633 0.806 0.0 HD23 58 
   47 2.92 0.0 HB3 5 
   685 22.675 0.0 CG1 63 
   726 178.407 0.0 C 67 
   1431 2.483 0.0 HB3 128 
   777 122.633 0.0 N 72 
   736 178.3 0.0 C 68 
   992 1.996 0.0 HB2 91 
   631 0.806 0.0 HD21 58 
   458 3.905 0.0 HA 44 
   599 42.47 0.0 CD 55 
   442 175.119 0.0 C 42 
   983 1.127 0.0 HG23 90 
   338 7.582 0.0 H 34 
   377 1.502 0.0 HB3 37 
   335 29.362 0.0 CB 33 
   318 56.998 0.0 CA 31 
   1073 120.365 0.0 N 96 
   1350 117.2 0.0 CE2 120 
   138 29.87 0.0 CB 14 
   610 177.209 0.0 C 56 
   1432 55.945 0.0 CA 128 
   929 55.741 0.0 CA 84 
   962 45.449 0.0 CA 88 
   1111 175.32 0.0 C 100 
   207 52.729 0.0 CA 20 
   10 8.376 0.0 H 2 
   76 1.637 0.0 HD2 9 
   883 22.906 0.0 CD2 79 
   892 8.338 0.0 H 81 
   827 0.564 0.0 HD13 76 
   30 4.168 0.0 HA 4 
   898 66.3 0.0 CB 81 
   589 4.668 0.0 HA 55 
   504 178.5 0.0 C 47 
   343 60.984 0.0 CA 34 
   273 109.233 0.0 N 27 
   39 63.31 0.0 CA 4 
   774 175.305 0.0 C 72 
   758 56.417 0.0 CA 70 
   1405 4.473 0.0 HA 126 
   485 6.77 0.0 HD1 46 
   1221 2.437 0.0 HG2 111 
   498 0.204 0.0 HD13 47 
   1209 4.164 0.0 HB2 110 
   401 35.75 0.0 CB 39 
   1327 57.495 0.0 CA 119 
   67 3.52 0.0 HA2 8 
   1420 0.266 0.0 HG22 127 
   27 28.658 0.0 CB 3 
   660 3.215 0.0 HB3 61 
   655 129.0 0.0 CE1 59 
   160 177.301 0.0 C 17 
   1198 3.139 0.0 HD3 109 
   1320 6.8 0.0 HD1 119 
   1032 28.25 0.0 CG1 93 
   1054 33.572 0.0 CB 95 
   1153 34.296 0.0 CG 104 
   1080 1.566 0.0 HG2 97 
   217 1.747 0.0 HG3 21 
   1154 123.299 0.0 N 104 
   804 176.95 0.0 C 74 
   352 177.72 0.0 C 35 
   463 7.192 0.0 HE1 44 
   1428 7.901 0.0 H 128 
   706 1.16 0.0 HG3 65 
   547 7.748 0.0 H 51 
   163 50.635 0.0 CD 17 
   917 36.115 0.0 CG 83 
   911 1.923 0.0 HB3 83 
   448 116.255 0.0 N 42 
   483 2.559 0.0 HB2 46 
   403 117.405 0.0 CE2 39 
   1008 7.082 0.0 HE2 92 
   1302 7.628 0.0 H 118 
   222 28.094 0.0 CG 21 
   1365 130.84 0.0 CE1 121 
   48 175.9 0.0 C 5 
   1016 124.784 0.0 N 92 
   225 4.195 0.0 HA 22 
   491 38.35 0.0 CB 46 
   70 45.052 0.0 CA 8 
   965 5.861 0.0 HA 89 
   170 0.885 0.0 HD12 18 
   940 4.069 0.0 HB3 86 
   42 21.175 0.0 CG2 4 
   1410 52.02 0.0 CA 126 
   1253 173.52 0.0 C 113 
   676 0.998 0.0 HG11 63 
   184 3.623 0.0 HA 19 
   220 27.115 0.0 CB 21 
   525 122.147 0.0 N 48 
   223 110.82 0.0 N 21 
   1191 36.823 0.0 CG 108 
   783 7.023 0.0 HD2 73 
   657 119.653 0.0 N 59 
   699 8.562 0.0 H 65 
   874 0.654 0.0 HD13 79 
   1249 3.346 0.0 HD2 113 
   206 177.003 0.0 C 20 
   923 1.726 0.0 HD2 84 
   372 120.099 0.0 N 36 
   1138 57.735 0.0 CA 103 
   1236 7.192 0.0 HE2 112 
   886 7.635 0.0 H 80 
   689 4.798 0.0 HA 64 
   571 1.635 0.0 HG3 53 
   1384 32.175 0.0 CB 123 
   1151 54.05 0.0 CA 104 
   146 30.602 0.0 CB 15 
   588 8.069 0.0 H 55 
   646 7.195 0.0 HD1 59 
   1003 3.186 0.0 HB2 92 
   452 2.821 0.0 HB3 43 
   978 0.545 0.0 HG11 90 
   1396 2.028 0.0 HB3 125 
   882 25.182 0.0 CD1 79 
   298 3.898 0.0 HA 30 
   1433 42.247 0.0 CB 128 
   528 1.945 0.0 HB2 49 
   465 177.805 0.0 C 44 
   85 29.151 0.0 CD 9 
   613 43.64 0.0 CD 56 
   440 1.559 0.0 HG2 42 
   1324 7.531 0.0 HZ2 119 
   137 60.369 0.0 CA 14 
   1140 37.102 0.0 CG 103 
   1414 3.882 0.0 HA 127 
   330 2.824 0.0 HD3 33 
   1319 2.643 0.0 HB3 119 
   1200 1.376 0.0 HG3 109 
   984 173.64 0.0 C 90 
   598 31.582 0.0 CB 55 
   742 2.066 0.0 HB2 69 
   1218 2.263 0.0 HB3 111 
   444 27.542 0.0 CB 42 
   479 39.895 0.0 CB 45 
   931 29.25 0.0 CD 84 
   169 0.885 0.0 HD11 18 
   1234 7.09 0.0 HD2 112 
   125 4.805 0.0 HA 13 
   725 3.645 0.0 HB3 67 
   248 118.381 0.0 N 23 
   321 26.56 0.0 CD2 31 
   1288 3.215 0.0 HD3 116 
   1177 173.205 0.0 C 107 
   171 0.885 0.0 HD13 18 
   353 60.124 0.0 CA 35 
   1166 3.271 0.0 HB2 106 
   1358 7.175 0.0 HE1 121 
   240 3.047 0.0 HD3 23 
   1208 5.308 0.0 HA 110 
   489 178.007 0.0 C 46 
   1306 3.037 0.0 HD2 118 
   855 1.94 0.0 HB 78 
   272 7.106 0.0 H 27 
   1286 1.977 0.0 HB3 116 
   879 177.507 0.0 C 79 
   1330 119.204 0.0 CE3 119 
   1205 28.708 0.0 CG 109 
   1099 44.307 0.0 CD 98 
   760 36.478 0.0 CG 70 
   1093 3.211 0.0 HD3 98 
   78 2.937 0.0 HE2 9 
   373 8.907 0.0 H 37 
   843 3.09 0.0 HD2 77 
   84 35.172 0.0 CB 9 
   311 1.035 0.0 HD12 31 
   454 51.354 0.0 CA 43 
   562 51.935 0.0 CA 52 
   383 3.731 0.0 HA 38 
   470 130.2 0.0 CE1 44 
   540 0.509 0.0 HG22 50 
   1375 125.692 0.0 N 122 
   51 120.403 0.0 N 5 
   1390 172.204 0.0 C 124 
   673 7.917 0.0 H 63 
   1335 127.86 0.0 NE1 119 
   375 1.502 0.0 HB1 37 
   1042 22.085 0.0 CB 94 
   1035 9.654 0.0 H 94 
   981 1.127 0.0 HG21 90 
   57 107.14 0.0 N 6 
   308 1.591 0.0 HB2 31 
   239 3.047 0.0 HD2 23 
   747 59.545 0.0 CA 69 
   1195 1.509 0.0 HB2 109 
   828 0.582 0.0 HD21 76 
   133 4.403 0.0 HA 14 
   1363 130.74 0.0 CD1 121 
   1237 175.205 0.0 C 112 
   541 0.509 0.0 HG23 50 
   875 0.689 0.0 HD21 79 
   292 177.415 0.0 C 29 
   1152 33.32 0.0 CB 104 
   1165 4.998 0.0 HA 106 
   1293 27.96 0.0 CB 116 
   1078 3.228 0.0 HD2 97 
   897 57.259 0.0 CA 81 
   1010 56.13 0.0 CA 92 
   1416 0.549 0.0 HG11 127 
   317 179.245 0.0 C 31 
   263 19.649 0.0 CB 25 
   236 4.518 0.0 HA 23 
   998 31.557 0.0 CB 91 
   1201 176.252 0.0 C 109 
   958 8.529 0.0 H 88 
   1300 45.22 0.0 CA 117 
   584 57.145 0.0 CA 54 
   337 27.53 0.0 CG 33 
   928 1.428 0.0 HG3 84 
   1371 3.268 0.0 HB3 122 
   564 127.871 0.0 N 52 
   851 27.258 0.0 CG 77 
   99 112.657 0.0 N 10 
   66 9.283 0.0 H 8 
   1182 8.243 0.0 H 108 
   98 22.425 0.0 CG2 10 
   812 1.784 0.0 HB2 75 
   1215 9.274 0.0 H 111 
   226 4.224 0.0 HB 22 
   948 3.345 0.0 HD2 87 
   1148 2.037 0.0 HG2 104 
   251 3.745 0.0 HB2 24 
   913 2.205 0.0 HG3 83 
   24 2.948 0.0 HB3 3 
   1190 34.517 0.0 CB 108 
   1393 8.229 0.0 H 125 
   233 22.556 0.0 CG2 22 
   16 175.445 0.0 C 2 
   167 1.8 0.0 HB2 18 
   307 3.978 0.0 HA 31 
   482 3.695 0.0 HA 46 
   283 31.061 0.0 CB 28 
   409 1.098 0.0 HB3 40 
   746 179.081 0.0 C 69 
   143 2.495 0.0 HB3 15 
   1129 49.61 0.0 CD 102 
   1427 122.174 0.0 N 127 
   471 130.2 0.0 CE2 44 
   367 38.05 0.0 CB 36 
   705 1.16 0.0 HG2 65 
   795 4.432 0.0 HA 74 
   1265 2.17 0.0 HE2 114 
   674 3.769 0.0 HA 63 
   1117 44.635 0.0 CA 101 
   49 60.214 0.0 CA 5 
   834 41.951 0.0 CB 76 
   719 55.495 0.0 CA 66 
   1291 177.209 0.0 C 116 
   819 36.619 0.0 CG 75 
   975 9.02 0.0 H 90 
   334 60.318 0.0 CA 33 
   323 119.402 0.0 N 31 
   95 175.801 0.0 C 10 
   355 43.64 0.0 CD 35 
   1041 49.829 0.0 CA 94 
   3 2.003 0.0 HB3 1 
   1211 172.435 0.0 C 110 
   1289 1.586 0.0 HG2 116 
   492 119.529 0.0 N 46 
   544 69.63 0.0 CB 50 
   87 25.43 0.0 CG 9 
   1207 9.762 0.0 H 110 
   568 2.804 0.0 HD2 53 
   1285 1.856 0.0 HB2 116 
   481 7.764 0.0 H 46 
   79 2.903 0.0 HE3 9 
   561 2.488 0.0 HB3 52 
   989 121.506 0.0 N 90 
   437 1.611 0.0 HD3 42 
   1398 2.177 0.0 HG3 125 
   549 4.218 0.0 HB 51 
   1313 43.27 0.0 CD 118 
   1149 1.867 0.0 HG3 104 
   31 2.078 0.0 HB 4 
   1051 1.57 0.0 HG3 95 
   1310 173.805 0.0 C 118 
   109 61.54 0.0 CA 11 
   1013 132.1 0.0 CD2 92 
   130 42.509 0.0 CB 13 
   1071 130.76 0.0 CE1 96 
   1046 1.85 0.0 HB2 95 
   542 173.401 0.0 C 50 
   974 115.849 0.0 N 89 
   368 132.01 0.0 CD1 36 
   129 53.219 0.0 CA 13 
   97 69.47 0.0 CB 10 
   556 20.937 0.0 CG2 51 
   92 1.269 0.0 HG21 10 
   269 176.4 0.0 C 26 
   1305 1.514 0.0 HB3 118 
   1202 55.671 0.0 CA 109 
   94 1.269 0.0 HG23 10 
   241 1.415 0.0 HG2 23 
   194 179.45 0.0 C 19 
   1276 9.291 0.0 H 115 
   1063 6.815 0.0 HD2 96 
   1235 7.192 0.0 HE1 112 
   861 0.813 0.0 HG23 78 
   1373 60.295 0.0 CA 122 
   1023 0.459 0.0 HG12 93 
   587 114.777 0.0 N 54 
   1369 4.517 0.0 HA 122 
   1344 176.52 0.0 C 120 
   35 0.979 0.0 HG21 4 
   180 24.068 0.0 CD2 18 
   445 29.151 0.0 CD 42 
   738 32.56 0.0 CB 68 
   497 0.204 0.0 HD12 47 
   134 2.552 0.0 HB2 14 
   982 1.127 0.0 HG22 90 
   1360 174.025 0.0 C 121 
   857 0.751 0.0 HG12 78 
   1290 1.586 0.0 HG3 116 
   636 54.812 0.0 CA 58 
   1322 7.275 0.0 HE3 119 
   842 1.648 0.0 HB3 77 
   649 7.032 0.0 HE2 59 
   1240 131.451 0.0 CD1 112 
   1238 56.51 0.0 CA 112 
   1311 53.951 0.0 CA 118 
   943 63.215 0.0 CB 86 
   265 4.443 0.0 HA 26 
   641 118.45 0.0 N 58 
   554 64.045 0.0 CA 51 
   881 42.361 0.0 CB 79 
   866 21.285 0.0 CG2 78 
   761 114.677 0.0 N 70 
   1090 1.732 0.0 HB2 98 
   1197 3.139 0.0 HD2 109 
   615 121.407 0.0 N 56 
   237 1.524 0.0 HB2 23 
   764 2.725 0.0 HB2 71 
   518 0.798 0.0 HG22 48 
   1264 0.784 0.0 HD3 114 
   865 21.781 0.0 CG1 78 
   1430 2.607 0.0 HB2 128 
   1118 108.265 0.0 N 101 
   415 4.275 0.0 HA 41 
   1242 130.35 0.0 CE1 112 
   938 4.317 0.0 HA 86 
   703 2.83 0.0 HD2 65 
   1087 117.405 0.0 N 97 
   695 56.908 0.0 CA 64 
   286 8.098 0.0 H 29 
   567 2.232 0.0 HB3 53 
   740 8.744 0.0 H 69 
   922 1.823 0.0 HB3 84 
   530 2.295 0.0 HG2 49 
   1341 6.888 0.0 HD2 120 
   552 1.179 0.0 HG23 51 
   390 119.703 0.0 N 38 
   82 176.429 0.0 C 9 
   630 0.92 0.0 HD13 58 
   459 2.887 0.0 HB2 44 
   315 1.147 0.0 HD23 31 
   690 2.951 0.0 HB2 64 
   488 6.55 0.0 HE2 46 
   118 2.63 0.0 HB2 12 
   1098 32.12 0.0 CB 98 
   1157 5.357 0.0 HA 105 
   506 34.745 0.0 CB 47 
   299 1.341 0.0 HB1 30 
   836 23.57 0.0 CD2 76 
   271 19.685 0.0 CB 26 
   232 69.026 0.0 CB 22 
   957 119.907 0.0 N 87 
   110 39.46 0.0 CB 11 
   1069 131.6 0.0 CD1 96 
   303 54.5 0.0 CA 30 
   1199 1.376 0.0 HG2 109 
   716 1.416 0.0 HB2 66 
   1216 5.243 0.0 HA 111 
   735 1.68 0.0 HG3 68 
   1212 59.029 0.0 CA 110 
   1115 4.033 0.0 HA2 101 
   1067 55.736 0.0 CA 96 
   505 61.81 0.0 CA 47 
   1385 35.236 0.0 CG 123 
   441 1.111 0.0 HG3 42 
   576 27.257 0.0 CG 53 
   605 1.95 0.0 HB3 56 
   267 1.485 0.0 HB2 26 
   1050 1.66 0.0 HG2 95 
   792 130.3 0.0 CE2 73 
   179 25.729 0.0 CD1 18 
   88 120.607 0.0 N 9 
   635 177.0 0.0 C 58 
   1187 2.103 0.0 HG3 108 
   461 7.23 0.0 HD1 44 
   1186 2.103 0.0 HG2 108 
   188 0.589 0.0 HD12 19 
   652 40.445 0.0 CB 59 
   1184 1.268 0.0 HB2 108 
   1181 129.694 0.0 N 107 
   872 0.654 0.0 HD11 79 
   128 175.205 0.0 C 13 
   107 6.55 0.0 HE2 11 
   1312 33.592 0.0 CB 118 
   565 3.938 0.0 HA 53 
   972 72.876 0.0 CB 89 
   679 0.909 0.0 HG21 63 
   775 52.5 0.0 CA 72 
   684 32.281 0.0 CB 63 
   215 3.225 0.0 HD3 21 
   186 1.528 0.0 HB3 19 
   126 2.443 0.0 HB2 13 
   83 54.561 0.0 CA 9 
   1377 4.264 0.0 HA 123 
   127 2.715 0.0 HB3 13 
   852 127.184 0.0 N 77 
   507 10.335 0.0 CD1 47 
   955 43.15 0.0 CD 87 
   789 130.4 0.0 CD1 73 
   890 45.632 0.0 CA 80 
   1179 31.258 0.0 CB 107 
   1039 1.937 0.0 HB3 94 
   473 8.306 0.0 H 45 
   176 181.207 0.0 C 18 
   413 121.155 0.0 N 40 
   4 2.222 0.0 HG2 1 
   612 30.658 0.0 CB 56 
   124 7.445 0.0 H 13 
   790 130.4 0.0 CD2 73 
   52 7.704 0.0 H 6 
   34 0.979 0.0 HG13 4 
   289 1.619 0.0 HB3 29 
   1331 124.3 0.0 CH2 119 
   987 22.264 0.0 CG1 90 
   1124 1.991 0.0 HG2 102 
   1307 3.037 0.0 HD3 118 
   1005 7.035 0.0 HD1 92 
   529 1.945 0.0 HB3 49 
   477 178.0 0.0 C 45 
   1270 53.831 0.0 CA 114 
   979 0.545 0.0 HG12 90 
   1123 3.604 0.0 HD3 102 
   1044 9.352 0.0 H 95 
   694 176.82 0.0 C 64 
   213 2.277 0.0 HB3 21 
   522 32.041 0.0 CB 48 
   1337 4.943 0.0 HA 120 
   1222 2.355 0.0 HG3 111 
   333 177.29 0.0 C 33 
   1413 7.916 0.0 H 127 
   1096 177.352 0.0 C 98 
   1189 54.005 0.0 CA 108 
   262 52.785 0.0 CA 25 
   873 0.654 0.0 HD12 79 
   1374 64.524 0.0 CB 122 
   677 0.998 0.0 HG12 63 
   205 1.402 0.0 HB3 20 
   514 0.502 0.0 HG11 48 
   1340 6.888 0.0 HD1 120 
   6 176.41 0.0 C 1 
   580 1.751 0.0 HB3 54 
   1031 14.095 0.0 CD1 93 
   609 1.788 0.0 HG3 56 
   165 6.545 0.0 H 18 
   32 0.979 0.0 HG11 4 
   784 6.582 0.0 HE1 73 
   732 2.781 0.0 HB2 68 
   1021 0.535 0.0 HD12 93 
   17 53.005 0.0 CA 2 
   1298 4.046 0.0 HA3 117 
   434 2.401 0.0 HB2 42 
   141 4.006 0.0 HA 15 
   1407 1.334 0.0 HB2 126 
   59 3.932 0.0 HA 7 
   142 2.595 0.0 HB2 15 
   431 115.848 0.0 N 41 
   904 172.65 0.0 C 82 
   788 38.32 0.0 CB 73 
   242 1.415 0.0 HG3 23 
   1381 1.878 0.0 HG3 123 
   1011 43.37 0.0 CB 92 
   319 39.75 0.0 CB 31 
   446 43.345 0.0 CE 42 
   973 21.775 0.0 CG2 89 
   707 177.82 0.0 C 65 
   1001 9.171 0.0 H 92 
   941 172.805 0.0 C 86 
   1292 56.584 0.0 CA 116 
   1274 24.66 0.0 CG 114 
   1367 122.001 0.0 N 121 
   252 3.83 0.0 HB3 24 
   618 2.735 0.0 HB2 57 
   1164 9.575 0.0 H 106 
   1062 6.815 0.0 HD1 96 
   199 28.47 0.0 CG 19 
   967 1.236 0.0 HG21 89 
   1394 4.687 0.0 HA 125 
   985 62.035 0.0 CA 90 
   23 2.6 0.0 HB2 3 
   793 124.281 0.0 N 73 
   1176 6.803 0.0 HD2 107 
   787 60.0 0.0 CA 73 
   1364 130.74 0.0 CD2 121 
   724 3.253 0.0 HB2 67 
   1318 2.77 0.0 HB2 119 
   867 126.212 0.0 N 78 
   231 63.14 0.0 CA 22 
   301 1.341 0.0 HB3 30 
   919 9.104 0.0 H 84 
   733 2.234 0.0 HB3 68 
   451 2.209 0.0 HB2 43 
   1056 27.88 0.0 CG 95 
   729 118.219 0.0 N 67 
   712 122.45 0.0 N 65 
   1359 7.175 0.0 HE2 121 
   1103 3.975 0.0 HA2 99 
   259 1.324 0.0 HB1 25 
   495 1.73 0.0 HB 47 
   173 0.718 0.0 HD22 18 
   916 33.087 0.0 CB 83 
   1072 130.76 0.0 CE2 96 
   499 1.064 0.0 HG12 47 
   77 1.637 0.0 HD3 9 
   1206 122.752 0.0 N 109 
   468 131.0 0.0 CD1 44 
   847 175.2 0.0 C 77 
   464 7.192 0.0 HE2 44 
   119 2.469 0.0 HB3 12 
   1006 7.035 0.0 HD2 92 
   1296 8.576 0.0 H 117 
   907 115.128 0.0 N 82 
   71 111.582 0.0 N 8 
   1380 1.878 0.0 HG2 123 
   644 3.02 0.0 HB2 59 
   698 113.408 0.0 ND2 64 
   1434 129.886 0.0 N 128 
   653 131.3 0.0 CD1 59 
   536 7.115 0.0 H 50 
   770 8.706 0.0 H 72 
   189 0.589 0.0 HD13 19 
   91 4.483 0.0 HB 10 
   1108 8.975 0.0 H 100 
   921 1.823 0.0 HB2 84 
   1272 29.151 0.0 CD 114 
   256 116.451 0.0 N 24 
   270 52.95 0.0 CA 26 
   1007 7.082 0.0 HE1 92 
   891 106.586 0.0 N 80 
   1262 -0.968 0.0 HB3 114 
   412 17.695 0.0 CB 40 
   25 178.12 0.0 C 3 
   1037 1.937 0.0 HB1 94 
   313 1.147 0.0 HD21 31 
   359 2.601 0.0 HB2 36 
   363 6.75 0.0 HE1 36 
   1116 4.288 0.0 HA3 101 
   1004 2.985 0.0 HB3 92 
   1107 117.554 0.0 N 99 
   638 25.392 0.0 CD1 58 
   669 179.5 0.0 C 62 
   154 1.368 0.0 HB2 17 
   192 0.146 0.0 HD23 19 
   200 122.646 0.0 N 19 
   1009 171.85 0.0 C 92 
   55 176.304 0.0 C 6 
   493 6.884 0.0 H 47 
   472 122.987 0.0 N 44 
   1250 2.982 0.0 HD3 113 
   527 3.957 0.0 HA 49 
   1243 130.35 0.0 CE2 112 
   45 4.584 0.0 HA 5 
   193 1.197 0.0 HG 19 
   869 4.345 0.0 HA 79 
   908 8.427 0.0 H 83 
   159 1.735 0.0 HG3 17 
   920 4.584 0.0 HA 84 
   224 8.268 0.0 H 22 
   152 110.257 0.0 N 16 
   1426 20.19 0.0 CG2 127 
   1104 3.906 0.0 HA3 99 
   1223 174.94 0.0 C 111 
   182 116.726 0.0 N 18 
   763 5.268 0.0 HA 71 
   1267 -0.462 0.0 HG2 114 
   1353 4.192 0.0 HA 121 
   583 177.408 0.0 C 54 
   776 42.88 0.0 CB 72 
   183 8.075 0.0 H 19 
   864 32.119 0.0 CB 78 
   1343 6.86 0.0 HE2 120 
   1391 45.365 0.0 CA 124 
   757 176.9 0.0 C 70 
   253 174.356 0.0 C 24 
   203 1.402 0.0 HB1 20 
   663 59.65 0.0 CA 61 
   1022 0.535 0.0 HD13 93 
   535 118.382 0.0 N 49 
   382 8.298 0.0 H 38 
   1210 4.024 0.0 HB3 110 
   523 23.105 0.0 CG1 48 
   675 1.923 0.0 HB 63 
   111 133.6 0.0 CD1 11 
   69 174.204 0.0 C 8 
   1248 1.708 0.0 HB3 113 
   667 2.758 0.0 HB2 62 
   1192 128.36 0.0 N 108 
   13 2.932 0.0 HB3 2 
   73 4.514 0.0 HA 9 
   297 7.812 0.0 H 30 
   817 57.14 0.0 CA 75 
   1139 30.075 0.0 CB 103 
   960 5.047 0.0 HA3 88 
   132 7.486 0.0 H 14 
   115 124.022 0.0 N 11 
   885 130.507 0.0 N 79 
   651 57.15 0.0 CA 59 
   953 54.544 0.0 CA 87 
   749 36.968 0.0 CG 69 
   1074 8.665 0.0 H 97 
   104 7.598 0.0 HD1 11 
   1120 1.866 0.0 HB2 102 
   33 0.979 0.0 HG12 4 
   310 1.035 0.0 HD11 31 
   840 4.666 0.0 HA 77 
   654 131.3 0.0 CD2 59 
   1283 130.852 0.0 N 115 
   229 1.138 0.0 HG23 22 
   1294 43.34 0.0 CD 116 
   175 1.697 0.0 HG 18 
   709 29.462 0.0 CB 65 
   936 3.74 0.0 HA3 85 
   1171 126.101 0.0 N 106 
   1066 171.75 0.0 C 96 
   661 7.15 0.0 HD2 61 
   794 9.086 0.0 H 74 
   1370 3.554 0.0 HB2 122 
   859 0.813 0.0 HG21 78 
   621 55.375 0.0 CA 57 
   1277 4.579 0.0 HA 115 
   1362 40.107 0.0 CB 121 
   838 126.577 0.0 N 76 
   369 132.01 0.0 CD2 36 
   349 1.91 0.0 HB3 35 
   398 6.565 0.0 HE2 39 
   177 57.052 0.0 CA 18 
   336 43.145 0.0 CD 33 
   74 1.533 0.0 HB2 9 
   577 8.334 0.0 H 54 
   1368 8.557 0.0 H 122 
   990 9.047 0.0 H 91 
   114 118.8 0.0 CE2 11 
   405 8.09 0.0 H 40 
   901 4.747 0.0 HA 82 
   249 8.642 0.0 H 24 
   668 2.627 0.0 HB3 62 
   1110 3.905 0.0 HA3 100 
   1018 5.199 0.0 HA 93 
   1045 5.608 0.0 HA 95 
   309 1.028 0.0 HB3 31 
   942 58.208 0.0 CA 86 
   1214 125.774 0.0 N 110 
   1425 21.54 0.0 CG1 127 
   991 5.776 0.0 HA 91 
   526 8.501 0.0 H 49 
   517 0.798 0.0 HG21 48 
   555 68.659 0.0 CB 51 
   524 21.395 0.0 CG2 48 
   1239 44.342 0.0 CB 112 
   339 4.736 0.0 HA 34 
   1281 51.415 0.0 CA 115 
   1203 31.948 0.0 CB 109 
   89 8.784 0.0 H 10 
   723 4.145 0.0 HA 67 
   700 3.481 0.0 HA 65 
   331 0.87 0.0 HG2 33 
   682 178.94 0.0 C 63 
   734 1.901 0.0 HG2 68 
   423 0.717 0.0 HD23 41 
   1376 6.575 0.0 H 123 
   197 25.042 0.0 CD1 19 
   647 7.195 0.0 HD2 59 
   516 0.502 0.0 HG13 48 
   741 3.998 0.0 HA 69 
   704 2.83 0.0 HD3 65 
   1137 175.818 0.0 C 103 
   475 2.716 0.0 HB2 45 
   1112 45.456 0.0 CA 100 
   400 62.201 0.0 CA 39 
   342 175.96 0.0 C 34 
   157 3.281 0.0 HD3 17 
   680 0.909 0.0 HG22 63 
   75 1.914 0.0 HB3 9 
   416 1.555 0.0 HB2 41 
   274 2.61 0.0 HA 28 
   558 9.009 0.0 H 52 
   116 8.466 0.0 H 12 
   993 1.996 0.0 HB3 91 
   1226 32.464 0.0 CG 111 
   977 2.119 0.0 HB 90 
   637 41.906 0.0 CB 58 
   68 4.247 0.0 HA3 8 
   278 2.142 0.0 HD3 28 
   61 3.696 0.0 HB3 7 
   1079 3.228 0.0 HD3 97 
   1030 42.274 0.0 CB 93 
   1316 8.981 0.0 H 119 
   1075 4.526 0.0 HA 97 
   614 28.048 0.0 CG 56 
   702 1.467 0.0 HB3 65 
   1126 176.9 0.0 C 102 
   1100 27.715 0.0 CG 98 
   246 43.34 0.0 CD 23 
   909 4.892 0.0 HA 83 
   1415 0.75 0.0 HB 127 
   108 178.9 0.0 C 11 
   1144 0.798 0.0 HB2 104 
   1193 8.473 0.0 H 109 
   386 1.672 0.0 HB3 38 
   877 0.689 0.0 HD23 79 
   537 4.576 0.0 HA 50 
   625 4.331 0.0 HA 58 
   340 3.692 0.0 HB2 34 
   593 3.145 0.0 HD3 55 
   100 8.849 0.0 H 11 
   370 117.801 0.0 CE1 36 
   1378 1.863 0.0 HB2 123 
   753 2.006 0.0 HB2 70 
   320 23.15 0.0 CD1 31 
   1422 174.707 0.0 C 127 
   860 0.813 0.0 HG22 78 
   417 1.555 0.0 HB3 41 
   388 55.485 0.0 CA 38 
   1015 131.4 0.0 CE2 92 
   666 4.346 0.0 HA 62 
   778 8.75 0.0 H 73 
   1326 175.5 0.0 C 119 
   531 2.295 0.0 HG3 49 
   1252 1.343 0.0 HG3 113 
   1094 1.576 0.0 HG2 98 
   397 6.565 0.0 HE1 39 
   36 0.979 0.0 HG22 4 
   244 54.444 0.0 CA 23 
   41 21.175 0.0 CG1 4 
   204 1.402 0.0 HB2 20 
   282 64.51 0.0 CA 28 
   1411 19.149 0.0 CB 126 
   1402 35.961 0.0 CG 125 
   1342 6.86 0.0 HE1 120 
   781 3.11 0.0 HB3 73 
   1125 1.9 0.0 HG3 102 
   37 0.979 0.0 HG23 4 
   174 0.718 0.0 HD23 18 
   432 7.516 0.0 H 42 
   12 2.675 0.0 HB2 2 
   1089 4.874 0.0 HA 98 
   219 56.614 0.0 CA 21 
   1329 125.3 0.0 CD1 119 
   969 1.236 0.0 HG23 89 
   1406 1.334 0.0 HB1 126 
   147 124.741 0.0 N 15 
   650 174.42 0.0 C 59 
   1141 120.322 0.0 N 103 
   80 1.399 0.0 HG2 9 
   924 1.726 0.0 HD3 84 
   140 8.183 0.0 H 15 
   1027 0.78 0.0 HG23 93 
   721 120.92 0.0 N 66 
   927 1.366 0.0 HG2 84 
   601 116.352 0.0 N 55 
   1387 8.786 0.0 H 124 
   1095 1.576 0.0 HG3 98 
   234 110.883 0.0 N 22 
   848 54.625 0.0 CA 77 
   807 25.72 0.0 CD1 74 
   951 1.78 0.0 HG3 87 
   9 36.326 0.0 CG 1 
   1025 0.78 0.0 HG21 93 
