   990 9.047 0.0 H 91 
   124 7.445 0.0 H 13 
   457 8.229 0.0 H 44 
   1287 3.215 0.0 HD2 116 
   167 1.8 0.0 HB2 18 
   1024 1.216 0.0 HG13 93 
   399 178.1 0.0 C 39 
   512 3.049 0.0 HA 48 
   1186 2.103 0.0 HG2 108 
   1306 3.037 0.0 HD2 118 
   1418 0.549 0.0 HG13 127 
   538 4.595 0.0 HB 50 
   500 0.837 0.0 HG13 47 
   902 3.83 0.0 HB2 82 
   135 2.938 0.0 HB3 14 
   757 176.9 0.0 C 70 
   453 174.95 0.0 C 43 
   777 122.633 0.0 N 72 
   740 8.744 0.0 H 69 
   327 0.908 0.0 HB2 33 
   734 1.901 0.0 HG2 68 
   367 38.05 0.0 CB 36 
   80 1.399 0.0 HG2 9 
   1121 2.271 0.0 HB3 102 
   239 3.047 0.0 HD2 23 
   707 177.82 0.0 C 65 
   618 2.735 0.0 HB2 57 
   173 0.718 0.0 HD22 18 
   696 39.218 0.0 CB 64 
   1047 1.75 0.0 HB3 95 
   911 1.923 0.0 HB3 83 
   1149 1.867 0.0 HG3 104 
   65 118.937 0.0 N 7 
   790 130.4 0.0 CD2 73 
   452 2.821 0.0 HB3 43 
   1420 0.266 0.0 HG22 127 
   90 4.478 0.0 HA 10 
   413 121.155 0.0 N 40 
   627 1.619 0.0 HB3 58 
   338 7.582 0.0 H 34 
   712 122.45 0.0 N 65 
   473 8.306 0.0 H 45 
   1378 1.863 0.0 HB2 123 
   801 0.741 0.0 HD21 74 
   723 4.145 0.0 HA 67 
   1387 8.786 0.0 H 124 
   690 2.951 0.0 HB2 64 
   1008 7.082 0.0 HE2 92 
   741 3.998 0.0 HA 69 
   655 129.0 0.0 CE1 59 
   851 27.258 0.0 CG 77 
   920 4.584 0.0 HA 84 
   1080 1.566 0.0 HG2 97 
   964 8.86 0.0 H 89 
   386 1.672 0.0 HB3 38 
   12 2.675 0.0 HB2 2 
   42 21.175 0.0 CG2 4 
   722 7.759 0.0 H 67 
   1225 30.155 0.0 CB 111 
   608 1.705 0.0 HG2 56 
   2 1.908 0.0 HB2 1 
   1407 1.334 0.0 HB2 126 
   48 175.9 0.0 C 5 
   1325 6.69 0.0 HZ3 119 
   1093 3.211 0.0 HD3 98 
   719 55.495 0.0 CA 66 
   528 1.945 0.0 HB2 49 
   61 3.696 0.0 HB3 7 
   1351 115.506 0.0 N 120 
   21 9.38 0.0 H 3 
   234 110.883 0.0 N 22 
   1123 3.604 0.0 HD3 102 
   1264 0.784 0.0 HD3 114 
   682 178.94 0.0 C 63 
   1242 130.35 0.0 CE1 112 
   384 1.672 0.0 HB1 38 
   727 60.29 0.0 CA 67 
   376 1.502 0.0 HB2 37 
   147 124.741 0.0 N 15 
   372 120.099 0.0 N 36 
   302 177.4 0.0 C 30 
   1315 121.34 0.0 N 118 
   47 2.92 0.0 HB3 5 
   156 3.281 0.0 HD2 17 
   91 4.483 0.0 HB 10 
   1097 55.288 0.0 CA 98 
   843 3.09 0.0 HD2 77 
   517 0.798 0.0 HG21 48 
   882 25.182 0.0 CD1 79 
   1182 8.243 0.0 H 108 
   832 175.7 0.0 C 76 
   1129 49.61 0.0 CD 102 
   794 9.086 0.0 H 74 
   634 1.6 0.0 HG 58 
   1111 175.32 0.0 C 100 
   1022 0.535 0.0 HD13 93 
   766 172.0 0.0 C 71 
   667 2.758 0.0 HB2 62 
   1112 45.456 0.0 CA 100 
   1355 2.737 0.0 HB3 121 
   265 4.443 0.0 HA 26 
   613 43.64 0.0 CD 56 
   1070 131.6 0.0 CD2 96 
   165 6.545 0.0 H 18 
   570 1.635 0.0 HG2 53 
   463 7.192 0.0 HE1 44 
   1428 7.901 0.0 H 128 
   506 34.745 0.0 CB 47 
   44 8.155 0.0 H 5 
   826 0.564 0.0 HD12 76 
   1243 130.35 0.0 CE2 112 
   1104 3.906 0.0 HA3 99 
   35 0.979 0.0 HG21 4 
   1284 3.841 0.0 HA 116 
   812 1.784 0.0 HB2 75 
   657 119.653 0.0 N 59 
   890 45.632 0.0 CA 80 
   789 130.4 0.0 CD1 73 
   374 3.578 0.0 HA 37 
   313 1.147 0.0 HD21 31 
   383 3.731 0.0 HA 38 
   79 2.903 0.0 HE3 9 
   893 5.342 0.0 HA 81 
   590 1.625 0.0 HB2 55 
   460 3.082 0.0 HB3 44 
   442 175.119 0.0 C 42 
   1116 4.288 0.0 HA3 101 
   1226 32.464 0.0 CG 111 
   883 22.906 0.0 CD2 79 
   542 173.401 0.0 C 50 
   960 5.047 0.0 HA3 88 
   659 3.312 0.0 HB2 61 
   184 3.623 0.0 HA 19 
   20 110.708 0.0 ND2 2 
   674 3.769 0.0 HA 63 
   300 1.341 0.0 HB2 30 
   449 8.832 0.0 H 43 
   455 40.453 0.0 CB 43 
   1002 5.619 0.0 HA 92 
   862 176.104 0.0 C 78 
   619 2.609 0.0 HB3 57 
   454 51.354 0.0 CA 43 
   1143 4.495 0.0 HA 104 
   201 8.213 0.0 H 20 
   687 121.325 0.0 N 63 
   1326 175.5 0.0 C 119 
   1060 2.068 0.0 HB2 96 
   828 0.582 0.0 HD21 76 
   1230 5.485 0.0 HA 112 
   642 7.394 0.0 H 59 
   995 2.178 0.0 HG3 91 
   543 61.38 0.0 CA 50 
   177 57.052 0.0 CA 18 
   820 119.876 0.0 N 75 
   77 1.637 0.0 HD3 9 
   341 4.198 0.0 HB3 34 
   588 8.069 0.0 H 55 
   884 28.23 0.0 CG 79 
   285 26.46 0.0 CG 28 
   1045 5.608 0.0 HA 95 
   641 118.45 0.0 N 58 
   1101 128.385 0.0 N 98 
   1205 28.708 0.0 CG 109 
   337 27.53 0.0 CG 33 
   730 8.221 0.0 H 68 
   772 2.638 0.0 HB2 72 
   565 3.938 0.0 HA 53 
   197 25.042 0.0 CD1 19 
   206 177.003 0.0 C 20 
   673 7.917 0.0 H 63 
   854 4.11 0.0 HA 78 
   1213 66.524 0.0 CB 110 
   1375 125.692 0.0 N 122 
   375 1.502 0.0 HB1 37 
   1155 112.996 0.0 NE2 104 
   891 106.586 0.0 N 80 
   322 27.664 0.0 CG 31 
   97 69.47 0.0 CB 10 
   72 7.934 0.0 H 9 
   671 40.155 0.0 CB 62 
   1164 9.575 0.0 H 106 
   1142 8.938 0.0 H 104 
   291 1.995 0.0 HG3 29 
   569 2.514 0.0 HD3 53 
   678 0.998 0.0 HG13 63 
   180 24.068 0.0 CD2 18 
   131 117.361 0.0 N 13 
   816 172.804 0.0 C 75 
   1072 130.76 0.0 CE2 96 
   437 1.611 0.0 HD3 42 
   262 52.785 0.0 CA 25 
   324 8.704 0.0 H 32 
   164 28.471 0.0 CG 17 
   1275 129.57 0.0 N 114 
   983 1.127 0.0 HG23 90 
   1042 22.085 0.0 CB 94 
   804 176.95 0.0 C 74 
   1026 0.78 0.0 HG22 93 
   363 6.75 0.0 HE1 36 
   1288 3.215 0.0 HD3 116 
   1161 57.248 0.0 CA 105 
   305 120.59 0.0 N 30 
   438 3.341 0.0 HE2 42 
   907 115.128 0.0 N 82 
   1294 43.34 0.0 CD 116 
   186 1.528 0.0 HB3 19 
   1074 8.665 0.0 H 97 
   1099 44.307 0.0 CD 98 
   1434 129.886 0.0 N 128 
   1368 8.557 0.0 H 122 
   140 8.183 0.0 H 15 
   1078 3.228 0.0 HD2 97 
   1404 8.632 0.0 H 126 
   1040 176.203 0.0 C 94 
   510 119.187 0.0 N 47 
   402 117.405 0.0 CE1 39 
   529 1.945 0.0 HB3 49 
   127 2.715 0.0 HB3 13 
   699 8.562 0.0 H 65 
   572 178.7 0.0 C 53 
   418 0.761 0.0 HD11 41 
   718 179.2 0.0 C 66 
   1005 7.035 0.0 HD1 92 
   200 122.646 0.0 N 19 
   937 47.314 0.0 CA 85 
   797 1.549 0.0 HB3 74 
   368 132.01 0.0 CD1 36 
   670 57.769 0.0 CA 62 
   954 33.678 0.0 CB 87 
   60 3.922 0.0 HB2 7 
   178 39.261 0.0 CB 18 
   887 4.158 0.0 HA2 80 
   342 175.96 0.0 C 34 
   871 1.609 0.0 HB3 79 
   594 1.378 0.0 HG2 55 
   1251 1.61 0.0 HG2 113 
   254 57.298 0.0 CA 24 
   1348 133.1 0.0 CD2 120 
   814 1.996 0.0 HG2 75 
   17 53.005 0.0 CA 2 
   352 177.72 0.0 C 35 
   1071 130.76 0.0 CE1 96 
   881 42.361 0.0 CB 79 
   617 4.653 0.0 HA 57 
   1176 6.803 0.0 HD2 107 
   223 110.82 0.0 N 21 
   211 3.989 0.0 HA 21 
   1117 44.635 0.0 CA 101 
   958 8.529 0.0 H 88 
   1141 120.322 0.0 N 103 
   191 0.146 0.0 HD22 19 
   1003 3.186 0.0 HB2 92 
   129 53.219 0.0 CA 13 
   731 3.74 0.0 HA 68 
   462 7.23 0.0 HD2 44 
   429 22.34 0.0 CD2 41 
   1193 8.473 0.0 H 109 
   381 121.482 0.0 N 37 
   605 1.95 0.0 HB3 56 
   373 8.907 0.0 H 37 
   1356 6.727 0.0 HD1 121 
   390 119.703 0.0 N 38 
   979 0.545 0.0 HG12 90 
   4 2.222 0.0 HG2 1 
   1305 1.514 0.0 HB3 118 
   1222 2.355 0.0 HG3 111 
   837 27.682 0.0 CG 76 
   241 1.415 0.0 HG2 23 
   1057 122.839 0.0 N 95 
   185 1.445 0.0 HB2 19 
   629 0.92 0.0 HD12 58 
   654 131.3 0.0 CD2 59 
   497 0.204 0.0 HD12 47 
   484 2.899 0.0 HB3 46 
   489 178.007 0.0 C 46 
   1157 5.357 0.0 HA 105 
   1280 1.303 0.0 HB3 115 
   749 36.968 0.0 CG 69 
   1360 174.025 0.0 C 121 
   785 6.582 0.0 HE2 73 
   897 57.259 0.0 CA 81 
   802 0.741 0.0 HD22 74 
   592 3.145 0.0 HD2 55 
   580 1.751 0.0 HB3 54 
   1261 0.78 0.0 HB2 114 
   385 1.672 0.0 HB2 38 
   26 63.959 0.0 CA 3 
   1085 43.79 0.0 CD 97 
   235 7.348 0.0 H 23 
   593 3.145 0.0 HD3 55 
   1362 40.107 0.0 CB 121 
   84 35.172 0.0 CB 9 
   1107 117.554 0.0 N 99 
   1233 7.09 0.0 HD1 112 
   1415 0.75 0.0 HB 127 
   1270 53.831 0.0 CA 114 
   738 32.56 0.0 CB 68 
   762 7.151 0.0 H 71 
   575 50.1 0.0 CD 53 
   397 6.565 0.0 HE1 39 
   669 179.5 0.0 C 62 
   817 57.14 0.0 CA 75 
   153 4.172 0.0 HA 17 
   770 8.706 0.0 H 72 
   1067 55.736 0.0 CA 96 
   827 0.564 0.0 HD13 76 
   614 28.048 0.0 CG 56 
   1333 121.55 0.0 CZ3 119 
   1365 130.84 0.0 CE1 121 
   446 43.345 0.0 CE 42 
   1269 175.904 0.0 C 114 
   104 7.598 0.0 HD1 11 
   216 1.747 0.0 HG2 21 
   1300 45.22 0.0 CA 117 
   53 3.93 0.0 HA2 6 
   1423 61.46 0.0 CA 127 
   477 178.0 0.0 C 45 
   188 0.589 0.0 HD12 19 
   921 1.823 0.0 HB2 84 
   423 0.717 0.0 HD23 41 
   1146 6.978 0.0 HE21 104 
   392 3.693 0.0 HA 39 
   776 42.88 0.0 CB 72 
   850 43.64 0.0 CD 77 
   792 130.3 0.0 CE2 73 
   875 0.689 0.0 HD21 79 
   1021 0.535 0.0 HD12 93 
   849 32.628 0.0 CB 77 
   788 38.32 0.0 CB 73 
   1336 9.145 0.0 H 120 
   679 0.909 0.0 HG21 63 
   1398 2.177 0.0 HG3 125 
   1379 2.039 0.0 HB3 123 
   951 1.78 0.0 HG3 87 
   1382 173.108 0.0 C 123 
   900 8.975 0.0 H 82 
   230 174.64 0.0 C 22 
   1098 32.12 0.0 CB 98 
   829 0.582 0.0 HD22 76 
   279 1.333 0.0 HG2 28 
   422 0.717 0.0 HD22 41 
   846 1.498 0.0 HG3 77 
   483 2.559 0.0 HB2 46 
   382 8.298 0.0 H 38 
   343 60.984 0.0 CA 34 
   479 39.895 0.0 CB 45 
   482 3.695 0.0 HA 46 
   1369 4.517 0.0 HA 122 
   997 53.955 0.0 CA 91 
   873 0.654 0.0 HD12 79 
   1258 124.163 0.0 N 113 
   351 2.92 0.0 HD3 35 
   945 5.606 0.0 HA 87 
   1030 42.274 0.0 CB 93 
   106 6.55 0.0 HE1 11 
   1253 173.52 0.0 C 113 
   441 1.111 0.0 HG3 42 
   1357 6.727 0.0 HD2 121 
   1181 129.694 0.0 N 107 
   924 1.726 0.0 HD3 84 
   370 117.801 0.0 CE1 36 
   526 8.501 0.0 H 49 
   240 3.047 0.0 HD3 23 
   1388 4.231 0.0 HA2 124 
   729 118.219 0.0 N 67 
   18 38.025 0.0 CB 2 
   1341 6.888 0.0 HD2 120 
   531 2.295 0.0 HG3 49 
   57 107.14 0.0 N 6 
   1238 56.51 0.0 CA 112 
   394 2.1 0.0 HB3 39 
   658 4.325 0.0 HA 61 
   426 54.401 0.0 CA 41 
   1239 44.342 0.0 CB 112 
   999 36.712 0.0 CG 91 
   1424 32.581 0.0 CB 127 
   1427 122.174 0.0 N 127 
   998 31.557 0.0 CB 91 
   1320 6.8 0.0 HD1 119 
   798 0.739 0.0 HD11 74 
   1400 54.435 0.0 CA 125 
   340 3.692 0.0 HB2 34 
   774 175.305 0.0 C 72 
   1282 21.244 0.0 CB 115 
   286 8.098 0.0 H 29 
   1110 3.905 0.0 HA3 100 
   1397 2.216 0.0 HG2 125 
   928 1.428 0.0 HG3 84 
   567 2.232 0.0 HB3 53 
   867 126.212 0.0 N 78 
   561 2.488 0.0 HB3 52 
   245 33.978 0.0 CB 23 
   1114 7.925 0.0 H 101 
   1236 7.192 0.0 HE2 112 
   1147 7.641 0.0 HE22 104 
   603 3.95 0.0 HA 56 
   105 7.598 0.0 HD2 11 
   1059 5.374 0.0 HA 96 
   915 56.075 0.0 CA 83 
   703 2.83 0.0 HD2 65 
   906 66.204 0.0 CB 82 
   492 119.529 0.0 N 46 
   640 26.923 0.0 CG 58 
   414 8.557 0.0 H 41 
   293 60.485 0.0 CA 29 
   45 4.584 0.0 HA 5 
   841 1.734 0.0 HB2 77 
   66 9.283 0.0 H 8 
   898 66.3 0.0 CB 81 
   278 2.142 0.0 HD3 28 
   1345 57.29 0.0 CA 120 
   825 0.564 0.0 HD11 76 
   922 1.823 0.0 HB3 84 
   163 50.635 0.0 CD 17 
   1215 9.274 0.0 H 111 
   559 3.741 0.0 HA 52 
   556 20.937 0.0 CG2 51 
   78 2.937 0.0 HE2 9 
   420 0.761 0.0 HD13 41 
   1088 9.754 0.0 H 98 
   303 54.5 0.0 CA 30 
   1317 4.567 0.0 HA 119 
   513 2.008 0.0 HB 48 
   250 4.576 0.0 HA 24 
   586 36.72 0.0 CG 54 
   270 52.95 0.0 CA 26 
   238 1.707 0.0 HB3 23 
   845 1.447 0.0 HG2 77 
   504 178.5 0.0 C 47 
   406 3.956 0.0 HA 40 
   775 52.5 0.0 CA 72 
   940 4.069 0.0 HB3 86 
   1384 32.175 0.0 CB 123 
   1126 176.9 0.0 C 102 
   725 3.645 0.0 HB3 67 
   1016 124.784 0.0 N 92 
   834 41.951 0.0 CB 76 
   1152 33.32 0.0 CB 104 
   215 3.225 0.0 HD3 21 
   405 8.09 0.0 H 40 
   546 103.746 0.0 N 50 
   578 4.158 0.0 HA 54 
   764 2.725 0.0 HB2 71 
   1432 55.945 0.0 CA 128 
   207 52.729 0.0 CA 20 
   89 8.784 0.0 H 10 
   11 4.752 0.0 HA 2 
   172 0.718 0.0 HD21 18 
   1188 173.31 0.0 C 108 
   967 1.236 0.0 HG21 89 
   536 7.115 0.0 H 50 
   1386 113.946 0.0 N 123 
   1177 173.205 0.0 C 107 
   746 179.081 0.0 C 69 
   524 21.395 0.0 CG2 48 
   253 174.356 0.0 C 24 
   929 55.741 0.0 CA 84 
   765 3.17 0.0 HB3 71 
   14 6.792 0.0 HD21 2 
   1281 51.415 0.0 CA 115 
   231 63.14 0.0 CA 22 
   134 2.552 0.0 HB2 14 
   886 7.635 0.0 H 80 
   548 4.625 0.0 HA 51 
   236 4.518 0.0 HA 23 
   175 1.697 0.0 HG 18 
   505 61.81 0.0 CA 47 
   1128 32.451 0.0 CB 102 
   415 4.275 0.0 HA 41 
   68 4.247 0.0 HA3 8 
   810 7.719 0.0 H 75 
   1124 1.991 0.0 HG2 102 
   988 22.42 0.0 CG2 90 
   1344 176.52 0.0 C 120 
   306 7.782 0.0 H 31 
   481 7.764 0.0 H 46 
   1328 31.82 0.0 CB 119 
   1338 2.695 0.0 HB2 120 
   1342 6.86 0.0 HE1 120 
   1220 7.652 0.0 HE22 111 
   1426 20.19 0.0 CG2 127 
   564 127.871 0.0 N 52 
   62 175.803 0.0 C 7 
   739 117.484 0.0 N 68 
   1431 2.483 0.0 HB3 128 
   660 3.215 0.0 HB3 61 
   974 115.849 0.0 N 89 
   27 28.658 0.0 CB 3 
   853 8.94 0.0 H 78 
   934 127.105 0.0 N 84 
   98 22.425 0.0 CG2 10 
   938 4.317 0.0 HA 86 
   1361 58.524 0.0 CA 121 
   280 -0.395 0.0 HG3 28 
   676 0.998 0.0 HG11 63 
   1130 27.111 0.0 CG 102 
   325 122.625 0.0 N 32 
   272 7.106 0.0 H 27 
   750 117.242 0.0 N 69 
   795 4.432 0.0 HA 74 
   478 57.459 0.0 CA 45 
   117 4.179 0.0 HA 12 
   192 0.146 0.0 HD23 19 
   1201 176.252 0.0 C 109 
   1033 17.492 0.0 CG2 93 
   498 0.204 0.0 HD13 47 
   620 176.8 0.0 C 57 
   515 0.502 0.0 HG12 48 
   870 1.251 0.0 HB2 79 
   1023 0.459 0.0 HG12 93 
   162 32.12 0.0 CB 17 
   680 0.909 0.0 HG22 63 
   1120 1.866 0.0 HB2 102 
   950 1.847 0.0 HG2 87 
   651 57.15 0.0 CA 59 
   761 114.677 0.0 N 70 
   932 42.015 0.0 CE 84 
   141 4.006 0.0 HA 15 
   208 18.852 0.0 CB 20 
   456 123.108 0.0 N 43 
   209 120.542 0.0 N 20 
   1304 1.421 0.0 HB2 118 
   111 133.6 0.0 CD1 11 
   644 3.02 0.0 HB2 59 
   549 4.218 0.0 HB 51 
   1103 3.975 0.0 HA2 99 
   246 43.34 0.0 CD 23 
   474 4.235 0.0 HA 45 
   486 6.77 0.0 HD2 46 
   133 4.403 0.0 HA 14 
   1056 27.88 0.0 CG 95 
   970 173.801 0.0 C 89 
   1038 1.937 0.0 HB2 94 
   1267 -0.462 0.0 HG2 114 
   624 7.609 0.0 H 58 
   115 124.022 0.0 N 11 
   1340 6.888 0.0 HD1 120 
   1271 32.422 0.0 CB 114 
   458 3.905 0.0 HA 44 
   269 176.4 0.0 C 26 
   329 2.895 0.0 HD2 33 
   199 28.47 0.0 CG 19 
   289 1.619 0.0 HB3 29 
   5 2.222 0.0 HG3 1 
   170 0.885 0.0 HD12 18 
   37 0.979 0.0 HG23 4 
   179 25.729 0.0 CD1 18 
   358 3.84 0.0 HA 36 
   1046 1.85 0.0 HB2 95 
   113 118.8 0.0 CE1 11 
   1309 1.253 0.0 HG3 118 
   1118 108.265 0.0 N 101 
   1035 9.654 0.0 H 94 
   1422 174.707 0.0 C 127 
   857 0.751 0.0 HG12 78 
   550 1.179 0.0 HG21 51 
   836 23.57 0.0 CD2 76 
   1231 2.355 0.0 HB2 112 
   643 4.571 0.0 HA 59 
   1286 1.977 0.0 HB3 116 
   1263 0.874 0.0 HD2 114 
   475 2.716 0.0 HB2 45 
   980 0.545 0.0 HG13 90 
   158 1.735 0.0 HG2 17 
   947 2.189 0.0 HB3 87 
   7 57.135 0.0 CA 1 
   1232 3.418 0.0 HB3 112 
   1 4.155 0.0 HA 1 
   889 171.34 0.0 C 80 
   606 3.195 0.0 HD2 56 
   858 0.751 0.0 HG13 78 
   689 4.798 0.0 HA 64 
   1401 33.107 0.0 CB 125 
   1187 2.103 0.0 HG3 108 
   1091 1.925 0.0 HB3 98 
   331 0.87 0.0 HG2 33 
   821 8.538 0.0 H 76 
   652 40.445 0.0 CB 59 
   356 125.552 0.0 N 35 
   868 9.244 0.0 H 79 
   1353 4.192 0.0 HA 121 
   1184 1.268 0.0 HB2 108 
   1010 56.13 0.0 CA 92 
   1014 131.4 0.0 CE1 92 
   32 0.979 0.0 HG11 4 
   925 3.003 0.0 HE2 84 
   1419 0.266 0.0 HG21 127 
   1168 172.62 0.0 C 106 
   668 2.627 0.0 HB3 62 
   1165 4.998 0.0 HA 106 
   1162 65.457 0.0 CB 105 
   496 0.204 0.0 HD11 47 
   1376 6.575 0.0 H 123 
   277 3.241 0.0 HD2 28 
   1310 173.805 0.0 C 118 
   116 8.466 0.0 H 12 
   584 57.145 0.0 CA 54 
   107 6.55 0.0 HE2 11 
   735 1.68 0.0 HG3 68 
   336 43.145 0.0 CD 33 
   233 22.556 0.0 CG2 22 
   914 174.601 0.0 C 83 
   404 119.108 0.0 N 39 
   3 2.003 0.0 HB3 1 
   939 4.197 0.0 HB2 86 
   295 36.955 0.0 CG 29 
   1025 0.78 0.0 HG21 93 
   1054 33.572 0.0 CB 95 
   320 23.15 0.0 CD1 31 
   82 176.429 0.0 C 9 
   1364 130.74 0.0 CD2 121 
   1073 120.365 0.0 N 96 
   622 39.937 0.0 CB 57 
   315 1.147 0.0 HD23 31 
   1299 173.43 0.0 C 117 
   541 0.509 0.0 HG23 50 
   1169 55.849 0.0 CA 106 
   347 4.006 0.0 HA 35 
   1322 7.275 0.0 HE3 119 
   537 4.576 0.0 HA 50 
   815 1.996 0.0 HG3 75 
   1339 2.875 0.0 HB3 120 
   599 42.47 0.0 CD 55 
   516 0.502 0.0 HG13 48 
   948 3.345 0.0 HD2 87 
   1172 8.819 0.0 H 107 
   1237 175.205 0.0 C 112 
   560 2.623 0.0 HB2 52 
   691 3.168 0.0 HB3 64 
   778 8.75 0.0 H 73 
   732 2.781 0.0 HB2 68 
   88 120.607 0.0 N 9 
   1066 171.75 0.0 C 96 
   709 29.462 0.0 CB 65 
   432 7.516 0.0 H 42 
   450 4.875 0.0 HA 43 
   1285 1.856 0.0 HB2 116 
   1051 1.57 0.0 HG3 95 
   708 59.999 0.0 CA 65 
   204 1.402 0.0 HB2 20 
   1179 31.258 0.0 CB 107 
   417 1.555 0.0 HB3 41 
   396 6.665 0.0 HD2 39 
   1198 3.139 0.0 HD3 109 
   16 175.445 0.0 C 2 
   583 177.408 0.0 C 54 
   557 121.694 0.0 N 51 
   183 8.075 0.0 H 19 
   1018 5.199 0.0 HA 93 
   157 3.281 0.0 HD3 17 
   314 1.147 0.0 HD22 31 
   46 3.103 0.0 HB2 5 
   1319 2.643 0.0 HB3 119 
   229 1.138 0.0 HG23 22 
   879 177.507 0.0 C 79 
   202 4.243 0.0 HA 20 
   448 116.255 0.0 N 42 
   663 59.65 0.0 CA 61 
   257 8.255 0.0 H 25 
   427 40.89 0.0 CB 41 
   1312 33.592 0.0 CB 118 
   1001 9.171 0.0 H 92 
   400 62.201 0.0 CA 39 
   311 1.035 0.0 HD12 31 
   321 26.56 0.0 CD2 31 
   1303 4.552 0.0 HA 118 
   1359 7.175 0.0 HE2 121 
   758 56.417 0.0 CA 70 
   926 3.003 0.0 HE3 84 
   1244 119.879 0.0 N 112 
   227 1.138 0.0 HG21 22 
   728 28.554 0.0 CB 67 
   1363 130.74 0.0 CD1 121 
   969 1.236 0.0 HG23 89 
   205 1.402 0.0 HB3 20 
   1081 1.566 0.0 HG3 97 
   865 21.781 0.0 CG1 78 
   259 1.324 0.0 HB1 25 
   260 1.324 0.0 HB2 25 
   345 111.582 0.0 N 34 
   1015 131.4 0.0 CE2 92 
   1399 174.408 0.0 C 125 
   1159 3.656 0.0 HB3 105 
   93 1.269 0.0 HG22 10 
   149 2.895 0.0 HA2 16 
   1158 3.656 0.0 HB2 105 
   169 0.885 0.0 HD11 18 
   459 2.887 0.0 HB2 44 
   753 2.006 0.0 HB2 70 
   518 0.798 0.0 HG22 48 
   782 7.023 0.0 HD1 73 
   501 0.479 0.0 HG21 47 
   1291 177.209 0.0 C 116 
   931 29.25 0.0 CD 84 
   1069 131.6 0.0 CD1 96 
   1290 1.586 0.0 HG3 116 
   991 5.776 0.0 HA 91 
   1425 21.54 0.0 CG1 127 
   1301 103.666 0.0 N 117 
   1414 3.882 0.0 HA 127 
   282 64.51 0.0 CA 28 
   225 4.195 0.0 HA 22 
   389 18.195 0.0 CB 38 
   534 36.304 0.0 CG 49 
   1204 43.24 0.0 CD 109 
   985 62.035 0.0 CA 90 
   545 19.875 0.0 CG2 50 
   973 21.775 0.0 CG2 89 
   1380 1.878 0.0 HG2 123 
   530 2.295 0.0 HG2 49 
   228 1.138 0.0 HG22 22 
   1151 54.05 0.0 CA 104 
   971 61.14 0.0 CA 89 
   1048 3.15 0.0 HD2 95 
   190 0.146 0.0 HD21 19 
   416 1.555 0.0 HB2 41 
   977 2.119 0.0 HB 90 
   547 7.748 0.0 H 51 
   15 7.423 0.0 HD22 2 
   866 21.285 0.0 CG2 78 
   1250 2.982 0.0 HD3 113 
   1183 4.864 0.0 HA 108 
   1150 174.031 0.0 C 104 
   780 2.454 0.0 HB2 73 
   125 4.805 0.0 HA 13 
   1227 121.905 0.0 N 111 
   1276 9.291 0.0 H 115 
   1087 117.405 0.0 N 97 
   298 3.898 0.0 HA 30 
   612 30.658 0.0 CB 56 
   1009 171.85 0.0 C 92 
   212 2.193 0.0 HB2 21 
   1293 27.96 0.0 CB 116 
   51 120.403 0.0 N 5 
   38 175.39 0.0 C 4 
   377 1.502 0.0 HB3 37 
   1278 1.303 0.0 HB1 115 
   1013 132.1 0.0 CD2 92 
   299 1.341 0.0 HB1 30 
   952 175.019 0.0 C 87 
   1027 0.78 0.0 HG23 93 
   923 1.726 0.0 HD2 84 
   139 126.164 0.0 N 14 
   786 175.7 0.0 C 73 
   94 1.269 0.0 HG23 10 
   1041 49.829 0.0 CA 94 
   602 7.466 0.0 H 56 
   919 9.104 0.0 H 84 
   1331 124.3 0.0 CH2 119 
   304 18.495 0.0 CB 30 
   623 116.726 0.0 N 57 
   824 -0.729 0.0 HB3 76 
   1200 1.376 0.0 HG3 109 
   946 2.018 0.0 HB2 87 
   769 115.477 0.0 N 71 
   256 116.451 0.0 N 24 
   1321 10.114 0.0 HE1 119 
   319 39.75 0.0 CB 31 
   1113 109.645 0.0 N 100 
   1289 1.586 0.0 HG2 116 
   217 1.747 0.0 HG3 21 
   87 25.43 0.0 CG 9 
   410 179.8 0.0 C 40 
   720 17.675 0.0 CB 66 
   28 124.395 0.0 N 3 
   981 1.127 0.0 HG21 90 
   70 45.052 0.0 CA 8 
   1219 6.732 0.0 HE21 111 
   1383 55.575 0.0 CA 123 
   963 107.686 0.0 N 88 
   469 131.0 0.0 CD2 44 
   69 174.204 0.0 C 8 
   379 55.295 0.0 CA 37 
   434 2.401 0.0 HB2 42 
   1029 60.483 0.0 CA 93 
   213 2.277 0.0 HB3 21 
   1248 1.708 0.0 HB3 113 
   1090 1.732 0.0 HB2 98 
   1212 59.029 0.0 CA 110 
   281 176.9 0.0 C 28 
   555 68.659 0.0 CB 51 
   297 7.812 0.0 H 30 
   771 4.985 0.0 HA 72 
   1154 123.299 0.0 N 104 
   535 118.382 0.0 N 49 
   1265 2.17 0.0 HE2 114 
   334 60.318 0.0 CA 33 
   33 0.979 0.0 HG12 4 
   380 18.245 0.0 CB 37 
   1358 7.175 0.0 HE1 121 
   822 4.769 0.0 HA 76 
   1245 9.522 0.0 H 113 
   895 3.878 0.0 HB3 81 
   711 27.67 0.0 CG 65 
   274 2.61 0.0 HA 28 
   525 122.147 0.0 N 48 
   877 0.689 0.0 HD23 79 
   495 1.73 0.0 HB 47 
   123 116.209 0.0 N 12 
   114 118.8 0.0 CE2 11 
   953 54.544 0.0 CA 87 
   439 3.169 0.0 HE3 42 
   996 175.381 0.0 C 91 
   1055 43.47 0.0 CD 95 
   522 32.041 0.0 CB 48 
   346 8.345 0.0 H 35 
   151 48.106 0.0 CA 16 
   161 64.78 0.0 CA 17 
   748 30.017 0.0 CB 69 
   1082 174.825 0.0 C 97 
   333 177.29 0.0 C 33 
   721 120.92 0.0 N 66 
   309 1.028 0.0 HB3 31 
   1207 9.762 0.0 H 110 
   1311 53.951 0.0 CA 118 
   323 119.402 0.0 N 31 
   160 177.301 0.0 C 17 
   1171 126.101 0.0 N 106 
   145 64.155 0.0 CA 15 
   1374 64.524 0.0 CB 122 
   365 176.705 0.0 C 36 
   243 174.2 0.0 C 23 
   1395 1.946 0.0 HB2 125 
   159 1.735 0.0 HG3 17 
   896 172.936 0.0 C 81 
   1039 1.937 0.0 HB3 94 
   912 2.205 0.0 HG2 83 
   99 112.657 0.0 N 10 
   23 2.6 0.0 HB2 3 
   724 3.253 0.0 HB2 67 
   1061 2.567 0.0 HB3 96 
   468 131.0 0.0 CD1 44 
   364 6.75 0.0 HE2 36 
   582 2.144 0.0 HG3 54 
   754 2.218 0.0 HB3 70 
   653 131.3 0.0 CD1 59 
   76 1.637 0.0 HD2 9 
   562 51.935 0.0 CA 52 
   1337 4.943 0.0 HA 120 
   611 60.144 0.0 CA 56 
   675 1.923 0.0 HB 63 
   784 6.582 0.0 HE1 73 
   1405 4.473 0.0 HA 126 
   1318 2.77 0.0 HB2 119 
   848 54.625 0.0 CA 77 
   813 2.258 0.0 HB3 75 
   466 61.65 0.0 CA 44 
   1189 54.005 0.0 CA 108 
   839 9.187 0.0 H 77 
   143 2.495 0.0 HB3 15 
   1049 3.25 0.0 HD3 95 
   1433 42.247 0.0 CB 128 
   480 117.34 0.0 N 45 
   118 2.63 0.0 HB2 12 
   8 29.815 0.0 CB 1 
   49 60.214 0.0 CA 5 
   1191 36.823 0.0 CG 108 
   987 22.264 0.0 CG1 90 
   13 2.932 0.0 HB3 2 
   102 2.98 0.0 HB2 11 
   751 7.986 0.0 H 70 
   1108 8.975 0.0 H 100 
   1175 3.482 0.0 HB3 107 
   1223 174.94 0.0 C 111 
   1092 3.211 0.0 HD2 98 
   1119 4.446 0.0 HA 102 
   927 1.366 0.0 HG2 84 
   1140 37.102 0.0 CG 103 
   936 3.74 0.0 HA3 85 
   1373 60.295 0.0 CA 122 
   137 60.369 0.0 CA 14 
   1203 31.948 0.0 CB 109 
   1259 8.608 0.0 H 114 
   1228 111.8 0.0 NE2 111 
   1330 119.204 0.0 CE3 119 
   894 3.838 0.0 HB2 81 
   796 1.361 0.0 HB2 74 
   872 0.654 0.0 HD11 79 
   210 7.678 0.0 H 21 
   268 1.485 0.0 HB3 26 
   686 20.93 0.0 CG2 63 
   665 8.376 0.0 H 62 
   1218 2.263 0.0 HB3 111 
   63 59.829 0.0 CA 7 
   1327 57.495 0.0 CA 119 
   793 124.281 0.0 N 73 
   355 43.64 0.0 CD 35 
   1277 4.579 0.0 HA 115 
   407 1.098 0.0 HB1 40 
   544 69.63 0.0 CB 50 
   1252 1.343 0.0 HG3 113 
   783 7.023 0.0 HD2 73 
   639 22.596 0.0 CD2 58 
   171 0.885 0.0 HD13 18 
   24 2.948 0.0 HB3 3 
   433 4.352 0.0 HA 42 
   421 0.717 0.0 HD21 41 
   1019 1.4 0.0 HB 93 
   989 121.506 0.0 N 90 
   726 178.407 0.0 C 67 
   781 3.11 0.0 HB3 73 
   972 72.876 0.0 CB 89 
   553 173.901 0.0 C 51 
   1216 5.243 0.0 HA 111 
   714 4.151 0.0 HA 66 
   716 1.416 0.0 HB2 66 
   1308 1.253 0.0 HG2 118 
   1044 9.352 0.0 H 95 
   656 129.0 0.0 CE2 59 
   317 179.245 0.0 C 31 
   110 39.46 0.0 CB 11 
   509 17.387 0.0 CG2 47 
   697 119.384 0.0 N 64 
   1273 41.456 0.0 CE 114 
   50 30.7 0.0 CB 5 
   1068 41.738 0.0 CB 96 
   756 2.383 0.0 HG3 70 
   503 0.479 0.0 HG23 47 
   1402 35.961 0.0 CG 125 
   220 27.115 0.0 CB 21 
   348 1.396 0.0 HB2 35 
   187 0.589 0.0 HD11 19 
   604 1.897 0.0 HB2 56 
   435 2.401 0.0 HB3 42 
   633 0.806 0.0 HD23 58 
   1145 1.686 0.0 HB3 104 
   440 1.559 0.0 HG2 42 
   1430 2.607 0.0 HB2 128 
   307 3.978 0.0 HA 31 
   1127 62.11 0.0 CA 102 
   1000 129.755 0.0 N 91 
   83 54.561 0.0 CA 9 
   451 2.209 0.0 HB2 43 
   1347 133.1 0.0 CD1 120 
   959 3.563 0.0 HA2 88 
   636 54.812 0.0 CA 58 
   527 3.957 0.0 HA 49 
   1429 4.298 0.0 HA 128 
   755 2.53 0.0 HG2 70 
   1156 8.499 0.0 H 105 
   710 43.29 0.0 CD 65 
   1406 1.334 0.0 HB1 126 
   1106 47.294 0.0 CA 99 
   1389 4.955 0.0 HA3 124 
   1413 7.916 0.0 H 127 
   136 175.105 0.0 C 14 
   371 117.801 0.0 CE2 36 
   354 30.325 0.0 CB 35 
   540 0.509 0.0 HG22 50 
   1260 4.664 0.0 HA 114 
   288 1.619 0.0 HB2 29 
   73 4.514 0.0 HA 9 
   34 0.979 0.0 HG13 4 
   935 4.11 0.0 HA2 85 
   493 6.884 0.0 H 47 
   52 7.704 0.0 H 6 
   808 22.606 0.0 CD2 74 
   1211 172.435 0.0 C 110 
   833 53.317 0.0 CA 76 
   805 55.851 0.0 CA 74 
   704 2.83 0.0 HD3 65 
   1109 3.905 0.0 HA2 100 
   36 0.979 0.0 HG22 4 
   56 46.424 0.0 CA 6 
   638 25.392 0.0 CD1 58 
   232 69.026 0.0 CB 22 
   9 36.326 0.0 CG 1 
   465 177.805 0.0 C 44 
   597 54.441 0.0 CA 55 
   685 22.675 0.0 CG1 63 
   1421 0.266 0.0 HG23 127 
   1105 175.4 0.0 C 99 
   476 2.593 0.0 HB3 45 
   1065 7.28 0.0 HE2 96 
   447 25.37 0.0 CG 42 
   40 32.072 0.0 CB 4 
   109 61.54 0.0 CA 11 
   1332 115.4 0.0 CZ2 119 
   615 121.407 0.0 N 56 
   847 175.2 0.0 C 77 
   664 31.254 0.0 CB 61 
   901 4.747 0.0 HA 82 
   595 1.669 0.0 HG3 55 
   494 3.075 0.0 HA 47 
   558 9.009 0.0 H 52 
   1004 2.985 0.0 HB3 92 
   1323 6.967 0.0 HH2 119 
   1350 117.2 0.0 CE2 120 
   31 2.078 0.0 HB 4 
   591 2.333 0.0 HB3 55 
   1410 52.02 0.0 CA 126 
   412 17.695 0.0 CB 40 
   1396 2.028 0.0 HB3 125 
   1316 8.981 0.0 H 119 
   350 2.92 0.0 HD2 35 
   994 2.323 0.0 HG2 91 
   581 2.144 0.0 HG2 54 
   1417 0.549 0.0 HG12 127 
   913 2.205 0.0 HG3 83 
   899 113.782 0.0 N 81 
   1249 3.346 0.0 HD2 113 
   1095 1.576 0.0 HG3 98 
   1385 35.236 0.0 CG 123 
