   1380 1.878 0.0 HG2 123 
   621 55.375 0.0 CA 57 
   1414 3.882 0.0 HA 127 
   313 1.147 0.0 HD21 31 
   1208 5.308 0.0 HA 110 
   1415 0.75 0.0 HB 127 
   478 57.459 0.0 CA 45 
   176 181.207 0.0 C 18 
   535 118.382 0.0 N 49 
   1375 125.692 0.0 N 122 
   74 1.533 0.0 HB2 9 
   492 119.529 0.0 N 46 
   903 3.83 0.0 HB3 82 
   712 122.45 0.0 N 65 
   303 54.5 0.0 CA 30 
   537 4.576 0.0 HA 50 
   742 2.066 0.0 HB2 69 
   865 21.781 0.0 CG1 78 
   210 7.678 0.0 H 21 
   1138 57.735 0.0 CA 103 
   1131 8.534 0.0 H 103 
   942 58.208 0.0 CA 86 
   723 4.145 0.0 HA 67 
   1395 1.946 0.0 HB2 125 
   272 7.106 0.0 H 27 
   386 1.672 0.0 HB3 38 
   453 174.95 0.0 C 43 
   1262 -0.968 0.0 HB3 114 
   822 4.769 0.0 HA 76 
   411 54.857 0.0 CA 40 
   828 0.582 0.0 HD21 76 
   1390 172.204 0.0 C 124 
   1260 4.664 0.0 HA 114 
   578 4.158 0.0 HA 54 
   715 1.416 0.0 HB1 66 
   794 9.086 0.0 H 74 
   638 25.392 0.0 CD1 58 
   161 64.78 0.0 CA 17 
   394 2.1 0.0 HB3 39 
   804 176.95 0.0 C 74 
   977 2.119 0.0 HB 90 
   1340 6.888 0.0 HD1 120 
   893 5.342 0.0 HA 81 
   1323 6.967 0.0 HH2 119 
   1173 5.583 0.0 HA 107 
   157 3.281 0.0 HD3 17 
   1068 41.738 0.0 CB 96 
   1141 120.322 0.0 N 103 
   521 67.625 0.0 CA 48 
   586 36.72 0.0 CG 54 
   90 4.478 0.0 HA 10 
   432 7.516 0.0 H 42 
   1416 0.549 0.0 HG11 127 
   1331 124.3 0.0 CH2 119 
   56 46.424 0.0 CA 6 
   377 1.502 0.0 HB3 37 
   711 27.67 0.0 CG 65 
   191 0.146 0.0 HD22 19 
   691 3.168 0.0 HB3 64 
   1220 7.652 0.0 HE22 111 
   1164 9.575 0.0 H 106 
   25 178.12 0.0 C 3 
   360 3.32 0.0 HB3 36 
   1231 2.355 0.0 HB2 112 
   565 3.938 0.0 HA 53 
   324 8.704 0.0 H 32 
   1184 1.268 0.0 HB2 108 
   699 8.562 0.0 H 65 
   1087 117.405 0.0 N 97 
   1374 64.524 0.0 CB 122 
   900 8.975 0.0 H 82 
   1383 55.575 0.0 CA 123 
   1193 8.473 0.0 H 109 
   736 178.3 0.0 C 68 
   337 27.53 0.0 CG 33 
   759 31.29 0.0 CB 70 
   669 179.5 0.0 C 62 
   341 4.198 0.0 HB3 34 
   728 28.554 0.0 CB 67 
   155 2.166 0.0 HB3 17 
   213 2.277 0.0 HB3 21 
   921 1.823 0.0 HB2 84 
   1039 1.937 0.0 HB3 94 
   483 2.559 0.0 HB2 46 
   439 3.169 0.0 HE3 42 
   636 54.812 0.0 CA 58 
   796 1.361 0.0 HB2 74 
   260 1.324 0.0 HB2 25 
   250 4.576 0.0 HA 24 
   399 178.1 0.0 C 39 
   1326 175.5 0.0 C 119 
   78 2.937 0.0 HE2 9 
   1333 121.55 0.0 CZ3 119 
   148 8.026 0.0 H 16 
   88 120.607 0.0 N 9 
   234 110.883 0.0 N 22 
   261 1.324 0.0 HB3 25 
   985 62.035 0.0 CA 90 
   1321 10.114 0.0 HE1 119 
   544 69.63 0.0 CB 50 
   645 2.925 0.0 HB3 59 
   829 0.582 0.0 HD22 76 
   505 61.81 0.0 CA 47 
   1338 2.695 0.0 HB2 120 
   567 2.232 0.0 HB3 53 
   531 2.295 0.0 HG3 49 
   1139 30.075 0.0 CB 103 
   649 7.032 0.0 HE2 59 
   91 4.483 0.0 HB 10 
   351 2.92 0.0 HD3 35 
   1402 35.961 0.0 CG 125 
   1152 33.32 0.0 CB 104 
   955 43.15 0.0 CD 87 
   506 34.745 0.0 CB 47 
   545 19.875 0.0 CG2 50 
   104 7.598 0.0 HD1 11 
   164 28.471 0.0 CG 17 
   979 0.545 0.0 HG12 90 
   892 8.338 0.0 H 81 
   1337 4.943 0.0 HA 120 
   410 179.8 0.0 C 40 
   1116 4.288 0.0 HA3 101 
   1238 56.51 0.0 CA 112 
   133 4.403 0.0 HA 14 
   614 28.048 0.0 CG 56 
   518 0.798 0.0 HG22 48 
   1035 9.654 0.0 H 94 
   449 8.832 0.0 H 43 
   442 175.119 0.0 C 42 
   825 0.564 0.0 HD11 76 
   986 36.819 0.0 CB 90 
   1350 117.2 0.0 CE2 120 
   1097 55.288 0.0 CA 98 
   493 6.884 0.0 H 47 
   1309 1.253 0.0 HG3 118 
   101 4.625 0.0 HA 11 
   340 3.692 0.0 HB2 34 
   507 10.335 0.0 CD1 47 
   817 57.14 0.0 CA 75 
   991 5.776 0.0 HA 91 
   899 113.782 0.0 N 81 
   559 3.741 0.0 HA 52 
   68 4.247 0.0 HA3 8 
   1352 9.316 0.0 H 121 
   550 1.179 0.0 HG21 51 
   288 1.619 0.0 HB2 29 
   850 43.64 0.0 CD 77 
   701 0.906 0.0 HB2 65 
   448 116.255 0.0 N 42 
   387 180.2 0.0 C 38 
   771 4.985 0.0 HA 72 
   573 65.11 0.0 CA 53 
   189 0.589 0.0 HD13 19 
   321 26.56 0.0 CD2 31 
   1401 33.107 0.0 CB 125 
   479 39.895 0.0 CB 45 
   1301 103.666 0.0 N 117 
   415 4.275 0.0 HA 41 
   122 40.455 0.0 CB 12 
   297 7.812 0.0 H 30 
   665 8.376 0.0 H 62 
   367 38.05 0.0 CB 36 
   253 174.356 0.0 C 24 
   1421 0.266 0.0 HG23 127 
   192 0.146 0.0 HD23 19 
   214 3.225 0.0 HD2 21 
   103 3.085 0.0 HB3 11 
   604 1.897 0.0 HB2 56 
   562 51.935 0.0 CA 52 
   818 33.51 0.0 CB 75 
   667 2.758 0.0 HB2 62 
   1307 3.037 0.0 HD3 118 
   1384 32.175 0.0 CB 123 
   678 0.998 0.0 HG13 63 
   1129 49.61 0.0 CD 102 
   1304 1.421 0.0 HB2 118 
   983 1.127 0.0 HG23 90 
   1145 1.686 0.0 HB3 104 
   527 3.957 0.0 HA 49 
   1177 173.205 0.0 C 107 
   1113 109.645 0.0 N 100 
   279 1.333 0.0 HG2 28 
   488 6.55 0.0 HE2 46 
   166 4.458 0.0 HA 18 
   980 0.545 0.0 HG13 90 
   772 2.638 0.0 HB2 72 
   414 8.557 0.0 H 41 
   790 130.4 0.0 CD2 73 
   760 36.478 0.0 CG 70 
   802 0.741 0.0 HD22 74 
   134 2.552 0.0 HB2 14 
   768 64.73 0.0 CB 71 
   424 1.664 0.0 HG 41 
   46 3.103 0.0 HB2 5 
   595 1.669 0.0 HG3 55 
   1308 1.253 0.0 HG2 118 
   659 3.312 0.0 HB2 61 
   1176 6.803 0.0 HD2 107 
   422 0.717 0.0 HD22 41 
   1031 14.095 0.0 CD1 93 
   158 1.735 0.0 HG2 17 
   733 2.234 0.0 HB3 68 
   237 1.524 0.0 HB2 23 
   346 8.345 0.0 H 35 
   135 2.938 0.0 HB3 14 
   1180 115.4 0.0 CD2 107 
   227 1.138 0.0 HG21 22 
   1061 2.567 0.0 HB3 96 
   1082 174.825 0.0 C 97 
   1156 8.499 0.0 H 105 
   28 124.395 0.0 N 3 
   338 7.582 0.0 H 34 
   770 8.706 0.0 H 72 
   1285 1.856 0.0 HB2 116 
   543 61.38 0.0 CA 50 
   1179 31.258 0.0 CB 107 
   150 2.895 0.0 HA3 16 
   400 62.201 0.0 CA 39 
   137 60.369 0.0 CA 14 
   332 1.176 0.0 HG3 33 
   1094 1.576 0.0 HG2 98 
   917 36.115 0.0 CG 83 
   1084 34.642 0.0 CB 97 
   1143 4.495 0.0 HA 104 
   149 2.895 0.0 HA2 16 
   368 132.01 0.0 CD1 36 
   1 4.155 0.0 HA 1 
   607 3.195 0.0 HD3 56 
   952 175.019 0.0 C 87 
   1019 1.4 0.0 HB 93 
   1428 7.901 0.0 H 128 
   45 4.584 0.0 HA 5 
   747 59.545 0.0 CA 69 
   795 4.432 0.0 HA 74 
   784 6.582 0.0 HE1 73 
   1349 117.2 0.0 CE1 120 
   245 33.978 0.0 CB 23 
   1271 32.422 0.0 CB 114 
   1433 42.247 0.0 CB 128 
   35 0.979 0.0 HG21 4 
   273 109.233 0.0 N 27 
   43 128.077 0.0 N 4 
   993 1.996 0.0 HB3 91 
   631 0.806 0.0 HD21 58 
   125 4.805 0.0 HA 13 
   860 0.813 0.0 HG22 78 
   777 122.633 0.0 N 72 
   1305 1.514 0.0 HB3 118 
   1319 2.643 0.0 HB3 119 
   266 1.485 0.0 HB1 26 
   190 0.146 0.0 HD21 19 
   812 1.784 0.0 HB2 75 
   525 122.147 0.0 N 48 
   194 179.45 0.0 C 19 
   1288 3.215 0.0 HD3 116 
   495 1.73 0.0 HB 47 
   1226 32.464 0.0 CG 111 
   848 54.625 0.0 CA 77 
   798 0.739 0.0 HD11 74 
   183 8.075 0.0 H 19 
   490 62.32 0.0 CA 46 
   582 2.144 0.0 HG3 54 
   959 3.563 0.0 HA2 88 
   580 1.751 0.0 HB3 54 
   115 124.022 0.0 N 11 
   206 177.003 0.0 C 20 
   569 2.514 0.0 HD3 53 
   359 2.601 0.0 HB2 36 
   1297 3.345 0.0 HA2 117 
   80 1.399 0.0 HG2 9 
   1381 1.878 0.0 HG3 123 
   1160 173.605 0.0 C 105 
   590 1.625 0.0 HB2 55 
   519 0.798 0.0 HG23 48 
   1172 8.819 0.0 H 107 
   767 58.754 0.0 CA 71 
   1317 4.567 0.0 HA 119 
   661 7.15 0.0 HD2 61 
   989 121.506 0.0 N 90 
   327 0.908 0.0 HB2 33 
   243 174.2 0.0 C 23 
   727 60.29 0.0 CA 67 
   1324 7.531 0.0 HZ2 119 
   530 2.295 0.0 HG2 49 
   484 2.899 0.0 HB3 46 
   1237 175.205 0.0 C 112 
