   1150 174.031 0.0 C 104 
   862 176.104 0.0 C 78 
   233 22.556 0.0 CG2 22 
   866 21.285 0.0 CG2 78 
   77 1.637 0.0 HD3 9 
   1279 1.303 0.0 HB2 115 
   953 54.544 0.0 CA 87 
   333 177.29 0.0 C 33 
   174 0.718 0.0 HD23 18 
   457 8.229 0.0 H 44 
   1204 43.24 0.0 CD 109 
   71 111.582 0.0 N 8 
   949 3.345 0.0 HD3 87 
   1210 4.024 0.0 HB3 110 
   387 180.2 0.0 C 38 
   1251 1.61 0.0 HG2 113 
   1036 5.859 0.0 HA 94 
   1347 133.1 0.0 CD1 120 
   967 1.236 0.0 HG21 89 
   822 4.769 0.0 HA 76 
   246 43.34 0.0 CD 23 
   1209 4.164 0.0 HB2 110 
   957 119.907 0.0 N 87 
   1225 30.155 0.0 CB 111 
   554 64.045 0.0 CA 51 
   1141 120.322 0.0 N 103 
   217 1.747 0.0 HG3 21 
   1226 32.464 0.0 CG 111 
   516 0.502 0.0 HG13 48 
   636 54.812 0.0 CA 58 
   987 22.264 0.0 CG1 90 
   1280 1.303 0.0 HB3 115 
   526 8.501 0.0 H 49 
   483 2.559 0.0 HB2 46 
   1206 122.752 0.0 N 109 
   225 4.195 0.0 HA 22 
   816 172.804 0.0 C 75 
   61 3.696 0.0 HB3 7 
   689 4.798 0.0 HA 64 
   569 2.514 0.0 HD3 53 
   806 44.31 0.0 CB 74 
   259 1.324 0.0 HB1 25 
   334 60.318 0.0 CA 33 
   85 29.151 0.0 CD 9 
   328 1.468 0.0 HB3 33 
   797 1.549 0.0 HB3 74 
   122 40.455 0.0 CB 12 
   361 6.665 0.0 HD1 36 
   1107 117.554 0.0 N 99 
   878 1.524 0.0 HG 79 
   635 177.0 0.0 C 58 
   623 116.726 0.0 N 57 
   10 8.376 0.0 H 2 
   107 6.55 0.0 HE2 11 
   745 2.478 0.0 HG3 69 
   1065 7.28 0.0 HE2 96 
   434 2.401 0.0 HB2 42 
   695 56.908 0.0 CA 64 
   1004 2.985 0.0 HB3 92 
   60 3.922 0.0 HB2 7 
   1255 35.782 0.0 CB 113 
   56 46.424 0.0 CA 6 
   1359 7.175 0.0 HE2 121 
   629 0.92 0.0 HD12 58 
   819 36.619 0.0 CG 75 
   1212 59.029 0.0 CA 110 
   963 107.686 0.0 N 88 
   400 62.201 0.0 CA 39 
   860 0.813 0.0 HG22 78 
   547 7.748 0.0 H 51 
   770 8.706 0.0 H 72 
   161 64.78 0.0 CA 17 
   494 3.075 0.0 HA 47 
   1393 8.229 0.0 H 125 
   93 1.269 0.0 HG22 10 
   1139 30.075 0.0 CB 103 
   1319 2.643 0.0 HB3 119 
   502 0.479 0.0 HG22 47 
   1195 1.509 0.0 HB2 109 
   932 42.015 0.0 CE 84 
   838 126.577 0.0 N 76 
   206 177.003 0.0 C 20 
   1075 4.526 0.0 HA 97 
   1223 174.94 0.0 C 111 
   805 55.851 0.0 CA 74 
   1326 175.5 0.0 C 119 
   1055 43.47 0.0 CD 95 
   1329 125.3 0.0 CD1 119 
   117 4.179 0.0 HA 12 
   685 22.675 0.0 CG1 63 
   1433 42.247 0.0 CB 128 
   1190 34.517 0.0 CB 108 
   299 1.341 0.0 HB1 30 
   1037 1.937 0.0 HB1 94 
   250 4.576 0.0 HA 24 
   1143 4.495 0.0 HA 104 
   1152 33.32 0.0 CB 104 
   594 1.378 0.0 HG2 55 
   482 3.695 0.0 HA 46 
   1365 130.84 0.0 CE1 121 
   144 176.5 0.0 C 15 
   570 1.635 0.0 HG2 53 
   418 0.761 0.0 HD11 41 
   929 55.741 0.0 CA 84 
   1404 8.632 0.0 H 126 
   468 131.0 0.0 CD1 44 
   512 3.049 0.0 HA 48 
   1038 1.937 0.0 HB2 94 
   427 40.89 0.0 CB 41 
   943 63.215 0.0 CB 86 
   833 53.317 0.0 CA 76 
   336 43.145 0.0 CD 33 
   714 4.151 0.0 HA 66 
   656 129.0 0.0 CE2 59 
   902 3.83 0.0 HB2 82 
   631 0.806 0.0 HD21 58 
   263 19.649 0.0 CB 25 
   1115 4.033 0.0 HA2 101 
   1048 3.15 0.0 HD2 95 
   1054 33.572 0.0 CB 95 
   412 17.695 0.0 CB 40 
   12 2.675 0.0 HB2 2 
   127 2.715 0.0 HB3 13 
   253 174.356 0.0 C 24 
   1412 127.644 0.0 N 126 
   501 0.479 0.0 HG21 47 
   376 1.502 0.0 HB2 37 
   42 21.175 0.0 CG2 4 
   615 121.407 0.0 N 56 
   530 2.295 0.0 HG2 49 
   329 2.895 0.0 HD2 33 
   162 32.12 0.0 CB 17 
   748 30.017 0.0 CB 69 
   1356 6.727 0.0 HD1 121 
   940 4.069 0.0 HB3 86 
   285 26.46 0.0 CG 28 
   1053 54.651 0.0 CA 95 
   899 113.782 0.0 N 81 
   831 1.027 0.0 HG 76 
   790 130.4 0.0 CD2 73 
   693 7.734 0.0 HD22 64 
   1258 124.163 0.0 N 113 
   540 0.509 0.0 HG22 50 
   890 45.632 0.0 CA 80 
   1088 9.754 0.0 H 98 
   375 1.502 0.0 HB1 37 
   1342 6.86 0.0 HE1 120 
   409 1.098 0.0 HB3 40 
   1058 8.865 0.0 H 96 
   1289 1.586 0.0 HG2 116 
   130 42.509 0.0 CB 13 
   137 60.369 0.0 CA 14 
   985 62.035 0.0 CA 90 
   1114 7.925 0.0 H 101 
   148 8.026 0.0 H 16 
   778 8.75 0.0 H 73 
   747 59.545 0.0 CA 69 
   204 1.402 0.0 HB2 20 
   1328 31.82 0.0 CB 119 
   1411 19.149 0.0 CB 126 
   707 177.82 0.0 C 65 
   809 123.697 0.0 N 74 
   795 4.432 0.0 HA 74 
   129 53.219 0.0 CA 13 
   280 -0.395 0.0 HG3 28 
   1044 9.352 0.0 H 95 
   991 5.776 0.0 HA 91 
   499 1.064 0.0 HG12 47 
   520 179.004 0.0 C 48 
   720 17.675 0.0 CB 66 
   1172 8.819 0.0 H 107 
   934 127.105 0.0 N 84 
   317 179.245 0.0 C 31 
   1276 9.291 0.0 H 115 
   1305 1.514 0.0 HB3 118 
   1243 130.35 0.0 CE2 112 
   535 118.382 0.0 N 49 
   1105 175.4 0.0 C 99 
   395 6.665 0.0 HD1 39 
   983 1.127 0.0 HG23 90 
   309 1.028 0.0 HB3 31 
   507 10.335 0.0 CD1 47 
   709 29.462 0.0 CB 65 
   696 39.218 0.0 CB 64 
   1200 1.376 0.0 HG3 109 
   1335 127.86 0.0 NE1 119 
   1309 1.253 0.0 HG3 118 
   67 3.52 0.0 HA2 8 
   1060 2.068 0.0 HB2 96 
   1306 3.037 0.0 HD2 118 
   998 31.557 0.0 CB 91 
   975 9.02 0.0 H 90 
   1173 5.583 0.0 HA 107 
   1299 173.43 0.0 C 117 
   704 2.83 0.0 HD3 65 
   537 4.576 0.0 HA 50 
   1011 43.37 0.0 CB 92 
   1041 49.829 0.0 CA 94 
   725 3.645 0.0 HB3 67 
   711 27.67 0.0 CG 65 
   63 59.829 0.0 CA 7 
   997 53.955 0.0 CA 91 
   754 2.218 0.0 HB3 70 
   154 1.368 0.0 HB2 17 
   167 1.8 0.0 HB2 18 
   1322 7.275 0.0 HE3 119 
   1269 175.904 0.0 C 114 
   935 4.11 0.0 HA2 85 
   1029 60.483 0.0 CA 93 
   475 2.716 0.0 HB2 45 
   1031 14.095 0.0 CD1 93 
   1372 172.256 0.0 C 122 
   729 118.219 0.0 N 67 
   1019 1.4 0.0 HB 93 
   641 118.45 0.0 N 58 
   573 65.11 0.0 CA 53 
   66 9.283 0.0 H 8 
   1057 122.839 0.0 N 95 
   531 2.295 0.0 HG3 49 
   471 130.2 0.0 CE2 44 
   634 1.6 0.0 HG 58 
   343 60.984 0.0 CA 34 
   544 69.63 0.0 CB 50 
   269 176.4 0.0 C 26 
   1207 9.762 0.0 H 110 
   1262 -0.968 0.0 HB3 114 
   630 0.92 0.0 HD13 58 
   1092 3.211 0.0 HD2 98 
   1121 2.271 0.0 HB3 102 
   521 67.625 0.0 CA 48 
   439 3.169 0.0 HE3 42 
   802 0.741 0.0 HD22 74 
   1043 131.277 0.0 N 94 
   608 1.705 0.0 HG2 56 
   1130 27.111 0.0 CG 102 
   224 8.268 0.0 H 22 
   396 6.665 0.0 HD2 39 
   1228 111.8 0.0 NE2 111 
   969 1.236 0.0 HG23 89 
   579 1.751 0.0 HB2 54 
   1208 5.308 0.0 HA 110 
   462 7.23 0.0 HD2 44 
   1395 1.946 0.0 HB2 125 
   136 175.105 0.0 C 14 
   505 61.81 0.0 CA 47 
   311 1.035 0.0 HD12 31 
   945 5.606 0.0 HA 87 
   1018 5.199 0.0 HA 93 
   1278 1.303 0.0 HB1 115 
   869 4.345 0.0 HA 79 
   1242 130.35 0.0 CE1 112 
   1310 173.805 0.0 C 118 
   950 1.847 0.0 HG2 87 
   1123 3.604 0.0 HD3 102 
   1381 1.878 0.0 HG3 123 
   1079 3.228 0.0 HD3 97 
   1253 173.52 0.0 C 113 
   1103 3.975 0.0 HA2 99 
   1040 176.203 0.0 C 94 
   36 0.979 0.0 HG22 4 
   131 117.361 0.0 N 13 
   834 41.951 0.0 CB 76 
   203 1.402 0.0 HB1 20 
   489 178.007 0.0 C 46 
   251 3.745 0.0 HB2 24 
   858 0.751 0.0 HG13 78 
   348 1.396 0.0 HB2 35 
   581 2.144 0.0 HG2 54 
   1232 3.418 0.0 HB3 112 
   425 176.25 0.0 C 41 
   509 17.387 0.0 CG2 47 
   319 39.75 0.0 CB 31 
   852 127.184 0.0 N 77 
   1028 175.6 0.0 C 93 
   551 1.179 0.0 HG22 51 
   447 25.37 0.0 CG 42 
   466 61.65 0.0 CA 44 
   675 1.923 0.0 HB 63 
   262 52.785 0.0 CA 25 
   459 2.887 0.0 HB2 44 
   17 53.005 0.0 CA 2 
   196 40.21 0.0 CB 19 
   201 8.213 0.0 H 20 
   423 0.717 0.0 HD23 41 
   178 39.261 0.0 CB 18 
   458 3.905 0.0 HA 44 
   1266 2.265 0.0 HE3 114 
   371 117.801 0.0 CE2 36 
   261 1.324 0.0 HB3 25 
   855 1.94 0.0 HB 78 
   1049 3.25 0.0 HD3 95 
   173 0.718 0.0 HD22 18 
   228 1.138 0.0 HG22 22 
   437 1.611 0.0 HD3 42 
   240 3.047 0.0 HD3 23 
   1220 7.652 0.0 HE22 111 
   798 0.739 0.0 HD11 74 
   508 26.86 0.0 CG1 47 
   755 2.53 0.0 HG2 70 
   453 174.95 0.0 C 43 
   234 110.883 0.0 N 22 
   723 4.145 0.0 HA 67 
   279 1.333 0.0 HG2 28 
   1396 2.028 0.0 HB3 125 
   763 5.268 0.0 HA 71 
   350 2.92 0.0 HD2 35 
   843 3.09 0.0 HD2 77 
   169 0.885 0.0 HD11 18 
   1367 122.001 0.0 N 121 
   1025 0.78 0.0 HG21 93 
   1427 122.174 0.0 N 127 
   1234 7.09 0.0 HD2 112 
   1358 7.175 0.0 HE1 121 
   1100 27.715 0.0 CG 98 
   255 64.524 0.0 CB 24 
   306 7.782 0.0 H 31 
   1295 27.648 0.0 CG 116 
   859 0.813 0.0 HG21 78 
   118 2.63 0.0 HB2 12 
   830 0.582 0.0 HD23 76 
   1127 62.11 0.0 CA 102 
   625 4.331 0.0 HA 58 
   158 1.735 0.0 HG2 17 
   1281 51.415 0.0 CA 115 
   590 1.625 0.0 HB2 55 
   863 63.69 0.0 CA 78 
   1165 4.998 0.0 HA 106 
   996 175.381 0.0 C 91 
   310 1.035 0.0 HD11 31 
   1300 45.22 0.0 CA 117 
   713 7.586 0.0 H 66 
   1432 55.945 0.0 CA 128 
   1285 1.856 0.0 HB2 116 
   416 1.555 0.0 HB2 41 
   1311 53.951 0.0 CA 118 
   779 4.308 0.0 HA 73 
   1155 112.996 0.0 NE2 104 
   1274 24.66 0.0 CG 114 
   1333 121.55 0.0 CZ3 119 
   1110 3.905 0.0 HA3 100 
   915 56.075 0.0 CA 83 
   752 4.368 0.0 HA 70 
   1382 173.108 0.0 C 123 
   244 54.444 0.0 CA 23 
   1384 32.175 0.0 CB 123 
   768 64.73 0.0 CB 71 
   1122 3.604 0.0 HD2 102 
   974 115.849 0.0 N 89 
   176 181.207 0.0 C 18 
   874 0.654 0.0 HD13 79 
   1403 119.909 0.0 N 125 
   765 3.17 0.0 HB3 71 
   791 130.3 0.0 CE1 73 
   166 4.458 0.0 HA 18 
   1368 8.557 0.0 H 122 
   165 6.545 0.0 H 18 
   911 1.923 0.0 HB3 83 
   820 119.876 0.0 N 75 
   1222 2.355 0.0 HG3 111 
   1176 6.803 0.0 HD2 107 
   546 103.746 0.0 N 50 
   538 4.595 0.0 HB 50 
   205 1.402 0.0 HB3 20 
   1171 126.101 0.0 N 106 
   883 22.906 0.0 CD2 79 
   456 123.108 0.0 N 43 
   993 1.996 0.0 HB3 91 
   1192 128.36 0.0 N 108 
   897 57.259 0.0 CA 81 
   1131 8.534 0.0 H 103 
   1116 4.288 0.0 HA3 101 
   143 2.495 0.0 HB3 15 
   1292 56.584 0.0 CA 116 
   978 0.545 0.0 HG11 90 
   988 22.42 0.0 CG2 90 
   914 174.601 0.0 C 83 
   961 172.34 0.0 C 88 
   624 7.609 0.0 H 58 
   80 1.399 0.0 HG2 9 
   190 0.146 0.0 HD21 19 
   50 30.7 0.0 CB 5 
   1337 4.943 0.0 HA 120 
   1006 7.035 0.0 HD2 92 
   810 7.719 0.0 H 75 
   1046 1.85 0.0 HB2 95 
   749 36.968 0.0 CG 69 
   767 58.754 0.0 CA 71 
   451 2.209 0.0 HB2 43 
   1256 43.47 0.0 CD 113 
   1349 117.2 0.0 CE1 120 
   587 114.777 0.0 N 54 
   842 1.648 0.0 HB3 77 
   892 8.338 0.0 H 81 
   1007 7.082 0.0 HE1 92 
   605 1.95 0.0 HB3 56 
   1415 0.75 0.0 HB 127 
   731 3.74 0.0 HA 68 
   1186 2.103 0.0 HG2 108 
   1376 6.575 0.0 H 123 
   738 32.56 0.0 CB 68 
   1050 1.66 0.0 HG2 95 
   394 2.1 0.0 HB3 39 
   498 0.204 0.0 HD13 47 
   449 8.832 0.0 H 43 
   170 0.885 0.0 HD12 18 
   476 2.593 0.0 HB3 45 
   923 1.726 0.0 HD2 84 
   648 7.032 0.0 HE1 59 
   881 42.361 0.0 CB 79 
   1062 6.815 0.0 HD1 96 
   937 47.314 0.0 CA 85 
   467 39.01 0.0 CB 44 
   694 176.82 0.0 C 64 
   1338 2.695 0.0 HB2 120 
   150 2.895 0.0 HA3 16 
   1377 4.264 0.0 HA 123 
   904 172.65 0.0 C 82 
   452 2.821 0.0 HB3 43 
   322 27.664 0.0 CG 31 
   1142 8.938 0.0 H 104 
   1174 2.829 0.0 HB2 107 
   278 2.142 0.0 HD3 28 
   1205 28.708 0.0 CG 109 
   370 117.801 0.0 CE1 36 
   555 68.659 0.0 CB 51 
   815 1.996 0.0 HG3 75 
   389 18.195 0.0 CB 38 
   1042 22.085 0.0 CB 94 
   1294 43.34 0.0 CD 116 
   340 3.692 0.0 HB2 34 
   743 2.139 0.0 HB3 69 
   365 176.705 0.0 C 36 
   64 62.352 0.0 CB 7 
   699 8.562 0.0 H 65 
   650 174.42 0.0 C 59 
   124 7.445 0.0 H 13 
   691 3.168 0.0 HB3 64 
   1008 7.082 0.0 HE2 92 
   25 178.12 0.0 C 3 
   1351 115.506 0.0 N 120 
   5 2.222 0.0 HG3 1 
   11 4.752 0.0 HA 2 
   354 30.325 0.0 CB 35 
   871 1.609 0.0 HB3 79 
   213 2.277 0.0 HB3 21 
   433 4.352 0.0 HA 42 
   632 0.806 0.0 HD22 58 
   865 21.781 0.0 CG1 78 
   559 3.741 0.0 HA 52 
   787 60.0 0.0 CA 73 
   1317 4.567 0.0 HA 119 
   566 1.839 0.0 HB2 53 
   1118 108.265 0.0 N 101 
   181 28.33 0.0 CG 18 
   955 43.15 0.0 CD 87 
   1188 173.31 0.0 C 108 
   789 130.4 0.0 CD1 73 
   316 1.485 0.0 HG 31 
   292 177.415 0.0 C 29 
   633 0.806 0.0 HD23 58 
   349 1.91 0.0 HB3 35 
   679 0.909 0.0 HG21 63 
   180 24.068 0.0 CD2 18 
   239 3.047 0.0 HD2 23 
   817 57.14 0.0 CA 75 
   1202 55.671 0.0 CA 109 
   200 122.646 0.0 N 19 
   1201 176.252 0.0 C 109 
   954 33.678 0.0 CB 87 
   715 1.416 0.0 HB1 66 
   1401 33.107 0.0 CB 125 
   1022 0.535 0.0 HD13 93 
   320 23.15 0.0 CD1 31 
   1179 31.258 0.0 CB 107 
   408 1.098 0.0 HB2 40 
   171 0.885 0.0 HD13 18 
   175 1.697 0.0 HG 18 
   1265 2.17 0.0 HE2 114 
   1167 3.578 0.0 HB3 106 
   284 50.19 0.0 CD 28 
   1249 3.346 0.0 HD2 113 
   1045 5.608 0.0 HA 95 
   1073 120.365 0.0 N 96 
   187 0.589 0.0 HD11 19 
   536 7.115 0.0 H 50 
   900 8.975 0.0 H 82 
   1364 130.74 0.0 CD2 121 
   905 57.524 0.0 CA 82 
   1032 28.25 0.0 CG1 93 
   922 1.823 0.0 HB3 84 
   38 175.39 0.0 C 4 
   826 0.564 0.0 HD12 76 
   604 1.897 0.0 HB2 56 
   776 42.88 0.0 CB 72 
   698 113.408 0.0 ND2 64 
   1324 7.531 0.0 HZ2 119 
   977 2.119 0.0 HB 90 
   352 177.72 0.0 C 35 
   1370 3.554 0.0 HB2 122 
   145 64.155 0.0 CA 15 
   958 8.529 0.0 H 88 
   721 120.92 0.0 N 66 
   761 114.677 0.0 N 70 
   550 1.179 0.0 HG21 51 
   1434 129.886 0.0 N 128 
   101 4.625 0.0 HA 11 
   552 1.179 0.0 HG23 51 
   918 121.107 0.0 N 83 
   556 20.937 0.0 CG2 51 
   621 55.375 0.0 CA 57 
   275 1.096 0.0 HB2 28 
   683 65.63 0.0 CA 63 
   668 2.627 0.0 HB3 62 
   419 0.761 0.0 HD12 41 
   1246 5.608 0.0 HA 113 
   588 8.069 0.0 H 55 
   1398 2.177 0.0 HG3 125 
   665 8.376 0.0 H 62 
   332 1.176 0.0 HG3 33 
   1431 2.483 0.0 HB3 128 
   1353 4.192 0.0 HA 121 
   226 4.224 0.0 HB 22 
   1068 41.738 0.0 CB 96 
   879 177.507 0.0 C 79 
   545 19.875 0.0 CG2 50 
   1345 57.29 0.0 CA 120 
   383 3.731 0.0 HA 38 
   829 0.582 0.0 HD22 76 
   1341 6.888 0.0 HD2 120 
   211 3.989 0.0 HA 21 
   1343 6.86 0.0 HE2 120 
   1355 2.737 0.0 HB3 121 
   753 2.006 0.0 HB2 70 
   1240 131.451 0.0 CD1 112 
   651 57.15 0.0 CA 59 
   182 116.726 0.0 N 18 
   432 7.516 0.0 H 42 
   927 1.366 0.0 HG2 84 
   1348 133.1 0.0 CD2 120 
   1005 7.035 0.0 HD1 92 
   525 122.147 0.0 N 48 
   1248 1.708 0.0 HB3 113 
   1023 0.459 0.0 HG12 93 
   254 57.298 0.0 CA 24 
   794 9.086 0.0 H 74 
   1391 45.365 0.0 CA 124 
   1064 7.28 0.0 HE1 96 
   372 120.099 0.0 N 36 
   1375 125.692 0.0 N 122 
   870 1.251 0.0 HB2 79 
   346 8.345 0.0 H 35 
   1170 33.628 0.0 CB 106 
   716 1.416 0.0 HB2 66 
   606 3.195 0.0 HD2 56 
   894 3.838 0.0 HB2 81 
   295 36.955 0.0 CG 29 
   750 117.242 0.0 N 69 
   1418 0.549 0.0 HG13 127 
   746 179.081 0.0 C 69 
   1421 0.266 0.0 HG23 127 
   105 7.598 0.0 HD2 11 
   293 60.485 0.0 CA 29 
   1093 3.211 0.0 HD3 98 
   7 57.135 0.0 CA 1 
   719 55.495 0.0 CA 66 
   1417 0.549 0.0 HG12 127 
   47 2.92 0.0 HB3 5 
   688 7.698 0.0 H 64 
   952 175.019 0.0 C 87 
   303 54.5 0.0 CA 30 
   291 1.995 0.0 HG3 29 
   138 29.87 0.0 CB 14 
   405 8.09 0.0 H 40 
   1009 171.85 0.0 C 92 
   742 2.066 0.0 HB2 69 
   511 7.322 0.0 H 48 
   553 173.901 0.0 C 51 
   438 3.341 0.0 HE2 42 
   682 178.94 0.0 C 63 
   979 0.545 0.0 HG12 90 
   436 1.74 0.0 HD2 42 
   1016 124.784 0.0 N 92 
   980 0.545 0.0 HG13 90 
   792 130.3 0.0 CE2 73 
   989 121.506 0.0 N 90 
   216 1.747 0.0 HG2 21 
   142 2.595 0.0 HB2 15 
   189 0.589 0.0 HD13 19 
   774 175.305 0.0 C 72 
   1406 1.334 0.0 HB1 126 
   1071 130.76 0.0 CE1 96 
   184 3.623 0.0 HA 19 
   1235 7.192 0.0 HE1 112 
   1397 2.216 0.0 HG2 125 
   1369 4.517 0.0 HA 122 
   188 0.589 0.0 HD12 19 
   762 7.151 0.0 H 71 
   172 0.718 0.0 HD21 18 
   120 175.224 0.0 C 12 
   757 176.9 0.0 C 70 
   872 0.654 0.0 HD11 79 
   302 177.4 0.0 C 30 
   981 1.127 0.0 HG21 90 
   490 62.32 0.0 CA 46 
   26 63.959 0.0 CA 3 
   661 7.15 0.0 HD2 61 
   1357 6.727 0.0 HD2 121 
   1076 1.689 0.0 HB2 97 
   710 43.29 0.0 CD 65 
   99 112.657 0.0 N 10 
   907 115.128 0.0 N 82 
   296 116.67 0.0 N 29 
   8 29.815 0.0 CB 1 
   24 2.948 0.0 HB3 3 
   307 3.978 0.0 HA 31 
   1138 57.735 0.0 CA 103 
   374 3.578 0.0 HA 37 
   558 9.009 0.0 H 52 
   1196 1.743 0.0 HB3 109 
   643 4.571 0.0 HA 59 
   514 0.502 0.0 HG11 48 
   327 0.908 0.0 HB2 33 
   364 6.75 0.0 HE2 36 
   23 2.6 0.0 HB2 3 
   567 2.232 0.0 HB3 53 
   2 1.908 0.0 HB2 1 
   43 128.077 0.0 N 4 
   645 2.925 0.0 HB3 59 
   267 1.485 0.0 HB2 26 
   1106 47.294 0.0 CA 99 
   1161 57.248 0.0 CA 105 
   565 3.938 0.0 HA 53 
   1283 130.852 0.0 N 115 
   485 6.77 0.0 HD1 46 
   1160 173.605 0.0 C 105 
   1113 109.645 0.0 N 100 
   399 178.1 0.0 C 39 
   1154 123.299 0.0 N 104 
   662 177.2 0.0 C 61 
   70 45.052 0.0 CA 8 
   1388 4.231 0.0 HA2 124 
   620 176.8 0.0 C 57 
   1169 55.849 0.0 CA 106 
   903 3.83 0.0 HB3 82 
   652 40.445 0.0 CB 59 
   1330 119.204 0.0 CE3 119 
   1193 8.473 0.0 H 109 
   1244 119.879 0.0 N 112 
   962 45.449 0.0 CA 88 
   1175 3.482 0.0 HB3 107 
   1035 9.654 0.0 H 94 
   912 2.205 0.0 HG2 83 
   744 2.258 0.0 HG2 69 
   1012 132.1 0.0 CD1 92 
   811 4.385 0.0 HA 75 
   1325 6.69 0.0 HZ3 119 
   769 115.477 0.0 N 71 
   198 22.18 0.0 CD2 19 
   947 2.189 0.0 HB3 87 
   541 0.509 0.0 HG23 50 
   382 8.298 0.0 H 38 
   580 1.751 0.0 HB3 54 
   109 61.54 0.0 CA 11 
   381 121.482 0.0 N 37 
   366 62.75 0.0 CA 36 
   1429 4.298 0.0 HA 128 
   290 1.995 0.0 HG2 29 
   40 32.072 0.0 CB 4 
   845 1.447 0.0 HG2 77 
   1056 27.88 0.0 CG 95 
   1229 9.143 0.0 H 112 
   909 4.892 0.0 HA 83 
   931 29.25 0.0 CD 84 
   906 66.204 0.0 CB 82 
   177 57.052 0.0 CA 18 
   391 7.838 0.0 H 39 
   74 1.533 0.0 HB2 9 
   424 1.664 0.0 HG 41 
   568 2.804 0.0 HD2 53 
   1233 7.09 0.0 HD1 112 
   1087 117.405 0.0 N 97 
   68 4.247 0.0 HA3 8 
   367 38.05 0.0 CB 36 
   1166 3.271 0.0 HB2 106 
   1137 175.818 0.0 C 103 
   1334 121.469 0.0 N 119 
   487 6.55 0.0 HE1 46 
   37 0.979 0.0 HG23 4 
   782 7.023 0.0 HD1 73 
   786 175.7 0.0 C 73 
   1026 0.78 0.0 HG22 93 
   94 1.269 0.0 HG23 10 
   1282 21.244 0.0 CB 115 
   814 1.996 0.0 HG2 75 
   163 50.635 0.0 CD 17 
   218 176.109 0.0 C 21 
   585 29.521 0.0 CB 54 
   341 4.198 0.0 HB3 34 
   134 2.552 0.0 HB2 14 
   1291 177.209 0.0 C 116 
   941 172.805 0.0 C 86 
   995 2.178 0.0 HG3 91 
   315 1.147 0.0 HD23 31 
   454 51.354 0.0 CA 43 
   1272 29.151 0.0 CD 114 
   1104 3.906 0.0 HA3 99 
   583 177.408 0.0 C 54 
   882 25.182 0.0 CD1 79 
   95 175.801 0.0 C 10 
   884 28.23 0.0 CG 79 
   837 27.682 0.0 CG 76 
   398 6.565 0.0 HE2 39 
   873 0.654 0.0 HD12 79 
   824 -0.729 0.0 HB3 76 
   781 3.11 0.0 HB3 73 
   1236 7.192 0.0 HE2 112 
   730 8.221 0.0 H 68 
   1424 32.581 0.0 CB 127 
   1428 7.901 0.0 H 128 
   542 173.401 0.0 C 50 
   1013 132.1 0.0 CD2 92 
   192 0.146 0.0 HD23 19 
   1198 3.139 0.0 HD3 109 
   81 1.315 0.0 HG3 9 
   1083 54.951 0.0 CA 97 
   46 3.103 0.0 HB2 5 
   658 4.325 0.0 HA 61 
   701 0.906 0.0 HB2 65 
   357 8.099 0.0 H 36 
   1125 1.9 0.0 HG3 102 
   1157 5.357 0.0 HA 105 
   840 4.666 0.0 HA 77 
   298 3.898 0.0 HA 30 
   1301 103.666 0.0 N 117 
   982 1.127 0.0 HG22 90 
   1059 5.374 0.0 HA 96 
   222 28.094 0.0 CG 21 
   342 175.96 0.0 C 34 
   1140 37.102 0.0 CG 103 
   1340 6.888 0.0 HD1 120 
   82 176.429 0.0 C 9 
   104 7.598 0.0 HD1 11 
   740 8.744 0.0 H 69 
   726 178.407 0.0 C 67 
   773 2.475 0.0 HB3 72 
   1078 3.228 0.0 HD2 97 
   268 1.485 0.0 HB3 26 
   57 107.14 0.0 N 6 
   602 7.466 0.0 H 56 
   202 4.243 0.0 HA 20 
   1191 36.823 0.0 CG 108 
   273 109.233 0.0 N 27 
   1331 124.3 0.0 CH2 119 
   649 7.032 0.0 HE2 59 
   1307 3.037 0.0 HD3 118 
   112 133.6 0.0 CD2 11 
   970 173.801 0.0 C 89 
   450 4.875 0.0 HA 43 
   407 1.098 0.0 HB1 40 
   1270 53.831 0.0 CA 114 
   272 7.106 0.0 H 27 
   373 8.907 0.0 H 37 
   220 27.115 0.0 CB 21 
   775 52.5 0.0 CA 72 
   1069 131.6 0.0 CD1 96 
   22 4.002 0.0 HA 3 
   938 4.317 0.0 HA 86 
   1097 55.288 0.0 CA 98 
   1091 1.925 0.0 HB3 98 
   1346 42.25 0.0 CB 120 
   617 4.653 0.0 HA 57 
   718 179.2 0.0 C 66 
   637 41.906 0.0 CB 58 
   1389 4.955 0.0 HA3 124 
   1363 130.74 0.0 CD1 121 
   1250 2.982 0.0 HD3 113 
   429 22.34 0.0 CD2 41 
   561 2.488 0.0 HB3 52 
   758 56.417 0.0 CA 70 
   305 120.59 0.0 N 30 
   384 1.672 0.0 HB1 38 
   1230 5.485 0.0 HA 112 
   140 8.183 0.0 H 15 
   877 0.689 0.0 HD23 79 
   102 2.98 0.0 HB2 11 
   527 3.957 0.0 HA 49 
   1084 34.642 0.0 CB 97 
   363 6.75 0.0 HE1 36 
   616 8.78 0.0 H 57 
   610 177.209 0.0 C 56 
   598 31.582 0.0 CB 55 
   53 3.93 0.0 HA2 6 
   300 1.341 0.0 HB2 30 
   388 55.485 0.0 CA 38 
   1126 176.9 0.0 C 102 
   614 28.048 0.0 CG 56 
   1287 3.215 0.0 HD2 116 
   528 1.945 0.0 HB2 49 
   506 34.745 0.0 CB 47 
   672 119.139 0.0 N 62 
   515 0.502 0.0 HG12 48 
   1318 2.77 0.0 HB2 119 
   20 110.708 0.0 ND2 2 
   191 0.146 0.0 HD22 19 
   6 176.41 0.0 C 1 
   1408 1.334 0.0 HB3 126 
   326 3.481 0.0 HA 33 
   421 0.717 0.0 HD21 41 
   441 1.111 0.0 HG3 42 
   1047 1.75 0.0 HB3 95 
   853 8.94 0.0 H 78 
   886 7.635 0.0 H 80 
   686 20.93 0.0 CG2 63 
   681 0.909 0.0 HG23 63 
   133 4.403 0.0 HA 14 
   69 174.204 0.0 C 8 
   1320 6.8 0.0 HD1 119 
   139 126.164 0.0 N 14 
   642 7.394 0.0 H 59 
   229 1.138 0.0 HG23 22 
   335 29.362 0.0 CB 33 
   209 120.542 0.0 N 20 
   301 1.341 0.0 HB3 30 
   1096 177.352 0.0 C 98 
   281 176.9 0.0 C 28 
   702 1.467 0.0 HB3 65 
   113 118.8 0.0 CE1 11 
   640 26.923 0.0 CG 58 
   380 18.245 0.0 CB 37 
   88 120.607 0.0 N 9 
   671 40.155 0.0 CB 62 
   856 0.751 0.0 HG11 78 
   946 2.018 0.0 HB2 87 
   312 1.035 0.0 HD13 31 
   857 0.751 0.0 HG12 78 
   156 3.281 0.0 HD2 17 
   1211 172.435 0.0 C 110 
   1145 1.686 0.0 HB3 104 
   128 175.205 0.0 C 13 
   1203 31.948 0.0 CB 109 
   1413 7.916 0.0 H 127 
   916 33.087 0.0 CB 83 
   888 4.158 0.0 HA3 80 
   431 115.848 0.0 N 41 
   732 2.781 0.0 HB2 68 
   1085 43.79 0.0 CD 97 
   804 176.95 0.0 C 74 
   626 1.705 0.0 HB2 58 
   1257 28.88 0.0 CG 113 
   803 0.741 0.0 HD23 74 
   1077 1.572 0.0 HB3 97 
   655 129.0 0.0 CE1 59 
   646 7.195 0.0 HD1 59 
   1260 4.664 0.0 HA 114 
   1231 2.355 0.0 HB2 112 
   1 4.155 0.0 HA 1 
   697 119.384 0.0 N 64 
   603 3.95 0.0 HA 56 
   304 18.495 0.0 CB 30 
   1089 4.874 0.0 HA 98 
