   1392 109.592 0.0 N 124 
   1022 0.535 0.0 HD13 93 
   653 131.3 0.0 CD1 59 
   493 6.884 0.0 H 47 
   893 5.342 0.0 HA 81 
   56 46.424 0.0 CA 6 
   1059 5.374 0.0 HA 96 
   99 112.657 0.0 N 10 
   1433 42.247 0.0 CB 128 
   100 8.849 0.0 H 11 
   429 22.34 0.0 CD2 41 
   1208 5.308 0.0 HA 110 
   486 6.77 0.0 HD2 46 
   1337 4.943 0.0 HA 120 
   1332 115.4 0.0 CZ2 119 
   918 121.107 0.0 N 83 
   1350 117.2 0.0 CE2 120 
   53 3.93 0.0 HA2 6 
   834 41.951 0.0 CB 76 
   1423 61.46 0.0 CA 127 
   1243 130.35 0.0 CE2 112 
   1317 4.567 0.0 HA 119 
   1386 113.946 0.0 N 123 
   92 1.269 0.0 HG21 10 
   1051 1.57 0.0 HG3 95 
   527 3.957 0.0 HA 49 
   31 2.078 0.0 HB 4 
   1424 32.581 0.0 CB 127 
   844 3.09 0.0 HD3 77 
   150 2.895 0.0 HA3 16 
   215 3.225 0.0 HD3 21 
   49 60.214 0.0 CA 5 
   1218 2.263 0.0 HB3 111 
   379 55.295 0.0 CA 37 
   221 43.564 0.0 CD 21 
   1252 1.343 0.0 HG3 113 
   860 0.813 0.0 HG22 78 
   503 0.479 0.0 HG23 47 
   431 115.848 0.0 N 41 
   901 4.747 0.0 HA 82 
   233 22.556 0.0 CG2 22 
   1330 119.204 0.0 CE3 119 
   575 50.1 0.0 CD 53 
   35 0.979 0.0 HG21 4 
   874 0.654 0.0 HD13 79 
   784 6.582 0.0 HE1 73 
   462 7.23 0.0 HD2 44 
   289 1.619 0.0 HB3 29 
   1206 122.752 0.0 N 109 
   802 0.741 0.0 HD22 74 
   811 4.385 0.0 HA 75 
   372 120.099 0.0 N 36 
   171 0.885 0.0 HD13 18 
   163 50.635 0.0 CD 17 
   882 25.182 0.0 CD1 79 
   199 28.47 0.0 CG 19 
   1135 2.126 0.0 HG2 103 
   61 3.696 0.0 HB3 7 
   1183 4.864 0.0 HA 108 
   1065 7.28 0.0 HE2 96 
   290 1.995 0.0 HG2 29 
   1009 171.85 0.0 C 92 
   734 1.901 0.0 HG2 68 
   1145 1.686 0.0 HB3 104 
   1185 1.564 0.0 HB3 108 
   395 6.665 0.0 HD1 39 
   1343 6.86 0.0 HE2 120 
   705 1.16 0.0 HG2 65 
   271 19.685 0.0 CB 26 
   1143 4.495 0.0 HA 104 
   120 175.224 0.0 C 12 
   649 7.032 0.0 HE2 59 
   496 0.204 0.0 HD11 47 
   295 36.955 0.0 CG 29 
   1357 6.727 0.0 HD2 121 
   1011 43.37 0.0 CB 92 
   537 4.576 0.0 HA 50 
   627 1.619 0.0 HB3 58 
   188 0.589 0.0 HD12 19 
   1114 7.925 0.0 H 101 
   161 64.78 0.0 CA 17 
   308 1.591 0.0 HB2 31 
   1349 117.2 0.0 CE1 120 
   1213 66.524 0.0 CB 110 
   73 4.514 0.0 HA 9 
   695 56.908 0.0 CA 64 
   1321 10.114 0.0 HE1 119 
   1171 126.101 0.0 N 106 
   659 3.312 0.0 HB2 61 
   465 177.805 0.0 C 44 
   1071 130.76 0.0 CE1 96 
   1381 1.878 0.0 HG3 123 
   1354 2.879 0.0 HB2 121 
   597 54.441 0.0 CA 55 
   626 1.705 0.0 HB2 58 
   953 54.544 0.0 CA 87 
   495 1.73 0.0 HB 47 
   419 0.761 0.0 HD12 41 
   359 2.601 0.0 HB2 36 
   556 20.937 0.0 CG2 51 
   46 3.103 0.0 HB2 5 
   1168 172.62 0.0 C 106 
   1264 0.784 0.0 HD3 114 
   1240 131.451 0.0 CD1 112 
   828 0.582 0.0 HD21 76 
   701 0.906 0.0 HB2 65 
   1131 8.534 0.0 H 103 
   619 2.609 0.0 HB3 57 
   985 62.035 0.0 CA 90 
   1142 8.938 0.0 H 104 
   550 1.179 0.0 HG21 51 
   324 8.704 0.0 H 32 
   139 126.164 0.0 N 14 
   1032 28.25 0.0 CG1 93 
   66 9.283 0.0 H 8 
   1172 8.819 0.0 H 107 
   1014 131.4 0.0 CE1 92 
   1161 57.248 0.0 CA 105 
   190 0.146 0.0 HD21 19 
   826 0.564 0.0 HD12 76 
   852 127.184 0.0 N 77 
   739 117.484 0.0 N 68 
   986 36.819 0.0 CB 90 
   976 4.777 0.0 HA 90 
   1247 1.796 0.0 HB2 113 
   508 26.86 0.0 CG1 47 
   930 33.692 0.0 CB 84 
   1 4.155 0.0 HA 1 
   265 4.443 0.0 HA 26 
   512 3.049 0.0 HA 48 
   687 121.325 0.0 N 63 
   149 2.895 0.0 HA2 16 
   964 8.86 0.0 H 89 
   814 1.996 0.0 HG2 75 
   386 1.672 0.0 HB3 38 
   1362 40.107 0.0 CB 121 
   843 3.09 0.0 HD2 77 
   110 39.46 0.0 CB 11 
   378 178.2 0.0 C 37 
   325 122.625 0.0 N 32 
   779 4.308 0.0 HA 73 
   1367 122.001 0.0 N 121 
   867 126.212 0.0 N 78 
   975 9.02 0.0 H 90 
   1295 27.648 0.0 CG 116 
   220 27.115 0.0 CB 21 
   1241 131.451 0.0 CD2 112 
   956 27.468 0.0 CG 87 
   107 6.55 0.0 HE2 11 
   586 36.72 0.0 CG 54 
   160 177.301 0.0 C 17 
   582 2.144 0.0 HG3 54 
   211 3.989 0.0 HA 21 
   718 179.2 0.0 C 66 
   892 8.338 0.0 H 81 
   1118 108.265 0.0 N 101 
   1303 4.552 0.0 HA 118 
   1283 130.852 0.0 N 115 
   450 4.875 0.0 HA 43 
   1365 130.84 0.0 CE1 121 
   1044 9.352 0.0 H 95 
   1232 3.418 0.0 HB3 112 
   213 2.277 0.0 HB3 21 
   169 0.885 0.0 HD11 18 
   109 61.54 0.0 CA 11 
   894 3.838 0.0 HB2 81 
   797 1.549 0.0 HB3 74 
   277 3.241 0.0 HD2 28 
   933 24.71 0.0 CG 84 
   257 8.255 0.0 H 25 
   547 7.748 0.0 H 51 
   513 2.008 0.0 HB 48 
   707 177.82 0.0 C 65 
   660 3.215 0.0 HB3 61 
   404 119.108 0.0 N 39 
   469 131.0 0.0 CD2 44 
   403 117.405 0.0 CE2 39 
   1170 33.628 0.0 CB 106 
   375 1.502 0.0 HB1 37 
   795 4.432 0.0 HA 74 
   1024 1.216 0.0 HG13 93 
   1298 4.046 0.0 HA3 117 
   1003 3.186 0.0 HB2 92 
   1371 3.268 0.0 HB3 122 
   1178 51.578 0.0 CA 107 
   944 8.091 0.0 H 87 
   231 63.14 0.0 CA 22 
   599 42.47 0.0 CD 55 
   1092 3.211 0.0 HD2 98 
   702 1.467 0.0 HB3 65 
   1169 55.849 0.0 CA 106 
   1091 1.925 0.0 HB3 98 
   415 4.275 0.0 HA 41 
   461 7.23 0.0 HD1 44 
   1285 1.856 0.0 HB2 116 
   977 2.119 0.0 HB 90 
   194 179.45 0.0 C 19 
   178 39.261 0.0 CB 18 
   413 121.155 0.0 N 40 
   813 2.258 0.0 HB3 75 
   1346 42.25 0.0 CB 120 
   1398 2.177 0.0 HG3 125 
   1394 4.687 0.0 HA 125 
   1267 -0.462 0.0 HG2 114 
   460 3.082 0.0 HB3 44 
   48 175.9 0.0 C 5 
   382 8.298 0.0 H 38 
   1026 0.78 0.0 HG22 93 
   912 2.205 0.0 HG2 83 
   186 1.528 0.0 HB3 19 
   147 124.741 0.0 N 15 
   439 3.169 0.0 HE3 42 
   1015 131.4 0.0 CE2 92 
   615 121.407 0.0 N 56 
   1149 1.867 0.0 HG3 104 
   511 7.322 0.0 H 48 
   270 52.95 0.0 CA 26 
   198 22.18 0.0 CD2 19 
   691 3.168 0.0 HB3 64 
   1203 31.948 0.0 CB 109 
   657 119.653 0.0 N 59 
   1342 6.86 0.0 HE1 120 
   472 122.987 0.0 N 44 
   498 0.204 0.0 HD13 47 
   1004 2.985 0.0 HB3 92 
   159 1.735 0.0 HG3 17 
   983 1.127 0.0 HG23 90 
   1204 43.24 0.0 CD 109 
   770 8.706 0.0 H 72 
   1160 173.605 0.0 C 105 
   1094 1.576 0.0 HG2 98 
   1106 47.294 0.0 CA 99 
   712 122.45 0.0 N 65 
   998 31.557 0.0 CB 91 
   859 0.813 0.0 HG21 78 
   886 7.635 0.0 H 80 
   1366 130.84 0.0 CE2 121 
   67 3.52 0.0 HA2 8 
   520 179.004 0.0 C 48 
   833 53.317 0.0 CA 76 
   553 173.901 0.0 C 51 
   831 1.027 0.0 HG 76 
   2 1.908 0.0 HB2 1 
   958 8.529 0.0 H 88 
   541 0.509 0.0 HG23 50 
   175 1.697 0.0 HG 18 
   1021 0.535 0.0 HD12 93 
   236 4.518 0.0 HA 23 
   288 1.619 0.0 HB2 29 
   616 8.78 0.0 H 57 
   905 57.524 0.0 CA 82 
   253 174.356 0.0 C 24 
   904 172.65 0.0 C 82 
   1355 2.737 0.0 HB3 121 
   624 7.609 0.0 H 58 
   76 1.637 0.0 HD2 9 
   228 1.138 0.0 HG22 22 
   484 2.899 0.0 HB3 46 
   1331 124.3 0.0 CH2 119 
   534 36.304 0.0 CG 49 
   105 7.598 0.0 HD2 11 
   696 39.218 0.0 CB 64 
   351 2.92 0.0 HD3 35 
   916 33.087 0.0 CB 83 
   793 124.281 0.0 N 73 
   488 6.55 0.0 HE2 46 
   929 55.741 0.0 CA 84 
   263 19.649 0.0 CB 25 
   662 177.2 0.0 C 61 
   1373 60.295 0.0 CA 122 
   505 61.81 0.0 CA 47 
   957 119.907 0.0 N 87 
   1045 5.608 0.0 HA 95 
   1310 173.805 0.0 C 118 
   1036 5.859 0.0 HA 94 
   612 30.658 0.0 CB 56 
   176 181.207 0.0 C 18 
   1029 60.483 0.0 CA 93 
   994 2.323 0.0 HG2 91 
   68 4.247 0.0 HA3 8 
   1194 4.95 0.0 HA 109 
   561 2.488 0.0 HB3 52 
   603 3.95 0.0 HA 56 
   174 0.718 0.0 HD23 18 
   736 178.3 0.0 C 68 
   146 30.602 0.0 CB 15 
   820 119.876 0.0 N 75 
   1023 0.459 0.0 HG12 93 
   971 61.14 0.0 CA 89 
   903 3.83 0.0 HB3 82 
   1093 3.211 0.0 HD3 98 
   330 2.824 0.0 HD3 33 
   1319 2.643 0.0 HB3 119 
   164 28.471 0.0 CG 17 
   589 4.668 0.0 HA 55 
   183 8.075 0.0 H 19 
   835 25.728 0.0 CD1 76 
   1266 2.265 0.0 HE3 114 
   1210 4.024 0.0 HB3 110 
   999 36.712 0.0 CG 91 
   1151 54.05 0.0 CA 104 
   424 1.664 0.0 HG 41 
   307 3.978 0.0 HA 31 
   921 1.823 0.0 HB2 84 
   130 42.509 0.0 CB 13 
   1299 173.43 0.0 C 117 
   1205 28.708 0.0 CG 109 
   200 122.646 0.0 N 19 
   212 2.193 0.0 HB2 21 
   1018 5.199 0.0 HA 93 
   946 2.018 0.0 HB2 87 
   909 4.892 0.0 HA 83 
   1234 7.09 0.0 HD2 112 
   1397 2.216 0.0 HG2 125 
   362 6.665 0.0 HD2 36 
   609 1.788 0.0 HG3 56 
   235 7.348 0.0 H 23 
   400 62.201 0.0 CA 39 
   1088 9.754 0.0 H 98 
   1154 123.299 0.0 N 104 
   204 1.402 0.0 HB2 20 
   454 51.354 0.0 CA 43 
   838 126.577 0.0 N 76 
   988 22.42 0.0 CG2 90 
   138 29.87 0.0 CB 14 
   942 58.208 0.0 CA 86 
   369 132.01 0.0 CD2 36 
   744 2.258 0.0 HG2 69 
   84 35.172 0.0 CB 9 
   297 7.812 0.0 H 30 
   366 62.75 0.0 CA 36 
   197 25.042 0.0 CD1 19 
   243 174.2 0.0 C 23 
   226 4.224 0.0 HB 22 
   18 38.025 0.0 CB 2 
   468 131.0 0.0 CD1 44 
   416 1.555 0.0 HB2 41 
   406 3.956 0.0 HA 40 
   1408 1.334 0.0 HB3 126 
   338 7.582 0.0 H 34 
   173 0.718 0.0 HD22 18 
   355 43.64 0.0 CD 35 
   101 4.625 0.0 HA 11 
   1309 1.253 0.0 HG3 118 
   889 171.34 0.0 C 80 
   522 32.041 0.0 CB 48 
   248 118.381 0.0 N 23 
   420 0.761 0.0 HD13 41 
   1190 34.517 0.0 CB 108 
   1231 2.355 0.0 HB2 112 
   1428 7.901 0.0 H 128 
   817 57.14 0.0 CA 75 
   641 118.45 0.0 N 58 
   706 1.16 0.0 HG3 65 
   227 1.138 0.0 HG21 22 
   293 60.485 0.0 CA 29 
   716 1.416 0.0 HB2 66 
   246 43.34 0.0 CD 23 
   1369 4.517 0.0 HA 122 
   568 2.804 0.0 HD2 53 
   756 2.383 0.0 HG3 70 
   98 22.425 0.0 CG2 10 
   102 2.98 0.0 HB2 11 
   1184 1.268 0.0 HB2 108 
   64 62.352 0.0 CB 7 
   1002 5.619 0.0 HA 92 
   410 179.8 0.0 C 40 
   1013 132.1 0.0 CD2 92 
   1007 7.082 0.0 HE1 92 
   1287 3.215 0.0 HD2 116 
   628 0.92 0.0 HD11 58 
   1358 7.175 0.0 HE1 121 
   1340 6.888 0.0 HD1 120 
   259 1.324 0.0 HB1 25 
   1006 7.035 0.0 HD2 92 
   223 110.82 0.0 N 21 
   77 1.637 0.0 HD3 9 
   1195 1.509 0.0 HB2 109 
   611 60.144 0.0 CA 56 
   1090 1.732 0.0 HB2 98 
   129 53.219 0.0 CA 13 
   172 0.718 0.0 HD21 18 
   711 27.67 0.0 CG 65 
   1134 1.823 0.0 HB3 103 
   122 40.455 0.0 CB 12 
   210 7.678 0.0 H 21 
   604 1.897 0.0 HB2 56 
   1136 2.0 0.0 HG3 103 
   87 25.43 0.0 CG 9 
   592 3.145 0.0 HD2 55 
   581 2.144 0.0 HG2 54 
   1274 24.66 0.0 CG 114 
   923 1.726 0.0 HD2 84 
   348 1.396 0.0 HB2 35 
   347 4.006 0.0 HA 35 
   1245 9.522 0.0 H 113 
   154 1.368 0.0 HB2 17 
   14 6.792 0.0 HD21 2 
   389 18.195 0.0 CB 38 
   93 1.269 0.0 HG22 10 
   356 125.552 0.0 N 35 
   1306 3.037 0.0 HD2 118 
   1054 33.572 0.0 CB 95 
   1352 9.316 0.0 H 121 
   1069 131.6 0.0 CD1 96 
   686 20.93 0.0 CG2 63 
   1215 9.274 0.0 H 111 
   457 8.229 0.0 H 44 
   342 175.96 0.0 C 34 
   704 2.83 0.0 HD3 65 
   509 17.387 0.0 CG2 47 
   15 7.423 0.0 HD22 2 
   1288 3.215 0.0 HD3 116 
   614 28.048 0.0 CG 56 
   812 1.784 0.0 HB2 75 
   1179 31.258 0.0 CB 107 
   1320 6.8 0.0 HD1 119 
   776 42.88 0.0 CB 72 
   54 4.38 0.0 HA3 6 
   304 18.495 0.0 CB 30 
   1147 7.641 0.0 HE22 104 
   1062 6.815 0.0 HD1 96 
   1098 32.12 0.0 CB 98 
   1237 175.205 0.0 C 112 
   935 4.11 0.0 HA2 85 
   727 60.29 0.0 CA 67 
   1035 9.654 0.0 H 94 
   249 8.642 0.0 H 24 
   491 38.35 0.0 CB 46 
   1124 1.991 0.0 HG2 102 
   1244 119.879 0.0 N 112 
   1058 8.865 0.0 H 96 
   809 123.697 0.0 N 74 
   1409 177.6 0.0 C 126 
   741 3.998 0.0 HA 69 
   367 38.05 0.0 CB 36 
   51 120.403 0.0 N 5 
   1126 176.9 0.0 C 102 
   1079 3.228 0.0 HD3 97 
   5 2.222 0.0 HG3 1 
   879 177.507 0.0 C 79 
   755 2.53 0.0 HG2 70 
   991 5.776 0.0 HA 91 
   827 0.564 0.0 HD13 76 
   990 9.047 0.0 H 91 
   962 45.449 0.0 CA 88 
   1072 130.76 0.0 CE2 96 
   286 8.098 0.0 H 29 
   1156 8.499 0.0 H 105 
   943 63.215 0.0 CB 86 
   391 7.838 0.0 H 39 
   839 9.187 0.0 H 77 
   1192 128.36 0.0 N 108 
   453 174.95 0.0 C 43 
   926 3.003 0.0 HE3 84 
   283 31.061 0.0 CB 28 
   97 69.47 0.0 CB 10 
   906 66.204 0.0 CB 82 
   1130 27.111 0.0 CG 102 
   580 1.751 0.0 HB3 54 
   7 57.135 0.0 CA 1 
   449 8.832 0.0 H 43 
   577 8.334 0.0 H 54 
   106 6.55 0.0 HE1 11 
   1119 4.446 0.0 HA 102 
   1400 54.435 0.0 CA 125 
   898 66.3 0.0 CB 81 
   632 0.806 0.0 HD22 58 
   1338 2.695 0.0 HB2 120 
   318 56.998 0.0 CA 31 
   1025 0.78 0.0 HG21 93 
   729 118.219 0.0 N 67 
   637 41.906 0.0 CB 58 
   1420 0.266 0.0 HG22 127 
   1084 34.642 0.0 CB 97 
   267 1.485 0.0 HB2 26 
   600 26.888 0.0 CG 55 
   1260 4.664 0.0 HA 114 
   837 27.682 0.0 CG 76 
   343 60.984 0.0 CA 34 
   758 56.417 0.0 CA 70 
   459 2.887 0.0 HB2 44 
   1049 3.25 0.0 HD3 95 
   1081 1.566 0.0 HG3 97 
   1177 173.205 0.0 C 107 
   287 3.38 0.0 HA 29 
   1017 9.184 0.0 H 93 
   312 1.035 0.0 HD13 31 
   1139 30.075 0.0 CB 103 
   1107 117.554 0.0 N 99 
   1193 8.473 0.0 H 109 
   1129 49.61 0.0 CD 102 
   1202 55.671 0.0 CA 109 
   602 7.466 0.0 H 56 
   752 4.368 0.0 HA 70 
   590 1.625 0.0 HB2 55 
   1159 3.656 0.0 HB3 105 
   769 115.477 0.0 N 71 
   1083 54.951 0.0 CA 97 
   38 175.39 0.0 C 4 
   500 0.837 0.0 HG13 47 
   934 127.105 0.0 N 84 
   593 3.145 0.0 HD3 55 
   939 4.197 0.0 HB2 86 
   571 1.635 0.0 HG3 53 
   1214 125.774 0.0 N 110 
   617 4.653 0.0 HA 57 
   74 1.533 0.0 HB2 9 
   1153 34.296 0.0 CG 104 
   778 8.75 0.0 H 73 
   728 28.554 0.0 CB 67 
   531 2.295 0.0 HG3 49 
   426 54.401 0.0 CA 41 
   720 17.675 0.0 CB 66 
   545 19.875 0.0 CG2 50 
   887 4.158 0.0 HA2 80 
   225 4.195 0.0 HA 22 
   1374 64.524 0.0 CB 122 
   23 2.6 0.0 HB2 3 
   610 177.209 0.0 C 56 
   1250 2.982 0.0 HD3 113 
   587 114.777 0.0 N 54 
   1152 33.32 0.0 CB 104 
   29 7.153 0.0 H 4 
   430 27.053 0.0 CG 41 
   88 120.607 0.0 N 9 
   572 178.7 0.0 C 53 
   528 1.945 0.0 HB2 49 
   1311 53.951 0.0 CA 118 
   1188 173.31 0.0 C 108 
   8 29.815 0.0 CB 1 
   1000 129.755 0.0 N 91 
   1055 43.47 0.0 CD 95 
   21 9.38 0.0 H 3 
   59 3.932 0.0 HA 7 
   1316 8.981 0.0 H 119 
   694 176.82 0.0 C 64 
   1101 128.385 0.0 N 98 
   1048 3.15 0.0 HD2 95 
   536 7.115 0.0 H 50 
   392 3.693 0.0 HA 39 
   937 47.314 0.0 CA 85 
   1033 17.492 0.0 CG2 93 
   209 120.542 0.0 N 20 
   1262 -0.968 0.0 HB3 114 
   961 172.34 0.0 C 88 
   544 69.63 0.0 CB 50 
   1019 1.4 0.0 HB 93 
   664 31.254 0.0 CB 61 
   950 1.847 0.0 HG2 87 
   558 9.009 0.0 H 52 
   974 115.849 0.0 N 89 
   816 172.804 0.0 C 75 
   760 36.478 0.0 CG 70 
   768 64.73 0.0 CB 71 
   1221 2.437 0.0 HG2 111 
   185 1.445 0.0 HB2 19 
   613 43.64 0.0 CD 56 
   291 1.995 0.0 HG3 29 
   36 0.979 0.0 HG22 4 
   1164 9.575 0.0 H 106 
   497 0.204 0.0 HD12 47 
   230 174.64 0.0 C 22 
   26 63.959 0.0 CA 3 
   1216 5.243 0.0 HA 111 
   499 1.064 0.0 HG12 47 
   1404 8.632 0.0 H 126 
   542 173.401 0.0 C 50 
   647 7.195 0.0 HD2 59 
   1389 4.955 0.0 HA3 124 
   381 121.482 0.0 N 37 
   1401 33.107 0.0 CB 125 
   699 8.562 0.0 H 65 
   136 175.105 0.0 C 14 
   352 177.72 0.0 C 35 
   398 6.565 0.0 HE2 39 
   1421 0.266 0.0 HG23 127 
   433 4.352 0.0 HA 42 
   552 1.179 0.0 HG23 51 
   726 178.407 0.0 C 67 
   1174 2.829 0.0 HB2 107 
   275 1.096 0.0 HB2 28 
   463 7.192 0.0 HE1 44 
   679 0.909 0.0 HG21 63 
   900 8.975 0.0 H 82 
   1282 21.244 0.0 CB 115 
   798 0.739 0.0 HD11 74 
   1046 1.85 0.0 HB2 95 
   733 2.234 0.0 HB3 68 
   967 1.236 0.0 HG21 89 
   114 118.8 0.0 CE2 11 
   1410 52.02 0.0 CA 126 
   1248 1.708 0.0 HB3 113 
   442 175.119 0.0 C 42 
   688 7.698 0.0 H 64 
   258 4.116 0.0 HA 25 
   155 2.166 0.0 HB3 17 
   475 2.716 0.0 HB2 45 
   256 116.451 0.0 N 24 
   191 0.146 0.0 HD22 19 
   219 56.614 0.0 CA 21 
   409 1.098 0.0 HB3 40 
   543 61.38 0.0 CA 50 
   17 53.005 0.0 CA 2 
   866 21.285 0.0 CG2 78 
   873 0.654 0.0 HD12 79 
   635 177.0 0.0 C 58 
   474 4.235 0.0 HA 45 
   466 61.65 0.0 CA 44 
   1382 173.108 0.0 C 123 
   1292 56.584 0.0 CA 116 
   819 36.619 0.0 CG 75 
   80 1.399 0.0 HG2 9 
   1141 120.322 0.0 N 103 
   1256 43.47 0.0 CD 113 
   642 7.394 0.0 H 59 
   823 1.401 0.0 HB2 76 
   1359 7.175 0.0 HE2 121 
   1290 1.586 0.0 HG3 116 
   857 0.751 0.0 HG12 78 
   1344 176.52 0.0 C 120 
   464 7.192 0.0 HE2 44 
   1251 1.61 0.0 HG2 113 
   535 118.382 0.0 N 49 
   555 68.659 0.0 CB 51 
   473 8.306 0.0 H 45 
   1008 7.082 0.0 HE2 92 
   927 1.366 0.0 HG2 84 
   646 7.195 0.0 HD1 59 
   126 2.443 0.0 HB2 13 
   1010 56.13 0.0 CA 92 
   216 1.747 0.0 HG2 21 
   112 133.6 0.0 CD2 11 
   1096 177.352 0.0 C 98 
   1225 30.155 0.0 CB 111 
   743 2.139 0.0 HB3 69 
   1313 43.27 0.0 CD 118 
   1056 27.88 0.0 CG 95 
   310 1.035 0.0 HD11 31 
   455 40.453 0.0 CB 43 
   759 31.29 0.0 CB 70 
   588 8.069 0.0 H 55 
   1042 22.085 0.0 CB 94 
   1052 176.85 0.0 C 95 
   630 0.92 0.0 HD13 58 
   121 56.0 0.0 CA 12 
   1296 8.576 0.0 H 117 
   1034 118.019 0.0 N 93 
   180 24.068 0.0 CD2 18 
   656 129.0 0.0 CE2 59 
   1128 32.451 0.0 CB 102 
   914 174.601 0.0 C 83 
   703 2.83 0.0 HD2 65 
   731 3.74 0.0 HA 68 
   40 32.072 0.0 CB 4 
   401 35.75 0.0 CB 39 
   323 119.402 0.0 N 31 
   1265 2.17 0.0 HE2 114 
   1300 45.22 0.0 CA 117 
   1378 1.863 0.0 HB2 123 
   95 175.801 0.0 C 10 
   1132 4.002 0.0 HA 103 
   864 32.119 0.0 CB 78 
   487 6.55 0.0 HE1 46 
   825 0.564 0.0 HD11 76 
   576 27.257 0.0 CG 53 
   551 1.179 0.0 HG22 51 
   1422 174.707 0.0 C 127 
   128 175.205 0.0 C 13 
   332 1.176 0.0 HG3 33 
   955 43.15 0.0 CD 87 
   629 0.92 0.0 HD12 58 
   598 31.582 0.0 CB 55 
   28 124.395 0.0 N 3 
   830 0.582 0.0 HD23 76 
   196 40.21 0.0 CB 19 
   57 107.14 0.0 N 6 
   871 1.609 0.0 HB3 79 
   447 25.37 0.0 CG 42 
   1082 174.825 0.0 C 97 
   483 2.559 0.0 HB2 46 
   414 8.557 0.0 H 41 
   601 116.352 0.0 N 55 
   803 0.741 0.0 HD23 74 
   397 6.565 0.0 HE1 39 
   422 0.717 0.0 HD22 41 
   1402 35.961 0.0 CG 125 
   1281 51.415 0.0 CA 115 
   655 129.0 0.0 CE1 59 
   1163 113.911 0.0 N 105 
   780 2.454 0.0 HB2 73 
   808 22.606 0.0 CD2 74 
   467 39.01 0.0 CB 44 
   724 3.253 0.0 HB2 67 
   193 1.197 0.0 HG 19 
   783 7.023 0.0 HD2 73 
   605 1.95 0.0 HB3 56 
   1356 6.727 0.0 HD1 121 
   840 4.666 0.0 HA 77 
   1388 4.231 0.0 HA2 124 
   458 3.905 0.0 HA 44 
   1305 1.514 0.0 HB3 118 
   62 175.803 0.0 C 7 
   757 176.9 0.0 C 70 
   252 3.83 0.0 HB3 24 
   915 56.075 0.0 CA 83 
   1039 1.937 0.0 HB3 94 
   966 3.95 0.0 HB 89 
   1066 171.75 0.0 C 96 
   72 7.934 0.0 H 9 
   329 2.895 0.0 HD2 33 
   432 7.516 0.0 H 42 
   907 115.128 0.0 N 82 
   20 110.708 0.0 ND2 2 
   298 3.898 0.0 HA 30 
   280 -0.395 0.0 HG3 28 
   1140 37.102 0.0 CG 103 
   858 0.751 0.0 HG13 78 
   1325 6.69 0.0 HZ3 119 
   361 6.665 0.0 HD1 36 
   1238 56.51 0.0 CA 112 
   269 176.4 0.0 C 26 
   897 57.259 0.0 CA 81 
   606 3.195 0.0 HD2 56 
   1236 7.192 0.0 HE2 112 
   1104 3.906 0.0 HA3 99 
   137 60.369 0.0 CA 14 
   1030 42.274 0.0 CB 93 
   658 4.325 0.0 HA 61 
   441 1.111 0.0 HG3 42 
   517 0.798 0.0 HG21 48 
   801 0.741 0.0 HD21 74 
   564 127.871 0.0 N 52 
   1427 122.174 0.0 N 127 
   131 117.361 0.0 N 13 
   959 3.563 0.0 HA2 88 
   539 0.509 0.0 HG21 50 
   133 4.403 0.0 HA 14 
   524 21.395 0.0 CG2 48 
   1406 1.334 0.0 HB1 126 
   1375 125.692 0.0 N 122 
   1060 2.068 0.0 HB2 96 
   1412 127.644 0.0 N 126 
   981 1.127 0.0 HG21 90 
   1353 4.192 0.0 HA 121 
   1207 9.762 0.0 H 110 
   911 1.923 0.0 HB3 83 
   1301 103.666 0.0 N 117 
   1198 3.139 0.0 HD3 109 
   674 3.769 0.0 HA 63 
   50 30.7 0.0 CB 5 
   1155 112.996 0.0 NE2 104 
   608 1.705 0.0 HG2 56 
   1100 27.715 0.0 CG 98 
   1364 130.74 0.0 CD2 121 
   936 3.74 0.0 HA3 85 
   75 1.914 0.0 HB3 9 
   1387 8.786 0.0 H 124 
   796 1.361 0.0 HB2 74 
   932 42.015 0.0 CE 84 
   1263 0.874 0.0 HD2 114 
   1196 1.743 0.0 HB3 109 
   411 54.857 0.0 CA 40 
   980 0.545 0.0 HG13 90 
   800 0.739 0.0 HD13 74 
   851 27.258 0.0 CG 77 
   337 27.53 0.0 CG 33 
   241 1.415 0.0 HG2 23 
   34 0.979 0.0 HG13 4 
   996 175.381 0.0 C 91 
   1037 1.937 0.0 HB1 94 
   554 64.045 0.0 CA 51 
   32 0.979 0.0 HG11 4 
   156 3.281 0.0 HD2 17 
   118 2.63 0.0 HB2 12 
   376 1.502 0.0 HB2 37 
   824 -0.729 0.0 HB3 76 
   157 3.281 0.0 HD3 17 
   954 33.678 0.0 CB 87 
   1246 5.608 0.0 HA 113 
   470 130.2 0.0 CE1 44 
   685 22.675 0.0 CG1 63 
   1273 41.456 0.0 CE 114 
   997 53.955 0.0 CA 91 
   250 4.576 0.0 HA 24 
   1361 58.524 0.0 CA 121 
   1314 26.928 0.0 CG 118 
   1016 124.784 0.0 N 92 
   364 6.75 0.0 HE2 36 
   354 30.325 0.0 CB 35 
   151 48.106 0.0 CA 16 
   1415 0.75 0.0 HB 127 
   22 4.002 0.0 HA 3 
   878 1.524 0.0 HG 79 
   6 176.41 0.0 C 1 
   565 3.938 0.0 HA 53 
   546 103.746 0.0 N 50 
   202 4.243 0.0 HA 20 
   672 119.139 0.0 N 62 
   781 3.11 0.0 HB3 73 
   1324 7.531 0.0 HZ2 119 
   284 50.19 0.0 CD 28 
   104 7.598 0.0 HD1 11 
   108 178.9 0.0 C 11 
   1403 119.909 0.0 N 125 
   1345 57.29 0.0 CA 120 
   766 172.0 0.0 C 71 
   189 0.589 0.0 HD13 19 
   1224 53.985 0.0 CA 111 
   357 8.099 0.0 H 36 
   644 3.02 0.0 HB2 59 
   1380 1.878 0.0 HG2 123 
   676 0.998 0.0 HG11 63 
   1201 176.252 0.0 C 109 
   435 2.401 0.0 HB3 42 
   445 29.151 0.0 CD 42 
   557 121.694 0.0 N 51 
   738 32.56 0.0 CB 68 
   52 7.704 0.0 H 6 
   394 2.1 0.0 HB3 39 
   1391 45.365 0.0 CA 124 
   418 0.761 0.0 HD11 41 
   45 4.584 0.0 HA 5 
   775 52.5 0.0 CA 72 
   1253 173.52 0.0 C 113 
   91 4.483 0.0 HB 10 
   1226 32.464 0.0 CG 111 
   1413 7.916 0.0 H 127 
   1078 3.228 0.0 HD2 97 
   365 176.705 0.0 C 36 
   1077 1.572 0.0 HB3 97 
   144 176.5 0.0 C 15 
   1272 29.151 0.0 CD 114 
   309 1.028 0.0 HB3 31 
   782 7.023 0.0 HD1 73 
   371 117.801 0.0 CE2 36 
   1181 129.694 0.0 N 107 
   968 1.236 0.0 HG22 89 
   85 29.151 0.0 CD 9 
   1110 3.905 0.0 HA3 100 
   875 0.689 0.0 HD21 79 
   899 113.782 0.0 N 81 
   751 7.986 0.0 H 70 
   591 2.333 0.0 HB3 55 
   167 1.8 0.0 HB2 18 
   153 4.172 0.0 HA 17 
   140 8.183 0.0 H 15 
   645 2.925 0.0 HB3 59 
   384 1.672 0.0 HB1 38 
   750 117.242 0.0 N 69 
   238 1.707 0.0 HB3 23 
   941 172.805 0.0 C 86 
   737 59.89 0.0 CA 68 
   1291 177.209 0.0 C 116 
   476 2.593 0.0 HB3 45 
   244 54.444 0.0 CA 23 
   1157 5.357 0.0 HA 105 
   993 1.996 0.0 HB3 91 
   684 32.281 0.0 CB 63 
   810 7.719 0.0 H 75 
   548 4.625 0.0 HA 51 
   1239 44.342 0.0 CB 112 
   742 2.066 0.0 HB2 69 
   478 57.459 0.0 CA 45 
   165 6.545 0.0 H 18 
   477 178.0 0.0 C 45 
   314 1.147 0.0 HD22 31 
   523 23.105 0.0 CG1 48 
   9 36.326 0.0 CG 1 
   70 45.052 0.0 CA 8 
   862 176.104 0.0 C 78 
   805 55.851 0.0 CA 74 
   872 0.654 0.0 HD11 79 
   595 1.669 0.0 HG3 55 
   166 4.458 0.0 HA 18 
   328 1.468 0.0 HB3 33 
   1293 27.96 0.0 CB 116 
   302 177.4 0.0 C 30 
   767 58.754 0.0 CA 71 
   870 1.251 0.0 HB2 79 
   162 32.12 0.0 CB 17 
   1277 4.579 0.0 HA 115 
   278 2.142 0.0 HD3 28 
   1148 2.037 0.0 HG2 104 
   519 0.798 0.0 HG23 48 
   902 3.83 0.0 HB2 82 
   27 28.658 0.0 CB 3 
   868 9.244 0.0 H 79 
   1323 6.967 0.0 HH2 119 
   390 119.703 0.0 N 38 
   973 21.775 0.0 CG2 89 
   33 0.979 0.0 HG12 4 
   1326 175.5 0.0 C 119 
   992 1.996 0.0 HB2 91 
   708 59.999 0.0 CA 65 
   1351 115.506 0.0 N 120 
   1429 4.298 0.0 HA 128 
   255 64.524 0.0 CB 24 
   1229 9.143 0.0 H 112 
   1222 2.355 0.0 HG3 111 
   201 8.213 0.0 H 20 
   754 2.218 0.0 HB3 70 
   747 59.545 0.0 CA 69 
   363 6.75 0.0 HE1 36 
   917 36.115 0.0 CG 83 
   380 18.245 0.0 CB 37 
   693 7.734 0.0 HD22 64 
   631 0.806 0.0 HD21 58 
   510 119.187 0.0 N 47 
   1005 7.035 0.0 HD1 92 
   179 25.729 0.0 CD1 18 
   1254 54.651 0.0 CA 113 
   730 8.221 0.0 H 68 
   181 28.33 0.0 CG 18 
   336 43.145 0.0 CD 33 
   1329 125.3 0.0 CD1 119 
   1112 45.456 0.0 CA 100 
   78 2.937 0.0 HE2 9 
   479 39.895 0.0 CB 45 
   1125 1.9 0.0 HG3 102 
   344 63.245 0.0 CB 34 
   1390 172.204 0.0 C 124 
   315 1.147 0.0 HD23 31 
   47 2.92 0.0 HB3 5 
   237 1.524 0.0 HB2 23 
   842 1.648 0.0 HB3 77 
   1076 1.689 0.0 HB2 97 
   39 63.31 0.0 CA 4 
   502 0.479 0.0 HG22 47 
   37 0.979 0.0 HG23 4 
   970 173.801 0.0 C 89 
   1393 8.229 0.0 H 125 
   965 5.861 0.0 HA 89 
   715 1.416 0.0 HB1 66 
   713 7.586 0.0 H 66 
   438 3.341 0.0 HE2 42 
   489 178.007 0.0 C 46 
   562 51.935 0.0 CA 52 
   1242 130.35 0.0 CE1 112 
   777 122.633 0.0 N 72 
   437 1.611 0.0 HD3 42 
   1150 174.031 0.0 C 104 
   148 8.026 0.0 H 16 
   132 7.486 0.0 H 14 
   773 2.475 0.0 HB3 72 
   1405 4.473 0.0 HA 126 
   663 59.65 0.0 CA 61 
   113 118.8 0.0 CE1 11 
   421 0.717 0.0 HD21 41 
   436 1.74 0.0 HD2 42 
   205 1.402 0.0 HB3 20 
   1399 174.408 0.0 C 125 
   1278 1.303 0.0 HB1 115 
   143 2.495 0.0 HB3 15 
   854 4.11 0.0 HA 78 
   1360 174.025 0.0 C 121 
   42 21.175 0.0 CG2 4 
   1116 4.288 0.0 HA3 101 
   423 0.717 0.0 HD23 41 
   538 4.595 0.0 HB 50 
   533 30.291 0.0 CB 49 
   1182 8.243 0.0 H 108 
   3 2.003 0.0 HB3 1 
   1212 59.029 0.0 CA 110 
   785 6.582 0.0 HE2 73 
   1307 3.037 0.0 HD3 118 
   1073 120.365 0.0 N 96 
   846 1.498 0.0 HG3 77 
   79 2.903 0.0 HE3 9 
   1220 7.652 0.0 HE22 111 
   540 0.509 0.0 HG22 50 
   1347 133.1 0.0 CD1 120 
   1407 1.334 0.0 HB2 126 
   1146 6.978 0.0 HE21 104 
   490 62.32 0.0 CA 46 
   1075 4.526 0.0 HA 97 
   13 2.932 0.0 HB3 2 
   877 0.689 0.0 HD23 79 
   331 0.87 0.0 HG2 33 
   680 0.909 0.0 HG22 63 
   1396 2.028 0.0 HB3 125 
   316 1.485 0.0 HG 31 
   1053 54.651 0.0 CA 95 
   349 1.91 0.0 HB3 35 
   135 2.938 0.0 HB3 14 
   764 2.725 0.0 HB2 71 
   1339 2.875 0.0 HB3 120 
   669 179.5 0.0 C 62 
   96 62.155 0.0 CA 10 
   1047 1.75 0.0 HB3 95 
   518 0.798 0.0 HG22 48 
   984 173.64 0.0 C 90 
   1328 31.82 0.0 CB 119 
   43 128.077 0.0 N 4 
   90 4.478 0.0 HA 10 
   622 39.937 0.0 CB 57 
   700 3.481 0.0 HA 65 
   1335 127.86 0.0 NE1 119 
   774 175.305 0.0 C 72 
   765 3.17 0.0 HB3 71 
   272 7.106 0.0 H 27 
   1176 6.803 0.0 HD2 107 
   1113 109.645 0.0 N 100 
