   1335 24.143 0.0 CD2 109 
   844 0.118 0.0 HG21 70 
   737 118.169 0.0 N 61 
   518 128.415 0.0 N 43 
   1208 171.528 0.0 C 99 
   342 4.566 0.0 HA 31 
   625 9.528 0.0 H 52 
   158 2.044 0.0 HB2 17 
   309 3.084 0.0 HD3 28 
   540 4.13 0.0 HA 46 
   805 53.307 0.0 CA 67 
   916 7.499 0.0 H 77 
   503 2.221 0.0 HB2 43 
   37 21.185 0.0 CG1 5 
   626 4.903 0.0 HA 52 
   984 131.99 0.0 CD2 81 
   1308 4.342 0.0 HA 108 
   581 0.789 0.0 HD23 49 
   1292 174.911 0.0 C 106 
   552 3.068 0.0 HD3 47 
   973 3.113 0.0 HB2 81 
   202 0.832 0.0 HD12 20 
   485 1.815 0.0 HB 42 
   32 0.884 0.0 HG22 5 
   610 2.552 0.0 HB3 51 
   614 7.022 0.0 HE2 51 
   340 122.775 0.0 N 30 
   644 1.601 0.0 HG3 53 
   697 3.592 0.0 HA 58 
   1269 2.941 0.0 HG2 104 
   224 28.59 0.0 CB 21 
   1251 6.685 0.0 HZ3 103 
   609 3.28 0.0 HB2 51 
   1250 6.476 0.0 HZ2 103 
   696 8.306 0.0 H 58 
   501 9.031 0.0 H 43 
   680 24.042 0.0 CD1 56 
   143 4.203 0.0 HA 16 
   733 3.771 0.0 HA2 61 
   1136 58.032 0.0 CA 93 
   277 7.753 0.0 H 26 
   172 4.121 0.0 HA 18 
   976 6.984 0.0 HD2 81 
   1008 68.085 0.0 CB 83 
   1073 121.549 0.0 N 88 
   1042 1.871 0.0 HB2 86 
   197 8.034 0.0 H 20 
   191 177.964 0.0 C 19 
   1178 4.322 0.0 HA 97 
   1219 1.459 0.0 HB1 101 
   297 0.897 0.0 HD23 27 
   1305 119.178 0.0 CD2 107 
   286 22.829 0.0 CG2 26 
   482 128.169 0.0 N 41 
   155 122.38 0.0 N 16 
   1242 8.089 0.0 H 103 
   1321 4.315 0.0 HA 109 
   1067 0.83 0.0 HG23 88 
   1027 26.393 0.0 CG 84 
   995 178.206 0.0 C 82 
   588 27.673 0.0 CG 49 
   67 112.954 0.0 ND2 8 
   1057 44.193 0.0 CB 87 
   1279 1.426 0.0 HB1 105 
   979 6.755 0.0 HZ 81 
   1100 7.464 0.0 H 91 
   691 59.107 0.0 CA 57 
   892 1.915 0.0 HB3 74 
   1041 4.768 0.0 HA 86 
   1230 1.624 0.0 HD3 102 
   1058 121.904 0.0 N 87 
   1082 8.799 0.0 H 90 
   466 4.852 0.0 HA 41 
   354 9.231 0.0 H 32 
   617 56.966 0.0 CA 51 
   83 0.86 0.0 HD11 10 
   303 119.999 0.0 N 27 
   228 7.939 0.0 H 22 
   854 8.778 0.0 H 71 
   219 7.622 0.0 HE21 21 
   840 0.635 0.0 HD12 70 
   6 2.037 0.0 HE3 3 
   1061 1.943 0.0 HB 88 
   1139 22.143 0.0 CD2 93 
   368 117.341 0.0 CE2 32 
   933 115.627 0.0 N 77 
   645 178.611 0.0 C 53 
   1135 174.204 0.0 C 93 
   444 61.503 0.0 CA 39 
   245 1.795 0.0 HB3 23 
   416 108.087 0.0 N 37 
   1273 33.268 0.0 CB 104 
   749 4.537 0.0 HB 63 
   213 26.891 0.0 CG 20 
   918 1.608 0.0 HB2 77 
   985 130.512 0.0 CE1 81 
   298 175.89 0.0 C 27 
   659 4.94 0.0 HA 55 
   569 32.524 0.0 CB 48 
   448 19.58 0.0 CG2 39 
   1293 55.883 0.0 CA 106 
   1066 0.83 0.0 HG22 88 
   566 1.94 0.0 HG3 48 
   1075 4.745 0.0 HA 89 
   1228 1.689 0.0 HB3 102 
   1264 2.067 0.0 HB2 104 
   304 9.619 0.0 H 28 
   903 4.211 0.0 HA 75 
   1328 1.014 0.0 HD22 109 
   254 4.315 0.0 HA 24 
   1263 3.644 0.0 HA 104 
   755 21.938 0.0 CG2 63 
   1338 8.637 0.0 H 110 
   608 4.974 0.0 HA 51 
   744 52.177 0.0 CA 62 
   1117 116.561 0.0 N 91 
   1313 1.807 0.0 HG2 108 
   395 177.168 0.0 C 35 
   55 19.004 0.0 CB 7 
   1247 9.086 0.0 HE1 103 
   871 1.629 0.0 HG12 72 
   42 3.879 0.0 HB2 6 
   843 0.613 0.0 HG13 70 
   179 29.811 0.0 CB 18 
   699 0.928 0.0 HB2 58 
   635 43.598 0.0 CD 52 
   459 174.702 0.0 C 40 
   783 1.925 0.0 HB3 66 
   1340 1.398 0.0 HB1 110 
   1205 7.684 0.0 H 99 
   363 57.485 0.0 CA 32 
   41 4.402 0.0 HA 6 
   684 7.214 0.0 H 57 
   580 0.789 0.0 HD22 49 
   651 4.702 0.0 HA 54 
   1215 58.114 0.0 CA 100 
   1225 8.543 0.0 H 102 
   1352 64.896 0.0 CB 111 
   258 7.074 0.0 HD2 24 
   964 55.493 0.0 CA 80 
   710 -0.209 0.0 HG23 59 
   417 6.622 0.0 H 38 
   741 1.112 0.0 HB2 62 
   630 3.332 0.0 HD3 52 
   1076 4.014 0.0 HB2 89 
   679 42.559 0.0 CB 56 
   144 1.84 0.0 HB2 16 
   1295 36.323 0.0 CG 106 
   986 130.512 0.0 CE2 81 
   1302 7.911 0.0 HE1 107 
   1188 43.281 0.0 CD 97 
   752 1.15 0.0 HG23 63 
   762 2.185 0.0 HG2 64 
   1079 56.08 0.0 CA 89 
   20 176.331 0.0 C 4 
   233 3.132 0.0 HD3 22 
   647 30.867 0.0 CB 53 
   1108 0.555 0.0 HG21 91 
   260 6.701 0.0 HE2 24 
   118 4.218 0.0 HA 13 
   989 7.466 0.0 H 82 
   362 174.519 0.0 C 32 
   983 131.99 0.0 CD1 81 
   1324 1.06 0.0 HD11 109 
   1300 1.173 0.0 HB3 107 
   109 4.201 0.0 HA 12 
   920 0.842 0.0 HD11 77 
   1119 3.827 0.0 HA2 92 
   1069 61.447 0.0 CA 88 
   584 53.785 0.0 CA 49 
   255 2.895 0.0 HB2 24 
   131 59.538 0.0 CA 14 
   969 117.499 0.0 CE2 80 
   714 19.939 0.0 CG2 59 
   1326 1.06 0.0 HD13 109 
   210 42.252 0.0 CB 20 
   176 2.198 0.0 HG3 18 
   484 4.729 0.0 HA 42 
   7 2.532 0.0 HG2 3 
   775 178.76 0.0 C 65 
   901 27.83 0.0 CG 74 
   619 131.545 0.0 CD1 51 
   246 1.981 0.0 HG2 23 
   215 8.157 0.0 H 21 
   1009 23.764 0.0 CG2 83 
   537 114.155 0.0 N 45 
   36 32.906 0.0 CB 5 
   165 177.442 0.0 C 17 
   1044 2.428 0.0 HG2 86 
   1063 0.724 0.0 HG12 88 
   1333 42.849 0.0 CB 109 
   1154 57.332 0.0 CA 94 
   1060 4.191 0.0 HA 88 
   554 1.442 0.0 HG3 47 
   284 59.488 0.0 CA 26 
   1142 8.317 0.0 H 94 
   1070 35.256 0.0 CB 88 
   180 36.33 0.0 CG 18 
   794 4.296 0.0 HA 67 
   942 1.744 0.0 HB 79 
   723 6.914 0.0 HE2 60 
   106 36.09 0.0 CG 11 
   1268 2.298 0.0 HE3 104 
   615 7.149 0.0 HZ 51 
   1252 181.021 0.0 C 103 
   833 28.69 0.0 CB 69 
   86 0.81 0.0 HD21 10 
   171 8.19 0.0 H 18 
   121 1.401 0.0 HB3 13 
   765 65.999 0.0 CA 64 
   1218 4.02 0.0 HA 101 
   1026 22.07 0.0 CD2 84 
   1184 1.434 0.0 HG3 97 
   980 176.311 0.0 C 81 
   998 35.923 0.0 CG 82 
   1035 175.01 0.0 C 85 
   852 18.6 0.0 CG2 70 
   521 1.364 0.0 HB1 44 
   695 109.665 0.0 NE2 57 
   421 0.713 0.0 HG12 38 
   1318 50.22 0.0 CD 108 
   2 2.029 0.0 HB2 3 
   968 117.499 0.0 CE1 80 
   1123 103.835 0.0 N 92 
   768 28.234 0.0 CG 64 
   562 5.281 0.0 HA 48 
   795 1.403 0.0 HB2 67 
   492 0.921 0.0 HG22 42 
   27 2.016 0.0 HB 5 
   129 3.873 0.0 HB3 14 
   1220 1.459 0.0 HB2 101 
   511 1.668 0.0 HG 43 
   1148 0.88 0.0 HD13 94 
   639 2.014 0.0 HB2 53 
   988 126.963 0.0 N 81 
   522 1.364 0.0 HB2 44 
   890 4.309 0.0 HA 74 
   84 0.86 0.0 HD12 10 
   692 28.159 0.0 CB 57 
   341 8.341 0.0 H 31 
   411 7.908 0.0 H 37 
   218 1.928 0.0 HB3 21 
   814 1.811 0.0 HB3 68 
   24 122.855 0.0 N 4 
   769 8.522 0.0 H 65 
   92 42.02 0.0 CB 10 
   474 174.17 0.0 C 41 
   908 64.358 0.0 CB 75 
   149 1.556 0.0 HG3 16 
   1124 7.615 0.0 H 93 
   728 133.724 0.0 CD2 60 
   730 118.264 0.0 CE2 60 
   798 -0.04 0.0 HD12 67 
   437 0.827 0.0 HD13 39 
   947 0.488 0.0 HG22 79 
   146 3.165 0.0 HD2 16 
   880 28.809 0.0 CG1 72 
   61 6.882 0.0 HD21 8 
   294 0.75 0.0 HD13 27 
   652 2.966 0.0 HB2 54 
   73 2.204 0.0 HG3 9 
   140 63.455 0.0 CB 15 
   1085 1.073 0.0 HB3 90 
   838 1.325 0.0 HB 70 
   324 64.918 0.0 CB 29 
   1047 54.406 0.0 CA 86 
   1315 176.899 0.0 C 108 
   465 9.605 0.0 H 41 
   1033 2.205 0.0 HG2 85 
   577 0.712 0.0 HD12 49 
   604 41.911 0.0 CE 50 
   579 0.789 0.0 HD21 49 
   1303 53.158 0.0 CA 107 
   675 0.1 0.0 HD23 56 
   34 176.074 0.0 C 5 
   879 13.45 0.0 CD1 72 
   620 131.545 0.0 CD2 51 
   1024 42.208 0.0 CB 84 
   166 57.361 0.0 CA 17 
   352 122.553 0.0 N 31 
   532 6.441 0.0 HD21 45 
   107 120.956 0.0 N 11 
   770 3.908 0.0 HA 65 
   1054 2.509 0.0 HB3 87 
   1017 0.451 0.0 HD13 84 
   449 122.144 0.0 N 39 
   907 58.685 0.0 CA 75 
   1101 3.198 0.0 HA 91 
   25 8.177 0.0 H 5 
   1103 0.62 0.0 HD11 91 
   299 56.06 0.0 CA 27 
   337 34.762 0.0 CB 30 
   281 1.162 0.0 HG22 26 
   1210 105.916 0.0 N 99 
   1195 3.779 0.0 HD2 98 
   1294 30.476 0.0 CB 106 
   681 23.002 0.0 CD2 56 
   560 121.275 0.0 N 47 
   1116 17.114 0.0 CG2 91 
   1072 22.104 0.0 CG2 88 
   370 8.36 0.0 H 33 
   136 3.912 0.0 HB2 15 
   864 126.24 0.0 N 71 
   835 118.394 0.0 N 69 
   308 3.145 0.0 HD2 28 
   478 132.608 0.0 CD2 41 
   156 8.14 0.0 H 17 
   683 118.239 0.0 N 56 
   243 4.083 0.0 HA 23 
   426 173.629 0.0 C 38 
   742 1.112 0.0 HB3 62 
   662 175.935 0.0 C 55 
   1245 3.08 0.0 HB3 103 
   913 174.359 0.0 C 76 
   267 118.071 0.0 CE2 24 
   834 35.395 0.0 CG 69 
   211 25.394 0.0 CD1 20 
   1248 6.803 0.0 HE3 103 
   97 8.147 0.0 H 11 
   396 59.18 0.0 CA 35 
   116 124.06 0.0 N 12 
   301 26.22 0.0 CD1 27 
   346 2.141 0.0 HG2 31 
   450 8.934 0.0 H 40 
   497 13.076 0.0 CD1 42 
   757 3.427 0.0 HA 64 
   454 0.769 0.0 HG12 40 
   1275 32.912 0.0 CG 104 
   398 36.377 0.0 CG 35 
   223 57.396 0.0 CA 21 
   14 8.628 0.0 H 4 
   650 7.948 0.0 H 54 
   58 4.571 0.0 HA 8 
   663 55.404 0.0 CA 55 
   141 117.597 0.0 N 15 
   359 6.794 0.0 HD2 32 
   464 126.626 0.0 N 40 
   818 1.681 0.0 HG3 68 
   1213 4.108 0.0 HB2 100 
   199 1.86 0.0 HB2 20 
   856 2.042 0.0 HB2 71 
   671 0.563 0.0 HD12 56 
   1257 124.8 0.0 CH2 103 
   899 31.733 0.0 CB 74 
   1121 176.157 0.0 C 92 
   1134 1.465 0.0 HG 93 
   982 38.413 0.0 CB 81 
   941 4.752 0.0 HA 79 
   477 132.608 0.0 CD1 41 
   251 35.763 0.0 CG 23 
   49 4.212 0.0 HA 7 
   641 3.873 0.0 HD2 53 
   1259 121.776 0.0 CZ3 103 
   587 23.991 0.0 CD2 49 
   1162 2.044 0.0 HB2 95 
   743 177.761 0.0 C 62 
   153 43.249 0.0 CD 16 
   194 17.023 0.0 CE 19 
   512 178.81 0.0 C 43 
   94 23.445 0.0 CD2 10 
   1266 2.298 0.0 HE1 104 
   657 111.513 0.0 N 54 
   1237 32.751 0.0 CB 102 
   628 1.678 0.0 HB3 52 
   1226 3.979 0.0 HA 102 
   77 36.292 0.0 CG 9 
   345 7.418 0.0 HE21 31 
   115 18.829 0.0 CB 12 
   1290 2.19 0.0 HG2 106 
   434 1.87 0.0 HB 39 
   816 3.22 0.0 HD3 68 
   270 4.133 0.0 HA 25 
   385 3.839 0.0 HB3 34 
   669 1.046 0.0 HB3 56 
   157 4.205 0.0 HA 17 
   423 0.574 0.0 HG21 38 
   819 177.1 0.0 C 68 
   457 0.737 0.0 HG22 40 
   244 1.795 0.0 HB2 23 
   386 176.483 0.0 C 34 
   377 1.378 0.0 HG3 33 
   500 123.192 0.0 N 42 
   187 2.03 0.0 HE2 19 
   1014 1.467 0.0 HB3 84 
   486 0.685 0.0 HD11 42 
   162 2.001 0.0 HE3 17 
   509 0.797 0.0 HD22 43 
   1345 19.28 0.0 CB 110 
   1244 3.125 0.0 HB2 103 
   962 6.559 0.0 HE2 80 
   648 49.824 0.0 CD 53 
   574 1.727 0.0 HB2 49 
   330 0.252 0.0 HG12 30 
   1287 3.906 0.0 HA 106 
   836 7.957 0.0 H 70 
   672 0.563 0.0 HD13 56 
   687 0.068 0.0 HB3 57 
   823 27.438 0.0 CG 68 
   159 2.044 0.0 HB3 17 
   928 54.378 0.0 CA 77 
   936 4.045 0.0 HA3 78 
   247 1.908 0.0 HG3 23 
   564 1.672 0.0 HB3 48 
   717 4.115 0.0 HA 60 
   612 7.186 0.0 HD2 51 
   812 4.191 0.0 HA 68 
   915 109.752 0.0 N 76 
   1202 43.141 0.0 CD 98 
   981 57.116 0.0 CA 81 
   1238 29.357 0.0 CD 102 
   19 2.199 0.0 HG3 4 
   592 1.613 0.0 HB2 50 
   1074 8.503 0.0 H 89 
   930 26.039 0.0 CD1 77 
   1192 3.921 0.0 HA 98 
   954 116.911 0.0 N 79 
   553 1.653 0.0 HG2 47 
   842 1.246 0.0 HG12 70 
   746 123.335 0.0 N 62 
   1051 8.63 0.0 H 87 
   1114 13.047 0.0 CD1 91 
   480 130.657 0.0 CE2 41 
   105 29.983 0.0 CB 11 
   420 0.713 0.0 HG11 38 
   1149 0.839 0.0 HD21 94 
   130 175.451 0.0 C 14 
   977 6.86 0.0 HE1 81 
   463 21.935 0.0 CG2 40 
   335 173.89 0.0 C 30 
   353 111.73 0.0 NE2 31 
   1102 1.437 0.0 HB 91 
   415 46.016 0.0 CA 37 
   1059 9.051 0.0 H 88 
   1351 59.865 0.0 CA 111 
   101 2.227 0.0 HG2 11 
   934 7.647 0.0 H 78 
   89 1.587 0.0 HG 10 
   557 30.762 0.0 CB 47 
   656 39.184 0.0 CB 54 
   8 2.492 0.0 HG3 3 
   541 3.176 0.0 HB2 46 
   381 26.709 0.0 CG 33 
   548 4.133 0.0 HA 47 
   91 56.126 0.0 CA 10 
   803 1.287 0.0 HG 67 
   33 0.884 0.0 HG23 5 
   678 52.687 0.0 CA 56 
   1343 176.868 0.0 C 110 
   885 4.148 0.0 HB2 73 
   200 1.476 0.0 HB3 20 
   52 1.354 0.0 HB3 7 
   1095 42.674 0.0 CB 90 
   1151 0.839 0.0 HD23 94 
   56 126.064 0.0 N 7 
   289 4.249 0.0 HA 27 
   203 0.832 0.0 HD13 20 
   1322 1.658 0.0 HB2 109 
   404 2.193 0.0 HG2 36 
   1288 1.513 0.0 HB2 106 
   1126 1.663 0.0 HB2 93 
   64 53.841 0.0 CA 8 
   241 119.729 0.0 N 22 
   1200 56.621 0.0 CA 98 
   460 61.243 0.0 CA 40 
   514 42.395 0.0 CB 43 
   750 1.15 0.0 HG21 63 
   414 174.303 0.0 C 37 
   318 7.994 0.0 H 29 
   410 115.94 0.0 N 36 
   399 121.527 0.0 N 35 
   442 0.365 0.0 HG23 39 
   206 0.854 0.0 HD23 20 
   993 2.169 0.0 HG2 82 
   1055 175.722 0.0 C 87 
   429 21.782 0.0 CG1 38 
   432 9.458 0.0 H 39 
   321 3.555 0.0 HB3 29 
   510 0.797 0.0 HD23 43 
   402 2.002 0.0 HB2 36 
   839 0.635 0.0 HD11 70 
   1039 114.551 0.0 N 85 
   958 2.826 0.0 HB3 80 
   1183 1.544 0.0 HG2 97 
   11 32.91 0.0 CB 3 
   555 174.209 0.0 C 47 
   350 32.865 0.0 CB 31 
   602 35.539 0.0 CB 50 
   1181 3.087 0.0 HD2 97 
   756 111.934 0.0 N 63 
   1125 3.727 0.0 HA 93 
   320 3.731 0.0 HB2 29 
   296 0.897 0.0 HD22 27 
   653 2.515 0.0 HB3 54 
   1133 0.068 0.0 HD23 93 
   568 54.347 0.0 CA 48 
   837 4.508 0.0 HA 70 
   632 1.861 0.0 HG3 52 
   966 133.192 0.0 CD1 80 
   1348 4.214 0.0 HA 111 
   169 32.011 0.0 CG 17 
   1084 1.612 0.0 HB2 90 
   748 4.522 0.0 HA 63 
   138 175.478 0.0 C 15 
   458 0.737 0.0 HG23 40 
   919 1.608 0.0 HB3 77 
   1048 34.491 0.0 CB 86 
   1282 179.136 0.0 C 105 
   1127 1.079 0.0 HB3 93 
   135 4.394 0.0 HA 15 
   776 59.383 0.0 CA 65 
   716 7.089 0.0 H 60 
   900 50.653 0.0 CD 74 
   1309 2.209 0.0 HB2 108 
   1010 115.091 0.0 N 83 
   1106 1.169 0.0 HG12 91 
   931 23.53 0.0 CD2 77 
   661 3.034 0.0 HB3 55 
   333 0.674 0.0 HG22 30 
   1344 52.539 0.0 CA 110 
   1320 8.467 0.0 H 109 
   184 2.117 0.0 HB2 19 
   1071 21.209 0.0 CG1 88 
   1281 1.426 0.0 HB3 105 
   886 3.722 0.0 HB3 73 
   563 1.791 0.0 HB2 48 
   1336 27.041 0.0 CG 109 
   1087 0.758 0.0 HD12 90 
   862 32.946 0.0 CB 71 
   978 6.86 0.0 HE2 81 
   317 123.653 0.0 N 28 
   665 116.732 0.0 N 55 
   13 31.901 0.0 CG 3 
   1276 117.096 0.0 N 104 
   1298 4.435 0.0 HA 107 
   1172 4.236 0.0 HA2 96 
   328 1.586 0.0 HB 30 
   278 4.43 0.0 HA 26 
   1005 1.317 0.0 HG23 83 
   467 3.304 0.0 HB2 41 
   809 25.235 0.0 CG 67 
   932 26.477 0.0 CG 77 
