   181 119.875 0.0 N 18 
   1352 64.896 0.0 CB 111 
   104 57.085 0.0 CA 11 
   1117 116.561 0.0 N 91 
   274 58.413 0.0 CA 25 
   671 0.563 0.0 HD12 56 
   1282 179.136 0.0 C 105 
   921 0.842 0.0 HD12 77 
   21 56.669 0.0 CA 4 
   1288 1.513 0.0 HB2 106 
   592 1.613 0.0 HB2 50 
   819 177.1 0.0 C 68 
   1060 4.191 0.0 HA 88 
   336 60.933 0.0 CA 30 
   812 4.191 0.0 HA 68 
   804 174.721 0.0 C 67 
   1110 0.555 0.0 HG23 91 
   620 131.545 0.0 CD2 51 
   1083 3.798 0.0 HA 90 
   545 39.065 0.0 CB 46 
   969 117.499 0.0 CE2 80 
   531 2.661 0.0 HB3 45 
   627 2.135 0.0 HB2 52 
   1137 41.703 0.0 CB 93 
   364 38.922 0.0 CB 32 
   268 118.678 0.0 N 24 
   1239 42.11 0.0 CE 102 
   248 176.858 0.0 C 23 
   333 0.674 0.0 HG22 30 
   1238 29.357 0.0 CD 102 
   461 33.244 0.0 CB 40 
   604 41.911 0.0 CE 50 
   732 8.751 0.0 H 61 
   820 58.094 0.0 CA 68 
   1112 64.55 0.0 CA 91 
   228 7.939 0.0 H 22 
   1264 2.067 0.0 HB2 104 
   279 4.215 0.0 HB 26 
   1074 8.503 0.0 H 89 
   287 104.093 0.0 N 26 
   438 1.863 0.0 HG12 39 
   825 7.852 0.0 H 69 
   1134 1.465 0.0 HG 93 
   714 19.939 0.0 CG2 59 
   1079 56.08 0.0 CA 89 
   951 34.536 0.0 CB 79 
   1194 2.763 0.0 HB3 98 
   947 0.488 0.0 HG22 79 
   162 2.001 0.0 HE3 17 
   1227 1.826 0.0 HB2 102 
   187 2.03 0.0 HE2 19 
   1218 4.02 0.0 HA 101 
   894 3.907 0.0 HD3 74 
   805 53.307 0.0 CA 67 
   776 59.383 0.0 CA 65 
   733 3.771 0.0 HA2 61 
   1022 175.527 0.0 C 84 
   912 3.67 0.0 HA3 76 
   261 175.685 0.0 C 24 
   565 2.222 0.0 HG2 48 
   1122 47.672 0.0 CA 92 
   513 54.59 0.0 CA 43 
   623 129.351 0.0 CZ 51 
   325 111.229 0.0 N 29 
   1057 44.193 0.0 CB 87 
   1232 2.947 0.0 HE3 102 
   243 4.083 0.0 HA 23 
   476 39.031 0.0 CB 41 
   1139 22.143 0.0 CD2 93 
   256 2.791 0.0 HB3 24 
   1000 9.023 0.0 H 83 
   246 1.981 0.0 HG2 23 
   553 1.653 0.0 HG2 47 
   1241 119.022 0.0 N 102 
   569 32.524 0.0 CB 48 
   1226 3.979 0.0 HA 102 
   441 0.365 0.0 HG22 39 
   1062 0.724 0.0 HG11 88 
   482 128.169 0.0 N 41 
   517 28.618 0.0 CG 43 
   1279 1.426 0.0 HB1 105 
   83 0.86 0.0 HD11 10 
   1111 177.553 0.0 C 91 
   304 9.619 0.0 H 28 
   803 1.287 0.0 HG 67 
   1222 181.335 0.0 C 101 
   41 4.402 0.0 HA 6 
   135 4.394 0.0 HA 15 
   1178 4.322 0.0 HA 97 
   961 6.559 0.0 HE1 80 
   831 174.904 0.0 C 69 
   124 18.835 0.0 CB 13 
   1284 17.87 0.0 CB 105 
   646 65.032 0.0 CA 53 
   1174 174.742 0.0 C 96 
   890 4.309 0.0 HA 74 
   702 54.433 0.0 CA 58 
   471 7.087 0.0 HE1 41 
   871 1.629 0.0 HG12 72 
   1054 2.509 0.0 HB3 87 
   180 36.33 0.0 CG 18 
   784 7.328 0.0 HE21 66 
   1297 7.064 0.0 H 107 
   175 2.198 0.0 HG2 18 
   1332 55.074 0.0 CA 109 
   1246 7.018 0.0 HD1 103 
   460 61.243 0.0 CA 40 
   182 7.963 0.0 H 19 
   309 3.084 0.0 HD3 28 
   980 176.311 0.0 C 81 
   786 2.098 0.0 HG3 66 
   1294 30.476 0.0 CB 106 
   202 0.832 0.0 HD12 20 
   641 3.873 0.0 HD2 53 
   1103 0.62 0.0 HD11 91 
   759 1.816 0.0 HB3 64 
   826 4.487 0.0 HA 69 
   925 0.824 0.0 HD23 77 
   174 2.003 0.0 HB3 18 
   494 176.006 0.0 C 42 
   1197 1.615 0.0 HG2 98 
   709 -0.209 0.0 HG22 59 
   749 4.537 0.0 HB 63 
   269 7.403 0.0 H 25 
   45 58.096 0.0 CA 6 
   44 174.496 0.0 C 6 
   357 2.697 0.0 HB3 32 
   351 33.242 0.0 CG 31 
   264 132.98 0.0 CD1 24 
   1177 8.717 0.0 H 97 
   584 53.785 0.0 CA 49 
   459 174.702 0.0 C 40 
   166 57.361 0.0 CA 17 
   712 59.886 0.0 CA 59 
   916 7.499 0.0 H 77 
   262 58.621 0.0 CA 24 
   469 7.257 0.0 HD1 41 
   400 7.08 0.0 H 36 
   1126 1.663 0.0 HB2 93 
   193 32.162 0.0 CB 19 
   71 1.998 0.0 HB3 9 
   1192 3.921 0.0 HA 98 
   412 3.965 0.0 HA2 37 
   385 3.839 0.0 HB3 34 
   1068 174.389 0.0 C 88 
   1212 4.419 0.0 HA 100 
   814 1.811 0.0 HB3 68 
   73 2.204 0.0 HG3 9 
   829 2.202 0.0 HG2 69 
   904 3.917 0.0 HB2 75 
   861 54.724 0.0 CA 71 
   637 125.064 0.0 N 52 
   5 2.037 0.0 HE2 3 
   546 111.628 0.0 N 46 
   172 4.121 0.0 HA 18 
   19 2.199 0.0 HG3 4 
   656 39.184 0.0 CB 54 
   131 59.538 0.0 CA 14 
   1150 0.839 0.0 HD22 94 
   463 21.935 0.0 CG2 40 
   88 0.81 0.0 HD23 10 
   755 21.938 0.0 CG2 63 
   424 0.574 0.0 HG22 38 
   1153 178.947 0.0 C 94 
   789 29.542 0.0 CB 66 
   115 18.829 0.0 CB 12 
   15 4.276 0.0 HA 4 
   288 9.148 0.0 H 27 
   1077 3.766 0.0 HB3 89 
   1154 57.332 0.0 CA 94 
   53 178.059 0.0 C 7 
   1251 6.685 0.0 HZ3 103 
   1157 23.025 0.0 CD2 94 
   996 59.66 0.0 CA 82 
   1033 2.205 0.0 HG2 85 
   1205 7.684 0.0 H 99 
   362 174.519 0.0 C 32 
   1291 1.91 0.0 HG3 106 
   323 57.62 0.0 CA 29 
   532 6.441 0.0 HD21 45 
   1256 118.379 0.0 CE3 103 
   417 6.622 0.0 H 38 
   22 29.994 0.0 CB 4 
   1351 59.865 0.0 CA 111 
   164 2.52 0.0 HG3 17 
   376 1.44 0.0 HG2 33 
   371 4.439 0.0 HA 33 
   1317 32.352 0.0 CB 108 
   981 57.116 0.0 CA 81 
   402 2.002 0.0 HB2 36 
   901 27.83 0.0 CG 74 
   889 125.865 0.0 N 73 
   139 59.384 0.0 CA 15 
   398 36.377 0.0 CG 35 
   952 21.455 0.0 CG1 79 
   1292 174.911 0.0 C 106 
   280 1.162 0.0 HG21 26 
   58 4.571 0.0 HA 8 
   430 18.467 0.0 CG2 38 
   525 54.489 0.0 CA 44 
   367 117.341 0.0 CE1 32 
   1243 4.036 0.0 HA 103 
   633 55.616 0.0 CA 52 
   956 5.161 0.0 HA 80 
   1161 4.384 0.0 HA 95 
   879 13.45 0.0 CD1 72 
   60 2.712 0.0 HB3 8 
   464 126.626 0.0 N 40 
   137 3.912 0.0 HB3 15 
   595 1.556 0.0 HD3 50 
   43 3.824 0.0 HB3 6 
   210 42.252 0.0 CB 20 
   838 1.325 0.0 HB 70 
   184 2.117 0.0 HB2 19 
   384 3.925 0.0 HB2 34 
   410 115.94 0.0 N 36 
   999 124.087 0.0 N 82 
   278 4.43 0.0 HA 26 
   485 1.815 0.0 HB 42 
   858 2.203 0.0 HG2 71 
   1339 4.335 0.0 HA 110 
   1299 2.411 0.0 HB2 107 
   965 41.026 0.0 CB 80 
   1012 4.131 0.0 HA 84 
   319 4.528 0.0 HA 29 
   857 2.042 0.0 HB3 71 
   1165 2.274 0.0 HG3 95 
   1021 1.476 0.0 HG 84 
   1337 122.868 0.0 N 109 
   1224 17.772 0.0 CB 101 
   1210 105.916 0.0 N 99 
   556 57.292 0.0 CA 47 
   389 9.379 0.0 H 35 
   1216 64.391 0.0 CB 100 
   710 -0.209 0.0 HG23 59 
   46 64.02 0.0 CB 6 
   876 175.825 0.0 C 72 
   958 2.826 0.0 HB3 80 
   50 1.354 0.0 HB1 7 
   432 9.458 0.0 H 39 
   1202 43.141 0.0 CD 98 
   282 1.162 0.0 HG23 26 
   327 4.941 0.0 HA 30 
   301 26.22 0.0 CD1 27 
   431 105.549 0.0 N 38 
   170 119.345 0.0 N 17 
   864 126.24 0.0 N 71 
   774 2.196 0.0 HG3 65 
   859 2.053 0.0 HG3 71 
   198 4.193 0.0 HA 20 
   1326 1.06 0.0 HD13 109 
   392 1.95 0.0 HB3 35 
   188 2.03 0.0 HE3 19 
   118 4.218 0.0 HA 13 
   948 0.488 0.0 HG23 79 
   8 2.492 0.0 HG3 3 
   542 2.79 0.0 HB3 46 
   483 9.051 0.0 H 42 
   1286 6.969 0.0 H 106 
   230 1.794 0.0 HB2 22 
   102 2.197 0.0 HG3 11 
   616 176.043 0.0 C 51 
   213 26.891 0.0 CG 20 
   204 0.854 0.0 HD21 20 
   773 2.328 0.0 HG2 65 
   340 122.775 0.0 N 30 
   1096 23.032 0.0 CD1 90 
   1330 1.647 0.0 HG 109 
   504 1.708 0.0 HB3 43 
   373 1.546 0.0 HB3 33 
   468 2.612 0.0 HB3 41 
   326 8.245 0.0 H 30 
   1009 23.764 0.0 CG2 83 
   596 2.85 0.0 HE2 50 
   1310 1.86 0.0 HB3 108 
   987 127.489 0.0 CZ 81 
   602 35.539 0.0 CB 50 
   318 7.994 0.0 H 29 
   414 174.303 0.0 C 37 
   499 17.509 0.0 CG2 42 
   538 106.735 0.0 ND2 45 
   927 176.209 0.0 C 77 
   347 2.215 0.0 HG3 31 
   413 3.768 0.0 HA3 37 
   1156 26.8 0.0 CD1 94 
   806 41.98 0.0 CB 67 
   133 114.553 0.0 N 14 
   734 3.361 0.0 HA3 61 
   1278 3.948 0.0 HA 105 
   811 7.214 0.0 H 68 
   687 0.068 0.0 HB3 57 
   6 2.037 0.0 HE3 3 
   291 1.158 0.0 HB3 27 
   150 177.474 0.0 C 16 
   140 63.455 0.0 CB 15 
   342 4.566 0.0 HA 31 
   1244 3.125 0.0 HB2 103 
   788 57.206 0.0 CA 66 
   643 2.087 0.0 HG2 53 
   563 1.791 0.0 HB2 48 
   418 4.915 0.0 HA 38 
   848 60.153 0.0 CA 70 
   1093 177.109 0.0 C 90 
   125 122.326 0.0 N 13 
   844 0.118 0.0 HG21 70 
   233 3.132 0.0 HD3 22 
   799 -0.04 0.0 HD13 67 
   1005 1.317 0.0 HG23 83 
   32 0.884 0.0 HG22 5 
   234 1.658 0.0 HG2 22 
   708 -0.209 0.0 HG21 59 
   634 28.313 0.0 CB 52 
   663 55.404 0.0 CA 55 
   1159 119.88 0.0 N 94 
   761 3.801 0.0 HD3 64 
   910 8.418 0.0 H 76 
   1209 45.495 0.0 CA 99 
   519 9.087 0.0 H 44 
   775 178.76 0.0 C 65 
   573 4.681 0.0 HA 49 
   1036 57.064 0.0 CA 85 
   440 0.365 0.0 HG21 39 
   472 7.087 0.0 HE2 41 
   143 4.203 0.0 HA 16 
   1220 1.459 0.0 HB2 101 
   1170 117.117 0.0 N 95 
   153 43.249 0.0 CD 16 
   866 4.208 0.0 HA 72 
   945 0.692 0.0 HG13 79 
   1061 1.943 0.0 HB 88 
   96 121.828 0.0 N 10 
   603 29.631 0.0 CD 50 
   1283 54.605 0.0 CA 105 
   934 7.647 0.0 H 78 
   757 3.427 0.0 HA 64 
   581 0.789 0.0 HD23 49 
   923 0.824 0.0 HD21 77 
   1335 24.143 0.0 CD2 109 
   1099 129.702 0.0 N 90 
   1255 127.212 0.0 CD1 103 
   346 2.141 0.0 HG2 31 
   500 123.192 0.0 N 42 
   1229 1.65 0.0 HD2 102 
   600 175.125 0.0 C 50 
   727 133.724 0.0 CD1 60 
   493 0.921 0.0 HG23 42 
   1136 58.032 0.0 CA 93 
   557 30.762 0.0 CB 47 
   1221 1.459 0.0 HB3 101 
   648 49.824 0.0 CD 53 
   1321 4.315 0.0 HA 109 
   515 25.078 0.0 CD1 43 
   685 2.151 0.0 HA 57 
   1089 0.902 0.0 HD21 90 
   78 121.267 0.0 N 9 
   1142 8.317 0.0 H 94 
   1340 1.398 0.0 HB1 110 
   767 49.993 0.0 CD 64 
   1345 19.28 0.0 CB 110 
   1198 1.141 0.0 HG3 98 
   929 42.125 0.0 CB 77 
   554 1.442 0.0 HG3 47 
   311 1.421 0.0 HG3 28 
   507 0.893 0.0 HD13 43 
   1319 26.852 0.0 CG 108 
   422 0.713 0.0 HG13 38 
   1233 1.398 0.0 HG2 102 
   1003 1.317 0.0 HG21 83 
   16 1.968 0.0 HB2 4 
   249 57.172 0.0 CA 23 
   126 8.165 0.0 H 14 
   321 3.555 0.0 HB3 29 
   654 175.841 0.0 C 54 
   839 0.635 0.0 HD11 70 
   578 0.712 0.0 HD13 49 
   68 8.245 0.0 H 9 
   753 58.845 0.0 CA 63 
   674 0.1 0.0 HD22 56 
   1123 103.835 0.0 N 92 
   1175 45.733 0.0 CA 96 
   294 0.75 0.0 HD13 27 
   1147 0.88 0.0 HD12 94 
   206 0.854 0.0 HD23 20 
   47 119.949 0.0 N 6 
   930 26.039 0.0 CD1 77 
   1133 0.068 0.0 HD23 93 
   30 0.883 0.0 HG13 5 
   477 132.608 0.0 CD1 41 
   962 6.559 0.0 HE2 80 
   539 8.1 0.0 H 46 
   1266 2.298 0.0 HE1 104 
   972 4.47 0.0 HA 81 
   818 1.681 0.0 HG3 68 
   250 30.144 0.0 CB 23 
   1341 1.398 0.0 HB2 110 
   619 131.545 0.0 CD1 51 
   703 20.052 0.0 CB 58 
   454 0.769 0.0 HG12 40 
   891 2.382 0.0 HB2 74 
   189 2.505 0.0 HG2 19 
   1191 7.999 0.0 H 98 
   93 24.876 0.0 CD1 10 
   1065 0.83 0.0 HG21 88 
   870 0.687 0.0 HD13 72 
   136 3.912 0.0 HB2 15 
   38 20.453 0.0 CG2 5 
   902 7.893 0.0 H 75 
   284 59.488 0.0 CA 26 
   1102 1.437 0.0 HB 91 
   1040 6.636 0.0 H 86 
   18 2.199 0.0 HG2 4 
   867 1.671 0.0 HB 72 
   909 109.127 0.0 N 75 
   906 175.703 0.0 C 75 
   270 4.133 0.0 HA 25 
   1298 4.435 0.0 HA 107 
   1 4.425 0.0 HA 3 
   725 60.827 0.0 CA 60 
   224 28.59 0.0 CB 21 
   744 52.177 0.0 CA 62 
   559 27.613 0.0 CG 47 
   113 178.397 0.0 C 12 
   834 35.395 0.0 CG 69 
   869 0.687 0.0 HD12 72 
   583 175.439 0.0 C 49 
   390 4.039 0.0 HA 35 
   940 8.683 0.0 H 79 
   661 3.034 0.0 HB3 55 
   207 1.708 0.0 HG 20 
   676 1.245 0.0 HG 56 
   492 0.921 0.0 HG22 42 
   781 4.059 0.0 HA 66 
   49 4.212 0.0 HA 7 
   682 26.691 0.0 CG 56 
   1323 1.528 0.0 HB3 109 
   27 2.016 0.0 HB 5 
   470 7.257 0.0 HD2 41 
   285 72.209 0.0 CB 26 
   785 2.378 0.0 HG2 66 
   436 0.827 0.0 HD12 39 
   324 64.918 0.0 CB 29 
   1265 2.339 0.0 HB3 104 
   316 26.623 0.0 CG 28 
   251 35.763 0.0 CG 23 
   2 2.029 0.0 HB2 3 
   772 1.946 0.0 HB3 65 
   1152 1.717 0.0 HG 94 
   7 2.532 0.0 HG2 3 
   588 27.673 0.0 CG 49 
   562 5.281 0.0 HA 48 
   217 2.12 0.0 HB2 21 
   1195 3.779 0.0 HD2 98 
   101 2.227 0.0 HG2 11 
   903 4.211 0.0 HA 75 
   849 42.252 0.0 CB 70 
   1213 4.108 0.0 HB2 100 
   796 1.216 0.0 HB3 67 
   1247 9.086 0.0 HE1 103 
   884 4.521 0.0 HA 73 
   739 4.298 0.0 HA 62 
   928 54.378 0.0 CA 77 
   1063 0.724 0.0 HG12 88 
   171 8.19 0.0 H 18 
   1072 22.104 0.0 CG2 88 
   647 30.867 0.0 CB 53 
   836 7.957 0.0 H 70 
   715 99.63 0.0 N 59 
   1257 124.8 0.0 CH2 103 
   1056 52.907 0.0 CA 87 
   937 170.501 0.0 C 78 
   348 174.131 0.0 C 31 
   711 173.265 0.0 C 59 
   918 1.608 0.0 HB2 77 
   1172 4.236 0.0 HA2 96 
   42 3.879 0.0 HB2 6 
   1162 2.044 0.0 HB2 95 
   236 178.223 0.0 C 22 
   1252 181.021 0.0 C 103 
   197 8.034 0.0 H 20 
   395 177.168 0.0 C 35 
   103 177.123 0.0 C 11 
   1078 175.634 0.0 C 89 
   258 7.074 0.0 HD2 24 
   365 133.168 0.0 CD1 32 
   36 32.906 0.0 CB 5 
   300 43.838 0.0 CB 27 
   514 42.395 0.0 CB 43 
   408 32.757 0.0 CB 36 
   267 118.071 0.0 CE2 24 
   39 121.499 0.0 N 5 
   479 130.657 0.0 CE1 41 
   1071 21.209 0.0 CG1 88 
   305 4.445 0.0 HA 28 
   94 23.445 0.0 CD2 10 
   974 2.775 0.0 HB3 81 
   355 4.887 0.0 HA 32 
   795 1.403 0.0 HB2 67 
   1104 0.62 0.0 HD12 91 
   882 129.755 0.0 N 72 
   850 14.445 0.0 CD1 70 
   456 0.737 0.0 HG21 40 
   668 2.211 0.0 HB2 56 
   1211 8.646 0.0 H 100 
   1018 0.647 0.0 HD21 84 
   522 1.364 0.0 HB2 44 
   693 31.891 0.0 CG 57 
   480 130.657 0.0 CE2 41 
   587 23.991 0.0 CD2 49 
   341 8.341 0.0 H 31 
   293 0.75 0.0 HD12 27 
   439 0.821 0.0 HG13 39 
   388 62.613 0.0 CB 34 
   1047 54.406 0.0 CA 86 
   1187 28.806 0.0 CB 97 
   12 16.881 0.0 CE 3 
   386 176.483 0.0 C 34 
   692 28.159 0.0 CB 57 
   1343 176.868 0.0 C 110 
   1001 3.987 0.0 HA 83 
   555 174.209 0.0 C 47 
   9 176.016 0.0 C 3 
   852 18.6 0.0 CG2 70 
   286 22.829 0.0 CG2 26 
   141 117.597 0.0 N 15 
   433 4.323 0.0 HA 39 
   130 175.451 0.0 C 14 
   953 22.452 0.0 CG2 79 
   998 35.923 0.0 CG 82 
   1004 1.317 0.0 HG22 83 
   1189 27.707 0.0 CG 97 
   1304 26.649 0.0 CB 107 
   1228 1.689 0.0 HB3 102 
   120 1.401 0.0 HB2 13 
   1087 0.758 0.0 HD12 90 
   1268 2.298 0.0 HE3 104 
   933 115.627 0.0 N 77 
   938 45.05 0.0 CA 78 
   645 178.611 0.0 C 53 
   13 31.901 0.0 CG 3 
   1049 33.733 0.0 CG 86 
   1148 0.88 0.0 HD13 94 
   448 19.58 0.0 CG2 39 
   31 0.884 0.0 HG21 5 
   487 0.685 0.0 HD12 42 
   1075 4.745 0.0 HA 89 
   1254 29.069 0.0 CB 103 
   1131 0.068 0.0 HD21 93 
   779 114.841 0.0 N 65 
   329 0.252 0.0 HG11 30 
   254 4.315 0.0 HA 24 
   681 23.002 0.0 CD2 56 
   957 2.892 0.0 HB2 80 
   568 54.347 0.0 CA 48 
   1030 3.622 0.0 HA 85 
   989 7.466 0.0 H 82 
   764 179.483 0.0 C 64 
   731 124.377 0.0 N 60 
   1080 64.469 0.0 CB 89 
   473 6.866 0.0 HZ 41 
   405 2.086 0.0 HG3 36 
   75 57.507 0.0 CA 9 
   372 1.712 0.0 HB2 33 
   86 0.81 0.0 HD21 10 
   377 1.378 0.0 HG3 33 
   816 3.22 0.0 HD3 68 
   1303 53.158 0.0 CA 107 
   1179 1.643 0.0 HB2 97 
   748 4.522 0.0 HA 63 
   349 54.359 0.0 CA 31 
   810 117.57 0.0 N 67 
   699 0.928 0.0 HB2 58 
   944 0.692 0.0 HG12 79 
   106 36.09 0.0 CG 11 
   79 8.06 0.0 H 10 
   613 7.022 0.0 HE1 51 
   807 25.787 0.0 CD1 67 
   69 4.162 0.0 HA 9 
   899 31.733 0.0 CB 74 
   631 1.861 0.0 HG2 52 
   765 65.999 0.0 CA 64 
   684 7.214 0.0 H 57 
   77 36.292 0.0 CG 9 
   865 9.013 0.0 H 72 
   809 25.235 0.0 CG 67 
   91 56.126 0.0 CA 10 
   122 178.794 0.0 C 13 
   40 8.389 0.0 H 6 
   1088 0.758 0.0 HD13 90 
   72 2.204 0.0 HG2 9 
   369 124.536 0.0 N 32 
   782 2.243 0.0 HB2 66 
   1176 107.323 0.0 N 96 
   537 114.155 0.0 N 45 
   33 0.884 0.0 HG23 5 
   152 30.165 0.0 CB 16 
   1166 176.559 0.0 C 95 
   979 6.755 0.0 HZ 81 
   344 1.8 0.0 HB3 31 
   1180 1.643 0.0 HB3 97 
   416 108.087 0.0 N 37 
   1064 0.724 0.0 HG13 88 
   383 3.616 0.0 HA 34 
   191 177.964 0.0 C 19 
   636 27.315 0.0 CG 52 
   1020 0.647 0.0 HD23 84 
   597 2.649 0.0 HE3 50 
   356 2.875 0.0 HB2 32 
   704 116.752 0.0 N 58 
   900 50.653 0.0 CD 74 
   1149 0.839 0.0 HD21 94 
   615 7.149 0.0 HZ 51 
   289 4.249 0.0 HA 27 
   971 8.68 0.0 H 81 
   1315 176.899 0.0 C 108 
   612 7.186 0.0 HD2 51 
   1296 114.241 0.0 N 106 
   524 176.981 0.0 C 44 
   486 0.685 0.0 HD11 42 
   614 7.022 0.0 HE2 51 
   214 121.295 0.0 N 20 
   169 32.011 0.0 CG 17 
   90 178.235 0.0 C 10 
   173 2.003 0.0 HB2 18 
   1130 -0.102 0.0 HD13 93 
   700 0.928 0.0 HB3 58 
   855 4.692 0.0 HA 71 
   778 36.644 0.0 CG 65 
   917 4.552 0.0 HA 77 
   339 23.077 0.0 CG2 30 
   931 23.53 0.0 CD2 77 
   450 8.934 0.0 H 40 
   777 28.454 0.0 CB 65 
   24 122.855 0.0 N 4 
   379 30.12 0.0 CB 33 
   790 34.742 0.0 CG 66 
   635 43.598 0.0 CD 52 
   949 171.397 0.0 C 79 
   1109 0.555 0.0 HG22 91 
   1217 116.809 0.0 N 100 
   728 133.724 0.0 CD2 60 
   66 116.954 0.0 N 8 
   1100 7.464 0.0 H 91 
   156 8.14 0.0 H 17 
   662 175.935 0.0 C 55 
   640 2.014 0.0 HB3 53 
   528 7.355 0.0 H 45 
   497 13.076 0.0 CD1 42 
   1160 7.738 0.0 H 95 
   793 7.132 0.0 H 67 
   512 178.81 0.0 C 43 
   622 131.675 0.0 CE2 51 
   1107 0.614 0.0 HG13 91 
   484 4.729 0.0 HA 42 
   74 177.247 0.0 C 9 
   158 2.044 0.0 HB2 17 
   449 122.144 0.0 N 39 
   283 174.498 0.0 C 26 
   1258 114.304 0.0 CZ2 103 
   1052 5.547 0.0 HA 87 
   1348 4.214 0.0 HA 111 
   255 2.895 0.0 HB2 24 
   893 3.803 0.0 HD2 74 
   751 1.15 0.0 HG22 63 
   697 3.592 0.0 HA 58 
   977 6.86 0.0 HE1 81 
   200 1.476 0.0 HB3 20 
   698 0.928 0.0 HB1 58 
   817 1.801 0.0 HG2 68 
   1306 134.424 0.0 CE1 107 
   963 175.006 0.0 C 80 
   51 1.354 0.0 HB2 7 
   747 8.206 0.0 H 63 
   423 0.574 0.0 HG21 38 
   176 2.198 0.0 HG3 18 
   1245 3.08 0.0 HB3 103 
   378 54.137 0.0 CA 33 
   1045 2.116 0.0 HG3 86 
   1141 120.762 0.0 N 93 
   215 8.157 0.0 H 21 
   297 0.897 0.0 HD23 27 
   696 8.306 0.0 H 58 
   154 27.325 0.0 CG 16 
   1329 1.014 0.0 HD23 109 
   737 118.169 0.0 N 61 
   1066 0.83 0.0 HG22 88 
   675 0.1 0.0 HD23 56 
   375 2.833 0.0 HD3 33 
   350 32.865 0.0 CB 31 
   968 117.499 0.0 CE1 80 
   1196 3.595 0.0 HD3 98 
   112 1.37 0.0 HB3 12 
   59 2.776 0.0 HB2 8 
   823 27.438 0.0 CG 68 
   1316 62.878 0.0 CA 108 
   10 55.604 0.0 CA 3 
   3 1.935 0.0 HB3 3 
   742 1.112 0.0 HB3 62 
   393 2.263 0.0 HG2 35 
   908 64.358 0.0 CB 75 
   720 7.329 0.0 HD1 60 
   691 59.107 0.0 CA 57 
   391 1.95 0.0 HB2 35 
   56 126.064 0.0 N 7 
   302 26.014 0.0 CD2 27 
   1309 2.209 0.0 HB2 108 
   429 21.782 0.0 CG1 38 
   1204 125.256 0.0 N 98 
   89 1.587 0.0 HG 10 
   359 6.794 0.0 HD2 32 
   453 0.769 0.0 HG11 40 
   1305 119.178 0.0 CD2 107 
   11 32.91 0.0 CB 3 
   496 38.247 0.0 CB 42 
   295 0.897 0.0 HD21 27 
   511 1.668 0.0 HG 43 
   407 56.237 0.0 CA 36 
   80 4.197 0.0 HA 10 
   238 30.597 0.0 CB 22 
   887 57.766 0.0 CA 73 
   308 3.145 0.0 HD2 28 
   946 0.488 0.0 HG21 79 
   530 3.252 0.0 HB2 45 
   358 6.794 0.0 HD1 32 
   780 7.728 0.0 H 66 
   55 19.004 0.0 CB 7 
   292 0.75 0.0 HD11 27 
   240 27.348 0.0 CG 22 
   437 0.827 0.0 HD13 39 
   491 0.921 0.0 HG21 42 
   1290 2.19 0.0 HG2 106 
   81 1.659 0.0 HB2 10 
   67 112.954 0.0 ND2 8 
   465 9.605 0.0 H 41 
   478 132.608 0.0 CD2 41 
   1086 0.758 0.0 HD11 90 
   926 1.474 0.0 HG 77 
   853 125.545 0.0 N 70 
   828 1.967 0.0 HB3 69 
   1114 13.047 0.0 CD1 91 
   752 1.15 0.0 HG23 63 
   1193 1.534 0.0 HB2 98 
   625 9.528 0.0 H 52 
   943 0.692 0.0 HG11 79 
   611 7.186 0.0 HD1 51 
   729 118.264 0.0 CE1 60 
   1008 68.085 0.0 CB 83 
   1250 6.476 0.0 HZ2 103 
   907 58.685 0.0 CA 75 
   766 31.923 0.0 CB 64 
   1027 26.393 0.0 CG 84 
   1041 4.768 0.0 HA 86 
   534 175.729 0.0 C 45 
   1017 0.451 0.0 HD13 84 
   425 0.574 0.0 HG23 38 
   457 0.737 0.0 HG22 40 
   1200 56.621 0.0 CA 98 
   913 174.359 0.0 C 76 
   678 52.687 0.0 CA 56 
   830 2.202 0.0 HG3 69 
   404 2.193 0.0 HG2 36 
   62 7.585 0.0 HD22 8 
   665 116.732 0.0 N 55 
   17 1.884 0.0 HB3 4 
   1135 174.204 0.0 C 93 
   192 57.55 0.0 CA 19 
   1023 54.419 0.0 CA 84 
   576 0.712 0.0 HD11 49 
   735 174.325 0.0 C 61 
   1242 8.089 0.0 H 103 
   950 59.293 0.0 CA 79 
   1038 37.004 0.0 CG 85 
   343 1.96 0.0 HB2 31 
   993 2.169 0.0 HG2 82 
   745 20.267 0.0 CB 62 
   20 176.331 0.0 C 4 
   1073 121.549 0.0 N 88 
   142 8.148 0.0 H 16 
   638 4.146 0.0 HA 53 
   223 57.396 0.0 CA 21 
   1059 9.051 0.0 H 88 
   277 7.753 0.0 H 26 
   28 0.883 0.0 HG11 5 
   61 6.882 0.0 HD21 8 
   683 118.239 0.0 N 56 
   701 177.612 0.0 C 58 
   281 1.162 0.0 HG22 26 
   1173 3.752 0.0 HA3 96 
   1067 0.83 0.0 HG23 88 
   570 36.376 0.0 CG 48 
   363 57.485 0.0 CA 32 
   178 58.414 0.0 CA 18 
   644 1.601 0.0 HG3 53 
   92 42.02 0.0 CB 10 
   529 4.564 0.0 HA 45 
   717 4.115 0.0 HA 60 
   114 53.207 0.0 CA 12 
   707 3.962 0.0 HB 59 
   994 2.169 0.0 HG3 82 
   564 1.672 0.0 HB3 48 
   163 2.46 0.0 HG2 17 
   1048 34.491 0.0 CB 86 
   1281 1.426 0.0 HB3 105 
   97 8.147 0.0 H 11 
   657 111.513 0.0 N 54 
   1263 3.644 0.0 HA 104 
   1076 4.014 0.0 HB2 89 
   235 1.535 0.0 HG3 22 
   331 0.252 0.0 HG13 30 
   216 4.037 0.0 HA 21 
   1002 4.209 0.0 HB 83 
   232 3.132 0.0 HD2 22 
   964 55.493 0.0 CA 80 
   1185 174.894 0.0 C 97 
   787 175.329 0.0 C 66 
   1140 25.6 0.0 CG 93 
   660 3.288 0.0 HB2 55 
   589 125.107 0.0 N 49 
   221 2.215 0.0 HG3 21 
   992 1.901 0.0 HB3 82 
   842 1.246 0.0 HG12 70 
   540 4.13 0.0 HA 46 
   420 0.713 0.0 HG11 38 
   621 131.675 0.0 CE1 51 
   272 3.847 0.0 HB3 25 
   526 17.978 0.0 CB 44 
   247 1.908 0.0 HG3 23 
   566 1.94 0.0 HG3 48 
   991 1.901 0.0 HB2 82 
   1215 58.114 0.0 CA 100 
   567 176.225 0.0 C 48 
   1342 1.398 0.0 HB3 110 
   920 0.842 0.0 HD11 77 
   741 1.112 0.0 HB2 62 
   354 9.231 0.0 H 32 
   1302 7.911 0.0 HE1 107 
   381 26.709 0.0 CG 33 
   252 119.302 0.0 N 23 
   1219 1.459 0.0 HB1 101 
   1016 0.451 0.0 HD12 84 
   669 1.046 0.0 HB3 56 
   435 0.827 0.0 HD11 39 
   860 175.775 0.0 C 71 
   527 122.697 0.0 N 44 
   1344 52.539 0.0 CA 110 
   345 7.418 0.0 HE21 31 
   222 177.928 0.0 C 21 
   1347 7.888 0.0 H 111 
   157 4.205 0.0 HA 17 
   146 3.165 0.0 HD2 16 
   1313 1.807 0.0 HG2 108 
   606 121.409 0.0 N 50 
   726 37.813 0.0 CB 60 
   896 2.031 0.0 HG3 74 
   984 131.99 0.0 CD2 81 
   474 174.17 0.0 C 41 
   919 1.608 0.0 HB3 77 
   740 1.112 0.0 HB1 62 
   409 36.871 0.0 CG 36 
   123 53.303 0.0 CA 13 
   167 31.857 0.0 CB 17 
   84 0.86 0.0 HD12 10 
   1010 115.091 0.0 N 83 
   196 119.142 0.0 N 19 
   754 67.952 0.0 CB 63 
   886 3.722 0.0 HB3 73 
   26 4.098 0.0 HA 5 
   1013 1.467 0.0 HB2 84 
   1129 -0.102 0.0 HD12 93 
   967 133.192 0.0 CD2 80 
   881 17.673 0.0 CG2 72 
   982 38.413 0.0 CB 81 
   444 61.503 0.0 CA 39 
   1143 4.015 0.0 HA 94 
   911 4.276 0.0 HA2 76 
   1058 121.904 0.0 N 87 
   353 111.73 0.0 NE2 31 
   111 1.37 0.0 HB2 12 
   266 118.071 0.0 CE1 24 
   382 130.005 0.0 N 33 
   509 0.797 0.0 HD22 43 
   571 120.823 0.0 N 48 
   147 3.165 0.0 HD3 16 
   275 64.876 0.0 CB 25 
   688 7.208 0.0 HE21 57 
   1120 3.681 0.0 HA3 92 
   335 173.89 0.0 C 30 
   585 44.054 0.0 CB 49 
   1085 1.073 0.0 HB3 90 
   451 4.77 0.0 HA 40 
   651 4.702 0.0 HA 54 
   1293 55.883 0.0 CA 106 
   558 43.885 0.0 CD 47 
   1248 6.803 0.0 HE3 103 
   307 1.446 0.0 HB3 28 
   296 0.897 0.0 HD22 27 
   64 53.841 0.0 CA 8 
   52 1.354 0.0 HB3 7 
   695 109.665 0.0 NE2 57 
   107 120.956 0.0 N 11 
   598 1.28 0.0 HG2 50 
   988 126.963 0.0 N 81 
   508 0.797 0.0 HD21 43 
   1121 176.157 0.0 C 92 
   841 0.635 0.0 HD13 70 
   1271 178.325 0.0 C 104 
   1320 8.467 0.0 H 109 
   1101 3.198 0.0 HA 91 
   1124 7.615 0.0 H 93 
   1132 0.068 0.0 HD22 93 
   179 29.811 0.0 CB 18 
   897 177.861 0.0 C 74 
   303 119.999 0.0 N 27 
   310 1.564 0.0 HG2 28 
   227 111.873 0.0 NE2 21 
   959 6.868 0.0 HD1 80 
   895 2.112 0.0 HG2 74 
   607 8.847 0.0 H 51 
   1050 114.682 0.0 N 86 
   397 28.457 0.0 CB 35 
   501 9.031 0.0 H 43 
   144 1.84 0.0 HB2 16 
   452 1.871 0.0 HB 40 
   54 53.151 0.0 CA 7 
   510 0.797 0.0 HD23 43 
   1190 122.473 0.0 N 97 
   231 1.794 0.0 HB3 22 
   1270 2.214 0.0 HG3 104 
   561 8.308 0.0 H 48 
   815 3.22 0.0 HD2 68 
   575 1.555 0.0 HB3 49 
   1105 0.62 0.0 HD13 91 
   738 8.104 0.0 H 62 
   533 7.365 0.0 HD22 45 
   498 28.39 0.0 CG1 42 
   690 0.608 0.0 HG3 57 
   990 3.582 0.0 HA 82 
   601 55.26 0.0 CA 50 
   1118 7.314 0.0 H 92 
   1308 4.342 0.0 HA 108 
   736 45.0 0.0 CA 61 
   1025 25.665 0.0 CD1 84 
   605 26.043 0.0 CG 50 
   495 61.316 0.0 CA 42 
   997 30.452 0.0 CB 82 
   618 43.776 0.0 CB 51 
   1188 43.281 0.0 CD 97 
   718 3.132 0.0 HB2 60 
