   219 7.622 0.0 HE21 21 
   222 177.928 0.0 C 21 
   1238 29.357 0.0 CD 102 
   32 0.884 0.0 HG22 5 
   1120 3.681 0.0 HA3 92 
   1318 50.22 0.0 CD 108 
   299 56.06 0.0 CA 27 
   771 1.946 0.0 HB2 65 
   1049 33.733 0.0 CG 86 
   1067 0.83 0.0 HG23 88 
   343 1.96 0.0 HB2 31 
   269 7.403 0.0 H 25 
   584 53.785 0.0 CA 49 
   608 4.974 0.0 HA 51 
   143 4.203 0.0 HA 16 
   1305 119.178 0.0 CD2 107 
   934 7.647 0.0 H 78 
   863 35.813 0.0 CG 71 
   901 27.83 0.0 CG 74 
   807 25.787 0.0 CD1 67 
   1301 6.147 0.0 HD2 107 
   634 28.313 0.0 CB 52 
   618 43.776 0.0 CB 51 
   641 3.873 0.0 HD2 53 
   241 119.729 0.0 N 22 
   975 6.984 0.0 HD1 81 
   809 25.235 0.0 CG 67 
   1180 1.643 0.0 HB3 97 
   399 121.527 0.0 N 35 
   84 0.86 0.0 HD12 10 
   721 7.329 0.0 HD2 60 
   281 1.162 0.0 HG22 26 
   983 131.99 0.0 CD1 81 
   1223 56.234 0.0 CA 101 
   283 174.498 0.0 C 26 
   757 3.427 0.0 HA 64 
   675 0.1 0.0 HD23 56 
   71 1.998 0.0 HB3 9 
   630 3.332 0.0 HD3 52 
   674 0.1 0.0 HD22 56 
   1278 3.948 0.0 HA 105 
   629 3.283 0.0 HD2 52 
   977 6.86 0.0 HE1 81 
   972 4.47 0.0 HA 81 
   338 20.464 0.0 CG1 30 
   240 27.348 0.0 CG 22 
   850 14.445 0.0 CD1 70 
   824 116.991 0.0 N 68 
   1352 64.896 0.0 CB 111 
   429 21.782 0.0 CG1 38 
   754 67.952 0.0 CB 63 
   1140 25.6 0.0 CG 93 
   167 31.857 0.0 CB 17 
   999 124.087 0.0 N 82 
   451 4.77 0.0 HA 40 
   488 0.685 0.0 HD13 42 
   1131 0.068 0.0 HD21 93 
   1069 61.447 0.0 CA 88 
   30 0.883 0.0 HG13 5 
   446 15.099 0.0 CD1 39 
   487 0.685 0.0 HD12 42 
   43 3.824 0.0 HB3 6 
   812 4.191 0.0 HA 68 
   220 2.502 0.0 HG2 21 
   673 0.1 0.0 HD21 56 
   461 33.244 0.0 CB 40 
   683 118.239 0.0 N 56 
   66 116.954 0.0 N 8 
   234 1.658 0.0 HG2 22 
   718 3.132 0.0 HB2 60 
   448 19.58 0.0 CG2 39 
   328 1.586 0.0 HB 30 
   374 3.051 0.0 HD2 33 
   275 64.876 0.0 CB 25 
   559 27.613 0.0 CG 47 
   1302 7.911 0.0 HE1 107 
   394 2.204 0.0 HG3 35 
   788 57.206 0.0 CA 66 
   1130 -0.102 0.0 HD13 93 
   368 117.341 0.0 CE2 32 
   645 178.611 0.0 C 53 
   952 21.455 0.0 CG1 79 
   300 43.838 0.0 CB 27 
   327 4.941 0.0 HA 30 
   254 4.315 0.0 HA 24 
   941 4.752 0.0 HA 79 
   539 8.1 0.0 H 46 
   1030 3.622 0.0 HA 85 
   181 119.875 0.0 N 18 
   1063 0.724 0.0 HG12 88 
   612 7.186 0.0 HD2 51 
   25 8.177 0.0 H 5 
   669 1.046 0.0 HB3 56 
   794 4.296 0.0 HA 67 
   312 176.07 0.0 C 28 
   383 3.616 0.0 HA 34 
   1114 13.047 0.0 CD1 91 
   157 4.205 0.0 HA 17 
   53 178.059 0.0 C 7 
   707 3.962 0.0 HB 59 
   211 25.394 0.0 CD1 20 
   1291 1.91 0.0 HG3 106 
   397 28.457 0.0 CB 35 
   1172 4.236 0.0 HA2 96 
   614 7.022 0.0 HE2 51 
   1007 65.351 0.0 CA 83 
   551 3.179 0.0 HD2 47 
   1184 1.434 0.0 HG3 97 
   387 61.518 0.0 CA 34 
   444 61.503 0.0 CA 39 
   1119 3.827 0.0 HA2 92 
   386 176.483 0.0 C 34 
   943 0.692 0.0 HG11 79 
   155 122.38 0.0 N 16 
   821 31.556 0.0 CB 68 
   408 32.757 0.0 CB 36 
   203 0.832 0.0 HD13 20 
   332 0.674 0.0 HG21 30 
   702 54.433 0.0 CA 58 
   736 45.0 0.0 CA 61 
   650 7.948 0.0 H 54 
   643 2.087 0.0 HG2 53 
   648 49.824 0.0 CD 53 
   1316 62.878 0.0 CA 108 
   430 18.467 0.0 CG2 38 
   520 3.968 0.0 HA 44 
   106 36.09 0.0 CG 11 
   1129 -0.102 0.0 HD12 93 
   723 6.914 0.0 HE2 60 
   209 56.978 0.0 CA 20 
   957 2.892 0.0 HB2 80 
   893 3.803 0.0 HD2 74 
   115 18.829 0.0 CB 12 
   1226 3.979 0.0 HA 102 
   991 1.901 0.0 HB2 82 
