   229 4.086 0.0 HA 22 
   1337 122.868 0.0 N 109 
   180 36.33 0.0 CG 18 
   528 7.355 0.0 H 45 
   1148 0.88 0.0 HD13 94 
   69 4.162 0.0 HA 9 
   262 58.621 0.0 CA 24 
   1330 1.647 0.0 HG 109 
   1208 171.528 0.0 C 99 
   1093 177.109 0.0 C 90 
   998 35.923 0.0 CG 82 
   608 4.974 0.0 HA 51 
   736 45.0 0.0 CA 61 
   483 9.051 0.0 H 42 
   1273 33.268 0.0 CB 104 
   1121 176.157 0.0 C 92 
   1352 64.896 0.0 CB 111 
   414 174.303 0.0 C 37 
   960 6.868 0.0 HD2 80 
   1109 0.555 0.0 HG22 91 
   1018 0.647 0.0 HD21 84 
   1201 31.248 0.0 CB 98 
   669 1.046 0.0 HB3 56 
   342 4.566 0.0 HA 31 
   1001 3.987 0.0 HA 83 
   688 7.208 0.0 HE21 57 
   658 8.201 0.0 H 55 
   122 178.794 0.0 C 13 
   141 117.597 0.0 N 15 
   1250 6.476 0.0 HZ2 103 
   351 33.242 0.0 CG 31 
   419 1.757 0.0 HB 38 
   165 177.442 0.0 C 17 
   447 29.191 0.0 CG1 39 
   132 63.477 0.0 CB 14 
   1087 0.758 0.0 HD12 90 
   501 9.031 0.0 H 43 
   131 59.538 0.0 CA 14 
   1095 42.674 0.0 CB 90 
   257 7.074 0.0 HD1 24 
   728 133.724 0.0 CD2 60 
   411 7.908 0.0 H 37 
   1321 4.315 0.0 HA 109 
   903 4.211 0.0 HA 75 
   422 0.713 0.0 HG13 38 
   1338 8.637 0.0 H 110 
   692 28.159 0.0 CB 57 
   697 3.592 0.0 HA 58 
   680 24.042 0.0 CD1 56 
   1026 22.07 0.0 CD2 84 
   1218 4.02 0.0 HA 101 
   517 28.618 0.0 CG 43 
   271 4.022 0.0 HB2 25 
   1332 55.074 0.0 CA 109 
   382 130.005 0.0 N 33 
   386 176.483 0.0 C 34 
   772 1.946 0.0 HB3 65 
   802 0.36 0.0 HD23 67 
   668 2.211 0.0 HB2 56 
   1186 55.877 0.0 CA 97 
   992 1.901 0.0 HB3 82 
   694 124.612 0.0 N 57 
   949 171.397 0.0 C 79 
   1228 1.689 0.0 HB3 102 
   869 0.687 0.0 HD12 72 
   1297 7.064 0.0 H 107 
   946 0.488 0.0 HG21 79 
   113 178.397 0.0 C 12 
   103 177.123 0.0 C 11 
   813 1.901 0.0 HB2 68 
   466 4.852 0.0 HA 41 
   23 36.128 0.0 CG 4 
   876 175.825 0.0 C 72 
   1096 23.032 0.0 CD1 90 
   1000 9.023 0.0 H 83 
   424 0.574 0.0 HG22 38 
   675 0.1 0.0 HD23 56 
   439 0.821 0.0 HG13 39 
   211 25.394 0.0 CD1 20 
   387 61.518 0.0 CA 34 
   937 170.501 0.0 C 78 
   730 118.264 0.0 CE2 60 
   409 36.871 0.0 CG 36 
   1214 4.42 0.0 HB3 100 
   1284 17.87 0.0 CB 105 
   824 116.991 0.0 N 68 
   1082 8.799 0.0 H 90 
   372 1.712 0.0 HB2 33 
   56 126.064 0.0 N 7 
   607 8.847 0.0 H 51 
   705 6.395 0.0 H 59 
   977 6.86 0.0 HE1 81 
   349 54.359 0.0 CA 31 
   742 1.112 0.0 HB3 62 
   260 6.701 0.0 HE2 24 
   1194 2.763 0.0 HB3 98 
   959 6.868 0.0 HD1 80 
   1031 2.094 0.0 HB2 85 
   867 1.671 0.0 HB 72 
   788 57.206 0.0 CA 66 
   1347 7.888 0.0 H 111 
   686 1.24 0.0 HB2 57 
   1060 4.191 0.0 HA 88 
   463 21.935 0.0 CG2 40 
   600 175.125 0.0 C 50 
   513 54.59 0.0 CA 43 
   303 119.999 0.0 N 27 
   1129 -0.102 0.0 HD12 93 
   7 2.532 0.0 HG2 3 
   156 8.14 0.0 H 17 
   763 1.792 0.0 HG3 64 
   421 0.713 0.0 HG12 38 
   661 3.034 0.0 HB3 55 
   567 176.225 0.0 C 48 
   804 174.721 0.0 C 67 
   206 0.854 0.0 HD23 20 
   116 124.06 0.0 N 12 
   1350 3.803 0.0 HB3 111 
   179 29.811 0.0 CB 18 
   332 0.674 0.0 HG21 30 
   1059 9.051 0.0 H 88 
   854 8.778 0.0 H 71 
   319 4.528 0.0 HA 29 
   1274 15.91 0.0 CE 104 
   306 1.556 0.0 HB2 28 
   862 32.946 0.0 CB 71 
   727 133.724 0.0 CD1 60 
   819 177.1 0.0 C 68 
   768 28.234 0.0 CG 64 
   665 116.732 0.0 N 55 
   934 7.647 0.0 H 78 
   346 2.141 0.0 HG2 31 
   429 21.782 0.0 CG1 38 
   1238 29.357 0.0 CD 102 
   687 0.068 0.0 HB3 57 
   441 0.365 0.0 HG22 39 
   400 7.08 0.0 H 36 
   911 4.276 0.0 HA2 76 
   1219 1.459 0.0 HB1 101 
   402 2.002 0.0 HB2 36 
   107 120.956 0.0 N 11 
   1081 120.776 0.0 N 89 
   1324 1.06 0.0 HD11 109 
   1163 2.236 0.0 HB3 95 
   476 39.031 0.0 CB 41 
   266 118.071 0.0 CE1 24 
   285 72.209 0.0 CB 26 
   629 3.283 0.0 HD2 52 
   747 8.206 0.0 H 63 
   821 31.556 0.0 CB 68 
   719 2.799 0.0 HB3 60 
   1204 125.256 0.0 N 98 
   48 8.431 0.0 H 7 
   574 1.727 0.0 HB2 49 
   459 174.702 0.0 C 40 
   1285 120.951 0.0 N 105 
   1165 2.274 0.0 HG3 95 
   526 17.978 0.0 CB 44 
   834 35.395 0.0 CG 69 
   151 57.826 0.0 CA 16 
   879 13.45 0.0 CD1 72 
   803 1.287 0.0 HG 67 
   753 58.845 0.0 CA 63 
   1160 7.738 0.0 H 95 
   1085 1.073 0.0 HB3 90 
   22 29.994 0.0 CB 4 
   474 174.17 0.0 C 41 
   1302 7.911 0.0 HE1 107 
   1211 8.646 0.0 H 100 
   176 2.198 0.0 HG3 18 
   778 36.644 0.0 CG 65 
   187 2.03 0.0 HE2 19 
   616 176.043 0.0 C 51 
   264 132.98 0.0 CD1 24 
   92 42.02 0.0 CB 10 
   1067 0.83 0.0 HG23 88 
   93 24.876 0.0 CD1 10 
   35 62.128 0.0 CA 5 
   921 0.842 0.0 HD12 77 
   480 130.657 0.0 CE2 41 
   965 41.026 0.0 CB 80 
   716 7.089 0.0 H 60 
   906 175.703 0.0 C 75 
   473 6.866 0.0 HZ 41 
   725 60.827 0.0 CA 60 
   1242 8.089 0.0 H 103 
   4 2.037 0.0 HE1 3 
   1119 3.827 0.0 HA2 92 
   1084 1.612 0.0 HB2 90 
   407 56.237 0.0 CA 36 
   929 42.125 0.0 CB 77 
   235 1.535 0.0 HG3 22 
   1240 24.762 0.0 CG 102 
   331 0.252 0.0 HG13 30 
   1269 2.941 0.0 HG2 104 
   538 106.735 0.0 ND2 45 
   1141 120.762 0.0 N 93 
   1077 3.766 0.0 HB3 89 
   833 28.69 0.0 CB 69 
   1304 26.649 0.0 CB 107 
   1308 4.342 0.0 HA 108 
   645 178.611 0.0 C 53 
   413 3.768 0.0 HA3 37 
   1 4.425 0.0 HA 3 
   588 27.673 0.0 CG 49 
   726 37.813 0.0 CB 60 
   203 0.832 0.0 HD13 20 
   445 39.072 0.0 CB 39 
   511 1.668 0.0 HG 43 
   983 131.99 0.0 CD1 81 
   1052 5.547 0.0 HA 87 
   995 178.206 0.0 C 82 
   706 3.734 0.0 HA 59 
   1236 59.169 0.0 CA 102 
   916 7.499 0.0 H 77 
   272 3.847 0.0 HB3 25 
   1295 36.323 0.0 CG 106 
   635 43.598 0.0 CD 52 
   1255 127.212 0.0 CD1 103 
   693 31.891 0.0 CG 57 
   877 61.763 0.0 CA 72 
   335 173.89 0.0 C 30 
   691 59.107 0.0 CA 57 
   976 6.984 0.0 HD2 81 
   651 4.702 0.0 HA 54 
   702 54.433 0.0 CA 58 
   148 1.556 0.0 HG2 16 
   1340 1.398 0.0 HB1 110 
   489 1.467 0.0 HG12 42 
   899 31.733 0.0 CB 74 
   369 124.536 0.0 N 32 
   358 6.794 0.0 HD1 32 
   201 0.832 0.0 HD11 20 
   195 32.102 0.0 CG 19 
   1133 0.068 0.0 HD23 93 
   594 1.556 0.0 HD2 50 
   746 123.335 0.0 N 62 
   1024 42.208 0.0 CB 84 
   514 42.395 0.0 CB 43 
   139 59.384 0.0 CA 15 
   36 32.906 0.0 CB 5 
   153 43.249 0.0 CD 16 
   581 0.789 0.0 HD23 49 
   654 175.841 0.0 C 54 
   100 1.977 0.0 HB3 11 
   837 4.508 0.0 HA 70 
   94 23.445 0.0 CD2 10 
   807 25.787 0.0 CD1 67 
   1176 107.323 0.0 N 96 
   1256 118.379 0.0 CE3 103 
   565 2.222 0.0 HG2 48 
   626 4.903 0.0 HA 52 
   503 2.221 0.0 HB2 43 
   838 1.325 0.0 HB 70 
   477 132.608 0.0 CD1 41 
   1342 1.398 0.0 HB3 110 
   1017 0.451 0.0 HD13 84 
   848 60.153 0.0 CA 70 
   472 7.087 0.0 HE2 41 
   549 1.794 0.0 HB2 47 
   102 2.197 0.0 HG3 11 
   395 177.168 0.0 C 35 
   310 1.564 0.0 HG2 28 
   932 26.477 0.0 CG 77 
   1249 6.678 0.0 HH2 103 
   1231 2.947 0.0 HE2 102 
   91 56.126 0.0 CA 10 
   1162 2.044 0.0 HB2 95 
   984 131.99 0.0 CD2 81 
   1094 57.642 0.0 CA 90 
   388 62.613 0.0 CB 34 
   611 7.186 0.0 HD1 51 
   852 18.6 0.0 CG2 70 
   339 23.077 0.0 CG2 30 
   1035 175.01 0.0 C 85 
   613 7.022 0.0 HE1 51 
   1252 181.021 0.0 C 103 
   1106 1.169 0.0 HG12 91 
   281 1.162 0.0 HG22 26 
   809 25.235 0.0 CG 67 
   307 1.446 0.0 HB3 28 
   566 1.94 0.0 HG3 48 
   1239 42.11 0.0 CE 102 
   155 122.38 0.0 N 16 
   1089 0.902 0.0 HD21 90 
   1041 4.768 0.0 HA 86 
   828 1.967 0.0 HB3 69 
   902 7.893 0.0 H 75 
   908 64.358 0.0 CB 75 
   1112 64.55 0.0 CA 91 
   779 114.841 0.0 N 65 
   649 28.552 0.0 CG 53 
   997 30.452 0.0 CB 82 
   1159 119.88 0.0 N 94 
   1099 129.702 0.0 N 90 
   1122 47.672 0.0 CA 92 
   2 2.029 0.0 HB2 3 
   1220 1.459 0.0 HB2 101 
   362 174.519 0.0 C 32 
   1233 1.398 0.0 HG2 102 
   464 126.626 0.0 N 40 
   461 33.244 0.0 CB 40 
   58 4.571 0.0 HA 8 
   1212 4.419 0.0 HA 100 
   604 41.911 0.0 CE 50 
   521 1.364 0.0 HB1 44 
   1014 1.467 0.0 HB3 84 
   62 7.585 0.0 HD22 8 
   682 26.691 0.0 CG 56 
   846 0.118 0.0 HG23 70 
   1226 3.979 0.0 HA 102 
   754 67.952 0.0 CB 63 
   478 132.608 0.0 CD2 41 
   1016 0.451 0.0 HD12 84 
   143 4.203 0.0 HA 16 
   939 109.48 0.0 N 78 
   643 2.087 0.0 HG2 53 
   130 175.451 0.0 C 14 
   383 3.616 0.0 HA 34 
   117 8.142 0.0 H 13 
   324 64.918 0.0 CB 29 
   1152 1.717 0.0 HG 94 
   1312 3.044 0.0 HD3 108 
   95 26.946 0.0 CG 10 
   557 30.762 0.0 CB 47 
   493 0.921 0.0 HG23 42 
   357 2.697 0.0 HB3 32 
   347 2.215 0.0 HG3 31 
   1343 176.868 0.0 C 110 
   495 61.316 0.0 CA 42 
   99 1.977 0.0 HB2 11 
   1286 6.969 0.0 H 106 
   835 118.394 0.0 N 69 
   672 0.563 0.0 HD13 56 
   456 0.737 0.0 HG21 40 
   816 3.22 0.0 HD3 68 
   580 0.789 0.0 HD22 49 
   8 2.492 0.0 HG3 3 
   808 23.38 0.0 CD2 67 
   533 7.365 0.0 HD22 45 
   59 2.776 0.0 HB2 8 
   1054 2.509 0.0 HB3 87 
   468 2.612 0.0 HB3 41 
   403 1.619 0.0 HB3 36 
   1202 43.141 0.0 CD 98 
   619 131.545 0.0 CD1 51 
   905 3.917 0.0 HB3 75 
   805 53.307 0.0 CA 67 
   556 57.292 0.0 CA 47 
   267 118.071 0.0 CE2 24 
   540 4.13 0.0 HA 46 
   818 1.681 0.0 HG3 68 
   298 175.89 0.0 C 27 
   231 1.794 0.0 HB3 22 
   448 19.58 0.0 CG2 39 
   770 3.908 0.0 HA 65 
   623 129.351 0.0 CZ 51 
   144 1.84 0.0 HB2 16 
   485 1.815 0.0 HB 42 
   1345 19.28 0.0 CB 110 
   990 3.582 0.0 HA 82 
   870 0.687 0.0 HD13 72 
   1320 8.467 0.0 H 109 
   98 4.131 0.0 HA 11 
   928 54.378 0.0 CA 77 
   576 0.712 0.0 HD11 49 
   312 176.07 0.0 C 28 
   19 2.199 0.0 HG3 4 
   51 1.354 0.0 HB2 7 
   1281 1.426 0.0 HB3 105 
   67 112.954 0.0 ND2 8 
   295 0.897 0.0 HD21 27 
   987 127.489 0.0 CZ 81 
   1264 2.067 0.0 HB2 104 
   301 26.22 0.0 CD1 27 
   177 176.883 0.0 C 18 
   453 0.769 0.0 HG11 40 
   671 0.563 0.0 HD12 56 
   659 4.94 0.0 HA 55 
   1328 1.014 0.0 HD22 109 
   432 9.458 0.0 H 39 
   695 109.665 0.0 NE2 57 
   627 2.135 0.0 HB2 52 
   989 7.466 0.0 H 82 
   1227 1.826 0.0 HB2 102 
   329 0.252 0.0 HG11 30 
   228 7.939 0.0 H 22 
   874 1.167 0.0 HG22 72 
   1197 1.615 0.0 HG2 98 
   515 25.078 0.0 CD1 43 
   1268 2.298 0.0 HE3 104 
   500 123.192 0.0 N 42 
   890 4.309 0.0 HA 74 
   1098 26.895 0.0 CG 90 
   163 2.46 0.0 HG2 17 
   136 3.912 0.0 HB2 15 
   353 111.73 0.0 NE2 31 
   304 9.619 0.0 H 28 
   765 65.999 0.0 CA 64 
   38 20.453 0.0 CG2 5 
   253 8.087 0.0 H 24 
   1009 23.764 0.0 CG2 83 
   735 174.325 0.0 C 61 
   377 1.378 0.0 HG3 33 
   16 1.968 0.0 HB2 4 
   944 0.692 0.0 HG12 79 
   29 0.883 0.0 HG12 5 
   276 113.556 0.0 N 25 
   223 57.396 0.0 CA 21 
   191 177.964 0.0 C 19 
   25 8.177 0.0 H 5 
   1023 54.419 0.0 CA 84 
   111 1.37 0.0 HB2 12 
   145 1.84 0.0 HB3 16 
   246 1.981 0.0 HG2 23 
   704 116.752 0.0 N 58 
   1013 1.467 0.0 HB2 84 
   282 1.162 0.0 HG23 26 
   677 175.248 0.0 C 56 
   233 3.132 0.0 HD3 22 
   438 1.863 0.0 HG12 39 
   606 121.409 0.0 N 50 
   450 8.934 0.0 H 40 
   222 177.928 0.0 C 21 
   868 0.687 0.0 HD11 72 
   345 7.418 0.0 HE21 31 
   444 61.503 0.0 CA 39 
   137 3.912 0.0 HB3 15 
   717 4.115 0.0 HA 60 
   1128 -0.102 0.0 HD11 93 
   933 115.627 0.0 N 77 
   541 3.176 0.0 HB2 46 
   1117 116.561 0.0 N 91 
   757 3.427 0.0 HA 64 
   1130 -0.102 0.0 HD13 93 
   192 57.55 0.0 CA 19 
   979 6.755 0.0 HZ 81 
   259 6.701 0.0 HE1 24 
   624 119.432 0.0 N 51 
   795 1.403 0.0 HB2 67 
   993 2.169 0.0 HG2 82 
   956 5.161 0.0 HA 80 
   1025 25.665 0.0 CD1 84 
   963 175.006 0.0 C 80 
   356 2.875 0.0 HB2 32 
   714 19.939 0.0 CG2 59 
   1010 115.091 0.0 N 83 
   674 0.1 0.0 HD22 56 
   443 174.355 0.0 C 39 
   622 131.675 0.0 CE2 51 
   488 0.685 0.0 HD13 42 
   920 0.842 0.0 HD11 77 
   689 1.708 0.0 HG2 57 
   497 13.076 0.0 CD1 42 
   1322 1.658 0.0 HB2 109 
   350 32.865 0.0 CB 31 
   1301 6.147 0.0 HD2 107 
   707 3.962 0.0 HB 59 
   1071 21.209 0.0 CG1 88 
   523 1.364 0.0 HB3 44 
   1038 37.004 0.0 CG 85 
   712 59.886 0.0 CA 59 
   917 4.552 0.0 HA 77 
   789 29.542 0.0 CB 66 
   149 1.556 0.0 HG3 16 
   673 0.1 0.0 HD21 56 
   708 -0.209 0.0 HG21 59 
   1090 0.902 0.0 HD22 90 
   437 0.827 0.0 HD13 39 
   205 0.854 0.0 HD22 20 
   370 8.36 0.0 H 33 
   270 4.133 0.0 HA 25 
   1341 1.398 0.0 HB2 110 
   457 0.737 0.0 HG22 40 
   154 27.325 0.0 CG 16 
   1139 22.143 0.0 CD2 93 
   823 27.438 0.0 CG 68 
   1216 64.391 0.0 CB 100 
   738 8.104 0.0 H 62 
   751 1.15 0.0 HG22 63 
   1156 26.8 0.0 CD1 94 
   762 2.185 0.0 HG2 64 
   1253 62.775 0.0 CA 103 
   660 3.288 0.0 HB2 55 
   1043 1.238 0.0 HB3 86 
   57 8.312 0.0 H 8 
   33 0.884 0.0 HG23 5 
   1175 45.733 0.0 CA 96 
   1258 114.304 0.0 CZ2 103 
   743 177.761 0.0 C 62 
   53 178.059 0.0 C 7 
   1146 0.88 0.0 HD11 94 
   558 43.885 0.0 CD 47 
   721 7.329 0.0 HD2 60 
   1348 4.214 0.0 HA 111 
   104 57.085 0.0 CA 11 
   733 3.771 0.0 HA2 61 
   96 121.828 0.0 N 10 
   1326 1.06 0.0 HD13 109 
   1002 4.209 0.0 HB 83 
   234 1.658 0.0 HG2 22 
   1259 121.776 0.0 CZ3 103 
   799 -0.04 0.0 HD13 67 
   966 133.192 0.0 CD1 80 
   652 2.966 0.0 HB2 54 
   63 175.868 0.0 C 8 
   297 0.897 0.0 HD23 27 
   1334 24.954 0.0 CD1 109 
   475 56.064 0.0 CA 41 
   752 1.15 0.0 HG23 63 
   278 4.43 0.0 HA 26 
   595 1.556 0.0 HD3 50 
   491 0.921 0.0 HG21 42 
   583 175.439 0.0 C 49 
   681 23.002 0.0 CD2 56 
   827 1.967 0.0 HB2 69 
   134 8.205 0.0 H 15 
   426 173.629 0.0 C 38 
   1132 0.068 0.0 HD22 93 
   1027 26.393 0.0 CG 84 
   30 0.883 0.0 HG13 5 
   942 1.744 0.0 HB 79 
   539 8.1 0.0 H 46 
   1069 61.447 0.0 CA 88 
   126 8.165 0.0 H 14 
   1150 0.839 0.0 HD22 94 
   1248 6.803 0.0 HE3 103 
   919 1.608 0.0 HB3 77 
   547 7.703 0.0 H 47 
   842 1.246 0.0 HG12 70 
   1287 3.906 0.0 HA 106 
   75 57.507 0.0 CA 9 
   1111 177.553 0.0 C 91 
   248 176.858 0.0 C 23 
   1200 56.621 0.0 CA 98 
   1088 0.758 0.0 HD13 90 
   238 30.597 0.0 CB 22 
   290 1.67 0.0 HB2 27 
   609 3.28 0.0 HB2 51 
   1011 6.473 0.0 H 84 
   128 3.873 0.0 HB2 14 
   408 32.757 0.0 CB 36 
   359 6.794 0.0 HD2 32 
   397 28.457 0.0 CB 35 
   709 -0.209 0.0 HG22 59 
   698 0.928 0.0 HB1 58 
   45 58.096 0.0 CA 6 
   219 7.622 0.0 HE21 21 
   72 2.204 0.0 HG2 9 
   1078 175.634 0.0 C 89 
   750 1.15 0.0 HG21 63 
   1288 1.513 0.0 HB2 106 
   860 175.775 0.0 C 71 
   218 1.928 0.0 HB3 21 
   46 64.02 0.0 CB 6 
   1155 41.391 0.0 CB 94 
   20 176.331 0.0 C 4 
   552 3.068 0.0 HD3 47 
   97 8.147 0.0 H 11 
   74 177.247 0.0 C 9 
   1166 176.559 0.0 C 95 
   958 2.826 0.0 HB3 80 
   1229 1.65 0.0 HD2 102 
   1241 119.022 0.0 N 102 
   344 1.8 0.0 HB3 31 
   904 3.917 0.0 HB2 75 
   1279 1.426 0.0 HB1 105 
   663 55.404 0.0 CA 55 
   363 57.485 0.0 CA 32 
   1181 3.087 0.0 HD2 97 
   1217 116.809 0.0 N 100 
   1161 4.384 0.0 HA 95 
   720 7.329 0.0 HD1 60 
   1044 2.428 0.0 HG2 86 
   1003 1.317 0.0 HG21 83 
   1205 7.684 0.0 H 99 
   769 8.522 0.0 H 65 
   1327 1.014 0.0 HD21 109 
   83 0.86 0.0 HD11 10 
   170 119.345 0.0 N 17 
   722 6.914 0.0 HE1 60 
   6 2.037 0.0 HE3 3 
   621 131.675 0.0 CE1 51 
   1174 174.742 0.0 C 96 
   81 1.659 0.0 HB2 10 
   1270 2.214 0.0 HG3 104 
   1120 3.681 0.0 HA3 92 
   202 0.832 0.0 HD12 20 
   814 1.811 0.0 HB3 68 
   817 1.801 0.0 HG2 68 
   776 59.383 0.0 CA 65 
   420 0.713 0.0 HG11 38 
   634 28.313 0.0 CB 52 
   865 9.013 0.0 H 72 
   330 0.252 0.0 HG12 30 
   914 45.558 0.0 CA 76 
   550 1.794 0.0 HB3 47 
   1134 1.465 0.0 HG 93 
   207 1.708 0.0 HG 20 
   551 3.179 0.0 HD2 47 
   844 0.118 0.0 HG21 70 
   875 1.167 0.0 HG23 72 
   572 9.364 0.0 H 49 
   1247 9.086 0.0 HE1 103 
   164 2.52 0.0 HG3 17 
   190 2.638 0.0 HG3 19 
   275 64.876 0.0 CB 25 
   1189 27.707 0.0 CG 97 
   1169 36.454 0.0 CG 95 
   389 9.379 0.0 H 35 
   1137 41.703 0.0 CB 93 
   1149 0.839 0.0 HD21 94 
   1033 2.205 0.0 HG2 85 
   1187 28.806 0.0 CB 97 
   723 6.914 0.0 HE2 60 
   214 121.295 0.0 N 20 
   308 3.145 0.0 HD2 28 
   1183 1.544 0.0 HG2 97 
   254 4.315 0.0 HA 24 
   161 2.001 0.0 HE2 17 
   1012 4.131 0.0 HA 84 
   637 125.064 0.0 N 52 
   1172 4.236 0.0 HA2 96 
   620 131.545 0.0 CD2 51 
   263 38.578 0.0 CB 24 
   1223 56.234 0.0 CA 101 
   700 0.928 0.0 HB3 58 
   119 1.401 0.0 HB1 13 
   1310 1.86 0.0 HB3 108 
   1298 4.435 0.0 HA 107 
   1056 52.907 0.0 CA 87 
   166 57.361 0.0 CA 17 
   1198 1.141 0.0 HG3 98 
   311 1.421 0.0 HG3 28 
   1267 2.298 0.0 HE2 104 
   1213 4.108 0.0 HB2 100 
   212 23.311 0.0 CD2 20 
   1317 32.352 0.0 CB 108 
   378 54.137 0.0 CA 33 
   333 0.674 0.0 HG22 30 
   337 34.762 0.0 CB 30 
   217 2.12 0.0 HB2 21 
   86 0.81 0.0 HD21 10 
   644 1.601 0.0 HG3 53 
   243 4.083 0.0 HA 23 
   11 32.91 0.0 CB 3 
   1278 3.948 0.0 HA 105 
   1007 65.351 0.0 CA 83 
   542 2.79 0.0 HB3 46 
   492 0.921 0.0 HG22 42 
   152 30.165 0.0 CB 16 
   1073 121.549 0.0 N 88 
   701 177.612 0.0 C 58 
   741 1.112 0.0 HB2 62 
   510 0.797 0.0 HD23 43 
   412 3.965 0.0 HA2 37 
   529 4.564 0.0 HA 45 
   1022 175.527 0.0 C 84 
   1314 1.807 0.0 HG3 108 
   603 29.631 0.0 CD 50 
   1329 1.014 0.0 HD23 109 
   1318 50.22 0.0 CD 108 
   44 174.496 0.0 C 6 
   935 4.601 0.0 HA2 78 
   50 1.354 0.0 HB1 7 
   42 3.879 0.0 HB2 6 
   559 27.613 0.0 CG 47 
   801 0.36 0.0 HD22 67 
   1245 3.08 0.0 HB3 103 
   524 176.981 0.0 C 44 
   1116 17.114 0.0 CG2 91 
   251 35.763 0.0 CG 23 
   1325 1.06 0.0 HD12 109 
   599 1.166 0.0 HG3 50 
   494 176.006 0.0 C 42 
   639 2.014 0.0 HB2 53 
   785 2.378 0.0 HG2 66 
   562 5.281 0.0 HA 48 
   1193 1.534 0.0 HB2 98 
   614 7.022 0.0 HE2 51 
   440 0.365 0.0 HG21 39 
   106 36.09 0.0 CG 11 
   120 1.401 0.0 HB2 13 
   724 178.019 0.0 C 60 
   367 117.341 0.0 CE1 32 
   216 4.037 0.0 HA 21 
   158 2.044 0.0 HB2 17 
   986 130.512 0.0 CE2 81 
   21 56.669 0.0 CA 4 
   855 4.692 0.0 HA 71 
   245 1.795 0.0 HB3 23 
   554 1.442 0.0 HG3 47 
   10 55.604 0.0 CA 3 
   406 176.435 0.0 C 36 
   618 43.776 0.0 CB 51 
   683 118.239 0.0 N 56 
   951 34.536 0.0 CB 79 
   138 175.478 0.0 C 15 
   1234 1.301 0.0 HG3 102 
   1157 23.025 0.0 CD2 94 
   171 8.19 0.0 H 18 
   861 54.724 0.0 CA 71 
   1222 181.335 0.0 C 101 
   283 174.498 0.0 C 26 
   451 4.77 0.0 HA 40 
   790 34.742 0.0 CG 66 
   839 0.635 0.0 HD11 70 
   1151 0.839 0.0 HD23 94 
   519 9.087 0.0 H 44 
   880 28.809 0.0 CG1 72 
   530 3.252 0.0 HB2 45 
   37 21.185 0.0 CG1 5 
   379 30.12 0.0 CB 33 
   135 4.394 0.0 HA 15 
   891 2.382 0.0 HB2 74 
   982 38.413 0.0 CB 81 
   318 7.994 0.0 H 29 
   1192 3.921 0.0 HA 98 
   442 0.365 0.0 HG23 39 
   798 -0.04 0.0 HD12 67 
   1068 174.389 0.0 C 88 
   193 32.162 0.0 CB 19 
   690 0.608 0.0 HG3 57 
   1042 1.871 0.0 HB2 86 
   907 58.685 0.0 CA 75 
   744 52.177 0.0 CA 62 
   878 38.256 0.0 CB 72 
   458 0.737 0.0 HG23 40 
   678 52.687 0.0 CA 56 
   1221 1.459 0.0 HB3 101 
   1136 58.032 0.0 CA 93 
   1184 1.434 0.0 HG3 97 
   49 4.212 0.0 HA 7 
   1170 117.117 0.0 N 95 
   1237 32.751 0.0 CB 102 
   731 124.377 0.0 N 60 
   87 0.81 0.0 HD22 10 
   373 1.546 0.0 HB3 33 
   783 1.925 0.0 HB3 66 
   955 8.83 0.0 H 80 
   617 56.966 0.0 CA 51 
   159 2.044 0.0 HB3 17 
   589 125.107 0.0 N 49 
   430 18.467 0.0 CG2 38 
   392 1.95 0.0 HB3 35 
   636 27.315 0.0 CG 52 
   656 39.184 0.0 CB 54 
   371 4.439 0.0 HA 33 
   294 0.75 0.0 HD13 27 
   313 56.669 0.0 CA 28 
   121 1.401 0.0 HB3 13 
   948 0.488 0.0 HG23 79 
   247 1.908 0.0 HG3 23 
   569 32.524 0.0 CB 48 
   601 55.26 0.0 CA 50 
   840 0.635 0.0 HD12 70 
   734 3.361 0.0 HA3 61 
   536 37.016 0.0 CB 45 
   884 4.521 0.0 HA 73 
   462 21.236 0.0 CG1 40 
   1158 26.897 0.0 CG 94 
   1271 178.325 0.0 C 104 
   994 2.169 0.0 HG3 82 
   1102 1.437 0.0 HB 91 
   279 4.215 0.0 HB 26 
   1051 8.63 0.0 H 87 
   647 30.867 0.0 CB 53 
   978 6.86 0.0 HE2 81 
   1349 3.803 0.0 HB2 111 
   973 3.113 0.0 HB2 81 
   532 6.441 0.0 HD21 45 
   244 1.795 0.0 HB2 23 
   239 43.459 0.0 CD 22 
   178 58.414 0.0 CA 18 
   971 8.68 0.0 H 81 
   897 177.861 0.0 C 74 
   348 174.131 0.0 C 31 
   1195 3.779 0.0 HD2 98 
   242 7.95 0.0 H 23 
   568 54.347 0.0 CA 48 
   968 117.499 0.0 CE1 80 
   215 8.157 0.0 H 21 
   79 8.06 0.0 H 10 
   508 0.797 0.0 HD21 43 
   577 0.712 0.0 HD12 49 
   545 39.065 0.0 CB 46 
   699 0.928 0.0 HB2 58 
   124 18.835 0.0 CB 13 
   364 38.922 0.0 CB 32 
   940 8.683 0.0 H 79 
   553 1.653 0.0 HG2 47 
   237 57.61 0.0 CA 22 
   512 178.81 0.0 C 43 
   204 0.854 0.0 HD21 20 
   142 8.148 0.0 H 16 
   887 57.766 0.0 CA 73 
   564 1.672 0.0 HB3 48 
   650 7.948 0.0 H 54 
   1105 0.62 0.0 HD13 91 
   390 4.039 0.0 HA 35 
   188 2.03 0.0 HE3 19 
   710 -0.209 0.0 HG23 59 
   573 4.681 0.0 HA 49 
   1037 26.953 0.0 CB 85 
   431 105.549 0.0 N 38 
   871 1.629 0.0 HG12 72 
   196 119.142 0.0 N 19 
   756 111.934 0.0 N 63 
   34 176.074 0.0 C 5 
   892 1.915 0.0 HB3 74 
   325 111.229 0.0 N 29 
