   804 174.721 0.0 C 67 
   196 119.142 0.0 N 19 
   688 7.208 0.0 HE21 57 
   1116 17.114 0.0 CG2 91 
   727 133.724 0.0 CD1 60 
   319 4.528 0.0 HA 29 
   918 1.608 0.0 HB2 77 
   60 2.712 0.0 HB3 8 
   63 175.868 0.0 C 8 
   1203 29.125 0.0 CG 98 
   555 174.209 0.0 C 47 
   578 0.712 0.0 HD13 49 
   291 1.158 0.0 HB3 27 
   620 131.545 0.0 CD2 51 
   1313 1.807 0.0 HG2 108 
   64 53.841 0.0 CA 8 
   281 1.162 0.0 HG22 26 
   1017 0.451 0.0 HD13 84 
   950 59.293 0.0 CA 79 
   611 7.186 0.0 HD1 51 
   1046 174.095 0.0 C 86 
   427 58.127 0.0 CA 38 
   39 121.499 0.0 N 5 
   680 24.042 0.0 CD1 56 
   700 0.928 0.0 HB3 58 
   910 8.418 0.0 H 76 
   377 1.378 0.0 HG3 33 
   351 33.242 0.0 CG 31 
   913 174.359 0.0 C 76 
   607 8.847 0.0 H 51 
   532 6.441 0.0 HD21 45 
   262 58.621 0.0 CA 24 
   213 26.891 0.0 CG 20 
   949 171.397 0.0 C 79 
   436 0.827 0.0 HD12 39 
   1264 2.067 0.0 HB2 104 
   849 42.252 0.0 CB 70 
   1080 64.469 0.0 CB 89 
   756 111.934 0.0 N 63 
   796 1.216 0.0 HB3 67 
   1073 121.549 0.0 N 88 
   1350 3.803 0.0 HB3 111 
   283 174.498 0.0 C 26 
   424 0.574 0.0 HG22 38 
   237 57.61 0.0 CA 22 
   66 116.954 0.0 N 8 
   428 35.509 0.0 CB 38 
   89 1.587 0.0 HG 10 
   526 17.978 0.0 CB 44 
   880 28.809 0.0 CG1 72 
   168 16.963 0.0 CE 17 
   189 2.505 0.0 HG2 19 
   194 17.023 0.0 CE 19 
   494 176.006 0.0 C 42 
   1327 1.014 0.0 HD21 109 
   1346 127.482 0.0 N 110 
   1213 4.108 0.0 HB2 100 
   88 0.81 0.0 HD23 10 
   976 6.984 0.0 HD2 81 
   925 0.824 0.0 HD23 77 
   692 28.159 0.0 CB 57 
   345 7.418 0.0 HE21 31 
   56 126.064 0.0 N 7 
   886 3.722 0.0 HB3 73 
   686 1.24 0.0 HB2 57 
   711 173.265 0.0 C 59 
   295 0.897 0.0 HD21 27 
   413 3.768 0.0 HA3 37 
   588 27.673 0.0 CG 49 
   1265 2.339 0.0 HB3 104 
   716 7.089 0.0 H 60 
   881 17.673 0.0 CG2 72 
   1312 3.044 0.0 HD3 108 
   603 29.631 0.0 CD 50 
   644 1.601 0.0 HG3 53 
   1018 0.647 0.0 HD21 84 
   554 1.442 0.0 HG3 47 
   155 122.38 0.0 N 16 
   998 35.923 0.0 CG 82 
   988 126.963 0.0 N 81 
   199 1.86 0.0 HB2 20 
   1059 9.051 0.0 H 88 
   605 26.043 0.0 CG 50 
   1229 1.65 0.0 HD2 102 
   1180 1.643 0.0 HB3 97 
   478 132.608 0.0 CD2 41 
   206 0.854 0.0 HD23 20 
   7 2.532 0.0 HG2 3 
   327 4.941 0.0 HA 30 
   1334 24.954 0.0 CD1 109 
   1251 6.685 0.0 HZ3 103 
   1157 23.025 0.0 CD2 94 
   753 58.845 0.0 CA 63 
   348 174.131 0.0 C 31 
   9 176.016 0.0 C 3 
   385 3.839 0.0 HB3 34 
   214 121.295 0.0 N 20 
   40 8.389 0.0 H 6 
   917 4.552 0.0 HA 77 
   79 8.06 0.0 H 10 
   530 3.252 0.0 HB2 45 
   1319 26.852 0.0 CG 108 
   851 26.419 0.0 CG1 70 
   125 122.326 0.0 N 13 
   1223 56.234 0.0 CA 101 
   841 0.635 0.0 HD13 70 
   130 175.451 0.0 C 14 
   875 1.167 0.0 HG23 72 
   1099 129.702 0.0 N 90 
   1257 124.8 0.0 CH2 103 
   58 4.571 0.0 HA 8 
   642 4.012 0.0 HD3 53 
   990 3.582 0.0 HA 82 
   924 0.824 0.0 HD22 77 
   763 1.792 0.0 HG3 64 
   818 1.681 0.0 HG3 68 
   1205 7.684 0.0 H 99 
   553 1.653 0.0 HG2 47 
   953 22.452 0.0 CG2 79 
   1025 25.665 0.0 CD1 84 
   855 4.692 0.0 HA 71 
   723 6.914 0.0 HE2 60 
   35 62.128 0.0 CA 5 
   227 111.873 0.0 NE2 21 
   777 28.454 0.0 CB 65 
   475 56.064 0.0 CA 41 
   511 1.668 0.0 HG 43 
   1164 2.524 0.0 HG2 95 
   1111 177.553 0.0 C 91 
   506 0.893 0.0 HD12 43 
   714 19.939 0.0 CG2 59 
   154 27.325 0.0 CG 16 
   339 23.077 0.0 CG2 30 
   1307 117.066 0.0 N 107 
   971 8.68 0.0 H 81 
   1193 1.534 0.0 HB2 98 
   1159 119.88 0.0 N 94 
   1162 2.044 0.0 HB2 95 
   845 0.118 0.0 HG22 70 
   1169 36.454 0.0 CG 95 
   1315 176.899 0.0 C 108 
   834 35.395 0.0 CG 69 
   1207 3.902 0.0 HA3 99 
   215 8.157 0.0 H 21 
   1301 6.147 0.0 HD2 107 
   133 114.553 0.0 N 14 
   460 61.243 0.0 CA 40 
   515 25.078 0.0 CD1 43 
   1098 26.895 0.0 CG 90 
   1 4.425 0.0 HA 3 
   504 1.708 0.0 HB3 43 
   650 7.948 0.0 H 54 
   1239 42.11 0.0 CE 102 
   1298 4.435 0.0 HA 107 
   340 122.775 0.0 N 30 
   481 128.301 0.0 CZ 41 
   287 104.093 0.0 N 26 
   858 2.203 0.0 HG2 71 
   1030 3.622 0.0 HA 85 
   322 171.729 0.0 C 29 
   188 2.03 0.0 HE3 19 
   1053 2.584 0.0 HB2 87 
   565 2.222 0.0 HG2 48 
   835 118.394 0.0 N 69 
   1305 119.178 0.0 CD2 107 
   805 53.307 0.0 CA 67 
   1266 2.298 0.0 HE1 104 
   376 1.44 0.0 HG2 33 
   52 1.354 0.0 HB3 7 
   299 56.06 0.0 CA 27 
   1147 0.88 0.0 HD12 94 
   724 178.019 0.0 C 60 
   801 0.36 0.0 HD22 67 
   459 174.702 0.0 C 40 
   811 7.214 0.0 H 68 
   755 21.938 0.0 CG2 63 
   1009 23.764 0.0 CG2 83 
   30 0.883 0.0 HG13 5 
   1137 41.703 0.0 CB 93 
   1323 1.528 0.0 HB3 109 
   951 34.536 0.0 CB 79 
   278 4.43 0.0 HA 26 
   10 55.604 0.0 CA 3 
   289 4.249 0.0 HA 27 
   223 57.396 0.0 CA 21 
   497 13.076 0.0 CD1 42 
   1140 25.6 0.0 CG 93 
   1032 2.265 0.0 HB3 85 
   745 20.267 0.0 CB 62 
   1244 3.125 0.0 HB2 103 
   414 174.303 0.0 C 37 
   90 178.235 0.0 C 10 
   938 45.05 0.0 CA 78 
   81 1.659 0.0 HB2 10 
   331 0.252 0.0 HG13 30 
   1215 58.114 0.0 CA 100 
   84 0.86 0.0 HD12 10 
   789 29.542 0.0 CB 66 
   315 43.794 0.0 CD 28 
   45 58.096 0.0 CA 6 
   421 0.713 0.0 HG12 38 
   597 2.649 0.0 HE3 50 
   536 37.016 0.0 CB 45 
   123 53.303 0.0 CA 13 
   633 55.616 0.0 CA 52 
   908 64.358 0.0 CB 75 
   100 1.977 0.0 HB3 11 
   1167 56.089 0.0 CA 95 
   1026 22.07 0.0 CD2 84 
   864 126.24 0.0 N 71 
   20 176.331 0.0 C 4 
   220 2.502 0.0 HG2 21 
   712 59.886 0.0 CA 59 
   591 5.454 0.0 HA 50 
   992 1.901 0.0 HB3 82 
   93 24.876 0.0 CD1 10 
   922 0.842 0.0 HD13 77 
   373 1.546 0.0 HB3 33 
   952 21.455 0.0 CG1 79 
   859 2.053 0.0 HG3 71 
   236 178.223 0.0 C 22 
   126 8.165 0.0 H 14 
   854 8.778 0.0 H 71 
   601 55.26 0.0 CA 50 
   1148 0.88 0.0 HD13 94 
   1152 1.717 0.0 HG 94 
   346 2.141 0.0 HG2 31 
   968 117.499 0.0 CE1 80 
   400 7.08 0.0 H 36 
   761 3.801 0.0 HD3 64 
   164 2.52 0.0 HG3 17 
   325 111.229 0.0 N 29 
   829 2.202 0.0 HG2 69 
   218 1.928 0.0 HB3 21 
   85 0.86 0.0 HD13 10 
   609 3.28 0.0 HB2 51 
   812 4.191 0.0 HA 68 
   438 1.863 0.0 HG12 39 
   582 1.602 0.0 HG 49 
   890 4.309 0.0 HA 74 
   239 43.459 0.0 CD 22 
   473 6.866 0.0 HZ 41 
   255 2.895 0.0 HB2 24 
   1259 121.776 0.0 CZ3 103 
   1293 55.883 0.0 CA 106 
   702 54.433 0.0 CA 58 
   560 121.275 0.0 N 47 
   1168 29.663 0.0 CB 95 
   1001 3.987 0.0 HA 83 
   441 0.365 0.0 HG22 39 
   1035 175.01 0.0 C 85 
   469 7.257 0.0 HD1 41 
   487 0.685 0.0 HD12 42 
   151 57.826 0.0 CA 16 
   111 1.37 0.0 HB2 12 
   820 58.094 0.0 CA 68 
   144 1.84 0.0 HB2 16 
   210 42.252 0.0 CB 20 
   1070 35.256 0.0 CB 88 
   655 55.185 0.0 CA 54 
   960 6.868 0.0 HD2 80 
   656 39.184 0.0 CB 54 
   518 128.415 0.0 N 43 
   522 1.364 0.0 HB2 44 
   573 4.681 0.0 HA 49 
   594 1.556 0.0 HD2 50 
   99 1.977 0.0 HB2 11 
   1160 7.738 0.0 H 95 
   1273 33.268 0.0 CB 104 
   559 27.613 0.0 CG 47 
   228 7.939 0.0 H 22 
   91 56.126 0.0 CA 10 
   583 175.439 0.0 C 49 
   1179 1.643 0.0 HB2 97 
   658 8.201 0.0 H 55 
   546 111.628 0.0 N 46 
   1218 4.02 0.0 HA 101 
   781 4.059 0.0 HA 66 
   1021 1.476 0.0 HG 84 
   1270 2.214 0.0 HG3 104 
   47 119.949 0.0 N 6 
   1183 1.544 0.0 HG2 97 
   635 43.598 0.0 CD 52 
   163 2.46 0.0 HG2 17 
   1014 1.467 0.0 HB3 84 
   1115 28.558 0.0 CG1 91 
   1008 68.085 0.0 CB 83 
   399 121.527 0.0 N 35 
   393 2.263 0.0 HG2 35 
   797 -0.04 0.0 HD11 67 
   332 0.674 0.0 HG21 30 
   36 32.906 0.0 CB 5 
   1184 1.434 0.0 HG3 97 
   683 118.239 0.0 N 56 
   941 4.752 0.0 HA 79 
   77 36.292 0.0 CG 9 
   169 32.011 0.0 CG 17 
   788 57.206 0.0 CA 66 
   433 4.323 0.0 HA 39 
   225 33.973 0.0 CG 21 
   465 9.605 0.0 H 41 
   59 2.776 0.0 HB2 8 
   493 0.921 0.0 HG23 42 
   548 4.133 0.0 HA 47 
   742 1.112 0.0 HB3 62 
   128 3.873 0.0 HB2 14 
   785 2.378 0.0 HG2 66 
   1060 4.191 0.0 HA 88 
   1339 4.335 0.0 HA 110 
   1102 1.437 0.0 HB 91 
   31 0.884 0.0 HG21 5 
   390 4.039 0.0 HA 35 
   406 176.435 0.0 C 36 
   242 7.95 0.0 H 23 
   1077 3.766 0.0 HB3 89 
   1085 1.073 0.0 HB3 90 
   604 41.911 0.0 CE 50 
   1120 3.681 0.0 HA3 92 
   324 64.918 0.0 CB 29 
   853 125.545 0.0 N 70 
   106 36.09 0.0 CG 11 
   1278 3.948 0.0 HA 105 
   616 176.043 0.0 C 51 
   118 4.218 0.0 HA 13 
   354 9.231 0.0 H 32 
   98 4.131 0.0 HA 11 
   92 42.02 0.0 CB 10 
   568 54.347 0.0 CA 48 
   957 2.892 0.0 HB2 80 
   907 58.685 0.0 CA 75 
   312 176.07 0.0 C 28 
   676 1.245 0.0 HG 56 
   1044 2.428 0.0 HG2 86 
   638 4.146 0.0 HA 53 
   1326 1.06 0.0 HD13 109 
   1048 34.491 0.0 CB 86 
   1158 26.897 0.0 CG 94 
   1154 57.332 0.0 CA 94 
   900 50.653 0.0 CD 74 
   448 19.58 0.0 CG2 39 
   379 30.12 0.0 CB 33 
   388 62.613 0.0 CB 34 
   1092 1.466 0.0 HG 90 
   1330 1.647 0.0 HG 109 
   691 59.107 0.0 CA 57 
   449 122.144 0.0 N 39 
   505 0.893 0.0 HD11 43 
   132 63.477 0.0 CB 14 
   271 4.022 0.0 HB2 25 
   867 1.671 0.0 HB 72 
   317 123.653 0.0 N 28 
   1027 26.393 0.0 CG 84 
   802 0.36 0.0 HD23 67 
   341 8.341 0.0 H 31 
   183 4.2 0.0 HA 19 
   425 0.574 0.0 HG23 38 
   491 0.921 0.0 HG21 42 
   821 31.556 0.0 CB 68 
   768 28.234 0.0 CG 64 
   96 121.828 0.0 N 10 
   787 175.329 0.0 C 66 
   1321 4.315 0.0 HA 109 
   356 2.875 0.0 HB2 32 
   1342 1.398 0.0 HB3 110 
   1198 1.141 0.0 HG3 98 
   167 31.857 0.0 CB 17 
   905 3.917 0.0 HB3 75 
   792 110.754 0.0 NE2 66 
   474 174.17 0.0 C 41 
   355 4.887 0.0 HA 32 
   304 9.619 0.0 H 28 
   1256 118.379 0.0 CE3 103 
   1083 3.798 0.0 HA 90 
   234 1.658 0.0 HG2 22 
   933 115.627 0.0 N 77 
   124 18.835 0.0 CB 13 
   838 1.325 0.0 HB 70 
   844 0.118 0.0 HG21 70 
   1306 134.424 0.0 CE1 107 
   1051 8.63 0.0 H 87 
   51 1.354 0.0 HB2 7 
   293 0.75 0.0 HD12 27 
   1144 1.93 0.0 HB2 94 
   575 1.555 0.0 HB3 49 
   512 178.81 0.0 C 43 
   654 175.841 0.0 C 54 
   1254 29.069 0.0 CB 103 
   885 4.148 0.0 HB2 73 
   401 4.289 0.0 HA 36 
   760 3.713 0.0 HD2 64 
   833 28.69 0.0 CB 69 
   1201 31.248 0.0 CB 98 
   984 131.99 0.0 CD2 81 
   182 7.963 0.0 H 19 
   862 32.946 0.0 CB 71 
   1130 -0.102 0.0 HD13 93 
   32 0.884 0.0 HG22 5 
   718 3.132 0.0 HB2 60 
   195 32.102 0.0 CG 19 
   1345 19.28 0.0 CB 110 
   253 8.087 0.0 H 24 
   430 18.467 0.0 CG2 38 
   240 27.348 0.0 CG 22 
   65 38.639 0.0 CB 8 
   1194 2.763 0.0 HB3 98 
   247 1.908 0.0 HG3 23 
   336 60.933 0.0 CA 30 
   105 29.983 0.0 CB 11 
   420 0.713 0.0 HG11 38 
   550 1.794 0.0 HB3 47 
   919 1.608 0.0 HB3 77 
   1271 178.325 0.0 C 104 
   445 39.072 0.0 CB 39 
   1283 54.605 0.0 CA 105 
   828 1.967 0.0 HB3 69 
   882 129.755 0.0 N 72 
   1076 4.014 0.0 HB2 89 
   776 59.383 0.0 CA 65 
   479 130.657 0.0 CE1 41 
   815 3.22 0.0 HD2 68 
   1114 13.047 0.0 CD1 91 
   1285 120.951 0.0 N 105 
   397 28.457 0.0 CB 35 
   824 116.991 0.0 N 68 
   750 1.15 0.0 HG21 63 
   313 56.669 0.0 CA 28 
   852 18.6 0.0 CG2 70 
   268 118.678 0.0 N 24 
   540 4.13 0.0 HA 46 
   259 6.701 0.0 HE1 24 
   942 1.744 0.0 HB 79 
   521 1.364 0.0 HB1 44 
   986 130.512 0.0 CE2 81 
   773 2.328 0.0 HG2 65 
   1016 0.451 0.0 HD12 84 
   598 1.28 0.0 HG2 50 
   1320 8.467 0.0 H 109 
   972 4.47 0.0 HA 81 
   274 58.413 0.0 CA 25 
   914 45.558 0.0 CA 76 
   619 131.545 0.0 CD1 51 
   477 132.608 0.0 CD1 41 
   836 7.957 0.0 H 70 
   41 4.402 0.0 HA 6 
   687 0.068 0.0 HB3 57 
   627 2.135 0.0 HB2 52 
   464 126.626 0.0 N 40 
   483 9.051 0.0 H 42 
   34 176.074 0.0 C 5 
   1131 0.068 0.0 HD21 93 
   1197 1.615 0.0 HG2 98 
   657 111.513 0.0 N 54 
   102 2.197 0.0 HG3 11 
   1036 57.064 0.0 CA 85 
   190 2.638 0.0 HG3 19 
   810 117.57 0.0 N 67 
   803 1.287 0.0 HG 67 
   641 3.873 0.0 HD2 53 
   455 0.769 0.0 HG13 40 
   930 26.039 0.0 CD1 77 
   1047 54.406 0.0 CA 86 
   1002 4.209 0.0 HB 83 
   1195 3.779 0.0 HD2 98 
   991 1.901 0.0 HB2 82 
   1050 114.682 0.0 N 86 
   1284 17.87 0.0 CB 105 
   1005 1.317 0.0 HG23 83 
   308 3.145 0.0 HD2 28 
   629 3.283 0.0 HD2 52 
   887 57.766 0.0 CA 73 
   243 4.083 0.0 HA 23 
   770 3.908 0.0 HA 65 
   729 118.264 0.0 CE1 60 
   764 179.483 0.0 C 64 
   266 118.071 0.0 CE1 24 
   1024 42.208 0.0 CB 84 
   443 174.355 0.0 C 39 
   411 7.908 0.0 H 37 
   335 173.89 0.0 C 30 
   883 8.586 0.0 H 73 
   16 1.968 0.0 HB2 4 
   674 0.1 0.0 HD22 56 
   203 0.832 0.0 HD13 20 
   456 0.737 0.0 HG21 40 
   626 4.903 0.0 HA 52 
   572 9.364 0.0 H 49 
   273 172.134 0.0 C 25 
   158 2.044 0.0 HB2 17 
   108 8.113 0.0 H 12 
   832 55.752 0.0 CA 69 
   498 28.39 0.0 CG1 42 
   663 55.404 0.0 CA 55 
   170 119.345 0.0 N 17 
   704 116.752 0.0 N 58 
   229 4.086 0.0 HA 22 
   786 2.098 0.0 HG3 66 
   932 26.477 0.0 CG 77 
   943 0.692 0.0 HG11 79 
   516 24.929 0.0 CD2 43 
   1252 181.021 0.0 C 103 
   143 4.203 0.0 HA 16 
   342 4.566 0.0 HA 31 
   579 0.789 0.0 HD21 49 
   1019 0.647 0.0 HD22 84 
   153 43.249 0.0 CD 16 
   1325 1.06 0.0 HD12 109 
   508 0.797 0.0 HD21 43 
   398 36.377 0.0 CG 35 
   783 1.925 0.0 HB3 66 
   113 178.397 0.0 C 12 
   1038 37.004 0.0 CG 85 
   889 125.865 0.0 N 73 
   1309 2.209 0.0 HB2 108 
   486 0.685 0.0 HD11 42 
   364 38.922 0.0 CB 32 
   179 29.811 0.0 CB 18 
   180 36.33 0.0 CG 18 
   384 3.925 0.0 HB2 34 
   252 119.302 0.0 N 23 
   757 3.427 0.0 HA 64 
   1317 32.352 0.0 CB 108 
   666 7.22 0.0 H 56 
   1343 176.868 0.0 C 110 
   282 1.162 0.0 HG23 26 
   17 1.884 0.0 HB3 4 
   1249 6.678 0.0 HH2 103 
   927 176.209 0.0 C 77 
   963 175.006 0.0 C 80 
   994 2.169 0.0 HG3 82 
   1173 3.752 0.0 HA3 96 
   248 176.858 0.0 C 23 
   662 175.935 0.0 C 55 
   1075 4.745 0.0 HA 89 
   585 44.054 0.0 CB 49 
   131 59.538 0.0 CA 14 
   759 1.816 0.0 HB3 64 
   699 0.928 0.0 HB2 58 
   1303 53.158 0.0 CA 107 
   934 7.647 0.0 H 78 
   1231 2.947 0.0 HE2 102 
   1331 176.976 0.0 C 109 
   350 32.865 0.0 CB 31 
   1129 -0.102 0.0 HD12 93 
   997 30.452 0.0 CB 82 
   337 34.762 0.0 CB 30 
   139 59.384 0.0 CA 15 
   426 173.629 0.0 C 38 
   1078 175.634 0.0 C 89 
   766 31.923 0.0 CB 64 
   551 3.179 0.0 HD2 47 
   1143 4.015 0.0 HA 94 
   698 0.928 0.0 HB1 58 
   682 26.691 0.0 CG 56 
   1056 52.907 0.0 CA 87 
   1138 24.399 0.0 CD1 93 
   672 0.563 0.0 HD13 56 
   558 43.885 0.0 CD 47 
   1081 120.776 0.0 N 89 
   577 0.712 0.0 HD12 49 
   1216 64.391 0.0 CB 100 
   419 1.757 0.0 HB 38 
   1125 3.727 0.0 HA 93 
   447 29.191 0.0 CG1 39 
   333 0.674 0.0 HG22 30 
   175 2.198 0.0 HG2 18 
   574 1.727 0.0 HB2 49 
   865 9.013 0.0 H 72 
   1217 116.809 0.0 N 100 
   1110 0.555 0.0 HG23 91 
   54 53.151 0.0 CA 7 
   1210 105.916 0.0 N 99 
   725 60.827 0.0 CA 60 
   1037 26.953 0.0 CB 85 
   955 8.83 0.0 H 80 
   205 0.854 0.0 HD22 20 
   187 2.03 0.0 HE2 19 
   1067 0.83 0.0 HG23 88 
   892 1.915 0.0 HB3 74 
   1119 3.827 0.0 HA2 92 
   1272 60.65 0.0 CA 104 
   735 174.325 0.0 C 61 
   1286 6.969 0.0 H 106 
   1304 26.649 0.0 CB 107 
   343 1.96 0.0 HB2 31 
   94 23.445 0.0 CD2 10 
   846 0.118 0.0 HG23 70 
   184 2.117 0.0 HB2 19 
   912 3.67 0.0 HA3 76 
   1003 1.317 0.0 HG21 83 
   353 111.73 0.0 NE2 31 
   1020 0.647 0.0 HD23 84 
   1292 174.911 0.0 C 106 
   375 2.833 0.0 HD3 33 
   161 2.001 0.0 HE2 17 
   1280 1.426 0.0 HB2 105 
   653 2.515 0.0 HB3 54 
   73 2.204 0.0 HG3 9 
   878 38.256 0.0 CB 72 
   127 4.342 0.0 HA 14 
   1015 0.451 0.0 HD11 84 
   1209 45.495 0.0 CA 99 
   981 57.116 0.0 CA 81 
   547 7.703 0.0 H 47 
   116 124.06 0.0 N 12 
   217 2.12 0.0 HB2 21 
   146 3.165 0.0 HD2 16 
   57 8.312 0.0 H 8 
   1290 2.19 0.0 HG2 106 
   1103 0.62 0.0 HD11 91 
   531 2.661 0.0 HB3 45 
   978 6.86 0.0 HE2 81 
   466 4.852 0.0 HA 41 
   316 26.623 0.0 CG 28 
   1302 7.911 0.0 HE1 107 
   721 7.329 0.0 HD2 60 
   690 0.608 0.0 HG3 57 
   423 0.574 0.0 HG21 38 
   1071 21.209 0.0 CG1 88 
   784 7.328 0.0 HE21 66 
   1200 56.621 0.0 CA 98 
   1247 9.086 0.0 HE1 103 
   1072 22.104 0.0 CG2 88 
   964 55.493 0.0 CA 80 
   219 7.622 0.0 HE21 21 
   956 5.161 0.0 HA 80 
   1132 0.068 0.0 HD22 93 
   361 6.319 0.0 HE2 32 
   1219 1.459 0.0 HB1 101 
   1062 0.724 0.0 HG11 88 
   661 3.034 0.0 HB3 55 
   55 19.004 0.0 CB 7 
   173 2.003 0.0 HB2 18 
   1240 24.762 0.0 CG 102 
   74 177.247 0.0 C 9 
   630 3.332 0.0 HD3 52 
   347 2.215 0.0 HG3 31 
   29 0.883 0.0 HG12 5 
   1069 61.447 0.0 CA 88 
   954 116.911 0.0 N 79 
   44 174.496 0.0 C 6 
   138 175.478 0.0 C 15 
   980 176.311 0.0 C 81 
   929 42.125 0.0 CB 77 
   1155 41.391 0.0 CB 94 
   1347 7.888 0.0 H 111 
   107 120.956 0.0 N 11 
   1091 0.902 0.0 HD23 90 
   28 0.883 0.0 HG11 5 
   1065 0.83 0.0 HG21 88 
   602 35.539 0.0 CB 50 
   799 -0.04 0.0 HD13 67 
   1260 121.319 0.0 N 103 
   1095 42.674 0.0 CB 90 
   1248 6.803 0.0 HE3 103 
   290 1.67 0.0 HB2 27 
   1174 174.742 0.0 C 96 
   352 122.553 0.0 N 31 
   1149 0.839 0.0 HD21 94 
   671 0.563 0.0 HD12 56 
   961 6.559 0.0 HE1 80 
   402 2.002 0.0 HB2 36 
   850 14.445 0.0 CD1 70 
   1187 28.806 0.0 CB 97 
   381 26.709 0.0 CG 33 
   367 117.341 0.0 CE1 32 
   470 7.257 0.0 HD2 41 
   101 2.227 0.0 HG2 11 
   8 2.492 0.0 HG3 3 
   1232 2.947 0.0 HE3 102 
   1170 117.117 0.0 N 95 
   136 3.912 0.0 HB2 15 
   1185 174.894 0.0 C 97 
   589 125.107 0.0 N 49 
   1314 1.807 0.0 HG3 108 
   1107 0.614 0.0 HG13 91 
   349 54.359 0.0 CA 31 
   979 6.755 0.0 HZ 81 
   1262 9.18 0.0 H 104 
   570 36.376 0.0 CG 48 
   732 8.751 0.0 H 61 
   983 131.99 0.0 CD1 81 
   775 178.76 0.0 C 65 
   1267 2.298 0.0 HE2 104 
   50 1.354 0.0 HB1 7 
   581 0.789 0.0 HD23 49 
   659 4.94 0.0 HA 55 
   129 3.873 0.0 HB3 14 
   202 0.832 0.0 HD12 20 
   453 0.769 0.0 HG11 40 
   529 4.564 0.0 HA 45 
   261 175.685 0.0 C 24 
   736 45.0 0.0 CA 61 
   296 0.897 0.0 HD22 27 
   311 1.421 0.0 HG3 28 
   318 7.994 0.0 H 29 
   2 2.029 0.0 HB2 3 
   673 0.1 0.0 HD21 56 
   995 178.206 0.0 C 82 
   1145 1.482 0.0 HB3 94 
   1352 64.896 0.0 CB 111 
   1052 5.547 0.0 HA 87 
   370 8.36 0.0 H 33 
   705 6.395 0.0 H 59 
   891 2.382 0.0 HB2 74 
   409 36.871 0.0 CG 36 
   1222 181.335 0.0 C 101 
   323 57.62 0.0 CA 29 
   1043 1.238 0.0 HB3 86 
   856 2.042 0.0 HB2 71 
   330 0.252 0.0 HG12 30 
   417 6.622 0.0 H 38 
   652 2.966 0.0 HB2 54 
   387 61.518 0.0 CA 34 
   1109 0.555 0.0 HG22 91 
   198 4.193 0.0 HA 20 
   246 1.981 0.0 HG2 23 
   1094 57.642 0.0 CA 90 
   987 127.489 0.0 CZ 81 
   975 6.984 0.0 HD1 81 
   860 175.775 0.0 C 71 
   689 1.708 0.0 HG2 57 
   120 1.401 0.0 HB2 13 
   18 2.199 0.0 HG2 4 
   244 1.795 0.0 HB2 23 
   264 132.98 0.0 CD1 24 
   1151 0.839 0.0 HD23 94 
   879 13.45 0.0 CD1 72 
   569 32.524 0.0 CB 48 
   507 0.893 0.0 HD13 43 
   149 1.556 0.0 HG3 16 
   230 1.794 0.0 HB2 22 
   748 4.522 0.0 HA 63 
   434 1.87 0.0 HB 39 
   1202 43.141 0.0 CD 98 
   359 6.794 0.0 HD2 32 
   694 124.612 0.0 N 57 
   1329 1.014 0.0 HD23 109 
   1182 3.087 0.0 HD3 97 
   338 20.464 0.0 CG1 30 
   807 25.787 0.0 CD1 67 
   848 60.153 0.0 CA 70 
   442 0.365 0.0 HG23 39 
   1186 55.877 0.0 CA 97 
   1135 174.204 0.0 C 93 
   303 119.999 0.0 N 27 
   831 174.904 0.0 C 69 
   1061 1.943 0.0 HB 88 
   982 38.413 0.0 CB 81 
   752 1.15 0.0 HG23 63 
   467 3.304 0.0 HB2 41 
   152 30.165 0.0 CB 16 
   1253 62.775 0.0 CA 103 
   148 1.556 0.0 HG2 16 
   713 68.111 0.0 CB 59 
   1206 3.902 0.0 HA2 99 
   1088 0.758 0.0 HD13 90 
   899 31.733 0.0 CB 74 
   888 62.669 0.0 CB 73 
   614 7.022 0.0 HE2 51 
   172 4.121 0.0 HA 18 
   1118 7.314 0.0 H 92 
   1177 8.717 0.0 H 97 
   37 21.185 0.0 CG1 5 
   648 49.824 0.0 CD 53 
   27 2.016 0.0 HB 5 
   1282 179.136 0.0 C 105 
   1335 24.143 0.0 CD2 109 
   306 1.556 0.0 HB2 28 
   798 -0.04 0.0 HD12 67 
   416 108.087 0.0 N 37 
   822 43.453 0.0 CD 68 
   537 114.155 0.0 N 45 
   1236 59.169 0.0 CA 102 
   502 5.108 0.0 HA 43 
   326 8.245 0.0 H 30 
   272 3.847 0.0 HB3 25 
   249 57.172 0.0 CA 23 
   395 177.168 0.0 C 35 
   552 3.068 0.0 HD3 47 
   321 3.555 0.0 HB3 29 
   519 9.087 0.0 H 44 
   298 175.89 0.0 C 27 
   1096 23.032 0.0 CD1 90 
   191 177.964 0.0 C 19 
   651 4.702 0.0 HA 54 
   137 3.912 0.0 HB3 15 
   201 0.832 0.0 HD11 20 
   1188 43.281 0.0 CD 97 
   67 112.954 0.0 ND2 8 
   439 0.821 0.0 HG13 39 
   500 123.192 0.0 N 42 
   463 21.935 0.0 CG2 40 
   279 4.215 0.0 HB 26 
   95 26.946 0.0 CG 10 
   1029 7.848 0.0 H 85 
   23 36.128 0.0 CG 4 
   1128 -0.102 0.0 HD11 93 
   344 1.8 0.0 HB3 31 
   226 118.077 0.0 N 21 
   868 0.687 0.0 HD11 72 
   1242 8.089 0.0 H 103 
   622 131.675 0.0 CE2 51 
   1175 45.733 0.0 CA 96 
   1311 3.315 0.0 HD2 108 
   24 122.855 0.0 N 4 
   495 61.316 0.0 CA 42 
   418 4.915 0.0 HA 38 
   966 133.192 0.0 CD1 80 
   1039 114.551 0.0 N 85 
   1104 0.62 0.0 HD12 91 
   485 1.815 0.0 HB 42 
   1191 7.999 0.0 H 98 
   826 4.487 0.0 HA 69 
   461 33.244 0.0 CB 40 
   740 1.112 0.0 HB1 62 
   806 41.98 0.0 CB 67 
   156 8.14 0.0 H 17 
   176 2.198 0.0 HG3 18 
   625 9.528 0.0 H 52 
   743 177.761 0.0 C 62 
   1308 4.342 0.0 HA 108 
   931 23.53 0.0 CD2 77 
   571 120.823 0.0 N 48 
   534 175.729 0.0 C 45 
   159 2.044 0.0 HB3 17 
   1058 121.904 0.0 N 87 
   876 175.825 0.0 C 72 
   1136 58.032 0.0 CA 93 
   618 43.776 0.0 CB 51 
   958 2.826 0.0 HB3 80 
   1316 62.878 0.0 CA 108 
   817 1.801 0.0 HG2 68 
   926 1.474 0.0 HG 77 
   1033 2.205 0.0 HG2 85 
   1208 171.528 0.0 C 99 
   258 7.074 0.0 HD2 24 
   747 8.206 0.0 H 63 
   544 56.917 0.0 CA 46 
   640 2.014 0.0 HB3 53 
   814 1.811 0.0 HB3 68 
   1057 44.193 0.0 CB 87 
   670 0.563 0.0 HD11 56 
   490 0.882 0.0 HG13 42 
   999 124.087 0.0 N 82 
   394 2.204 0.0 HG3 35 
   819 177.1 0.0 C 68 
   150 177.474 0.0 C 16 
   4 2.037 0.0 HE1 3 
   1100 7.464 0.0 H 91 
   675 0.1 0.0 HD23 56 
   472 7.087 0.0 HE2 41 
   3 1.935 0.0 HB3 3 
   68 8.245 0.0 H 9 
   1269 2.941 0.0 HG2 104 
   1000 9.023 0.0 H 83 
   1310 1.86 0.0 HB3 108 
   1006 175.706 0.0 C 83 
   762 2.185 0.0 HG2 64 
   383 3.616 0.0 HA 34 
   769 8.522 0.0 H 65 
   895 2.112 0.0 HG2 74 
   492 0.921 0.0 HG22 42 
   719 2.799 0.0 HB3 60 
   142 8.148 0.0 H 16 
   1045 2.116 0.0 HG3 86 
   165 177.442 0.0 C 17 
   587 23.991 0.0 CD2 49 
   617 56.966 0.0 CA 51 
   193 32.162 0.0 CB 19 
   251 35.763 0.0 CG 23 
   503 2.221 0.0 HB2 43 
   404 2.193 0.0 HG2 36 
   366 133.168 0.0 CD2 32 
   520 3.968 0.0 HA 44 
   1084 1.612 0.0 HB2 90 
   42 3.879 0.0 HB2 6 
   435 0.827 0.0 HD11 39 
   1212 4.419 0.0 HA 100 
   985 130.512 0.0 CE1 81 
   1289 1.513 0.0 HB3 106 
   631 1.861 0.0 HG2 52 
   358 6.794 0.0 HD1 32 
   791 117.742 0.0 N 66 
   112 1.37 0.0 HB3 12 
   25 8.177 0.0 H 5 
   103 177.123 0.0 C 11 
   12 16.881 0.0 CE 3 
   556 57.292 0.0 CA 47 
   1117 116.561 0.0 N 91 
   1322 1.658 0.0 HB2 109 
   877 61.763 0.0 CA 72 
   1064 0.724 0.0 HG13 88 
   1023 54.419 0.0 CA 84 
   380 43.753 0.0 CD 33 
   1031 2.094 0.0 HB2 85 
   863 35.813 0.0 CG 71 
   46 64.02 0.0 CB 6 
   872 0.696 0.0 HG13 72 
   302 26.014 0.0 CD2 27 
   737 118.169 0.0 N 61 
   1087 0.758 0.0 HD12 90 
   109 4.201 0.0 HA 12 
   1234 1.301 0.0 HG3 102 
   440 0.365 0.0 HG21 39 
   962 6.559 0.0 HE2 80 
   1230 1.624 0.0 HD3 102 
   284 59.488 0.0 CA 26 
   898 65.658 0.0 CA 74 
   1276 117.096 0.0 N 104 
   69 4.162 0.0 HA 9 
   566 1.94 0.0 HG3 48 
   1156 26.8 0.0 CD1 94 
   730 118.264 0.0 CE2 60 
   746 123.335 0.0 N 62 
   209 56.978 0.0 CA 20 
   1176 107.323 0.0 N 96 
   260 6.701 0.0 HE2 24 
   222 177.928 0.0 C 21 
   13 31.901 0.0 CG 3 
   484 4.729 0.0 HA 42 
   738 8.104 0.0 H 62 
   920 0.842 0.0 HD11 77 
   632 1.861 0.0 HG3 52 
   514 42.395 0.0 CB 43 
   894 3.907 0.0 HD3 74 
   1294 30.476 0.0 CB 106 
   1340 1.398 0.0 HB1 110 
   767 49.993 0.0 CD 64 
   1124 7.615 0.0 H 93 
   1291 1.91 0.0 HG3 106 
   695 109.665 0.0 NE2 57 
   782 2.243 0.0 HB2 66 
   232 3.132 0.0 HD2 22 
   292 0.75 0.0 HD11 27 
   679 42.559 0.0 CB 56 
   795 1.403 0.0 HB2 67 
   1241 119.022 0.0 N 102 
   624 119.432 0.0 N 51 
   6 2.037 0.0 HE3 3 
   1013 1.467 0.0 HB2 84 
   970 126.853 0.0 N 80 
   1093 177.109 0.0 C 90 
   162 2.001 0.0 HE3 17 
   677 175.248 0.0 C 56 
   1300 1.173 0.0 HB3 107 
   1134 1.465 0.0 HG 93 
   1171 7.722 0.0 H 96 
   535 52.068 0.0 CA 45 
   1318 50.22 0.0 CD 108 
   741 1.112 0.0 HB2 62 
   70 1.998 0.0 HB2 9 
   1211 8.646 0.0 H 100 
   623 129.351 0.0 CZ 51 
   707 3.962 0.0 HB 59 
   1192 3.921 0.0 HA 98 
   277 7.753 0.0 H 26 
   408 32.757 0.0 CB 36 
   1297 7.064 0.0 H 107 
   386 176.483 0.0 C 34 
   739 4.298 0.0 HA 62 
   11 32.91 0.0 CB 3 
   310 1.564 0.0 HG2 28 
   270 4.133 0.0 HA 25 
   53 178.059 0.0 C 7 
   371 4.439 0.0 HA 33 
   765 65.999 0.0 CA 64 
   200 1.476 0.0 HB3 20 
   307 1.446 0.0 HB3 28 
   382 130.005 0.0 N 33 
   166 57.361 0.0 CA 17 
   866 4.208 0.0 HA 72 
   586 25.513 0.0 CD1 49 
   1288 1.513 0.0 HB2 106 
   451 4.77 0.0 HA 40 
   211 25.394 0.0 CD1 20 
   827 1.967 0.0 HB2 69 
   973 3.113 0.0 HB2 81 
   389 9.379 0.0 H 35 
   297 0.897 0.0 HD23 27 
   969 117.499 0.0 CE2 80 
   1079 56.08 0.0 CA 89 
   1178 4.322 0.0 HA 97 
   967 133.192 0.0 CD2 80 
   482 128.169 0.0 N 41 
   1146 0.88 0.0 HD11 94 
   523 1.364 0.0 HB3 44 
   557 30.762 0.0 CB 47 
   294 0.75 0.0 HD13 27 
   703 20.052 0.0 CB 58 
   948 0.488 0.0 HG23 79 
   564 1.672 0.0 HB3 48 
   1082 8.799 0.0 H 90 
   533 7.365 0.0 HD22 45 
   1165 2.274 0.0 HG3 95 
   754 67.952 0.0 CB 63 
   774 2.196 0.0 HG3 65 
   75 57.507 0.0 CA 9 
   1161 4.384 0.0 HA 95 
   1261 129.285 0.0 NE1 103 
   269 7.403 0.0 H 25 
   157 4.205 0.0 HA 17 
   462 21.236 0.0 CG1 40 
   1338 8.637 0.0 H 110 
   334 0.674 0.0 HG23 30 
   1333 42.849 0.0 CB 109 
   734 3.361 0.0 HA3 61 
   543 175.512 0.0 C 46 
   1022 175.527 0.0 C 84 
   87 0.81 0.0 HD22 10 
   83 0.86 0.0 HD11 10 
   869 0.687 0.0 HD12 72 
   174 2.003 0.0 HB3 18 
   145 1.84 0.0 HB3 16 
   300 43.838 0.0 CB 27 
   709 -0.209 0.0 HG22 59 
   1238 29.357 0.0 CD 102 
   1097 26.006 0.0 CD2 90 
   921 0.842 0.0 HD12 77 
   749 4.537 0.0 HB 63 
   1139 22.143 0.0 CD2 93 
   539 8.1 0.0 H 46 
   904 3.917 0.0 HB2 75 
   1172 4.236 0.0 HA2 96 
   823 27.438 0.0 CG 68 
   110 1.37 0.0 HB1 12 
   939 109.48 0.0 N 78 
   429 21.782 0.0 CG1 38 
   909 109.127 0.0 N 75 
   744 52.177 0.0 CA 62 
   72 2.204 0.0 HG2 9 
   117 8.142 0.0 H 13 
   1324 1.06 0.0 HD11 109 
   1221 1.459 0.0 HB3 101 
   1028 116.818 0.0 N 84 
   1113 37.084 0.0 CB 91 
   1243 4.036 0.0 HA 103 
   250 30.144 0.0 CB 23 
   790 34.742 0.0 CG 66 
   996 59.66 0.0 CA 82 
   437 0.827 0.0 HD13 39 
   458 0.737 0.0 HG23 40 
   510 0.797 0.0 HD23 43 
   256 2.791 0.0 HB3 24 
   728 133.724 0.0 CD2 60 
   450 8.934 0.0 H 40 
   480 130.657 0.0 CE2 41 
   207 1.708 0.0 HG 20 
   837 4.508 0.0 HA 70 
   1049 33.733 0.0 CG 86 
   476 39.031 0.0 CB 41 
   1336 27.041 0.0 CG 109 
   329 0.252 0.0 HG11 30 
   76 29.741 0.0 CB 9 
   715 99.63 0.0 N 59 
   61 6.882 0.0 HD21 8 
   121 1.401 0.0 HB3 13 
   612 7.186 0.0 HD2 51 
   1225 8.543 0.0 H 102 
   645 178.611 0.0 C 53 
   1141 120.762 0.0 N 93 
   562 5.281 0.0 HA 48 
   606 121.409 0.0 N 50 
   681 23.002 0.0 CD2 56 
   1295 36.323 0.0 CG 106 
   1245 3.08 0.0 HB3 103 
   1142 8.317 0.0 H 94 
   496 38.247 0.0 CB 42 
   392 1.95 0.0 HB3 35 
   847 174.815 0.0 C 70 
   141 117.597 0.0 N 15 
   778 36.644 0.0 CG 65 
   238 30.597 0.0 CB 22 
   216 4.037 0.0 HA 21 
   357 2.697 0.0 HB3 32 
   1105 0.62 0.0 HD13 91 
   839 0.635 0.0 HD11 70 
   499 17.509 0.0 CG2 42 
   1040 6.636 0.0 H 86 
   21 56.669 0.0 CA 4 
   82 1.543 0.0 HB3 10 
   720 7.329 0.0 HD1 60 
   122 178.794 0.0 C 13 
