   629 3.283 0.0 HD2 52 
   1023 54.419 0.0 CA 84 
   1199 175.018 0.0 C 98 
   933 115.627 0.0 N 77 
   51 1.354 0.0 HB2 7 
   1074 8.503 0.0 H 89 
   765 65.999 0.0 CA 64 
   691 59.107 0.0 CA 57 
   246 1.981 0.0 HG2 23 
   249 57.172 0.0 CA 23 
   407 56.237 0.0 CA 36 
   841 0.635 0.0 HD13 70 
   781 4.059 0.0 HA 66 
   344 1.8 0.0 HB3 31 
   626 4.903 0.0 HA 52 
   440 0.365 0.0 HG21 39 
   321 3.555 0.0 HB3 29 
   850 14.445 0.0 CD1 70 
   901 27.83 0.0 CG 74 
   317 123.653 0.0 N 28 
   580 0.789 0.0 HD22 49 
   633 55.616 0.0 CA 52 
   1149 0.839 0.0 HD21 94 
   663 55.404 0.0 CA 55 
   980 176.311 0.0 C 81 
   883 8.586 0.0 H 73 
   58 4.571 0.0 HA 8 
   795 1.403 0.0 HB2 67 
   798 -0.04 0.0 HD12 67 
   853 125.545 0.0 N 70 
   1007 65.351 0.0 CA 83 
   895 2.112 0.0 HG2 74 
   1029 7.848 0.0 H 85 
   199 1.86 0.0 HB2 20 
   219 7.622 0.0 HE21 21 
   818 1.681 0.0 HG3 68 
   615 7.149 0.0 HZ 51 
   1234 1.301 0.0 HG3 102 
   420 0.713 0.0 HG11 38 
   425 0.574 0.0 HG23 38 
   164 2.52 0.0 HG3 17 
   143 4.203 0.0 HA 16 
   763 1.792 0.0 HG3 64 
   1238 29.357 0.0 CD 102 
   335 173.89 0.0 C 30 
   1053 2.584 0.0 HB2 87 
   965 41.026 0.0 CB 80 
   247 1.908 0.0 HG3 23 
   804 174.721 0.0 C 67 
   958 2.826 0.0 HB3 80 
   820 58.094 0.0 CA 68 
   660 3.288 0.0 HB2 55 
   1350 3.803 0.0 HB3 111 
   346 2.141 0.0 HG2 31 
   731 124.377 0.0 N 60 
   1212 4.419 0.0 HA 100 
   887 57.766 0.0 CA 73 
   111 1.37 0.0 HB2 12 
   852 18.6 0.0 CG2 70 
   720 7.329 0.0 HD1 60 
   812 4.191 0.0 HA 68 
   725 60.827 0.0 CA 60 
   756 111.934 0.0 N 63 
   788 57.206 0.0 CA 66 
   715 99.63 0.0 N 59 
   1289 1.513 0.0 HB3 106 
   1135 174.204 0.0 C 93 
   951 34.536 0.0 CB 79 
   338 20.464 0.0 CG1 30 
   493 0.921 0.0 HG23 42 
   347 2.215 0.0 HG3 31 
   216 4.037 0.0 HA 21 
   662 175.935 0.0 C 55 
   180 36.33 0.0 CG 18 
   234 1.658 0.0 HG2 22 
   939 109.48 0.0 N 78 
   593 1.33 0.0 HB3 50 
   241 119.729 0.0 N 22 
   451 4.77 0.0 HA 40 
   248 176.858 0.0 C 23 
   443 174.355 0.0 C 39 
   540 4.13 0.0 HA 46 
   81 1.659 0.0 HB2 10 
   405 2.086 0.0 HG3 36 
   37 21.185 0.0 CG1 5 
   238 30.597 0.0 CB 22 
   541 3.176 0.0 HB2 46 
   1036 57.064 0.0 CA 85 
   1209 45.495 0.0 CA 99 
   1261 129.285 0.0 NE1 103 
   582 1.602 0.0 HG 49 
   11 32.91 0.0 CB 3 
   981 57.116 0.0 CA 81 
   133 114.553 0.0 N 14 
   911 4.276 0.0 HA2 76 
   220 2.502 0.0 HG2 21 
   1322 1.658 0.0 HB2 109 
   922 0.842 0.0 HD13 77 
   677 175.248 0.0 C 56 
   753 58.845 0.0 CA 63 
   148 1.556 0.0 HG2 16 
   805 53.307 0.0 CA 67 
   936 4.045 0.0 HA3 78 
   160 2.001 0.0 HE1 17 
   1291 1.91 0.0 HG3 106 
   1267 2.298 0.0 HE2 104 
   213 26.891 0.0 CG 20 
   780 7.728 0.0 H 66 
   948 0.488 0.0 HG23 79 
   878 38.256 0.0 CB 72 
   1277 7.659 0.0 H 105 
   467 3.304 0.0 HB2 41 
   44 174.496 0.0 C 6 
   1009 23.764 0.0 CG2 83 
   1320 8.467 0.0 H 109 
   408 32.757 0.0 CB 36 
   1186 55.877 0.0 CA 97 
   271 4.022 0.0 HB2 25 
   826 4.487 0.0 HA 69 
   354 9.231 0.0 H 32 
   495 61.316 0.0 CA 42 
   611 7.186 0.0 HD1 51 
   1040 6.636 0.0 H 86 
   281 1.162 0.0 HG22 26 
   157 4.205 0.0 HA 17 
   1256 118.379 0.0 CE3 103 
   286 22.829 0.0 CG2 26 
   713 68.111 0.0 CB 59 
   596 2.85 0.0 HE2 50 
   646 65.032 0.0 CA 53 
   838 1.325 0.0 HB 70 
   1028 116.818 0.0 N 84 
   1315 176.899 0.0 C 108 
   1242 8.089 0.0 H 103 
   1174 174.742 0.0 C 96 
   791 117.742 0.0 N 66 
   1148 0.88 0.0 HD13 94 
   941 4.752 0.0 HA 79 
   41 4.402 0.0 HA 6 
   525 54.489 0.0 CA 44 
   623 129.351 0.0 CZ 51 
   264 132.98 0.0 CD1 24 
   771 1.946 0.0 HB2 65 
   305 4.445 0.0 HA 28 
   1268 2.298 0.0 HE3 104 
   98 4.131 0.0 HA 11 
   1200 56.621 0.0 CA 98 
   1337 122.868 0.0 N 109 
   379 30.12 0.0 CB 33 
   329 0.252 0.0 HG11 30 
   436 0.827 0.0 HD12 39 
   1308 4.342 0.0 HA 108 
   681 23.002 0.0 CD2 56 
   365 133.168 0.0 CD1 32 
   141 117.597 0.0 N 15 
   283 174.498 0.0 C 26 
   385 3.839 0.0 HB3 34 
   875 1.167 0.0 HG23 72 
   683 118.239 0.0 N 56 
   1065 0.83 0.0 HG21 88 
   612 7.186 0.0 HD2 51 
   273 172.134 0.0 C 25 
   546 111.628 0.0 N 46 
   1013 1.467 0.0 HB2 84 
   1058 121.904 0.0 N 87 
   136 3.912 0.0 HB2 15 
   1153 178.947 0.0 C 94 
   1265 2.339 0.0 HB3 104 
   366 133.168 0.0 CD2 32 
   972 4.47 0.0 HA 81 
   1097 26.006 0.0 CD2 90 
   106 36.09 0.0 CG 11 
   377 1.378 0.0 HG3 33 
   1220 1.459 0.0 HB2 101 
   30 0.883 0.0 HG13 5 
   1324 1.06 0.0 HD11 109 
   992 1.901 0.0 HB3 82 
   331 0.252 0.0 HG13 30 
   624 119.432 0.0 N 51 
   61 6.882 0.0 HD21 8 
   394 2.204 0.0 HG3 35 
   343 1.96 0.0 HB2 31 
   1004 1.317 0.0 HG22 83 
   897 177.861 0.0 C 74 
   597 2.649 0.0 HE3 50 
   395 177.168 0.0 C 35 
   252 119.302 0.0 N 23 
   607 8.847 0.0 H 51 
   564 1.672 0.0 HB3 48 
   675 0.1 0.0 HD23 56 
   778 36.644 0.0 CG 65 
   1251 6.685 0.0 HZ3 103 
   1190 122.473 0.0 N 97 
   454 0.769 0.0 HG12 40 
   914 45.558 0.0 CA 76 
   1047 54.406 0.0 CA 86 
   885 4.148 0.0 HB2 73 
   1222 181.335 0.0 C 101 
   551 3.179 0.0 HD2 47 
   712 59.886 0.0 CA 59 
   450 8.934 0.0 H 40 
   1215 58.114 0.0 CA 100 
   872 0.696 0.0 HG13 72 
   603 29.631 0.0 CD 50 
   898 65.658 0.0 CA 74 
   1180 1.643 0.0 HB3 97 
   1283 54.605 0.0 CA 105 
   1319 26.852 0.0 CG 108 
   759 1.816 0.0 HB3 64 
   295 0.897 0.0 HD21 27 
   949 171.397 0.0 C 79 
   736 45.0 0.0 CA 61 
   1178 4.322 0.0 HA 97 
   170 119.345 0.0 N 17 
   1034 2.094 0.0 HG3 85 
   545 39.065 0.0 CB 46 
   591 5.454 0.0 HA 50 
   994 2.169 0.0 HG3 82 
   251 35.763 0.0 CG 23 
   45 58.096 0.0 CA 6 
   1243 4.036 0.0 HA 103 
   352 122.553 0.0 N 31 
   661 3.034 0.0 HB3 55 
   956 5.161 0.0 HA 80 
   843 0.613 0.0 HG13 70 
   441 0.365 0.0 HG22 39 
   35 62.128 0.0 CA 5 
   73 2.204 0.0 HG3 9 
   1204 125.256 0.0 N 98 
   277 7.753 0.0 H 26 
   701 177.612 0.0 C 58 
   694 124.612 0.0 N 57 
   989 7.466 0.0 H 82 
   573 4.681 0.0 HA 49 
   122 178.794 0.0 C 13 
   986 130.512 0.0 CE2 81 
   355 4.887 0.0 HA 32 
   920 0.842 0.0 HD11 77 
   1255 127.212 0.0 CD1 103 
   268 118.678 0.0 N 24 
   585 44.054 0.0 CB 49 
   741 1.112 0.0 HB2 62 
   89 1.587 0.0 HG 10 
   578 0.712 0.0 HD13 49 
   751 1.15 0.0 HG22 63 
   950 59.293 0.0 CA 79 
   1085 1.073 0.0 HB3 90 
   274 58.413 0.0 CA 25 
   740 1.112 0.0 HB1 62 
   464 126.626 0.0 N 40 
   1244 3.125 0.0 HB2 103 
   422 0.713 0.0 HG13 38 
   1164 2.524 0.0 HG2 95 
   1224 17.772 0.0 CB 101 
   211 25.394 0.0 CD1 20 
   114 53.207 0.0 CA 12 
   1098 26.895 0.0 CG 90 
   1150 0.839 0.0 HD22 94 
   396 59.18 0.0 CA 35 
   636 27.315 0.0 CG 52 
   1191 7.999 0.0 H 98 
   1140 25.6 0.0 CG 93 
   954 116.911 0.0 N 79 
   1142 8.317 0.0 H 94 
   806 41.98 0.0 CB 67 
   1330 1.647 0.0 HG 109 
   654 175.841 0.0 C 54 
   747 8.206 0.0 H 63 
   1156 26.8 0.0 CD1 94 
   258 7.074 0.0 HD2 24 
   758 2.241 0.0 HB2 64 
   1314 1.807 0.0 HG3 108 
   232 3.132 0.0 HD2 22 
   314 32.647 0.0 CB 28 
   1051 8.63 0.0 H 87 
   1292 174.911 0.0 C 106 
   656 39.184 0.0 CB 54 
   1183 1.544 0.0 HG2 97 
   445 39.072 0.0 CB 39 
   748 4.522 0.0 HA 63 
   1346 127.482 0.0 N 110 
   544 56.917 0.0 CA 46 
   908 64.358 0.0 CB 75 
   184 2.117 0.0 HB2 19 
   233 3.132 0.0 HD3 22 
   135 4.394 0.0 HA 15 
   374 3.051 0.0 HD2 33 
   1205 7.684 0.0 H 99 
   1092 1.466 0.0 HG 90 
   421 0.713 0.0 HG12 38 
   861 54.724 0.0 CA 71 
   1207 3.902 0.0 HA3 99 
   1298 4.435 0.0 HA 107 
   669 1.046 0.0 HB3 56 
   649 28.552 0.0 CG 53 
   822 43.453 0.0 CD 68 
   1208 171.528 0.0 C 99 
   1152 1.717 0.0 HG 94 
   842 1.246 0.0 HG12 70 
   43 3.824 0.0 HB3 6 
   927 176.209 0.0 C 77 
   881 17.673 0.0 CG2 72 
   205 0.854 0.0 HD22 20 
   832 55.752 0.0 CA 69 
   925 0.824 0.0 HD23 77 
   280 1.162 0.0 HG21 26 
   424 0.574 0.0 HG22 38 
   630 3.332 0.0 HD3 52 
   349 54.359 0.0 CA 31 
   993 2.169 0.0 HG2 82 
   510 0.797 0.0 HD23 43 
   1339 4.335 0.0 HA 110 
   124 18.835 0.0 CB 13 
   970 126.853 0.0 N 80 
   528 7.355 0.0 H 45 
   1232 2.947 0.0 HE3 102 
   1046 174.095 0.0 C 86 
   489 1.467 0.0 HG12 42 
   892 1.915 0.0 HB3 74 
   783 1.925 0.0 HB3 66 
   1169 36.454 0.0 CG 95 
   1331 176.976 0.0 C 109 
   726 37.813 0.0 CB 60 
   92 42.02 0.0 CB 10 
   744 52.177 0.0 CA 62 
   888 62.669 0.0 CB 73 
   115 18.829 0.0 CB 12 
   1281 1.426 0.0 HB3 105 
   979 6.755 0.0 HZ 81 
   880 28.809 0.0 CG1 72 
   957 2.892 0.0 HB2 80 
   483 9.051 0.0 H 42 
   618 43.776 0.0 CB 51 
   817 1.801 0.0 HG2 68 
   840 0.635 0.0 HD12 70 
   270 4.133 0.0 HA 25 
   873 1.167 0.0 HG21 72 
   721 7.329 0.0 HD2 60 
   595 1.556 0.0 HD3 50 
   504 1.708 0.0 HB3 43 
   222 177.928 0.0 C 21 
   1025 25.665 0.0 CD1 84 
   25 8.177 0.0 H 5 
   671 0.563 0.0 HD12 56 
   549 1.794 0.0 HB2 47 
   1079 56.08 0.0 CA 89 
   672 0.563 0.0 HD13 56 
   1311 3.315 0.0 HD2 108 
   86 0.81 0.0 HD21 10 
   40 8.389 0.0 H 6 
   750 1.15 0.0 HG21 63 
   968 117.499 0.0 CE1 80 
   1076 4.014 0.0 HB2 89 
   831 174.904 0.0 C 69 
   858 2.203 0.0 HG2 71 
   311 1.421 0.0 HG3 28 
   29 0.883 0.0 HG12 5 
   1235 177.978 0.0 C 102 
   1151 0.839 0.0 HD23 94 
   550 1.794 0.0 HB3 47 
   506 0.893 0.0 HD12 43 
   1018 0.647 0.0 HD21 84 
   309 3.084 0.0 HD3 28 
   693 31.891 0.0 CG 57 
   285 72.209 0.0 CB 26 
   207 1.708 0.0 HG 20 
   627 2.135 0.0 HB2 52 
   1275 32.912 0.0 CG 104 
   1248 6.803 0.0 HE3 103 
   389 9.379 0.0 H 35 
   767 49.993 0.0 CD 64 
   1170 117.117 0.0 N 95 
   415 46.016 0.0 CA 37 
   785 2.378 0.0 HG2 66 
   1021 1.476 0.0 HG 84 
   514 42.395 0.0 CB 43 
   955 8.83 0.0 H 80 
   571 120.823 0.0 N 48 
   1024 42.208 0.0 CB 84 
   1304 26.649 0.0 CB 107 
   1014 1.467 0.0 HB3 84 
   1328 1.014 0.0 HD22 109 
   1296 114.241 0.0 N 106 
   697 3.592 0.0 HA 58 
   1091 0.902 0.0 HD23 90 
   38 20.453 0.0 CG2 5 
   201 0.832 0.0 HD11 20 
   1068 174.389 0.0 C 88 
   401 4.289 0.0 HA 36 
   190 2.638 0.0 HG3 19 
   147 3.165 0.0 HD3 16 
   290 1.67 0.0 HB2 27 
   509 0.797 0.0 HD22 43 
   119 1.401 0.0 HB1 13 
   1192 3.921 0.0 HA 98 
   386 176.483 0.0 C 34 
   1347 7.888 0.0 H 111 
   809 25.235 0.0 CG 67 
   827 1.967 0.0 HB2 69 
   1101 3.198 0.0 HA 91 
   962 6.559 0.0 HE2 80 
   1056 52.907 0.0 CA 87 
   1226 3.979 0.0 HA 102 
   288 9.148 0.0 H 27 
   456 0.737 0.0 HG21 40 
   42 3.879 0.0 HB2 6 
   129 3.873 0.0 HB3 14 
   209 56.978 0.0 CA 20 
   857 2.042 0.0 HB3 71 
   617 56.966 0.0 CA 51 
   943 0.692 0.0 HG11 79 
   1084 1.612 0.0 HB2 90 
   1184 1.434 0.0 HG3 97 
   1132 0.068 0.0 HD22 93 
   75 57.507 0.0 CA 9 
   237 57.61 0.0 CA 22 
   1236 59.169 0.0 CA 102 
   186 2.03 0.0 HE1 19 
   543 175.512 0.0 C 46 
   1172 4.236 0.0 HA2 96 
   239 43.459 0.0 CD 22 
   1317 32.352 0.0 CB 108 
   17 1.884 0.0 HB3 4 
   82 1.543 0.0 HB3 10 
   991 1.901 0.0 HB2 82 
   387 61.518 0.0 CA 34 
   1176 107.323 0.0 N 96 
   863 35.813 0.0 CG 71 
   294 0.75 0.0 HD13 27 
   1269 2.941 0.0 HG2 104 
   727 133.724 0.0 CD1 60 
   398 36.377 0.0 CG 35 
   1094 57.642 0.0 CA 90 
   1188 43.281 0.0 CD 97 
   91 56.126 0.0 CA 10 
   700 0.928 0.0 HB3 58 
   1300 1.173 0.0 HB3 107 
   1338 8.637 0.0 H 110 
   257 7.074 0.0 HD1 24 
   680 24.042 0.0 CD1 56 
   884 4.521 0.0 HA 73 
   561 8.308 0.0 H 48 
   839 0.635 0.0 HD11 70 
   48 8.431 0.0 H 7 
   412 3.965 0.0 HA2 37 
   109 4.201 0.0 HA 12 
   300 43.838 0.0 CB 27 
   1196 3.595 0.0 HD3 98 
   1059 9.051 0.0 H 88 
   269 7.403 0.0 H 25 
   490 0.882 0.0 HG13 42 
   1210 105.916 0.0 N 99 
   935 4.601 0.0 HA2 78 
   589 125.107 0.0 N 49 
   769 8.522 0.0 H 65 
   1113 37.084 0.0 CB 91 
   287 104.093 0.0 N 26 
   289 4.249 0.0 HA 27 
   673 0.1 0.0 HD21 56 
   536 37.016 0.0 CB 45 
   577 0.712 0.0 HD12 49 
   1245 3.08 0.0 HB3 103 
   642 4.012 0.0 HD3 53 
   572 9.364 0.0 H 49 
   1112 64.55 0.0 CA 91 
   276 113.556 0.0 N 25 
   417 6.622 0.0 H 38 
   76 29.741 0.0 CB 9 
   400 7.08 0.0 H 36 
   1067 0.83 0.0 HG23 88 
   71 1.998 0.0 HB3 9 
   1336 27.041 0.0 CG 109 
   800 0.36 0.0 HD21 67 
   102 2.197 0.0 HG3 11 
   931 23.53 0.0 CD2 77 
   203 0.832 0.0 HD13 20 
   867 1.671 0.0 HB 72 
   369 124.536 0.0 N 32 
   1090 0.902 0.0 HD22 90 
   150 177.474 0.0 C 16 
   1306 134.424 0.0 CE1 107 
   686 1.24 0.0 HB2 57 
   1095 42.674 0.0 CB 90 
   1302 7.911 0.0 HE1 107 
   774 2.196 0.0 HG3 65 
   902 7.893 0.0 H 75 
   197 8.034 0.0 H 20 
   1104 0.62 0.0 HD12 91 
   8 2.492 0.0 HG3 3 
   426 173.629 0.0 C 38 
   93 24.876 0.0 CD1 10 
   1003 1.317 0.0 HG21 83 
   987 127.489 0.0 CZ 81 
   556 57.292 0.0 CA 47 
   123 53.303 0.0 CA 13 
   678 52.687 0.0 CA 56 
   1230 1.624 0.0 HD3 102 
   128 3.873 0.0 HB2 14 
   174 2.003 0.0 HB3 18 
   1211 8.646 0.0 H 100 
   15 4.276 0.0 HA 4 
   105 29.983 0.0 CB 11 
   699 0.928 0.0 HB2 58 
   900 50.653 0.0 CD 74 
   1143 4.015 0.0 HA 94 
   793 7.132 0.0 H 67 
   879 13.45 0.0 CD1 72 
   1131 0.068 0.0 HD21 93 
   1333 42.849 0.0 CB 109 
   419 1.757 0.0 HB 38 
   146 3.165 0.0 HD2 16 
   854 8.778 0.0 H 71 
   513 54.59 0.0 CA 43 
   78 121.267 0.0 N 9 
   886 3.722 0.0 HB3 73 
   225 33.973 0.0 CG 21 
   559 27.613 0.0 CG 47 
   1129 -0.102 0.0 HD12 93 
   1127 1.079 0.0 HB3 93 
   497 13.076 0.0 CD1 42 
   1276 117.096 0.0 N 104 
   560 121.275 0.0 N 47 
   637 125.064 0.0 N 52 
   601 55.26 0.0 CA 50 
   689 1.708 0.0 HG2 57 
   4 2.037 0.0 HE1 3 
   1122 47.672 0.0 CA 92 
   453 0.769 0.0 HG11 40 
   849 42.252 0.0 CB 70 
   130 175.451 0.0 C 14 
   944 0.692 0.0 HG12 79 
   208 178.43 0.0 C 20 
   392 1.95 0.0 HB3 35 
   1019 0.647 0.0 HD22 84 
   733 3.771 0.0 HA2 61 
   823 27.438 0.0 CG 68 
   1159 119.88 0.0 N 94 
   877 61.763 0.0 CA 72 
   973 3.113 0.0 HB2 81 
   462 21.236 0.0 CG1 40 
   917 4.552 0.0 HA 77 
   915 109.752 0.0 N 76 
   527 122.697 0.0 N 44 
   145 1.84 0.0 HB3 16 
   792 110.754 0.0 NE2 66 
   1197 1.615 0.0 HG2 98 
   120 1.401 0.0 HB2 13 
   16 1.968 0.0 HB2 4 
   391 1.95 0.0 HB2 35 
   1072 22.104 0.0 CG2 88 
   351 33.242 0.0 CG 31 
   24 122.855 0.0 N 4 
   855 4.692 0.0 HA 71 
   272 3.847 0.0 HB3 25 
   775 178.76 0.0 C 65 
   899 31.733 0.0 CB 74 
   1011 6.473 0.0 H 84 
   319 4.528 0.0 HA 29 
   476 39.031 0.0 CB 41 
   770 3.908 0.0 HA 65 
   1206 3.902 0.0 HA2 99 
   533 7.365 0.0 HD22 45 
   254 4.315 0.0 HA 24 
   620 131.545 0.0 CD2 51 
   1081 120.776 0.0 N 89 
   53 178.059 0.0 C 7 
   334 0.674 0.0 HG23 30 
   982 38.413 0.0 CB 81 
   710 -0.209 0.0 HG23 59 
   569 32.524 0.0 CB 48 
   796 1.216 0.0 HB3 67 
   1157 23.025 0.0 CD2 94 
   142 8.148 0.0 H 16 
   1126 1.663 0.0 HB2 93 
   1353 121.137 0.0 N 111 
   1266 2.298 0.0 HE1 104 
   95 26.946 0.0 CG 10 
   23 36.128 0.0 CG 4 
   144 1.84 0.0 HB2 16 
   1073 121.549 0.0 N 88 
   889 125.865 0.0 N 73 
   707 3.962 0.0 HB 59 
   576 0.712 0.0 HD11 49 
   1259 121.776 0.0 CZ3 103 
   869 0.687 0.0 HD12 72 
   1141 120.762 0.0 N 93 
   801 0.36 0.0 HD22 67 
   177 176.883 0.0 C 18 
   904 3.917 0.0 HB2 75 
   194 17.023 0.0 CE 19 
   690 0.608 0.0 HG3 57 
   1093 177.109 0.0 C 90 
   282 1.162 0.0 HG23 26 
   358 6.794 0.0 HD1 32 
   68 8.245 0.0 H 9 
   243 4.083 0.0 HA 23 
   1262 9.18 0.0 H 104 
   722 6.914 0.0 HE1 60 
   318 7.994 0.0 H 29 
   1061 1.943 0.0 HB 88 
   448 19.58 0.0 CG2 39 
   198 4.193 0.0 HA 20 
   1133 0.068 0.0 HD23 93 
   848 60.153 0.0 CA 70 
   859 2.053 0.0 HG3 71 
   14 8.628 0.0 H 4 
   327 4.941 0.0 HA 30 
   275 64.876 0.0 CB 25 
   1006 175.706 0.0 C 83 
   723 6.914 0.0 HE2 60 
   1116 17.114 0.0 CG2 91 
   942 1.744 0.0 HB 79 
   1185 174.894 0.0 C 97 
   766 31.923 0.0 CB 64 
   1233 1.398 0.0 HG2 102 
   240 27.348 0.0 CG 22 
   894 3.907 0.0 HD3 74 
   734 3.361 0.0 HA3 61 
   477 132.608 0.0 CD1 41 
   667 4.636 0.0 HA 56 
   32 0.884 0.0 HG22 5 
   1016 0.451 0.0 HD12 84 
   12 16.881 0.0 CE 3 
   912 3.67 0.0 HA3 76 
   919 1.608 0.0 HB3 77 
   1278 3.948 0.0 HA 105 
   191 177.964 0.0 C 19 
   1050 114.682 0.0 N 86 
   695 109.665 0.0 NE2 57 
   608 4.974 0.0 HA 51 
   113 178.397 0.0 C 12 
   291 1.158 0.0 HB3 27 
   1326 1.06 0.0 HD13 109 
   784 7.328 0.0 HE21 66 
   397 28.457 0.0 CB 35 
   1055 175.722 0.0 C 87 
   384 3.925 0.0 HB2 34 
   711 173.265 0.0 C 59 
   229 4.086 0.0 HA 22 
   411 7.908 0.0 H 37 
   215 8.157 0.0 H 21 
   168 16.963 0.0 CE 17 
   455 0.769 0.0 HG13 40 
   214 121.295 0.0 N 20 
   1165 2.274 0.0 HG3 95 
   263 38.578 0.0 CB 24 
   245 1.795 0.0 HB3 23 
   63 175.868 0.0 C 8 
   1145 1.482 0.0 HB3 94 
   971 8.68 0.0 H 81 
   1263 3.644 0.0 HA 104 
   1147 0.88 0.0 HD12 94 
   856 2.042 0.0 HB2 71 
   638 4.146 0.0 HA 53 
   782 2.243 0.0 HB2 66 
   834 35.395 0.0 CG 69 
   221 2.215 0.0 HG3 21 
   390 4.039 0.0 HA 35 
   121 1.401 0.0 HB3 13 
   1282 179.136 0.0 C 105 
   56 126.064 0.0 N 7 
   10 55.604 0.0 CA 3 
   1144 1.93 0.0 HB2 94 
   1342 1.398 0.0 HB3 110 
   80 4.197 0.0 HA 10 
   890 4.309 0.0 HA 74 
   388 62.613 0.0 CB 34 
   1182 3.087 0.0 HD3 97 
   367 117.341 0.0 CE1 32 
   1340 1.398 0.0 HB1 110 
   508 0.797 0.0 HD21 43 
   413 3.768 0.0 HA3 37 
   60 2.712 0.0 HB3 8 
   976 6.984 0.0 HD2 81 
   604 41.911 0.0 CE 50 
   940 8.683 0.0 H 79 
   692 28.159 0.0 CB 57 
   430 18.467 0.0 CG2 38 
   363 57.485 0.0 CA 32 
   1136 58.032 0.0 CA 93 
   687 0.068 0.0 HB3 57 
   501 9.031 0.0 H 43 
   644 1.601 0.0 HG3 53 
   339 23.077 0.0 CG2 30 
   484 4.729 0.0 HA 42 
   224 28.59 0.0 CB 21 
   719 2.799 0.0 HB3 60 
   341 8.341 0.0 H 31 
   303 119.999 0.0 N 27 
   643 2.087 0.0 HG2 53 
   94 23.445 0.0 CD2 10 
   137 3.912 0.0 HB3 15 
   50 1.354 0.0 HB1 7 
   1253 62.775 0.0 CA 103 
   773 2.328 0.0 HG2 65 
   634 28.313 0.0 CB 52 
   1214 4.42 0.0 HB3 100 
   85 0.86 0.0 HD13 10 
   530 3.252 0.0 HB2 45 
   670 0.563 0.0 HD11 56 
   1102 1.437 0.0 HB 91 
   1307 117.066 0.0 N 107 
   83 0.86 0.0 HD11 10 
   1352 64.896 0.0 CB 111 
   138 175.478 0.0 C 15 
   1332 55.074 0.0 CA 109 
   996 59.66 0.0 CA 82 
   375 2.833 0.0 HD3 33 
   1043 1.238 0.0 HB3 86 
   930 26.039 0.0 CD1 77 
   498 28.39 0.0 CG1 42 
   1160 7.738 0.0 H 95 
   315 43.794 0.0 CD 28 
   383 3.616 0.0 HA 34 
   62 7.585 0.0 HD22 8 
   1301 6.147 0.0 HD2 107 
   1288 1.513 0.0 HB2 106 
   776 59.383 0.0 CA 65 
   175 2.198 0.0 HG2 18 
   647 30.867 0.0 CB 53 
   735 174.325 0.0 C 61 
   650 7.948 0.0 H 54 
   134 8.205 0.0 H 15 
   566 1.94 0.0 HG3 48 
   542 2.79 0.0 HB3 46 
   567 176.225 0.0 C 48 
   588 27.673 0.0 CG 49 
   1271 178.325 0.0 C 104 
   1071 21.209 0.0 CG1 88 
   1155 41.391 0.0 CB 94 
   418 4.915 0.0 HA 38 
   296 0.897 0.0 HD22 27 
   471 7.087 0.0 HE1 41 
   946 0.488 0.0 HG21 79 
   284 59.488 0.0 CA 26 
   1173 3.752 0.0 HA3 96 
   833 28.69 0.0 CB 69 
   439 0.821 0.0 HG13 39 
   1039 114.551 0.0 N 85 
   1033 2.205 0.0 HG2 85 
   815 3.22 0.0 HD2 68 
   496 38.247 0.0 CB 42 
   1171 7.722 0.0 H 96 
   402 2.002 0.0 HB2 36 
   1227 1.826 0.0 HB2 102 
   534 175.729 0.0 C 45 
   1216 64.391 0.0 CB 100 
   876 175.825 0.0 C 72 
   728 133.724 0.0 CD2 60 
   1115 28.558 0.0 CG1 91 
   189 2.505 0.0 HG2 19 
   640 2.014 0.0 HB3 53 
   316 26.623 0.0 CG 28 
   77 36.292 0.0 CG 9 
   1228 1.689 0.0 HB3 102 
   459 174.702 0.0 C 40 
   1195 3.779 0.0 HD2 98 
   1241 119.022 0.0 N 102 
   482 128.169 0.0 N 41 
   1114 13.047 0.0 CD1 91 
   829 2.202 0.0 HG2 69 
   169 32.011 0.0 CG 17 
   131 59.538 0.0 CA 14 
   22 29.994 0.0 CB 4 
   1287 3.906 0.0 HA 106 
   485 1.815 0.0 HB 42 
   161 2.001 0.0 HE2 17 
   1027 26.393 0.0 CG 84 
   1049 33.733 0.0 CG 86 
   999 124.087 0.0 N 82 
   845 0.118 0.0 HG22 70 
   1031 2.094 0.0 HB2 85 
   449 122.144 0.0 N 39 
   64 53.841 0.0 CA 8 
   1246 7.018 0.0 HD1 103 
   621 131.675 0.0 CE1 51 
   362 174.519 0.0 C 32 
   1038 37.004 0.0 CG 85 
   847 174.815 0.0 C 70 
   499 17.509 0.0 CG2 42 
   293 0.75 0.0 HD12 27 
   442 0.365 0.0 HG23 39 
   851 26.419 0.0 CG1 70 
   846 0.118 0.0 HG23 70 
   613 7.022 0.0 HE1 51 
   1225 8.543 0.0 H 102 
   519 9.087 0.0 H 44 
   487 0.685 0.0 HD12 42 
   502 5.108 0.0 HA 43 
   381 26.709 0.0 CG 33 
   565 2.222 0.0 HG2 48 
   631 1.861 0.0 HG2 52 
   266 118.071 0.0 CE1 24 
   452 1.871 0.0 HB 40 
   757 3.427 0.0 HA 64 
   342 4.566 0.0 HA 31 
   409 36.871 0.0 CG 36 
   292 0.75 0.0 HD11 27 
   278 4.43 0.0 HA 26 
   428 35.509 0.0 CB 38 
   370 8.36 0.0 H 33 
   1083 3.798 0.0 HA 90 
   7 2.532 0.0 HG2 3 
   598 1.28 0.0 HG2 50 
   988 126.963 0.0 N 81 
   978 6.86 0.0 HE2 81 
   619 131.545 0.0 CD1 51 
   1125 3.727 0.0 HA 93 
   368 117.341 0.0 CE2 32 
   602 35.539 0.0 CB 50 
   178 58.414 0.0 CA 18 
   153 43.249 0.0 CD 16 
   217 2.12 0.0 HB2 21 
   33 0.884 0.0 HG23 5 
   107 120.956 0.0 N 11 
   579 0.789 0.0 HD21 49 
   709 -0.209 0.0 HG22 59 
   378 54.137 0.0 CA 33 
   302 26.014 0.0 CD2 27 
   696 8.306 0.0 H 58 
   1219 1.459 0.0 HB1 101 
   645 178.611 0.0 C 53 
   1060 4.191 0.0 HA 88 
   921 0.842 0.0 HD12 77 
   1272 60.65 0.0 CA 104 
   313 56.669 0.0 CA 28 
   606 121.409 0.0 N 50 
   754 67.952 0.0 CB 63 
   192 57.55 0.0 CA 19 
   668 2.211 0.0 HB2 56 
   960 6.868 0.0 HD2 80 
   998 35.923 0.0 CG 82 
   151 57.826 0.0 CA 16 
   529 4.564 0.0 HA 45 
   183 4.2 0.0 HA 19 
   1139 22.143 0.0 CD2 93 
   6 2.037 0.0 HE3 3 
   1323 1.528 0.0 HB3 109 
   531 2.661 0.0 HB3 45 
   1158 26.897 0.0 CG 94 
   434 1.87 0.0 HB 39 
   423 0.574 0.0 HG21 38 
   104 57.085 0.0 CA 11 
   1017 0.451 0.0 HD13 84 
   1030 3.622 0.0 HA 85 
   1012 4.131 0.0 HA 84 
   511 1.668 0.0 HG 43 
   167 31.857 0.0 CB 17 
   1048 34.491 0.0 CB 86 
   652 2.966 0.0 HB2 54 
   716 7.089 0.0 H 60 
   594 1.556 0.0 HD2 50 
   1042 1.871 0.0 HB2 86 
   717 4.115 0.0 HA 60 
   977 6.86 0.0 HE1 81 
   200 1.476 0.0 HB3 20 
   297 0.897 0.0 HD23 27 
   1341 1.398 0.0 HB2 110 
   1062 0.724 0.0 HG11 88 
   923 0.824 0.0 HD21 77 
   474 174.17 0.0 C 41 
   547 7.703 0.0 H 47 
   811 7.214 0.0 H 68 
   228 7.939 0.0 H 22 
   702 54.433 0.0 CA 58 
   1069 61.447 0.0 CA 88 
   648 49.824 0.0 CD 53 
   308 3.145 0.0 HD2 28 
   641 3.873 0.0 HD2 53 
   664 42.87 0.0 CB 55 
   337 34.762 0.0 CB 30 
   350 32.865 0.0 CB 31 
   1177 8.717 0.0 H 97 
   458 0.737 0.0 HG23 40 
   1294 30.476 0.0 CB 106 
   261 175.685 0.0 C 24 
   676 1.245 0.0 HG 56 
   1193 1.534 0.0 HB2 98 
   159 2.044 0.0 HB3 17 
   103 177.123 0.0 C 11 
   779 114.841 0.0 N 65 
   466 4.852 0.0 HA 41 
   816 3.22 0.0 HD3 68 
   1088 0.758 0.0 HD13 90 
   1312 3.044 0.0 HD3 108 
   997 30.452 0.0 CB 82 
   361 6.319 0.0 HE2 32 
   376 1.44 0.0 HG2 33 
   953 22.452 0.0 CG2 79 
   516 24.929 0.0 CD2 43 
   821 31.556 0.0 CB 68 
   188 2.03 0.0 HE3 19 
   1099 129.702 0.0 N 90 
   1349 3.803 0.0 HB2 111 
   410 115.94 0.0 N 36 
   353 111.73 0.0 NE2 31 
   301 26.22 0.0 CD1 27 
   966 133.192 0.0 CD1 80 
   909 109.127 0.0 N 75 
   1223 56.234 0.0 CA 101 
   212 23.311 0.0 CD2 20 
   21 56.669 0.0 CA 4 
   1247 9.086 0.0 HE1 103 
   1295 36.323 0.0 CG 106 
   492 0.921 0.0 HG22 42 
   538 106.735 0.0 ND2 45 
   69 4.162 0.0 HA 9 
   777 28.454 0.0 CB 65 
   1274 15.91 0.0 CE 104 
   874 1.167 0.0 HG22 72 
   1130 -0.102 0.0 HD13 93 
   959 6.868 0.0 HD1 80 
   31 0.884 0.0 HG21 5 
   1297 7.064 0.0 H 107 
   868 0.687 0.0 HD11 72 
   768 28.234 0.0 CG 64 
   814 1.811 0.0 HB3 68 
   916 7.499 0.0 H 77 
   665 116.732 0.0 N 55 
   127 4.342 0.0 HA 14 
   399 121.527 0.0 N 35 
   1080 64.469 0.0 CB 89 
   47 119.949 0.0 N 6 
   575 1.555 0.0 HB3 49 
   938 45.05 0.0 CA 78 
   512 178.81 0.0 C 43 
   503 2.221 0.0 HB2 43 
   1179 1.643 0.0 HB2 97 
   563 1.791 0.0 HB2 48 
   446 15.099 0.0 CD1 39 
   945 0.692 0.0 HG13 79 
   961 6.559 0.0 HE1 80 
   1002 4.209 0.0 HB 83 
   1201 31.248 0.0 CB 98 
   100 1.977 0.0 HB3 11 
   952 21.455 0.0 CG1 79 
   605 26.043 0.0 CG 50 
   340 122.775 0.0 N 30 
   172 4.121 0.0 HA 18 
   1309 2.209 0.0 HB2 108 
   447 29.191 0.0 CG1 39 
   336 60.933 0.0 CA 30 
   590 8.188 0.0 H 50 
   1313 1.807 0.0 HG2 108 
   581 0.789 0.0 HD23 49 
   1041 4.768 0.0 HA 86 
   500 123.192 0.0 N 42 
   1231 2.947 0.0 HE2 102 
   125 122.326 0.0 N 13 
   176 2.198 0.0 HG3 18 
   262 58.621 0.0 CA 24 
   162 2.001 0.0 HE3 17 
   583 175.439 0.0 C 49 
   1273 33.268 0.0 CB 104 
   54 53.151 0.0 CA 7 
   39 121.499 0.0 N 5 
   97 8.147 0.0 H 11 
   118 4.218 0.0 HA 13 
   628 1.678 0.0 HB3 52 
   1057 44.193 0.0 CB 87 
   66 116.954 0.0 N 8 
   1121 176.157 0.0 C 92 
   599 1.166 0.0 HG3 50 
   1010 115.091 0.0 N 83 
   520 3.968 0.0 HA 44 
   521 1.364 0.0 HB1 44 
   739 4.298 0.0 HA 62 
   437 0.827 0.0 HD13 39 
   790 34.742 0.0 CG 66 
   586 25.513 0.0 CD1 49 
   924 0.824 0.0 HD22 77 
   79 8.06 0.0 H 10 
   364 38.922 0.0 CB 32 
   975 6.984 0.0 HD1 81 
   253 8.087 0.0 H 24 
   481 128.301 0.0 CZ 41 
   600 175.125 0.0 C 50 
   414 174.303 0.0 C 37 
   380 43.753 0.0 CD 33 
   554 1.442 0.0 HG3 47 
   1106 1.169 0.0 HG12 91 
   682 26.691 0.0 CG 56 
   299 56.06 0.0 CA 27 
   1237 32.751 0.0 CB 102 
   1250 6.476 0.0 HZ2 103 
   808 23.38 0.0 CD2 67 
   974 2.775 0.0 HB3 81 
   1107 0.614 0.0 HG13 91 
   90 178.235 0.0 C 10 
   1015 0.451 0.0 HD11 84 
   429 21.782 0.0 CG1 38 
   431 105.549 0.0 N 38 
   891 2.382 0.0 HB2 74 
   382 130.005 0.0 N 33 
   1078 175.634 0.0 C 89 
   46 64.02 0.0 CB 6 
   1254 29.069 0.0 CB 103 
   1137 41.703 0.0 CB 93 
   28 0.883 0.0 HG11 5 
   947 0.488 0.0 HG22 79 
   298 175.89 0.0 C 27 
   639 2.014 0.0 HB2 53 
   1279 1.426 0.0 HB1 105 
   1181 3.087 0.0 HD2 97 
   555 174.209 0.0 C 47 
   1187 28.806 0.0 CB 97 
   1100 7.464 0.0 H 91 
   762 2.185 0.0 HG2 64 
   714 19.939 0.0 CG2 59 
   515 25.078 0.0 CD1 43 
   772 1.946 0.0 HB3 65 
   1077 3.766 0.0 HB3 89 
   1162 2.044 0.0 HB2 95 
   1264 2.067 0.0 HB2 104 
   332 0.674 0.0 HG21 30 
   718 3.132 0.0 HB2 60 
   1045 2.116 0.0 HG3 86 
   1109 0.555 0.0 HG22 91 
   518 128.415 0.0 N 43 
   539 8.1 0.0 H 46 
   1103 0.62 0.0 HD11 91 
   1022 175.527 0.0 C 84 
   473 6.866 0.0 HZ 41 
   55 19.004 0.0 CB 7 
   553 1.653 0.0 HG2 47 
   230 1.794 0.0 HB2 22 
   1111 177.553 0.0 C 91 
   1334 24.954 0.0 CD1 109 
   622 131.675 0.0 CE2 51 
   1290 2.19 0.0 HG2 106 
   1000 9.023 0.0 H 83 
   373 1.546 0.0 HB3 33 
   49 4.212 0.0 HA 7 
   813 1.901 0.0 HB2 68 
   523 1.364 0.0 HB3 44 
   1194 2.763 0.0 HB3 98 
   461 33.244 0.0 CB 40 
   655 55.185 0.0 CA 54 
   928 54.378 0.0 CA 77 
   267 118.071 0.0 CE2 24 
   937 170.501 0.0 C 78 
   1124 7.615 0.0 H 93 
   568 54.347 0.0 CA 48 
   913 174.359 0.0 C 76 
   326 8.245 0.0 H 30 
   310 1.564 0.0 HG2 28 
   984 131.99 0.0 CD2 81 
   732 8.751 0.0 H 61 
   1168 29.663 0.0 CB 95 
   457 0.737 0.0 HG22 40 
   803 1.287 0.0 HG 67 
   738 8.104 0.0 H 62 
   659 4.94 0.0 HA 55 
   304 9.619 0.0 H 28 
   260 6.701 0.0 HE2 24 
   460 61.243 0.0 CA 40 
   403 1.619 0.0 HB3 36 
   1075 4.745 0.0 HA 89 
   57 8.312 0.0 H 8 
   507 0.893 0.0 HD13 43 
   929 42.125 0.0 CB 77 
   658 8.201 0.0 H 55 
   625 9.528 0.0 H 52 
   1293 55.883 0.0 CA 106 
   570 36.376 0.0 CG 48 
   179 29.811 0.0 CB 18 
   557 30.762 0.0 CB 47 
   674 0.1 0.0 HD22 56 
   742 1.112 0.0 HB3 62 
   1134 1.465 0.0 HG 93 
   836 7.957 0.0 H 70 
   1166 176.559 0.0 C 95 
   154 27.325 0.0 CG 16 
   279 4.215 0.0 HB 26 
   1082 8.799 0.0 H 90 
   1035 175.01 0.0 C 85 
   679 42.559 0.0 CB 56 
   797 -0.04 0.0 HD11 67 
   438 1.863 0.0 HG12 39 
   537 114.155 0.0 N 45 
   432 9.458 0.0 H 39 
   1286 6.969 0.0 H 106 
   486 0.685 0.0 HD11 42 
   789 29.542 0.0 CB 66 
   65 38.639 0.0 CB 8 
   1335 24.143 0.0 CD2 109 
   985 130.512 0.0 CE1 81 
   206 0.854 0.0 HD23 20 
   1037 26.953 0.0 CB 85 
   218 1.928 0.0 HB3 21 
   729 118.264 0.0 CE1 60 
   749 4.537 0.0 HB 63 
   117 8.142 0.0 H 13 
   964 55.493 0.0 CA 80 
   87 0.81 0.0 HD22 10 
   468 2.612 0.0 HB3 41 
   84 0.86 0.0 HD12 10 
   737 118.169 0.0 N 61 
   27 2.016 0.0 HB 5 
   760 3.713 0.0 HD2 64 
   223 57.396 0.0 CA 21 
   1303 53.158 0.0 CA 107 
   480 130.657 0.0 CE2 41 
   108 8.113 0.0 H 12 
   866 4.208 0.0 HA 72 
   910 8.418 0.0 H 76 
   1064 0.724 0.0 HG13 88 
   312 176.07 0.0 C 28 
   1229 1.65 0.0 HD2 102 
   1052 5.547 0.0 HA 87 
   830 2.202 0.0 HG3 69 
   704 116.752 0.0 N 58 
   844 0.118 0.0 HG21 70 
   5 2.037 0.0 HE2 3 
   324 64.918 0.0 CB 29 
   893 3.803 0.0 HD2 74 
   761 3.801 0.0 HD3 64 
   967 133.192 0.0 CD2 80 
   666 7.22 0.0 H 56 
   306 1.556 0.0 HB2 28 
   865 9.013 0.0 H 72 
   244 1.795 0.0 HB2 23 
   1119 3.827 0.0 HA2 92 
   427 58.127 0.0 CA 38 
   746 123.335 0.0 N 62 
   112 1.37 0.0 HB3 12 
   202 0.832 0.0 HD12 20 
   706 3.734 0.0 HA 59 
   155 122.38 0.0 N 16 
   26 4.098 0.0 HA 5 
   166 57.361 0.0 CA 17 
   587 23.991 0.0 CD2 49 
   67 112.954 0.0 ND2 8 
   698 0.928 0.0 HB1 58 
   657 111.513 0.0 N 54 
   610 2.552 0.0 HB3 51 
   210 42.252 0.0 CB 20 
   1280 1.426 0.0 HB2 105 
   494 176.006 0.0 C 42 
   1345 19.28 0.0 CB 110 
   862 32.946 0.0 CB 71 
   163 2.46 0.0 HG2 17 
   348 174.131 0.0 C 31 
   491 0.921 0.0 HG21 42 
   465 9.605 0.0 H 41 
   328 1.586 0.0 HB 30 
   918 1.608 0.0 HB2 77 
   1213 4.108 0.0 HB2 100 
   250 30.144 0.0 CB 23 
   1310 1.86 0.0 HB3 108 
   828 1.967 0.0 HB3 69 
   685 2.151 0.0 HA 57 
   1070 35.256 0.0 CB 88 
   1344 52.539 0.0 CA 110 
   204 0.854 0.0 HD21 20 
   18 2.199 0.0 HG2 4 
   325 111.229 0.0 N 29 
   963 175.006 0.0 C 80 
   1054 2.509 0.0 HB3 87 
   470 7.257 0.0 HD2 41 
   653 2.515 0.0 HB3 54 
   614 7.022 0.0 HE2 51 
   99 1.977 0.0 HB2 11 
   906 175.703 0.0 C 75 
   181 119.875 0.0 N 18 
   1096 23.032 0.0 CD1 90 
   1325 1.06 0.0 HD12 109 
   635 43.598 0.0 CD 52 
   745 20.267 0.0 CB 62 
   265 132.98 0.0 CD2 24 
   535 52.068 0.0 CA 45 
   574 1.727 0.0 HB2 49 
   1240 24.762 0.0 CG 102 
   1138 24.399 0.0 CD1 93 
   1348 4.214 0.0 HA 111 
   226 118.077 0.0 N 21 
   505 0.893 0.0 HD11 43 
   345 7.418 0.0 HE21 31 
   1221 1.459 0.0 HB3 101 
   158 2.044 0.0 HB2 17 
   472 7.087 0.0 HE2 41 
   1284 17.87 0.0 CB 105 
   1343 176.868 0.0 C 110 
   2 2.029 0.0 HB2 3 
   807 25.787 0.0 CD1 67 
   1032 2.265 0.0 HB3 85 
   196 119.142 0.0 N 19 
   903 4.211 0.0 HA 75 
   110 1.37 0.0 HB1 12 
   227 111.873 0.0 NE2 21 
   1063 0.724 0.0 HG12 88 
   259 6.701 0.0 HE1 24 
   152 30.165 0.0 CB 16 
   1258 114.304 0.0 CZ2 103 
   1318 50.22 0.0 CD 108 
   320 3.731 0.0 HB2 29 
   323 57.62 0.0 CA 29 
   182 7.963 0.0 H 19 
   195 32.102 0.0 CG 19 
   609 3.28 0.0 HB2 51 
   256 2.791 0.0 HB3 24 
   20 176.331 0.0 C 4 
   1118 7.314 0.0 H 92 
   404 2.193 0.0 HG2 36 
   1257 124.8 0.0 CH2 103 
   969 117.499 0.0 CE2 80 
   255 2.895 0.0 HB2 24 
   1202 43.141 0.0 CD 98 
   1066 0.83 0.0 HG22 88 
   752 1.15 0.0 HG23 63 
   1154 57.332 0.0 CA 94 
   1285 120.951 0.0 N 105 
   88 0.81 0.0 HD23 10 
   860 175.775 0.0 C 71 
   1105 0.62 0.0 HD13 91 
   532 6.441 0.0 HD21 45 
   140 63.455 0.0 CB 15 
