   210 42.252 0.0 CB 20 
   838 1.325 0.0 HB 70 
   627 2.135 0.0 HB2 52 
   432 9.458 0.0 H 39 
   893 3.803 0.0 HD2 74 
   781 4.059 0.0 HA 66 
   1344 52.539 0.0 CA 110 
   834 35.395 0.0 CG 69 
   774 2.196 0.0 HG3 65 
   535 52.068 0.0 CA 45 
   1317 32.352 0.0 CB 108 
   1300 1.173 0.0 HB3 107 
   607 8.847 0.0 H 51 
   54 53.151 0.0 CA 7 
   1312 3.044 0.0 HD3 108 
   1090 0.902 0.0 HD22 90 
   142 8.148 0.0 H 16 
   736 45.0 0.0 CA 61 
   581 0.789 0.0 HD23 49 
   1033 2.205 0.0 HG2 85 
   141 117.597 0.0 N 15 
   1054 2.509 0.0 HB3 87 
   351 33.242 0.0 CG 31 
   604 41.911 0.0 CE 50 
   241 119.729 0.0 N 22 
   72 2.204 0.0 HG2 9 
   3 1.935 0.0 HB3 3 
   679 42.559 0.0 CB 56 
   728 133.724 0.0 CD2 60 
   465 9.605 0.0 H 41 
   27 2.016 0.0 HB 5 
   1037 26.953 0.0 CB 85 
   361 6.319 0.0 HE2 32 
   1110 0.555 0.0 HG23 91 
   920 0.842 0.0 HD11 77 
   725 60.827 0.0 CA 60 
   458 0.737 0.0 HG23 40 
   651 4.702 0.0 HA 54 
   1121 176.157 0.0 C 92 
   686 1.24 0.0 HB2 57 
   1014 1.467 0.0 HB3 84 
   1321 4.315 0.0 HA 109 
   495 61.316 0.0 CA 42 
   592 1.613 0.0 HB2 50 
   516 24.929 0.0 CD2 43 
   1031 2.094 0.0 HB2 85 
   235 1.535 0.0 HG3 22 
   1299 2.411 0.0 HB2 107 
   599 1.166 0.0 HG3 50 
   517 28.618 0.0 CG 43 
   224 28.59 0.0 CB 21 
   839 0.635 0.0 HD11 70 
   836 7.957 0.0 H 70 
   1265 2.339 0.0 HB3 104 
   812 4.191 0.0 HA 68 
   1053 2.584 0.0 HB2 87 
   413 3.768 0.0 HA3 37 
   248 176.858 0.0 C 23 
   695 109.665 0.0 NE2 57 
   1154 57.332 0.0 CA 94 
   678 52.687 0.0 CA 56 
   113 178.397 0.0 C 12 
   391 1.95 0.0 HB2 35 
   873 1.167 0.0 HG21 72 
   1313 1.807 0.0 HG2 108 
   1203 29.125 0.0 CG 98 
   522 1.364 0.0 HB2 44 
   161 2.001 0.0 HE2 17 
   1193 1.534 0.0 HB2 98 
   454 0.769 0.0 HG12 40 
   429 21.782 0.0 CG1 38 
   858 2.203 0.0 HG2 71 
   128 3.873 0.0 HB2 14 
   909 109.127 0.0 N 75 
   1226 3.979 0.0 HA 102 
   1126 1.663 0.0 HB2 93 
   178 58.414 0.0 CA 18 
   97 8.147 0.0 H 11 
   404 2.193 0.0 HG2 36 
   119 1.401 0.0 HB1 13 
   475 56.064 0.0 CA 41 
   1192 3.921 0.0 HA 98 
   281 1.162 0.0 HG22 26 
   814 1.811 0.0 HB3 68 
   795 1.403 0.0 HB2 67 
   788 57.206 0.0 CA 66 
   976 6.984 0.0 HD2 81 
   714 19.939 0.0 CG2 59 
   589 125.107 0.0 N 49 
   573 4.681 0.0 HA 49 
   694 124.612 0.0 N 57 
   716 7.089 0.0 H 60 
   737 118.169 0.0 N 61 
   17 1.884 0.0 HB3 4 
   681 23.002 0.0 CD2 56 
   1096 23.032 0.0 CD1 90 
   520 3.968 0.0 HA 44 
   1084 1.612 0.0 HB2 90 
   434 1.87 0.0 HB 39 
   1345 19.28 0.0 CB 110 
   933 115.627 0.0 N 77 
   630 3.332 0.0 HD3 52 
   710 -0.209 0.0 HG23 59 
   1173 3.752 0.0 HA3 96 
   871 1.629 0.0 HG12 72 
   59 2.776 0.0 HB2 8 
   452 1.871 0.0 HB 40 
   772 1.946 0.0 HB3 65 
   323 57.62 0.0 CA 29 
   1170 117.117 0.0 N 95 
   443 174.355 0.0 C 39 
   71 1.998 0.0 HB3 9 
   127 4.342 0.0 HA 14 
   513 54.59 0.0 CA 43 
   783 1.925 0.0 HB3 66 
   914 45.558 0.0 CA 76 
   698 0.928 0.0 HB1 58 
   1041 4.768 0.0 HA 86 
   243 4.083 0.0 HA 23 
   1060 4.191 0.0 HA 88 
   564 1.672 0.0 HB3 48 
   5 2.037 0.0 HE2 3 
   1166 176.559 0.0 C 95 
   314 32.647 0.0 CB 28 
   43 3.824 0.0 HB3 6 
   1325 1.06 0.0 HD12 109 
   895 2.112 0.0 HG2 74 
   638 4.146 0.0 HA 53 
   1058 121.904 0.0 N 87 
   1123 103.835 0.0 N 92 
   368 117.341 0.0 CE2 32 
   335 173.89 0.0 C 30 
   1023 54.419 0.0 CA 84 
   1340 1.398 0.0 HB1 110 
   1035 175.01 0.0 C 85 
   1022 175.527 0.0 C 84 
   992 1.901 0.0 HB3 82 
   620 131.545 0.0 CD2 51 
   121 1.401 0.0 HB3 13 
   696 8.306 0.0 H 58 
   1182 3.087 0.0 HD3 97 
   444 61.503 0.0 CA 39 
   496 38.247 0.0 CB 42 
   422 0.713 0.0 HG13 38 
   618 43.776 0.0 CB 51 
   815 3.22 0.0 HD2 68 
   660 3.288 0.0 HB2 55 
   478 132.608 0.0 CD2 41 
   525 54.489 0.0 CA 44 
   708 -0.209 0.0 HG21 59 
   1342 1.398 0.0 HB3 110 
   486 0.685 0.0 HD11 42 
   35 62.128 0.0 CA 5 
   967 133.192 0.0 CD2 80 
   826 4.487 0.0 HA 69 
   943 0.692 0.0 HG11 79 
   701 177.612 0.0 C 58 
   318 7.994 0.0 H 29 
   764 179.483 0.0 C 64 
   656 39.184 0.0 CB 54 
   881 17.673 0.0 CG2 72 
   670 0.563 0.0 HD11 56 
   1006 175.706 0.0 C 83 
   1029 7.848 0.0 H 85 
   935 4.601 0.0 HA2 78 
   726 37.813 0.0 CB 60 
   481 128.301 0.0 CZ 41 
   380 43.753 0.0 CD 33 
   1327 1.014 0.0 HD21 109 
   1237 32.751 0.0 CB 102 
   747 8.206 0.0 H 63 
   317 123.653 0.0 N 28 
   133 114.553 0.0 N 14 
   1063 0.724 0.0 HG12 88 
   324 64.918 0.0 CB 29 
   519 9.087 0.0 H 44 
   1140 25.6 0.0 CG 93 
   585 44.054 0.0 CB 49 
   225 33.973 0.0 CG 21 
   287 104.093 0.0 N 26 
   1200 56.621 0.0 CA 98 
   60 2.712 0.0 HB3 8 
   579 0.789 0.0 HD21 49 
   1256 118.379 0.0 CE3 103 
   683 118.239 0.0 N 56 
   89 1.587 0.0 HG 10 
   817 1.801 0.0 HG2 68 
   153 43.249 0.0 CD 16 
   29 0.883 0.0 HG12 5 
   730 118.264 0.0 CE2 60 
   704 116.752 0.0 N 58 
   865 9.013 0.0 H 72 
   928 54.378 0.0 CA 77 
   706 3.734 0.0 HA 59 
   1196 3.595 0.0 HD3 98 
   1159 119.88 0.0 N 94 
   639 2.014 0.0 HB2 53 
   42 3.879 0.0 HB2 6 
   460 61.243 0.0 CA 40 
   593 1.33 0.0 HB3 50 
   813 1.901 0.0 HB2 68 
   711 173.265 0.0 C 59 
   1128 -0.102 0.0 HD11 93 
   1346 127.482 0.0 N 110 
   1293 55.883 0.0 CA 106 
   1130 -0.102 0.0 HD13 93 
   286 22.829 0.0 CG2 26 
   614 7.022 0.0 HE2 51 
   1231 2.947 0.0 HE2 102 
   296 0.897 0.0 HD22 27 
   791 117.742 0.0 N 66 
   61 6.882 0.0 HD21 8 
   227 111.873 0.0 NE2 21 
   682 26.691 0.0 CG 56 
   1290 2.19 0.0 HG2 106 
   632 1.861 0.0 HG3 52 
   336 60.933 0.0 CA 30 
   158 2.044 0.0 HB2 17 
   872 0.696 0.0 HG13 72 
   539 8.1 0.0 H 46 
   354 9.231 0.0 H 32 
   431 105.549 0.0 N 38 
   364 38.922 0.0 CB 32 
   471 7.087 0.0 HE1 41 
   1251 6.685 0.0 HZ3 103 
   1350 3.803 0.0 HB3 111 
   114 53.207 0.0 CA 12 
   700 0.928 0.0 HB3 58 
   1171 7.722 0.0 H 96 
   1072 22.104 0.0 CG2 88 
   1306 134.424 0.0 CE1 107 
   916 7.499 0.0 H 77 
   1087 0.758 0.0 HD12 90 
   308 3.145 0.0 HD2 28 
   22 29.994 0.0 CB 4 
   376 1.44 0.0 HG2 33 
   806 41.98 0.0 CB 67 
   703 20.052 0.0 CB 58 
   800 0.36 0.0 HD21 67 
   1124 7.615 0.0 H 93 
   567 176.225 0.0 C 48 
   936 4.045 0.0 HA3 78 
   1118 7.314 0.0 H 92 
   1116 17.114 0.0 CG2 91 
   19 2.199 0.0 HG3 4 
   136 3.912 0.0 HB2 15 
   1248 6.803 0.0 HE3 103 
   14 8.628 0.0 H 4 
   1202 43.141 0.0 CD 98 
   514 42.395 0.0 CB 43 
   259 6.701 0.0 HE1 24 
   26 4.098 0.0 HA 5 
   419 1.757 0.0 HB 38 
   797 -0.04 0.0 HD11 67 
   803 1.287 0.0 HG 67 
   883 8.586 0.0 H 73 
   421 0.713 0.0 HG12 38 
   77 36.292 0.0 CG 9 
   197 8.034 0.0 H 20 
   903 4.211 0.0 HA 75 
   379 30.12 0.0 CB 33 
   1339 4.335 0.0 HA 110 
   445 39.072 0.0 CB 39 
   610 2.552 0.0 HB3 51 
   1224 17.772 0.0 CB 101 
   899 31.733 0.0 CB 74 
   182 7.963 0.0 H 19 
   1333 42.849 0.0 CB 109 
   1042 1.871 0.0 HB2 86 
   359 6.794 0.0 HD2 32 
   138 175.478 0.0 C 15 
   929 42.125 0.0 CB 77 
   687 0.068 0.0 HB3 57 
   1298 4.435 0.0 HA 107 
   565 2.222 0.0 HG2 48 
   833 28.69 0.0 CB 69 
   41 4.402 0.0 HA 6 
   1220 1.459 0.0 HB2 101 
   51 1.354 0.0 HB2 7 
   1329 1.014 0.0 HD23 109 
   1142 8.317 0.0 H 94 
   654 175.841 0.0 C 54 
   426 173.629 0.0 C 38 
   854 8.778 0.0 H 71 
   577 0.712 0.0 HD12 49 
   605 26.043 0.0 CG 50 
   1077 3.766 0.0 HB3 89 
   1241 119.022 0.0 N 102 
   134 8.205 0.0 H 15 
   570 36.376 0.0 CG 48 
   1247 9.086 0.0 HE1 103 
   274 58.413 0.0 CA 25 
   270 4.133 0.0 HA 25 
   80 4.197 0.0 HA 10 
   915 109.752 0.0 N 76 
   1191 7.999 0.0 H 98 
   371 4.439 0.0 HA 33 
   1079 56.08 0.0 CA 89 
   689 1.708 0.0 HG2 57 
   1304 26.649 0.0 CB 107 
   719 2.799 0.0 HB3 60 
   794 4.296 0.0 HA 67 
   477 132.608 0.0 CD1 41 
   442 0.365 0.0 HG23 39 
   232 3.132 0.0 HD2 22 
   578 0.712 0.0 HD13 49 
   1296 114.241 0.0 N 106 
   655 55.185 0.0 CA 54 
   168 16.963 0.0 CE 17 
   249 57.172 0.0 CA 23 
   960 6.868 0.0 HD2 80 
   1017 0.451 0.0 HD13 84 
   1324 1.06 0.0 HD11 109 
   1274 15.91 0.0 CE 104 
   341 8.341 0.0 H 31 
   48 8.431 0.0 H 7 
   196 119.142 0.0 N 19 
   1152 1.717 0.0 HG 94 
   412 3.965 0.0 HA2 37 
   1199 175.018 0.0 C 98 
   1284 17.87 0.0 CB 105 
   461 33.244 0.0 CB 40 
   757 3.427 0.0 HA 64 
   1275 32.912 0.0 CG 104 
   1093 177.109 0.0 C 90 
   887 57.766 0.0 CA 73 
   956 5.161 0.0 HA 80 
   230 1.794 0.0 HB2 22 
   411 7.908 0.0 H 37 
   38 20.453 0.0 CG2 5 
   374 3.051 0.0 HD2 33 
   810 117.57 0.0 N 67 
   1254 29.069 0.0 CB 103 
   1208 171.528 0.0 C 99 
   598 1.28 0.0 HG2 50 
   228 7.939 0.0 H 22 
   1222 181.335 0.0 C 101 
   645 178.611 0.0 C 53 
   776 59.383 0.0 CA 65 
   67 112.954 0.0 ND2 8 
   861 54.724 0.0 CA 71 
   1155 41.391 0.0 CB 94 
   886 3.722 0.0 HB3 73 
   84 0.86 0.0 HD12 10 
   91 56.126 0.0 CA 10 
   39 121.499 0.0 N 5 
   463 21.935 0.0 CG2 40 
   87 0.81 0.0 HD22 10 
   343 1.96 0.0 HB2 31 
   13 31.901 0.0 CG 3 
   1082 8.799 0.0 H 90 
   843 0.613 0.0 HG13 70 
   1169 36.454 0.0 CG 95 
   378 54.137 0.0 CA 33 
   159 2.044 0.0 HB3 17 
   489 1.467 0.0 HG12 42 
   231 1.794 0.0 HB3 22 
   198 4.193 0.0 HA 20 
   1328 1.014 0.0 HD22 109 
   1127 1.079 0.0 HB3 93 
   892 1.915 0.0 HB3 74 
   818 1.681 0.0 HG3 68 
   1305 119.178 0.0 CD2 107 
   733 3.771 0.0 HA2 61 
   4 2.037 0.0 HE1 3 
   251 35.763 0.0 CG 23 
   542 2.79 0.0 HB3 46 
   1253 62.775 0.0 CA 103 
   1026 22.07 0.0 CD2 84 
   467 3.304 0.0 HB2 41 
   945 0.692 0.0 HG13 79 
   792 110.754 0.0 NE2 66 
   58 4.571 0.0 HA 8 
   927 176.209 0.0 C 77 
   476 39.031 0.0 CB 41 
   1301 6.147 0.0 HD2 107 
   738 8.104 0.0 H 62 
   664 42.87 0.0 CB 55 
   739 4.298 0.0 HA 62 
   1271 178.325 0.0 C 104 
   602 35.539 0.0 CB 50 
   867 1.671 0.0 HB 72 
   594 1.556 0.0 HD2 50 
   215 8.157 0.0 H 21 
   256 2.791 0.0 HB3 24 
   344 1.8 0.0 HB3 31 
   1076 4.014 0.0 HB2 89 
   543 175.512 0.0 C 46 
   381 26.709 0.0 CG 33 
   201 0.832 0.0 HD11 20 
   273 172.134 0.0 C 25 
   982 38.413 0.0 CB 81 
   1040 6.636 0.0 H 86 
   819 177.1 0.0 C 68 
   120 1.401 0.0 HB2 13 
   132 63.477 0.0 CB 14 
   1267 2.298 0.0 HE2 104 
   1187 28.806 0.0 CB 97 
   1172 4.236 0.0 HA2 96 
   994 2.169 0.0 HG3 82 
   697 3.592 0.0 HA 58 
   642 4.012 0.0 HD3 53 
   1032 2.265 0.0 HB3 85 
   755 21.938 0.0 CG2 63 
   320 3.731 0.0 HB2 29 
   692 28.159 0.0 CB 57 
   1030 3.622 0.0 HA 85 
   348 174.131 0.0 C 31 
   112 1.37 0.0 HB3 12 
   744 52.177 0.0 CA 62 
   157 4.205 0.0 HA 17 
   1106 1.169 0.0 HG12 91 
   357 2.697 0.0 HB3 32 
   356 2.875 0.0 HB2 32 
   748 4.522 0.0 HA 63 
   546 111.628 0.0 N 46 
   1252 181.021 0.0 C 103 
   94 23.445 0.0 CD2 10 
   635 43.598 0.0 CD 52 
   1197 1.615 0.0 HG2 98 
   116 124.06 0.0 N 12 
   1261 129.285 0.0 NE1 103 
   221 2.215 0.0 HG3 21 
   346 2.141 0.0 HG2 31 
   850 14.445 0.0 CD1 70 
   1320 8.467 0.0 H 109 
   762 2.185 0.0 HG2 64 
   1000 9.023 0.0 H 83 
   325 111.229 0.0 N 29 
   1069 61.447 0.0 CA 88 
   1184 1.434 0.0 HG3 97 
   799 -0.04 0.0 HD13 67 
   842 1.246 0.0 HG12 70 
   576 0.712 0.0 HD11 49 
   553 1.653 0.0 HG2 47 
   1181 3.087 0.0 HD2 97 
   882 129.755 0.0 N 72 
   290 1.67 0.0 HB2 27 
   285 72.209 0.0 CB 26 
   1003 1.317 0.0 HG21 83 
   1278 3.948 0.0 HA 105 
   830 2.202 0.0 HG3 69 
   1098 26.895 0.0 CG 90 
   952 21.455 0.0 CG1 79 
   509 0.797 0.0 HD22 43 
   1145 1.482 0.0 HB3 94 
   506 0.893 0.0 HD12 43 
   560 121.275 0.0 N 47 
   1240 24.762 0.0 CG 102 
   1164 2.524 0.0 HG2 95 
   264 132.98 0.0 CD1 24 
   74 177.247 0.0 C 9 
   1331 176.976 0.0 C 109 
   21 56.669 0.0 CA 4 
   313 56.669 0.0 CA 28 
   388 62.613 0.0 CB 34 
   47 119.949 0.0 N 6 
   1131 0.068 0.0 HD21 93 
   768 28.234 0.0 CG 64 
   1010 115.091 0.0 N 83 
   878 38.256 0.0 CB 72 
   860 175.775 0.0 C 71 
   362 174.519 0.0 C 32 
   9 176.016 0.0 C 3 
   425 0.574 0.0 HG23 38 
   947 0.488 0.0 HG22 79 
   399 121.527 0.0 N 35 
   206 0.854 0.0 HD23 20 
   1218 4.02 0.0 HA 101 
   453 0.769 0.0 HG11 40 
   942 1.744 0.0 HB 79 
   987 127.489 0.0 CZ 81 
   105 29.983 0.0 CB 11 
   269 7.403 0.0 H 25 
   1330 1.647 0.0 HG 109 
   912 3.67 0.0 HA3 76 
   194 17.023 0.0 CE 19 
   906 175.703 0.0 C 75 
   315 43.794 0.0 CD 28 
   644 1.601 0.0 HG3 53 
   746 123.335 0.0 N 62 
   667 4.636 0.0 HA 56 
   145 1.84 0.0 HB3 16 
   804 174.721 0.0 C 67 
   1185 174.894 0.0 C 97 
   990 3.582 0.0 HA 82 
   407 56.237 0.0 CA 36 
   890 4.309 0.0 HA 74 
   669 1.046 0.0 HB3 56 
   93 24.876 0.0 CD1 10 
   897 177.861 0.0 C 74 
   86 0.81 0.0 HD21 10 
   631 1.861 0.0 HG2 52 
   566 1.94 0.0 HG3 48 
   749 4.537 0.0 HB 63 
   1038 37.004 0.0 CG 85 
   330 0.252 0.0 HG12 30 
   561 8.308 0.0 H 48 
   1088 0.758 0.0 HD13 90 
   1227 1.826 0.0 HB2 102 
   1352 64.896 0.0 CB 111 
   628 1.678 0.0 HB3 52 
   1223 56.234 0.0 CA 101 
   393 2.263 0.0 HG2 35 
   56 126.064 0.0 N 7 
   775 178.76 0.0 C 65 
   1268 2.298 0.0 HE3 104 
   1177 8.717 0.0 H 97 
   1207 3.902 0.0 HA3 99 
   306 1.556 0.0 HB2 28 
   779 114.841 0.0 N 65 
   427 58.127 0.0 CA 38 
   68 8.245 0.0 H 9 
   126 8.165 0.0 H 14 
   550 1.794 0.0 HB3 47 
   1233 1.398 0.0 HG2 102 
   600 175.125 0.0 C 50 
   1212 4.419 0.0 HA 100 
   793 7.132 0.0 H 67 
   1322 1.658 0.0 HB2 109 
   1036 57.064 0.0 CA 85 
   619 131.545 0.0 CD1 51 
   111 1.37 0.0 HB2 12 
   1211 8.646 0.0 H 100 
   435 0.827 0.0 HD11 39 
   98 4.131 0.0 HA 11 
   759 1.816 0.0 HB3 64 
   155 122.38 0.0 N 16 
   993 2.169 0.0 HG2 82 
   190 2.638 0.0 HG3 19 
   1008 68.085 0.0 CB 83 
   185 2.046 0.0 HB3 19 
   948 0.488 0.0 HG23 79 
   169 32.011 0.0 CG 17 
   125 122.326 0.0 N 13 
   1051 8.63 0.0 H 87 
   624 119.432 0.0 N 51 
   1027 26.393 0.0 CG 84 
   222 177.928 0.0 C 21 
   526 17.978 0.0 CB 44 
   276 113.556 0.0 N 25 
   1024 42.208 0.0 CB 84 
   1250 6.476 0.0 HZ2 103 
   302 26.014 0.0 CD2 27 
   263 38.578 0.0 CB 24 
   408 32.757 0.0 CB 36 
   841 0.635 0.0 HD13 70 
   1105 0.62 0.0 HD13 91 
   370 8.36 0.0 H 33 
   329 0.252 0.0 HG11 30 
   997 30.452 0.0 CB 82 
   1097 26.006 0.0 CD2 90 
   1238 29.357 0.0 CD 102 
   1057 44.193 0.0 CB 87 
   1228 1.689 0.0 HB3 102 
   469 7.257 0.0 HD1 41 
   734 3.361 0.0 HA3 61 
   880 28.809 0.0 CG1 72 
   1073 121.549 0.0 N 88 
   1213 4.108 0.0 HB2 100 
   499 17.509 0.0 CG2 42 
   1114 13.047 0.0 CD1 91 
   109 4.201 0.0 HA 12 
   732 8.751 0.0 H 61 
   40 8.389 0.0 H 6 
   831 174.904 0.0 C 69 
   272 3.847 0.0 HB3 25 
   1107 0.614 0.0 HG13 91 
   597 2.649 0.0 HE3 50 
   473 6.866 0.0 HZ 41 
   151 57.826 0.0 CA 16 
   171 8.19 0.0 H 18 
   1214 4.42 0.0 HB3 100 
   258 7.074 0.0 HD2 24 
   15 4.276 0.0 HA 4 
   163 2.46 0.0 HG2 17 
   973 3.113 0.0 HB2 81 
   844 0.118 0.0 HG21 70 
   1316 62.878 0.0 CA 108 
   209 56.978 0.0 CA 20 
   1141 120.762 0.0 N 93 
   300 43.838 0.0 CB 27 
   192 57.55 0.0 CA 19 
   823 27.438 0.0 CG 68 
   1270 2.214 0.0 HG3 104 
   69 4.162 0.0 HA 9 
   156 8.14 0.0 H 17 
   1157 23.025 0.0 CD2 94 
   1175 45.733 0.0 CA 96 
   868 0.687 0.0 HD11 72 
   487 0.685 0.0 HD12 42 
   1335 24.143 0.0 CD2 109 
   181 119.875 0.0 N 18 
   24 122.855 0.0 N 4 
   954 116.911 0.0 N 79 
   1129 -0.102 0.0 HD12 93 
   835 118.394 0.0 N 69 
   205 0.854 0.0 HD22 20 
   777 28.454 0.0 CB 65 
   1028 116.818 0.0 N 84 
   1089 0.902 0.0 HD21 90 
   894 3.907 0.0 HD3 74 
   626 4.903 0.0 HA 52 
   334 0.674 0.0 HG23 30 
   659 4.94 0.0 HA 55 
   322 171.729 0.0 C 29 
   1043 1.238 0.0 HB3 86 
   1314 1.807 0.0 HG3 108 
   575 1.555 0.0 HB3 49 
   580 0.789 0.0 HD22 49 
   30 0.883 0.0 HG13 5 
   727 133.724 0.0 CD1 60 
   869 0.687 0.0 HD12 72 
   876 175.825 0.0 C 72 
   985 130.512 0.0 CE1 81 
   279 4.215 0.0 HB 26 
   1085 1.073 0.0 HB3 90 
   1074 8.503 0.0 H 89 
   154 27.325 0.0 CG 16 
   130 175.451 0.0 C 14 
   1011 6.473 0.0 H 84 
   1280 1.426 0.0 HB2 105 
   787 175.329 0.0 C 66 
   226 118.077 0.0 N 21 
   415 46.016 0.0 CA 37 
   110 1.37 0.0 HB1 12 
   1046 174.095 0.0 C 86 
   95 26.946 0.0 CG 10 
   828 1.967 0.0 HB3 69 
   1246 7.018 0.0 HD1 103 
   603 29.631 0.0 CD 50 
   789 29.542 0.0 CB 66 
   937 170.501 0.0 C 78 
   688 7.208 0.0 HE21 57 
   20 176.331 0.0 C 4 
   417 6.622 0.0 H 38 
   90 178.235 0.0 C 10 
   968 117.499 0.0 CE1 80 
   548 4.133 0.0 HA 47 
   853 125.545 0.0 N 70 
   1308 4.342 0.0 HA 108 
   448 19.58 0.0 CG2 39 
   1165 2.274 0.0 HG3 95 
   1049 33.733 0.0 CG 86 
   257 7.074 0.0 HD1 24 
   874 1.167 0.0 HG22 72 
   910 8.418 0.0 H 76 
   1018 0.647 0.0 HD21 84 
   1080 64.469 0.0 CB 89 
   223 57.396 0.0 CA 21 
   342 4.566 0.0 HA 31 
   1186 55.877 0.0 CA 97 
   534 175.729 0.0 C 45 
   377 1.378 0.0 HG3 33 
   1139 22.143 0.0 CD2 93 
   1221 1.459 0.0 HB3 101 
   889 125.865 0.0 N 73 
   1161 4.384 0.0 HA 95 
   523 1.364 0.0 HB3 44 
   672 0.563 0.0 HD13 56 
   1055 175.722 0.0 C 87 
   999 124.087 0.0 N 82 
   661 3.034 0.0 HB3 55 
   1272 60.65 0.0 CA 104 
   913 174.359 0.0 C 76 
   640 2.014 0.0 HB3 53 
   662 175.935 0.0 C 55 
   549 1.794 0.0 HB2 47 
   939 109.48 0.0 N 78 
   12 16.881 0.0 CE 3 
   297 0.897 0.0 HD23 27 
   331 0.252 0.0 HG13 30 
   559 27.613 0.0 CG 47 
   840 0.635 0.0 HD12 70 
   1245 3.08 0.0 HB3 103 
   938 45.05 0.0 CA 78 
   1230 1.624 0.0 HD3 102 
   613 7.022 0.0 HE1 51 
   367 117.341 0.0 CE1 32 
   34 176.074 0.0 C 5 
   1282 179.136 0.0 C 105 
   1125 3.727 0.0 HA 93 
   252 119.302 0.0 N 23 
   784 7.328 0.0 HE21 66 
   85 0.86 0.0 HD13 10 
   245 1.795 0.0 HB3 23 
   350 32.865 0.0 CB 31 
   397 28.457 0.0 CB 35 
   102 2.197 0.0 HG3 11 
   483 9.051 0.0 H 42 
   372 1.712 0.0 HB2 33 
   745 20.267 0.0 CB 62 
   510 0.797 0.0 HD23 43 
   902 7.893 0.0 H 75 
   809 25.235 0.0 CG 67 
   57 8.312 0.0 H 8 
   980 176.311 0.0 C 81 
   173 2.003 0.0 HB2 18 
   79 8.06 0.0 H 10 
   978 6.86 0.0 HE2 81 
   558 43.885 0.0 CD 47 
   555 174.209 0.0 C 47 
   268 118.678 0.0 N 24 
   1122 47.672 0.0 CA 92 
   298 175.89 0.0 C 27 
   1100 7.464 0.0 H 91 
   146 3.165 0.0 HD2 16 
   1315 176.899 0.0 C 108 
   741 1.112 0.0 HB2 62 
   1 4.425 0.0 HA 3 
   115 18.829 0.0 CB 12 
   601 55.26 0.0 CA 50 
   615 7.149 0.0 HZ 51 
   62 7.585 0.0 HD22 8 
   174 2.003 0.0 HB3 18 
   1092 1.466 0.0 HG 90 
   1201 31.248 0.0 CB 98 
   1229 1.65 0.0 HD2 102 
   633 55.616 0.0 CA 52 
   1235 177.978 0.0 C 102 
   401 4.289 0.0 HA 36 
   277 7.753 0.0 H 26 
   291 1.158 0.0 HB3 27 
   188 2.03 0.0 HE3 19 
   394 2.204 0.0 HG3 35 
   293 0.75 0.0 HD12 27 
   212 23.311 0.0 CD2 20 
   1156 26.8 0.0 CD1 94 
   480 130.657 0.0 CE2 41 
   73 2.204 0.0 HG3 9 
   846 0.118 0.0 HG23 70 
   866 4.208 0.0 HA 72 
   327 4.941 0.0 HA 30 
   494 176.006 0.0 C 42 
   410 115.94 0.0 N 36 
   101 2.227 0.0 HG2 11 
   1217 116.809 0.0 N 100 
   440 0.365 0.0 HG21 39 
   167 31.857 0.0 CB 17 
   400 7.08 0.0 H 36 
   1249 6.678 0.0 HH2 103 
   55 19.004 0.0 CB 7 
   825 7.852 0.0 H 69 
   1338 8.637 0.0 H 110 
   790 34.742 0.0 CG 66 
   518 128.415 0.0 N 43 
   951 34.536 0.0 CB 79 
   751 1.15 0.0 HG22 63 
   278 4.43 0.0 HA 26 
   271 4.022 0.0 HB2 25 
   312 176.07 0.0 C 28 
   16 1.968 0.0 HB2 4 
   1071 21.209 0.0 CG1 88 
   184 2.117 0.0 HB2 19 
   891 2.382 0.0 HB2 74 
   1269 2.941 0.0 HG2 104 
   1178 4.322 0.0 HA 97 
   932 26.477 0.0 CG 77 
   172 4.121 0.0 HA 18 
   122 178.794 0.0 C 13 
   439 0.821 0.0 HG13 39 
   214 121.295 0.0 N 20 
   375 2.833 0.0 HD3 33 
   267 118.071 0.0 CE2 24 
   1285 120.951 0.0 N 105 
   289 4.249 0.0 HA 27 
   1039 114.551 0.0 N 85 
   466 4.852 0.0 HA 41 
   944 0.692 0.0 HG12 79 
   295 0.897 0.0 HD21 27 
   1289 1.513 0.0 HB3 106 
   304 9.619 0.0 H 28 
   969 117.499 0.0 CE2 80 
   92 42.02 0.0 CB 10 
   1094 57.642 0.0 CA 90 
   140 63.455 0.0 CB 15 
   802 0.36 0.0 HD23 67 
   366 133.168 0.0 CD2 32 
   1048 34.491 0.0 CB 86 
   950 59.293 0.0 CA 79 
   941 4.752 0.0 HA 79 
   503 2.221 0.0 HB2 43 
   930 26.039 0.0 CD1 77 
   491 0.921 0.0 HG21 42 
   691 59.107 0.0 CA 57 
   139 59.384 0.0 CA 15 
   888 62.669 0.0 CB 73 
   1012 4.131 0.0 HA 84 
   582 1.602 0.0 HG 49 
   648 49.824 0.0 CD 53 
   1019 0.647 0.0 HD22 84 
   420 0.713 0.0 HG11 38 
   152 30.165 0.0 CB 16 
   1291 1.91 0.0 HG3 106 
   64 53.841 0.0 CA 8 
   63 175.868 0.0 C 8 
   262 58.621 0.0 CA 24 
   200 1.476 0.0 HB3 20 
   250 30.144 0.0 CB 23 
   502 5.108 0.0 HA 43 
   447 29.191 0.0 CG1 39 
   974 2.775 0.0 HB3 81 
   468 2.612 0.0 HB3 41 
   365 133.168 0.0 CD1 32 
   11 32.91 0.0 CB 3 
   1219 1.459 0.0 HB1 101 
   532 6.441 0.0 HD21 45 
   515 25.078 0.0 CD1 43 
   403 1.619 0.0 HB3 36 
   99 1.977 0.0 HB2 11 
   1204 125.256 0.0 N 98 
   530 3.252 0.0 HB2 45 
   25 8.177 0.0 H 5 
   347 2.215 0.0 HG3 31 
   1162 2.044 0.0 HB2 95 
   1095 42.674 0.0 CB 90 
   1292 174.911 0.0 C 106 
   433 4.323 0.0 HA 39 
   674 0.1 0.0 HD22 56 
   629 3.283 0.0 HD2 52 
   870 0.687 0.0 HD13 72 
   1236 59.169 0.0 CA 102 
   1108 0.555 0.0 HG21 91 
   456 0.737 0.0 HG21 40 
   816 3.22 0.0 HD3 68 
   203 0.832 0.0 HD13 20 
   778 36.644 0.0 CG 65 
   753 58.845 0.0 CA 63 
   193 32.162 0.0 CB 19 
   107 120.956 0.0 N 11 
   353 111.73 0.0 NE2 31 
   758 2.241 0.0 HB2 64 
   743 177.761 0.0 C 62 
   106 36.09 0.0 CG 11 
   820 58.094 0.0 CA 68 
   864 126.24 0.0 N 71 
   717 4.115 0.0 HA 60 
   646 65.032 0.0 CA 53 
   1081 120.776 0.0 N 89 
   437 0.827 0.0 HD13 39 
   389 9.379 0.0 H 35 
   676 1.245 0.0 HG 56 
   900 50.653 0.0 CD 74 
   240 27.348 0.0 CG 22 
   2 2.029 0.0 HB2 3 
   533 7.365 0.0 HD22 45 
   1001 3.987 0.0 HA 83 
   652 2.966 0.0 HB2 54 
   649 28.552 0.0 CG 53 
   623 129.351 0.0 CZ 51 
   588 27.673 0.0 CG 49 
   1021 1.476 0.0 HG 84 
   1163 2.236 0.0 HB3 95 
   337 34.762 0.0 CB 30 
   827 1.967 0.0 HB2 69 
   148 1.556 0.0 HG2 16 
   470 7.257 0.0 HD2 41 
   65 38.639 0.0 CB 8 
   392 1.95 0.0 HB3 35 
   183 4.2 0.0 HA 19 
   165 177.442 0.0 C 17 
   254 4.315 0.0 HA 24 
   752 1.15 0.0 HG23 63 
   455 0.769 0.0 HG13 40 
   108 8.113 0.0 H 12 
   333 0.674 0.0 HG22 30 
   770 3.908 0.0 HA 65 
   187 2.03 0.0 HE2 19 
   541 3.176 0.0 HB2 46 
   707 3.962 0.0 HB 59 
   52 1.354 0.0 HB3 7 
   1326 1.06 0.0 HD13 109 
   981 57.116 0.0 CA 81 
   1288 1.513 0.0 HB2 106 
   1277 7.659 0.0 H 105 
   177 176.883 0.0 C 18 
   326 8.245 0.0 H 30 
   305 4.445 0.0 HA 28 
   384 3.925 0.0 HB2 34 
   972 4.47 0.0 HA 81 
   653 2.515 0.0 HB3 54 
   801 0.36 0.0 HD22 67 
   970 126.853 0.0 N 80 
   239 43.459 0.0 CD 22 
   1066 0.83 0.0 HG22 88 
   303 119.999 0.0 N 27 
   1311 3.315 0.0 HD2 108 
   771 1.946 0.0 HB2 65 
   1065 0.83 0.0 HG21 88 
   531 2.661 0.0 HB3 45 
   104 57.085 0.0 CA 11 
   849 42.252 0.0 CB 70 
   955 8.83 0.0 H 80 
   309 3.084 0.0 HD3 28 
   294 0.75 0.0 HD13 27 
   949 171.397 0.0 C 79 
   204 0.854 0.0 HD21 20 
   490 0.882 0.0 HG13 42 
   735 174.325 0.0 C 61 
   1007 65.351 0.0 CA 83 
   186 2.03 0.0 HE1 19 
   1047 54.406 0.0 CA 86 
   511 1.668 0.0 HG 43 
   1189 27.707 0.0 CG 97 
   551 3.179 0.0 HD2 47 
   472 7.087 0.0 HE2 41 
   118 4.218 0.0 HA 13 
   1205 7.684 0.0 H 99 
   671 0.563 0.0 HD12 56 
   1347 7.888 0.0 H 111 
   505 0.893 0.0 HD11 43 
   1287 3.906 0.0 HA 106 
   1149 0.839 0.0 HD21 94 
   590 8.188 0.0 H 50 
   482 128.169 0.0 N 41 
   1112 64.55 0.0 CA 91 
   199 1.86 0.0 HB2 20 
   1146 0.88 0.0 HD11 94 
   680 24.042 0.0 CD1 56 
   907 58.685 0.0 CA 75 
   37 21.185 0.0 CG1 5 
   528 7.355 0.0 H 45 
   851 26.419 0.0 CG1 70 
   554 1.442 0.0 HG3 47 
   690 0.608 0.0 HG3 57 
   144 1.84 0.0 HB2 16 
   66 116.954 0.0 N 8 
   216 4.037 0.0 HA 21 
   1302 7.911 0.0 HE1 107 
   1351 59.865 0.0 CA 111 
   88 0.81 0.0 HD23 10 
   45 58.096 0.0 CA 6 
   959 6.868 0.0 HD1 80 
   1239 42.11 0.0 CE 102 
   989 7.466 0.0 H 82 
   179 29.811 0.0 CB 18 
   1209 45.495 0.0 CA 99 
   722 6.914 0.0 HE1 60 
   1025 25.665 0.0 CD1 84 
   568 54.347 0.0 CA 48 
   236 178.223 0.0 C 22 
   571 120.823 0.0 N 48 
   574 1.727 0.0 HB2 49 
   1198 1.141 0.0 HG3 98 
   189 2.505 0.0 HG2 19 
   536 37.016 0.0 CB 45 
   931 23.53 0.0 CD2 77 
