   840 0.635 0.0 HD12 70 
   389 9.379 0.0 H 35 
   909 109.127 0.0 N 75 
   1107 0.614 0.0 HG13 91 
   1247 9.086 0.0 HE1 103 
   648 49.824 0.0 CD 53 
   161 2.001 0.0 HE2 17 
   1214 4.42 0.0 HB3 100 
   192 57.55 0.0 CA 19 
   441 0.365 0.0 HG22 39 
   1082 8.799 0.0 H 90 
   208 178.43 0.0 C 20 
   721 7.329 0.0 HD2 60 
   1109 0.555 0.0 HG22 91 
   284 59.488 0.0 CA 26 
   932 26.477 0.0 CG 77 
   657 111.513 0.0 N 54 
   1267 2.298 0.0 HE2 104 
   575 1.555 0.0 HB3 49 
   907 58.685 0.0 CA 75 
   277 7.753 0.0 H 26 
   913 174.359 0.0 C 76 
   1088 0.758 0.0 HD13 90 
   505 0.893 0.0 HD11 43 
   593 1.33 0.0 HB3 50 
   1334 24.954 0.0 CD1 109 
   1147 0.88 0.0 HD12 94 
   591 5.454 0.0 HA 50 
   599 1.166 0.0 HG3 50 
   982 38.413 0.0 CB 81 
   139 59.384 0.0 CA 15 
   184 2.117 0.0 HB2 19 
   1264 2.067 0.0 HB2 104 
   1196 3.595 0.0 HD3 98 
   1245 3.08 0.0 HB3 103 
   259 6.701 0.0 HE1 24 
   1138 24.399 0.0 CD1 93 
   286 22.829 0.0 CG2 26 
   1143 4.015 0.0 HA 94 
   1279 1.426 0.0 HB1 105 
   605 26.043 0.0 CG 50 
   173 2.003 0.0 HB2 18 
   733 3.771 0.0 HA2 61 
   53 178.059 0.0 C 7 
   1123 103.835 0.0 N 92 
   905 3.917 0.0 HB3 75 
   880 28.809 0.0 CG1 72 
   1170 117.117 0.0 N 95 
   1193 1.534 0.0 HB2 98 
   207 1.708 0.0 HG 20 
   225 33.973 0.0 CG 21 
   793 7.132 0.0 H 67 
   987 127.489 0.0 CZ 81 
   374 3.051 0.0 HD2 33 
   210 42.252 0.0 CB 20 
   1262 9.18 0.0 H 104 
   706 3.734 0.0 HA 59 
   579 0.789 0.0 HD21 49 
   800 0.36 0.0 HD21 67 
   85 0.86 0.0 HD13 10 
   925 0.824 0.0 HD23 77 
   1222 181.335 0.0 C 101 
   78 121.267 0.0 N 9 
   393 2.263 0.0 HG2 35 
   324 64.918 0.0 CB 29 
   1145 1.482 0.0 HB3 94 
   307 1.446 0.0 HB3 28 
   815 3.22 0.0 HD2 68 
   818 1.681 0.0 HG3 68 
   421 0.713 0.0 HG12 38 
   569 32.524 0.0 CB 48 
   1274 15.91 0.0 CE 104 
   346 2.141 0.0 HG2 31 
   1227 1.826 0.0 HB2 102 
   817 1.801 0.0 HG2 68 
   807 25.787 0.0 CD1 67 
   1093 177.109 0.0 C 90 
   1112 64.55 0.0 CA 91 
   860 175.775 0.0 C 71 
   287 104.093 0.0 N 26 
   449 122.144 0.0 N 39 
   747 8.206 0.0 H 63 
   63 175.868 0.0 C 8 
   610 2.552 0.0 HB3 51 
   1111 177.553 0.0 C 91 
   1149 0.839 0.0 HD21 94 
   740 1.112 0.0 HB1 62 
   1201 31.248 0.0 CB 98 
   667 4.636 0.0 HA 56 
   1225 8.543 0.0 H 102 
   768 28.234 0.0 CG 64 
   633 55.616 0.0 CA 52 
   969 117.499 0.0 CE2 80 
   124 18.835 0.0 CB 13 
   305 4.445 0.0 HA 28 
   1345 19.28 0.0 CB 110 
   347 2.215 0.0 HG3 31 
   425 0.574 0.0 HG23 38 
   396 59.18 0.0 CA 35 
   334 0.674 0.0 HG23 30 
   440 0.365 0.0 HG21 39 
   725 60.827 0.0 CA 60 
   511 1.668 0.0 HG 43 
   174 2.003 0.0 HB3 18 
   87 0.81 0.0 HD22 10 
   1186 55.877 0.0 CA 97 
   1041 4.768 0.0 HA 86 
   1340 1.398 0.0 HB1 110 
   516 24.929 0.0 CD2 43 
   14 8.628 0.0 H 4 
   416 108.087 0.0 N 37 
   775 178.76 0.0 C 65 
   1071 21.209 0.0 CG1 88 
   520 3.968 0.0 HA 44 
   1010 115.091 0.0 N 83 
   835 118.394 0.0 N 69 
   472 7.087 0.0 HE2 41 
   129 3.873 0.0 HB3 14 
   5 2.037 0.0 HE2 3 
   147 3.165 0.0 HD3 16 
   494 176.006 0.0 C 42 
   195 32.102 0.0 CG 19 
   35 62.128 0.0 CA 5 
   110 1.37 0.0 HB1 12 
   1065 0.83 0.0 HG21 88 
   95 26.946 0.0 CG 10 
   237 57.61 0.0 CA 22 
   858 2.203 0.0 HG2 71 
   791 117.742 0.0 N 66 
   1165 2.274 0.0 HG3 95 
   1313 1.807 0.0 HG2 108 
   751 1.15 0.0 HG22 63 
   1249 6.678 0.0 HH2 103 
   1213 4.108 0.0 HB2 100 
   563 1.791 0.0 HB2 48 
   62 7.585 0.0 HD22 8 
   680 24.042 0.0 CD1 56 
   1018 0.647 0.0 HD21 84 
   798 -0.04 0.0 HD12 67 
   618 43.776 0.0 CB 51 
   1185 174.894 0.0 C 97 
   1172 4.236 0.0 HA2 96 
   1038 37.004 0.0 CG 85 
   261 175.685 0.0 C 24 
   1042 1.871 0.0 HB2 86 
   623 129.351 0.0 CZ 51 
   1110 0.555 0.0 HG23 91 
   326 8.245 0.0 H 30 
   404 2.193 0.0 HG2 36 
   1068 174.389 0.0 C 88 
   1322 1.658 0.0 HB2 109 
   145 1.84 0.0 HB3 16 
   156 8.14 0.0 H 17 
   897 177.861 0.0 C 74 
   363 57.485 0.0 CA 32 
   414 174.303 0.0 C 37 
   238 30.597 0.0 CB 22 
   479 130.657 0.0 CE1 41 
   332 0.674 0.0 HG21 30 
   1066 0.83 0.0 HG22 88 
   594 1.556 0.0 HD2 50 
   88 0.81 0.0 HD23 10 
   732 8.751 0.0 H 61 
   1120 3.681 0.0 HA3 92 
   1246 7.018 0.0 HD1 103 
   974 2.775 0.0 HB3 81 
   350 32.865 0.0 CB 31 
   806 41.98 0.0 CB 67 
   48 8.431 0.0 H 7 
   1258 114.304 0.0 CZ2 103 
   1198 1.141 0.0 HG3 98 
   258 7.074 0.0 HD2 24 
   639 2.014 0.0 HB2 53 
   696 8.306 0.0 H 58 
   100 1.977 0.0 HB3 11 
   1206 3.902 0.0 HA2 99 
   285 72.209 0.0 CB 26 
   644 1.601 0.0 HG3 53 
   15 4.276 0.0 HA 4 
   193 32.162 0.0 CB 19 
   565 2.222 0.0 HG2 48 
   518 128.415 0.0 N 43 
   613 7.022 0.0 HE1 51 
   377 1.378 0.0 HG3 33 
   402 2.002 0.0 HB2 36 
   353 111.73 0.0 NE2 31 
   886 3.722 0.0 HB3 73 
   376 1.44 0.0 HG2 33 
   1011 6.473 0.0 H 84 
   517 28.618 0.0 CG 43 
   8 2.492 0.0 HG3 3 
   391 1.95 0.0 HB2 35 
   1191 7.999 0.0 H 98 
   638 4.146 0.0 HA 53 
   272 3.847 0.0 HB3 25 
   583 175.439 0.0 C 49 
   634 28.313 0.0 CB 52 
   726 37.813 0.0 CB 60 
   278 4.43 0.0 HA 26 
   1259 121.776 0.0 CZ3 103 
   248 176.858 0.0 C 23 
   1160 7.738 0.0 H 95 
   223 57.396 0.0 CA 21 
   464 126.626 0.0 N 40 
   1255 127.212 0.0 CD1 103 
   503 2.221 0.0 HB2 43 
   294 0.75 0.0 HD13 27 
   197 8.034 0.0 H 20 
   264 132.98 0.0 CD1 24 
   1089 0.902 0.0 HD21 90 
   977 6.86 0.0 HE1 81 
   548 4.133 0.0 HA 47 
   20 176.331 0.0 C 4 
   965 41.026 0.0 CB 80 
   471 7.087 0.0 HE1 41 
   91 56.126 0.0 CA 10 
   1240 24.762 0.0 CG 102 
   908 64.358 0.0 CB 75 
   437 0.827 0.0 HD13 39 
   624 119.432 0.0 N 51 
   700 0.928 0.0 HB3 58 
   773 2.328 0.0 HG2 65 
   6 2.037 0.0 HE3 3 
   738 8.104 0.0 H 62 
   656 39.184 0.0 CB 54 
   1141 120.762 0.0 N 93 
   239 43.459 0.0 CD 22 
   866 4.208 0.0 HA 72 
   1233 1.398 0.0 HG2 102 
   536 37.016 0.0 CB 45 
   104 57.085 0.0 CA 11 
   868 0.687 0.0 HD11 72 
   45 58.096 0.0 CA 6 
   343 1.96 0.0 HB2 31 
   857 2.042 0.0 HB3 71 
   96 121.828 0.0 N 10 
   460 61.243 0.0 CA 40 
   500 123.192 0.0 N 42 
   166 57.361 0.0 CA 17 
   407 56.237 0.0 CA 36 
   304 9.619 0.0 H 28 
   136 3.912 0.0 HB2 15 
   133 114.553 0.0 N 14 
   160 2.001 0.0 HE1 17 
   985 130.512 0.0 CE1 81 
   114 53.207 0.0 CA 12 
   698 0.928 0.0 HB1 58 
   59 2.776 0.0 HB2 8 
   604 41.911 0.0 CE 50 
   1239 42.11 0.0 CE 102 
   708 -0.209 0.0 HG21 59 
   231 1.794 0.0 HB3 22 
   1094 57.642 0.0 CA 90 
   944 0.692 0.0 HG12 79 
   1221 1.459 0.0 HB3 101 
   555 174.209 0.0 C 47 
   296 0.897 0.0 HD22 27 
   200 1.476 0.0 HB3 20 
   273 172.134 0.0 C 25 
   661 3.034 0.0 HB3 55 
   1046 174.095 0.0 C 86 
   645 178.611 0.0 C 53 
   338 20.464 0.0 CG1 30 
   220 2.502 0.0 HG2 21 
   691 59.107 0.0 CA 57 
   831 174.904 0.0 C 69 
   992 1.901 0.0 HB3 82 
   56 126.064 0.0 N 7 
   839 0.635 0.0 HD11 70 
   635 43.598 0.0 CD 52 
   742 1.112 0.0 HB3 62 
   687 0.068 0.0 HB3 57 
   295 0.897 0.0 HD21 27 
   38 20.453 0.0 CG2 5 
   668 2.211 0.0 HB2 56 
   422 0.713 0.0 HG13 38 
   922 0.842 0.0 HD13 77 
   397 28.457 0.0 CB 35 
   336 60.933 0.0 CA 30 
   846 0.118 0.0 HG23 70 
   1158 26.897 0.0 CG 94 
   134 8.205 0.0 H 15 
   395 177.168 0.0 C 35 
   713 68.111 0.0 CB 59 
   360 6.319 0.0 HE1 32 
   80 4.197 0.0 HA 10 
   1261 129.285 0.0 NE1 103 
   981 57.116 0.0 CA 81 
   995 178.206 0.0 C 82 
   1154 57.332 0.0 CA 94 
   241 119.729 0.0 N 22 
   201 0.832 0.0 HD11 20 
   715 99.63 0.0 N 59 
   325 111.229 0.0 N 29 
   651 4.702 0.0 HA 54 
   51 1.354 0.0 HB2 7 
   697 3.592 0.0 HA 58 
   271 4.022 0.0 HB2 25 
   756 111.934 0.0 N 63 
   1146 0.88 0.0 HD11 94 
   230 1.794 0.0 HB2 22 
   221 2.215 0.0 HG3 21 
   370 8.36 0.0 H 33 
   986 130.512 0.0 CE2 81 
   542 2.79 0.0 HB3 46 
   1346 127.482 0.0 N 110 
   1028 116.818 0.0 N 84 
   1263 3.644 0.0 HA 104 
   403 1.619 0.0 HB3 36 
   380 43.753 0.0 CD 33 
   796 1.216 0.0 HB3 67 
   990 3.582 0.0 HA 82 
   789 29.542 0.0 CB 66 
   966 133.192 0.0 CD1 80 
   819 177.1 0.0 C 68 
   1012 4.131 0.0 HA 84 
   1103 0.62 0.0 HD11 91 
   398 36.377 0.0 CG 35 
   961 6.559 0.0 HE1 80 
   924 0.824 0.0 HD22 77 
   921 0.842 0.0 HD12 77 
   1054 2.509 0.0 HB3 87 
   355 4.887 0.0 HA 32 
   893 3.803 0.0 HD2 74 
   501 9.031 0.0 H 43 
   306 1.556 0.0 HB2 28 
   153 43.249 0.0 CD 16 
   111 1.37 0.0 HB2 12 
   474 174.17 0.0 C 41 
   1210 105.916 0.0 N 99 
   1336 27.041 0.0 CG 109 
   412 3.965 0.0 HA2 37 
   1096 23.032 0.0 CD1 90 
   433 4.323 0.0 HA 39 
   1306 134.424 0.0 CE1 107 
   219 7.622 0.0 HE21 21 
   865 9.013 0.0 H 72 
   746 123.335 0.0 N 62 
   498 28.39 0.0 CG1 42 
   1281 1.426 0.0 HB3 105 
   711 173.265 0.0 C 59 
   364 38.922 0.0 CB 32 
   73 2.204 0.0 HG3 9 
   1045 2.116 0.0 HG3 86 
   878 38.256 0.0 CB 72 
   525 54.489 0.0 CA 44 
   43 3.824 0.0 HB3 6 
   1342 1.398 0.0 HB3 110 
   1230 1.624 0.0 HD3 102 
   1121 176.157 0.0 C 92 
   994 2.169 0.0 HG3 82 
   1223 56.234 0.0 CA 101 
   394 2.204 0.0 HG3 35 
   1298 4.435 0.0 HA 107 
   42 3.879 0.0 HB2 6 
   659 4.94 0.0 HA 55 
   289 4.249 0.0 HA 27 
   629 3.283 0.0 HD2 52 
   930 26.039 0.0 CD1 77 
   1152 1.717 0.0 HG 94 
   560 121.275 0.0 N 47 
   115 18.829 0.0 CB 12 
   1080 64.469 0.0 CB 89 
   1001 3.987 0.0 HA 83 
   1300 1.173 0.0 HB3 107 
   736 45.0 0.0 CA 61 
   834 35.395 0.0 CG 69 
   1090 0.902 0.0 HD22 90 
   822 43.453 0.0 CD 68 
   702 54.433 0.0 CA 58 
   269 7.403 0.0 H 25 
   1197 1.615 0.0 HG2 98 
   1049 33.733 0.0 CG 86 
   499 17.509 0.0 CG2 42 
   27 2.016 0.0 HB 5 
   901 27.83 0.0 CG 74 
   40 8.389 0.0 H 6 
   245 1.795 0.0 HB3 23 
   1208 171.528 0.0 C 99 
   632 1.861 0.0 HG3 52 
   1139 22.143 0.0 CD2 93 
   386 176.483 0.0 C 34 
   801 0.36 0.0 HD22 67 
   206 0.854 0.0 HD23 20 
   47 119.949 0.0 N 6 
   39 121.499 0.0 N 5 
   70 1.998 0.0 HB2 9 
   778 36.644 0.0 CG 65 
   870 0.687 0.0 HD13 72 
   948 0.488 0.0 HG23 79 
   236 178.223 0.0 C 22 
   371 4.439 0.0 HA 33 
   1004 1.317 0.0 HG22 83 
   682 26.691 0.0 CG 56 
   1337 122.868 0.0 N 109 
   1314 1.807 0.0 HG3 108 
   825 7.852 0.0 H 69 
   1343 176.868 0.0 C 110 
   637 125.064 0.0 N 52 
   578 0.712 0.0 HD13 49 
   1091 0.902 0.0 HD23 90 
   215 8.157 0.0 H 21 
   491 0.921 0.0 HG21 42 
   46 64.02 0.0 CB 6 
   1317 32.352 0.0 CB 108 
   16 1.968 0.0 HB2 4 
   830 2.202 0.0 HG3 69 
   486 0.685 0.0 HD11 42 
   366 133.168 0.0 CD2 32 
   596 2.85 0.0 HE2 50 
   340 122.775 0.0 N 30 
   66 116.954 0.0 N 8 
   32 0.884 0.0 HG22 5 
   1324 1.06 0.0 HD11 109 
   602 35.539 0.0 CB 50 
   315 43.794 0.0 CD 28 
   867 1.671 0.0 HB 72 
   899 31.733 0.0 CB 74 
   439 0.821 0.0 HG13 39 
   490 0.882 0.0 HG13 42 
   187 2.03 0.0 HE2 19 
   1055 175.722 0.0 C 87 
   12 16.881 0.0 CE 3 
   717 4.115 0.0 HA 60 
   874 1.167 0.0 HG22 72 
   335 173.89 0.0 C 30 
   582 1.602 0.0 HG 49 
   1331 176.976 0.0 C 109 
   299 56.06 0.0 CA 27 
   94 23.445 0.0 CD2 10 
   1304 26.649 0.0 CB 107 
   202 0.832 0.0 HD12 20 
   910 8.418 0.0 H 76 
   423 0.574 0.0 HG21 38 
   956 5.161 0.0 HA 80 
   118 4.218 0.0 HA 13 
   310 1.564 0.0 HG2 28 
   714 19.939 0.0 CG2 59 
   693 31.891 0.0 CG 57 
   119 1.401 0.0 HB1 13 
   558 43.885 0.0 CD 47 
   523 1.364 0.0 HB3 44 
   802 0.36 0.0 HD23 67 
   902 7.893 0.0 H 75 
   998 35.923 0.0 CG 82 
   810 117.57 0.0 N 67 
   1118 7.314 0.0 H 92 
   852 18.6 0.0 CG2 70 
   205 0.854 0.0 HD22 20 
   328 1.586 0.0 HB 30 
   777 28.454 0.0 CB 65 
   859 2.053 0.0 HG3 71 
   37 21.185 0.0 CG1 5 
   135 4.394 0.0 HA 15 
   484 4.729 0.0 HA 42 
   724 178.019 0.0 C 60 
   785 2.378 0.0 HG2 66 
   1104 0.62 0.0 HD12 91 
   1083 3.798 0.0 HA 90 
   127 4.342 0.0 HA 14 
   811 7.214 0.0 H 68 
   962 6.559 0.0 HE2 80 
   1351 59.865 0.0 CA 111 
   677 175.248 0.0 C 56 
   829 2.202 0.0 HG2 69 
   321 3.555 0.0 HB3 29 
   72 2.204 0.0 HG2 9 
   947 0.488 0.0 HG22 79 
   1310 1.86 0.0 HB3 108 
   850 14.445 0.0 CD1 70 
   903 4.211 0.0 HA 75 
   1127 1.079 0.0 HB3 93 
   936 4.045 0.0 HA3 78 
   976 6.984 0.0 HD2 81 
   417 6.622 0.0 H 38 
   685 2.151 0.0 HA 57 
   218 1.928 0.0 HB3 21 
   457 0.737 0.0 HG22 40 
   601 55.26 0.0 CA 50 
   771 1.946 0.0 HB2 65 
   146 3.165 0.0 HD2 16 
   140 63.455 0.0 CB 15 
   1069 61.447 0.0 CA 88 
   356 2.875 0.0 HB2 32 
   577 0.712 0.0 HD12 49 
   588 27.673 0.0 CG 49 
   658 8.201 0.0 H 55 
   1248 6.803 0.0 HE3 103 
   188 2.03 0.0 HE3 19 
   871 1.629 0.0 HG12 72 
   894 3.907 0.0 HD3 74 
   571 120.823 0.0 N 48 
   18 2.199 0.0 HG2 4 
   432 9.458 0.0 H 39 
   703 20.052 0.0 CB 58 
   510 0.797 0.0 HD23 43 
   409 36.871 0.0 CG 36 
   1133 0.068 0.0 HD23 93 
   853 125.545 0.0 N 70 
   895 2.112 0.0 HG2 74 
   838 1.325 0.0 HB 70 
   1150 0.839 0.0 HD22 94 
   1087 0.758 0.0 HD12 90 
   1155 41.391 0.0 CB 94 
   734 3.361 0.0 HA3 61 
   912 3.67 0.0 HA3 76 
   1169 36.454 0.0 CG 95 
   1228 1.689 0.0 HB3 102 
   189 2.505 0.0 HG2 19 
   1268 2.298 0.0 HE3 104 
   608 4.974 0.0 HA 51 
   600 175.125 0.0 C 50 
   323 57.62 0.0 CA 29 
   1291 1.91 0.0 HG3 106 
   1116 17.114 0.0 CG2 91 
   1098 26.895 0.0 CG 90 
   1153 178.947 0.0 C 94 
   2 2.029 0.0 HB2 3 
   954 116.911 0.0 N 79 
   524 176.981 0.0 C 44 
   1204 125.256 0.0 N 98 
   1137 41.703 0.0 CB 93 
   1140 25.6 0.0 CG 93 
   1251 6.685 0.0 HZ3 103 
   54 53.151 0.0 CA 7 
   1252 181.021 0.0 C 103 
   607 8.847 0.0 H 51 
   434 1.87 0.0 HB 39 
   1063 0.724 0.0 HG12 88 
   845 0.118 0.0 HG22 70 
   566 1.94 0.0 HG3 48 
   808 23.38 0.0 CD2 67 
   359 6.794 0.0 HD2 32 
   967 133.192 0.0 CD2 80 
   781 4.059 0.0 HA 66 
   1212 4.419 0.0 HA 100 
   755 21.938 0.0 CG2 63 
   851 26.419 0.0 CG1 70 
   1171 7.722 0.0 H 96 
   640 2.014 0.0 HB3 53 
   177 176.883 0.0 C 18 
   973 3.113 0.0 HB2 81 
   102 2.197 0.0 HG3 11 
   450 8.934 0.0 H 40 
   36 32.906 0.0 CB 5 
   1339 4.335 0.0 HA 110 
   574 1.727 0.0 HB2 49 
   543 175.512 0.0 C 46 
   919 1.608 0.0 HB3 77 
   122 178.794 0.0 C 13 
   426 173.629 0.0 C 38 
   254 4.315 0.0 HA 24 
   856 2.042 0.0 HB2 71 
   1344 52.539 0.0 CA 110 
   1007 65.351 0.0 CA 83 
   832 55.752 0.0 CA 69 
   1040 6.636 0.0 H 86 
   684 7.214 0.0 H 57 
   476 39.031 0.0 CB 41 
   406 176.435 0.0 C 36 
   743 177.761 0.0 C 62 
   842 1.246 0.0 HG12 70 
   182 7.963 0.0 H 19 
   362 174.519 0.0 C 32 
   927 176.209 0.0 C 77 
   1035 175.01 0.0 C 85 
   283 174.498 0.0 C 26 
   10 55.604 0.0 CA 3 
   515 25.078 0.0 CD1 43 
   1278 3.948 0.0 HA 105 
   199 1.86 0.0 HB2 20 
   333 0.674 0.0 HG22 30 
   872 0.696 0.0 HG13 72 
   162 2.001 0.0 HE3 17 
   244 1.795 0.0 HB2 23 
   302 26.014 0.0 CD2 27 
   1312 3.044 0.0 HD3 108 
   473 6.866 0.0 HZ 41 
   678 52.687 0.0 CA 56 
   320 3.731 0.0 HB2 29 
   526 17.978 0.0 CB 44 
   1179 1.643 0.0 HB2 97 
   1295 36.323 0.0 CG 106 
   937 170.501 0.0 C 78 
   551 3.179 0.0 HD2 47 
   204 0.854 0.0 HD21 20 
   1316 62.878 0.0 CA 108 
   812 4.191 0.0 HA 68 
   50 1.354 0.0 HB1 7 
   764 179.483 0.0 C 64 
   619 131.545 0.0 CD1 51 
   431 105.549 0.0 N 38 
   993 2.169 0.0 HG2 82 
   418 4.915 0.0 HA 38 
   372 1.712 0.0 HB2 33 
   155 122.38 0.0 N 16 
   1024 42.208 0.0 CB 84 
   1059 9.051 0.0 H 88 
   1235 177.978 0.0 C 102 
   753 58.845 0.0 CA 63 
   293 0.75 0.0 HD12 27 
   1209 45.495 0.0 CA 99 
   250 30.144 0.0 CB 23 
   385 3.839 0.0 HB3 34 
   862 32.946 0.0 CB 71 
   595 1.556 0.0 HD3 50 
   381 26.709 0.0 CG 33 
   52 1.354 0.0 HB3 7 
   84 0.86 0.0 HD12 10 
   203 0.832 0.0 HD13 20 
   1148 0.88 0.0 HD13 94 
   521 1.364 0.0 HB1 44 
   246 1.981 0.0 HG2 23 
   664 42.87 0.0 CB 55 
   709 -0.209 0.0 HG22 59 
   1086 0.758 0.0 HD11 90 
   1254 29.069 0.0 CB 103 
   314 32.647 0.0 CB 28 
   972 4.47 0.0 HA 81 
   1176 107.323 0.0 N 96 
   887 57.766 0.0 CA 73 
   1125 3.727 0.0 HA 93 
   794 4.296 0.0 HA 67 
   405 2.086 0.0 HG3 36 
   454 0.769 0.0 HG12 40 
   1025 25.665 0.0 CD1 84 
   1353 121.137 0.0 N 111 
   120 1.401 0.0 HB2 13 
   538 106.735 0.0 ND2 45 
   1157 23.025 0.0 CD2 94 
   971 8.68 0.0 H 81 
   167 31.857 0.0 CB 17 
   1277 7.659 0.0 H 105 
   137 3.912 0.0 HB3 15 
   1202 43.141 0.0 CD 98 
   589 125.107 0.0 N 49 
   298 175.89 0.0 C 27 
   1308 4.342 0.0 HA 108 
   790 34.742 0.0 CG 66 
   564 1.672 0.0 HB3 48 
   898 65.658 0.0 CA 74 
   1128 -0.102 0.0 HD11 93 
   392 1.95 0.0 HB3 35 
   462 21.236 0.0 CG1 40 
   765 65.999 0.0 CA 64 
   463 21.935 0.0 CG2 40 
   556 57.292 0.0 CA 47 
   1224 17.772 0.0 CB 101 
   1130 -0.102 0.0 HD13 93 
   547 7.703 0.0 H 47 
   1058 121.904 0.0 N 87 
   1079 56.08 0.0 CA 89 
   739 4.298 0.0 HA 62 
   1036 57.064 0.0 CA 85 
   281 1.162 0.0 HG22 26 
   126 8.165 0.0 H 14 
   90 178.235 0.0 C 10 
   877 61.763 0.0 CA 72 
   1114 13.047 0.0 CD1 91 
   1166 176.559 0.0 C 95 
   251 35.763 0.0 CG 23 
   488 0.685 0.0 HD13 42 
   194 17.023 0.0 CE 19 
   705 6.395 0.0 H 59 
   390 4.039 0.0 HA 35 
   337 34.762 0.0 CB 30 
   735 174.325 0.0 C 61 
   86 0.81 0.0 HD21 10 
   731 124.377 0.0 N 60 
   816 3.22 0.0 HD3 68 
   598 1.28 0.0 HG2 50 
   226 118.077 0.0 N 21 
   707 3.962 0.0 HB 59 
   81 1.659 0.0 HB2 10 
   157 4.205 0.0 HA 17 
   621 131.675 0.0 CE1 51 
   963 175.006 0.0 C 80 
   1163 2.236 0.0 HB3 95 
   958 2.826 0.0 HB3 80 
   1067 0.83 0.0 HG23 88 
   1070 35.256 0.0 CB 88 
   827 1.967 0.0 HB2 69 
   466 4.852 0.0 HA 41 
   178 58.414 0.0 CA 18 
   1034 2.094 0.0 HG3 85 
   1326 1.06 0.0 HD13 109 
   1286 6.969 0.0 H 106 
   229 4.086 0.0 HA 22 
   729 118.264 0.0 CE1 60 
   317 123.653 0.0 N 28 
   301 26.22 0.0 CD1 27 
   165 177.442 0.0 C 17 
   379 30.12 0.0 CB 33 
   652 2.966 0.0 HB2 54 
   387 61.518 0.0 CA 34 
   1237 32.751 0.0 CB 102 
   611 7.186 0.0 HD1 51 
   1177 8.717 0.0 H 97 
   109 4.201 0.0 HA 12 
   669 1.046 0.0 HB3 56 
   797 -0.04 0.0 HD11 67 
   342 4.566 0.0 HA 31 
   430 18.467 0.0 CG2 38 
   1232 2.947 0.0 HE3 102 
   670 0.563 0.0 HD11 56 
   322 171.729 0.0 C 29 
   699 0.928 0.0 HB2 58 
   260 6.701 0.0 HE2 24 
   1159 119.88 0.0 N 94 
   900 50.653 0.0 CD 74 
   843 0.613 0.0 HG13 70 
   892 1.915 0.0 HB3 74 
   41 4.402 0.0 HA 6 
   1129 -0.102 0.0 HD12 93 
   1256 118.379 0.0 CE3 103 
   883 8.586 0.0 H 73 
   354 9.231 0.0 H 32 
   695 109.665 0.0 NE2 57 
   469 7.257 0.0 HD1 41 
   1242 8.089 0.0 H 103 
   150 177.474 0.0 C 16 
   1323 1.528 0.0 HB3 109 
   837 4.508 0.0 HA 70 
   367 117.341 0.0 CE1 32 
   234 1.658 0.0 HG2 22 
   1284 17.87 0.0 CB 105 
   957 2.892 0.0 HB2 80 
   1234 1.301 0.0 HG3 102 
   1276 117.096 0.0 N 104 
   17 1.884 0.0 HB3 4 
   351 33.242 0.0 CG 31 
   232 3.132 0.0 HD2 22 
   626 4.903 0.0 HA 52 
   1006 175.706 0.0 C 83 
   61 6.882 0.0 HD21 8 
   1311 3.315 0.0 HD2 108 
   103 177.123 0.0 C 11 
   1060 4.191 0.0 HA 88 
   257 7.074 0.0 HD1 24 
   889 125.865 0.0 N 73 
   144 1.84 0.0 HB2 16 
   606 121.409 0.0 N 50 
   882 129.755 0.0 N 72 
   1056 52.907 0.0 CA 87 
   28 0.883 0.0 HG11 5 
   692 28.159 0.0 CB 57 
   211 25.394 0.0 CD1 20 
   1266 2.298 0.0 HE1 104 
   309 3.084 0.0 HD3 28 
   1178 4.322 0.0 HA 97 
   723 6.914 0.0 HE2 60 
   275 64.876 0.0 CB 25 
   694 124.612 0.0 N 57 
   280 1.162 0.0 HG21 26 
   855 4.692 0.0 HA 71 
   730 118.264 0.0 CE2 60 
   1119 3.827 0.0 HA2 92 
   159 2.044 0.0 HB3 17 
   1332 55.074 0.0 CA 109 
   1270 2.214 0.0 HG3 104 
   537 114.155 0.0 N 45 
   352 122.553 0.0 N 31 
   481 128.301 0.0 CZ 41 
   1117 116.561 0.0 N 91 
   1073 121.549 0.0 N 88 
   453 0.769 0.0 HG11 40 
   256 2.791 0.0 HB3 24 
   1348 4.214 0.0 HA 111 
   1101 3.198 0.0 HA 91 
   477 132.608 0.0 CD1 41 
   1031 2.094 0.0 HB2 85 
   916 7.499 0.0 H 77 
   76 29.741 0.0 CB 9 
   424 0.574 0.0 HG22 38 
   890 4.309 0.0 HA 74 
   911 4.276 0.0 HA2 76 
   1335 24.143 0.0 CD2 109 
   1187 28.806 0.0 CB 97 
   508 0.797 0.0 HD21 43 
   227 111.873 0.0 NE2 21 
   666 7.22 0.0 H 56 
   728 133.724 0.0 CD2 60 
   181 119.875 0.0 N 18 
   873 1.167 0.0 HG21 72 
   1020 0.647 0.0 HD23 84 
   55 19.004 0.0 CB 7 
   213 26.891 0.0 CG 20 
   896 2.031 0.0 HG3 74 
   833 28.69 0.0 CB 69 
   235 1.535 0.0 HG3 22 
   79 8.06 0.0 H 10 
   674 0.1 0.0 HD22 56 
   1144 1.93 0.0 HB2 94 
   451 4.77 0.0 HA 40 
   906 175.703 0.0 C 75 
   774 2.196 0.0 HG3 65 
   570 36.376 0.0 CG 48 
   630 3.332 0.0 HD3 52 
   643 2.087 0.0 HG2 53 
   1205 7.684 0.0 H 99 
   941 4.752 0.0 HA 79 
   1102 1.437 0.0 HB 91 
   744 52.177 0.0 CA 62 
   1350 3.803 0.0 HB3 111 
   553 1.653 0.0 HG2 47 
   988 126.963 0.0 N 81 
   914 45.558 0.0 CA 76 
   641 3.873 0.0 HD2 53 
   448 19.58 0.0 CG2 39 
   1016 0.451 0.0 HD12 84 
   622 131.675 0.0 CE2 51 
   950 59.293 0.0 CA 79 
   1280 1.426 0.0 HB2 105 
   1184 1.434 0.0 HG3 97 
   1318 50.22 0.0 CD 108 
   311 1.421 0.0 HG3 28 
   616 176.043 0.0 C 51 
   108 8.113 0.0 H 12 
   243 4.083 0.0 HA 23 
   758 2.241 0.0 HB2 64 
   690 0.608 0.0 HG3 57 
   686 1.24 0.0 HB2 57 
   1051 8.63 0.0 H 87 
   1009 23.764 0.0 CG2 83 
   1113 37.084 0.0 CB 91 
   368 117.341 0.0 CE2 32 
   663 55.404 0.0 CA 55 
   22 29.994 0.0 CB 4 
   1181 3.087 0.0 HD2 97 
   1241 119.022 0.0 N 102 
   117 8.142 0.0 H 13 
   11 32.91 0.0 CB 3 
   361 6.319 0.0 HE2 32 
   428 35.509 0.0 CB 38 
   671 0.563 0.0 HD12 56 
   93 24.876 0.0 CD1 10 
   780 7.728 0.0 H 66 
   288 9.148 0.0 H 27 
   1203 29.125 0.0 CG 98 
   757 3.427 0.0 HA 64 
   34 176.074 0.0 C 5 
   1305 119.178 0.0 CD2 107 
   67 112.954 0.0 ND2 8 
   1161 4.384 0.0 HA 95 
   1325 1.06 0.0 HD12 109 
   123 53.303 0.0 CA 13 
   528 7.355 0.0 H 45 
   1105 0.62 0.0 HD13 91 
   1030 3.622 0.0 HA 85 
   375 2.833 0.0 HD3 33 
   461 33.244 0.0 CB 40 
   649 28.552 0.0 CG 53 
   534 175.729 0.0 C 45 
   1008 68.085 0.0 CB 83 
   131 59.538 0.0 CA 14 
   1330 1.647 0.0 HG 109 
   804 174.721 0.0 C 67 
   545 39.065 0.0 CB 46 
   267 118.071 0.0 CE2 24 
   557 30.762 0.0 CB 47 
   265 132.98 0.0 CD2 24 
   584 53.785 0.0 CA 49 
   1253 62.775 0.0 CA 103 
   369 124.536 0.0 N 32 
   1349 3.803 0.0 HB2 111 
   19 2.199 0.0 HG3 4 
   904 3.917 0.0 HB2 75 
   1015 0.451 0.0 HD11 84 
   190 2.638 0.0 HG3 19 
   149 1.556 0.0 HG3 16 
   720 7.329 0.0 HD1 60 
   741 1.112 0.0 HB2 62 
   13 31.901 0.0 CG 3 
   92 42.02 0.0 CB 10 
   1092 1.466 0.0 HG 90 
   339 23.077 0.0 CG2 30 
   1021 1.476 0.0 HG 84 
   952 21.455 0.0 CG1 79 
   1329 1.014 0.0 HD23 109 
   1238 29.357 0.0 CD 102 
   787 175.329 0.0 C 66 
   447 29.191 0.0 CG1 39 
   1151 0.839 0.0 HD23 94 
   945 0.692 0.0 HG13 79 
   151 57.826 0.0 CA 16 
   276 113.556 0.0 N 25 
   1299 2.411 0.0 HB2 107 
   1072 22.104 0.0 CG2 88 
   496 38.247 0.0 CB 42 
   854 8.778 0.0 H 71 
   1037 26.953 0.0 CB 85 
   673 0.1 0.0 HD21 56 
   750 1.15 0.0 HG21 63 
   1275 32.912 0.0 CG 104 
   274 58.413 0.0 CA 25 
   636 27.315 0.0 CG 52 
   568 54.347 0.0 CA 48 
   1126 1.663 0.0 HB2 93 
   480 130.657 0.0 CE2 41 
   212 23.311 0.0 CD2 20 
   875 1.167 0.0 HG23 72 
   478 132.608 0.0 CD2 41 
   493 0.921 0.0 HG23 42 
   1211 8.646 0.0 H 100 
   1190 122.473 0.0 N 97 
   401 4.289 0.0 HA 36 
   1333 42.849 0.0 CB 109 
   400 7.08 0.0 H 36 
   112 1.37 0.0 HB3 12 
   970 126.853 0.0 N 80 
   427 58.127 0.0 CA 38 
   885 4.148 0.0 HB2 73 
   408 32.757 0.0 CB 36 
   176 2.198 0.0 HG3 18 
   1207 3.902 0.0 HA3 99 
   180 36.33 0.0 CG 18 
   436 0.827 0.0 HD12 39 
   502 5.108 0.0 HA 43 
   154 27.325 0.0 CG 16 
   1167 56.089 0.0 CA 95 
   975 6.984 0.0 HD1 81 
   559 27.613 0.0 CG 47 
   7 2.532 0.0 HG2 3 
   710 -0.209 0.0 HG23 59 
   1215 58.114 0.0 CA 100 
   650 7.948 0.0 H 54 
   297 0.897 0.0 HD23 27 
   999 124.087 0.0 N 82 
   1099 129.702 0.0 N 90 
   513 54.59 0.0 CA 43 
   1077 3.766 0.0 HB3 89 
   1219 1.459 0.0 HB1 101 
   989 7.466 0.0 H 82 
   891 2.382 0.0 HB2 74 
   718 3.132 0.0 HB2 60 
   586 25.513 0.0 CD1 49 
   562 5.281 0.0 HA 48 
   1136 58.032 0.0 CA 93 
   101 2.227 0.0 HG2 11 
   169 32.011 0.0 CG 17 
   917 4.552 0.0 HA 77 
   1199 175.018 0.0 C 98 
   313 56.669 0.0 CA 28 
   540 4.13 0.0 HA 46 
   617 56.966 0.0 CA 51 
   951 34.536 0.0 CB 79 
   1062 0.724 0.0 HG11 88 
