   48 8.431 0.0 H 7 
   1030 3.622 0.0 HA 85 
   141 117.597 0.0 N 15 
   1026 22.07 0.0 CD2 84 
   677 175.248 0.0 C 56 
   1242 8.089 0.0 H 103 
   364 38.922 0.0 CB 32 
   811 7.214 0.0 H 68 
   192 57.55 0.0 CA 19 
   422 0.713 0.0 HG13 38 
   251 35.763 0.0 CG 23 
   186 2.03 0.0 HE1 19 
   935 4.601 0.0 HA2 78 
   590 8.188 0.0 H 50 
   436 0.827 0.0 HD12 39 
   399 121.527 0.0 N 35 
   819 177.1 0.0 C 68 
   830 2.202 0.0 HG3 69 
   1200 56.621 0.0 CA 98 
   1182 3.087 0.0 HD3 97 
   7 2.532 0.0 HG2 3 
   168 16.963 0.0 CE 17 
   410 115.94 0.0 N 36 
   230 1.794 0.0 HB2 22 
   187 2.03 0.0 HE2 19 
   642 4.012 0.0 HD3 53 
   908 64.358 0.0 CB 75 
   94 23.445 0.0 CD2 10 
   534 175.729 0.0 C 45 
   598 1.28 0.0 HG2 50 
   212 23.311 0.0 CD2 20 
   1214 4.42 0.0 HB3 100 
   636 27.315 0.0 CG 52 
   650 7.948 0.0 H 54 
   1259 121.776 0.0 CZ3 103 
   1087 0.758 0.0 HD12 90 
   384 3.925 0.0 HB2 34 
   530 3.252 0.0 HB2 45 
   304 9.619 0.0 H 28 
   699 0.928 0.0 HB2 58 
   128 3.873 0.0 HB2 14 
   468 2.612 0.0 HB3 41 
   432 9.458 0.0 H 39 
   1006 175.706 0.0 C 83 
   854 8.778 0.0 H 71 
   1194 2.763 0.0 HB3 98 
   1076 4.014 0.0 HB2 89 
   180 36.33 0.0 CG 18 
   120 1.401 0.0 HB2 13 
   629 3.283 0.0 HD2 52 
   17 1.884 0.0 HB3 4 
   782 2.243 0.0 HB2 66 
   221 2.215 0.0 HG3 21 
   1045 2.116 0.0 HG3 86 
   504 1.708 0.0 HB3 43 
   1046 174.095 0.0 C 86 
   700 0.928 0.0 HB3 58 
   526 17.978 0.0 CB 44 
   445 39.072 0.0 CB 39 
   843 0.613 0.0 HG13 70 
   41 4.402 0.0 HA 6 
   680 24.042 0.0 CD1 56 
   375 2.833 0.0 HD3 33 
   1119 3.827 0.0 HA2 92 
   1262 9.18 0.0 H 104 
   796 1.216 0.0 HB3 67 
   314 32.647 0.0 CB 28 
   258 7.074 0.0 HD2 24 
   730 118.264 0.0 CE2 60 
   1235 177.978 0.0 C 102 
   1326 1.06 0.0 HD13 109 
   934 7.647 0.0 H 78 
   1109 0.555 0.0 HG22 91 
   822 43.453 0.0 CD 68 
   856 2.042 0.0 HB2 71 
   132 63.477 0.0 CB 14 
   134 8.205 0.0 H 15 
   1103 0.62 0.0 HD11 91 
   685 2.151 0.0 HA 57 
   1318 50.22 0.0 CD 108 
   415 46.016 0.0 CA 37 
   413 3.768 0.0 HA3 37 
   708 -0.209 0.0 HG21 59 
   615 7.149 0.0 HZ 51 
   1064 0.724 0.0 HG13 88 
   1116 17.114 0.0 CG2 91 
   1324 1.06 0.0 HD11 109 
   620 131.545 0.0 CD2 51 
   398 36.377 0.0 CG 35 
   53 178.059 0.0 C 7 
   601 55.26 0.0 CA 50 
   85 0.86 0.0 HD13 10 
   1055 175.722 0.0 C 87 
   569 32.524 0.0 CB 48 
   736 45.0 0.0 CA 61 
   597 2.649 0.0 HE3 50 
   907 58.685 0.0 CA 75 
   137 3.912 0.0 HB3 15 
   1236 59.169 0.0 CA 102 
   28 0.883 0.0 HG11 5 
   1147 0.88 0.0 HD12 94 
   1213 4.108 0.0 HB2 100 
   198 4.193 0.0 HA 20 
   1158 26.897 0.0 CG 94 
   552 3.068 0.0 HD3 47 
   1343 176.868 0.0 C 110 
   355 4.887 0.0 HA 32 
   467 3.304 0.0 HB2 41 
   256 2.791 0.0 HB3 24 
   957 2.892 0.0 HB2 80 
   359 6.794 0.0 HD2 32 
   1164 2.524 0.0 HG2 95 
   850 14.445 0.0 CD1 70 
   460 61.243 0.0 CA 40 
   726 37.813 0.0 CB 60 
   990 3.582 0.0 HA 82 
   625 9.528 0.0 H 52 
   998 35.923 0.0 CG 82 
   776 59.383 0.0 CA 65 
   350 32.865 0.0 CB 31 
   260 6.701 0.0 HE2 24 
   1297 7.064 0.0 H 107 
   656 39.184 0.0 CB 54 
   987 127.489 0.0 CZ 81 
   1059 9.051 0.0 H 88 
   46 64.02 0.0 CB 6 
   246 1.981 0.0 HG2 23 
   1100 7.464 0.0 H 91 
   176 2.198 0.0 HG3 18 
   1203 29.125 0.0 CG 98 
   424 0.574 0.0 HG22 38 
   1305 119.178 0.0 CD2 107 
   1168 29.663 0.0 CB 95 
   632 1.861 0.0 HG3 52 
   761 3.801 0.0 HD3 64 
   293 0.75 0.0 HD12 27 
   765 65.999 0.0 CA 64 
   608 4.974 0.0 HA 51 
   1224 17.772 0.0 CB 101 
   1192 3.921 0.0 HA 98 
   502 5.108 0.0 HA 43 
   101 2.227 0.0 HG2 11 
   1154 57.332 0.0 CA 94 
   651 4.702 0.0 HA 54 
   864 126.24 0.0 N 71 
   1245 3.08 0.0 HB3 103 
   679 42.559 0.0 CB 56 
   507 0.893 0.0 HD13 43 
   316 26.623 0.0 CG 28 
   1316 62.878 0.0 CA 108 
   631 1.861 0.0 HG2 52 
   537 114.155 0.0 N 45 
   716 7.089 0.0 H 60 
   807 25.787 0.0 CD1 67 
   607 8.847 0.0 H 51 
   1085 1.073 0.0 HB3 90 
   1113 37.084 0.0 CB 91 
   816 3.22 0.0 HD3 68 
   1005 1.317 0.0 HG23 83 
   64 53.841 0.0 CA 8 
   927 176.209 0.0 C 77 
   485 1.815 0.0 HB 42 
   595 1.556 0.0 HD3 50 
   420 0.713 0.0 HG11 38 
   465 9.605 0.0 H 41 
   554 1.442 0.0 HG3 47 
   1084 1.612 0.0 HB2 90 
   797 -0.04 0.0 HD11 67 
   497 13.076 0.0 CD1 42 
   140 63.455 0.0 CB 15 
   815 3.22 0.0 HD2 68 
   889 125.865 0.0 N 73 
   996 59.66 0.0 CA 82 
   387 61.518 0.0 CA 34 
   1338 8.637 0.0 H 110 
   915 109.752 0.0 N 76 
   339 23.077 0.0 CG2 30 
   240 27.348 0.0 CG 22 
   487 0.685 0.0 HD12 42 
   718 3.132 0.0 HB2 60 
   1013 1.467 0.0 HB2 84 
   377 1.378 0.0 HG3 33 
   390 4.039 0.0 HA 35 
   663 55.404 0.0 CA 55 
   454 0.769 0.0 HG12 40 
   34 176.074 0.0 C 5 
   181 119.875 0.0 N 18 
   500 123.192 0.0 N 42 
   755 21.938 0.0 CG2 63 
   153 43.249 0.0 CD 16 
   1287 3.906 0.0 HA 106 
   837 4.508 0.0 HA 70 
   409 36.871 0.0 CG 36 
   901 27.83 0.0 CG 74 
   144 1.84 0.0 HB2 16 
   442 0.365 0.0 HG23 39 
   211 25.394 0.0 CD1 20 
   501 9.031 0.0 H 43 
   661 3.034 0.0 HB3 55 
   857 2.042 0.0 HB3 71 
   1277 7.659 0.0 H 105 
   1346 127.482 0.0 N 110 
   313 56.669 0.0 CA 28 
   1075 4.745 0.0 HA 89 
   108 8.113 0.0 H 12 
   823 27.438 0.0 CG 68 
   311 1.421 0.0 HG3 28 
   127 4.342 0.0 HA 14 
   199 1.86 0.0 HB2 20 
   66 116.954 0.0 N 8 
   488 0.685 0.0 HD13 42 
   979 6.755 0.0 HZ 81 
   926 1.474 0.0 HG 77 
   42 3.879 0.0 HB2 6 
   1334 24.954 0.0 CD1 109 
   583 175.439 0.0 C 49 
   566 1.94 0.0 HG3 48 
   1165 2.274 0.0 HG3 95 
   71 1.998 0.0 HB3 9 
   1066 0.83 0.0 HG22 88 
   1296 114.241 0.0 N 106 
   330 0.252 0.0 HG12 30 
   321 3.555 0.0 HB3 29 
   365 133.168 0.0 CD1 32 
   1238 29.357 0.0 CD 102 
   1244 3.125 0.0 HB2 103 
   599 1.166 0.0 HG3 50 
   1300 1.173 0.0 HB3 107 
   976 6.984 0.0 HD2 81 
   817 1.801 0.0 HG2 68 
   1058 121.904 0.0 N 87 
   1198 1.141 0.0 HG3 98 
   788 57.206 0.0 CA 66 
   635 43.598 0.0 CD 52 
   1121 176.157 0.0 C 92 
   673 0.1 0.0 HD21 56 
   1188 43.281 0.0 CD 97 
   831 174.904 0.0 C 69 
   61 6.882 0.0 HD21 8 
   672 0.563 0.0 HD13 56 
   717 4.115 0.0 HA 60 
   45 58.096 0.0 CA 6 
   885 4.148 0.0 HB2 73 
   1323 1.528 0.0 HB3 109 
   1024 42.208 0.0 CB 84 
   354 9.231 0.0 H 32 
   241 119.729 0.0 N 22 
   783 1.925 0.0 HB3 66 
   291 1.158 0.0 HB3 27 
   1243 4.036 0.0 HA 103 
   1001 3.987 0.0 HA 83 
   947 0.488 0.0 HG22 79 
   193 32.162 0.0 CB 19 
   441 0.365 0.0 HG22 39 
   107 120.956 0.0 N 11 
   1142 8.317 0.0 H 94 
   278 4.43 0.0 HA 26 
   62 7.585 0.0 HD22 8 
   1195 3.779 0.0 HD2 98 
   674 0.1 0.0 HD22 56 
   1337 122.868 0.0 N 109 
   1149 0.839 0.0 HD21 94 
   1189 27.707 0.0 CG 97 
   479 130.657 0.0 CE1 41 
   116 124.06 0.0 N 12 
   999 124.087 0.0 N 82 
   209 56.978 0.0 CA 20 
   1330 1.647 0.0 HG 109 
   691 59.107 0.0 CA 57 
   596 2.85 0.0 HE2 50 
   930 26.039 0.0 CD1 77 
   971 8.68 0.0 H 81 
   728 133.724 0.0 CD2 60 
   178 58.414 0.0 CA 18 
   775 178.76 0.0 C 65 
   1294 30.476 0.0 CB 106 
   1264 2.067 0.0 HB2 104 
   414 174.303 0.0 C 37 
   956 5.161 0.0 HA 80 
   995 178.206 0.0 C 82 
   751 1.15 0.0 HG22 63 
   738 8.104 0.0 H 62 
   664 42.87 0.0 CB 55 
   593 1.33 0.0 HB3 50 
   1321 4.315 0.0 HA 109 
   114 53.207 0.0 CA 12 
   379 30.12 0.0 CB 33 
   1227 1.826 0.0 HB2 102 
   1105 0.62 0.0 HD13 91 
   1285 120.951 0.0 N 105 
   803 1.287 0.0 HG 67 
   1 4.425 0.0 HA 3 
   712 59.886 0.0 CA 59 
   347 2.215 0.0 HG3 31 
   1253 62.775 0.0 CA 103 
   983 131.99 0.0 CD1 81 
   207 1.708 0.0 HG 20 
   407 56.237 0.0 CA 36 
   1031 2.094 0.0 HB2 85 
   357 2.697 0.0 HB3 32 
   60 2.712 0.0 HB3 8 
   1183 1.544 0.0 HG2 97 
   550 1.794 0.0 HB3 47 
   968 117.499 0.0 CE1 80 
   252 119.302 0.0 N 23 
   1286 6.969 0.0 H 106 
   887 57.766 0.0 CA 73 
   893 3.803 0.0 HD2 74 
   274 58.413 0.0 CA 25 
   161 2.001 0.0 HE2 17 
   523 1.364 0.0 HB3 44 
   331 0.252 0.0 HG13 30 
   204 0.854 0.0 HD21 20 
   1204 125.256 0.0 N 98 
   640 2.014 0.0 HB3 53 
   226 118.077 0.0 N 21 
   370 8.36 0.0 H 33 
   1077 3.766 0.0 HB3 89 
   254 4.315 0.0 HA 24 
   667 4.636 0.0 HA 56 
   786 2.098 0.0 HG3 66 
   689 1.708 0.0 HG2 57 
   577 0.712 0.0 HD12 49 
   528 7.355 0.0 H 45 
   1281 1.426 0.0 HB3 105 
   719 2.799 0.0 HB3 60 
   1117 116.561 0.0 N 91 
   169 32.011 0.0 CG 17 
   1179 1.643 0.0 HB2 97 
   1217 116.809 0.0 N 100 
   1314 1.807 0.0 HG3 108 
   1171 7.722 0.0 H 96 
   1081 120.776 0.0 N 89 
   298 175.89 0.0 C 27 
   840 0.635 0.0 HD12 70 
   873 1.167 0.0 HG21 72 
   1139 22.143 0.0 CD2 93 
   173 2.003 0.0 HB2 18 
   222 177.928 0.0 C 21 
   519 9.087 0.0 H 44 
   868 0.687 0.0 HD11 72 
   643 2.087 0.0 HG2 53 
   33 0.884 0.0 HG23 5 
   235 1.535 0.0 HG3 22 
   1083 3.798 0.0 HA 90 
   474 174.17 0.0 C 41 
   216 4.037 0.0 HA 21 
   789 29.542 0.0 CB 66 
   626 4.903 0.0 HA 52 
   197 8.034 0.0 H 20 
   1037 26.953 0.0 CB 85 
   1029 7.848 0.0 H 85 
   645 178.611 0.0 C 53 
   589 125.107 0.0 N 49 
   936 4.045 0.0 HA3 78 
   898 65.658 0.0 CA 74 
   1239 42.11 0.0 CE 102 
   946 0.488 0.0 HG21 79 
   1156 26.8 0.0 CD1 94 
   605 26.043 0.0 CG 50 
   1008 68.085 0.0 CB 83 
   307 1.446 0.0 HB3 28 
   87 0.81 0.0 HD22 10 
   481 128.301 0.0 CZ 41 
   818 1.681 0.0 HG3 68 
   851 26.419 0.0 CG1 70 
   400 7.08 0.0 H 36 
   248 176.858 0.0 C 23 
   100 1.977 0.0 HB3 11 
   750 1.15 0.0 HG21 63 
   655 55.185 0.0 CA 54 
   862 32.946 0.0 CB 71 
   14 8.628 0.0 H 4 
   659 4.94 0.0 HA 55 
   1062 0.724 0.0 HG11 88 
   606 121.409 0.0 N 50 
   1266 2.298 0.0 HE1 104 
   90 178.235 0.0 C 10 
   208 178.43 0.0 C 20 
   660 3.288 0.0 HB2 55 
   1015 0.451 0.0 HD11 84 
   253 8.087 0.0 H 24 
   1079 56.08 0.0 CA 89 
   105 29.983 0.0 CB 11 
   22 29.994 0.0 CB 4 
   1036 57.064 0.0 CA 85 
   1052 5.547 0.0 HA 87 
   20 176.331 0.0 C 4 
   1328 1.014 0.0 HD22 109 
   68 8.245 0.0 H 9 
   482 128.169 0.0 N 41 
   579 0.789 0.0 HD21 49 
   1232 2.947 0.0 HE3 102 
   1202 43.141 0.0 CD 98 
   1089 0.902 0.0 HD21 90 
   295 0.897 0.0 HD21 27 
   648 49.824 0.0 CD 53 
   1216 64.391 0.0 CB 100 
   412 3.965 0.0 HA2 37 
   932 26.477 0.0 CG 77 
   326 8.245 0.0 H 30 
   223 57.396 0.0 CA 21 
   563 1.791 0.0 HB2 48 
   1230 1.624 0.0 HD3 102 
   318 7.994 0.0 H 29 
   682 26.691 0.0 CG 56 
   1027 26.393 0.0 CG 84 
   910 8.418 0.0 H 76 
   1299 2.411 0.0 HB2 107 
   739 4.298 0.0 HA 62 
   702 54.433 0.0 CA 58 
   317 123.653 0.0 N 28 
   767 49.993 0.0 CD 64 
   1255 127.212 0.0 CD1 103 
   1308 4.342 0.0 HA 108 
   984 131.99 0.0 CD2 81 
   320 3.731 0.0 HB2 29 
   220 2.502 0.0 HG2 21 
   305 4.445 0.0 HA 28 
   9 176.016 0.0 C 3 
   937 170.501 0.0 C 78 
   1208 171.528 0.0 C 99 
   138 175.478 0.0 C 15 
   1295 36.323 0.0 CG 106 
   878 38.256 0.0 CB 72 
   1181 3.087 0.0 HD2 97 
   1107 0.614 0.0 HG13 91 
   1010 115.091 0.0 N 83 
   455 0.769 0.0 HG13 40 
   759 1.816 0.0 HB3 64 
   1093 177.109 0.0 C 90 
   1042 1.871 0.0 HB2 86 
   309 3.084 0.0 HD3 28 
   769 8.522 0.0 H 65 
   737 118.169 0.0 N 61 
   845 0.118 0.0 HG22 70 
   1104 0.62 0.0 HD12 91 
   821 31.556 0.0 CB 68 
   704 116.752 0.0 N 58 
   1329 1.014 0.0 HD23 109 
   710 -0.209 0.0 HG23 59 
   911 4.276 0.0 HA2 76 
   205 0.854 0.0 HD22 20 
   904 3.917 0.0 HB2 75 
   964 55.493 0.0 CA 80 
   1128 -0.102 0.0 HD11 93 
   747 8.206 0.0 H 63 
   443 174.355 0.0 C 39 
   279 4.215 0.0 HB 26 
   1170 117.117 0.0 N 95 
   322 171.729 0.0 C 29 
   826 4.487 0.0 HA 69 
   792 110.754 0.0 NE2 66 
   920 0.842 0.0 HD11 77 
   1320 8.467 0.0 H 109 
   1261 129.285 0.0 NE1 103 
   1309 2.209 0.0 HB2 108 
   524 176.981 0.0 C 44 
   1126 1.663 0.0 HB2 93 
   551 3.179 0.0 HD2 47 
   612 7.186 0.0 HD2 51 
   1150 0.839 0.0 HD22 94 
   388 62.613 0.0 CB 34 
   447 29.191 0.0 CG1 39 
   183 4.2 0.0 HA 19 
   778 36.644 0.0 CG 65 
   646 65.032 0.0 CA 53 
   150 177.474 0.0 C 16 
   118 4.218 0.0 HA 13 
   799 -0.04 0.0 HD13 67 
   562 5.281 0.0 HA 48 
   418 4.915 0.0 HA 38 
   835 118.394 0.0 N 69 
   201 0.832 0.0 HD11 20 
   617 56.966 0.0 CA 51 
   1137 41.703 0.0 CB 93 
   780 7.728 0.0 H 66 
   1311 3.315 0.0 HD2 108 
   195 32.102 0.0 CG 19 
   630 3.332 0.0 HD3 52 
   752 1.15 0.0 HG23 63 
   1332 55.074 0.0 CA 109 
   993 2.169 0.0 HG2 82 
   527 122.697 0.0 N 44 
   897 177.861 0.0 C 74 
   959 6.868 0.0 HD1 80 
   284 59.488 0.0 CA 26 
   165 177.442 0.0 C 17 
   327 4.941 0.0 HA 30 
   2 2.029 0.0 HB2 3 
   521 1.364 0.0 HB1 44 
   784 7.328 0.0 HE21 66 
   1247 9.086 0.0 HE1 103 
   1074 8.503 0.0 H 89 
   302 26.014 0.0 CD2 27 
   1065 0.83 0.0 HG21 88 
   1002 4.209 0.0 HB 83 
   457 0.737 0.0 HG22 40 
   437 0.827 0.0 HD13 39 
   406 176.435 0.0 C 36 
   1120 3.681 0.0 HA3 92 
   790 34.742 0.0 CG 66 
   373 1.546 0.0 HB3 33 
   461 33.244 0.0 CB 40 
   720 7.329 0.0 HD1 60 
   1080 64.469 0.0 CB 89 
   122 178.794 0.0 C 13 
   753 58.845 0.0 CA 63 
   299 56.06 0.0 CA 27 
   1053 2.584 0.0 HB2 87 
   766 31.923 0.0 CB 64 
   338 20.464 0.0 CG1 30 
   580 0.789 0.0 HD22 49 
   1273 33.268 0.0 CB 104 
   286 22.829 0.0 CG2 26 
   809 25.235 0.0 CG 67 
   1267 2.298 0.0 HE2 104 
   438 1.863 0.0 HG12 39 
   610 2.552 0.0 HB3 51 
   1086 0.758 0.0 HD11 90 
   855 4.692 0.0 HA 71 
   249 57.172 0.0 CA 23 
   535 52.068 0.0 CA 45 
   1205 7.684 0.0 H 99 
   483 9.051 0.0 H 42 
   1153 178.947 0.0 C 94 
   827 1.967 0.0 HB2 69 
   653 2.515 0.0 HB3 54 
   40 8.389 0.0 H 6 
   806 41.98 0.0 CB 67 
   1148 0.88 0.0 HD13 94 
   244 1.795 0.0 HB2 23 
   215 8.157 0.0 H 21 
   969 117.499 0.0 CE2 80 
   884 4.521 0.0 HA 73 
   83 0.86 0.0 HD11 10 
   1071 21.209 0.0 CG1 88 
   536 37.016 0.0 CB 45 
   1322 1.658 0.0 HB2 109 
   1044 2.428 0.0 HG2 86 
   1312 3.044 0.0 HD3 108 
