   81 1.659 0.0 HB2 10 
   348 174.131 0.0 C 31 
   1089 0.902 0.0 HD21 90 
   568 54.347 0.0 CA 48 
   991 1.901 0.0 HB2 82 
   594 1.556 0.0 HD2 50 
   345 7.418 0.0 HE21 31 
   831 174.904 0.0 C 69 
   22 29.994 0.0 CB 4 
   478 132.608 0.0 CD2 41 
   438 1.863 0.0 HG12 39 
   168 16.963 0.0 CE 17 
   818 1.681 0.0 HG3 68 
   42 3.879 0.0 HB2 6 
   836 7.957 0.0 H 70 
   1090 0.902 0.0 HD22 90 
   720 7.329 0.0 HD1 60 
   588 27.673 0.0 CG 49 
   1222 181.335 0.0 C 101 
   1051 8.63 0.0 H 87 
   358 6.794 0.0 HD1 32 
   415 46.016 0.0 CA 37 
   1021 1.476 0.0 HG 84 
   1280 1.426 0.0 HB2 105 
   775 178.76 0.0 C 65 
   536 37.016 0.0 CB 45 
   323 57.62 0.0 CA 29 
   621 131.675 0.0 CE1 51 
   1102 1.437 0.0 HB 91 
   110 1.37 0.0 HB1 12 
   842 1.246 0.0 HG12 70 
   1096 23.032 0.0 CD1 90 
   868 0.687 0.0 HD11 72 
   1157 23.025 0.0 CD2 94 
   1072 22.104 0.0 CG2 88 
   296 0.897 0.0 HD22 27 
   1056 52.907 0.0 CA 87 
   973 3.113 0.0 HB2 81 
   489 1.467 0.0 HG12 42 
   728 133.724 0.0 CD2 60 
   748 4.522 0.0 HA 63 
   755 21.938 0.0 CG2 63 
   1015 0.451 0.0 HD11 84 
   1253 62.775 0.0 CA 103 
   341 8.341 0.0 H 31 
   1316 62.878 0.0 CA 108 
   1109 0.555 0.0 HG22 91 
   1327 1.014 0.0 HD21 109 
   694 124.612 0.0 N 57 
   1081 120.776 0.0 N 89 
   619 131.545 0.0 CD1 51 
   211 25.394 0.0 CD1 20 
   685 2.151 0.0 HA 57 
   712 59.886 0.0 CA 59 
   1116 17.114 0.0 CG2 91 
   421 0.713 0.0 HG12 38 
   502 5.108 0.0 HA 43 
   1242 8.089 0.0 H 103 
   1268 2.298 0.0 HE3 104 
   591 5.454 0.0 HA 50 
   793 7.132 0.0 H 67 
   912 3.67 0.0 HA3 76 
   1086 0.758 0.0 HD11 90 
   334 0.674 0.0 HG23 30 
   164 2.52 0.0 HG3 17 
   448 19.58 0.0 CG2 39 
   203 0.832 0.0 HD13 20 
   1285 120.951 0.0 N 105 
   135 4.394 0.0 HA 15 
   435 0.827 0.0 HD11 39 
   955 8.83 0.0 H 80 
   513 54.59 0.0 CA 43 
   172 4.121 0.0 HA 18 
   102 2.197 0.0 HG3 11 
   289 4.249 0.0 HA 27 
   1044 2.428 0.0 HG2 86 
   37 21.185 0.0 CG1 5 
   1080 64.469 0.0 CB 89 
   916 7.499 0.0 H 77 
   507 0.893 0.0 HD13 43 
   53 178.059 0.0 C 7 
   475 56.064 0.0 CA 41 
   807 25.787 0.0 CD1 67 
   1198 1.141 0.0 HG3 98 
   344 1.8 0.0 HB3 31 
   1088 0.758 0.0 HD13 90 
   681 23.002 0.0 CD2 56 
   243 4.083 0.0 HA 23 
   1270 2.214 0.0 HG3 104 
   1167 56.089 0.0 CA 95 
   937 170.501 0.0 C 78 
   889 125.865 0.0 N 73 
   1239 42.11 0.0 CE 102 
   664 42.87 0.0 CB 55 
   1022 175.527 0.0 C 84 
   381 26.709 0.0 CG 33 
   210 42.252 0.0 CB 20 
   388 62.613 0.0 CB 34 
   714 19.939 0.0 CG2 59 
   208 178.43 0.0 C 20 
   246 1.981 0.0 HG2 23 
   98 4.131 0.0 HA 11 
   11 32.91 0.0 CB 3 
   678 52.687 0.0 CA 56 
   596 2.85 0.0 HE2 50 
   190 2.638 0.0 HG3 19 
   233 3.132 0.0 HD3 22 
   585 44.054 0.0 CB 49 
   1248 6.803 0.0 HE3 103 
   1272 60.65 0.0 CA 104 
   290 1.67 0.0 HB2 27 
   683 118.239 0.0 N 56 
   858 2.203 0.0 HG2 71 
   146 3.165 0.0 HD2 16 
   1059 9.051 0.0 H 88 
   908 64.358 0.0 CB 75 
   944 0.692 0.0 HG12 79 
   676 1.245 0.0 HG 56 
   921 0.842 0.0 HD12 77 
   1344 52.539 0.0 CA 110 
   875 1.167 0.0 HG23 72 
   983 131.99 0.0 CD1 81 
   667 4.636 0.0 HA 56 
   863 35.813 0.0 CG 71 
   625 9.528 0.0 H 52 
   269 7.403 0.0 H 25 
   826 4.487 0.0 HA 69 
   1006 175.706 0.0 C 83 
   985 130.512 0.0 CE1 81 
   92 42.02 0.0 CB 10 
   155 122.38 0.0 N 16 
   1205 7.684 0.0 H 99 
   1300 1.173 0.0 HB3 107 
   222 177.928 0.0 C 21 
   1209 45.495 0.0 CA 99 
   939 109.48 0.0 N 78 
   129 3.873 0.0 HB3 14 
   274 58.413 0.0 CA 25 
   611 7.186 0.0 HD1 51 
   77 36.292 0.0 CG 9 
   555 174.209 0.0 C 47 
   235 1.535 0.0 HG3 22 
   141 117.597 0.0 N 15 
   819 177.1 0.0 C 68 
   181 119.875 0.0 N 18 
   79 8.06 0.0 H 10 
   496 38.247 0.0 CB 42 
   324 64.918 0.0 CB 29 
   628 1.678 0.0 HB3 52 
   442 0.365 0.0 HG23 39 
   1143 4.015 0.0 HA 94 
   252 119.302 0.0 N 23 
   1310 1.86 0.0 HB3 108 
   1258 114.304 0.0 CZ2 103 
   933 115.627 0.0 N 77 
   906 175.703 0.0 C 75 
   839 0.635 0.0 HD11 70 
   999 124.087 0.0 N 82 
   634 28.313 0.0 CB 52 
   165 177.442 0.0 C 17 
   1065 0.83 0.0 HG21 88 
   1064 0.724 0.0 HG13 88 
   505 0.893 0.0 HD11 43 
   1213 4.108 0.0 HB2 100 
   1001 3.987 0.0 HA 83 
   101 2.227 0.0 HG2 11 
   192 57.55 0.0 CA 19 
   1195 3.779 0.0 HD2 98 
   223 57.396 0.0 CA 21 
   1286 6.969 0.0 H 106 
   134 8.205 0.0 H 15 
   1267 2.298 0.0 HE2 104 
   713 68.111 0.0 CB 59 
   94 23.445 0.0 CD2 10 
   1054 2.509 0.0 HB3 87 
   1097 26.006 0.0 CD2 90 
   455 0.769 0.0 HG13 40 
   645 178.611 0.0 C 53 
   356 2.875 0.0 HB2 32 
   1083 3.798 0.0 HA 90 
   757 3.427 0.0 HA 64 
   745 20.267 0.0 CB 62 
   966 133.192 0.0 CD1 80 
   307 1.446 0.0 HB3 28 
   1288 1.513 0.0 HB2 106 
   847 174.815 0.0 C 70 
   1271 178.325 0.0 C 104 
   701 177.612 0.0 C 58 
   1039 114.551 0.0 N 85 
   56 126.064 0.0 N 7 
   1085 1.073 0.0 HB3 90 
   370 8.36 0.0 H 33 
   417 6.622 0.0 H 38 
   1237 32.751 0.0 CB 102 
   311 1.421 0.0 HG3 28 
   1082 8.799 0.0 H 90 
   297 0.897 0.0 HD23 27 
   194 17.023 0.0 CE 19 
   66 116.954 0.0 N 8 
   59 2.776 0.0 HB2 8 
   41 4.402 0.0 HA 6 
   384 3.925 0.0 HB2 34 
   763 1.792 0.0 HG3 64 
   1277 7.659 0.0 H 105 
   400 7.08 0.0 H 36 
   1032 2.265 0.0 HB3 85 
   424 0.574 0.0 HG22 38 
   1274 15.91 0.0 CE 104 
   949 171.397 0.0 C 79 
   1052 5.547 0.0 HA 87 
   1071 21.209 0.0 CG1 88 
   72 2.204 0.0 HG2 9 
   113 178.397 0.0 C 12 
   599 1.166 0.0 HG3 50 
   1254 29.069 0.0 CB 103 
   1252 181.021 0.0 C 103 
   699 0.928 0.0 HB2 58 
   644 1.601 0.0 HG3 53 
   1175 45.733 0.0 CA 96 
   514 42.395 0.0 CB 43 
   1025 25.665 0.0 CD1 84 
   24 122.855 0.0 N 4 
   561 8.308 0.0 H 48 
   14 8.628 0.0 H 4 
   794 4.296 0.0 HA 67 
   1345 19.28 0.0 CB 110 
   500 123.192 0.0 N 42 
   1007 65.351 0.0 CA 83 
   1120 3.681 0.0 HA3 92 
   911 4.276 0.0 HA2 76 
   262 58.621 0.0 CA 24 
   968 117.499 0.0 CE1 80 
   378 54.137 0.0 CA 33 
   986 130.512 0.0 CE2 81 
   741 1.112 0.0 HB2 62 
   44 174.496 0.0 C 6 
   737 118.169 0.0 N 61 
   534 175.729 0.0 C 45 
   182 7.963 0.0 H 19 
   1093 177.109 0.0 C 90 
   771 1.946 0.0 HB2 65 
   1098 26.895 0.0 CG 90 
   136 3.912 0.0 HB2 15 
   975 6.984 0.0 HD1 81 
   1201 31.248 0.0 CB 98 
   575 1.555 0.0 HB3 49 
   439 0.821 0.0 HG13 39 
   1142 8.317 0.0 H 94 
   760 3.713 0.0 HD2 64 
   873 1.167 0.0 HG21 72 
   125 122.326 0.0 N 13 
   754 67.952 0.0 CB 63 
   1112 64.55 0.0 CA 91 
   600 175.125 0.0 C 50 
   675 0.1 0.0 HD23 56 
   450 8.934 0.0 H 40 
   1251 6.685 0.0 HZ3 103 
   100 1.977 0.0 HB3 11 
   209 56.978 0.0 CA 20 
   1115 28.558 0.0 CG1 91 
   1062 0.724 0.0 HG11 88 
   948 0.488 0.0 HG23 79 
   99 1.977 0.0 HB2 11 
   656 39.184 0.0 CB 54 
   945 0.692 0.0 HG13 79 
   1284 17.87 0.0 CB 105 
   1315 176.899 0.0 C 108 
   153 43.249 0.0 CD 16 
   74 177.247 0.0 C 9 
   1146 0.88 0.0 HD11 94 
   228 7.939 0.0 H 22 
   1137 41.703 0.0 CB 93 
   67 112.954 0.0 ND2 8 
   461 33.244 0.0 CB 40 
   487 0.685 0.0 HD12 42 
   961 6.559 0.0 HE1 80 
   204 0.854 0.0 HD21 20 
   888 62.669 0.0 CB 73 
   430 18.467 0.0 CG2 38 
   447 29.191 0.0 CG1 39 
   573 4.681 0.0 HA 49 
   814 1.811 0.0 HB3 68 
   1336 27.041 0.0 CG 109 
   929 42.125 0.0 CB 77 
   1320 8.467 0.0 H 109 
   722 6.914 0.0 HE1 60 
   922 0.842 0.0 HD13 77 
   1159 119.88 0.0 N 94 
   988 126.963 0.0 N 81 
   1342 1.398 0.0 HB3 110 
   240 27.348 0.0 CG 22 
   1234 1.301 0.0 HG3 102 
   364 38.922 0.0 CB 32 
   1297 7.064 0.0 H 107 
   336 60.933 0.0 CA 30 
   268 118.678 0.0 N 24 
   857 2.042 0.0 HB3 71 
   934 7.647 0.0 H 78 
   1192 3.921 0.0 HA 98 
   926 1.474 0.0 HG 77 
   32 0.884 0.0 HG22 5 
   1013 1.467 0.0 HB2 84 
   231 1.794 0.0 HB3 22 
   716 7.089 0.0 H 60 
   326 8.245 0.0 H 30 
   236 178.223 0.0 C 22 
   593 1.33 0.0 HB3 50 
   114 53.207 0.0 CA 12 
   166 57.361 0.0 CA 17 
   197 8.034 0.0 H 20 
   1168 29.663 0.0 CB 95 
   13 31.901 0.0 CG 3 
   1103 0.62 0.0 HD11 91 
   765 65.999 0.0 CA 64 
   103 177.123 0.0 C 11 
   1197 1.615 0.0 HG2 98 
   855 4.692 0.0 HA 71 
   259 6.701 0.0 HE1 24 
   230 1.794 0.0 HB2 22 
   663 55.404 0.0 CA 55 
   451 4.77 0.0 HA 40 
   133 114.553 0.0 N 14 
   414 174.303 0.0 C 37 
   419 1.757 0.0 HB 38 
   354 9.231 0.0 H 32 
   533 7.365 0.0 HD22 45 
   998 35.923 0.0 CG 82 
   800 0.36 0.0 HD21 67 
   379 30.12 0.0 CB 33 
   1073 121.549 0.0 N 88 
   918 1.608 0.0 HB2 77 
   859 2.053 0.0 HG3 71 
   734 3.361 0.0 HA3 61 
   493 0.921 0.0 HG23 42 
   249 57.172 0.0 CA 23 
   885 4.148 0.0 HB2 73 
   426 173.629 0.0 C 38 
   723 6.914 0.0 HE2 60 
   543 175.512 0.0 C 46 
   366 133.168 0.0 CD2 32 
   840 0.635 0.0 HD12 70 
   1105 0.62 0.0 HD13 91 
   1273 33.268 0.0 CB 104 
   86 0.81 0.0 HD21 10 
   809 25.235 0.0 CG 67 
   302 26.014 0.0 CD2 27 
   1308 4.342 0.0 HA 108 
   1141 120.762 0.0 N 93 
   692 28.159 0.0 CB 57 
   368 117.341 0.0 CE2 32 
   649 28.552 0.0 CG 53 
   422 0.713 0.0 HG13 38 
   738 8.104 0.0 H 62 
   996 59.66 0.0 CA 82 
   353 111.73 0.0 NE2 31 
   1030 3.622 0.0 HA 85 
   629 3.283 0.0 HD2 52 
   121 1.401 0.0 HB3 13 
   880 28.809 0.0 CG1 72 
   905 3.917 0.0 HB3 75 
   732 8.751 0.0 H 61 
   264 132.98 0.0 CD1 24 
   412 3.965 0.0 HA2 37 
   1352 64.896 0.0 CB 111 
   107 120.956 0.0 N 11 
   715 99.63 0.0 N 59 
   23 36.128 0.0 CG 4 
   1190 122.473 0.0 N 97 
   862 32.946 0.0 CB 71 
   328 1.586 0.0 HB 30 
   267 118.071 0.0 CE2 24 
   97 8.147 0.0 H 11 
   547 7.703 0.0 H 47 
   78 121.267 0.0 N 9 
   827 1.967 0.0 HB2 69 
   254 4.315 0.0 HA 24 
   1295 36.323 0.0 CG 106 
   1124 7.615 0.0 H 93 
   1259 121.776 0.0 CZ3 103 
   349 54.359 0.0 CA 31 
   50 1.354 0.0 HB1 7 
   1186 55.877 0.0 CA 97 
   705 6.395 0.0 H 59 
   1220 1.459 0.0 HB2 101 
   287 104.093 0.0 N 26 
   1307 117.066 0.0 N 107 
   892 1.915 0.0 HB3 74 
   386 176.483 0.0 C 34 
   828 1.967 0.0 HB3 69 
   726 37.813 0.0 CB 60 
   492 0.921 0.0 HG22 42 
   188 2.03 0.0 HE3 19 
   1305 119.178 0.0 CD2 107 
   411 7.908 0.0 H 37 
   687 0.068 0.0 HB3 57 
   363 57.485 0.0 CA 32 
   931 23.53 0.0 CD2 77 
   890 4.309 0.0 HA 74 
   138 175.478 0.0 C 15 
   646 65.032 0.0 CA 53 
   248 176.858 0.0 C 23 
   584 53.785 0.0 CA 49 
   1304 26.649 0.0 CB 107 
   959 6.868 0.0 HD1 80 
   47 119.949 0.0 N 6 
   112 1.37 0.0 HB3 12 
   766 31.923 0.0 CB 64 
   1076 4.014 0.0 HB2 89 
   1303 53.158 0.0 CA 107 
   845 0.118 0.0 HG22 70 
   668 2.211 0.0 HB2 56 
   340 122.775 0.0 N 30 
   434 1.87 0.0 HB 39 
   385 3.839 0.0 HB3 34 
   549 1.794 0.0 HB2 47 
   861 54.724 0.0 CA 71 
   632 1.861 0.0 HG3 52 
   462 21.236 0.0 CG1 40 
   767 49.993 0.0 CD 64 
   333 0.674 0.0 HG22 30 
   1289 1.513 0.0 HB3 106 
   1290 2.19 0.0 HG2 106 
   484 4.729 0.0 HA 42 
   1104 0.62 0.0 HD12 91 
   120 1.401 0.0 HB2 13 
   603 29.631 0.0 CD 50 
   339 23.077 0.0 CG2 30 
   698 0.928 0.0 HB1 58 
   471 7.087 0.0 HE1 41 
   778 36.644 0.0 CG 65 
   601 55.26 0.0 CA 50 
   234 1.658 0.0 HG2 22 
   997 30.452 0.0 CB 82 
   940 8.683 0.0 H 79 
   942 1.744 0.0 HB 79 
   139 59.384 0.0 CA 15 
   990 3.582 0.0 HA 82 
   322 171.729 0.0 C 29 
   466 4.852 0.0 HA 41 
   792 110.754 0.0 NE2 66 
   1187 28.806 0.0 CB 97 
   530 3.252 0.0 HB2 45 
   739 4.298 0.0 HA 62 
   821 31.556 0.0 CB 68 
   226 118.077 0.0 N 21 
   301 26.22 0.0 CD1 27 
   1331 176.976 0.0 C 109 
   437 0.827 0.0 HD13 39 
   550 1.794 0.0 HB3 47 
   1024 42.208 0.0 CB 84 
   306 1.556 0.0 HB2 28 
   962 6.559 0.0 HE2 80 
   989 7.466 0.0 H 82 
   750 1.15 0.0 HG21 63 
   1243 4.036 0.0 HA 103 
   928 54.378 0.0 CA 77 
   1256 118.379 0.0 CE3 103 
   1211 8.646 0.0 H 100 
   157 4.205 0.0 HA 17 
   1241 119.022 0.0 N 102 
   572 9.364 0.0 H 49 
   548 4.133 0.0 HA 47 
   64 53.841 0.0 CA 8 
   472 7.087 0.0 HE2 41 
   34 176.074 0.0 C 5 
   1111 177.553 0.0 C 91 
   506 0.893 0.0 HD12 43 
   1269 2.941 0.0 HG2 104 
   811 7.214 0.0 H 68 
   365 133.168 0.0 CD1 32 
   1260 121.319 0.0 N 103 
   1245 3.08 0.0 HB3 103 
   1196 3.595 0.0 HD3 98 
   1337 122.868 0.0 N 109 
   1182 3.087 0.0 HD3 97 
   1122 47.672 0.0 CA 92 
   372 1.712 0.0 HB2 33 
   170 119.345 0.0 N 17 
   932 26.477 0.0 CG 77 
   1029 7.848 0.0 H 85 
   1283 54.605 0.0 CA 105 
   616 176.043 0.0 C 51 
   636 27.315 0.0 CG 52 
   258 7.074 0.0 HD2 24 
   919 1.608 0.0 HB3 77 
   615 7.149 0.0 HZ 51 
   19 2.199 0.0 HG3 4 
   1250 6.476 0.0 HZ2 103 
   149 1.556 0.0 HG3 16 
   1309 2.209 0.0 HB2 108 
   1329 1.014 0.0 HD23 109 
   560 121.275 0.0 N 47 
   825 7.852 0.0 H 69 
   20 176.331 0.0 C 4 
   1340 1.398 0.0 HB1 110 
   241 119.729 0.0 N 22 
   283 174.498 0.0 C 26 
   718 3.132 0.0 HB2 60 
   1156 26.8 0.0 CD1 94 
   40 8.389 0.0 H 6 
   951 34.536 0.0 CB 79 
   80 4.197 0.0 HA 10 
   25 8.177 0.0 H 5 
   429 21.782 0.0 CG1 38 
   876 175.825 0.0 C 72 
   981 57.116 0.0 CA 81 
   51 1.354 0.0 HB2 7 
   494 176.006 0.0 C 42 
   900 50.653 0.0 CD 74 
   804 174.721 0.0 C 67 
   806 41.98 0.0 CB 67 
   670 0.563 0.0 HD11 56 
   425 0.574 0.0 HG23 38 
   250 30.144 0.0 CB 23 
   1170 117.117 0.0 N 95 
   253 8.087 0.0 H 24 
   383 3.616 0.0 HA 34 
   1236 59.169 0.0 CA 102 
   987 127.489 0.0 CZ 81 
   852 18.6 0.0 CG2 70 
   532 6.441 0.0 HD21 45 
   1066 0.83 0.0 HG22 88 
   535 52.068 0.0 CA 45 
   581 0.789 0.0 HD23 49 
   780 7.728 0.0 H 66 
   469 7.257 0.0 HD1 41 
   672 0.563 0.0 HD13 56 
   878 38.256 0.0 CB 72 
   1228 1.689 0.0 HB3 102 
   1038 37.004 0.0 CG 85 
   848 60.153 0.0 CA 70 
   317 123.653 0.0 N 28 
   1000 9.023 0.0 H 83 
   1031 2.094 0.0 HB2 85 
   1023 54.419 0.0 CA 84 
   28 0.883 0.0 HG11 5 
   54 53.151 0.0 CA 7 
   199 1.86 0.0 HB2 20 
   476 39.031 0.0 CB 41 
   1322 1.658 0.0 HB2 109 
   756 111.934 0.0 N 63 
   189 2.505 0.0 HG2 19 
   923 0.824 0.0 HD21 77 
   527 122.697 0.0 N 44 
   1100 7.464 0.0 H 91 
   404 2.193 0.0 HG2 36 
   310 1.564 0.0 HG2 28 
   1229 1.65 0.0 HD2 102 
   1224 17.772 0.0 CB 101 
   1070 35.256 0.0 CB 88 
   1185 174.894 0.0 C 97 
   566 1.94 0.0 HG3 48 
   1282 179.136 0.0 C 105 
   830 2.202 0.0 HG3 69 
   1189 27.707 0.0 CG 97 
   352 122.553 0.0 N 31 
   393 2.263 0.0 HG2 35 
   924 0.824 0.0 HD22 77 
   886 3.722 0.0 HB3 73 
   65 38.639 0.0 CB 8 
   1266 2.298 0.0 HE1 104 
   219 7.622 0.0 HE21 21 
   1346 127.482 0.0 N 110 
   275 64.876 0.0 CB 25 
   1172 4.236 0.0 HA2 96 
   49 4.212 0.0 HA 7 
   213 26.891 0.0 CG 20 
   1048 34.491 0.0 CB 86 
   161 2.001 0.0 HE2 17 
   183 4.2 0.0 HA 19 
   1341 1.398 0.0 HB2 110 
   688 7.208 0.0 HE21 57 
   413 3.768 0.0 HA3 37 
   427 58.127 0.0 CA 38 
   271 4.022 0.0 HB2 25 
   7 2.532 0.0 HG2 3 
   562 5.281 0.0 HA 48 
   1087 0.758 0.0 HD12 90 
   1017 0.451 0.0 HD13 84 
   8 2.492 0.0 HG3 3 
   883 8.586 0.0 H 73 
   1215 58.114 0.0 CA 100 
   309 3.084 0.0 HD3 28 
   1084 1.612 0.0 HB2 90 
   71 1.998 0.0 HB3 9 
   355 4.887 0.0 HA 32 
   1092 1.466 0.0 HG 90 
   954 116.911 0.0 N 79 
   1206 3.902 0.0 HA2 99 
   729 118.264 0.0 CE1 60 
   709 -0.209 0.0 HG22 59 
   93 24.876 0.0 CD1 10 
   218 1.928 0.0 HB3 21 
   544 56.917 0.0 CA 46 
   689 1.708 0.0 HG2 57 
   488 0.685 0.0 HD13 42 
   284 59.488 0.0 CA 26 
   920 0.842 0.0 HD11 77 
   1040 6.636 0.0 H 86 
   950 59.293 0.0 CA 79 
   993 2.169 0.0 HG2 82 
   1306 134.424 0.0 CE1 107 
   774 2.196 0.0 HG3 65 
   31 0.884 0.0 HG21 5 
   205 0.854 0.0 HD22 20 
   390 4.039 0.0 HA 35 
   458 0.737 0.0 HG23 40 
   148 1.556 0.0 HG2 16 
   1291 1.91 0.0 HG3 106 
   261 175.685 0.0 C 24 
   1148 0.88 0.0 HD13 94 
   545 39.065 0.0 CB 46 
   163 2.46 0.0 HG2 17 
   285 72.209 0.0 CB 26 
   742 1.112 0.0 HB3 62 
   1216 64.391 0.0 CB 100 
   576 0.712 0.0 HD11 49 
   666 7.22 0.0 H 56 
   140 63.455 0.0 CB 15 
   375 2.833 0.0 HD3 33 
   30 0.883 0.0 HG13 5 
   1188 43.281 0.0 CD 97 
   449 122.144 0.0 N 39 
   376 1.44 0.0 HG2 33 
   444 61.503 0.0 CA 39 
   343 1.96 0.0 HB2 31 
   1332 55.074 0.0 CA 109 
   832 55.752 0.0 CA 69 
   480 130.657 0.0 CE2 41 
   143 4.203 0.0 HA 16 
   1005 1.317 0.0 HG23 83 
   762 2.185 0.0 HG2 64 
   357 2.697 0.0 HB3 32 
   361 6.319 0.0 HE2 32 
   1212 4.419 0.0 HA 100 
   1255 127.212 0.0 CD1 103 
   362 174.519 0.0 C 32 
   1050 114.682 0.0 N 86 
   595 1.556 0.0 HD3 50 
   733 3.771 0.0 HA2 61 
   613 7.022 0.0 HE1 51 
   10 55.604 0.0 CA 3 
   154 27.325 0.0 CG 16 
   686 1.24 0.0 HB2 57 
   431 105.549 0.0 N 38 
   402 2.002 0.0 HB2 36 
   5 2.037 0.0 HE2 3 
   1158 26.897 0.0 CG 94 
   1117 116.561 0.0 N 91 
   423 0.574 0.0 HG21 38 
   1053 2.584 0.0 HB2 87 
   242 7.95 0.0 H 23 
   764 179.483 0.0 C 64 
   117 8.142 0.0 H 13 
   785 2.378 0.0 HG2 66 
   904 3.917 0.0 HB2 75 
   736 45.0 0.0 CA 61 
   974 2.775 0.0 HB3 81 
   118 4.218 0.0 HA 13 
   1075 4.745 0.0 HA 89 
   373 1.546 0.0 HB3 33 
   660 3.288 0.0 HB2 55 
   682 26.691 0.0 CG 56 
   481 128.301 0.0 CZ 41 
   1049 33.733 0.0 CG 86 
   398 36.377 0.0 CG 35 
   389 9.379 0.0 H 35 
   624 119.432 0.0 N 51 
   526 17.978 0.0 CB 44 
   212 23.311 0.0 CD2 20 
   1348 4.214 0.0 HA 111 
   1287 3.906 0.0 HA 106 
   895 2.112 0.0 HG2 74 
   1033 2.205 0.0 HG2 85 
   618 43.776 0.0 CB 51 
   1063 0.724 0.0 HG12 88 
   640 2.014 0.0 HB3 53 
   1077 3.766 0.0 HB3 89 
   1169 36.454 0.0 CG 95 
   770 3.908 0.0 HA 65 
   1262 9.18 0.0 H 104 
   808 23.38 0.0 CD2 67 
   463 21.935 0.0 CG2 40 
   829 2.202 0.0 HG2 69 
   614 7.022 0.0 HE2 51 
   1343 176.868 0.0 C 110 
   293 0.75 0.0 HD12 27 
   1232 2.947 0.0 HE3 102 
   952 21.455 0.0 CG1 79 
   318 7.994 0.0 H 29 
   88 0.81 0.0 HD23 10 
   971 8.68 0.0 H 81 
   915 109.752 0.0 N 76 
   158 2.044 0.0 HB2 17 
   510 0.797 0.0 HD23 43 
   18 2.199 0.0 HG2 4 
   1278 3.948 0.0 HA 105 
   1319 26.852 0.0 CG 108 
   215 8.157 0.0 H 21 
   753 58.845 0.0 CA 63 
   540 4.13 0.0 HA 46 
   567 176.225 0.0 C 48 
   387 61.518 0.0 CA 34 
   946 0.488 0.0 HG21 79 
   126 8.165 0.0 H 14 
   495 61.316 0.0 CA 42 
   9 176.016 0.0 C 3 
   608 4.974 0.0 HA 51 
   702 54.433 0.0 CA 58 
   1349 3.803 0.0 HB2 111 
   727 133.724 0.0 CD1 60 
   1026 22.07 0.0 CD2 84 
   602 35.539 0.0 CB 50 
   870 0.687 0.0 HD13 72 
   956 5.161 0.0 HA 80 
   382 130.005 0.0 N 33 
   1101 3.198 0.0 HA 91 
   198 4.193 0.0 HA 20 
   994 2.169 0.0 HG3 82 
   1174 174.742 0.0 C 96 
   894 3.907 0.0 HD3 74 
   1004 1.317 0.0 HG22 83 
   972 4.47 0.0 HA 81 
   610 2.552 0.0 HB3 51 
   1335 24.143 0.0 CD2 109 
   582 1.602 0.0 HG 49 
   498 28.39 0.0 CG1 42 
   1257 124.8 0.0 CH2 103 
   1265 2.339 0.0 HB3 104 
   46 64.02 0.0 CB 6 
   938 45.05 0.0 CA 78 
   1321 4.315 0.0 HA 109 
   1010 115.091 0.0 N 83 
   486 0.685 0.0 HD11 42 
   490 0.882 0.0 HG13 42 
   2 2.029 0.0 HB2 3 
   247 1.908 0.0 HG3 23 
   586 25.513 0.0 CD1 49 
   790 34.742 0.0 CG 66 
   130 175.451 0.0 C 14 
   574 1.727 0.0 HB2 49 
   82 1.543 0.0 HB3 10 
   124 18.835 0.0 CB 13 
   1119 3.827 0.0 HA2 92 
   191 177.964 0.0 C 19 
   978 6.86 0.0 HE2 81 
   1149 0.839 0.0 HD21 94 
   744 52.177 0.0 CA 62 
   977 6.86 0.0 HE1 81 
   1138 24.399 0.0 CD1 93 
   725 60.827 0.0 CA 60 
   1249 6.678 0.0 HH2 103 
   321 3.555 0.0 HB3 29 
   1214 4.42 0.0 HB3 100 
   1276 117.096 0.0 N 104 
   128 3.873 0.0 HB2 14 
   730 118.264 0.0 CE2 60 
   719 2.799 0.0 HB3 60 
   874 1.167 0.0 HG22 72 
   1095 42.674 0.0 CB 90 
   76 29.741 0.0 CB 9 
   169 32.011 0.0 CG 17 
   517 28.618 0.0 CG 43 
   266 118.071 0.0 CE1 24 
   1011 6.473 0.0 H 84 
   175 2.198 0.0 HG2 18 
   661 3.034 0.0 HB3 55 
   884 4.521 0.0 HA 73 
   1301 6.147 0.0 HD2 107 
   1323 1.528 0.0 HB3 109 
   546 111.628 0.0 N 46 
   43 3.824 0.0 HB3 6 
   483 9.051 0.0 H 42 
   1028 116.818 0.0 N 84 
   1099 129.702 0.0 N 90 
   943 0.692 0.0 HG11 79 
   587 23.991 0.0 CD2 49 
   12 16.881 0.0 CE 3 
   286 22.829 0.0 CG2 26 
   707 3.962 0.0 HB 59 
   217 2.12 0.0 HB2 21 
   360 6.319 0.0 HE1 32 
   15 4.276 0.0 HA 4 
   408 32.757 0.0 CB 36 
   441 0.365 0.0 HG22 39 
   160 2.001 0.0 HE1 17 
   410 115.94 0.0 N 36 
   508 0.797 0.0 HD21 43 
   1223 56.234 0.0 CA 101 
   542 2.79 0.0 HB3 46 
   704 116.752 0.0 N 58 
   55 19.004 0.0 CB 7 
   779 114.841 0.0 N 65 
   925 0.824 0.0 HD23 77 
   1153 178.947 0.0 C 94 
   428 35.509 0.0 CB 38 
   551 3.179 0.0 HD2 47 
   1045 2.116 0.0 HG3 86 
   882 129.755 0.0 N 72 
   395 177.168 0.0 C 35 
   1121 176.157 0.0 C 92 
   630 3.332 0.0 HD3 52 
   173 2.003 0.0 HB2 18 
   26 4.098 0.0 HA 5 
   245 1.795 0.0 HB3 23 
   539 8.1 0.0 H 46 
   359 6.794 0.0 HD2 32 
   45 58.096 0.0 CA 6 
   176 2.198 0.0 HG3 18 
   992 1.901 0.0 HB3 82 
   473 6.866 0.0 HZ 41 
