   1242 8.089 0.0 H 103 
   1218 4.02 0.0 HA 101 
   766 31.923 0.0 CB 64 
   1156 26.8 0.0 CD1 94 
   409 36.871 0.0 CG 36 
   360 6.319 0.0 HE1 32 
   939 109.48 0.0 N 78 
   1061 1.943 0.0 HB 88 
   198 4.193 0.0 HA 20 
   101 2.227 0.0 HG2 11 
   838 1.325 0.0 HB 70 
   892 1.915 0.0 HB3 74 
   1174 174.742 0.0 C 96 
   435 0.827 0.0 HD11 39 
   110 1.37 0.0 HB1 12 
   1048 34.491 0.0 CB 86 
   305 4.445 0.0 HA 28 
   1058 121.904 0.0 N 87 
   832 55.752 0.0 CA 69 
   811 7.214 0.0 H 68 
   978 6.86 0.0 HE2 81 
   436 0.827 0.0 HD12 39 
   833 28.69 0.0 CB 69 
   614 7.022 0.0 HE2 51 
   501 9.031 0.0 H 43 
   340 122.775 0.0 N 30 
   1096 23.032 0.0 CD1 90 
   201 0.832 0.0 HD11 20 
   1163 2.236 0.0 HB3 95 
   1060 4.191 0.0 HA 88 
   279 4.215 0.0 HB 26 
   1211 8.646 0.0 H 100 
   1319 26.852 0.0 CG 108 
   211 25.394 0.0 CD1 20 
   368 117.341 0.0 CE2 32 
   915 109.752 0.0 N 76 
   117 8.142 0.0 H 13 
   785 2.378 0.0 HG2 66 
   1029 7.848 0.0 H 85 
   1227 1.826 0.0 HB2 102 
   42 3.879 0.0 HB2 6 
   917 4.552 0.0 HA 77 
   143 4.203 0.0 HA 16 
   1274 15.91 0.0 CE 104 
   651 4.702 0.0 HA 54 
   1128 -0.102 0.0 HD11 93 
   371 4.439 0.0 HA 33 
   212 23.311 0.0 CD2 20 
   78 121.267 0.0 N 9 
   280 1.162 0.0 HG21 26 
   743 177.761 0.0 C 62 
   670 0.563 0.0 HD11 56 
   364 38.922 0.0 CB 32 
   341 8.341 0.0 H 31 
   304 9.619 0.0 H 28 
   674 0.1 0.0 HD22 56 
   274 58.413 0.0 CA 25 
   425 0.574 0.0 HG23 38 
   697 3.592 0.0 HA 58 
   458 0.737 0.0 HG23 40 
   1101 3.198 0.0 HA 91 
   1092 1.466 0.0 HG 90 
   147 3.165 0.0 HD3 16 
   102 2.197 0.0 HG3 11 
   534 175.729 0.0 C 45 
   109 4.201 0.0 HA 12 
   1113 37.084 0.0 CB 91 
   161 2.001 0.0 HE2 17 
   635 43.598 0.0 CD 52 
   93 24.876 0.0 CD1 10 
   1336 27.041 0.0 CG 109 
   433 4.323 0.0 HA 39 
   1167 56.089 0.0 CA 95 
   1328 1.014 0.0 HD22 109 
   139 59.384 0.0 CA 15 
   33 0.884 0.0 HG23 5 
   489 1.467 0.0 HG12 42 
   1245 3.08 0.0 HB3 103 
   1147 0.88 0.0 HD12 94 
   1037 26.953 0.0 CB 85 
   495 61.316 0.0 CA 42 
   1164 2.524 0.0 HG2 95 
   996 59.66 0.0 CA 82 
   1059 9.051 0.0 H 88 
   715 99.63 0.0 N 59 
   162 2.001 0.0 HE3 17 
   1190 122.473 0.0 N 97 
   975 6.984 0.0 HD1 81 
   1097 26.006 0.0 CD2 90 
   57 8.312 0.0 H 8 
   213 26.891 0.0 CG 20 
   607 8.847 0.0 H 51 
   1276 117.096 0.0 N 104 
   84 0.86 0.0 HD12 10 
   1090 0.902 0.0 HD22 90 
   158 2.044 0.0 HB2 17 
   741 1.112 0.0 HB2 62 
   95 26.946 0.0 CG 10 
   1196 3.595 0.0 HD3 98 
   455 0.769 0.0 HG13 40 
   662 175.935 0.0 C 55 
   1330 1.647 0.0 HG 109 
   494 176.006 0.0 C 42 
   1249 6.678 0.0 HH2 103 
   1075 4.745 0.0 HA 89 
   688 7.208 0.0 HE21 57 
   7 2.532 0.0 HG2 3 
   345 7.418 0.0 HE21 31 
   248 176.858 0.0 C 23 
   123 53.303 0.0 CA 13 
   589 125.107 0.0 N 49 
   683 118.239 0.0 N 56 
   1209 45.495 0.0 CA 99 
   596 2.85 0.0 HE2 50 
   532 6.441 0.0 HD21 45 
   663 55.404 0.0 CA 55 
   875 1.167 0.0 HG23 72 
   1087 0.758 0.0 HD12 90 
   583 175.439 0.0 C 49 
   869 0.687 0.0 HD12 72 
   1084 1.612 0.0 HB2 90 
   203 0.832 0.0 HD13 20 
   981 57.116 0.0 CA 81 
   444 61.503 0.0 CA 39 
   263 38.578 0.0 CB 24 
   191 177.964 0.0 C 19 
   567 176.225 0.0 C 48 
   29 0.883 0.0 HG12 5 
   968 117.499 0.0 CE1 80 
   639 2.014 0.0 HB2 53 
   168 16.963 0.0 CE 17 
   807 25.787 0.0 CD1 67 
   861 54.724 0.0 CA 71 
   721 7.329 0.0 HD2 60 
   659 4.94 0.0 HA 55 
   1081 120.776 0.0 N 89 
   636 27.315 0.0 CG 52 
   221 2.215 0.0 HG3 21 
   220 2.502 0.0 HG2 21 
   308 3.145 0.0 HD2 28 
   79 8.06 0.0 H 10 
   714 19.939 0.0 CG2 59 
   863 35.813 0.0 CG 71 
   443 174.355 0.0 C 39 
   20 176.331 0.0 C 4 
   1001 3.987 0.0 HA 83 
   679 42.559 0.0 CB 56 
   972 4.47 0.0 HA 81 
   311 1.421 0.0 HG3 28 
   999 124.087 0.0 N 82 
   681 23.002 0.0 CD2 56 
   949 171.397 0.0 C 79 
   69 4.162 0.0 HA 9 
   254 4.315 0.0 HA 24 
   1154 57.332 0.0 CA 94 
   953 22.452 0.0 CG2 79 
   330 0.252 0.0 HG12 30 
   182 7.963 0.0 H 19 
   145 1.84 0.0 HB3 16 
   1035 175.01 0.0 C 85 
   1160 7.738 0.0 H 95 
   227 111.873 0.0 NE2 21 
   1334 24.954 0.0 CD1 109 
   255 2.895 0.0 HB2 24 
   363 57.485 0.0 CA 32 
   779 114.841 0.0 N 65 
   393 2.263 0.0 HG2 35 
   684 7.214 0.0 H 57 
   804 174.721 0.0 C 67 
   890 4.309 0.0 HA 74 
   1317 32.352 0.0 CB 108 
   1325 1.06 0.0 HD12 109 
   668 2.211 0.0 HB2 56 
   580 0.789 0.0 HD22 49 
   1018 0.647 0.0 HD21 84 
   1201 31.248 0.0 CB 98 
   322 171.729 0.0 C 29 
   359 6.794 0.0 HD2 32 
   1068 174.389 0.0 C 88 
   977 6.86 0.0 HE1 81 
   1064 0.724 0.0 HG13 88 
   1094 57.642 0.0 CA 90 
   1106 1.169 0.0 HG12 91 
   1297 7.064 0.0 H 107 
   500 123.192 0.0 N 42 
   677 175.248 0.0 C 56 
   568 54.347 0.0 CA 48 
   234 1.658 0.0 HG2 22 
   891 2.382 0.0 HB2 74 
   316 26.623 0.0 CG 28 
   577 0.712 0.0 HD12 49 
   365 133.168 0.0 CD1 32 
   1198 1.141 0.0 HG3 98 
   141 117.597 0.0 N 15 
   1230 1.624 0.0 HD3 102 
   1343 176.868 0.0 C 110 
   822 43.453 0.0 CD 68 
   397 28.457 0.0 CB 35 
   22 29.994 0.0 CB 4 
   303 119.999 0.0 N 27 
   943 0.692 0.0 HG11 79 
   1039 114.551 0.0 N 85 
   146 3.165 0.0 HD2 16 
   1055 175.722 0.0 C 87 
   955 8.83 0.0 H 80 
   386 176.483 0.0 C 34 
   41 4.402 0.0 HA 6 
   973 3.113 0.0 HB2 81 
   964 55.493 0.0 CA 80 
   675 0.1 0.0 HD23 56 
   661 3.034 0.0 HB3 55 
   529 4.564 0.0 HA 45 
   908 64.358 0.0 CB 75 
   498 28.39 0.0 CG1 42 
   1013 1.467 0.0 HB2 84 
   217 2.12 0.0 HB2 21 
   430 18.467 0.0 CG2 38 
   574 1.727 0.0 HB2 49 
   1320 8.467 0.0 H 109 
   664 42.87 0.0 CB 55 
   300 43.838 0.0 CB 27 
   438 1.863 0.0 HG12 39 
   1212 4.419 0.0 HA 100 
   618 43.776 0.0 CB 51 
   913 174.359 0.0 C 76 
   318 7.994 0.0 H 29 
   312 176.07 0.0 C 28 
   986 130.512 0.0 CE2 81 
   855 4.692 0.0 HA 71 
   456 0.737 0.0 HG21 40 
   1203 29.125 0.0 CG 98 
   530 3.252 0.0 HB2 45 
   819 177.1 0.0 C 68 
   941 4.752 0.0 HA 79 
   817 1.801 0.0 HG2 68 
   2 2.029 0.0 HB2 3 
   706 3.734 0.0 HA 59 
   740 1.112 0.0 HB1 62 
   847 174.815 0.0 C 70 
   1120 3.681 0.0 HA3 92 
   632 1.861 0.0 HG3 52 
   1322 1.658 0.0 HB2 109 
   245 1.795 0.0 HB3 23 
   482 128.169 0.0 N 41 
   1023 54.419 0.0 CA 84 
   619 131.545 0.0 CD1 51 
   1202 43.141 0.0 CD 98 
   120 1.401 0.0 HB2 13 
   1229 1.65 0.0 HD2 102 
   909 109.127 0.0 N 75 
   448 19.58 0.0 CG2 39 
   321 3.555 0.0 HB3 29 
   1238 29.357 0.0 CD 102 
   160 2.001 0.0 HE1 17 
   1022 175.527 0.0 C 84 
   1141 120.762 0.0 N 93 
   1119 3.827 0.0 HA2 92 
   1348 4.214 0.0 HA 111 
   297 0.897 0.0 HD23 27 
   762 2.185 0.0 HG2 64 
   637 125.064 0.0 N 52 
   1288 1.513 0.0 HB2 106 
   653 2.515 0.0 HB3 54 
   465 9.605 0.0 H 41 
   329 0.252 0.0 HG11 30 
   642 4.012 0.0 HD3 53 
   682 26.691 0.0 CG 56 
   884 4.521 0.0 HA 73 
   739 4.298 0.0 HA 62 
   1262 9.18 0.0 H 104 
