   437 0.827 0.0 HD13 39 
   79 8.06 0.0 H 10 
   361 6.319 0.0 HE2 32 
   645 178.611 0.0 C 53 
   182 7.963 0.0 H 19 
   1262 9.18 0.0 H 104 
   876 175.825 0.0 C 72 
   326 8.245 0.0 H 30 
   531 2.661 0.0 HB3 45 
   996 59.66 0.0 CA 82 
   706 3.734 0.0 HA 59 
   527 122.697 0.0 N 44 
   709 -0.209 0.0 HG22 59 
   830 2.202 0.0 HG3 69 
   1101 3.198 0.0 HA 91 
   477 132.608 0.0 CD1 41 
   937 170.501 0.0 C 78 
   136 3.912 0.0 HB2 15 
   838 1.325 0.0 HB 70 
   194 17.023 0.0 CE 19 
   68 8.245 0.0 H 9 
   1005 1.317 0.0 HG23 83 
   130 175.451 0.0 C 14 
   147 3.165 0.0 HD3 16 
   1082 8.799 0.0 H 90 
   881 17.673 0.0 CG2 72 
   1318 50.22 0.0 CD 108 
   168 16.963 0.0 CE 17 
   1302 7.911 0.0 HE1 107 
   829 2.202 0.0 HG2 69 
   569 32.524 0.0 CB 48 
   1193 1.534 0.0 HB2 98 
   137 3.912 0.0 HB3 15 
   451 4.77 0.0 HA 40 
   290 1.67 0.0 HB2 27 
   1255 127.212 0.0 CD1 103 
   917 4.552 0.0 HA 77 
   246 1.981 0.0 HG2 23 
   667 4.636 0.0 HA 56 
   1039 114.551 0.0 N 85 
   613 7.022 0.0 HE1 51 
   1339 4.335 0.0 HA 110 
   254 4.315 0.0 HA 24 
   107 120.956 0.0 N 11 
   135 4.394 0.0 HA 15 
   397 28.457 0.0 CB 35 
   1081 120.776 0.0 N 89 
   400 7.08 0.0 H 36 
   436 0.827 0.0 HD12 39 
   515 25.078 0.0 CD1 43 
   607 8.847 0.0 H 51 
   978 6.86 0.0 HE2 81 
   25 8.177 0.0 H 5 
   1117 116.561 0.0 N 91 
   469 7.257 0.0 HD1 41 
   493 0.921 0.0 HG23 42 
   341 8.341 0.0 H 31 
   532 6.441 0.0 HD21 45 
   124 18.835 0.0 CB 13 
   268 118.678 0.0 N 24 
   670 0.563 0.0 HD11 56 
   597 2.649 0.0 HE3 50 
   267 118.071 0.0 CE2 24 
   1221 1.459 0.0 HB3 101 
   731 124.377 0.0 N 60 
   619 131.545 0.0 CD1 51 
   98 4.131 0.0 HA 11 
   486 0.685 0.0 HD11 42 
   880 28.809 0.0 CG1 72 
   348 174.131 0.0 C 31 
   640 2.014 0.0 HB3 53 
   885 4.148 0.0 HB2 73 
   125 122.326 0.0 N 13 
   20 176.331 0.0 C 4 
   224 28.59 0.0 CB 21 
   102 2.197 0.0 HG3 11 
   1226 3.979 0.0 HA 102 
   1320 8.467 0.0 H 109 
   1028 116.818 0.0 N 84 
   966 133.192 0.0 CD1 80 
   1055 175.722 0.0 C 87 
   479 130.657 0.0 CE1 41 
   1106 1.169 0.0 HG12 91 
   839 0.635 0.0 HD11 70 
   134 8.205 0.0 H 15 
   89 1.587 0.0 HG 10 
   12 16.881 0.0 CE 3 
   874 1.167 0.0 HG22 72 
   330 0.252 0.0 HG12 30 
   415 46.016 0.0 CA 37 
   439 0.821 0.0 HG13 39 
   715 99.63 0.0 N 59 
   15 4.276 0.0 HA 4 
   76 29.741 0.0 CB 9 
   1232 2.947 0.0 HE3 102 
   606 121.409 0.0 N 50 
   87 0.81 0.0 HD22 10 
   915 109.752 0.0 N 76 
   950 59.293 0.0 CA 79 
   1119 3.827 0.0 HA2 92 
   783 1.925 0.0 HB3 66 
   1249 6.678 0.0 HH2 103 
   604 41.911 0.0 CE 50 
   1271 178.325 0.0 C 104 
   391 1.95 0.0 HB2 35 
   271 4.022 0.0 HB2 25 
   1296 114.241 0.0 N 106 
   1342 1.398 0.0 HB3 110 
   421 0.713 0.0 HG12 38 
   484 4.729 0.0 HA 42 
   840 0.635 0.0 HD12 70 
   1165 2.274 0.0 HG3 95 
   133 114.553 0.0 N 14 
   848 60.153 0.0 CA 70 
   891 2.382 0.0 HB2 74 
   1312 3.044 0.0 HD3 108 
   44 174.496 0.0 C 6 
   568 54.347 0.0 CA 48 
   1284 17.87 0.0 CB 105 
   226 118.077 0.0 N 21 
   807 25.787 0.0 CD1 67 
   1214 4.42 0.0 HB3 100 
   1051 8.63 0.0 H 87 
   46 64.02 0.0 CB 6 
   600 175.125 0.0 C 50 
   174 2.003 0.0 HB3 18 
   1298 4.435 0.0 HA 107 
   673 0.1 0.0 HD21 56 
   652 2.966 0.0 HB2 54 
   349 54.359 0.0 CA 31 
   132 63.477 0.0 CB 14 
   911 4.276 0.0 HA2 76 
   337 34.762 0.0 CB 30 
   560 121.275 0.0 N 47 
   371 4.439 0.0 HA 33 
   948 0.488 0.0 HG23 79 
   126 8.165 0.0 H 14 
   128 3.873 0.0 HB2 14 
   471 7.087 0.0 HE1 41 
   1043 1.238 0.0 HB3 86 
   327 4.941 0.0 HA 30 
   688 7.208 0.0 HE21 57 
   873 1.167 0.0 HG21 72 
   1041 4.768 0.0 HA 86 
   509 0.797 0.0 HD22 43 
   1347 7.888 0.0 H 111 
   458 0.737 0.0 HG23 40 
   654 175.841 0.0 C 54 
   223 57.396 0.0 CA 21 
   1266 2.298 0.0 HE1 104 
   878 38.256 0.0 CB 72 
   570 36.376 0.0 CG 48 
   1013 1.467 0.0 HB2 84 
   1162 2.044 0.0 HB2 95 
   721 7.329 0.0 HD2 60 
   1250 6.476 0.0 HZ2 103 
   617 56.966 0.0 CA 51 
   249 57.172 0.0 CA 23 
   1344 52.539 0.0 CA 110 
   991 1.901 0.0 HB2 82 
   1002 4.209 0.0 HB 83 
   211 25.394 0.0 CD1 20 
   898 65.658 0.0 CA 74 
   1145 1.482 0.0 HB3 94 
   186 2.03 0.0 HE1 19 
   778 36.644 0.0 CG 65 
   561 8.308 0.0 H 48 
   1024 42.208 0.0 CB 84 
   1175 45.733 0.0 CA 96 
   363 57.485 0.0 CA 32 
   1264 2.067 0.0 HB2 104 
   795 1.403 0.0 HB2 67 
   503 2.221 0.0 HB2 43 
   549 1.794 0.0 HB2 47 
   995 178.206 0.0 C 82 
   887 57.766 0.0 CA 73 
   989 7.466 0.0 H 82 
   283 174.498 0.0 C 26 
   1153 178.947 0.0 C 94 
   177 176.883 0.0 C 18 
   72 2.204 0.0 HG2 9 
   916 7.499 0.0 H 77 
   849 42.252 0.0 CB 70 
   58 4.571 0.0 HA 8 
   1317 32.352 0.0 CB 108 
   650 7.948 0.0 H 54 
   457 0.737 0.0 HG22 40 
   117 8.142 0.0 H 13 
   585 44.054 0.0 CB 49 
   358 6.794 0.0 HD1 32 
   970 126.853 0.0 N 80 
   546 111.628 0.0 N 46 
   536 37.016 0.0 CB 45 
   918 1.608 0.0 HB2 77 
   281 1.162 0.0 HG22 26 
   1279 1.426 0.0 HB1 105 
   921 0.842 0.0 HD12 77 
   24 122.855 0.0 N 4 
   1260 121.319 0.0 N 103 
   1218 4.02 0.0 HA 101 
   905 3.917 0.0 HB3 75 
   777 28.454 0.0 CB 65 
   260 6.701 0.0 HE2 24 
   424 0.574 0.0 HG22 38 
   1252 181.021 0.0 C 103 
   250 30.144 0.0 CB 23 
   370 8.36 0.0 H 33 
   383 3.616 0.0 HA 34 
   931 23.53 0.0 CD2 77 
   192 57.55 0.0 CA 19 
   982 38.413 0.0 CB 81 
   983 131.99 0.0 CD1 81 
   693 31.891 0.0 CG 57 
   672 0.563 0.0 HD13 56 
   207 1.708 0.0 HG 20 
   614 7.022 0.0 HE2 51 
   119 1.401 0.0 HB1 13 
   802 0.36 0.0 HD23 67 
   1337 122.868 0.0 N 109 
   1278 3.948 0.0 HA 105 
   1261 129.285 0.0 NE1 103 
   73 2.204 0.0 HG3 9 
   1353 121.137 0.0 N 111 
   737 118.169 0.0 N 61 
   711 173.265 0.0 C 59 
   112 1.37 0.0 HB3 12 
   739 4.298 0.0 HA 62 
   854 8.778 0.0 H 71 
   86 0.81 0.0 HD21 10 
   958 2.826 0.0 HB3 80 
   674 0.1 0.0 HD22 56 
   941 4.752 0.0 HA 79 
   920 0.842 0.0 HD11 77 
   347 2.215 0.0 HG3 31 
   999 124.087 0.0 N 82 
   41 4.402 0.0 HA 6 
   751 1.15 0.0 HG22 63 
   888 62.669 0.0 CB 73 
   538 106.735 0.0 ND2 45 
   263 38.578 0.0 CB 24 
   1026 22.07 0.0 CD2 84 
   925 0.824 0.0 HD23 77 
   502 5.108 0.0 HA 43 
   793 7.132 0.0 H 67 
   407 56.237 0.0 CA 36 
   77 36.292 0.0 CG 9 
   506 0.893 0.0 HD12 43 
   1149 0.839 0.0 HD21 94 
   1017 0.451 0.0 HD13 84 
   463 21.935 0.0 CG2 40 
   633 55.616 0.0 CA 52 
   1080 64.469 0.0 CB 89 
   1310 1.86 0.0 HB3 108 
   1285 120.951 0.0 N 105 
   2 2.029 0.0 HB2 3 
   99 1.977 0.0 HB2 11 
   215 8.157 0.0 H 21 
   1228 1.689 0.0 HB3 102 
   1019 0.647 0.0 HD22 84 
   564 1.672 0.0 HB3 48 
   1328 1.014 0.0 HD22 109 
   765 65.999 0.0 CA 64 
   342 4.566 0.0 HA 31 
   1180 1.643 0.0 HB3 97 
   352 122.553 0.0 N 31 
   114 53.207 0.0 CA 12 
   1290 2.19 0.0 HG2 106 
   280 1.162 0.0 HG21 26 
   392 1.95 0.0 HB3 35 
   1125 3.727 0.0 HA 93 
   445 39.072 0.0 CB 39 
   761 3.801 0.0 HD3 64 
   372 1.712 0.0 HB2 33 
   195 32.102 0.0 CG 19 
   316 26.623 0.0 CG 28 
   269 7.403 0.0 H 25 
   821 31.556 0.0 CB 68 
   1085 1.073 0.0 HB3 90 
   962 6.559 0.0 HE2 80 
   179 29.811 0.0 CB 18 
   786 2.098 0.0 HG3 66 
   240 27.348 0.0 CG 22 
   1167 56.089 0.0 CA 95 
   747 8.206 0.0 H 63 
   60 2.712 0.0 HB3 8 
   1322 1.658 0.0 HB2 109 
   850 14.445 0.0 CD1 70 
   131 59.538 0.0 CA 14 
   756 111.934 0.0 N 63 
   1008 68.085 0.0 CB 83 
   649 28.552 0.0 CG 53 
   945 0.692 0.0 HG13 79 
   985 130.512 0.0 CE1 81 
   428 35.509 0.0 CB 38 
   508 0.797 0.0 HD21 43 
   939 109.48 0.0 N 78 
   635 43.598 0.0 CD 52 
   191 177.964 0.0 C 19 
   313 56.669 0.0 CA 28 
   792 110.754 0.0 NE2 66 
   288 9.148 0.0 H 27 
   1137 41.703 0.0 CB 93 
   612 7.186 0.0 HD2 51 
   526 17.978 0.0 CB 44 
   954 116.911 0.0 N 79 
   1282 179.136 0.0 C 105 
   1086 0.758 0.0 HD11 90 
   1144 1.93 0.0 HB2 94 
   18 2.199 0.0 HG2 4 
   61 6.882 0.0 HD21 8 
   1181 3.087 0.0 HD2 97 
   785 2.378 0.0 HG2 66 
   92 42.02 0.0 CB 10 
   716 7.089 0.0 H 60 
   50 1.354 0.0 HB1 7 
   105 29.983 0.0 CB 11 
   145 1.84 0.0 HB3 16 
   303 119.999 0.0 N 27 
   507 0.893 0.0 HD13 43 
   780 7.728 0.0 H 66 
   247 1.908 0.0 HG3 23 
   264 132.98 0.0 CD1 24 
   311 1.421 0.0 HG3 28 
   103 177.123 0.0 C 11 
   1074 8.503 0.0 H 89 
   162 2.001 0.0 HE3 17 
   209 56.978 0.0 CA 20 
   1244 3.125 0.0 HB2 103 
   702 54.433 0.0 CA 58 
   497 13.076 0.0 CD1 42 
   441 0.365 0.0 HG22 39 
   1025 25.665 0.0 CD1 84 
   904 3.917 0.0 HB2 75 
   609 3.28 0.0 HB2 51 
   631 1.861 0.0 HG2 52 
   482 128.169 0.0 N 41 
   1160 7.738 0.0 H 95 
   883 8.586 0.0 H 73 
   118 4.218 0.0 HA 13 
   1348 4.214 0.0 HA 111 
   259 6.701 0.0 HE1 24 
   206 0.854 0.0 HD23 20 
   324 64.918 0.0 CB 29 
   1110 0.555 0.0 HG23 91 
   726 37.813 0.0 CB 60 
   70 1.998 0.0 HB2 9 
   625 9.528 0.0 H 52 
   49 4.212 0.0 HA 7 
   1033 2.205 0.0 HG2 85 
   1251 6.685 0.0 HZ3 103 
   987 127.489 0.0 CZ 81 
   730 118.264 0.0 CE2 60 
   724 178.019 0.0 C 60 
   766 31.923 0.0 CB 64 
   227 111.873 0.0 NE2 21 
   1035 175.01 0.0 C 85 
   165 177.442 0.0 C 17 
   579 0.789 0.0 HD21 49 
   894 3.907 0.0 HD3 74 
   745 20.267 0.0 CB 62 
   420 0.713 0.0 HG11 38 
   660 3.288 0.0 HB2 55 
   590 8.188 0.0 H 50 
   1062 0.724 0.0 HG11 88 
   1291 1.91 0.0 HG3 106 
   1146 0.88 0.0 HD11 94 
   1243 4.036 0.0 HA 103 
   225 33.973 0.0 CG 21 
   34 176.074 0.0 C 5 
   1158 26.897 0.0 CG 94 
   262 58.621 0.0 CA 24 
   354 9.231 0.0 H 32 
   929 42.125 0.0 CB 77 
   544 56.917 0.0 CA 46 
   1216 64.391 0.0 CB 100 
   196 119.142 0.0 N 19 
   845 0.118 0.0 HG22 70 
   379 30.12 0.0 CB 33 
   345 7.418 0.0 HE21 31 
   6 2.037 0.0 HE3 3 
   164 2.52 0.0 HG3 17 
   729 118.264 0.0 CE1 60 
   946 0.488 0.0 HG21 79 
   636 27.315 0.0 CG 52 
   202 0.832 0.0 HD12 20 
   444 61.503 0.0 CA 39 
   608 4.974 0.0 HA 51 
   309 3.084 0.0 HD3 28 
   1343 176.868 0.0 C 110 
   47 119.949 0.0 N 6 
   1247 9.086 0.0 HE1 103 
   1121 176.157 0.0 C 92 
   1148 0.88 0.0 HD13 94 
   1212 4.419 0.0 HA 100 
   419 1.757 0.0 HB 38 
   1136 58.032 0.0 CA 93 
   429 21.782 0.0 CG1 38 
   589 125.107 0.0 N 49 
   1049 33.733 0.0 CG 86 
   45 58.096 0.0 CA 6 
   10 55.604 0.0 CA 3 
   1329 1.014 0.0 HD23 109 
   470 7.257 0.0 HD2 41 
   1111 177.553 0.0 C 91 
   390 4.039 0.0 HA 35 
   861 54.724 0.0 CA 71 
   108 8.113 0.0 H 12 
   1040 6.636 0.0 H 86 
   129 3.873 0.0 HB3 14 
   813 1.901 0.0 HB2 68 
   304 9.619 0.0 H 28 
   872 0.696 0.0 HG13 72 
   826 4.487 0.0 HA 69 
   648 49.824 0.0 CD 53 
   7 2.532 0.0 HG2 3 
   193 32.162 0.0 CB 19 
   846 0.118 0.0 HG23 70 
   555 174.209 0.0 C 47 
   857 2.042 0.0 HB3 71 
   9 176.016 0.0 C 3 
   198 4.193 0.0 HA 20 
   1203 29.125 0.0 CG 98 
   307 1.446 0.0 HB3 28 
   1273 33.268 0.0 CB 104 
   655 55.185 0.0 CA 54 
   381 26.709 0.0 CG 33 
   1068 174.389 0.0 C 88 
   83 0.86 0.0 HD11 10 
   1197 1.615 0.0 HG2 98 
   529 4.564 0.0 HA 45 
   30 0.883 0.0 HG13 5 
   528 7.355 0.0 H 45 
   690 0.608 0.0 HG3 57 
   728 133.724 0.0 CD2 60 
   1155 41.391 0.0 CB 94 
   141 117.597 0.0 N 15 
   719 2.799 0.0 HB3 60 
   837 4.508 0.0 HA 70 
   462 21.236 0.0 CG1 40 
   524 176.981 0.0 C 44 
   870 0.687 0.0 HD13 72 
   1209 45.495 0.0 CA 99 
   448 19.58 0.0 CG2 39 
   666 7.22 0.0 H 56 
   651 4.702 0.0 HA 54 
   127 4.342 0.0 HA 14 
   964 55.493 0.0 CA 80 
   90 178.235 0.0 C 10 
   1000 9.023 0.0 H 83 
   343 1.96 0.0 HB2 31 
   798 -0.04 0.0 HD12 67 
   96 121.828 0.0 N 10 
   461 33.244 0.0 CB 40 
   1213 4.108 0.0 HB2 100 
   596 2.85 0.0 HE2 50 
   1330 1.647 0.0 HG 109 
   1045 2.116 0.0 HG3 86 
   1128 -0.102 0.0 HD11 93 
   530 3.252 0.0 HB2 45 
   668 2.211 0.0 HB2 56 
   573 4.681 0.0 HA 49 
   545 39.065 0.0 CB 46 
   220 2.502 0.0 HG2 21 
   5 2.037 0.0 HE2 3 
   233 3.132 0.0 HD3 22 
   581 0.789 0.0 HD23 49 
   465 9.605 0.0 H 41 
   1067 0.83 0.0 HG23 88 
   859 2.053 0.0 HG3 71 
   144 1.84 0.0 HB2 16 
   594 1.556 0.0 HD2 50 
   1275 32.912 0.0 CG 104 
   998 35.923 0.0 CG 82 
   84 0.86 0.0 HD12 10 
   1303 53.158 0.0 CA 107 
   789 29.542 0.0 CB 66 
   185 2.046 0.0 HB3 19 
   720 7.329 0.0 HD1 60 
   1079 56.08 0.0 CA 89 
   297 0.897 0.0 HD23 27 
   504 1.708 0.0 HB3 43 
   697 3.592 0.0 HA 58 
   924 0.824 0.0 HD22 77 
   427 58.127 0.0 CA 38 
   403 1.619 0.0 HB3 36 
   1075 4.745 0.0 HA 89 
   171 8.19 0.0 H 18 
   882 129.755 0.0 N 72 
   1038 37.004 0.0 CG 85 
   533 7.365 0.0 HD22 45 
   1157 23.025 0.0 CD2 94 
   523 1.364 0.0 HB3 44 
   475 56.064 0.0 CA 41 
   1256 118.379 0.0 CE3 103 
   930 26.039 0.0 CD1 77 
   296 0.897 0.0 HD22 27 
   140 63.455 0.0 CB 15 
   176 2.198 0.0 HG3 18 
   158 2.044 0.0 HB2 17 
   1092 1.466 0.0 HG 90 
   1134 1.465 0.0 HG 93 
   17 1.884 0.0 HB3 4 
   1088 0.758 0.0 HD13 90 
   1072 22.104 0.0 CG2 88 
   378 54.137 0.0 CA 33 
   412 3.965 0.0 HA2 37 
   52 1.354 0.0 HB3 7 
   775 178.76 0.0 C 65 
   811 7.214 0.0 H 68 
   1183 1.544 0.0 HG2 97 
   1042 1.871 0.0 HB2 86 
   320 3.731 0.0 HB2 29 
   770 3.908 0.0 HA 65 
   1139 22.143 0.0 CD2 93 
   867 1.671 0.0 HB 72 
   1064 0.724 0.0 HG13 88 
   749 4.537 0.0 HB 63 
   1159 119.88 0.0 N 94 
   675 0.1 0.0 HD23 56 
   81 1.659 0.0 HB2 10 
   1060 4.191 0.0 HA 88 
   629 3.283 0.0 HD2 52 
   1037 26.953 0.0 CB 85 
   170 119.345 0.0 N 17 
   1191 7.999 0.0 H 98 
   669 1.046 0.0 HB3 56 
   856 2.042 0.0 HB2 71 
   960 6.868 0.0 HD2 80 
   139 59.384 0.0 CA 15 
   273 172.134 0.0 C 25 
   310 1.564 0.0 HG2 28 
   957 2.892 0.0 HB2 80 
   149 1.556 0.0 HG3 16 
   1100 7.464 0.0 H 91 
   552 3.068 0.0 HD3 47 
   1220 1.459 0.0 HB2 101 
   955 8.83 0.0 H 80 
   332 0.674 0.0 HG21 30 
   1194 2.763 0.0 HB3 98 
   1032 2.265 0.0 HB3 85 
   1215 58.114 0.0 CA 100 
   1109 0.555 0.0 HG22 91 
   744 52.177 0.0 CA 62 
   684 7.214 0.0 H 57 
   467 3.304 0.0 HB2 41 
   1222 181.335 0.0 C 101 
   216 4.037 0.0 HA 21 
   565 2.222 0.0 HG2 48 
   1156 26.8 0.0 CD1 94 
   1048 34.491 0.0 CB 86 
   582 1.602 0.0 HG 49 
   305 4.445 0.0 HA 28 
   943 0.692 0.0 HG11 79 
   1046 174.095 0.0 C 86 
   241 119.729 0.0 N 22 
   1168 29.663 0.0 CB 95 
   154 27.325 0.0 CG 16 
   1327 1.014 0.0 HD21 109 
   841 0.635 0.0 HD13 70 
   842 1.246 0.0 HG12 70 
   990 3.582 0.0 HA 82 
   815 3.22 0.0 HD2 68 
   776 59.383 0.0 CA 65 
   1227 1.826 0.0 HB2 102 
   355 4.887 0.0 HA 32 
   853 125.545 0.0 N 70 
   1091 0.902 0.0 HD23 90 
   489 1.467 0.0 HG12 42 
   773 2.328 0.0 HG2 65 
   1319 26.852 0.0 CG 108 
   718 3.132 0.0 HB2 60 
   599 1.166 0.0 HG3 50 
   229 4.086 0.0 HA 22 
   1313 1.807 0.0 HG2 108 
   843 0.613 0.0 HG13 70 
   1070 35.256 0.0 CB 88 
   942 1.744 0.0 HB 79 
   993 2.169 0.0 HG2 82 
   184 2.117 0.0 HB2 19 
   1177 8.717 0.0 H 97 
   541 3.176 0.0 HB2 46 
   1053 2.584 0.0 HB2 87 
   871 1.629 0.0 HG12 72 
   772 1.946 0.0 HB3 65 
   230 1.794 0.0 HB2 22 
   359 6.794 0.0 HD2 32 
   679 42.559 0.0 CB 56 
   514 42.395 0.0 CB 43 
   956 5.161 0.0 HA 80 
   1280 1.426 0.0 HB2 105 
   656 39.184 0.0 CB 54 
   63 175.868 0.0 C 8 
   237 57.61 0.0 CA 22 
   572 9.364 0.0 H 49 
   1050 114.682 0.0 N 86 
   1311 3.315 0.0 HD2 108 
   587 23.991 0.0 CD2 49 
   760 3.713 0.0 HD2 64 
   525 54.489 0.0 CA 44 
   1254 29.069 0.0 CB 103 
   1281 1.426 0.0 HB3 105 
   1173 3.752 0.0 HA3 96 
   1289 1.513 0.0 HB3 106 
   300 43.838 0.0 CB 27 
   517 28.618 0.0 CG 43 
   357 2.697 0.0 HB3 32 
   43 3.824 0.0 HB3 6 
   1174 174.742 0.0 C 96 
   409 36.871 0.0 CG 36 
   902 7.893 0.0 H 75 
   142 8.148 0.0 H 16 
   239 43.459 0.0 CD 22 
   522 1.364 0.0 HB2 44 
   831 174.904 0.0 C 69 
   376 1.44 0.0 HG2 33 
   800 0.36 0.0 HD21 67 
   961 6.559 0.0 HE1 80 
   1127 1.079 0.0 HB3 93 
   586 25.513 0.0 CD1 49 
   1253 62.775 0.0 CA 103 
   1171 7.722 0.0 H 96 
   1087 0.758 0.0 HD12 90 
   222 177.928 0.0 C 21 
   732 8.751 0.0 H 61 
   272 3.847 0.0 HB3 25 
   496 38.247 0.0 CB 42 
   487 0.685 0.0 HD12 42 
   1015 0.451 0.0 HD11 84 
   973 3.113 0.0 HB2 81 
   700 0.928 0.0 HB3 58 
   111 1.37 0.0 HB2 12 
   430 18.467 0.0 CG2 38 
   39 121.499 0.0 N 5 
   659 4.94 0.0 HA 55 
   1332 55.074 0.0 CA 109 
   93 24.876 0.0 CD1 10 
   121 1.401 0.0 HB3 13 
   1345 19.28 0.0 CB 110 
   299 56.06 0.0 CA 27 
   947 0.488 0.0 HG22 79 
   1198 1.141 0.0 HG3 98 
   694 124.612 0.0 N 57 
   251 35.763 0.0 CG 23 
   38 20.453 0.0 CG2 5 
   763 1.792 0.0 HG3 64 
   994 2.169 0.0 HG3 82 
   1142 8.317 0.0 H 94 
   276 113.556 0.0 N 25 
   95 26.946 0.0 CG 10 
   866 4.208 0.0 HA 72 
   373 1.546 0.0 HB3 33 
   1123 103.835 0.0 N 92 
   1021 1.476 0.0 HG 84 
   563 1.791 0.0 HB2 48 
   1172 4.236 0.0 HA2 96 
   1234 1.301 0.0 HG3 102 
   1179 1.643 0.0 HB2 97 
   968 117.499 0.0 CE1 80 
   375 2.833 0.0 HD3 33 
   1104 0.62 0.0 HD12 91 
   627 2.135 0.0 HB2 52 
   820 58.094 0.0 CA 68 
   356 2.875 0.0 HB2 32 
   1057 44.193 0.0 CB 87 
   817 1.801 0.0 HG2 68 
   1044 2.428 0.0 HG2 86 
   767 49.993 0.0 CD 64 
   152 30.165 0.0 CB 16 
   967 133.192 0.0 CD2 80 
   806 41.98 0.0 CB 67 
   657 111.513 0.0 N 54 
   547 7.703 0.0 H 47 
   414 174.303 0.0 C 37 
   1305 119.178 0.0 CD2 107 
   771 1.946 0.0 HB2 65 
   244 1.795 0.0 HB2 23 
