   252 119.302 0.0 N 23 
   804 174.721 0.0 C 67 
   376 1.44 0.0 HG2 33 
   1206 3.902 0.0 HA2 99 
   109 4.201 0.0 HA 12 
   233 3.132 0.0 HD3 22 
   793 7.132 0.0 H 67 
   972 4.47 0.0 HA 81 
   934 7.647 0.0 H 78 
   808 23.38 0.0 CD2 67 
   351 33.242 0.0 CG 31 
   1314 1.807 0.0 HG3 108 
   1008 68.085 0.0 CB 83 
   1103 0.62 0.0 HD11 91 
   905 3.917 0.0 HB3 75 
   471 7.087 0.0 HE1 41 
   315 43.794 0.0 CD 28 
   598 1.28 0.0 HG2 50 
   520 3.968 0.0 HA 44 
   811 7.214 0.0 H 68 
   172 4.121 0.0 HA 18 
   1095 42.674 0.0 CB 90 
   273 172.134 0.0 C 25 
   445 39.072 0.0 CB 39 
   660 3.288 0.0 HB2 55 
   820 58.094 0.0 CA 68 
   215 8.157 0.0 H 21 
   288 9.148 0.0 H 27 
   580 0.789 0.0 HD22 49 
   402 2.002 0.0 HB2 36 
   950 59.293 0.0 CA 79 
   191 177.964 0.0 C 19 
   69 4.162 0.0 HA 9 
   570 36.376 0.0 CG 48 
   160 2.001 0.0 HE1 17 
   1009 23.764 0.0 CG2 83 
   634 28.313 0.0 CB 52 
   1094 57.642 0.0 CA 90 
   1018 0.647 0.0 HD21 84 
   115 18.829 0.0 CB 12 
   1005 1.317 0.0 HG23 83 
   455 0.769 0.0 HG13 40 
   462 21.236 0.0 CG1 40 
   1105 0.62 0.0 HD13 91 
   381 26.709 0.0 CG 33 
   740 1.112 0.0 HB1 62 
   927 176.209 0.0 C 77 
   1047 54.406 0.0 CA 86 
   274 58.413 0.0 CA 25 
   883 8.586 0.0 H 73 
   1123 103.835 0.0 N 92 
   414 174.303 0.0 C 37 
   929 42.125 0.0 CB 77 
   320 3.731 0.0 HB2 29 
   436 0.827 0.0 HD12 39 
   829 2.202 0.0 HG2 69 
   360 6.319 0.0 HE1 32 
   760 3.713 0.0 HD2 64 
   105 29.983 0.0 CB 11 
   915 109.752 0.0 N 76 
   406 176.435 0.0 C 36 
   309 3.084 0.0 HD3 28 
   1033 2.205 0.0 HG2 85 
   908 64.358 0.0 CB 75 
   1051 8.63 0.0 H 87 
   1180 1.643 0.0 HB3 97 
   559 27.613 0.0 CG 47 
   552 3.068 0.0 HD3 47 
   289 4.249 0.0 HA 27 
   195 32.102 0.0 CG 19 
   1117 116.561 0.0 N 91 
   213 26.891 0.0 CG 20 
   196 119.142 0.0 N 19 
   12 16.881 0.0 CE 3 
   863 35.813 0.0 CG 71 
   530 3.252 0.0 HB2 45 
   507 0.893 0.0 HD13 43 
   223 57.396 0.0 CA 21 
   52 1.354 0.0 HB3 7 
   1121 176.157 0.0 C 92 
   805 53.307 0.0 CA 67 
   254 4.315 0.0 HA 24 
   1317 32.352 0.0 CB 108 
   579 0.789 0.0 HD21 49 
   1347 7.888 0.0 H 111 
   1280 1.426 0.0 HB2 105 
   1312 3.044 0.0 HD3 108 
   138 175.478 0.0 C 15 
   1035 175.01 0.0 C 85 
   551 3.179 0.0 HD2 47 
   1351 59.865 0.0 CA 111 
   709 -0.209 0.0 HG22 59 
   1012 4.131 0.0 HA 84 
   994 2.169 0.0 HG3 82 
   1111 177.553 0.0 C 91 
   249 57.172 0.0 CA 23 
   1257 124.8 0.0 CH2 103 
   386 176.483 0.0 C 34 
   971 8.68 0.0 H 81 
   577 0.712 0.0 HD12 49 
   670 0.563 0.0 HD11 56 
   362 174.519 0.0 C 32 
   537 114.155 0.0 N 45 
   719 2.799 0.0 HB3 60 
   633 55.616 0.0 CA 52 
   64 53.841 0.0 CA 8 
   1322 1.658 0.0 HB2 109 
   721 7.329 0.0 HD2 60 
   59 2.776 0.0 HB2 8 
   955 8.83 0.0 H 80 
   292 0.75 0.0 HD11 27 
   305 4.445 0.0 HA 28 
   1057 44.193 0.0 CB 87 
   475 56.064 0.0 CA 41 
   1162 2.044 0.0 HB2 95 
   669 1.046 0.0 HB3 56 
   1337 122.868 0.0 N 109 
   364 38.922 0.0 CB 32 
   220 2.502 0.0 HG2 21 
   661 3.034 0.0 HB3 55 
   521 1.364 0.0 HB1 44 
   835 118.394 0.0 N 69 
   846 0.118 0.0 HG23 70 
   959 6.868 0.0 HD1 80 
   560 121.275 0.0 N 47 
   1075 4.745 0.0 HA 89 
   751 1.15 0.0 HG22 63 
   654 175.841 0.0 C 54 
   411 7.908 0.0 H 37 
   1112 64.55 0.0 CA 91 
   968 117.499 0.0 CE1 80 
   1353 121.137 0.0 N 111 
   1153 178.947 0.0 C 94 
   965 41.026 0.0 CB 80 
   1199 175.018 0.0 C 98 
   205 0.854 0.0 HD22 20 
   482 128.169 0.0 N 41 
   122 178.794 0.0 C 13 
   796 1.216 0.0 HB3 67 
   1175 45.733 0.0 CA 96 
   113 178.397 0.0 C 12 
   150 177.474 0.0 C 16 
   73 2.204 0.0 HG3 9 
   1102 1.437 0.0 HB 91 
   245 1.795 0.0 HB3 23 
   168 16.963 0.0 CE 17 
   512 178.81 0.0 C 43 
   799 -0.04 0.0 HD13 67 
   844 0.118 0.0 HG21 70 
   710 -0.209 0.0 HG23 59 
   1261 129.285 0.0 NE1 103 
   664 42.87 0.0 CB 55 
   618 43.776 0.0 CB 51 
   1150 0.839 0.0 HD22 94 
   855 4.692 0.0 HA 71 
   1278 3.948 0.0 HA 105 
   513 54.59 0.0 CA 43 
   457 0.737 0.0 HG22 40 
   374 3.051 0.0 HD2 33 
   996 59.66 0.0 CA 82 
   626 4.903 0.0 HA 52 
   1216 64.391 0.0 CB 100 
   1017 0.451 0.0 HD13 84 
   1152 1.717 0.0 HG 94 
   1339 4.335 0.0 HA 110 
   1228 1.689 0.0 HB3 102 
   686 1.24 0.0 HB2 57 
   1231 2.947 0.0 HE2 102 
   200 1.476 0.0 HB3 20 
   757 3.427 0.0 HA 64 
   420 0.713 0.0 HG11 38 
   657 111.513 0.0 N 54 
   792 110.754 0.0 NE2 66 
   1294 30.476 0.0 CB 106 
   897 177.861 0.0 C 74 
   1189 27.707 0.0 CG 97 
   237 57.61 0.0 CA 22 
   699 0.928 0.0 HB2 58 
   1273 33.268 0.0 CB 104 
   21 56.669 0.0 CA 4 
   106 36.09 0.0 CG 11 
   819 177.1 0.0 C 68 
   241 119.729 0.0 N 22 
   629 3.283 0.0 HD2 52 
   111 1.37 0.0 HB2 12 
   526 17.978 0.0 CB 44 
   424 0.574 0.0 HG22 38 
   615 7.149 0.0 HZ 51 
   456 0.737 0.0 HG21 40 
   15 4.276 0.0 HA 4 
   951 34.536 0.0 CB 79 
   275 64.876 0.0 CB 25 
   1306 134.424 0.0 CE1 107 
   159 2.044 0.0 HB3 17 
   16 1.968 0.0 HB2 4 
   198 4.193 0.0 HA 20 
   995 178.206 0.0 C 82 
   101 2.227 0.0 HG2 11 
   1191 7.999 0.0 H 98 
   47 119.949 0.0 N 6 
   1267 2.298 0.0 HE2 104 
   90 178.235 0.0 C 10 
   1065 0.83 0.0 HG21 88 
   825 7.852 0.0 H 69 
   978 6.86 0.0 HE2 81 
   1302 7.911 0.0 HE1 107 
   1282 179.136 0.0 C 105 
   1129 -0.102 0.0 HD12 93 
   222 177.928 0.0 C 21 
   378 54.137 0.0 CA 33 
   774 2.196 0.0 HG3 65 
   408 32.757 0.0 CB 36 
   283 174.498 0.0 C 26 
   1251 6.685 0.0 HZ3 103 
   313 56.669 0.0 CA 28 
   201 0.832 0.0 HD11 20 
   1004 1.317 0.0 HG22 83 
   299 56.06 0.0 CA 27 
   834 35.395 0.0 CG 69 
   1186 55.877 0.0 CA 97 
   727 133.724 0.0 CD1 60 
   992 1.901 0.0 HB3 82 
   473 6.866 0.0 HZ 41 
   772 1.946 0.0 HB3 65 
   787 175.329 0.0 C 66 
   269 7.403 0.0 H 25 
   1059 9.051 0.0 H 88 
   1349 3.803 0.0 HB2 111 
   216 4.037 0.0 HA 21 
   870 0.687 0.0 HD13 72 
   335 173.89 0.0 C 30 
   1315 176.899 0.0 C 108 
   640 2.014 0.0 HB3 53 
   553 1.653 0.0 HG2 47 
   762 2.185 0.0 HG2 64 
   898 65.658 0.0 CA 74 
   1149 0.839 0.0 HD21 94 
   257 7.074 0.0 HD1 24 
   985 130.512 0.0 CE1 81 
   1 4.425 0.0 HA 3 
   178 58.414 0.0 CA 18 
   514 42.395 0.0 CB 43 
   1101 3.198 0.0 HA 91 
   1171 7.722 0.0 H 96 
   488 0.685 0.0 HD13 42 
   78 121.267 0.0 N 9 
   680 24.042 0.0 CD1 56 
   1079 56.08 0.0 CA 89 
   872 0.696 0.0 HG13 72 
   851 26.419 0.0 CG1 70 
   1087 0.758 0.0 HD12 90 
   1078 175.634 0.0 C 89 
   748 4.522 0.0 HA 63 
   416 108.087 0.0 N 37 
   527 122.697 0.0 N 44 
   163 2.46 0.0 HG2 17 
   1276 117.096 0.0 N 104 
   1233 1.398 0.0 HG2 102 
   468 2.612 0.0 HB3 41 
   1329 1.014 0.0 HD23 109 
   1080 64.469 0.0 CB 89 
   175 2.198 0.0 HG2 18 
   1109 0.555 0.0 HG22 91 
   243 4.083 0.0 HA 23 
   809 25.235 0.0 CG 67 
   170 119.345 0.0 N 17 
   399 121.527 0.0 N 35 
   1125 3.727 0.0 HA 93 
   1218 4.02 0.0 HA 101 
   1323 1.528 0.0 HB3 109 
   1344 52.539 0.0 CA 110 
   841 0.635 0.0 HD13 70 
   372 1.712 0.0 HB2 33 
   193 32.162 0.0 CB 19 
   701 177.612 0.0 C 58 
   983 131.99 0.0 CD1 81 
   610 2.552 0.0 HB3 51 
   619 131.545 0.0 CD1 51 
   926 1.474 0.0 HG 77 
   691 59.107 0.0 CA 57 
   97 8.147 0.0 H 11 
   650 7.948 0.0 H 54 
   44 174.496 0.0 C 6 
   10 55.604 0.0 CA 3 
   1230 1.624 0.0 HD3 102 
   1188 43.281 0.0 CD 97 
   373 1.546 0.0 HB3 33 
   350 32.865 0.0 CB 31 
   627 2.135 0.0 HB2 52 
   674 0.1 0.0 HD22 56 
   816 3.22 0.0 HD3 68 
   419 1.757 0.0 HB 38 
   451 4.77 0.0 HA 40 
   1255 127.212 0.0 CD1 103 
   1263 3.644 0.0 HA 104 
   1212 4.419 0.0 HA 100 
   439 0.821 0.0 HG13 39 
   827 1.967 0.0 HB2 69 
   722 6.914 0.0 HE1 60 
   316 26.623 0.0 CG 28 
   561 8.308 0.0 H 48 
   294 0.75 0.0 HD13 27 
   1118 7.314 0.0 H 92 
   485 1.815 0.0 HB 42 
   53 178.059 0.0 C 7 
   346 2.141 0.0 HG2 31 
   516 24.929 0.0 CD2 43 
   56 126.064 0.0 N 7 
   443 174.355 0.0 C 39 
   83 0.86 0.0 HD11 10 
   621 131.675 0.0 CE1 51 
   314 32.647 0.0 CB 28 
   942 1.744 0.0 HB 79 
   807 25.787 0.0 CD1 67 
   1221 1.459 0.0 HB3 101 
   1326 1.06 0.0 HD13 109 
   953 22.452 0.0 CG2 79 
   30 0.883 0.0 HG13 5 
   153 43.249 0.0 CD 16 
   726 37.813 0.0 CB 60 
   734 3.361 0.0 HA3 61 
   1192 3.921 0.0 HA 98 
   421 0.713 0.0 HG12 38 
   1020 0.647 0.0 HD23 84 
   394 2.204 0.0 HG3 35 
   904 3.917 0.0 HB2 75 
   134 8.205 0.0 H 15 
   881 17.673 0.0 CG2 72 
   1055 175.722 0.0 C 87 
   161 2.001 0.0 HE2 17 
   556 57.292 0.0 CA 47 
   1076 4.014 0.0 HB2 89 
   266 118.071 0.0 CE1 24 
   867 1.671 0.0 HB 72 
   441 0.365 0.0 HG22 39 
   463 21.935 0.0 CG2 40 
   94 23.445 0.0 CD2 10 
   395 177.168 0.0 C 35 
   628 1.678 0.0 HB3 52 
   607 8.847 0.0 H 51 
   1237 32.751 0.0 CB 102 
   729 118.264 0.0 CE1 60 
   766 31.923 0.0 CB 64 
   244 1.795 0.0 HB2 23 
   1093 177.109 0.0 C 90 
   1011 6.473 0.0 H 84 
   717 4.115 0.0 HA 60 
   718 3.132 0.0 HB2 60 
   826 4.487 0.0 HA 69 
   470 7.257 0.0 HD2 41 
   656 39.184 0.0 CB 54 
   89 1.587 0.0 HG 10 
   1108 0.555 0.0 HG21 91 
   268 118.678 0.0 N 24 
   339 23.077 0.0 CG2 30 
   728 133.724 0.0 CD2 60 
   185 2.046 0.0 HB3 19 
   224 28.59 0.0 CB 21 
   882 129.755 0.0 N 72 
   221 2.215 0.0 HG3 21 
   370 8.36 0.0 H 33 
   1077 3.766 0.0 HB3 89 
   730 118.264 0.0 CE2 60 
   290 1.67 0.0 HB2 27 
   714 19.939 0.0 CG2 59 
   72 2.204 0.0 HG2 9 
   226 118.077 0.0 N 21 
   3 1.935 0.0 HB3 3 
   1253 62.775 0.0 CA 103 
   203 0.832 0.0 HD13 20 
   403 1.619 0.0 HB3 36 
   327 4.941 0.0 HA 30 
   1220 1.459 0.0 HB2 101 
   557 30.762 0.0 CB 47 
   270 4.133 0.0 HA 25 
   148 1.556 0.0 HG2 16 
   1325 1.06 0.0 HD12 109 
   432 9.458 0.0 H 39 
   1142 8.317 0.0 H 94 
   133 114.553 0.0 N 14 
   1321 4.315 0.0 HA 109 
   798 -0.04 0.0 HD12 67 
   502 5.108 0.0 HA 43 
   738 8.104 0.0 H 62 
   1203 29.125 0.0 CG 98 
   912 3.67 0.0 HA3 76 
   548 4.133 0.0 HA 47 
   587 23.991 0.0 CD2 49 
   377 1.378 0.0 HG3 33 
   63 175.868 0.0 C 8 
   500 123.192 0.0 N 42 
   189 2.505 0.0 HG2 19 
   1223 56.234 0.0 CA 101 
   954 116.911 0.0 N 79 
   949 171.397 0.0 C 79 
   974 2.775 0.0 HB3 81 
   892 1.915 0.0 HB3 74 
   681 23.002 0.0 CD2 56 
   1046 174.095 0.0 C 86 
   41 4.402 0.0 HA 6 
   1037 26.953 0.0 CB 85 
   102 2.197 0.0 HG3 11 
   484 4.729 0.0 HA 42 
   458 0.737 0.0 HG23 40 
   624 119.432 0.0 N 51 
