   1278 3.948 0.0 HA 105 
   237 57.61 0.0 CA 22 
   945 0.692 0.0 HG13 79 
   144 1.84 0.0 HB2 16 
   914 45.558 0.0 CA 76 
   1300 1.173 0.0 HB3 107 
   569 32.524 0.0 CB 48 
   300 43.838 0.0 CB 27 
   252 119.302 0.0 N 23 
   79 8.06 0.0 H 10 
   564 1.672 0.0 HB3 48 
   1060 4.191 0.0 HA 88 
   126 8.165 0.0 H 14 
   613 7.022 0.0 HE1 51 
   997 30.452 0.0 CB 82 
   1125 3.727 0.0 HA 93 
   18 2.199 0.0 HG2 4 
   885 4.148 0.0 HB2 73 
   1015 0.451 0.0 HD11 84 
   421 0.713 0.0 HG12 38 
   352 122.553 0.0 N 31 
   338 20.464 0.0 CG1 30 
   335 173.89 0.0 C 30 
   701 177.612 0.0 C 58 
   766 31.923 0.0 CB 64 
   890 4.309 0.0 HA 74 
   417 6.622 0.0 H 38 
   773 2.328 0.0 HG2 65 
   672 0.563 0.0 HD13 56 
   1291 1.91 0.0 HG3 106 
   928 54.378 0.0 CA 77 
   869 0.687 0.0 HD12 72 
   905 3.917 0.0 HB3 75 
   949 171.397 0.0 C 79 
   1319 26.852 0.0 CG 108 
   1318 50.22 0.0 CD 108 
   194 17.023 0.0 CE 19 
   1185 174.894 0.0 C 97 
   962 6.559 0.0 HE2 80 
   1303 53.158 0.0 CA 107 
   415 46.016 0.0 CA 37 
   118 4.218 0.0 HA 13 
   28 0.883 0.0 HG11 5 
   265 132.98 0.0 CD2 24 
   286 22.829 0.0 CG2 26 
   340 122.775 0.0 N 30 
   566 1.94 0.0 HG3 48 
   103 177.123 0.0 C 11 
   269 7.403 0.0 H 25 
   2 2.029 0.0 HB2 3 
   319 4.528 0.0 HA 29 
   847 174.815 0.0 C 70 
   357 2.697 0.0 HB3 32 
   784 7.328 0.0 HE21 66 
   1136 58.032 0.0 CA 93 
   731 124.377 0.0 N 60 
   1304 26.649 0.0 CB 107 
   441 0.365 0.0 HG22 39 
   1048 34.491 0.0 CB 86 
   143 4.203 0.0 HA 16 
   453 0.769 0.0 HG11 40 
   1220 1.459 0.0 HB2 101 
   385 3.839 0.0 HB3 34 
   851 26.419 0.0 CG1 70 
   426 173.629 0.0 C 38 
   1074 8.503 0.0 H 89 
   233 3.132 0.0 HD3 22 
   575 1.555 0.0 HB3 49 
   1026 22.07 0.0 CD2 84 
   387 61.518 0.0 CA 34 
   1037 26.953 0.0 CB 85 
   985 130.512 0.0 CE1 81 
   11 32.91 0.0 CB 3 
   504 1.708 0.0 HB3 43 
   655 55.185 0.0 CA 54 
   1169 36.454 0.0 CG 95 
   1052 5.547 0.0 HA 87 
   436 0.827 0.0 HD12 39 
   556 57.292 0.0 CA 47 
   779 114.841 0.0 N 65 
   693 31.891 0.0 CG 57 
   288 9.148 0.0 H 27 
   1091 0.902 0.0 HD23 90 
   325 111.229 0.0 N 29 
   476 39.031 0.0 CB 41 
   652 2.966 0.0 HB2 54 
   482 128.169 0.0 N 41 
   353 111.73 0.0 NE2 31 
   867 1.671 0.0 HB 72 
   1305 119.178 0.0 CD2 107 
   1084 1.612 0.0 HB2 90 
   31 0.884 0.0 HG21 5 
   425 0.574 0.0 HG23 38 
   46 64.02 0.0 CB 6 
   1332 55.074 0.0 CA 109 
   620 131.545 0.0 CD2 51 
   410 115.94 0.0 N 36 
   1255 127.212 0.0 CD1 103 
   849 42.252 0.0 CB 70 
   685 2.151 0.0 HA 57 
   631 1.861 0.0 HG2 52 
   1098 26.895 0.0 CG 90 
   1196 3.595 0.0 HD3 98 
   535 52.068 0.0 CA 45 
   860 175.775 0.0 C 71 
   323 57.62 0.0 CA 29 
   935 4.601 0.0 HA2 78 
   633 55.616 0.0 CA 52 
   647 30.867 0.0 CB 53 
   769 8.522 0.0 H 65 
   210 42.252 0.0 CB 20 
   116 124.06 0.0 N 12 
   1337 122.868 0.0 N 109 
   1184 1.434 0.0 HG3 97 
   764 179.483 0.0 C 64 
   278 4.43 0.0 HA 26 
   243 4.083 0.0 HA 23 
   872 0.696 0.0 HG13 72 
   1228 1.689 0.0 HB3 102 
   208 178.43 0.0 C 20 
   558 43.885 0.0 CD 47 
   915 109.752 0.0 N 76 
   1170 117.117 0.0 N 95 
   827 1.967 0.0 HB2 69 
   229 4.086 0.0 HA 22 
   361 6.319 0.0 HE2 32 
   1110 0.555 0.0 HG23 91 
   1152 1.717 0.0 HG 94 
   336 60.933 0.0 CA 30 
   1330 1.647 0.0 HG 109 
   1166 176.559 0.0 C 95 
   981 57.116 0.0 CA 81 
   802 0.36 0.0 HD23 67 
   420 0.713 0.0 HG11 38 
   876 175.825 0.0 C 72 
   965 41.026 0.0 CB 80 
   1316 62.878 0.0 CA 108 
   745 20.267 0.0 CB 62 
   1175 45.733 0.0 CA 96 
   864 126.24 0.0 N 71 
   754 67.952 0.0 CB 63 
   187 2.03 0.0 HE2 19 
   137 3.912 0.0 HB3 15 
   430 18.467 0.0 CG2 38 
   806 41.98 0.0 CB 67 
   1352 64.896 0.0 CB 111 
   871 1.629 0.0 HG12 72 
   614 7.022 0.0 HE2 51 
   1308 4.342 0.0 HA 108 
   947 0.488 0.0 HG22 79 
   524 176.981 0.0 C 44 
   1302 7.911 0.0 HE1 107 
   878 38.256 0.0 CB 72 
   1106 1.169 0.0 HG12 91 
   665 116.732 0.0 N 55 
   611 7.186 0.0 HD1 51 
   886 3.722 0.0 HB3 73 
   1241 119.022 0.0 N 102 
   384 3.925 0.0 HB2 34 
   86 0.81 0.0 HD21 10 
   507 0.893 0.0 HD13 43 
   1251 6.685 0.0 HZ3 103 
   835 118.394 0.0 N 69 
   1134 1.465 0.0 HG 93 
   1313 1.807 0.0 HG2 108 
   1103 0.62 0.0 HD11 91 
   796 1.216 0.0 HB3 67 
   953 22.452 0.0 CG2 79 
   793 7.132 0.0 H 67 
   1042 1.871 0.0 HB2 86 
   1080 64.469 0.0 CB 89 
   442 0.365 0.0 HG23 39 
   1061 1.943 0.0 HB 88 
   1117 116.561 0.0 N 91 
   870 0.687 0.0 HD13 72 
   1049 33.733 0.0 CG 86 
   236 178.223 0.0 C 22 
   686 1.24 0.0 HB2 57 
   389 9.379 0.0 H 35 
   1099 129.702 0.0 N 90 
   750 1.15 0.0 HG21 63 
   857 2.042 0.0 HB3 71 
   1219 1.459 0.0 HB1 101 
   974 2.775 0.0 HB3 81 
   1112 64.55 0.0 CA 91 
   148 1.556 0.0 HG2 16 
   1242 8.089 0.0 H 103 
   226 118.077 0.0 N 21 
   1216 64.391 0.0 CB 100 
   1342 1.398 0.0 HB3 110 
   519 9.087 0.0 H 44 
   320 3.731 0.0 HB2 29 
   191 177.964 0.0 C 19 
   547 7.703 0.0 H 47 
   690 0.608 0.0 HG3 57 
   184 2.117 0.0 HB2 19 
   1253 62.775 0.0 CA 103 
   1054 2.509 0.0 HB3 87 
   145 1.84 0.0 HB3 16 
   598 1.28 0.0 HG2 50 
   853 125.545 0.0 N 70 
   1011 6.473 0.0 H 84 
   544 56.917 0.0 CA 46 
   1295 36.323 0.0 CG 106 
   433 4.323 0.0 HA 39 
   934 7.647 0.0 H 78 
   759 1.816 0.0 HB3 64 
   854 8.778 0.0 H 71 
   192 57.55 0.0 CA 19 
   1229 1.65 0.0 HD2 102 
   232 3.132 0.0 HD2 22 
   1282 179.136 0.0 C 105 
   1221 1.459 0.0 HB3 101 
   407 56.237 0.0 CA 36 
   1231 2.947 0.0 HE2 102 
   568 54.347 0.0 CA 48 
   1289 1.513 0.0 HB3 106 
   1315 176.899 0.0 C 108 
   664 42.87 0.0 CB 55 
   486 0.685 0.0 HD11 42 
   1233 1.398 0.0 HG2 102 
   202 0.832 0.0 HD12 20 
   798 -0.04 0.0 HD12 67 
   977 6.86 0.0 HE1 81 
   703 20.052 0.0 CB 58 
   1089 0.902 0.0 HD21 90 
   33 0.884 0.0 HG23 5 
   1047 54.406 0.0 CA 86 
   396 59.18 0.0 CA 35 
   1097 26.006 0.0 CD2 90 
   122 178.794 0.0 C 13 
   954 116.911 0.0 N 79 
   1188 43.281 0.0 CD 97 
   1296 114.241 0.0 N 106 
   715 99.63 0.0 N 59 
   1274 15.91 0.0 CE 104 
   812 4.191 0.0 HA 68 
   392 1.95 0.0 HB3 35 
   29 0.883 0.0 HG12 5 
   1224 17.772 0.0 CB 101 
   348 174.131 0.0 C 31 
   1023 54.419 0.0 CA 84 
   1045 2.116 0.0 HG3 86 
   206 0.854 0.0 HD23 20 
   156 8.14 0.0 H 17 
   833 28.69 0.0 CB 69 
   873 1.167 0.0 HG21 72 
   648 49.824 0.0 CD 53 
   674 0.1 0.0 HD22 56 
   527 122.697 0.0 N 44 
   405 2.086 0.0 HG3 36 
   101 2.227 0.0 HG2 11 
   987 127.489 0.0 CZ 81 
   147 3.165 0.0 HD3 16 
   567 176.225 0.0 C 48 
   71 1.998 0.0 HB3 9 
   710 -0.209 0.0 HG23 59 
   491 0.921 0.0 HG21 42 
   271 4.022 0.0 HB2 25 
   381 26.709 0.0 CG 33 
   447 29.191 0.0 CG1 39 
   478 132.608 0.0 CD2 41 
   1083 3.798 0.0 HA 90 
   1177 8.717 0.0 H 97 
   347 2.215 0.0 HG3 31 
   165 177.442 0.0 C 17 
   91 56.126 0.0 CA 10 
   466 4.852 0.0 HA 41 
   581 0.789 0.0 HD23 49 
   312 176.07 0.0 C 28 
   1143 4.015 0.0 HA 94 
   368 117.341 0.0 CE2 32 
   973 3.113 0.0 HB2 81 
   863 35.813 0.0 CG 71 
   1212 4.419 0.0 HA 100 
   188 2.03 0.0 HE3 19 
   814 1.811 0.0 HB3 68 
   495 61.316 0.0 CA 42 
   1256 118.379 0.0 CE3 103 
   222 177.928 0.0 C 21 
   592 1.613 0.0 HB2 50 
   1209 45.495 0.0 CA 99 
   821 31.556 0.0 CB 68 
   554 1.442 0.0 HG3 47 
   726 37.813 0.0 CB 60 
   374 3.051 0.0 HD2 33 
   1071 21.209 0.0 CG1 88 
   105 29.983 0.0 CB 11 
   111 1.37 0.0 HB2 12 
   528 7.355 0.0 H 45 
   506 0.893 0.0 HD12 43 
   892 1.915 0.0 HB3 74 
   153 43.249 0.0 CD 16 
   371 4.439 0.0 HA 33 
   1285 120.951 0.0 N 105 
   114 53.207 0.0 CA 12 
   676 1.245 0.0 HG 56 
   10 55.604 0.0 CA 3 
   505 0.893 0.0 HD11 43 
   107 120.956 0.0 N 11 
   257 7.074 0.0 HD1 24 
   273 172.134 0.0 C 25 
   14 8.628 0.0 H 4 
   841 0.635 0.0 HD13 70 
   171 8.19 0.0 H 18 
   272 3.847 0.0 HB3 25 
   610 2.552 0.0 HB3 51 
   992 1.901 0.0 HB3 82 
   1005 1.317 0.0 HG23 83 
   378 54.137 0.0 CA 33 
   800 0.36 0.0 HD21 67 
   1232 2.947 0.0 HE3 102 
   1194 2.763 0.0 HB3 98 
   747 8.206 0.0 H 63 
   1334 24.954 0.0 CD1 109 
   941 4.752 0.0 HA 79 
   44 174.496 0.0 C 6 
   635 43.598 0.0 CD 52 
   53 178.059 0.0 C 7 
   530 3.252 0.0 HB2 45 
   1163 2.236 0.0 HB3 95 
   282 1.162 0.0 HG23 26 
   3 1.935 0.0 HB3 3 
   1299 2.411 0.0 HB2 107 
   903 4.211 0.0 HA 75 
   762 2.185 0.0 HG2 64 
   792 110.754 0.0 NE2 66 
   329 0.252 0.0 HG11 30 
   169 32.011 0.0 CG 17 
   185 2.046 0.0 HB3 19 
   1350 3.803 0.0 HB3 111 
   250 30.144 0.0 CB 23 
   601 55.26 0.0 CA 50 
   707 3.962 0.0 HB 59 
   68 8.245 0.0 H 9 
   952 21.455 0.0 CG1 79 
   1053 2.584 0.0 HB2 87 
   247 1.908 0.0 HG3 23 
   375 2.833 0.0 HD3 33 
   1126 1.663 0.0 HB2 93 
   961 6.559 0.0 HE1 80 
   322 171.729 0.0 C 29 
   179 29.811 0.0 CB 18 
   1345 19.28 0.0 CB 110 
   668 2.211 0.0 HB2 56 
   1277 7.659 0.0 H 105 
   906 175.703 0.0 C 75 
   267 118.071 0.0 CE2 24 
   875 1.167 0.0 HG23 72 
   1176 107.323 0.0 N 96 
   1102 1.437 0.0 HB 91 
   1213 4.108 0.0 HB2 100 
   855 4.692 0.0 HA 71 
   910 8.418 0.0 H 76 
   1187 28.806 0.0 CB 97 
   1260 121.319 0.0 N 103 
   154 27.325 0.0 CG 16 
   1331 176.976 0.0 C 109 
   1156 26.8 0.0 CD1 94 
   369 124.536 0.0 N 32 
   645 178.611 0.0 C 53 
   1211 8.646 0.0 H 100 
   911 4.276 0.0 HA2 76 
   213 26.891 0.0 CG 20 
   644 1.601 0.0 HG3 53 
   691 59.107 0.0 CA 57 
   20 176.331 0.0 C 4 
   279 4.215 0.0 HB 26 
   45 58.096 0.0 CA 6 
   483 9.051 0.0 H 42 
   383 3.616 0.0 HA 34 
   370 8.36 0.0 H 33 
   55 19.004 0.0 CB 7 
   134 8.205 0.0 H 15 
   998 35.923 0.0 CG 82 
   496 38.247 0.0 CB 42 
   1164 2.524 0.0 HG2 95 
   574 1.727 0.0 HB2 49 
   1338 8.637 0.0 H 110 
   1135 174.204 0.0 C 93 
   1039 114.551 0.0 N 85 
   696 8.306 0.0 H 58 
   330 0.252 0.0 HG12 30 
   22 29.994 0.0 CB 4 
   182 7.963 0.0 H 19 
   1035 175.01 0.0 C 85 
   480 130.657 0.0 CE2 41 
   883 8.586 0.0 H 73 
   596 2.85 0.0 HE2 50 
   624 119.432 0.0 N 51 
   490 0.882 0.0 HG13 42 
   268 118.678 0.0 N 24 
   327 4.941 0.0 HA 30 
   599 1.166 0.0 HG3 50 
   398 36.377 0.0 CG 35 
   979 6.755 0.0 HZ 81 
   1116 17.114 0.0 CG2 91 
   174 2.003 0.0 HB3 18 
   1210 105.916 0.0 N 99 
   830 2.202 0.0 HG3 69 
   239 43.459 0.0 CD 22 
   680 24.042 0.0 CD1 56 
   994 2.169 0.0 HG3 82 
   697 3.592 0.0 HA 58 
   207 1.708 0.0 HG 20 
