   807 25.787 0.0 CD1 67 
   275 64.876 0.0 CB 25 
   732 8.751 0.0 H 61 
   881 17.673 0.0 CG2 72 
   633 55.616 0.0 CA 52 
   1187 28.806 0.0 CB 97 
   629 3.283 0.0 HD2 52 
   206 0.854 0.0 HD23 20 
   1000 9.023 0.0 H 83 
   217 2.12 0.0 HB2 21 
   1327 1.014 0.0 HD21 109 
   197 8.034 0.0 H 20 
   502 5.108 0.0 HA 43 
   1328 1.014 0.0 HD22 109 
   343 1.96 0.0 HB2 31 
   27 2.016 0.0 HB 5 
   684 7.214 0.0 H 57 
   841 0.635 0.0 HD13 70 
   1175 45.733 0.0 CA 96 
   649 28.552 0.0 CG 53 
   679 42.559 0.0 CB 56 
   384 3.925 0.0 HB2 34 
   760 3.713 0.0 HD2 64 
   6 2.037 0.0 HE3 3 
   374 3.051 0.0 HD2 33 
   321 3.555 0.0 HB3 29 
   1132 0.068 0.0 HD22 93 
   585 44.054 0.0 CB 49 
   1314 1.807 0.0 HG3 108 
   548 4.133 0.0 HA 47 
   1239 42.11 0.0 CE 102 
   124 18.835 0.0 CB 13 
   1012 4.131 0.0 HA 84 
   722 6.914 0.0 HE1 60 
   1332 55.074 0.0 CA 109 
   307 1.446 0.0 HB3 28 
   1141 120.762 0.0 N 93 
   678 52.687 0.0 CA 56 
   568 54.347 0.0 CA 48 
   187 2.03 0.0 HE2 19 
   719 2.799 0.0 HB3 60 
   1209 45.495 0.0 CA 99 
   981 57.116 0.0 CA 81 
   482 128.169 0.0 N 41 
   51 1.354 0.0 HB2 7 
   599 1.166 0.0 HG3 50 
   1345 19.28 0.0 CB 110 
   63 175.868 0.0 C 8 
   1030 3.622 0.0 HA 85 
   1292 174.911 0.0 C 106 
   892 1.915 0.0 HB3 74 
   1229 1.65 0.0 HD2 102 
   563 1.791 0.0 HB2 48 
   296 0.897 0.0 HD22 27 
   779 114.841 0.0 N 65 
   636 27.315 0.0 CG 52 
   1062 0.724 0.0 HG11 88 
   756 111.934 0.0 N 63 
   843 0.613 0.0 HG13 70 
   398 36.377 0.0 CG 35 
   1300 1.173 0.0 HB3 107 
   306 1.556 0.0 HB2 28 
   791 117.742 0.0 N 66 
   1054 2.509 0.0 HB3 87 
   1349 3.803 0.0 HB2 111 
   170 119.345 0.0 N 17 
   330 0.252 0.0 HG12 30 
   944 0.692 0.0 HG12 79 
   285 72.209 0.0 CB 26 
   650 7.948 0.0 H 54 
   797 -0.04 0.0 HD11 67 
   1262 9.18 0.0 H 104 
   1261 129.285 0.0 NE1 103 
   41 4.402 0.0 HA 6 
   394 2.204 0.0 HG3 35 
   1269 2.941 0.0 HG2 104 
   865 9.013 0.0 H 72 
   612 7.186 0.0 HD2 51 
   815 3.22 0.0 HD2 68 
   1183 1.544 0.0 HG2 97 
   973 3.113 0.0 HB2 81 
   1302 7.911 0.0 HE1 107 
   239 43.459 0.0 CD 22 
   354 9.231 0.0 H 32 
   481 128.301 0.0 CZ 41 
   1053 2.584 0.0 HB2 87 
   47 119.949 0.0 N 6 
   1152 1.717 0.0 HG 94 
   904 3.917 0.0 HB2 75 
   261 175.685 0.0 C 24 
   176 2.198 0.0 HG3 18 
   195 32.102 0.0 CG 19 
   111 1.37 0.0 HB2 12 
   1081 120.776 0.0 N 89 
   507 0.893 0.0 HD13 43 
   606 121.409 0.0 N 50 
   695 109.665 0.0 NE2 57 
   754 67.952 0.0 CB 63 
   755 21.938 0.0 CG2 63 
   1341 1.398 0.0 HB2 110 
   945 0.692 0.0 HG13 79 
   248 176.858 0.0 C 23 
   642 4.012 0.0 HD3 53 
   113 178.397 0.0 C 12 
   972 4.47 0.0 HA 81 
   511 1.668 0.0 HG 43 
   1145 1.482 0.0 HB3 94 
   1120 3.681 0.0 HA3 92 
   519 9.087 0.0 H 44 
   199 1.86 0.0 HB2 20 
   1134 1.465 0.0 HG 93 
   490 0.882 0.0 HG13 42 
   81 1.659 0.0 HB2 10 
   184 2.117 0.0 HB2 19 
   699 0.928 0.0 HB2 58 
   1193 1.534 0.0 HB2 98 
   697 3.592 0.0 HA 58 
   1288 1.513 0.0 HB2 106 
   278 4.43 0.0 HA 26 
   1346 127.482 0.0 N 110 
   614 7.022 0.0 HE2 51 
   202 0.832 0.0 HD12 20 
   729 118.264 0.0 CE1 60 
   1227 1.826 0.0 HB2 102 
   1110 0.555 0.0 HG23 91 
   847 174.815 0.0 C 70 
   208 178.43 0.0 C 20 
   282 1.162 0.0 HG23 26 
   772 1.946 0.0 HB3 65 
   90 178.235 0.0 C 10 
   419 1.757 0.0 HB 38 
   1088 0.758 0.0 HD13 90 
   1270 2.214 0.0 HG3 104 
   690 0.608 0.0 HG3 57 
   941 4.752 0.0 HA 79 
   1279 1.426 0.0 HB1 105 
   331 0.252 0.0 HG13 30 
   420 0.713 0.0 HG11 38 
   213 26.891 0.0 CG 20 
   1091 0.902 0.0 HD23 90 
   970 126.853 0.0 N 80 
   1310 1.86 0.0 HB3 108 
   835 118.394 0.0 N 69 
   325 111.229 0.0 N 29 
   1042 1.871 0.0 HB2 86 
   992 1.901 0.0 HB3 82 
   906 175.703 0.0 C 75 
   287 104.093 0.0 N 26 
   781 4.059 0.0 HA 66 
   1170 117.117 0.0 N 95 
   348 174.131 0.0 C 31 
   531 2.661 0.0 HB3 45 
   62 7.585 0.0 HD22 8 
   961 6.559 0.0 HE1 80 
   37 21.185 0.0 CG1 5 
   517 28.618 0.0 CG 43 
   470 7.257 0.0 HD2 41 
   207 1.708 0.0 HG 20 
   742 1.112 0.0 HB3 62 
   1330 1.647 0.0 HG 109 
   951 34.536 0.0 CB 79 
   485 1.815 0.0 HB 42 
   347 2.215 0.0 HG3 31 
   1128 -0.102 0.0 HD11 93 
   46 64.02 0.0 CB 6 
   158 2.044 0.0 HB2 17 
   784 7.328 0.0 HE21 66 
   334 0.674 0.0 HG23 30 
   116 124.06 0.0 N 12 
   919 1.608 0.0 HB3 77 
   541 3.176 0.0 HB2 46 
   705 6.395 0.0 H 59 
   877 61.763 0.0 CA 72 
   750 1.15 0.0 HG21 63 
   993 2.169 0.0 HG2 82 
   13 31.901 0.0 CG 3 
   44 174.496 0.0 C 6 
   910 8.418 0.0 H 76 
   870 0.687 0.0 HD13 72 
   731 124.377 0.0 N 60 
   628 1.678 0.0 HB3 52 
   774 2.196 0.0 HG3 65 
   373 1.546 0.0 HB3 33 
   483 9.051 0.0 H 42 
   149 1.556 0.0 HG3 16 
   528 7.355 0.0 H 45 
   445 39.072 0.0 CB 39 
   887 57.766 0.0 CA 73 
   1202 43.141 0.0 CD 98 
   975 6.984 0.0 HD1 81 
   1090 0.902 0.0 HD22 90 
   1233 1.398 0.0 HG2 102 
   147 3.165 0.0 HD3 16 
   258 7.074 0.0 HD2 24 
   362 174.519 0.0 C 32 
   1228 1.689 0.0 HB3 102 
   166 57.361 0.0 CA 17 
   595 1.556 0.0 HD3 50 
   1096 23.032 0.0 CD1 90 
   1182 3.087 0.0 HD3 97 
   803 1.287 0.0 HG 67 
   130 175.451 0.0 C 14 
   611 7.186 0.0 HD1 51 
   1336 27.041 0.0 CG 109 
   20 176.331 0.0 C 4 
   52 1.354 0.0 HB3 7 
   5 2.037 0.0 HE2 3 
   608 4.974 0.0 HA 51 
   1198 1.141 0.0 HG3 98 
   1113 37.084 0.0 CB 91 
   654 175.841 0.0 C 54 
   1255 127.212 0.0 CD1 103 
   1326 1.06 0.0 HD13 109 
   1189 27.707 0.0 CG 97 
   129 3.873 0.0 HB3 14 
   1117 116.561 0.0 N 91 
   125 122.326 0.0 N 13 
   123 53.303 0.0 CA 13 
   504 1.708 0.0 HB3 43 
   488 0.685 0.0 HD13 42 
   352 122.553 0.0 N 31 
   400 7.08 0.0 H 36 
   1188 43.281 0.0 CD 97 
   467 3.304 0.0 HB2 41 
   671 0.563 0.0 HD12 56 
   332 0.674 0.0 HG21 30 
   1296 114.241 0.0 N 106 
   141 117.597 0.0 N 15 
   242 7.95 0.0 H 23 
   452 1.871 0.0 HB 40 
   228 7.939 0.0 H 22 
   947 0.488 0.0 HG22 79 
   101 2.227 0.0 HG2 11 
   617 56.966 0.0 CA 51 
   702 54.433 0.0 CA 58 
   1040 6.636 0.0 H 86 
   747 8.206 0.0 H 63 
   990 3.582 0.0 HA 82 
   851 26.419 0.0 CG1 70 
   80 4.197 0.0 HA 10 
   858 2.203 0.0 HG2 71 
   1340 1.398 0.0 HB1 110 
   1320 8.467 0.0 H 109 
   42 3.879 0.0 HB2 6 
   752 1.15 0.0 HG23 63 
   430 18.467 0.0 CG2 38 
   1199 175.018 0.0 C 98 
   721 7.329 0.0 HD2 60 
   114 53.207 0.0 CA 12 
   876 175.825 0.0 C 72 
   1050 114.682 0.0 N 86 
   75 57.507 0.0 CA 9 
   172 4.121 0.0 HA 18 
   1216 64.391 0.0 CB 100 
   920 0.842 0.0 HD11 77 
   979 6.755 0.0 HZ 81 
   535 52.068 0.0 CA 45 
   155 122.38 0.0 N 16 
   773 2.328 0.0 HG2 65 
   299 56.06 0.0 CA 27 
   9 176.016 0.0 C 3 
   393 2.263 0.0 HG2 35 
   785 2.378 0.0 HG2 66 
   522 1.364 0.0 HB2 44 
   131 59.538 0.0 CA 14 
   106 36.09 0.0 CG 11 
   378 54.137 0.0 CA 33 
   559 27.613 0.0 CG 47 
   249 57.172 0.0 CA 23 
   768 28.234 0.0 CG 64 
   1164 2.524 0.0 HG2 95 
   67 112.954 0.0 ND2 8 
   276 113.556 0.0 N 25 
   1138 24.399 0.0 CD1 93 
   315 43.794 0.0 CD 28 
   1102 1.437 0.0 HB 91 
   1031 2.094 0.0 HB2 85 
   240 27.348 0.0 CG 22 
   1078 175.634 0.0 C 89 
   224 28.59 0.0 CB 21 
   1129 -0.102 0.0 HD12 93 
   831 174.904 0.0 C 69 
   1230 1.624 0.0 HD3 102 
   329 0.252 0.0 HG11 30 
   1290 2.19 0.0 HG2 106 
   1149 0.839 0.0 HD21 94 
   701 177.612 0.0 C 58 
   1185 174.894 0.0 C 97 
   437 0.827 0.0 HD13 39 
   477 132.608 0.0 CD1 41 
   1307 117.066 0.0 N 107 
   1309 2.209 0.0 HB2 108 
   716 7.089 0.0 H 60 
   463 21.935 0.0 CG2 40 
   256 2.791 0.0 HB3 24 
   579 0.789 0.0 HD21 49 
   926 1.474 0.0 HG 77 
   431 105.549 0.0 N 38 
   456 0.737 0.0 HG21 40 
   514 42.395 0.0 CB 43 
   798 -0.04 0.0 HD12 67 
   1161 4.384 0.0 HA 95 
   812 4.191 0.0 HA 68 
   555 174.209 0.0 C 47 
   667 4.636 0.0 HA 56 
   271 4.022 0.0 HB2 25 
   177 176.883 0.0 C 18 
   478 132.608 0.0 CD2 41 
   1059 9.051 0.0 H 88 
   214 121.295 0.0 N 20 
   117 8.142 0.0 H 13 
   529 4.564 0.0 HA 45 
   226 118.077 0.0 N 21 
   806 41.98 0.0 CB 67 
   745 20.267 0.0 CB 62 
   402 2.002 0.0 HB2 36 
   888 62.669 0.0 CB 73 
   1058 121.904 0.0 N 87 
   567 176.225 0.0 C 48 
   218 1.928 0.0 HB3 21 
   1158 26.897 0.0 CG 94 
   1282 179.136 0.0 C 105 
   995 178.206 0.0 C 82 
   620 131.545 0.0 CD2 51 
   335 173.89 0.0 C 30 
   1294 30.476 0.0 CB 106 
   1008 68.085 0.0 CB 83 
   553 1.653 0.0 HG2 47 
   635 43.598 0.0 CD 52 
   589 125.107 0.0 N 49 
   655 55.185 0.0 CA 54 
   157 4.205 0.0 HA 17 
   312 176.07 0.0 C 28 
   964 55.493 0.0 CA 80 
   860 175.775 0.0 C 71 
   540 4.13 0.0 HA 46 
   387 61.518 0.0 CA 34 
   1048 34.491 0.0 CB 86 
   465 9.605 0.0 H 41 
   229 4.086 0.0 HA 22 
   830 2.202 0.0 HG3 69 
   844 0.118 0.0 HG21 70 
   105 29.983 0.0 CB 11 
   83 0.86 0.0 HD11 10 
   1103 0.62 0.0 HD11 91 
   1011 6.473 0.0 H 84 
   1052 5.547 0.0 HA 87 
   916 7.499 0.0 H 77 
   1278 3.948 0.0 HA 105 
   1287 3.906 0.0 HA 106 
   683 118.239 0.0 N 56 
   401 4.289 0.0 HA 36 
   82 1.543 0.0 HB3 10 
   185 2.046 0.0 HB3 19 
   723 6.914 0.0 HE2 60 
   65 38.639 0.0 CB 8 
   1297 7.064 0.0 H 107 
   938 45.05 0.0 CA 78 
   1298 4.435 0.0 HA 107 
   546 111.628 0.0 N 46 
   708 -0.209 0.0 HG21 59 
   23 36.128 0.0 CG 4 
   25 8.177 0.0 H 5 
   167 31.857 0.0 CB 17 
   1079 56.08 0.0 CA 89 
   450 8.934 0.0 H 40 
   4 2.037 0.0 HE1 3 
   997 30.452 0.0 CB 82 
   893 3.803 0.0 HD2 74 
   763 1.792 0.0 HG3 64 
   948 0.488 0.0 HG23 79 
   1235 177.978 0.0 C 102 
   453 0.769 0.0 HG11 40 
   704 116.752 0.0 N 58 
   591 5.454 0.0 HA 50 
   1041 4.768 0.0 HA 86 
   1131 0.068 0.0 HD21 93 
   939 109.48 0.0 N 78 
   346 2.141 0.0 HG2 31 
   345 7.418 0.0 HE21 31 
   848 60.153 0.0 CA 70 
   357 2.697 0.0 HB3 32 
   1215 58.114 0.0 CA 100 
   1304 26.649 0.0 CB 107 
   45 58.096 0.0 CA 6 
   666 7.22 0.0 H 56 
   204 0.854 0.0 HD21 20 
   1021 1.476 0.0 HG 84 
   115 18.829 0.0 CB 12 
   914 45.558 0.0 CA 76 
   933 115.627 0.0 N 77 
   691 59.107 0.0 CA 57 
   91 56.126 0.0 CA 10 
   1032 2.265 0.0 HB3 85 
   1190 122.473 0.0 N 97 
   676 1.245 0.0 HG 56 
   837 4.508 0.0 HA 70 
   969 117.499 0.0 CE2 80 
   327 4.941 0.0 HA 30 
   1293 55.883 0.0 CA 106 
   681 23.002 0.0 CD2 56 
   1115 28.558 0.0 CG1 91 
   900 50.653 0.0 CD 74 
   718 3.132 0.0 HB2 60 
   152 30.165 0.0 CB 16 
   1265 2.339 0.0 HB3 104 
   659 4.94 0.0 HA 55 
   570 36.376 0.0 CG 48 
   811 7.214 0.0 H 68 
   71 1.998 0.0 HB3 9 
   243 4.083 0.0 HA 23 
   386 176.483 0.0 C 34 
   558 43.885 0.0 CD 47 
   1020 0.647 0.0 HD23 84 
   32 0.884 0.0 HG22 5 
   1022 175.527 0.0 C 84 
   596 2.85 0.0 HE2 50 
   135 4.394 0.0 HA 15 
   73 2.204 0.0 HG3 9 
   917 4.552 0.0 HA 77 
   1259 121.776 0.0 CZ3 103 
   484 4.729 0.0 HA 42 
   40 8.389 0.0 H 6 
   538 106.735 0.0 ND2 45 
   1203 29.125 0.0 CG 98 
   29 0.883 0.0 HG12 5 
   1156 26.8 0.0 CD1 94 
   1207 3.902 0.0 HA3 99 
   1089 0.902 0.0 HD21 90 
   21 56.669 0.0 CA 4 
   388 62.613 0.0 CB 34 
   466 4.852 0.0 HA 41 
   1236 59.169 0.0 CA 102 
   1348 4.214 0.0 HA 111 
   1148 0.88 0.0 HD13 94 
   189 2.505 0.0 HG2 19 
   911 4.276 0.0 HA2 76 
   601 55.26 0.0 CA 50 
   392 1.95 0.0 HB3 35 
   389 9.379 0.0 H 35 
   942 1.744 0.0 HB 79 
   396 59.18 0.0 CA 35 
   2 2.029 0.0 HB2 3 
   500 123.192 0.0 N 42 
   618 43.776 0.0 CB 51 
   263 38.578 0.0 CB 24 
   866 4.208 0.0 HA 72 
   890 4.309 0.0 HA 74 
   700 0.928 0.0 HB3 58 
   895 2.112 0.0 HG2 74 
   1245 3.08 0.0 HB3 103 
   370 8.36 0.0 H 33 
   196 119.142 0.0 N 19 
   776 59.383 0.0 CA 65 
   783 1.925 0.0 HB3 66 
   436 0.827 0.0 HD12 39 
   494 176.006 0.0 C 42 
   128 3.873 0.0 HB2 14 
   1166 176.559 0.0 C 95 
   501 9.031 0.0 H 43 
   413 3.768 0.0 HA3 37 
   787 175.329 0.0 C 66 
   1350 3.803 0.0 HB3 111 
   58 4.571 0.0 HA 8 
   366 133.168 0.0 CD2 32 
   1016 0.451 0.0 HD12 84 
   584 53.785 0.0 CA 49 
   408 32.757 0.0 CB 36 
   174 2.003 0.0 HB3 18 
   1342 1.398 0.0 HB3 110 
   320 3.731 0.0 HB2 29 
   672 0.563 0.0 HD13 56 
   905 3.917 0.0 HB3 75 
   1006 175.706 0.0 C 83 
   1178 4.322 0.0 HA 97 
   98 4.131 0.0 HA 11 
   922 0.842 0.0 HD13 77 
   154 27.325 0.0 CG 16 
   1301 6.147 0.0 HD2 107 
   255 2.895 0.0 HB2 24 
   411 7.908 0.0 H 37 
   1338 8.637 0.0 H 110 
   600 175.125 0.0 C 50 
   1169 36.454 0.0 CG 95 
   1026 22.07 0.0 CD2 84 
   1003 1.317 0.0 HG21 83 
   999 124.087 0.0 N 82 
   673 0.1 0.0 HD21 56 
   590 8.188 0.0 H 50 
   1057 44.193 0.0 CB 87 
   356 2.875 0.0 HB2 32 
   577 0.712 0.0 HD12 49 
   97 8.147 0.0 H 11 
   710 -0.209 0.0 HG23 59 
   662 175.935 0.0 C 55 
   1108 0.555 0.0 HG21 91 
   566 1.94 0.0 HG3 48 
   962 6.559 0.0 HE2 80 
   1074 8.503 0.0 H 89 
   987 127.489 0.0 CZ 81 
   201 0.832 0.0 HD11 20 
   619 131.545 0.0 CD1 51 
   1063 0.724 0.0 HG12 88 
   827 1.967 0.0 HB2 69 
   416 108.087 0.0 N 37 
   1076 4.014 0.0 HB2 89 
   86 0.81 0.0 HD21 10 
   1312 3.044 0.0 HD3 108 
   582 1.602 0.0 HG 49 
   1285 120.951 0.0 N 105 
   446 15.099 0.0 CD1 39 
   1056 52.907 0.0 CA 87 
   610 2.552 0.0 HB3 51 
   1316 62.878 0.0 CA 108 
   1333 42.849 0.0 CB 109 
   1015 0.451 0.0 HD11 84 
   1331 176.976 0.0 C 109 
   751 1.15 0.0 HG22 63 
   1179 1.643 0.0 HB2 97 
   1007 65.351 0.0 CA 83 
   435 0.827 0.0 HD11 39 
   968 117.499 0.0 CE1 80 
   342 4.566 0.0 HA 31 
   682 26.691 0.0 CG 56 
   1200 56.621 0.0 CA 98 
   459 174.702 0.0 C 40 
   360 6.319 0.0 HE1 32 
   1208 171.528 0.0 C 99 
   849 42.252 0.0 CB 70 
   1039 114.551 0.0 N 85 
   175 2.198 0.0 HG2 18 
   455 0.769 0.0 HG13 40 
   363 57.485 0.0 CA 32 
   1173 3.752 0.0 HA3 96 
   512 178.81 0.0 C 43 
   980 176.311 0.0 C 81 
   883 8.586 0.0 H 73 
   1226 3.979 0.0 HA 102 
   1005 1.317 0.0 HG23 83 
   253 8.087 0.0 H 24 
   1155 41.391 0.0 CB 94 
   10 55.604 0.0 CA 3 
   724 178.019 0.0 C 60 
   1281 1.426 0.0 HB3 105 
   383 3.616 0.0 HA 34 
   60 2.712 0.0 HB3 8 
   1305 119.178 0.0 CD2 107 
   547 7.703 0.0 H 47 
   1023 54.419 0.0 CA 84 
   1101 3.198 0.0 HA 91 
   1299 2.411 0.0 HB2 107 
   15 4.276 0.0 HA 4 
   958 2.826 0.0 HB3 80 
   1222 181.335 0.0 C 101 
   232 3.132 0.0 HD2 22 
   84 0.86 0.0 HD12 10 
   225 33.973 0.0 CG 21 
   1177 8.717 0.0 H 97 
   660 3.288 0.0 HB2 55 
   1276 117.096 0.0 N 104 
   156 8.14 0.0 H 17 
   380 43.753 0.0 CD 33 
   510 0.797 0.0 HD23 43 
   562 5.281 0.0 HA 48 
   581 0.789 0.0 HD23 49 
   509 0.797 0.0 HD22 43 
   94 23.445 0.0 CD2 10 
   66 116.954 0.0 N 8 
   550 1.794 0.0 HB3 47 
   368 117.341 0.0 CE2 32 
   898 65.658 0.0 CA 74 
   840 0.635 0.0 HD12 70 
   274 58.413 0.0 CA 25 
   54 53.151 0.0 CA 7 
   726 37.813 0.0 CB 60 
   634 28.313 0.0 CB 52 
   1218 4.02 0.0 HA 101 
   1324 1.06 0.0 HD11 109 
   19 2.199 0.0 HG3 4 
   119 1.401 0.0 HB1 13 
   205 0.854 0.0 HD22 20 
   693 31.891 0.0 CG 57 
   527 122.697 0.0 N 44 
   1343 176.868 0.0 C 110 
   1311 3.315 0.0 HD2 108 
   93 24.876 0.0 CD1 10 
   646 65.032 0.0 CA 53 
   670 0.563 0.0 HD11 56 
   1069 61.447 0.0 CA 88 
   913 174.359 0.0 C 76 
   802 0.36 0.0 HD23 67 
   476 39.031 0.0 CB 41 
   1123 103.835 0.0 N 92 
   543 175.512 0.0 C 46 
   872 0.696 0.0 HG13 72 
   16 1.968 0.0 HB2 4 
   182 7.963 0.0 H 19 
   1146 0.88 0.0 HD11 94 
   1260 121.319 0.0 N 103 
   996 59.66 0.0 CA 82 
   1142 8.317 0.0 H 94 
   259 6.701 0.0 HE1 24 
   867 1.671 0.0 HB 72 
   28 0.883 0.0 HG11 5 
   266 118.071 0.0 CE1 24 
   247 1.908 0.0 HG3 23 
   316 26.623 0.0 CG 28 
   53 178.059 0.0 C 7 
   770 3.908 0.0 HA 65 
   801 0.36 0.0 HD22 67 
   233 3.132 0.0 HD3 22 
   406 176.435 0.0 C 36 
   421 0.713 0.0 HG12 38 
   1137 41.703 0.0 CB 93 
   328 1.586 0.0 HB 30 
   417 6.622 0.0 H 38 
   1224 17.772 0.0 CB 101 
   998 35.923 0.0 CG 82 
   57 8.312 0.0 H 8 
   498 28.39 0.0 CG1 42 
   1082 8.799 0.0 H 90 
   120 1.401 0.0 HB2 13 
   908 64.358 0.0 CB 75 
   221 2.215 0.0 HG3 21 
   1092 1.466 0.0 HG 90 
   252 119.302 0.0 N 23 
   1353 121.137 0.0 N 111 
   422 0.713 0.0 HG13 38 
   1171 7.722 0.0 H 96 
   1139 22.143 0.0 CD2 93 
   554 1.442 0.0 HG3 47 
   1135 174.204 0.0 C 93 
   534 175.729 0.0 C 45 
   1217 116.809 0.0 N 100 
   727 133.724 0.0 CD1 60 
   439 0.821 0.0 HG13 39 
   1112 64.55 0.0 CA 91 
   1109 0.555 0.0 HG22 91 
   489 1.467 0.0 HG12 42 
   443 174.355 0.0 C 39 
   1119 3.827 0.0 HA2 92 
   930 26.039 0.0 CD1 77 
   861 54.724 0.0 CA 71 
   516 24.929 0.0 CD2 43 
   949 171.397 0.0 C 79 
   816 3.22 0.0 HD3 68 
   162 2.001 0.0 HE3 17 
   1334 24.954 0.0 CD1 109 
   1223 56.234 0.0 CA 101 
   1321 4.315 0.0 HA 109 
   1181 3.087 0.0 HD2 97 
   639 2.014 0.0 HB2 53 
   1014 1.467 0.0 HB3 84 
   879 13.45 0.0 CD1 72 
   1210 105.916 0.0 N 99 
   210 42.252 0.0 CB 20 
   1273 33.268 0.0 CB 104 
   99 1.977 0.0 HB2 11 
   503 2.221 0.0 HB2 43 
   283 174.498 0.0 C 26 
   471 7.087 0.0 HE1 41 
   669 1.046 0.0 HB3 56 
   1275 32.912 0.0 CG 104 
   74 177.247 0.0 C 9 
   733 3.771 0.0 HA2 61 
   451 4.77 0.0 HA 40 
   1070 35.256 0.0 CB 88 
   1072 22.104 0.0 CG2 88 
   525 54.489 0.0 CA 44 
   1055 175.722 0.0 C 87 
   929 42.125 0.0 CB 77 
   1153 178.947 0.0 C 94 
   424 0.574 0.0 HG22 38 
   1002 4.209 0.0 HB 83 
   923 0.824 0.0 HD21 77 
   1066 0.83 0.0 HG22 88 
