   1207 3.902 0.0 HA3 99 
   667 4.636 0.0 HA 56 
   812 4.191 0.0 HA 68 
   765 65.999 0.0 CA 64 
   1061 1.943 0.0 HB 88 
   995 178.206 0.0 C 82 
   1353 121.137 0.0 N 111 
   1036 57.064 0.0 CA 85 
   220 2.502 0.0 HG2 21 
   1224 17.772 0.0 CB 101 
   835 118.394 0.0 N 69 
   345 7.418 0.0 HE21 31 
   320 3.731 0.0 HB2 29 
   795 1.403 0.0 HB2 67 
   259 6.701 0.0 HE1 24 
   1104 0.62 0.0 HD12 91 
   244 1.795 0.0 HB2 23 
   517 28.618 0.0 CG 43 
   1159 119.88 0.0 N 94 
   586 25.513 0.0 CD1 49 
   361 6.319 0.0 HE2 32 
   407 56.237 0.0 CA 36 
   1208 171.528 0.0 C 99 
   1261 129.285 0.0 NE1 103 
   617 56.966 0.0 CA 51 
   1149 0.839 0.0 HD21 94 
   750 1.15 0.0 HG21 63 
   1245 3.08 0.0 HB3 103 
   276 113.556 0.0 N 25 
   533 7.365 0.0 HD22 45 
   616 176.043 0.0 C 51 
   839 0.635 0.0 HD11 70 
   95 26.946 0.0 CG 10 
   1066 0.83 0.0 HG22 88 
   130 175.451 0.0 C 14 
   848 60.153 0.0 CA 70 
   1225 8.543 0.0 H 102 
   1176 107.323 0.0 N 96 
   850 14.445 0.0 CD1 70 
   1297 7.064 0.0 H 107 
   441 0.365 0.0 HG22 39 
   462 21.236 0.0 CG1 40 
   417 6.622 0.0 H 38 
   477 132.608 0.0 CD1 41 
   1316 62.878 0.0 CA 108 
   1127 1.079 0.0 HB3 93 
   528 7.355 0.0 H 45 
   761 3.801 0.0 HD3 64 
   144 1.84 0.0 HB2 16 
   883 8.586 0.0 H 73 
   829 2.202 0.0 HG2 69 
   1262 9.18 0.0 H 104 
   484 4.729 0.0 HA 42 
   1168 29.663 0.0 CB 95 
   767 49.993 0.0 CD 64 
   488 0.685 0.0 HD13 42 
   3 1.935 0.0 HB3 3 
   1098 26.895 0.0 CG 90 
   422 0.713 0.0 HG13 38 
   104 57.085 0.0 CA 11 
   290 1.67 0.0 HB2 27 
   215 8.157 0.0 H 21 
   459 174.702 0.0 C 40 
   1099 129.702 0.0 N 90 
   39 121.499 0.0 N 5 
   734 3.361 0.0 HA3 61 
   380 43.753 0.0 CD 33 
   963 175.006 0.0 C 80 
   1223 56.234 0.0 CA 101 
   690 0.608 0.0 HG3 57 
   1326 1.06 0.0 HD13 109 
   1048 34.491 0.0 CB 86 
   1321 4.315 0.0 HA 109 
   238 30.597 0.0 CB 22 
   1166 176.559 0.0 C 95 
   79 8.06 0.0 H 10 
   1184 1.434 0.0 HG3 97 
   695 109.665 0.0 NE2 57 
   689 1.708 0.0 HG2 57 
   1241 119.022 0.0 N 102 
   743 177.761 0.0 C 62 
   480 130.657 0.0 CE2 41 
   1082 8.799 0.0 H 90 
   519 9.087 0.0 H 44 
   1227 1.826 0.0 HB2 102 
   1071 21.209 0.0 CG1 88 
   589 125.107 0.0 N 49 
   683 118.239 0.0 N 56 
   962 6.559 0.0 HE2 80 
   359 6.794 0.0 HD2 32 
   317 123.653 0.0 N 28 
   1017 0.451 0.0 HD13 84 
   283 174.498 0.0 C 26 
   1291 1.91 0.0 HG3 106 
   755 21.938 0.0 CG2 63 
   1210 105.916 0.0 N 99 
   420 0.713 0.0 HG11 38 
   967 133.192 0.0 CD2 80 
   1074 8.503 0.0 H 89 
   473 6.866 0.0 HZ 41 
   116 124.06 0.0 N 12 
   1156 26.8 0.0 CD1 94 
   740 1.112 0.0 HB1 62 
   1153 178.947 0.0 C 94 
   998 35.923 0.0 CG 82 
   193 32.162 0.0 CB 19 
   555 174.209 0.0 C 47 
   592 1.613 0.0 HB2 50 
   1314 1.807 0.0 HG3 108 
   597 2.649 0.0 HE3 50 
   892 1.915 0.0 HB3 74 
   27 2.016 0.0 HB 5 
   917 4.552 0.0 HA 77 
   308 3.145 0.0 HD2 28 
   65 38.639 0.0 CB 8 
   162 2.001 0.0 HE3 17 
   810 117.57 0.0 N 67 
   599 1.166 0.0 HG3 50 
   828 1.967 0.0 HB3 69 
   1118 7.314 0.0 H 92 
   66 116.954 0.0 N 8 
   1246 7.018 0.0 HD1 103 
   1181 3.087 0.0 HD2 97 
   127 4.342 0.0 HA 14 
   939 109.48 0.0 N 78 
   910 8.418 0.0 H 76 
   68 8.245 0.0 H 9 
   702 54.433 0.0 CA 58 
   608 4.974 0.0 HA 51 
   463 21.935 0.0 CG2 40 
   257 7.074 0.0 HD1 24 
   400 7.08 0.0 H 36 
   384 3.925 0.0 HB2 34 
   1103 0.62 0.0 HD11 91 
   174 2.003 0.0 HB3 18 
   1339 4.335 0.0 HA 110 
   1012 4.131 0.0 HA 84 
   59 2.776 0.0 HB2 8 
   93 24.876 0.0 CD1 10 
   296 0.897 0.0 HD22 27 
   188 2.03 0.0 HE3 19 
   516 24.929 0.0 CD2 43 
   1064 0.724 0.0 HG13 88 
   1299 2.411 0.0 HB2 107 
   1346 127.482 0.0 N 110 
   404 2.193 0.0 HG2 36 
   725 60.827 0.0 CA 60 
   432 9.458 0.0 H 39 
   534 175.729 0.0 C 45 
   808 23.38 0.0 CD2 67 
   571 120.823 0.0 N 48 
   413 3.768 0.0 HA3 37 
   250 30.144 0.0 CB 23 
   518 128.415 0.0 N 43 
   89 1.587 0.0 HG 10 
   292 0.75 0.0 HD11 27 
   409 36.871 0.0 CG 36 
   177 176.883 0.0 C 18 
   309 3.084 0.0 HD3 28 
   930 26.039 0.0 CD1 77 
   950 59.293 0.0 CA 79 
   538 106.735 0.0 ND2 45 
   454 0.769 0.0 HG12 40 
   596 2.85 0.0 HE2 50 
   799 -0.04 0.0 HD13 67 
   752 1.15 0.0 HG23 63 
   1278 3.948 0.0 HA 105 
   708 -0.209 0.0 HG21 59 
   748 4.522 0.0 HA 63 
   1000 9.023 0.0 H 83 
   849 42.252 0.0 CB 70 
   321 3.555 0.0 HB3 29 
   735 174.325 0.0 C 61 
   468 2.612 0.0 HB3 41 
   493 0.921 0.0 HG23 42 
   1008 68.085 0.0 CB 83 
   1092 1.466 0.0 HG 90 
   870 0.687 0.0 HD13 72 
   1221 1.459 0.0 HB3 101 
   1069 61.447 0.0 CA 88 
   444 61.503 0.0 CA 39 
   791 117.742 0.0 N 66 
   197 8.034 0.0 H 20 
   1188 43.281 0.0 CD 97 
   1164 2.524 0.0 HG2 95 
   231 1.794 0.0 HB3 22 
   871 1.629 0.0 HG12 72 
   621 131.675 0.0 CE1 51 
   1054 2.509 0.0 HB3 87 
   175 2.198 0.0 HG2 18 
   211 25.394 0.0 CD1 20 
   313 56.669 0.0 CA 28 
   369 124.536 0.0 N 32 
   1340 1.398 0.0 HB1 110 
   1018 0.647 0.0 HD21 84 
   209 56.978 0.0 CA 20 
   906 175.703 0.0 C 75 
   575 1.555 0.0 HB3 49 
   511 1.668 0.0 HG 43 
   108 8.113 0.0 H 12 
   442 0.365 0.0 HG23 39 
   696 8.306 0.0 H 58 
   252 119.302 0.0 N 23 
   882 129.755 0.0 N 72 
   652 2.966 0.0 HB2 54 
   348 174.131 0.0 C 31 
   881 17.673 0.0 CG2 72 
   405 2.086 0.0 HG3 36 
   1016 0.451 0.0 HD12 84 
   368 117.341 0.0 CE2 32 
   1266 2.298 0.0 HE1 104 
   846 0.118 0.0 HG23 70 
   1047 54.406 0.0 CA 86 
   364 38.922 0.0 CB 32 
   126 8.165 0.0 H 14 
   299 56.06 0.0 CA 27 
   1300 1.173 0.0 HB3 107 
   1030 3.622 0.0 HA 85 
   383 3.616 0.0 HA 34 
   524 176.981 0.0 C 44 
   427 58.127 0.0 CA 38 
   1056 52.907 0.0 CA 87 
   645 178.611 0.0 C 53 
   172 4.121 0.0 HA 18 
   611 7.186 0.0 HD1 51 
   811 7.214 0.0 H 68 
   1232 2.947 0.0 HE3 102 
   113 178.397 0.0 C 12 
   1178 4.322 0.0 HA 97 
   157 4.205 0.0 HA 17 
   263 38.578 0.0 CB 24 
   1198 1.141 0.0 HG3 98 
   1199 175.018 0.0 C 98 
   612 7.186 0.0 HD2 51 
   457 0.737 0.0 HG22 40 
   1259 121.776 0.0 CZ3 103 
   98 4.131 0.0 HA 11 
   768 28.234 0.0 CG 64 
   21 56.669 0.0 CA 4 
   249 57.172 0.0 CA 23 
   568 54.347 0.0 CA 48 
   876 175.825 0.0 C 72 
   864 126.24 0.0 N 71 
   1112 64.55 0.0 CA 91 
   279 4.215 0.0 HB 26 
   858 2.203 0.0 HG2 71 
   1352 64.896 0.0 CB 111 
   1004 1.317 0.0 HG22 83 
   216 4.037 0.0 HA 21 
   245 1.795 0.0 HB3 23 
   559 27.613 0.0 CG 47 
   110 1.37 0.0 HB1 12 
   5 2.037 0.0 HE2 3 
   452 1.871 0.0 HB 40 
   1010 115.091 0.0 N 83 
   794 4.296 0.0 HA 67 
   205 0.854 0.0 HD22 20 
   536 37.016 0.0 CB 45 
   1191 7.999 0.0 H 98 
   246 1.981 0.0 HG2 23 
   42 3.879 0.0 HB2 6 
   941 4.752 0.0 HA 79 
   385 3.839 0.0 HB3 34 
   643 2.087 0.0 HG2 53 
   1174 174.742 0.0 C 96 
   28 0.883 0.0 HG11 5 
   46 64.02 0.0 CB 6 
   466 4.852 0.0 HA 41 
   479 130.657 0.0 CE1 41 
   408 32.757 0.0 CB 36 
   1125 3.727 0.0 HA 93 
   1318 50.22 0.0 CD 108 
   588 27.673 0.0 CG 49 
   36 32.906 0.0 CB 5 
   138 175.478 0.0 C 15 
   300 43.838 0.0 CB 27 
   1134 1.465 0.0 HG 93 
   501 9.031 0.0 H 43 
   196 119.142 0.0 N 19 
   785 2.378 0.0 HG2 66 
   240 27.348 0.0 CG 22 
   506 0.893 0.0 HD12 43 
   414 174.303 0.0 C 37 
   9 176.016 0.0 C 3 
   436 0.827 0.0 HD12 39 
   200 1.476 0.0 HB3 20 
   821 31.556 0.0 CB 68 
   926 1.474 0.0 HG 77 
   719 2.799 0.0 HB3 60 
   288 9.148 0.0 H 27 
   827 1.967 0.0 HB2 69 
   419 1.757 0.0 HB 38 
   736 45.0 0.0 CA 61 
   1060 4.191 0.0 HA 88 
   932 26.477 0.0 CG 77 
   2 2.029 0.0 HB2 3 
   235 1.535 0.0 HG3 22 
   818 1.681 0.0 HG3 68 
   118 4.218 0.0 HA 13 
   651 4.702 0.0 HA 54 
   485 1.815 0.0 HB 42 
   323 57.62 0.0 CA 29 
   1093 177.109 0.0 C 90 
   1325 1.06 0.0 HD12 109 
   1179 1.643 0.0 HB2 97 
   379 30.12 0.0 CB 33 
   333 0.674 0.0 HG22 30 
   375 2.833 0.0 HD3 33 
   286 22.829 0.0 CG2 26 
   94 23.445 0.0 CD2 10 
   639 2.014 0.0 HB2 53 
   899 31.733 0.0 CB 74 
   1263 3.644 0.0 HA 104 
   1317 32.352 0.0 CB 108 
   656 39.184 0.0 CB 54 
   1189 27.707 0.0 CG 97 
   101 2.227 0.0 HG2 11 
   390 4.039 0.0 HA 35 
   550 1.794 0.0 HB3 47 
   1075 4.745 0.0 HA 89 
   206 0.854 0.0 HD23 20 
   1023 54.419 0.0 CA 84 
   703 20.052 0.0 CB 58 
   202 0.832 0.0 HD12 20 
   999 124.087 0.0 N 82 
   653 2.515 0.0 HB3 54 
   496 38.247 0.0 CB 42 
   975 6.984 0.0 HD1 81 
   391 1.95 0.0 HB2 35 
   1204 125.256 0.0 N 98 
   1255 127.212 0.0 CD1 103 
   909 109.127 0.0 N 75 
   285 72.209 0.0 CB 26 
   1274 15.91 0.0 CE 104 
   601 55.26 0.0 CA 50 
   1005 1.317 0.0 HG23 83 
   318 7.994 0.0 H 29 
   742 1.112 0.0 HB3 62 
   521 1.364 0.0 HB1 44 
   660 3.288 0.0 HB2 55 
   937 170.501 0.0 C 78 
   507 0.893 0.0 HD13 43 
   806 41.98 0.0 CB 67 
   284 59.488 0.0 CA 26 
   1013 1.467 0.0 HB2 84 
   322 171.729 0.0 C 29 
   125 122.326 0.0 N 13 
   35 62.128 0.0 CA 5 
   1084 1.612 0.0 HB2 90 
   1019 0.647 0.0 HD22 84 
   247 1.908 0.0 HG3 23 
   775 178.76 0.0 C 65 
   625 9.528 0.0 H 52 
   140 63.455 0.0 CB 15 
   1280 1.426 0.0 HB2 105 
   1067 0.83 0.0 HG23 88 
   640 2.014 0.0 HB3 53 
   398 36.377 0.0 CG 35 
   522 1.364 0.0 HB2 44 
   699 0.928 0.0 HB2 58 
   316 26.623 0.0 CG 28 
   40 8.389 0.0 H 6 
   30 0.883 0.0 HG13 5 
   456 0.737 0.0 HG21 40 
   328 1.586 0.0 HB 30 
   578 0.712 0.0 HD13 49 
   561 8.308 0.0 H 48 
   346 2.141 0.0 HG2 31 
   1231 2.947 0.0 HE2 102 
   114 53.207 0.0 CA 12 
   831 174.904 0.0 C 69 
   929 42.125 0.0 CB 77 
   1284 17.87 0.0 CB 105 
   319 4.528 0.0 HA 29 
   45 58.096 0.0 CA 6 
   502 5.108 0.0 HA 43 
   80 4.197 0.0 HA 10 
   64 53.841 0.0 CA 8 
   1296 114.241 0.0 N 106 
   273 172.134 0.0 C 25 
   26 4.098 0.0 HA 5 
   1267 2.298 0.0 HE2 104 
   173 2.003 0.0 HB2 18 
   338 20.464 0.0 CG1 30 
   903 4.211 0.0 HA 75 
   248 176.858 0.0 C 23 
   416 108.087 0.0 N 37 
   1285 120.951 0.0 N 105 
   1020 0.647 0.0 HD23 84 
   614 7.022 0.0 HE2 51 
   472 7.087 0.0 HE2 41 
   448 19.58 0.0 CG2 39 
   1187 28.806 0.0 CB 97 
   386 176.483 0.0 C 34 
   1124 7.615 0.0 H 93 
   217 2.12 0.0 HB2 21 
   764 179.483 0.0 C 64 
   1336 27.041 0.0 CG 109 
   800 0.36 0.0 HD21 67 
   602 35.539 0.0 CB 50 
   632 1.861 0.0 HG3 52 
   622 131.675 0.0 CE2 51 
   1009 23.764 0.0 CG2 83 
   1218 4.02 0.0 HA 101 
   822 43.453 0.0 CD 68 
   1260 121.319 0.0 N 103 
   971 8.68 0.0 H 81 
   1033 2.205 0.0 HG2 85 
   16 1.968 0.0 HB2 4 
   620 131.545 0.0 CD2 51 
   1050 114.682 0.0 N 86 
   1290 2.19 0.0 HG2 106 
   1185 174.894 0.0 C 97 
   541 3.176 0.0 HB2 46 
   890 4.309 0.0 HA 74 
   1295 36.323 0.0 CG 106 
   1303 53.158 0.0 CA 107 
   1301 6.147 0.0 HD2 107 
   1131 0.068 0.0 HD21 93 
   103 177.123 0.0 C 11 
   756 111.934 0.0 N 63 
   1193 1.534 0.0 HB2 98 
   819 177.1 0.0 C 68 
   1076 4.014 0.0 HB2 89 
   738 8.104 0.0 H 62 
   234 1.658 0.0 HG2 22 
   1307 117.066 0.0 N 107 
   837 4.508 0.0 HA 70 
   688 7.208 0.0 HE21 57 
   1180 1.643 0.0 HB3 97 
   624 119.432 0.0 N 51 
   898 65.658 0.0 CA 74 
   1349 3.803 0.0 HB2 111 
   221 2.215 0.0 HG3 21 
   255 2.895 0.0 HB2 24 
   315 43.794 0.0 CD 28 
   1192 3.921 0.0 HA 98 
   940 8.683 0.0 H 79 
   458 0.737 0.0 HG23 40 
   982 38.413 0.0 CB 81 
   443 174.355 0.0 C 39 
   728 133.724 0.0 CD2 60 
   587 23.991 0.0 CD2 49 
   946 0.488 0.0 HG21 79 
   491 0.921 0.0 HG21 42 
   1272 60.65 0.0 CA 104 
   1042 1.871 0.0 HB2 86 
   823 27.438 0.0 CG 68 
   1309 2.209 0.0 HB2 108 
   919 1.608 0.0 HB3 77 
   176 2.198 0.0 HG3 18 
   1302 7.911 0.0 HE1 107 
   783 1.925 0.0 HB3 66 
   942 1.744 0.0 HB 79 
   944 0.692 0.0 HG12 79 
   262 58.621 0.0 CA 24 
   415 46.016 0.0 CA 37 
   551 3.179 0.0 HD2 47 
   295 0.897 0.0 HD21 27 
   891 2.382 0.0 HB2 74 
   421 0.713 0.0 HG12 38 
   1143 4.015 0.0 HA 94 
   691 59.107 0.0 CA 57 
   87 0.81 0.0 HD22 10 
   62 7.585 0.0 HD22 8 
   337 34.762 0.0 CB 30 
   171 8.19 0.0 H 18 
   964 55.493 0.0 CA 80 
   928 54.378 0.0 CA 77 
   1283 54.605 0.0 CA 105 
   1276 117.096 0.0 N 104 
   537 114.155 0.0 N 45 
   341 8.341 0.0 H 31 
   297 0.897 0.0 HD23 27 
   644 1.601 0.0 HG3 53 
   1123 103.835 0.0 N 92 
   655 55.185 0.0 CA 54 
   224 28.59 0.0 CB 21 
   994 2.169 0.0 HG3 82 
   201 0.832 0.0 HD11 20 
   306 1.556 0.0 HB2 28 
   1155 41.391 0.0 CB 94 
   219 7.622 0.0 HE21 21 
   1203 29.125 0.0 CG 98 
   1027 26.393 0.0 CG 84 
   1122 47.672 0.0 CA 92 
   1079 56.08 0.0 CA 89 
   134 8.205 0.0 H 15 
   733 3.771 0.0 HA2 61 
   809 25.235 0.0 CG 67 
   935 4.601 0.0 HA2 78 
   693 31.891 0.0 CG 57 
   489 1.467 0.0 HG12 42 
   471 7.087 0.0 HE1 41 
   574 1.727 0.0 HB2 49 
   1186 55.877 0.0 CA 97 
   698 0.928 0.0 HB1 58 
   1239 42.11 0.0 CE 102 
   424 0.574 0.0 HG22 38 
   75 57.507 0.0 CA 9 
   1233 1.398 0.0 HG2 102 
   440 0.365 0.0 HG21 39 
   170 119.345 0.0 N 17 
   1200 56.621 0.0 CA 98 
   1306 134.424 0.0 CE1 107 
   1268 2.298 0.0 HE3 104 
   684 7.214 0.0 H 57 
   1090 0.902 0.0 HD22 90 
   1139 22.143 0.0 CD2 93 
   373 1.546 0.0 HB3 33 
   423 0.574 0.0 HG21 38 
   52 1.354 0.0 HB3 7 
   676 1.245 0.0 HG 56 
   465 9.605 0.0 H 41 
   1322 1.658 0.0 HB2 109 
   619 131.545 0.0 CD1 51 
   464 126.626 0.0 N 40 
   449 122.144 0.0 N 39 
   499 17.509 0.0 CG2 42 
   1264 2.067 0.0 HB2 104 
   692 28.159 0.0 CB 57 
   980 176.311 0.0 C 81 
   677 175.248 0.0 C 56 
   1006 175.706 0.0 C 83 
   1177 8.717 0.0 H 97 
   633 55.616 0.0 CA 52 
   981 57.116 0.0 CA 81 
   403 1.619 0.0 HB3 36 
   1136 58.032 0.0 CA 93 
   504 1.708 0.0 HB3 43 
   668 2.211 0.0 HB2 56 
   805 53.307 0.0 CA 67 
   121 1.401 0.0 HB3 13 
   1313 1.807 0.0 HG2 108 
   237 57.61 0.0 CA 22 
   641 3.873 0.0 HD2 53 
   167 31.857 0.0 CB 17 
   78 121.267 0.0 N 9 
   1044 2.428 0.0 HG2 86 
   1028 116.818 0.0 N 84 
   1250 6.476 0.0 HZ2 103 
   73 2.204 0.0 HG3 9 
   168 16.963 0.0 CE 17 
   1102 1.437 0.0 HB 91 
   694 124.612 0.0 N 57 
   1344 52.539 0.0 CA 110 
   1117 116.561 0.0 N 91 
   868 0.687 0.0 HD11 72 
   396 59.18 0.0 CA 35 
   535 52.068 0.0 CA 45 
   1215 58.114 0.0 CA 100 
   1294 30.476 0.0 CB 106 
   686 1.24 0.0 HB2 57 
   520 3.968 0.0 HA 44 
   618 43.776 0.0 CB 51 
   265 132.98 0.0 CD2 24 
   1119 3.827 0.0 HA2 92 
   560 121.275 0.0 N 47 
   803 1.287 0.0 HG 67 
   1160 7.738 0.0 H 95 
   310 1.564 0.0 HG2 28 
   271 4.022 0.0 HB2 25 
   1011 6.473 0.0 H 84 
   339 23.077 0.0 CG2 30 
   1058 121.904 0.0 N 87 
   1308 4.342 0.0 HA 108 
   227 111.873 0.0 NE2 21 
   1190 122.473 0.0 N 97 
   439 0.821 0.0 HG13 39 
   81 1.659 0.0 HB2 10 
   997 30.452 0.0 CB 82 
   445 39.072 0.0 CB 39 
   1311 3.315 0.0 HD2 108 
   395 177.168 0.0 C 35 
   539 8.1 0.0 H 46 
   228 7.939 0.0 H 22 
   674 0.1 0.0 HD22 56 
   469 7.257 0.0 HD1 41 
   389 9.379 0.0 H 35 
   362 174.519 0.0 C 32 
   513 54.59 0.0 CA 43 
   1080 64.469 0.0 CB 89 
   992 1.901 0.0 HB3 82 
   824 116.991 0.0 N 68 
   1052 5.547 0.0 HA 87 
   261 175.685 0.0 C 24 
   576 0.712 0.0 HD11 49 
   1107 0.614 0.0 HG13 91 
   610 2.552 0.0 HB3 51 
   1315 176.899 0.0 C 108 
   99 1.977 0.0 HB2 11 
   896 2.031 0.0 HG3 74 
   949 171.397 0.0 C 79 
   1206 3.902 0.0 HA2 99 
   1146 0.88 0.0 HD11 94 
   239 43.459 0.0 CD 22 
   931 23.53 0.0 CD2 77 
   523 1.364 0.0 HB3 44 
   1292 174.911 0.0 C 106 
   741 1.112 0.0 HB2 62 
   716 7.089 0.0 H 60 
   754 67.952 0.0 CB 63 
   124 18.835 0.0 CB 13 
   920 0.842 0.0 HD11 77 
   218 1.928 0.0 HB3 21 
   875 1.167 0.0 HG23 72 
   594 1.556 0.0 HD2 50 
   60 2.712 0.0 HB3 8 
   895 2.112 0.0 HG2 74 
   878 38.256 0.0 CB 72 
   647 30.867 0.0 CB 53 
   431 105.549 0.0 N 38 
   591 5.454 0.0 HA 50 
   86 0.81 0.0 HD21 10 
   282 1.162 0.0 HG23 26 
   303 119.999 0.0 N 27 
   184 2.117 0.0 HB2 19 
   569 32.524 0.0 CB 48 
   549 1.794 0.0 HB2 47 
   1219 1.459 0.0 HB1 101 
   731 124.377 0.0 N 60 
   1234 1.301 0.0 HG3 102 
   1341 1.398 0.0 HB2 110 
   663 55.404 0.0 CA 55 
   483 9.051 0.0 H 42 
   757 3.427 0.0 HA 64 
   595 1.556 0.0 HD3 50 
   1137 41.703 0.0 CB 93 
   437 0.827 0.0 HD13 39 
   777 28.454 0.0 CB 65 
   1350 3.803 0.0 HB3 111 
   1094 57.642 0.0 CA 90 
   70 1.998 0.0 HB2 9 
   954 116.911 0.0 N 79 
   289 4.249 0.0 HA 27 
   304 9.619 0.0 H 28 
   133 114.553 0.0 N 14 
   500 123.192 0.0 N 42 
   1333 42.849 0.0 CB 109 
   978 6.86 0.0 HE2 81 
   355 4.887 0.0 HA 32 
   53 178.059 0.0 C 7 
   24 122.855 0.0 N 4 
   214 121.295 0.0 N 20 
   1211 8.646 0.0 H 100 
   232 3.132 0.0 HD2 22 
   678 52.687 0.0 CA 56 
   977 6.86 0.0 HE1 81 
   913 174.359 0.0 C 76 
   6 2.037 0.0 HE3 3 
   1213 4.108 0.0 HB2 100 
   834 35.395 0.0 CG 69 
   14 8.628 0.0 H 4 
   10 55.604 0.0 CA 3 
   556 57.292 0.0 CA 47 
   198 4.193 0.0 HA 20 
   763 1.792 0.0 HG3 64 
   57 8.312 0.0 H 8 
   48 8.431 0.0 H 7 
   112 1.37 0.0 HB3 12 
   697 3.592 0.0 HA 58 
   986 130.512 0.0 CE2 81 
   788 57.206 0.0 CA 66 
   503 2.221 0.0 HB2 43 
   985 130.512 0.0 CE1 81 
   542 2.79 0.0 HB3 46 
   1096 23.032 0.0 CD1 90 
   22 29.994 0.0 CB 4 
   270 4.133 0.0 HA 25 
   1304 26.649 0.0 CB 107 
   254 4.315 0.0 HA 24 
   959 6.868 0.0 HD1 80 
   343 1.96 0.0 HB2 31 
   213 26.891 0.0 CG 20 
   142 8.148 0.0 H 16 
   885 4.148 0.0 HB2 73 
