   1164 2.524 0.0 HG2 95 
   523 1.364 0.0 HB3 44 
   218 1.928 0.0 HB3 21 
   852 18.6 0.0 CG2 70 
   693 31.891 0.0 CG 57 
   11 32.91 0.0 CB 3 
   142 8.148 0.0 H 16 
   633 55.616 0.0 CA 52 
   371 4.439 0.0 HA 33 
   195 32.102 0.0 CG 19 
   1199 175.018 0.0 C 98 
   618 43.776 0.0 CB 51 
   646 65.032 0.0 CA 53 
   1056 52.907 0.0 CA 87 
   1250 6.476 0.0 HZ2 103 
   1093 177.109 0.0 C 90 
   99 1.977 0.0 HB2 11 
   198 4.193 0.0 HA 20 
   732 8.751 0.0 H 61 
   94 23.445 0.0 CD2 10 
   720 7.329 0.0 HD1 60 
   671 0.563 0.0 HD12 56 
   1039 114.551 0.0 N 85 
   53 178.059 0.0 C 7 
   685 2.151 0.0 HA 57 
   388 62.613 0.0 CB 34 
   243 4.083 0.0 HA 23 
   664 42.87 0.0 CB 55 
   188 2.03 0.0 HE3 19 
   891 2.382 0.0 HB2 74 
   384 3.925 0.0 HB2 34 
   572 9.364 0.0 H 49 
   999 124.087 0.0 N 82 
   1054 2.509 0.0 HB3 87 
   259 6.701 0.0 HE1 24 
   412 3.965 0.0 HA2 37 
   1323 1.528 0.0 HB3 109 
   1319 26.852 0.0 CG 108 
   1059 9.051 0.0 H 88 
   1267 2.298 0.0 HE2 104 
   418 4.915 0.0 HA 38 
   844 0.118 0.0 HG21 70 
   1087 0.758 0.0 HD12 90 
   336 60.933 0.0 CA 30 
   821 31.556 0.0 CB 68 
   1266 2.298 0.0 HE1 104 
   695 109.665 0.0 NE2 57 
   450 8.934 0.0 H 40 
   1128 -0.102 0.0 HD11 93 
   1129 -0.102 0.0 HD12 93 
   375 2.833 0.0 HD3 33 
   237 57.61 0.0 CA 22 
   161 2.001 0.0 HE2 17 
   257 7.074 0.0 HD1 24 
   983 131.99 0.0 CD1 81 
   980 176.311 0.0 C 81 
   1345 19.28 0.0 CB 110 
   1110 0.555 0.0 HG23 91 
   1047 54.406 0.0 CA 86 
   365 133.168 0.0 CD1 32 
   982 38.413 0.0 CB 81 
   1098 26.895 0.0 CG 90 
   111 1.37 0.0 HB2 12 
   841 0.635 0.0 HD13 70 
   801 0.36 0.0 HD22 67 
   402 2.002 0.0 HB2 36 
   698 0.928 0.0 HB1 58 
   377 1.378 0.0 HG3 33 
   1152 1.717 0.0 HG 94 
   1012 4.131 0.0 HA 84 
   325 111.229 0.0 N 29 
   1227 1.826 0.0 HB2 102 
   532 6.441 0.0 HD21 45 
   314 32.647 0.0 CB 28 
   910 8.418 0.0 H 76 
   514 42.395 0.0 CB 43 
   564 1.672 0.0 HB3 48 
   1067 0.83 0.0 HG23 88 
   1247 9.086 0.0 HE1 103 
   105 29.983 0.0 CB 11 
   1081 120.776 0.0 N 89 
   1347 7.888 0.0 H 111 
   423 0.574 0.0 HG21 38 
   35 62.128 0.0 CA 5 
   871 1.629 0.0 HG12 72 
   991 1.901 0.0 HB2 82 
   951 34.536 0.0 CB 79 
   867 1.671 0.0 HB 72 
   1258 114.304 0.0 CZ2 103 
   605 26.043 0.0 CG 50 
   766 31.923 0.0 CB 64 
   1115 28.558 0.0 CG1 91 
   850 14.445 0.0 CD1 70 
   178 58.414 0.0 CA 18 
   877 61.763 0.0 CA 72 
   1122 47.672 0.0 CA 92 
   536 37.016 0.0 CB 45 
   297 0.897 0.0 HD23 27 
   673 0.1 0.0 HD21 56 
   1292 174.911 0.0 C 106 
   1220 1.459 0.0 HB2 101 
   794 4.296 0.0 HA 67 
   129 3.873 0.0 HB3 14 
   89 1.587 0.0 HG 10 
   186 2.03 0.0 HE1 19 
   754 67.952 0.0 CB 63 
   1343 176.868 0.0 C 110 
   219 7.622 0.0 HE21 21 
   548 4.133 0.0 HA 47 
   364 38.922 0.0 CB 32 
   1239 42.11 0.0 CE 102 
   1318 50.22 0.0 CD 108 
   1071 21.209 0.0 CG1 88 
   652 2.966 0.0 HB2 54 
   862 32.946 0.0 CB 71 
   308 3.145 0.0 HD2 28 
   262 58.621 0.0 CA 24 
   890 4.309 0.0 HA 74 
   1294 30.476 0.0 CB 106 
   1142 8.317 0.0 H 94 
   704 116.752 0.0 N 58 
   1257 124.8 0.0 CH2 103 
   392 1.95 0.0 HB3 35 
   436 0.827 0.0 HD12 39 
   139 59.384 0.0 CA 15 
   47 119.949 0.0 N 6 
   1051 8.63 0.0 H 87 
   763 1.792 0.0 HG3 64 
   488 0.685 0.0 HD13 42 
   970 126.853 0.0 N 80 
   67 112.954 0.0 ND2 8 
   216 4.037 0.0 HA 21 
   1210 105.916 0.0 N 99 
   527 122.697 0.0 N 44 
   456 0.737 0.0 HG21 40 
   1302 7.911 0.0 HE1 107 
   230 1.794 0.0 HB2 22 
   700 0.928 0.0 HB3 58 
   1138 24.399 0.0 CD1 93 
   316 26.623 0.0 CG 28 
   562 5.281 0.0 HA 48 
   1203 29.125 0.0 CG 98 
   359 6.794 0.0 HD2 32 
   1205 7.684 0.0 H 99 
   615 7.149 0.0 HZ 51 
   499 17.509 0.0 CG2 42 
   1212 4.419 0.0 HA 100 
   242 7.95 0.0 H 23 
   469 7.257 0.0 HD1 41 
   173 2.003 0.0 HB2 18 
   768 28.234 0.0 CG 64 
   1259 121.776 0.0 CZ3 103 
   275 64.876 0.0 CB 25 
   324 64.918 0.0 CB 29 
   1286 6.969 0.0 H 106 
   1042 1.871 0.0 HB2 86 
   368 117.341 0.0 CE2 32 
   363 57.485 0.0 CA 32 
   856 2.042 0.0 HB2 71 
   858 2.203 0.0 HG2 71 
   1088 0.758 0.0 HD13 90 
   1307 117.066 0.0 N 107 
   1243 4.036 0.0 HA 103 
   771 1.946 0.0 HB2 65 
   688 7.208 0.0 HE21 57 
   875 1.167 0.0 HG23 72 
   804 174.721 0.0 C 67 
   372 1.712 0.0 HB2 33 
   1057 44.193 0.0 CB 87 
   32 0.884 0.0 HG22 5 
   563 1.791 0.0 HB2 48 
   655 55.185 0.0 CA 54 
   303 119.999 0.0 N 27 
   853 125.545 0.0 N 70 
   1301 6.147 0.0 HD2 107 
   896 2.031 0.0 HG3 74 
   15 4.276 0.0 HA 4 
   199 1.86 0.0 HB2 20 
   734 3.361 0.0 HA3 61 
   34 176.074 0.0 C 5 
   1106 1.169 0.0 HG12 91 
   168 16.963 0.0 CE 17 
   834 35.395 0.0 CG 69 
   169 32.011 0.0 CG 17 
   557 30.762 0.0 CB 47 
   95 26.946 0.0 CG 10 
   712 59.886 0.0 CA 59 
   1222 181.335 0.0 C 101 
   109 4.201 0.0 HA 12 
   449 122.144 0.0 N 39 
   863 35.813 0.0 CG 71 
   265 132.98 0.0 CD2 24 
   448 19.58 0.0 CG2 39 
   694 124.612 0.0 N 57 
   110 1.37 0.0 HB1 12 
   818 1.681 0.0 HG3 68 
   1084 1.612 0.0 HB2 90 
   1023 54.419 0.0 CA 84 
   971 8.68 0.0 H 81 
   1353 121.137 0.0 N 111 
   428 35.509 0.0 CB 38 
   880 28.809 0.0 CG1 72 
   825 7.852 0.0 H 69 
   1031 2.094 0.0 HB2 85 
   512 178.81 0.0 C 43 
   737 118.169 0.0 N 61 
   975 6.984 0.0 HD1 81 
   1105 0.62 0.0 HD13 91 
   872 0.696 0.0 HG13 72 
   954 116.911 0.0 N 79 
   500 123.192 0.0 N 42 
   376 1.44 0.0 HG2 33 
   160 2.001 0.0 HE1 17 
   1080 64.469 0.0 CB 89 
   508 0.797 0.0 HD21 43 
   551 3.179 0.0 HD2 47 
   552 3.068 0.0 HD3 47 
   558 43.885 0.0 CD 47 
   1005 1.317 0.0 HG23 83 
   533 7.365 0.0 HD22 45 
   756 111.934 0.0 N 63 
   745 20.267 0.0 CB 62 
   1191 7.999 0.0 H 98 
   282 1.162 0.0 HG23 26 
   623 129.351 0.0 CZ 51 
   492 0.921 0.0 HG22 42 
   1330 1.647 0.0 HG 109 
   1336 27.041 0.0 CG 109 
   24 122.855 0.0 N 4 
   743 177.761 0.0 C 62 
   542 2.79 0.0 HB3 46 
   916 7.499 0.0 H 77 
   408 32.757 0.0 CB 36 
   1014 1.467 0.0 HB3 84 
   798 -0.04 0.0 HD12 67 
   1201 31.248 0.0 CB 98 
   55 19.004 0.0 CB 7 
   358 6.794 0.0 HD1 32 
   949 171.397 0.0 C 79 
   74 177.247 0.0 C 9 
   909 109.127 0.0 N 75 
   531 2.661 0.0 HB3 45 
   1341 1.398 0.0 HB2 110 
   803 1.287 0.0 HG 67 
   4 2.037 0.0 HE1 3 
   831 174.904 0.0 C 69 
   848 60.153 0.0 CA 70 
   517 28.618 0.0 CG 43 
   879 13.45 0.0 CD1 72 
   214 121.295 0.0 N 20 
   319 4.528 0.0 HA 29 
   387 61.518 0.0 CA 34 
   438 1.863 0.0 HG12 39 
   932 26.477 0.0 CG 77 
   432 9.458 0.0 H 39 
   722 6.914 0.0 HE1 60 
   177 176.883 0.0 C 18 
   509 0.797 0.0 HD22 43 
   356 2.875 0.0 HB2 32 
   1296 114.241 0.0 N 106 
   466 4.852 0.0 HA 41 
   643 2.087 0.0 HG2 53 
   1249 6.678 0.0 HH2 103 
   1276 117.096 0.0 N 104 
   917 4.552 0.0 HA 77 
   86 0.81 0.0 HD21 10 
   164 2.52 0.0 HG3 17 
   93 24.876 0.0 CD1 10 
   274 58.413 0.0 CA 25 
   733 3.771 0.0 HA2 61 
   590 8.188 0.0 H 50 
   88 0.81 0.0 HD23 10 
   894 3.907 0.0 HD3 74 
   348 174.131 0.0 C 31 
   1185 174.894 0.0 C 97 
   873 1.167 0.0 HG21 72 
   421 0.713 0.0 HG12 38 
   574 1.727 0.0 HB2 49 
   127 4.342 0.0 HA 14 
   194 17.023 0.0 CE 19 
   156 8.14 0.0 H 17 
   997 30.452 0.0 CB 82 
   165 177.442 0.0 C 17 
   81 1.659 0.0 HB2 10 
   1173 3.752 0.0 HA3 96 
   600 175.125 0.0 C 50 
   166 57.361 0.0 CA 17 
   1213 4.108 0.0 HB2 100 
   1015 0.451 0.0 HD11 84 
   1189 27.707 0.0 CG 97 
   476 39.031 0.0 CB 41 
   968 117.499 0.0 CE1 80 
   317 123.653 0.0 N 28 
   1216 64.391 0.0 CB 100 
   535 52.068 0.0 CA 45 
   147 3.165 0.0 HD3 16 
   343 1.96 0.0 HB2 31 
   1295 36.323 0.0 CG 106 
   675 0.1 0.0 HD23 56 
   61 6.882 0.0 HD21 8 
   944 0.692 0.0 HG12 79 
   114 53.207 0.0 CA 12 
   152 30.165 0.0 CB 16 
   744 52.177 0.0 CA 62 
   555 174.209 0.0 C 47 
   366 133.168 0.0 CD2 32 
   1277 7.659 0.0 H 105 
   1281 1.426 0.0 HB3 105 
   135 4.394 0.0 HA 15 
   1298 4.435 0.0 HA 107 
   1328 1.014 0.0 HD22 109 
   502 5.108 0.0 HA 43 
   1038 37.004 0.0 CG 85 
   1229 1.65 0.0 HD2 102 
   391 1.95 0.0 HB2 35 
   635 43.598 0.0 CD 52 
   1155 41.391 0.0 CB 94 
   240 27.348 0.0 CG 22 
   630 3.332 0.0 HD3 52 
   1072 22.104 0.0 CG2 88 
   76 29.741 0.0 CB 9 
   260 6.701 0.0 HE2 24 
   1016 0.451 0.0 HD12 84 
   1206 3.902 0.0 HA2 99 
   1158 26.897 0.0 CG 94 
   819 177.1 0.0 C 68 
   716 7.089 0.0 H 60 
   1300 1.173 0.0 HB3 107 
   292 0.75 0.0 HD11 27 
   1262 9.18 0.0 H 104 
   515 25.078 0.0 CD1 43 
   503 2.221 0.0 HB2 43 
   1064 0.724 0.0 HG13 88 
   8 2.492 0.0 HG3 3 
   217 2.12 0.0 HB2 21 
   668 2.211 0.0 HB2 56 
   73 2.204 0.0 HG3 9 
   1000 9.023 0.0 H 83 
   485 1.815 0.0 HB 42 
   510 0.797 0.0 HD23 43 
   1046 174.095 0.0 C 86 
   1006 175.706 0.0 C 83 
   1245 3.08 0.0 HB3 103 
   419 1.757 0.0 HB 38 
   1127 1.079 0.0 HB3 93 
   355 4.887 0.0 HA 32 
   629 3.283 0.0 HD2 52 
   17 1.884 0.0 HB3 4 
   39 121.499 0.0 N 5 
   239 43.459 0.0 CD 22 
   1208 171.528 0.0 C 99 
   1123 103.835 0.0 N 92 
   588 27.673 0.0 CG 49 
   370 8.36 0.0 H 33 
   645 178.611 0.0 C 53 
   976 6.984 0.0 HD2 81 
   676 1.245 0.0 HG 56 
   1113 37.084 0.0 CB 91 
   307 1.446 0.0 HB3 28 
   497 13.076 0.0 CD1 42 
   1037 26.953 0.0 CB 85 
   550 1.794 0.0 HB3 47 
   554 1.442 0.0 HG3 47 
   1196 3.595 0.0 HD3 98 
   649 28.552 0.0 CG 53 
   940 8.683 0.0 H 79 
   223 57.396 0.0 CA 21 
   919 1.608 0.0 HB3 77 
   1103 0.62 0.0 HD11 91 
   70 1.998 0.0 HB2 9 
   866 4.208 0.0 HA 72 
   403 1.619 0.0 HB3 36 
   1062 0.724 0.0 HG11 88 
   457 0.737 0.0 HG22 40 
   625 9.528 0.0 H 52 
   23 36.128 0.0 CG 4 
   1148 0.88 0.0 HD13 94 
   414 174.303 0.0 C 37 
   490 0.882 0.0 HG13 42 
   441 0.365 0.0 HG22 39 
   232 3.132 0.0 HD2 22 
   659 4.94 0.0 HA 55 
   959 6.868 0.0 HD1 80 
   1119 3.827 0.0 HA2 92 
   22 29.994 0.0 CB 4 
   491 0.921 0.0 HG21 42 
   1270 2.214 0.0 HG3 104 
   148 1.556 0.0 HG2 16 
   1043 1.238 0.0 HB3 86 
   757 3.427 0.0 HA 64 
   44 174.496 0.0 C 6 
   87 0.81 0.0 HD22 10 
   984 131.99 0.0 CD2 81 
   1029 7.848 0.0 H 85 
   1333 42.849 0.0 CB 109 
   379 30.12 0.0 CB 33 
   318 7.994 0.0 H 29 
   101 2.227 0.0 HG2 11 
   829 2.202 0.0 HG2 69 
   677 175.248 0.0 C 56 
   351 33.242 0.0 CG 31 
   279 4.215 0.0 HB 26 
   620 131.545 0.0 CD2 51 
   200 1.476 0.0 HB3 20 
   207 1.708 0.0 HG 20 
   190 2.638 0.0 HG3 19 
   481 128.301 0.0 CZ 41 
   170 119.345 0.0 N 17 
   775 178.76 0.0 C 65 
   1214 4.42 0.0 HB3 100 
   57 8.312 0.0 H 8 
   639 2.014 0.0 HB2 53 
   241 119.729 0.0 N 22 
   941 4.752 0.0 HA 79 
   943 0.692 0.0 HG11 79 
   556 57.292 0.0 CA 47 
   468 2.612 0.0 HB3 41 
   708 -0.209 0.0 HG21 59 
   255 2.895 0.0 HB2 24 
   344 1.8 0.0 HB3 31 
   640 2.014 0.0 HB3 53 
   352 122.553 0.0 N 31 
   684 7.214 0.0 H 57 
   962 6.559 0.0 HE2 80 
   611 7.186 0.0 HD1 51 
   1237 32.751 0.0 CB 102 
   814 1.811 0.0 HB3 68 
   46 64.02 0.0 CB 6 
   669 1.046 0.0 HB3 56 
   37 21.185 0.0 CG1 5 
   847 174.815 0.0 C 70 
   137 3.912 0.0 HB3 15 
   936 4.045 0.0 HA3 78 
   1175 45.733 0.0 CA 96 
   1085 1.073 0.0 HB3 90 
   435 0.827 0.0 HD11 39 
   540 4.13 0.0 HA 46 
   755 21.938 0.0 CG2 63 
   1124 7.615 0.0 H 93 
   808 23.38 0.0 CD2 67 
   1033 2.205 0.0 HG2 85 
   1284 17.87 0.0 CB 105 
   1176 107.323 0.0 N 96 
   830 2.202 0.0 HG3 69 
   641 3.873 0.0 HD2 53 
   787 175.329 0.0 C 66 
   58 4.571 0.0 HA 8 
   1274 15.91 0.0 CE 104 
   146 3.165 0.0 HD2 16 
   735 174.325 0.0 C 61 
   1160 7.738 0.0 H 95 
   1094 57.642 0.0 CA 90 
   809 25.235 0.0 CG 67 
   1325 1.06 0.0 HD12 109 
   855 4.692 0.0 HA 71 
   842 1.246 0.0 HG12 70 
   1034 2.094 0.0 HG3 85 
   298 175.89 0.0 C 27 
   1055 175.722 0.0 C 87 
   1326 1.06 0.0 HD13 109 
   1278 3.948 0.0 HA 105 
   1052 5.547 0.0 HA 87 
   1235 177.978 0.0 C 102 
   581 0.789 0.0 HD23 49 
   256 2.791 0.0 HB3 24 
   752 1.15 0.0 HG23 63 
   118 4.218 0.0 HA 13 
   455 0.769 0.0 HG13 40 
   91 56.126 0.0 CA 10 
   928 54.378 0.0 CA 77 
   116 124.06 0.0 N 12 
   1007 65.351 0.0 CA 83 
   426 173.629 0.0 C 38 
   528 7.355 0.0 H 45 
   638 4.146 0.0 HA 53 
   276 113.556 0.0 N 25 
   1030 3.622 0.0 HA 85 
   627 2.135 0.0 HB2 52 
   587 23.991 0.0 CD2 49 
   1167 56.089 0.0 CA 95 
   290 1.67 0.0 HB2 27 
   1219 1.459 0.0 HB1 101 
   1150 0.839 0.0 HD22 94 
   522 1.364 0.0 HB2 44 
   1233 1.398 0.0 HG2 102 
   1226 3.979 0.0 HA 102 
   576 0.712 0.0 HD11 49 
   861 54.724 0.0 CA 71 
   714 19.939 0.0 CG2 59 
   883 8.586 0.0 H 73 
   1020 0.647 0.0 HD23 84 
   854 8.778 0.0 H 71 
   264 132.98 0.0 CD1 24 
   1101 3.198 0.0 HA 91 
   1100 7.464 0.0 H 91 
   417 6.622 0.0 H 38 
   870 0.687 0.0 HD13 72 
   1083 3.798 0.0 HA 90 
   1340 1.398 0.0 HB1 110 
   1211 8.646 0.0 H 100 
   202 0.832 0.0 HD12 20 
   134 8.205 0.0 H 15 
   836 7.957 0.0 H 70 
   334 0.674 0.0 HG23 30 
   724 178.019 0.0 C 60 
   950 59.293 0.0 CA 79 
   930 26.039 0.0 CD1 77 
   947 0.488 0.0 HG22 79 
   751 1.15 0.0 HG22 63 
   580 0.789 0.0 HD22 49 
   175 2.198 0.0 HG2 18 
   539 8.1 0.0 H 46 
   151 57.826 0.0 CA 16 
   918 1.608 0.0 HB2 77 
   942 1.744 0.0 HB 79 
   826 4.487 0.0 HA 69 
   50 1.354 0.0 HB1 7 
   182 7.963 0.0 H 19 
   1315 176.899 0.0 C 108 
   687 0.068 0.0 HB3 57 
   1126 1.663 0.0 HB2 93 
   674 0.1 0.0 HD22 56 
   1145 1.482 0.0 HB3 94 
   657 111.513 0.0 N 54 
   785 2.378 0.0 HG2 66 
   868 0.687 0.0 HD11 72 
   631 1.861 0.0 HG2 52 
   603 29.631 0.0 CD 50 
   224 28.59 0.0 CB 21 
   524 176.981 0.0 C 44 
   138 175.478 0.0 C 15 
   1118 7.314 0.0 H 92 
   1108 0.555 0.0 HG21 91 
   1053 2.584 0.0 HB2 87 
   362 174.519 0.0 C 32 
   1204 125.256 0.0 N 98 
   901 27.83 0.0 CG 74 
   767 49.993 0.0 CD 64 
   261 175.685 0.0 C 24 
   181 119.875 0.0 N 18 
   1027 26.393 0.0 CG 84 
