   691 59.107 0.0 CA 57 
   591 5.454 0.0 HA 50 
   61 6.882 0.0 HD21 8 
   944 0.692 0.0 HG12 79 
   994 2.169 0.0 HG3 82 
   1054 2.509 0.0 HB3 87 
   165 177.442 0.0 C 17 
   787 175.329 0.0 C 66 
   732 8.751 0.0 H 61 
   1222 181.335 0.0 C 101 
   236 178.223 0.0 C 22 
   890 4.309 0.0 HA 74 
   687 0.068 0.0 HB3 57 
   1129 -0.102 0.0 HD12 93 
   1315 176.899 0.0 C 108 
   1251 6.685 0.0 HZ3 103 
   375 2.833 0.0 HD3 33 
   564 1.672 0.0 HB3 48 
   295 0.897 0.0 HD21 27 
   1208 171.528 0.0 C 99 
   559 27.613 0.0 CG 47 
   7 2.532 0.0 HG2 3 
   117 8.142 0.0 H 13 
   310 1.564 0.0 HG2 28 
   596 2.85 0.0 HE2 50 
   71 1.998 0.0 HB3 9 
   456 0.737 0.0 HG21 40 
   1104 0.62 0.0 HD12 91 
   642 4.012 0.0 HD3 53 
   1121 176.157 0.0 C 92 
   381 26.709 0.0 CG 33 
   1016 0.451 0.0 HD12 84 
   468 2.612 0.0 HB3 41 
   425 0.574 0.0 HG23 38 
   1048 34.491 0.0 CB 86 
   1290 2.19 0.0 HG2 106 
   593 1.33 0.0 HB3 50 
   24 122.855 0.0 N 4 
   195 32.102 0.0 CG 19 
   896 2.031 0.0 HG3 74 
   251 35.763 0.0 CG 23 
   65 38.639 0.0 CB 8 
   186 2.03 0.0 HE1 19 
   477 132.608 0.0 CD1 41 
   678 52.687 0.0 CA 56 
   268 118.678 0.0 N 24 
   439 0.821 0.0 HG13 39 
   740 1.112 0.0 HB1 62 
   340 122.775 0.0 N 30 
   408 32.757 0.0 CB 36 
   731 124.377 0.0 N 60 
   749 4.537 0.0 HB 63 
   659 4.94 0.0 HA 55 
   761 3.801 0.0 HD3 64 
   677 175.248 0.0 C 56 
   256 2.791 0.0 HB3 24 
   37 21.185 0.0 CG1 5 
   1188 43.281 0.0 CD 97 
   1337 122.868 0.0 N 109 
   873 1.167 0.0 HG21 72 
   449 122.144 0.0 N 39 
   1019 0.647 0.0 HD22 84 
   237 57.61 0.0 CA 22 
   900 50.653 0.0 CD 74 
   714 19.939 0.0 CG2 59 
   1316 62.878 0.0 CA 108 
   463 21.935 0.0 CG2 40 
   568 54.347 0.0 CA 48 
   159 2.044 0.0 HB3 17 
   1256 118.379 0.0 CE3 103 
   973 3.113 0.0 HB2 81 
   337 34.762 0.0 CB 30 
   632 1.861 0.0 HG3 52 
   243 4.083 0.0 HA 23 
   624 119.432 0.0 N 51 
   493 0.921 0.0 HG23 42 
   1162 2.044 0.0 HB2 95 
   76 29.741 0.0 CB 9 
   1350 3.803 0.0 HB3 111 
   925 0.824 0.0 HD23 77 
   410 115.94 0.0 N 36 
   605 26.043 0.0 CG 50 
   183 4.2 0.0 HA 19 
   1132 0.068 0.0 HD22 93 
   743 177.761 0.0 C 62 
   363 57.485 0.0 CA 32 
   16 1.968 0.0 HB2 4 
   932 26.477 0.0 CG 77 
   1051 8.63 0.0 H 87 
   940 8.683 0.0 H 79 
   562 5.281 0.0 HA 48 
   888 62.669 0.0 CB 73 
   1300 1.173 0.0 HB3 107 
   906 175.703 0.0 C 75 
   367 117.341 0.0 CE1 32 
   1281 1.426 0.0 HB3 105 
   1043 1.238 0.0 HB3 86 
   182 7.963 0.0 H 19 
   699 0.928 0.0 HB2 58 
   261 175.685 0.0 C 24 
   53 178.059 0.0 C 7 
   11 32.91 0.0 CB 3 
   878 38.256 0.0 CB 72 
   646 65.032 0.0 CA 53 
   1335 24.143 0.0 CD2 109 
   55 19.004 0.0 CB 7 
   793 7.132 0.0 H 67 
   729 118.264 0.0 CE1 60 
   503 2.221 0.0 HB2 43 
   797 -0.04 0.0 HD11 67 
   185 2.046 0.0 HB3 19 
   1116 17.114 0.0 CG2 91 
   423 0.574 0.0 HG21 38 
   483 9.051 0.0 H 42 
   811 7.214 0.0 H 68 
   176 2.198 0.0 HG3 18 
   426 173.629 0.0 C 38 
   2 2.029 0.0 HB2 3 
   249 57.172 0.0 CA 23 
   755 21.938 0.0 CG2 63 
   144 1.84 0.0 HB2 16 
   754 67.952 0.0 CB 63 
   1063 0.724 0.0 HG12 88 
   90 178.235 0.0 C 10 
   387 61.518 0.0 CA 34 
   414 174.303 0.0 C 37 
   961 6.559 0.0 HE1 80 
   74 177.247 0.0 C 9 
   962 6.559 0.0 HE2 80 
   1285 120.951 0.0 N 105 
   118 4.218 0.0 HA 13 
   776 59.383 0.0 CA 65 
   405 2.086 0.0 HG3 36 
   452 1.871 0.0 HB 40 
   312 176.07 0.0 C 28 
   1112 64.55 0.0 CA 91 
   791 117.742 0.0 N 66 
   1031 2.094 0.0 HB2 85 
   673 0.1 0.0 HD21 56 
   1128 -0.102 0.0 HD11 93 
   658 8.201 0.0 H 55 
   308 3.145 0.0 HD2 28 
   725 60.827 0.0 CA 60 
   219 7.622 0.0 HE21 21 
   549 1.794 0.0 HB2 47 
   156 8.14 0.0 H 17 
   894 3.907 0.0 HD3 74 
   1320 8.467 0.0 H 109 
   441 0.365 0.0 HG22 39 
   1201 31.248 0.0 CB 98 
   1334 24.954 0.0 CD1 109 
   272 3.847 0.0 HB3 25 
   8 2.492 0.0 HG3 3 
   868 0.687 0.0 HD11 72 
   598 1.28 0.0 HG2 50 
   1070 35.256 0.0 CB 88 
   590 8.188 0.0 H 50 
   685 2.151 0.0 HA 57 
   689 1.708 0.0 HG2 57 
   782 2.243 0.0 HB2 66 
   1138 24.399 0.0 CD1 93 
   531 2.661 0.0 HB3 45 
   865 9.013 0.0 H 72 
   1107 0.614 0.0 HG13 91 
   1181 3.087 0.0 HD2 97 
   631 1.861 0.0 HG2 52 
   194 17.023 0.0 CE 19 
   615 7.149 0.0 HZ 51 
   614 7.022 0.0 HE2 51 
   1023 54.419 0.0 CA 84 
   139 59.384 0.0 CA 15 
   1066 0.83 0.0 HG22 88 
   566 1.94 0.0 HG3 48 
   1001 3.987 0.0 HA 83 
   916 7.499 0.0 H 77 
   507 0.893 0.0 HD13 43 
   1125 3.727 0.0 HA 93 
   479 130.657 0.0 CE1 41 
   1319 26.852 0.0 CG 108 
   10 55.604 0.0 CA 3 
   365 133.168 0.0 CD1 32 
   822 43.453 0.0 CD 68 
   926 1.474 0.0 HG 77 
   395 177.168 0.0 C 35 
   390 4.039 0.0 HA 35 
   494 176.006 0.0 C 42 
   860 175.775 0.0 C 71 
   297 0.897 0.0 HD23 27 
   57 8.312 0.0 H 8 
   1126 1.663 0.0 HB2 93 
   1199 175.018 0.0 C 98 
   400 7.08 0.0 H 36 
   818 1.681 0.0 HG3 68 
   330 0.252 0.0 HG12 30 
   668 2.211 0.0 HB2 56 
   849 42.252 0.0 CB 70 
   569 32.524 0.0 CB 48 
   701 177.612 0.0 C 58 
   887 57.766 0.0 CA 73 
   336 60.933 0.0 CA 30 
   4 2.037 0.0 HE1 3 
   909 109.127 0.0 N 75 
   200 1.476 0.0 HB3 20 
   496 38.247 0.0 CB 42 
   1254 29.069 0.0 CB 103 
   815 3.22 0.0 HD2 68 
   884 4.521 0.0 HA 73 
   75 57.507 0.0 CA 9 
   396 59.18 0.0 CA 35 
   231 1.794 0.0 HB3 22 
   245 1.795 0.0 HB3 23 
   1258 114.304 0.0 CZ2 103 
   577 0.712 0.0 HD12 49 
   627 2.135 0.0 HB2 52 
   401 4.289 0.0 HA 36 
   908 64.358 0.0 CB 75 
   1252 181.021 0.0 C 103 
   280 1.162 0.0 HG21 26 
   756 111.934 0.0 N 63 
   78 121.267 0.0 N 9 
   70 1.998 0.0 HB2 9 
   635 43.598 0.0 CD 52 
   913 174.359 0.0 C 76 
   817 1.801 0.0 HG2 68 
   122 178.794 0.0 C 13 
   774 2.196 0.0 HG3 65 
   47 119.949 0.0 N 6 
   473 6.866 0.0 HZ 41 
   86 0.81 0.0 HD21 10 
   572 9.364 0.0 H 49 
   356 2.875 0.0 HB2 32 
   580 0.789 0.0 HD22 49 
   777 28.454 0.0 CB 65 
   1069 61.447 0.0 CA 88 
   745 20.267 0.0 CB 62 
   679 42.559 0.0 CB 56 
   1171 7.722 0.0 H 96 
   621 131.675 0.0 CE1 51 
   839 0.635 0.0 HD11 70 
   1293 55.883 0.0 CA 106 
   735 174.325 0.0 C 61 
   1197 1.615 0.0 HG2 98 
   1278 3.948 0.0 HA 105 
   48 8.431 0.0 H 7 
   582 1.602 0.0 HG 49 
   778 36.644 0.0 CG 65 
   68 8.245 0.0 H 9 
   288 9.148 0.0 H 27 
   773 2.328 0.0 HG2 65 
   263 38.578 0.0 CB 24 
   171 8.19 0.0 H 18 
   866 4.208 0.0 HA 72 
   1014 1.467 0.0 HB3 84 
   1108 0.555 0.0 HG21 91 
   712 59.886 0.0 CA 59 
   995 178.206 0.0 C 82 
   327 4.941 0.0 HA 30 
   116 124.06 0.0 N 12 
   1259 121.776 0.0 CZ3 103 
   366 133.168 0.0 CD2 32 
   1144 1.93 0.0 HB2 94 
   15 4.276 0.0 HA 4 
   1187 28.806 0.0 CB 97 
   1024 42.208 0.0 CB 84 
   94 23.445 0.0 CD2 10 
   191 177.964 0.0 C 19 
   705 6.395 0.0 H 59 
   169 32.011 0.0 CG 17 
   915 109.752 0.0 N 76 
   616 176.043 0.0 C 51 
   948 0.488 0.0 HG23 79 
   750 1.15 0.0 HG21 63 
   1005 1.317 0.0 HG23 83 
   220 2.502 0.0 HG2 21 
   700 0.928 0.0 HB3 58 
   1041 4.768 0.0 HA 86 
   1224 17.772 0.0 CB 101 
   138 175.478 0.0 C 15 
   1124 7.615 0.0 H 93 
   360 6.319 0.0 HE1 32 
   184 2.117 0.0 HB2 19 
   1351 59.865 0.0 CA 111 
   529 4.564 0.0 HA 45 
   988 126.963 0.0 N 81 
   77 36.292 0.0 CG 9 
   430 18.467 0.0 CG2 38 
   788 57.206 0.0 CA 66 
   1147 0.88 0.0 HD12 94 
   1327 1.014 0.0 HD21 109 
   639 2.014 0.0 HB2 53 
   665 116.732 0.0 N 55 
   930 26.039 0.0 CD1 77 
   841 0.635 0.0 HD13 70 
   305 4.445 0.0 HA 28 
   543 175.512 0.0 C 46 
   643 2.087 0.0 HG2 53 
   173 2.003 0.0 HB2 18 
   315 43.794 0.0 CD 28 
   790 34.742 0.0 CG 66 
   216 4.037 0.0 HA 21 
   970 126.853 0.0 N 80 
   695 109.665 0.0 NE2 57 
   1166 176.559 0.0 C 95 
   344 1.8 0.0 HB3 31 
   525 54.489 0.0 CA 44 
   871 1.629 0.0 HG12 72 
   861 54.724 0.0 CA 71 
   746 123.335 0.0 N 62 
   403 1.619 0.0 HB3 36 
   959 6.868 0.0 HD1 80 
   227 111.873 0.0 NE2 21 
   334 0.674 0.0 HG23 30 
   667 4.636 0.0 HA 56 
   1271 178.325 0.0 C 104 
   386 176.483 0.0 C 34 
   1156 26.8 0.0 CD1 94 
   708 -0.209 0.0 HG21 59 
   854 8.778 0.0 H 71 
   35 62.128 0.0 CA 5 
   895 2.112 0.0 HG2 74 
   1075 4.745 0.0 HA 89 
   140 63.455 0.0 CB 15 
   82 1.543 0.0 HB3 10 
   826 4.487 0.0 HA 69 
   603 29.631 0.0 CD 50 
   1330 1.647 0.0 HG 109 
   1225 8.543 0.0 H 102 
   783 1.925 0.0 HB3 66 
   870 0.687 0.0 HD13 72 
   604 41.911 0.0 CE 50 
   23 36.128 0.0 CG 4 
   880 28.809 0.0 CG1 72 
   335 173.89 0.0 C 30 
   538 106.735 0.0 ND2 45 
   1262 9.18 0.0 H 104 
   660 3.288 0.0 HB2 55 
   370 8.36 0.0 H 33 
   1136 58.032 0.0 CA 93 
   936 4.045 0.0 HA3 78 
   1092 1.466 0.0 HG 90 
   358 6.794 0.0 HD1 32 
   470 7.257 0.0 HD2 41 
   58 4.571 0.0 HA 8 
   424 0.574 0.0 HG22 38 
   1095 42.674 0.0 CB 90 
   1207 3.902 0.0 HA3 99 
   1105 0.62 0.0 HD13 91 
   1302 7.911 0.0 HE1 107 
   1155 41.391 0.0 CB 94 
   653 2.515 0.0 HB3 54 
   167 31.857 0.0 CB 17 
   129 3.873 0.0 HB3 14 
   389 9.379 0.0 H 35 
   379 30.12 0.0 CB 33 
   1065 0.83 0.0 HG21 88 
   1280 1.426 0.0 HB2 105 
   809 25.235 0.0 CG 67 
   548 4.133 0.0 HA 47 
   275 64.876 0.0 CB 25 
   881 17.673 0.0 CG2 72 
   1000 9.023 0.0 H 83 
   46 64.02 0.0 CB 6 
   965 41.026 0.0 CB 80 
   1243 4.036 0.0 HA 103 
   709 -0.209 0.0 HG22 59 
   530 3.252 0.0 HB2 45 
   1286 6.969 0.0 H 106 
   1195 3.779 0.0 HD2 98 
   528 7.355 0.0 H 45 
   1073 121.549 0.0 N 88 
   50 1.354 0.0 HB1 7 
   461 33.244 0.0 CB 40 
   1052 5.547 0.0 HA 87 
   1274 15.91 0.0 CE 104 
   478 132.608 0.0 CD2 41 
   550 1.794 0.0 HB3 47 
   931 23.53 0.0 CD2 77 
   474 174.17 0.0 C 41 
   84 0.86 0.0 HD12 10 
   154 27.325 0.0 CG 16 
   837 4.508 0.0 HA 70 
   160 2.001 0.0 HE1 17 
   1173 3.752 0.0 HA3 96 
   972 4.47 0.0 HA 81 
   1152 1.717 0.0 HG 94 
   510 0.797 0.0 HD23 43 
   217 2.12 0.0 HB2 21 
   801 0.36 0.0 HD22 67 
   923 0.824 0.0 HD21 77 
   558 43.885 0.0 CD 47 
   857 2.042 0.0 HB3 71 
   1032 2.265 0.0 HB3 85 
   1219 1.459 0.0 HB1 101 
   654 175.841 0.0 C 54 
   276 113.556 0.0 N 25 
   650 7.948 0.0 H 54 
   592 1.613 0.0 HB2 50 
   323 57.62 0.0 CA 29 
   1015 0.451 0.0 HD11 84 
   286 22.829 0.0 CG2 26 
   187 2.03 0.0 HE2 19 
   188 2.03 0.0 HE3 19 
   333 0.674 0.0 HG22 30 
   599 1.166 0.0 HG3 50 
   602 35.539 0.0 CB 50 
   374 3.051 0.0 HD2 33 
   698 0.928 0.0 HB1 58 
   178 58.414 0.0 CA 18 
   1240 24.762 0.0 CG 102 
   1202 43.141 0.0 CD 98 
   1333 42.849 0.0 CB 109 
   835 118.394 0.0 N 69 
   1345 19.28 0.0 CB 110 
   939 109.48 0.0 N 78 
   91 56.126 0.0 CA 10 
   482 128.169 0.0 N 41 
   293 0.75 0.0 HD12 27 
   983 131.99 0.0 CD1 81 
   201 0.832 0.0 HD11 20 
   956 5.161 0.0 HA 80 
   901 27.83 0.0 CG 74 
   307 1.446 0.0 HB3 28 
   189 2.505 0.0 HG2 19 
   728 133.724 0.0 CD2 60 
   1347 7.888 0.0 H 111 
   648 49.824 0.0 CD 53 
   974 2.775 0.0 HB3 81 
   52 1.354 0.0 HB3 7 
   224 28.59 0.0 CB 21 
   724 178.019 0.0 C 60 
   174 2.003 0.0 HB3 18 
   257 7.074 0.0 HD1 24 
   124 18.835 0.0 CB 13 
   314 32.647 0.0 CB 28 
   533 7.365 0.0 HD22 45 
   501 9.031 0.0 H 43 
   821 31.556 0.0 CB 68 
   469 7.257 0.0 HD1 41 
   247 1.908 0.0 HG3 23 
   454 0.769 0.0 HG12 40 
   1061 1.943 0.0 HB 88 
   392 1.95 0.0 HB3 35 
   476 39.031 0.0 CB 41 
   1179 1.643 0.0 HB2 97 
   541 3.176 0.0 HB2 46 
   957 2.892 0.0 HB2 80 
   829 2.202 0.0 HG2 69 
   1301 6.147 0.0 HD2 107 
   320 3.731 0.0 HB2 29 
   1287 3.906 0.0 HA 106 
   991 1.901 0.0 HB2 82 
   611 7.186 0.0 HD1 51 
   394 2.204 0.0 HG3 35 
   1028 116.818 0.0 N 84 
   45 58.096 0.0 CA 6 
   565 2.222 0.0 HG2 48 
   1064 0.724 0.0 HG13 88 
   1198 1.141 0.0 HG3 98 
   641 3.873 0.0 HD2 53 
   1303 53.158 0.0 CA 107 
   1082 8.799 0.0 H 90 
   1253 62.775 0.0 CA 103 
   794 4.296 0.0 HA 67 
   1284 17.87 0.0 CB 105 
   179 29.811 0.0 CB 18 
   285 72.209 0.0 CB 26 
   855 4.692 0.0 HA 71 
   1068 174.389 0.0 C 88 
   271 4.022 0.0 HB2 25 
   1047 54.406 0.0 CA 86 
   41 4.402 0.0 HA 6 
   747 8.206 0.0 H 63 
   764 179.483 0.0 C 64 
   104 57.085 0.0 CA 11 
   317 123.653 0.0 N 28 
   213 26.891 0.0 CG 20 
   609 3.28 0.0 HB2 51 
   570 36.376 0.0 CG 48 
   1344 52.539 0.0 CA 110 
   282 1.162 0.0 HG23 26 
   765 65.999 0.0 CA 64 
   146 3.165 0.0 HD2 16 
   343 1.96 0.0 HB2 31 
   79 8.06 0.0 H 10 
   748 4.522 0.0 HA 63 
   964 55.493 0.0 CA 80 
   1298 4.435 0.0 HA 107 
   628 1.678 0.0 HB3 52 
   368 117.341 0.0 CE2 32 
   192 57.55 0.0 CA 19 
   93 24.876 0.0 CD1 10 
   1214 4.42 0.0 HB3 100 
   218 1.928 0.0 HB3 21 
   693 31.891 0.0 CG 57 
   1143 4.015 0.0 HA 94 
   1217 116.809 0.0 N 100 
   54 53.151 0.0 CA 7 
   768 28.234 0.0 CG 64 
   325 111.229 0.0 N 29 
   302 26.014 0.0 CD2 27 
   692 28.159 0.0 CB 57 
   67 112.954 0.0 ND2 8 
   1185 174.894 0.0 C 97 
   204 0.854 0.0 HD21 20 
   267 118.071 0.0 CE2 24 
   1227 1.826 0.0 HB2 102 
   1192 3.921 0.0 HA 98 
   688 7.208 0.0 HE21 57 
   718 3.132 0.0 HB2 60 
   1232 2.947 0.0 HE3 102 
   838 1.325 0.0 HB 70 
   383 3.616 0.0 HA 34 
   840 0.635 0.0 HD12 70 
   1340 1.398 0.0 HB1 110 
   1218 4.02 0.0 HA 101 
   980 176.311 0.0 C 81 
   993 2.169 0.0 HG2 82 
   31 0.884 0.0 HG21 5 
   125 122.326 0.0 N 13 
   1237 32.751 0.0 CB 102 
   703 20.052 0.0 CB 58 
   620 131.545 0.0 CD2 51 
   1091 0.902 0.0 HD23 90 
   966 133.192 0.0 CD1 80 
   1299 2.411 0.0 HB2 107 
   1149 0.839 0.0 HD21 94 
   92 42.02 0.0 CB 10 
   1313 1.807 0.0 HG2 108 
   918 1.608 0.0 HB2 77 
   856 2.042 0.0 HB2 71 
   655 55.185 0.0 CA 54 
   98 4.131 0.0 HA 11 
   606 121.409 0.0 N 50 
   33 0.884 0.0 HG23 5 
   69 4.162 0.0 HA 9 
   1331 176.976 0.0 C 109 
   199 1.86 0.0 HB2 20 
   734 3.361 0.0 HA3 61 
   1081 120.776 0.0 N 89 
   446 15.099 0.0 CD1 39 
   924 0.824 0.0 HD22 77 
   1040 6.636 0.0 H 86 
   727 133.724 0.0 CD1 60 
   952 21.455 0.0 CG1 79 
   1260 121.319 0.0 N 103 
   949 171.397 0.0 C 79 
   225 33.973 0.0 CG 21 
   886 3.722 0.0 HB3 73 
   848 60.153 0.0 CA 70 
   607 8.847 0.0 H 51 
   500 123.192 0.0 N 42 
   97 8.147 0.0 H 11 
   362 174.519 0.0 C 32 
   585 44.054 0.0 CB 49 
   726 37.813 0.0 CB 60 
   66 116.954 0.0 N 8 
   254 4.315 0.0 HA 24 
   321 3.555 0.0 HB3 29 
   902 7.893 0.0 H 75 
   1035 175.01 0.0 C 85 
   953 22.452 0.0 CG2 79 
   869 0.687 0.0 HD12 72 
   436 0.827 0.0 HD12 39 
   682 26.691 0.0 CG 56 
   989 7.466 0.0 H 82 
   851 26.419 0.0 CG1 70 
   1193 1.534 0.0 HB2 98 
   1194 2.763 0.0 HB3 98 
   1322 1.658 0.0 HB2 109 
   166 57.361 0.0 CA 17 
   1085 1.073 0.0 HB3 90 
   1157 23.025 0.0 CD2 94 
   60 2.712 0.0 HB3 8 
   893 3.803 0.0 HD2 74 
   927 176.209 0.0 C 77 
   907 58.685 0.0 CA 75 
   872 0.696 0.0 HG13 72 
   899 31.733 0.0 CB 74 
   354 9.231 0.0 H 32 
   198 4.193 0.0 HA 20 
   1323 1.528 0.0 HB3 109 
   88 0.81 0.0 HD23 10 
   306 1.556 0.0 HB2 28 
   720 7.329 0.0 HD1 60 
   447 29.191 0.0 CG1 39 
   1318 50.22 0.0 CD 108 
   28 0.883 0.0 HG11 5 
   290 1.67 0.0 HB2 27 
   1056 52.907 0.0 CA 87 
   215 8.157 0.0 H 21 
   106 36.09 0.0 CG 11 
   638 4.146 0.0 HA 53 
   114 53.207 0.0 CA 12 
   512 178.81 0.0 C 43 
   814 1.811 0.0 HB3 68 
   105 29.983 0.0 CB 11 
   1086 0.758 0.0 HD11 90 
   1084 1.612 0.0 HB2 90 
   1087 0.758 0.0 HD12 90 
   544 56.917 0.0 CA 46 
   1150 0.839 0.0 HD22 94 
   941 4.752 0.0 HA 79 
   1131 0.068 0.0 HD21 93 
   514 42.395 0.0 CB 43 
   1013 1.467 0.0 HB2 84 
   651 4.702 0.0 HA 54 
   1102 1.437 0.0 HB 91 
   26 4.098 0.0 HA 5 
   331 0.252 0.0 HG13 30 
   416 108.087 0.0 N 37 
   1203 29.125 0.0 CG 98 
   928 54.378 0.0 CA 77 
   332 0.674 0.0 HG21 30 
   846 0.118 0.0 HG23 70 
   1247 9.086 0.0 HE1 103 
   1123 103.835 0.0 N 92 
   56 126.064 0.0 N 7 
   32 0.884 0.0 HG22 5 
   622 131.675 0.0 CE2 51 
   455 0.769 0.0 HG13 40 
   504 1.708 0.0 HB3 43 
   13 31.901 0.0 CG 3 
   675 0.1 0.0 HD23 56 
   1141 120.762 0.0 N 93 
   1343 176.868 0.0 C 110 
   464 126.626 0.0 N 40 
   1234 1.301 0.0 HG3 102 
   960 6.868 0.0 HD2 80 
   1233 1.398 0.0 HG2 102 
   1110 0.555 0.0 HG23 91 
   674 0.1 0.0 HD22 56 
   498 28.39 0.0 CG1 42 
   588 27.673 0.0 CG 49 
   601 55.26 0.0 CA 50 
   661 3.034 0.0 HB3 55 
   597 2.649 0.0 HE3 50 
   316 26.623 0.0 CG 28 
   664 42.87 0.0 CB 55 
   619 131.545 0.0 CD1 51 
   338 20.464 0.0 CG1 30 
   560 121.275 0.0 N 47 
   722 6.914 0.0 HE1 60 
   567 176.225 0.0 C 48 
   733 3.771 0.0 HA2 61 
   738 8.104 0.0 H 62 
   1264 2.067 0.0 HB2 104 
   346 2.141 0.0 HG2 31 
   1062 0.724 0.0 HG11 88 
   610 2.552 0.0 HB3 51 
   451 4.77 0.0 HA 40 
   274 58.413 0.0 CA 25 
   1139 22.143 0.0 CD2 93 
   985 130.512 0.0 CE1 81 
   553 1.653 0.0 HG2 47 
   1245 3.08 0.0 HB3 103 
   779 114.841 0.0 N 65 
   647 30.867 0.0 CB 53 
   1151 0.839 0.0 HD23 94 
   145 1.84 0.0 HB3 16 
   319 4.528 0.0 HA 29 
   233 3.132 0.0 HD3 22 
   1244 3.125 0.0 HB2 103 
   800 0.36 0.0 HD21 67 
   85 0.86 0.0 HD13 10 
   281 1.162 0.0 HG22 26 
   954 116.911 0.0 N 79 
   109 4.201 0.0 HA 12 
   827 1.967 0.0 HB2 69 
   710 -0.209 0.0 HG23 59 
   513 54.59 0.0 CA 43 
   380 43.753 0.0 CD 33 
   762 2.185 0.0 HG2 64 
   1189 27.707 0.0 CG 97 
   508 0.797 0.0 HD21 43 
   29 0.883 0.0 HG12 5 
   1275 32.912 0.0 CG 104 
   843 0.613 0.0 HG13 70 
   132 63.477 0.0 CB 14 
   143 4.203 0.0 HA 16 
   1011 6.473 0.0 H 84 
   534 175.729 0.0 C 45 
   1021 1.476 0.0 HG 84 
   644 1.601 0.0 HG3 53 
   716 7.089 0.0 H 60 
   781 4.059 0.0 HA 66 
   652 2.966 0.0 HB2 54 
   806 41.98 0.0 CB 67 
   515 25.078 0.0 CD1 43 
   5 2.037 0.0 HE2 3 
   950 59.293 0.0 CA 79 
   350 32.865 0.0 CB 31 
   1272 60.65 0.0 CA 104 
   545 39.065 0.0 CB 46 
   984 131.99 0.0 CD2 81 
   863 35.813 0.0 CG 71 
   813 1.901 0.0 HB2 68 
   859 2.053 0.0 HG3 71 
   1178 4.322 0.0 HA 97 
   938 45.05 0.0 CA 78 
   551 3.179 0.0 HD2 47 
   594 1.556 0.0 HD2 50 
   1190 122.473 0.0 N 97 
   355 4.887 0.0 HA 32 
   1002 4.209 0.0 HB 83 
   933 115.627 0.0 N 77 
   1154 57.332 0.0 CA 94 
   810 117.57 0.0 N 67 
   563 1.791 0.0 HB2 48 
   1267 2.298 0.0 HE2 104 
   1109 0.555 0.0 HG22 91 
   294 0.75 0.0 HD13 27 
   717 4.115 0.0 HA 60 
   1137 41.703 0.0 CB 93 
   911 4.276 0.0 HA2 76 
   676 1.245 0.0 HG 56 
   583 175.439 0.0 C 49 
   453 0.769 0.0 HG11 40 
   462 21.236 0.0 CG1 40 
   309 3.084 0.0 HD3 28 
   1204 125.256 0.0 N 98 
   524 176.981 0.0 C 44 
   180 36.33 0.0 CG 18 
   751 1.15 0.0 HG22 63 
   752 1.15 0.0 HG23 63 
   291 1.158 0.0 HB3 27 
   853 125.545 0.0 N 70 
   587 23.991 0.0 CD2 49 
   1328 1.014 0.0 HD22 109 
   1238 29.357 0.0 CD 102 
   934 7.647 0.0 H 78 
   803 1.287 0.0 HG 67 
   842 1.246 0.0 HG12 70 
   467 3.304 0.0 HB2 41 
   883 8.586 0.0 H 73 
   246 1.981 0.0 HG2 23 
   992 1.901 0.0 HB3 82 
   260 6.701 0.0 HE2 24 
   489 1.467 0.0 HG12 42 
   162 2.001 0.0 HE3 17 
   1250 6.476 0.0 HZ2 103 
   820 58.094 0.0 CA 68 
   828 1.967 0.0 HB3 69 
   1007 65.351 0.0 CA 83 
   576 0.712 0.0 HD11 49 
   1255 127.212 0.0 CD1 103 
   206 0.854 0.0 HD23 20 
   80 4.197 0.0 HA 10 
   1296 114.241 0.0 N 106 
   1165 2.274 0.0 HG3 95 
   623 129.351 0.0 CZ 51 
   862 32.946 0.0 CB 71 
   986 130.512 0.0 CE2 81 
   1067 0.83 0.0 HG23 88 
   341 8.341 0.0 H 31 
   1268 2.298 0.0 HE3 104 
   63 175.868 0.0 C 8 
   758 2.241 0.0 HB2 64 
   905 3.917 0.0 HB3 75 
   1098 26.895 0.0 CG 90 
   418 4.915 0.0 HA 38 
   721 7.329 0.0 HD2 60 
   214 121.295 0.0 N 20 
   1352 64.896 0.0 CB 111 
   157 4.205 0.0 HA 17 
   51 1.354 0.0 HB2 7 
   465 9.605 0.0 H 41 
   121 1.401 0.0 HB3 13 
   393 2.263 0.0 HG2 35 
   488 0.685 0.0 HD13 42 
   484 4.729 0.0 HA 42 
   485 1.815 0.0 HB 42 
   40 8.389 0.0 H 6 
   1314 1.807 0.0 HG3 108 
   322 171.729 0.0 C 29 
   373 1.546 0.0 HB3 33 
   935 4.601 0.0 HA2 78 
   1117 116.561 0.0 N 91 
   1266 2.298 0.0 HE1 104 
   656 39.184 0.0 CB 54 
   919 1.608 0.0 HB3 77 
   127 4.342 0.0 HA 14 
   273 172.134 0.0 C 25 
   442 0.365 0.0 HG23 39 
   920 0.842 0.0 HD11 77 
   640 2.014 0.0 HB3 53 
   480 130.657 0.0 CE2 41 
   1230 1.624 0.0 HD3 102 
   1249 6.678 0.0 HH2 103 
   147 3.165 0.0 HD3 16 
   205 0.854 0.0 HD22 20 
   1158 26.897 0.0 CG 94 
   415 46.016 0.0 CA 37 
   95 26.946 0.0 CG 10 
   371 4.439 0.0 HA 33 
   1096 23.032 0.0 CD1 90 
   1059 9.051 0.0 H 88 
   1027 26.393 0.0 CG 84 
   1034 2.094 0.0 HG3 85 
   987 127.489 0.0 CZ 81 
   221 2.215 0.0 HG3 21 
   1017 0.451 0.0 HD13 84 
   852 18.6 0.0 CG2 70 
   1135 174.204 0.0 C 93 
   889 125.865 0.0 N 73 
   298 175.89 0.0 C 27 
   491 0.921 0.0 HG21 42 
   20 176.331 0.0 C 4 
   324 64.918 0.0 CB 29 
   311 1.421 0.0 HG3 28 
   250 30.144 0.0 CB 23 
   575 1.555 0.0 HB3 49 
   18 2.199 0.0 HG2 4 
   83 0.86 0.0 HD11 10 
   378 54.137 0.0 CA 33 
   458 0.737 0.0 HG23 40 
   539 8.1 0.0 H 46 
   1263 3.644 0.0 HA 104 
   812 4.191 0.0 HA 68 
   384 3.925 0.0 HB2 34 
   258 7.074 0.0 HD2 24 
   44 174.496 0.0 C 6 
   1071 21.209 0.0 CG1 88 
   1289 1.513 0.0 HB3 106 
   1020 0.647 0.0 HD23 84 
   945 0.692 0.0 HG13 79 
   858 2.203 0.0 HG2 71 
   897 177.861 0.0 C 74 
   1221 1.459 0.0 HB3 101 
   523 1.364 0.0 HB3 44 
   1163 2.236 0.0 HB3 95 
   262 58.621 0.0 CA 24 
   1332 55.074 0.0 CA 109 
   72 2.204 0.0 HG2 9 
   435 0.827 0.0 HD11 39 
   412 3.965 0.0 HA2 37 
   161 2.001 0.0 HE2 17 
   1120 3.681 0.0 HA3 92 
   629 3.283 0.0 HD2 52 
   448 19.58 0.0 CG2 39 
   1223 56.234 0.0 CA 101 
   737 118.169 0.0 N 61 
   164 2.52 0.0 HG3 17 
   1161 4.384 0.0 HA 95 
   999 124.087 0.0 N 82 
   683 118.239 0.0 N 56 
   1053 2.584 0.0 HB2 87 
   633 55.616 0.0 CA 52 
   196 119.142 0.0 N 19 
   6 2.037 0.0 HE3 3 
   723 6.914 0.0 HE2 60 
   151 57.826 0.0 CA 16 
   879 13.45 0.0 CD1 72 
   825 7.852 0.0 H 69 
   1200 56.621 0.0 CA 98 
   133 114.553 0.0 N 14 
   1049 33.733 0.0 CG 86 
   1282 179.136 0.0 C 105 
   561 8.308 0.0 H 48 
   554 1.442 0.0 HG3 47 
   719 2.799 0.0 HB3 60 
   120 1.401 0.0 HB2 13 
   637 125.064 0.0 N 52 
   713 68.111 0.0 CB 59 
   824 116.991 0.0 N 68 
   1026 22.07 0.0 CD2 84 
   795 1.403 0.0 HB2 67 
   1231 2.947 0.0 HE2 102 
   963 175.006 0.0 C 80 
   226 118.077 0.0 N 21 
   244 1.795 0.0 HB2 23 
   1288 1.513 0.0 HB2 106 
   613 7.022 0.0 HE1 51 
   497 13.076 0.0 CD1 42 
   1206 3.902 0.0 HA2 99 
   289 4.249 0.0 HA 27 
   741 1.112 0.0 HB2 62 
   107 120.956 0.0 N 11 
   798 -0.04 0.0 HD12 67 
   789 29.542 0.0 CB 66 
   557 30.762 0.0 CB 47 
   626 4.903 0.0 HA 52 
   739 4.298 0.0 HA 62 
   1177 8.717 0.0 H 97 
   1307 117.066 0.0 N 107 
   228 7.939 0.0 H 22 
   210 42.252 0.0 CB 20 
   1140 25.6 0.0 CG 93 
   1216 64.391 0.0 CB 100 
   388 62.613 0.0 CB 34 
   1183 1.544 0.0 HG2 97 
   112 1.37 0.0 HB3 12 
   969 117.499 0.0 CE2 80 
   630 3.332 0.0 HD3 52 
   1093 177.109 0.0 C 90 
   772 1.946 0.0 HB3 65 
   1004 1.317 0.0 HG22 83 
   823 27.438 0.0 CG 68 
   671 0.563 0.0 HD12 56 
   9 176.016 0.0 C 3 
   1182 3.087 0.0 HD3 97 
   102 2.197 0.0 HG3 11 
   981 57.116 0.0 CA 81 
   600 175.125 0.0 C 50 
   422 0.713 0.0 HG13 38 
   830 2.202 0.0 HG3 69 
   1212 4.419 0.0 HA 100 
   440 0.365 0.0 HG21 39 
   253 8.087 0.0 H 24 
   391 1.95 0.0 HB2 35 
   81 1.659 0.0 HB2 10 
   1133 0.068 0.0 HD23 93 
   864 126.24 0.0 N 71 
   115 18.829 0.0 CB 12 
   1 4.425 0.0 HA 3 
   1308 4.342 0.0 HA 108 
   357 2.697 0.0 HB3 32 
   382 130.005 0.0 N 33 
   634 28.313 0.0 CB 52 
   584 53.785 0.0 CA 49 
   1326 1.06 0.0 HD13 109 
   978 6.86 0.0 HE2 81 
   552 3.068 0.0 HD3 47 
   706 3.734 0.0 HA 59 
   1229 1.65 0.0 HD2 102 
   492 0.921 0.0 HG22 42 
   1248 6.803 0.0 HE3 103 
   942 1.744 0.0 HB 79 
   1180 1.643 0.0 HB3 97 
   876 175.825 0.0 C 72 
   1097 26.006 0.0 CD2 90 
   1058 121.904 0.0 N 87 
   1209 45.495 0.0 CA 99 
   744 52.177 0.0 CA 62 
   636 27.315 0.0 CG 52 
   753 58.845 0.0 CA 63 
   134 8.205 0.0 H 15 
   153 43.249 0.0 CD 16 
   898 65.658 0.0 CA 74 
   1168 29.663 0.0 CB 95 
   49 4.212 0.0 HA 7 
   742 1.112 0.0 HB3 62 
   707 3.962 0.0 HB 59 
   670 0.563 0.0 HD11 56 
   406 176.435 0.0 C 36 
   885 4.148 0.0 HB2 73 
   912 3.67 0.0 HA3 76 
   759 1.816 0.0 HB3 64 
   1306 134.424 0.0 CE1 107 
   766 31.923 0.0 CB 64 
   730 118.264 0.0 CE2 60 
   353 111.73 0.0 NE2 31 
   771 1.946 0.0 HB2 65 
   399 121.527 0.0 N 35 
   1226 3.979 0.0 HA 102 
   657 111.513 0.0 N 54 
   22 29.994 0.0 CB 4 
   1039 114.551 0.0 N 85 
   417 6.622 0.0 H 38 
   891 2.382 0.0 HB2 74 
   1174 174.742 0.0 C 96 
   113 178.397 0.0 C 12 
   1018 0.647 0.0 HD21 84 
   39 121.499 0.0 N 5 
   929 42.125 0.0 CB 77 
   432 9.458 0.0 H 39 
   328 1.586 0.0 HB 30 
   704 116.752 0.0 N 58 
   1148 0.88 0.0 HD13 94 
   1342 1.398 0.0 HB3 110 
   807 25.787 0.0 CD1 67 
   42 3.879 0.0 HB2 6 
   1279 1.426 0.0 HB1 105 
   152 30.165 0.0 CB 16 
   1025 25.665 0.0 CD1 84 
   1339 4.335 0.0 HA 110 
   522 1.364 0.0 HB2 44 
   1353 121.137 0.0 N 111 
   265 132.98 0.0 CD2 24 
   1311 3.315 0.0 HD2 108 
   1346 127.482 0.0 N 110 
   595 1.556 0.0 HD3 50 
   1270 2.214 0.0 HG3 104 
   73 2.204 0.0 HG3 9 
   686 1.24 0.0 HB2 57 
   589 125.107 0.0 N 49 
   1078 175.634 0.0 C 89 
   1338 8.637 0.0 H 110 
   1283 54.605 0.0 CA 105 
   760 3.713 0.0 HD2 64 
   1176 107.323 0.0 N 96 
   785 2.378 0.0 HG2 66 
   211 25.394 0.0 CD1 20 
   266 118.071 0.0 CE1 24 
   833 28.69 0.0 CB 69 
   796 1.216 0.0 HB3 67 
   1072 22.104 0.0 CG2 88 
   1294 30.476 0.0 CB 106 
   197 8.034 0.0 H 20 
   1111 177.553 0.0 C 91 
   1119 3.827 0.0 HA2 92 
   845 0.118 0.0 HG22 70 
   278 4.43 0.0 HA 26 
   586 25.513 0.0 CD1 49 
   684 7.214 0.0 H 57 
   372 1.712 0.0 HB2 33 
   612 7.186 0.0 HD2 51 
   490 0.882 0.0 HG13 42 
   1172 4.236 0.0 HA2 96 
   694 124.612 0.0 N 57 
   419 1.757 0.0 HB 38 
   248 176.858 0.0 C 23 
   968 117.499 0.0 CE1 80 
   775 178.76 0.0 C 65 
   792 110.754 0.0 NE2 66 
   348 174.131 0.0 C 31 
   136 3.912 0.0 HB2 15 
   270 4.133 0.0 HA 25 
   786 2.098 0.0 HG3 66 
   1022 175.527 0.0 C 84 
   910 8.418 0.0 H 76 
   819 177.1 0.0 C 68 
   579 0.789 0.0 HD21 49 
   1305 119.178 0.0 CD2 107 
   17 1.884 0.0 HB3 4 
   89 1.587 0.0 HG 10 
   1336 27.041 0.0 CG 109 
   867 1.671 0.0 HB 72 
   277 7.753 0.0 H 26 
   402 2.002 0.0 HB2 36 
   506 0.893 0.0 HD12 43 
   347 2.215 0.0 HG3 31 
   802 0.36 0.0 HD23 67 
   537 114.155 0.0 N 45 
   411 7.908 0.0 H 37 
   475 56.064 0.0 CA 41 
   1042 1.871 0.0 HB2 86 
   502 5.108 0.0 HA 43 
   25 8.177 0.0 H 5 
   170 119.345 0.0 N 17 
   672 0.563 0.0 HD13 56 
   763 1.792 0.0 HG3 64 
   1269 2.941 0.0 HG2 104 
   702 54.433 0.0 CA 58 
   1146 0.88 0.0 HD11 94 
   804 174.721 0.0 C 67 
   1210 105.916 0.0 N 99 
   222 177.928 0.0 C 21 
   581 0.789 0.0 HD23 49 
   914 45.558 0.0 CA 76 
   1076 4.014 0.0 HB2 89 
   1106 1.169 0.0 HG12 91 
   1101 3.198 0.0 HA 91 
   617 56.966 0.0 CA 51 
   518 128.415 0.0 N 43 
   241 119.729 0.0 N 22 
   252 119.302 0.0 N 23 
   279 4.215 0.0 HB 26 
   486 0.685 0.0 HD11 42 
   304 9.619 0.0 H 28 
   1089 0.902 0.0 HD21 90 
   618 43.776 0.0 CB 51 
   1038 37.004 0.0 CG 85 
   767 49.993 0.0 CD 64 
   202 0.832 0.0 HD12 20 
   975 6.984 0.0 HD1 81 
   1292 174.911 0.0 C 106 
   1010 115.091 0.0 N 83 
   235 1.535 0.0 HG3 22 
   283 174.498 0.0 C 26 
   517 28.618 0.0 CG 43 
   608 4.974 0.0 HA 51 
   223 57.396 0.0 CA 21 
   780 7.728 0.0 H 66 
   100 1.977 0.0 HB3 11 
   1196 3.595 0.0 HD3 98 
   369 124.536 0.0 N 32 
   1083 3.798 0.0 HA 90 
   148 1.556 0.0 HG2 16 
   376 1.44 0.0 HG2 33 
   1167 56.089 0.0 CA 95 
   284 59.488 0.0 CA 26 
   1184 1.434 0.0 HG3 97 
