   818 1.681 0.0 HG3 68 
   804 174.721 0.0 C 67 
   923 0.824 0.0 HD21 77 
   368 117.341 0.0 CE2 32 
   306 1.556 0.0 HB2 28 
   534 175.729 0.0 C 45 
   977 6.86 0.0 HE1 81 
   60 2.712 0.0 HB3 8 
   1076 4.014 0.0 HB2 89 
   342 4.566 0.0 HA 31 
   474 174.17 0.0 C 41 
   1067 0.83 0.0 HG23 88 
   90 178.235 0.0 C 10 
   174 2.003 0.0 HB3 18 
   1160 7.738 0.0 H 95 
   639 2.014 0.0 HB2 53 
   756 111.934 0.0 N 63 
   1288 1.513 0.0 HB2 106 
   314 32.647 0.0 CB 28 
   444 61.503 0.0 CA 39 
   1310 1.86 0.0 HB3 108 
   985 130.512 0.0 CE1 81 
   1007 65.351 0.0 CA 83 
   782 2.243 0.0 HB2 66 
   142 8.148 0.0 H 16 
   585 44.054 0.0 CB 49 
   871 1.629 0.0 HG12 72 
   1048 34.491 0.0 CB 86 
   1243 4.036 0.0 HA 103 
   1051 8.63 0.0 H 87 
   404 2.193 0.0 HG2 36 
   1176 107.323 0.0 N 96 
   220 2.502 0.0 HG2 21 
   208 178.43 0.0 C 20 
   363 57.485 0.0 CA 32 
   654 175.841 0.0 C 54 
   1071 21.209 0.0 CG1 88 
   1057 44.193 0.0 CB 87 
   387 61.518 0.0 CA 34 
   1188 43.281 0.0 CD 97 
   79 8.06 0.0 H 10 
   1250 6.476 0.0 HZ2 103 
   211 25.394 0.0 CD1 20 
   895 2.112 0.0 HG2 74 
   1154 57.332 0.0 CA 94 
   978 6.86 0.0 HE2 81 
   234 1.658 0.0 HG2 22 
   302 26.014 0.0 CD2 27 
   219 7.622 0.0 HE21 21 
   1132 0.068 0.0 HD22 93 
   1093 177.109 0.0 C 90 
   293 0.75 0.0 HD12 27 
   296 0.897 0.0 HD22 27 
   425 0.574 0.0 HG23 38 
   1268 2.298 0.0 HE3 104 
   373 1.546 0.0 HB3 33 
   71 1.998 0.0 HB3 9 
   608 4.974 0.0 HA 51 
   965 41.026 0.0 CB 80 
   380 43.753 0.0 CD 33 
   512 178.81 0.0 C 43 
   566 1.94 0.0 HG3 48 
   869 0.687 0.0 HD12 72 
   581 0.789 0.0 HD23 49 
   1324 1.06 0.0 HD11 109 
   624 119.432 0.0 N 51 
   896 2.031 0.0 HG3 74 
   1351 59.865 0.0 CA 111 
   506 0.893 0.0 HD12 43 
   424 0.574 0.0 HG22 38 
   604 41.911 0.0 CE 50 
   969 117.499 0.0 CE2 80 
   656 39.184 0.0 CB 54 
   1197 1.615 0.0 HG2 98 
   832 55.752 0.0 CA 69 
   388 62.613 0.0 CB 34 
   644 1.601 0.0 HG3 53 
   879 13.45 0.0 CD1 72 
   157 4.205 0.0 HA 17 
   48 8.431 0.0 H 7 
   1142 8.317 0.0 H 94 
   1043 1.238 0.0 HB3 86 
   56 126.064 0.0 N 7 
   827 1.967 0.0 HB2 69 
   1034 2.094 0.0 HG3 85 
   49 4.212 0.0 HA 7 
   1124 7.615 0.0 H 93 
   436 0.827 0.0 HD12 39 
   133 114.553 0.0 N 14 
   1153 178.947 0.0 C 94 
   563 1.791 0.0 HB2 48 
   1248 6.803 0.0 HE3 103 
   942 1.744 0.0 HB 79 
   165 177.442 0.0 C 17 
   43 3.824 0.0 HB3 6 
   982 38.413 0.0 CB 81 
   1017 0.451 0.0 HD13 84 
   384 3.925 0.0 HB2 34 
   936 4.045 0.0 HA3 78 
   1095 42.674 0.0 CB 90 
   668 2.211 0.0 HB2 56 
   136 3.912 0.0 HB2 15 
   92 42.02 0.0 CB 10 
   1009 23.764 0.0 CG2 83 
   468 2.612 0.0 HB3 41 
   457 0.737 0.0 HG22 40 
   280 1.162 0.0 HG21 26 
   466 4.852 0.0 HA 41 
   717 4.115 0.0 HA 60 
   673 0.1 0.0 HD21 56 
   284 59.488 0.0 CA 26 
   262 58.621 0.0 CA 24 
   675 0.1 0.0 HD23 56 
   1061 1.943 0.0 HB 88 
   1102 1.437 0.0 HB 91 
   45 58.096 0.0 CA 6 
   332 0.674 0.0 HG21 30 
   1002 4.209 0.0 HB 83 
   710 -0.209 0.0 HG23 59 
   1081 120.776 0.0 N 89 
   131 59.538 0.0 CA 14 
   431 105.549 0.0 N 38 
   844 0.118 0.0 HG21 70 
   841 0.635 0.0 HD13 70 
   1349 3.803 0.0 HB2 111 
   726 37.813 0.0 CB 60 
   20 176.331 0.0 C 4 
   592 1.613 0.0 HB2 50 
   309 3.084 0.0 HD3 28 
   479 130.657 0.0 CE1 41 
   1353 121.137 0.0 N 111 
   1236 59.169 0.0 CA 102 
   232 3.132 0.0 HD2 22 
   737 118.169 0.0 N 61 
   1205 7.684 0.0 H 99 
   374 3.051 0.0 HD2 33 
   33 0.884 0.0 HG23 5 
   792 110.754 0.0 NE2 66 
   371 4.439 0.0 HA 33 
   1279 1.426 0.0 HB1 105 
   511 1.668 0.0 HG 43 
   715 99.63 0.0 N 59 
   611 7.186 0.0 HD1 51 
   123 53.303 0.0 CA 13 
   989 7.466 0.0 H 82 
   498 28.39 0.0 CG1 42 
   1190 122.473 0.0 N 97 
   1231 2.947 0.0 HE2 102 
   542 2.79 0.0 HB3 46 
   727 133.724 0.0 CD1 60 
   411 7.908 0.0 H 37 
   1323 1.528 0.0 HB3 109 
   1000 9.023 0.0 H 83 
   1241 119.022 0.0 N 102 
   889 125.865 0.0 N 73 
   430 18.467 0.0 CG2 38 
   1270 2.214 0.0 HG3 104 
   1207 3.902 0.0 HA3 99 
   8 2.492 0.0 HG3 3 
   999 124.087 0.0 N 82 
   1339 4.335 0.0 HA 110 
   493 0.921 0.0 HG23 42 
   852 18.6 0.0 CG2 70 
   1173 3.752 0.0 HA3 96 
   707 3.962 0.0 HB 59 
   578 0.712 0.0 HD13 49 
   323 57.62 0.0 CA 29 
   27 2.016 0.0 HB 5 
   1290 2.19 0.0 HG2 106 
   1271 178.325 0.0 C 104 
   65 38.639 0.0 CB 8 
   35 62.128 0.0 CA 5 
   1267 2.298 0.0 HE2 104 
   352 122.553 0.0 N 31 
   279 4.215 0.0 HB 26 
   900 50.653 0.0 CD 74 
   672 0.563 0.0 HD13 56 
   571 120.823 0.0 N 48 
   4 2.037 0.0 HE1 3 
   1150 0.839 0.0 HD22 94 
   221 2.215 0.0 HG3 21 
   657 111.513 0.0 N 54 
   925 0.824 0.0 HD23 77 
   761 3.801 0.0 HD3 64 
   548 4.133 0.0 HA 47 
   553 1.653 0.0 HG2 47 
   426 173.629 0.0 C 38 
   39 121.499 0.0 N 5 
   648 49.824 0.0 CD 53 
   355 4.887 0.0 HA 32 
   1253 62.775 0.0 CA 103 
   719 2.799 0.0 HB3 60 
   539 8.1 0.0 H 46 
   597 2.649 0.0 HE3 50 
   463 21.935 0.0 CG2 40 
   666 7.22 0.0 H 56 
   697 3.592 0.0 HA 58 
   304 9.619 0.0 H 28 
   778 36.644 0.0 CG 65 
   85 0.86 0.0 HD13 10 
   575 1.555 0.0 HB3 49 
   711 173.265 0.0 C 59 
   1220 1.459 0.0 HB2 101 
   1068 174.389 0.0 C 88 
   1172 4.236 0.0 HA2 96 
   884 4.521 0.0 HA 73 
   128 3.873 0.0 HB2 14 
   901 27.83 0.0 CG 74 
   110 1.37 0.0 HB1 12 
   1272 60.65 0.0 CA 104 
   924 0.824 0.0 HD22 77 
   930 26.039 0.0 CD1 77 
   626 4.903 0.0 HA 52 
   1269 2.941 0.0 HG2 104 
   195 32.102 0.0 CG 19 
   552 3.068 0.0 HD3 47 
   1130 -0.102 0.0 HD13 93 
   268 118.678 0.0 N 24 
   513 54.59 0.0 CA 43 
   979 6.755 0.0 HZ 81 
   146 3.165 0.0 HD2 16 
   528 7.355 0.0 H 45 
   22 29.994 0.0 CB 4 
   788 57.206 0.0 CA 66 
   1255 127.212 0.0 CD1 103 
   377 1.378 0.0 HG3 33 
   759 1.816 0.0 HB3 64 
   559 27.613 0.0 CG 47 
   805 53.307 0.0 CA 67 
   625 9.528 0.0 H 52 
   655 55.185 0.0 CA 54 
   543 175.512 0.0 C 46 
   741 1.112 0.0 HB2 62 
   690 0.608 0.0 HG3 57 
   1348 4.214 0.0 HA 111 
   1041 4.768 0.0 HA 86 
   674 0.1 0.0 HD22 56 
   102 2.197 0.0 HG3 11 
   701 177.612 0.0 C 58 
   526 17.978 0.0 CB 44 
   385 3.839 0.0 HB3 34 
   1258 114.304 0.0 CZ2 103 
   749 4.537 0.0 HB 63 
   140 63.455 0.0 CB 15 
   392 1.95 0.0 HB3 35 
   1300 1.173 0.0 HB3 107 
   180 36.33 0.0 CG 18 
   927 176.209 0.0 C 77 
   557 30.762 0.0 CB 47 
   1256 118.379 0.0 CE3 103 
   1141 120.762 0.0 N 93 
   420 0.713 0.0 HG11 38 
   1027 26.393 0.0 CG 84 
   505 0.893 0.0 HD11 43 
   980 176.311 0.0 C 81 
   1325 1.06 0.0 HD12 109 
   300 43.838 0.0 CB 27 
   1129 -0.102 0.0 HD12 93 
   413 3.768 0.0 HA3 37 
   303 119.999 0.0 N 27 
   691 59.107 0.0 CA 57 
   1029 7.848 0.0 H 85 
   652 2.966 0.0 HB2 54 
   112 1.37 0.0 HB3 12 
   213 26.891 0.0 CG 20 
   87 0.81 0.0 HD22 10 
   503 2.221 0.0 HB2 43 
   312 176.07 0.0 C 28 
   849 42.252 0.0 CB 70 
   1084 1.612 0.0 HB2 90 
