   673 0.1 0.0 HD21 56 
   1213 4.108 0.0 HB2 100 
   156 8.14 0.0 H 17 
   144 1.84 0.0 HB2 16 
   1167 56.089 0.0 CA 95 
   703 20.052 0.0 CB 58 
   38 20.453 0.0 CG2 5 
   396 59.18 0.0 CA 35 
   811 7.214 0.0 H 68 
   14 8.628 0.0 H 4 
   58 4.571 0.0 HA 8 
   991 1.901 0.0 HB2 82 
   63 175.868 0.0 C 8 
   835 118.394 0.0 N 69 
   1217 116.809 0.0 N 100 
   344 1.8 0.0 HB3 31 
   198 4.193 0.0 HA 20 
   57 8.312 0.0 H 8 
   1173 3.752 0.0 HA3 96 
   553 1.653 0.0 HG2 47 
   1192 3.921 0.0 HA 98 
   456 0.737 0.0 HG21 40 
   329 0.252 0.0 HG11 30 
   682 26.691 0.0 CG 56 
   1191 7.999 0.0 H 98 
   995 178.206 0.0 C 82 
   213 26.891 0.0 CG 20 
   84 0.86 0.0 HD12 10 
   415 46.016 0.0 CA 37 
   893 3.803 0.0 HD2 74 
   191 177.964 0.0 C 19 
   372 1.712 0.0 HB2 33 
   943 0.692 0.0 HG11 79 
   1223 56.234 0.0 CA 101 
   839 0.635 0.0 HD11 70 
   629 3.283 0.0 HD2 52 
   1005 1.317 0.0 HG23 83 
   1345 19.28 0.0 CB 110 
   87 0.81 0.0 HD22 10 
   788 57.206 0.0 CA 66 
   1208 171.528 0.0 C 99 
   861 54.724 0.0 CA 71 
   1278 3.948 0.0 HA 105 
   168 16.963 0.0 CE 17 
   309 3.084 0.0 HD3 28 
   984 131.99 0.0 CD2 81 
   66 116.954 0.0 N 8 
   208 178.43 0.0 C 20 
   909 109.127 0.0 N 75 
   383 3.616 0.0 HA 34 
   1313 1.807 0.0 HG2 108 
   1180 1.643 0.0 HB3 97 
   1049 33.733 0.0 CG 86 
   1328 1.014 0.0 HD22 109 
   924 0.824 0.0 HD22 77 
   1039 114.551 0.0 N 85 
   665 116.732 0.0 N 55 
   659 4.94 0.0 HA 55 
   1017 0.451 0.0 HD13 84 
   376 1.44 0.0 HG2 33 
   8 2.492 0.0 HG3 3 
   1055 175.722 0.0 C 87 
   1196 3.595 0.0 HD3 98 
   1202 43.141 0.0 CD 98 
   280 1.162 0.0 HG21 26 
   302 26.014 0.0 CD2 27 
   1240 24.762 0.0 CG 102 
   1233 1.398 0.0 HG2 102 
   558 43.885 0.0 CD 47 
   516 24.929 0.0 CD2 43 
   866 4.208 0.0 HA 72 
   1200 56.621 0.0 CA 98 
   102 2.197 0.0 HG3 11 
   1324 1.06 0.0 HD11 109 
   240 27.348 0.0 CG 22 
   249 57.172 0.0 CA 23 
   652 2.966 0.0 HB2 54 
   1219 1.459 0.0 HB1 101 
   411 7.908 0.0 H 37 
   1289 1.513 0.0 HB3 106 
   533 7.365 0.0 HD22 45 
   444 61.503 0.0 CA 39 
   1066 0.83 0.0 HG22 88 
   873 1.167 0.0 HG21 72 
   61 6.882 0.0 HD21 8 
   1347 7.888 0.0 H 111 
   1073 121.549 0.0 N 88 
   523 1.364 0.0 HB3 44 
   752 1.15 0.0 HG23 63 
   771 1.946 0.0 HB2 65 
   462 21.236 0.0 CG1 40 
   640 2.014 0.0 HB3 53 
   589 125.107 0.0 N 49 
   546 111.628 0.0 N 46 
   1092 1.466 0.0 HG 90 
   585 44.054 0.0 CB 49 
   311 1.421 0.0 HG3 28 
   145 1.84 0.0 HB3 16 
   1325 1.06 0.0 HD12 109 
   1081 120.776 0.0 N 89 
   331 0.252 0.0 HG13 30 
   954 116.911 0.0 N 79 
   357 2.697 0.0 HB3 32 
   1158 26.897 0.0 CG 94 
   290 1.67 0.0 HB2 27 
   67 112.954 0.0 ND2 8 
   363 57.485 0.0 CA 32 
   188 2.03 0.0 HE3 19 
   925 0.824 0.0 HD23 77 
   103 177.123 0.0 C 11 
   789 29.542 0.0 CB 66 
   451 4.77 0.0 HA 40 
   476 39.031 0.0 CB 41 
   722 6.914 0.0 HE1 60 
   399 121.527 0.0 N 35 
   732 8.751 0.0 H 61 
   583 175.439 0.0 C 49 
   1307 117.066 0.0 N 107 
   425 0.574 0.0 HG23 38 
   106 36.09 0.0 CG 11 
   723 6.914 0.0 HE2 60 
   791 117.742 0.0 N 66 
   424 0.574 0.0 HG22 38 
   207 1.708 0.0 HG 20 
   147 3.165 0.0 HD3 16 
   98 4.131 0.0 HA 11 
   1048 34.491 0.0 CB 86 
   18 2.199 0.0 HG2 4 
   763 1.792 0.0 HG3 64 
   554 1.442 0.0 HG3 47 
   420 0.713 0.0 HG11 38 
   519 9.087 0.0 H 44 
   433 4.323 0.0 HA 39 
   1301 6.147 0.0 HD2 107 
   402 2.002 0.0 HB2 36 
   334 0.674 0.0 HG23 30 
   599 1.166 0.0 HG3 50 
   392 1.95 0.0 HB3 35 
   974 2.775 0.0 HB3 81 
   986 130.512 0.0 CE2 81 
   1270 2.214 0.0 HG3 104 
   923 0.824 0.0 HD21 77 
   799 -0.04 0.0 HD13 67 
   683 118.239 0.0 N 56 
   321 3.555 0.0 HB3 29 
   1111 177.553 0.0 C 91 
   169 32.011 0.0 CG 17 
   819 177.1 0.0 C 68 
   211 25.394 0.0 CD1 20 
   844 0.118 0.0 HG21 70 
   719 2.799 0.0 HB3 60 
   128 3.873 0.0 HB2 14 
   46 64.02 0.0 CB 6 
   1235 177.978 0.0 C 102 
   75 57.507 0.0 CA 9 
   1309 2.209 0.0 HB2 108 
   818 1.681 0.0 HG3 68 
   947 0.488 0.0 HG22 79 
   1026 22.07 0.0 CD2 84 
   1024 42.208 0.0 CB 84 
   319 4.528 0.0 HA 29 
   718 3.132 0.0 HB2 60 
   166 57.361 0.0 CA 17 
   793 7.132 0.0 H 67 
   869 0.687 0.0 HD12 72 
   836 7.957 0.0 H 70 
   23 36.128 0.0 CG 4 
   43 3.824 0.0 HB3 6 
   459 174.702 0.0 C 40 
   52 1.354 0.0 HB3 7 
   749 4.537 0.0 HB 63 
   397 28.457 0.0 CB 35 
   1343 176.868 0.0 C 110 
   401 4.289 0.0 HA 36 
   185 2.046 0.0 HB3 19 
   1116 17.114 0.0 CG2 91 
   343 1.96 0.0 HB2 31 
   304 9.619 0.0 H 28 
   951 34.536 0.0 CB 79 
   768 28.234 0.0 CG 64 
   236 178.223 0.0 C 22 
   542 2.79 0.0 HB3 46 
   759 1.816 0.0 HB3 64 
   758 2.241 0.0 HB2 64 
   1250 6.476 0.0 HZ2 103 
   21 56.669 0.0 CA 4 
   653 2.515 0.0 HB3 54 
   641 3.873 0.0 HD2 53 
   389 9.379 0.0 H 35 
   980 176.311 0.0 C 81 
   1148 0.88 0.0 HD13 94 
   5 2.037 0.0 HE2 3 
   1329 1.014 0.0 HD23 109 
   186 2.03 0.0 HE1 19 
   981 57.116 0.0 CA 81 
   1101 3.198 0.0 HA 91 
   335 173.89 0.0 C 30 
   853 125.545 0.0 N 70 
   1002 4.209 0.0 HB 83 
   1043 1.238 0.0 HB3 86 
   101 2.227 0.0 HG2 11 
   1283 54.605 0.0 CA 105 
   784 7.328 0.0 HE21 66 
   1118 7.314 0.0 H 92 
   1171 7.722 0.0 H 96 
   65 38.639 0.0 CB 8 
   696 8.306 0.0 H 58 
   1310 1.86 0.0 HB3 108 
   851 26.419 0.0 CG1 70 
   1259 121.776 0.0 CZ3 103 
   374 3.051 0.0 HD2 33 
   1265 2.339 0.0 HB3 104 
   1331 176.976 0.0 C 109 
   200 1.476 0.0 HB3 20 
   247 1.908 0.0 HG3 23 
   997 30.452 0.0 CB 82 
   620 131.545 0.0 CD2 51 
   1003 1.317 0.0 HG21 83 
   916 7.499 0.0 H 77 
   731 124.377 0.0 N 60 
   283 174.498 0.0 C 26 
   1144 1.93 0.0 HB2 94 
   27 2.016 0.0 HB 5 
   36 32.906 0.0 CB 5 
   429 21.782 0.0 CG1 38 
   161 2.001 0.0 HE2 17 
   829 2.202 0.0 HG2 69 
   123 53.303 0.0 CA 13 
   761 3.801 0.0 HD3 64 
   801 0.36 0.0 HD22 67 
   854 8.778 0.0 H 71 
   324 64.918 0.0 CB 29 
   628 1.678 0.0 HB3 52 
   887 57.766 0.0 CA 73 
   623 129.351 0.0 CZ 51 
   767 49.993 0.0 CD 64 
   498 28.39 0.0 CG1 42 
   125 122.326 0.0 N 13 
   1312 3.044 0.0 HD3 108 
   142 8.148 0.0 H 16 
   296 0.897 0.0 HD22 27 
   1236 59.169 0.0 CA 102 
   776 59.383 0.0 CA 65 
   956 5.161 0.0 HA 80 
   1334 24.954 0.0 CD1 109 
   1183 1.544 0.0 HG2 97 
   1065 0.83 0.0 HG21 88 
   6 2.037 0.0 HE3 3 
   489 1.467 0.0 HG12 42 
   985 130.512 0.0 CE1 81 
   29 0.883 0.0 HG12 5 
   104 57.085 0.0 CA 11 
   548 4.133 0.0 HA 47 
   1284 17.87 0.0 CB 105 
   1216 64.391 0.0 CB 100 
   325 111.229 0.0 N 29 
   1172 4.236 0.0 HA2 96 
   1178 4.322 0.0 HA 97 
   1083 3.798 0.0 HA 90 
   10 55.604 0.0 CA 3 
   896 2.031 0.0 HG3 74 
   1058 121.904 0.0 N 87 
   491 0.921 0.0 HG21 42 
   457 0.737 0.0 HG22 40 
   308 3.145 0.0 HD2 28 
   658 8.201 0.0 H 55 
   750 1.15 0.0 HG21 63 
   164 2.52 0.0 HG3 17 
   708 -0.209 0.0 HG21 59 
   468 2.612 0.0 HB3 41 
   122 178.794 0.0 C 13 
   9 176.016 0.0 C 3 
   774 2.196 0.0 HG3 65 
   361 6.319 0.0 HE2 32 
   1321 4.315 0.0 HA 109 
   975 6.984 0.0 HD1 81 
   1025 25.665 0.0 CD1 84 
   1022 175.527 0.0 C 84 
   745 20.267 0.0 CB 62 
   842 1.246 0.0 HG12 70 
   610 2.552 0.0 HB3 51 
   1044 2.428 0.0 HG2 86 
   849 42.252 0.0 CB 70 
   1095 42.674 0.0 CB 90 
   747 8.206 0.0 H 63 
   338 20.464 0.0 CG1 30 
   538 106.735 0.0 ND2 45 
   362 174.519 0.0 C 32 
   1061 1.943 0.0 HB 88 
   617 56.966 0.0 CA 51 
   187 2.03 0.0 HE2 19 
   877 61.763 0.0 CA 72 
   964 55.493 0.0 CA 80 
   1311 3.315 0.0 HD2 108 
   1036 57.064 0.0 CA 85 
   837 4.508 0.0 HA 70 
   1128 -0.102 0.0 HD11 93 
   271 4.022 0.0 HB2 25 
   667 4.636 0.0 HA 56 
   380 43.753 0.0 CD 33 
   802 0.36 0.0 HD23 67 
   69 4.162 0.0 HA 9 
   948 0.488 0.0 HG23 79 
   265 132.98 0.0 CD2 24 
   602 35.539 0.0 CB 50 
   865 9.013 0.0 H 72 
   920 0.842 0.0 HD11 77 
   86 0.81 0.0 HD21 10 
   1230 1.624 0.0 HD3 102 
   117 8.142 0.0 H 13 
   754 67.952 0.0 CB 63 
   751 1.15 0.0 HG22 63 
   688 7.208 0.0 HE21 57 
   728 133.724 0.0 CD2 60 
   796 1.216 0.0 HB3 67 
   559 27.613 0.0 CG 47 
   499 17.509 0.0 CG2 42 
   544 56.917 0.0 CA 46 
   1114 13.047 0.0 CD1 91 
   633 55.616 0.0 CA 52 
   453 0.769 0.0 HG11 40 
   962 6.559 0.0 HE2 80 
   486 0.685 0.0 HD11 42 
   148 1.556 0.0 HG2 16 
   821 31.556 0.0 CB 68 
   1146 0.88 0.0 HD11 94 
   766 31.923 0.0 CB 64 
   316 26.623 0.0 CG 28 
   977 6.86 0.0 HE1 81 
   1210 105.916 0.0 N 99 
   805 53.307 0.0 CA 67 
   687 0.068 0.0 HB3 57 
   460 61.243 0.0 CA 40 
   272 3.847 0.0 HB3 25 
   53 178.059 0.0 C 7 
   726 37.813 0.0 CB 60 
   1126 1.663 0.0 HB2 93 
   410 115.94 0.0 N 36 
   209 56.978 0.0 CA 20 
   945 0.692 0.0 HG13 79 
   669 1.046 0.0 HB3 56 
   1287 3.906 0.0 HA 106 
   716 7.089 0.0 H 60 
   56 126.064 0.0 N 7 
   288 9.148 0.0 H 27 
   863 35.813 0.0 CG 71 
   871 1.629 0.0 HG12 72 
   1280 1.426 0.0 HB2 105 
   243 4.083 0.0 HA 23 
   450 8.934 0.0 H 40 
   1117 116.561 0.0 N 91 
   638 4.146 0.0 HA 53 
   944 0.692 0.0 HG12 79 
   581 0.789 0.0 HD23 49 
   1242 8.089 0.0 H 103 
   505 0.893 0.0 HD11 43 
   291 1.158 0.0 HB3 27 
   393 2.263 0.0 HG2 35 
   488 0.685 0.0 HD13 42 
   807 25.787 0.0 CD1 67 
   110 1.37 0.0 HB1 12 
   253 8.087 0.0 H 24 
   373 1.546 0.0 HB3 33 
   59 2.776 0.0 HB2 8 
   332 0.674 0.0 HG21 30 
   1234 1.301 0.0 HG3 102 
   1086 0.758 0.0 HD11 90 
   764 179.483 0.0 C 64 
   473 6.866 0.0 HZ 41 
   936 4.045 0.0 HA3 78 
   565 2.222 0.0 HG2 48 
   482 128.169 0.0 N 41 
   221 2.215 0.0 HG3 21 
   1115 28.558 0.0 CG1 91 
   1288 1.513 0.0 HB2 106 
   576 0.712 0.0 HD11 49 
   330 0.252 0.0 HG12 30 
   760 3.713 0.0 HD2 64 
   182 7.963 0.0 H 19 
   64 53.841 0.0 CA 8 
   1029 7.848 0.0 H 85 
   889 125.865 0.0 N 73 
   431 105.549 0.0 N 38 
   753 58.845 0.0 CA 63 
   1106 1.169 0.0 HG12 91 
   238 30.597 0.0 CB 22 
   534 175.729 0.0 C 45 
   289 4.249 0.0 HA 27 
   608 4.974 0.0 HA 51 
   1127 1.079 0.0 HB3 93 
   698 0.928 0.0 HB1 58 
   466 4.852 0.0 HA 41 
   48 8.431 0.0 H 7 
   179 29.811 0.0 CB 18 
   118 4.218 0.0 HA 13 
   496 38.247 0.0 CB 42 
   1306 134.424 0.0 CE1 107 
   884 4.521 0.0 HA 73 
   416 108.087 0.0 N 37 
   231 1.794 0.0 HB3 22 
   395 177.168 0.0 C 35 
   578 0.712 0.0 HD13 49 
   1189 27.707 0.0 CG 97 
   162 2.001 0.0 HE3 17 
   461 33.244 0.0 CB 40 
   756 111.934 0.0 N 63 
   645 178.611 0.0 C 53 
   1296 114.241 0.0 N 106 
   183 4.2 0.0 HA 19 
   666 7.22 0.0 H 56 
   1107 0.614 0.0 HG13 91 
   1094 57.642 0.0 CA 90 
   1273 33.268 0.0 CB 104 
   958 2.826 0.0 HB3 80 
   992 1.901 0.0 HB3 82 
   284 59.488 0.0 CA 26 
   278 4.43 0.0 HA 26 
   507 0.893 0.0 HD13 43 
   942 1.744 0.0 HB 79 
   672 0.563 0.0 HD13 56 
   694 124.612 0.0 N 57 
   1097 26.006 0.0 CD2 90 
   315 43.794 0.0 CD 28 
   778 36.644 0.0 CG 65 
   691 59.107 0.0 CA 57 
   592 1.613 0.0 HB2 50 
   219 7.622 0.0 HE21 21 
   1050 114.682 0.0 N 86 
   257 7.074 0.0 HD1 24 
   81 1.659 0.0 HB2 10 
   234 1.658 0.0 HG2 22 
   832 55.752 0.0 CA 69 
   1159 119.88 0.0 N 94 
   449 122.144 0.0 N 39 
   181 119.875 0.0 N 18 
   12 16.881 0.0 CE 3 
   892 1.915 0.0 HB3 74 
   1067 0.83 0.0 HG23 88 
   1226 3.979 0.0 HA 102 
   273 172.134 0.0 C 25 
   1295 36.323 0.0 CG 106 
   129 3.873 0.0 HB3 14 
   300 43.838 0.0 CB 27 
   1016 0.451 0.0 HD12 84 
   1199 175.018 0.0 C 98 
   342 4.566 0.0 HA 31 
   635 43.598 0.0 CD 52 
   508 0.797 0.0 HD21 43 
   1134 1.465 0.0 HG 93 
   1093 177.109 0.0 C 90 
   1125 3.727 0.0 HA 93 
   47 119.949 0.0 N 6 
   1045 2.116 0.0 HG3 86 
   955 8.83 0.0 H 80 
   446 15.099 0.0 CD1 39 
   707 3.962 0.0 HB 59 
   1266 2.298 0.0 HE1 104 
   528 7.355 0.0 H 45 
   566 1.94 0.0 HG3 48 
   478 132.608 0.0 CD2 41 
   85 0.86 0.0 HD13 10 
   814 1.811 0.0 HB3 68 
   912 3.67 0.0 HA3 76 
   1340 1.398 0.0 HB1 110 
   49 4.212 0.0 HA 7 
   1100 7.464 0.0 H 91 
   858 2.203 0.0 HG2 71 
   345 7.418 0.0 HE21 31 
   904 3.917 0.0 HB2 75 
   913 174.359 0.0 C 76 
   80 4.197 0.0 HA 10 
   13 31.901 0.0 CG 3 
   442 0.365 0.0 HG23 39 
   111 1.37 0.0 HB2 12 
   1027 26.393 0.0 CG 84 
   525 54.489 0.0 CA 44 
   685 2.151 0.0 HA 57 
   1018 0.647 0.0 HD21 84 
   30 0.883 0.0 HG13 5 
   535 52.068 0.0 CA 45 
   878 38.256 0.0 CB 72 
   471 7.087 0.0 HE1 41 
   206 0.854 0.0 HD23 20 
   1338 8.637 0.0 H 110 
   1300 1.173 0.0 HB3 107 
   1269 2.941 0.0 HG2 104 
   651 4.702 0.0 HA 54 
   834 35.395 0.0 CG 69 
   1319 26.852 0.0 CG 108 
   828 1.967 0.0 HB3 69 
   176 2.198 0.0 HG3 18 
   1314 1.807 0.0 HG3 108 
   524 176.981 0.0 C 44 
   419 1.757 0.0 HB 38 
   464 126.626 0.0 N 40 
   1020 0.647 0.0 HD23 84 
   907 58.685 0.0 CA 75 
   70 1.998 0.0 HB2 9 
   976 6.984 0.0 HD2 81 
   1057 44.193 0.0 CB 87 
   245 1.795 0.0 HB3 23 
   686 1.24 0.0 HB2 57 
   235 1.535 0.0 HG3 22 
   298 175.89 0.0 C 27 
   205 0.854 0.0 HD22 20 
   54 53.151 0.0 CA 7 
   1342 1.398 0.0 HB3 110 
   536 37.016 0.0 CB 45 
   34 176.074 0.0 C 5 
   276 113.556 0.0 N 25 
   569 32.524 0.0 CB 48 
   588 27.673 0.0 CG 49 
   1294 30.476 0.0 CB 106 
   827 1.967 0.0 HB2 69 
   359 6.794 0.0 HD2 32 
   1203 29.125 0.0 CG 98 
   830 2.202 0.0 HG3 69 
   1091 0.902 0.0 HD23 90 
   1168 29.663 0.0 CB 95 
   798 -0.04 0.0 HD12 67 
   25 8.177 0.0 H 5 
   197 8.034 0.0 H 20 
   880 28.809 0.0 CG1 72 
   1174 174.742 0.0 C 96 
   492 0.921 0.0 HG22 42 
   657 111.513 0.0 N 54 
   1052 5.547 0.0 HA 87 
   204 0.854 0.0 HD21 20 
   71 1.998 0.0 HB3 9 
   1152 1.717 0.0 HG 94 
   1135 174.204 0.0 C 93 
   1053 2.584 0.0 HB2 87 
   918 1.608 0.0 HB2 77 
   1051 8.63 0.0 H 87 
   631 1.861 0.0 HG2 52 
   1084 1.612 0.0 HB2 90 
   626 4.903 0.0 HA 52 
   1034 2.094 0.0 HG3 85 
   1123 103.835 0.0 N 92 
   322 171.729 0.0 C 29 
   1246 7.018 0.0 HD1 103 
   891 2.382 0.0 HB2 74 
   820 58.094 0.0 CA 68 
   1231 2.947 0.0 HE2 102 
   661 3.034 0.0 HB3 55 
   624 119.432 0.0 N 51 
   1054 2.509 0.0 HB3 87 
   163 2.46 0.0 HG2 17 
   484 4.729 0.0 HA 42 
   938 45.05 0.0 CA 78 
   282 1.162 0.0 HG23 26 
   153 43.249 0.0 CD 16 
   594 1.556 0.0 HD2 50 
   258 7.074 0.0 HD2 24 
   1349 3.803 0.0 HB2 111 
   112 1.37 0.0 HB3 12 
   616 176.043 0.0 C 51 
   1015 0.451 0.0 HD11 84 
   857 2.042 0.0 HB3 71 
   521 1.364 0.0 HB1 44 
   114 53.207 0.0 CA 12 
   184 2.117 0.0 HB2 19 
   993 2.169 0.0 HG2 82 
   531 2.661 0.0 HB3 45 
   1068 174.389 0.0 C 88 
   804 174.721 0.0 C 67 
   1212 4.419 0.0 HA 100 
   872 0.696 0.0 HG13 72 
   917 4.552 0.0 HA 77 
   390 4.039 0.0 HA 35 
   312 176.07 0.0 C 28 
   547 7.703 0.0 H 47 
   1120 3.681 0.0 HA3 92 
   42 3.879 0.0 HB2 6 
   971 8.68 0.0 H 81 
   1303 53.158 0.0 CA 107 
   786 2.098 0.0 HG3 66 
   831 174.904 0.0 C 69 
   824 116.991 0.0 N 68 
   256 2.791 0.0 HB3 24 
   797 -0.04 0.0 HD11 67 
   220 2.502 0.0 HG2 21 
   966 133.192 0.0 CD1 80 
   1141 120.762 0.0 N 93 
   733 3.771 0.0 HA2 61 
   131 59.538 0.0 CA 14 
   539 8.1 0.0 H 46 
   477 132.608 0.0 CD1 41 
   1021 1.476 0.0 HG 84 
   180 36.33 0.0 CG 18 
   852 18.6 0.0 CG2 70 
   465 9.605 0.0 H 41 
   1299 2.411 0.0 HB2 107 
   203 0.832 0.0 HD13 20 
   960 6.868 0.0 HD2 80 
   452 1.871 0.0 HB 40 
   1272 60.65 0.0 CA 104 
   1075 4.745 0.0 HA 89 
   1056 52.907 0.0 CA 87 
   900 50.653 0.0 CD 74 
   999 124.087 0.0 N 82 
   423 0.574 0.0 HG21 38 
   816 3.22 0.0 HD3 68 
   1139 22.143 0.0 CD2 93 
   1344 52.539 0.0 CA 110 
   292 0.75 0.0 HD11 27 
   194 17.023 0.0 CE 19 
   989 7.466 0.0 H 82 
   140 63.455 0.0 CB 15 
   22 29.994 0.0 CB 4 
   196 119.142 0.0 N 19 
   479 130.657 0.0 CE1 41 
   1315 176.899 0.0 C 108 
   845 0.118 0.0 HG22 70 
   990 3.582 0.0 HA 82 
   301 26.22 0.0 CD1 27 
   515 25.078 0.0 CD1 43 
   174 2.003 0.0 HB3 18 
   15 4.276 0.0 HA 4 
   454 0.769 0.0 HG12 40 
   1206 3.902 0.0 HA2 99 
   1099 129.702 0.0 N 90 
   109 4.201 0.0 HA 12 
   928 54.378 0.0 CA 77 
   822 43.453 0.0 CD 68 
   1211 8.646 0.0 H 100 
   400 7.08 0.0 H 36 
   92 42.02 0.0 CB 10 
   693 31.891 0.0 CG 57 
   1008 68.085 0.0 CB 83 
   674 0.1 0.0 HD22 56 
   351 33.242 0.0 CG 31 
   1047 54.406 0.0 CA 86 
   577 0.712 0.0 HD12 49 
   1227 1.826 0.0 HB2 102 
   1245 3.08 0.0 HB3 103 
   1326 1.06 0.0 HD13 109 
   933 115.627 0.0 N 77 
   1038 37.004 0.0 CG 85 
   643 2.087 0.0 HG2 53 
   1258 114.304 0.0 CZ2 103 
   1041 4.768 0.0 HA 86 
   286 22.829 0.0 CG2 26 
   1108 0.555 0.0 HG21 91 
   1207 3.902 0.0 HA3 99 
   7 2.532 0.0 HG2 3 
   637 125.064 0.0 N 52 
   305 4.445 0.0 HA 28 
   1187 28.806 0.0 CB 97 
   1286 6.969 0.0 H 106 
   701 177.612 0.0 C 58 
   1102 1.437 0.0 HB 91 
   252 119.302 0.0 N 23 
   1104 0.62 0.0 HD12 91 
   1177 8.717 0.0 H 97 
   146 3.165 0.0 HD2 16 
   704 116.752 0.0 N 58 
   91 56.126 0.0 CA 10 
   368 117.341 0.0 CE2 32 
   1254 29.069 0.0 CB 103 
   621 131.675 0.0 CE1 51 
   647 30.867 0.0 CB 53 
   201 0.832 0.0 HD11 20 
   888 62.669 0.0 CB 73 
   911 4.276 0.0 HA2 76 
   968 117.499 0.0 CE1 80 
   215 8.157 0.0 H 21 
   932 26.477 0.0 CG 77 
   1188 43.281 0.0 CD 97 
   73 2.204 0.0 HG3 9 
   281 1.162 0.0 HG22 26 
   1218 4.02 0.0 HA 101 
   540 4.13 0.0 HA 46 
   567 176.225 0.0 C 48 
   237 57.61 0.0 CA 22 
   37 21.185 0.0 CG1 5 
   736 45.0 0.0 CA 61 
   552 3.068 0.0 HD3 47 
   1154 57.332 0.0 CA 94 
   413 3.768 0.0 HA3 37 
   725 60.827 0.0 CA 60 
   223 57.396 0.0 CA 21 
   226 118.077 0.0 N 21 
   727 133.724 0.0 CD1 60 
   1162 2.044 0.0 HB2 95 
   897 177.861 0.0 C 74 
   679 42.559 0.0 CB 56 
   557 30.762 0.0 CB 47 
   1336 27.041 0.0 CG 109 
   405 2.086 0.0 HG3 36 
   739 4.298 0.0 HA 62 
   642 4.012 0.0 HD3 53 
   435 0.827 0.0 HD11 39 
   612 7.186 0.0 HD2 51 
   1271 178.325 0.0 C 104 
   355 4.887 0.0 HA 32 
   1078 175.634 0.0 C 89 
   313 56.669 0.0 CA 28 
   418 4.915 0.0 HA 38 
   931 23.53 0.0 CD2 77 
   1194 2.763 0.0 HB3 98 
   126 8.165 0.0 H 14 
   121 1.401 0.0 HB3 13 
   369 124.536 0.0 N 32 
   1136 58.032 0.0 CA 93 
   609 3.28 0.0 HB2 51 
   134 8.205 0.0 H 15 
   136 3.912 0.0 HB2 15 
   574 1.727 0.0 HB2 49 
   961 6.559 0.0 HE1 80 
   1069 61.447 0.0 CA 88 
   490 0.882 0.0 HG13 42 
   391 1.95 0.0 HB2 35 
   268 118.678 0.0 N 24 
   172 4.121 0.0 HA 18 
   697 3.592 0.0 HA 58 
   596 2.85 0.0 HE2 50 
   352 122.553 0.0 N 31 
   634 28.313 0.0 CB 52 
   1109 0.555 0.0 HG22 91 
   93 24.876 0.0 CD1 10 
   901 27.83 0.0 CG 74 
   76 29.741 0.0 CB 9 
   735 174.325 0.0 C 61 
   239 43.459 0.0 CD 22 
   90 178.235 0.0 C 10 
   327 4.941 0.0 HA 30 
   1261 129.285 0.0 NE1 103 
   1263 3.644 0.0 HA 104 
   671 0.563 0.0 HD12 56 
   607 8.847 0.0 H 51 
   619 131.545 0.0 CD1 51 
   82 1.543 0.0 HB3 10 
   1090 0.902 0.0 HD22 90 
   317 123.653 0.0 N 28 
   605 26.043 0.0 CG 50 
   1243 4.036 0.0 HA 103 
   952 21.455 0.0 CG1 79 
   217 2.12 0.0 HB2 21 
   1087 0.758 0.0 HD12 90 
   1181 3.087 0.0 HD2 97 
   575 1.555 0.0 HB3 49 
   1112 64.55 0.0 CA 91 
   908 64.358 0.0 CB 75 
   979 6.755 0.0 HZ 81 
   481 128.301 0.0 CZ 41 
   902 7.893 0.0 H 75 
   1317 32.352 0.0 CB 108 
   202 0.832 0.0 HD12 20 
   1193 1.534 0.0 HB2 98 
   99 1.977 0.0 HB2 11 
   712 59.886 0.0 CA 59 
   1113 37.084 0.0 CB 91 
   124 18.835 0.0 CB 13 
   862 32.946 0.0 CB 71 
   957 2.892 0.0 HB2 80 
   684 7.214 0.0 H 57 
   729 118.264 0.0 CE1 60 
   88 0.81 0.0 HD23 10 
   1268 2.298 0.0 HE3 104 
   1238 29.357 0.0 CD 102 
   1290 2.19 0.0 HG2 106 
   495 61.316 0.0 CA 42 
   1252 181.021 0.0 C 103 
   1282 179.136 0.0 C 105 
   218 1.928 0.0 HB3 21 
   472 7.087 0.0 HE2 41 
   903 4.211 0.0 HA 75 
   375 2.833 0.0 HD3 33 
   409 36.871 0.0 CG 36 
   614 7.022 0.0 HE2 51 
   571 120.823 0.0 N 48 
   560 121.275 0.0 N 47 
   503 2.221 0.0 HB2 43 
   259 6.701 0.0 HE1 24 
   267 118.071 0.0 CE2 24 
   32 0.884 0.0 HG22 5 
   846 0.118 0.0 HG23 70 
   441 0.365 0.0 HG22 39 
   921 0.842 0.0 HD12 77 
   384 3.925 0.0 HB2 34 
   514 42.395 0.0 CB 43 
   439 0.821 0.0 HG13 39 
   1322 1.658 0.0 HB2 109 
   740 1.112 0.0 HB1 62 
   1080 64.469 0.0 CB 89 
   448 19.58 0.0 CG2 39 
   595 1.556 0.0 HD3 50 
   158 2.044 0.0 HB2 17 
   1166 176.559 0.0 C 95 
   227 111.873 0.0 NE2 21 
   1293 55.883 0.0 CA 106 
   1201 31.248 0.0 CB 98 
   656 39.184 0.0 CB 54 
   414 174.303 0.0 C 37 
   584 53.785 0.0 CA 49 
   1214 4.42 0.0 HB3 100 
   876 175.825 0.0 C 72 
   926 1.474 0.0 HG 77 
   365 133.168 0.0 CD1 32 
   353 111.73 0.0 NE2 31 
   299 56.06 0.0 CA 27 
   748 4.522 0.0 HA 63 
   1182 3.087 0.0 HD3 97 
   929 42.125 0.0 CB 77 
   510 0.797 0.0 HD23 43 
   333 0.674 0.0 HG22 30 
   50 1.354 0.0 HB1 7 
   593 1.33 0.0 HB3 50 
   1298 4.435 0.0 HA 107 
   1124 7.615 0.0 H 93 
