   233 3.132 0.0 HD3 22 
   1199 175.018 0.0 C 98 
   297 0.897 0.0 HD23 27 
   1030 3.622 0.0 HA 85 
   1035 175.01 0.0 C 85 
   467 3.304 0.0 HB2 41 
   1063 0.724 0.0 HG12 88 
   1286 6.969 0.0 H 106 
   192 57.55 0.0 CA 19 
   785 2.378 0.0 HG2 66 
   703 20.052 0.0 CB 58 
   260 6.701 0.0 HE2 24 
   882 129.755 0.0 N 72 
   1079 56.08 0.0 CA 89 
   960 6.868 0.0 HD2 80 
   989 7.466 0.0 H 82 
   1258 114.304 0.0 CZ2 103 
   505 0.893 0.0 HD11 43 
   1070 35.256 0.0 CB 88 
   883 8.586 0.0 H 73 
   410 115.94 0.0 N 36 
   880 28.809 0.0 CG1 72 
   559 27.613 0.0 CG 47 
   330 0.252 0.0 HG12 30 
   21 56.669 0.0 CA 4 
   160 2.001 0.0 HE1 17 
   1058 121.904 0.0 N 87 
   1329 1.014 0.0 HD23 109 
   954 116.911 0.0 N 79 
   1349 3.803 0.0 HB2 111 
   808 23.38 0.0 CD2 67 
   470 7.257 0.0 HD2 41 
   69 4.162 0.0 HA 9 
   749 4.537 0.0 HB 63 
   1137 41.703 0.0 CB 93 
   1190 122.473 0.0 N 97 
   647 30.867 0.0 CB 53 
   1089 0.902 0.0 HD21 90 
   699 0.928 0.0 HB2 58 
   1303 53.158 0.0 CA 107 
   47 119.949 0.0 N 6 
   113 178.397 0.0 C 12 
   398 36.377 0.0 CG 35 
   1272 60.65 0.0 CA 104 
   506 0.893 0.0 HD12 43 
   1028 116.818 0.0 N 84 
   944 0.692 0.0 HG12 79 
   868 0.687 0.0 HD11 72 
   538 106.735 0.0 ND2 45 
   838 1.325 0.0 HB 70 
   1277 7.659 0.0 H 105 
   984 131.99 0.0 CD2 81 
   1256 118.379 0.0 CE3 103 
   1103 0.62 0.0 HD11 91 
   498 28.39 0.0 CG1 42 
   728 133.724 0.0 CD2 60 
   669 1.046 0.0 HB3 56 
   1055 175.722 0.0 C 87 
   598 1.28 0.0 HG2 50 
   634 28.313 0.0 CB 52 
   835 118.394 0.0 N 69 
   32 0.884 0.0 HG22 5 
   480 130.657 0.0 CE2 41 
   1141 120.762 0.0 N 93 
   717 4.115 0.0 HA 60 
   81 1.659 0.0 HB2 10 
   459 174.702 0.0 C 40 
   1211 8.646 0.0 H 100 
   991 1.901 0.0 HB2 82 
   857 2.042 0.0 HB3 71 
   420 0.713 0.0 HG11 38 
   201 0.832 0.0 HD11 20 
   911 4.276 0.0 HA2 76 
   293 0.75 0.0 HD12 27 
   711 173.265 0.0 C 59 
   694 124.612 0.0 N 57 
   5 2.037 0.0 HE2 3 
   108 8.113 0.0 H 12 
   793 7.132 0.0 H 67 
   318 7.994 0.0 H 29 
   794 4.296 0.0 HA 67 
   570 36.376 0.0 CG 48 
   622 131.675 0.0 CE2 51 
   792 110.754 0.0 NE2 66 
   553 1.653 0.0 HG2 47 
   141 117.597 0.0 N 15 
   886 3.722 0.0 HB3 73 
   636 27.315 0.0 CG 52 
   121 1.401 0.0 HB3 13 
   689 1.708 0.0 HG2 57 
   48 8.431 0.0 H 7 
   401 4.289 0.0 HA 36 
   362 174.519 0.0 C 32 
   1130 -0.102 0.0 HD13 93 
   1214 4.42 0.0 HB3 100 
   202 0.832 0.0 HD12 20 
   1122 47.672 0.0 CA 92 
   950 59.293 0.0 CA 79 
   1099 129.702 0.0 N 90 
   586 25.513 0.0 CD1 49 
   111 1.37 0.0 HB2 12 
   1290 2.19 0.0 HG2 106 
   247 1.908 0.0 HG3 23 
   363 57.485 0.0 CA 32 
   546 111.628 0.0 N 46 
   14 8.628 0.0 H 4 
   579 0.789 0.0 HD21 49 
   298 175.89 0.0 C 27 
   675 0.1 0.0 HD23 56 
   1294 30.476 0.0 CB 106 
   214 121.295 0.0 N 20 
   1172 4.236 0.0 HA2 96 
   131 59.538 0.0 CA 14 
   811 7.214 0.0 H 68 
   575 1.555 0.0 HB3 49 
   1228 1.689 0.0 HB3 102 
   782 2.243 0.0 HB2 66 
   645 178.611 0.0 C 53 
   783 1.925 0.0 HB3 66 
   1289 1.513 0.0 HB3 106 
   299 56.06 0.0 CA 27 
   761 3.801 0.0 HD3 64 
   1100 7.464 0.0 H 91 
   762 2.185 0.0 HG2 64 
   469 7.257 0.0 HD1 41 
   684 7.214 0.0 H 57 
   67 112.954 0.0 ND2 8 
   654 175.841 0.0 C 54 
   1276 117.096 0.0 N 104 
   748 4.522 0.0 HA 63 
   848 60.153 0.0 CA 70 
   1014 1.467 0.0 HB3 84 
   456 0.737 0.0 HG21 40 
   601 55.26 0.0 CA 50 
   934 7.647 0.0 H 78 
   346 2.141 0.0 HG2 31 
   474 174.17 0.0 C 41 
   833 28.69 0.0 CB 69 
   1243 4.036 0.0 HA 103 
   487 0.685 0.0 HD12 42 
   942 1.744 0.0 HB 79 
   309 3.084 0.0 HD3 28 
   668 2.211 0.0 HB2 56 
   623 129.351 0.0 CZ 51 
   1280 1.426 0.0 HB2 105 
   599 1.166 0.0 HG3 50 
   503 2.221 0.0 HB2 43 
   662 175.935 0.0 C 55 
   1306 134.424 0.0 CE1 107 
   288 9.148 0.0 H 27 
   255 2.895 0.0 HB2 24 
   389 9.379 0.0 H 35 
   1146 0.88 0.0 HD11 94 
   779 114.841 0.0 N 65 
   1344 52.539 0.0 CA 110 
   1216 64.391 0.0 CB 100 
   435 0.827 0.0 HD11 39 
   680 24.042 0.0 CD1 56 
   294 0.75 0.0 HD13 27 
   37 21.185 0.0 CG1 5 
   878 38.256 0.0 CB 72 
   413 3.768 0.0 HA3 37 
   285 72.209 0.0 CB 26 
   909 109.127 0.0 N 75 
   1279 1.426 0.0 HB1 105 
   881 17.673 0.0 CG2 72 
   756 111.934 0.0 N 63 
   953 22.452 0.0 CG2 79 
   639 2.014 0.0 HB2 53 
   1283 54.605 0.0 CA 105 
   706 3.734 0.0 HA 59 
   135 4.394 0.0 HA 15 
   1285 120.951 0.0 N 105 
   745 20.267 0.0 CB 62 
   52 1.354 0.0 HB3 7 
   931 23.53 0.0 CD2 77 
   494 176.006 0.0 C 42 
   985 130.512 0.0 CE1 81 
   780 7.728 0.0 H 66 
   169 32.011 0.0 CG 17 
   844 0.118 0.0 HG21 70 
   936 4.045 0.0 HA3 78 
   612 7.186 0.0 HD2 51 
   1119 3.827 0.0 HA2 92 
   343 1.96 0.0 HB2 31 
   752 1.15 0.0 HG23 63 
   643 2.087 0.0 HG2 53 
   156 8.14 0.0 H 17 
   572 9.364 0.0 H 49 
   1338 8.637 0.0 H 110 
   500 123.192 0.0 N 42 
   905 3.917 0.0 HB3 75 
   227 111.873 0.0 NE2 21 
   373 1.546 0.0 HB3 33 
   853 125.545 0.0 N 70 
   805 53.307 0.0 CA 67 
   1171 7.722 0.0 H 96 
   448 19.58 0.0 CG2 39 
   796 1.216 0.0 HB3 67 
   644 1.601 0.0 HG3 53 
   278 4.43 0.0 HA 26 
   1322 1.658 0.0 HB2 109 
   982 38.413 0.0 CB 81 
   1155 41.391 0.0 CB 94 
   1000 9.023 0.0 H 83 
   813 1.901 0.0 HB2 68 
   1210 105.916 0.0 N 99 
   338 20.464 0.0 CG1 30 
   43 3.824 0.0 HB3 6 
   898 65.658 0.0 CA 74 
   526 17.978 0.0 CB 44 
   196 119.142 0.0 N 19 
   512 178.81 0.0 C 43 
   842 1.246 0.0 HG12 70 
   49 4.212 0.0 HA 7 
   442 0.365 0.0 HG23 39 
   97 8.147 0.0 H 11 
   1149 0.839 0.0 HD21 94 
   331 0.252 0.0 HG13 30 
   1345 19.28 0.0 CB 110 
   1045 2.116 0.0 HG3 86 
   73 2.204 0.0 HG3 9 
   677 175.248 0.0 C 56 
   906 175.703 0.0 C 75 
   58 4.571 0.0 HA 8 
   423 0.574 0.0 HG21 38 
   518 128.415 0.0 N 43 
   497 13.076 0.0 CD1 42 
   840 0.635 0.0 HD12 70 
   1298 4.435 0.0 HA 107 
   466 4.852 0.0 HA 41 
   1341 1.398 0.0 HB2 110 
   366 133.168 0.0 CD2 32 
   250 30.144 0.0 CB 23 
   869 0.687 0.0 HD12 72 
   718 3.132 0.0 HB2 60 
   1222 181.335 0.0 C 101 
   431 105.549 0.0 N 38 
   1047 54.406 0.0 CA 86 
   994 2.169 0.0 HG3 82 
   676 1.245 0.0 HG 56 
   877 61.763 0.0 CA 72 
   825 7.852 0.0 H 69 
   1037 26.953 0.0 CB 85 
   1170 117.117 0.0 N 95 
   1334 24.954 0.0 CD1 109 
   1012 4.131 0.0 HA 84 
   20 176.331 0.0 C 4 
   165 177.442 0.0 C 17 
   580 0.789 0.0 HD22 49 
   615 7.149 0.0 HZ 51 
   713 68.111 0.0 CB 59 
   611 7.186 0.0 HD1 51 
   1131 0.068 0.0 HD21 93 
   1068 174.389 0.0 C 88 
   571 120.823 0.0 N 48 
   778 36.644 0.0 CG 65 
   376 1.44 0.0 HG2 33 
   1044 2.428 0.0 HG2 86 
   629 3.283 0.0 HD2 52 
   1262 9.18 0.0 H 104 
   477 132.608 0.0 CD1 41 
   116 124.06 0.0 N 12 
   66 116.954 0.0 N 8 
   1323 1.528 0.0 HB3 109 
   1156 26.8 0.0 CD1 94 
   617 56.966 0.0 CA 51 
   653 2.515 0.0 HB3 54 
   45 58.096 0.0 CA 6 
   708 -0.209 0.0 HG21 59 
   57 8.312 0.0 H 8 
   544 56.917 0.0 CA 46 
   819 177.1 0.0 C 68 
   1309 2.209 0.0 HB2 108 
   698 0.928 0.0 HB1 58 
   148 1.556 0.0 HG2 16 
   29 0.883 0.0 HG12 5 
   1088 0.758 0.0 HD13 90 
   531 2.661 0.0 HB3 45 
   1002 4.209 0.0 HB 83 
   468 2.612 0.0 HB3 41 
   665 116.732 0.0 N 55 
   77 36.292 0.0 CG 9 
   627 2.135 0.0 HB2 52 
   129 3.873 0.0 HB3 14 
   520 3.968 0.0 HA 44 
   1253 62.775 0.0 CA 103 
   1073 121.549 0.0 N 88 
   1333 42.849 0.0 CB 109 
   157 4.205 0.0 HA 17 
   889 125.865 0.0 N 73 
   672 0.563 0.0 HD13 56 
   734 3.361 0.0 HA3 61 
   424 0.574 0.0 HG22 38 
   197 8.034 0.0 H 20 
   649 28.552 0.0 CG 53 
   818 1.681 0.0 HG3 68 
   354 9.231 0.0 H 32 
   176 2.198 0.0 HG3 18 
   161 2.001 0.0 HE2 17 
   996 59.66 0.0 CA 82 
   56 126.064 0.0 N 7 
   766 31.923 0.0 CB 64 
   1168 29.663 0.0 CB 95 
   353 111.73 0.0 NE2 31 
   1266 2.298 0.0 HE1 104 
   1316 62.878 0.0 CA 108 
   282 1.162 0.0 HG23 26 
   814 1.811 0.0 HB3 68 
   536 37.016 0.0 CB 45 
   1166 176.559 0.0 C 95 
   1327 1.014 0.0 HD21 109 
   573 4.681 0.0 HA 49 
   60 2.712 0.0 HB3 8 
   455 0.769 0.0 HG13 40 
   1008 68.085 0.0 CB 83 
   1177 8.717 0.0 H 97 
   357 2.697 0.0 HB3 32 
   938 45.05 0.0 CA 78 
   381 26.709 0.0 CG 33 
   1236 59.169 0.0 CA 102 
   150 177.474 0.0 C 16 
   852 18.6 0.0 CG2 70 
   1174 174.742 0.0 C 96 
   1064 0.724 0.0 HG13 88 
   371 4.439 0.0 HA 33 
   1005 1.317 0.0 HG23 83 
   385 3.839 0.0 HB3 34 
   449 122.144 0.0 N 39 
   198 4.193 0.0 HA 20 
   493 0.921 0.0 HG23 42 
   1158 26.897 0.0 CG 94 
   416 108.087 0.0 N 37 
   182 7.963 0.0 H 19 
   786 2.098 0.0 HG3 66 
   208 178.43 0.0 C 20 
   854 8.778 0.0 H 71 
   550 1.794 0.0 HB3 47 
   127 4.342 0.0 HA 14 
   1138 24.399 0.0 CD1 93 
   563 1.791 0.0 HB2 48 
   365 133.168 0.0 CD1 32 
   816 3.22 0.0 HD3 68 
   1026 22.07 0.0 CD2 84 
   306 1.556 0.0 HB2 28 
   837 4.508 0.0 HA 70 
   1204 125.256 0.0 N 98 
   259 6.701 0.0 HE1 24 
   104 57.085 0.0 CA 11 
   862 32.946 0.0 CB 71 
   486 0.685 0.0 HD11 42 
   587 23.991 0.0 CD2 49 
   660 3.288 0.0 HB2 55 
   292 0.75 0.0 HD11 27 
   1136 58.032 0.0 CA 93 
   569 32.524 0.0 CB 48 
   406 176.435 0.0 C 36 
   44 174.496 0.0 C 6 
   76 29.741 0.0 CB 9 
   36 32.906 0.0 CB 5 
   239 43.459 0.0 CD 22 
   1192 3.921 0.0 HA 98 
   219 7.622 0.0 HE21 21 
   191 177.964 0.0 C 19 
   510 0.797 0.0 HD23 43 
   541 3.176 0.0 HB2 46 
   458 0.737 0.0 HG23 40 
   830 2.202 0.0 HG3 69 
   1085 1.073 0.0 HB3 90 
   893 3.803 0.0 HD2 74 
   1196 3.595 0.0 HD3 98 
   1264 2.067 0.0 HB2 104 
   651 4.702 0.0 HA 54 
   209 56.978 0.0 CA 20 
   801 0.36 0.0 HD22 67 
   966 133.192 0.0 CD1 80 
   983 131.99 0.0 CD1 81 
   41 4.402 0.0 HA 6 
   856 2.042 0.0 HB2 71 
   1107 0.614 0.0 HG13 91 
   270 4.133 0.0 HA 25 
   112 1.37 0.0 HB3 12 
   1185 174.894 0.0 C 97 
   1209 45.495 0.0 CA 99 
   784 7.328 0.0 HE21 66 
   1052 5.547 0.0 HA 87 
   100 1.977 0.0 HB3 11 
   1202 43.141 0.0 CD 98 
   583 175.439 0.0 C 49 
   884 4.521 0.0 HA 73 
   1273 33.268 0.0 CB 104 
   972 4.47 0.0 HA 81 
   326 8.245 0.0 H 30 
   962 6.559 0.0 HE2 80 
   1295 36.323 0.0 CG 106 
   308 3.145 0.0 HD2 28 
   1080 64.469 0.0 CB 89 
   919 1.608 0.0 HB3 77 
   106 36.09 0.0 CG 11 
   788 57.206 0.0 CA 66 
   1292 174.911 0.0 C 106 
   1066 0.83 0.0 HG22 88 
   1213 4.108 0.0 HB2 100 
   917 4.552 0.0 HA 77 
   359 6.794 0.0 HD2 32 
   264 132.98 0.0 CD1 24 
   1301 6.147 0.0 HD2 107 
   13 31.901 0.0 CG 3 
   144 1.84 0.0 HB2 16 
   754 67.952 0.0 CB 63 
   930 26.039 0.0 CD1 77 
   80 4.197 0.0 HA 10 
   902 7.893 0.0 H 75 
   661 3.034 0.0 HB3 55 
   781 4.059 0.0 HA 66 
   948 0.488 0.0 HG23 79 
   1247 9.086 0.0 HE1 103 
   453 0.769 0.0 HG11 40 
   488 0.685 0.0 HD13 42 
   1274 15.91 0.0 CE 104 
   993 2.169 0.0 HG2 82 
   614 7.022 0.0 HE2 51 
   399 121.527 0.0 N 35 
   46 64.02 0.0 CB 6 
   891 2.382 0.0 HB2 74 
   976 6.984 0.0 HD2 81 
   187 2.03 0.0 HE2 19 
   220 2.502 0.0 HG2 21 
   11 32.91 0.0 CB 3 
   290 1.67 0.0 HB2 27 
   437 0.827 0.0 HD13 39 
   1238 29.357 0.0 CD 102 
   1340 1.398 0.0 HB1 110 
   939 109.48 0.0 N 78 
   1321 4.315 0.0 HA 109 
   491 0.921 0.0 HG21 42 
   851 26.419 0.0 CG1 70 
   557 30.762 0.0 CB 47 
   772 1.946 0.0 HB3 65 
   464 126.626 0.0 N 40 
   228 7.939 0.0 H 22 
   859 2.053 0.0 HG3 71 
   138 175.478 0.0 C 15 
   502 5.108 0.0 HA 43 
   744 52.177 0.0 CA 62 
   992 1.901 0.0 HB3 82 
   1176 107.323 0.0 N 96 
   1268 2.298 0.0 HE3 104 
   820 58.094 0.0 CA 68 
   1288 1.513 0.0 HB2 106 
   325 111.229 0.0 N 29 
   364 38.922 0.0 CB 32 
   1075 4.745 0.0 HA 89 
   1235 177.978 0.0 C 102 
   1335 24.143 0.0 CD2 109 
   775 178.76 0.0 C 65 
   776 59.383 0.0 CA 65 
   95 26.946 0.0 CG 10 
   565 2.222 0.0 HG2 48 
   83 0.86 0.0 HD11 10 
   139 59.384 0.0 CA 15 
   320 3.731 0.0 HB2 29 
   513 54.59 0.0 CA 43 
   997 30.452 0.0 CB 82 
   650 7.948 0.0 H 54 
   739 4.298 0.0 HA 62 
   451 4.77 0.0 HA 40 
   194 17.023 0.0 CE 19 
   1281 1.426 0.0 HB3 105 
   311 1.421 0.0 HG3 28 
   1025 25.665 0.0 CD1 84 
   126 8.165 0.0 H 14 
   316 26.623 0.0 CG 28 
   88 0.81 0.0 HD23 10 
   1219 1.459 0.0 HB1 101 
   86 0.81 0.0 HD21 10 
   333 0.674 0.0 HG22 30 
   125 122.326 0.0 N 13 
   171 8.19 0.0 H 18 
   765 65.999 0.0 CA 64 
   551 3.179 0.0 HD2 47 
   380 43.753 0.0 CD 33 
   797 -0.04 0.0 HD11 67 
   630 3.332 0.0 HD3 52 
   1189 27.707 0.0 CG 97 
   894 3.907 0.0 HD3 74 
   1061 1.943 0.0 HB 88 
   999 124.087 0.0 N 82 
   93 24.876 0.0 CD1 10 
   232 3.132 0.0 HD2 22 
   1165 2.274 0.0 HG3 95 
   671 0.563 0.0 HD12 56 
   521 1.364 0.0 HB1 44 
   1050 114.682 0.0 N 86 
   483 9.051 0.0 H 42 
   1249 6.678 0.0 HH2 103 
   361 6.319 0.0 HE2 32 
   1120 3.681 0.0 HA3 92 
   1201 31.248 0.0 CB 98 
   1054 2.509 0.0 HB3 87 
   284 59.488 0.0 CA 26 
   281 1.162 0.0 HG22 26 
   167 31.857 0.0 CB 17 
   24 122.855 0.0 N 4 
   787 175.329 0.0 C 66 
   648 49.824 0.0 CD 53 
   872 0.696 0.0 HG13 72 
   440 0.365 0.0 HG21 39 
   1240 24.762 0.0 CG 102 
   63 175.868 0.0 C 8 
   804 174.721 0.0 C 67 
   1144 1.93 0.0 HB2 94 
   348 174.131 0.0 C 31 
   592 1.613 0.0 HB2 50 
   897 177.861 0.0 C 74 
   1206 3.902 0.0 HA2 99 
   642 4.012 0.0 HD3 53 
   528 7.355 0.0 H 45 
   199 1.86 0.0 HB2 20 
   314 32.647 0.0 CB 28 
   402 2.002 0.0 HB2 36 
   1252 181.021 0.0 C 103 
   692 28.159 0.0 CB 57 
   1139 22.143 0.0 CD2 93 
   800 0.36 0.0 HD21 67 
   310 1.564 0.0 HG2 28 
   403 1.619 0.0 HB3 36 
   30 0.883 0.0 HG13 5 
   822 43.453 0.0 CD 68 
   732 8.751 0.0 H 61 
   1284 17.87 0.0 CB 105 
   858 2.203 0.0 HG2 71 
   1239 42.11 0.0 CE 102 
   674 0.1 0.0 HD22 56 
   433 4.323 0.0 HA 39 
   179 29.811 0.0 CB 18 
   235 1.535 0.0 HG3 22 
   274 58.413 0.0 CA 25 
   89 1.587 0.0 HG 10 
   973 3.113 0.0 HB2 81 
   843 0.613 0.0 HG13 70 
   1084 1.612 0.0 HB2 90 
   620 131.545 0.0 CD2 51 
   597 2.649 0.0 HE3 50 
   561 8.308 0.0 H 48 
   1339 4.335 0.0 HA 110 
   540 4.13 0.0 HA 46 
   555 174.209 0.0 C 47 
   817 1.801 0.0 HG2 68 
   1205 7.684 0.0 H 99 
   552 3.068 0.0 HD3 47 
   1184 1.434 0.0 HG3 97 
   384 3.925 0.0 HB2 34 
   168 16.963 0.0 CE 17 
   91 56.126 0.0 CA 10 
   212 23.311 0.0 CD2 20 
   1197 1.615 0.0 HG2 98 
   751 1.15 0.0 HG22 63 
   1062 0.724 0.0 HG11 88 
   1282 179.136 0.0 C 105 
   1118 7.314 0.0 H 92 
   70 1.998 0.0 HB2 9 
   1162 2.044 0.0 HB2 95 
   360 6.319 0.0 HE1 32 
   23 36.128 0.0 CG 4 
   514 42.395 0.0 CB 43 
   1072 22.104 0.0 CG2 88 
   1049 33.733 0.0 CG 86 
   372 1.712 0.0 HB2 33 
   1347 7.888 0.0 H 111 
   1161 4.384 0.0 HA 95 
   874 1.167 0.0 HG22 72 
   205 0.854 0.0 HD22 20 
   280 1.162 0.0 HG21 26 
   358 6.794 0.0 HD1 32 
   35 62.128 0.0 CA 5 
   1227 1.826 0.0 HB2 102 
   618 43.776 0.0 CB 51 
   605 26.043 0.0 CG 50 
   262 58.621 0.0 CA 24 
   1126 1.663 0.0 HB2 93 
   736 45.0 0.0 CA 61 
   53 178.059 0.0 C 7 
   1307 117.066 0.0 N 107 
   860 175.775 0.0 C 71 
   564 1.672 0.0 HB3 48 
   1121 176.157 0.0 C 92 
   267 118.071 0.0 CE2 24 
   603 29.631 0.0 CD 50 
   1140 25.6 0.0 CG 93 
   185 2.046 0.0 HB3 19 
   1179 1.643 0.0 HB2 97 
   204 0.854 0.0 HD21 20 
   1143 4.015 0.0 HA 94 
   344 1.8 0.0 HB3 31 
   1093 177.109 0.0 C 90 
   1271 178.325 0.0 C 104 
   1029 7.848 0.0 H 85 
   1348 4.214 0.0 HA 111 
   417 6.622 0.0 H 38 
   443 174.355 0.0 C 39 
   1226 3.979 0.0 HA 102 
   124 18.835 0.0 CB 13 
   1182 3.087 0.0 HD3 97 
   386 176.483 0.0 C 34 
   181 119.875 0.0 N 18 
   1001 3.987 0.0 HA 83 
   974 2.775 0.0 HB3 81 
   714 19.939 0.0 CG2 59 
   328 1.586 0.0 HB 30 
   632 1.861 0.0 HG3 52 
   957 2.892 0.0 HB2 80 
   1087 0.758 0.0 HD12 90 
   715 99.63 0.0 N 59 
   1191 7.999 0.0 H 98 
   593 1.33 0.0 HB3 50 
   263 38.578 0.0 CB 24 
   733 3.771 0.0 HA2 61 
   122 178.794 0.0 C 13 
   686 1.24 0.0 HB2 57 
   130 175.451 0.0 C 14 
   38 20.453 0.0 CG2 5 
   1020 0.647 0.0 HD23 84 
   1092 1.466 0.0 HG 90 
   885 4.148 0.0 HB2 73 
   337 34.762 0.0 CB 30 
   1198 1.141 0.0 HG3 98 
   1257 124.8 0.0 CH2 103 
   743 177.761 0.0 C 62 
   82 1.543 0.0 HB3 10 
   656 39.184 0.0 CB 54 
   1224 17.772 0.0 CB 101 
   610 2.552 0.0 HB3 51 
   1291 1.91 0.0 HG3 106 
   691 59.107 0.0 CA 57 
   472 7.087 0.0 HE2 41 
   763 1.792 0.0 HG3 64 
   1042 1.871 0.0 HB2 86 
   241 119.729 0.0 N 22 
   99 1.977 0.0 HB2 11 
   695 109.665 0.0 NE2 57 
   495 61.316 0.0 CA 42 
   1193 1.534 0.0 HB2 98 
   283 174.498 0.0 C 26 
   300 43.838 0.0 CB 27 
   342 4.566 0.0 HA 31 
   206 0.854 0.0 HD23 20 
   921 0.842 0.0 HD12 77 
   1173 3.752 0.0 HA3 96 
   659 4.94 0.0 HA 55 
   836 7.957 0.0 H 70 
   164 2.52 0.0 HG3 17 
   581 0.789 0.0 HD23 49 
   42 3.879 0.0 HB2 6 
   114 53.207 0.0 CA 12 
   383 3.616 0.0 HA 34 
   539 8.1 0.0 H 46 
   102 2.197 0.0 HG3 11 
   277 7.753 0.0 H 26 
   257 7.074 0.0 HD1 24 
   685 2.151 0.0 HA 57 
   633 55.616 0.0 CA 52 
   738 8.104 0.0 H 62 
   1221 1.459 0.0 HB3 101 
   407 56.237 0.0 CA 36 
   382 130.005 0.0 N 33 
   1246 7.018 0.0 HD1 103 
   768 28.234 0.0 CG 64 
   584 53.785 0.0 CA 49 
   774 2.196 0.0 HG3 65 
   545 39.065 0.0 CB 46 
   834 35.395 0.0 CG 69 
   136 3.912 0.0 HB2 15 
   485 1.815 0.0 HB 42 
   317 123.653 0.0 N 28 
   1188 43.281 0.0 CD 97 
   133 114.553 0.0 N 14 
   832 55.752 0.0 CA 69 
   823 27.438 0.0 CG 68 
   231 1.794 0.0 HB3 22 
   773 2.328 0.0 HG2 65 
   637 125.064 0.0 N 52 
   327 4.941 0.0 HA 30 
   533 7.365 0.0 HD22 45 
   1024 42.208 0.0 CB 84 
   1007 65.351 0.0 CA 83 
   548 4.133 0.0 HA 47 
   556 57.292 0.0 CA 47 
   1263 3.644 0.0 HA 104 
   1336 27.041 0.0 CG 109 
   439 0.821 0.0 HG13 39 
   908 64.358 0.0 CB 75 
   350 32.865 0.0 CB 31 
   682 26.691 0.0 CG 56 
   109 4.201 0.0 HA 12 
   609 3.28 0.0 HB2 51 
   757 3.427 0.0 HA 64 
   452 1.871 0.0 HB 40 
   646 65.032 0.0 CA 53 
   741 1.112 0.0 HB2 62 
   958 2.826 0.0 HB3 80 
   1231 2.947 0.0 HE2 102 
   965 41.026 0.0 CB 80 
   824 116.991 0.0 N 68 
   110 1.37 0.0 HB1 12 
   1220 1.459 0.0 HB2 101 
   585 44.054 0.0 CB 49 
   693 31.891 0.0 CG 57 
   103 177.123 0.0 C 11 
   1065 0.83 0.0 HG21 88 
   988 126.963 0.0 N 81 
   490 0.882 0.0 HG13 42 
   1241 119.022 0.0 N 102 
   683 118.239 0.0 N 56 
   709 -0.209 0.0 HG22 59 
   923 0.824 0.0 HD21 77 
   887 57.766 0.0 CA 73 
   1096 23.032 0.0 CD1 90 
   447 29.191 0.0 CG1 39 
   397 28.457 0.0 CB 35 
   1051 8.63 0.0 H 87 
   132 63.477 0.0 CB 14 
   154 27.325 0.0 CG 16 
   341 8.341 0.0 H 31 
   1314 1.807 0.0 HG3 108 
   951 34.536 0.0 CB 79 
   404 2.193 0.0 HG2 36 
   19 2.199 0.0 HG3 4 
   65 38.639 0.0 CB 8 
   855 4.692 0.0 HA 71 
   924 0.824 0.0 HD22 77 
   524 176.981 0.0 C 44 
   621 131.675 0.0 CE1 51 
   78 121.267 0.0 N 9 
   405 2.086 0.0 HG3 36 
   1244 3.125 0.0 HB2 103 
   248 176.858 0.0 C 23 
   236 178.223 0.0 C 22 
   1009 23.764 0.0 CG2 83 
   1148 0.88 0.0 HD13 94 
   429 21.782 0.0 CG1 38 
   240 27.348 0.0 CG 22 
   340 122.775 0.0 N 30 
   946 0.488 0.0 HG21 79 
   224 28.59 0.0 CB 21 
   846 0.118 0.0 HG23 70 
   847 174.815 0.0 C 70 
   64 53.841 0.0 CA 8 
   799 -0.04 0.0 HD13 67 
   1203 29.125 0.0 CG 98 
   1150 0.839 0.0 HD22 94 
   1326 1.06 0.0 HD13 109 
   624 119.432 0.0 N 51 
   1004 1.317 0.0 HG22 83 
   933 115.627 0.0 N 77 
   1260 121.319 0.0 N 103 
   547 7.703 0.0 H 47 
   162 2.001 0.0 HE3 17 
   269 7.403 0.0 H 25 
   1011 6.473 0.0 H 84 
   963 175.006 0.0 C 80 
   516 24.929 0.0 CD2 43 
   1111 177.553 0.0 C 91 
   666 7.22 0.0 H 56 
   978 6.86 0.0 HE2 81 
   1208 171.528 0.0 C 99 
   245 1.795 0.0 HB3 23 
   1293 55.883 0.0 CA 106 
   810 117.57 0.0 N 67 
   189 2.505 0.0 HG2 19 
   690 0.608 0.0 HG3 57 
   244 1.795 0.0 HB2 23 
   28 0.883 0.0 HG11 5 
   1232 2.947 0.0 HE3 102 
   1215 58.114 0.0 CA 100 
   211 25.394 0.0 CD1 20 
   1157 23.025 0.0 CD2 94 
   866 4.208 0.0 HA 72 
   489 1.467 0.0 HG12 42 
   726 37.813 0.0 CB 60 
   1115 28.558 0.0 CG1 91 
   582 1.602 0.0 HG 49 
   1142 8.317 0.0 H 94 
   323 57.62 0.0 CA 29 
   33 0.884 0.0 HG23 5 
   1021 1.476 0.0 HG 84 
   1060 4.191 0.0 HA 88 
   730 118.264 0.0 CE2 60 
   84 0.86 0.0 HD12 10 
   8 2.492 0.0 HG3 3 
   1299 2.411 0.0 HB2 107 
   589 125.107 0.0 N 49 
   261 175.685 0.0 C 24 
   1110 0.555 0.0 HG23 91 
   34 176.074 0.0 C 5 
   149 1.556 0.0 HG3 16 
   673 0.1 0.0 HD21 56 
   964 55.493 0.0 CA 80 
   120 1.401 0.0 HB2 13 
   562 5.281 0.0 HA 48 
   578 0.712 0.0 HD13 49 
   602 35.539 0.0 CB 50 
   568 54.347 0.0 CA 48 
   941 4.752 0.0 HA 79 
   664 42.87 0.0 CB 55 
   758 2.241 0.0 HB2 64 
   509 0.797 0.0 HD22 43 
   746 123.335 0.0 N 62 
   1010 115.091 0.0 N 83 
   961 6.559 0.0 HE1 80 
   566 1.94 0.0 HG3 48 
   977 6.86 0.0 HE1 81 
   10 55.604 0.0 CA 3 
   956 5.161 0.0 HA 80 
   249 57.172 0.0 CA 23 
   1116 17.114 0.0 CG2 91 
   1343 176.868 0.0 C 110 
   967 133.192 0.0 CD2 80 
   324 64.918 0.0 CB 29 
   932 26.477 0.0 CG 77 
   1125 3.727 0.0 HA 93 
   276 113.556 0.0 N 25 
   251 35.763 0.0 CG 23 
   1041 4.768 0.0 HA 86 
   252 119.302 0.0 N 23 
   724 178.019 0.0 C 60 
   606 121.409 0.0 N 50 
   688 7.208 0.0 HE21 57 
   289 4.249 0.0 HA 27 
   1101 3.198 0.0 HA 91 
   1325 1.06 0.0 HD12 109 
   1123 103.835 0.0 N 92 
   576 0.712 0.0 HD11 49 
   142 8.148 0.0 H 16 
   392 1.95 0.0 HB3 35 
   422 0.713 0.0 HG13 38 
   115 18.829 0.0 CB 12 
   1022 175.527 0.0 C 84 
   927 176.209 0.0 C 77 
   1300 1.173 0.0 HB3 107 
   812 4.191 0.0 HA 68 
   370 8.36 0.0 H 33 
   428 35.509 0.0 CB 38 
   574 1.727 0.0 HB2 49 
   802 0.36 0.0 HD23 67 
   1267 2.298 0.0 HE2 104 
   722 6.914 0.0 HE1 60 
   839 0.635 0.0 HD11 70 
   275 64.876 0.0 CB 25 
   914 45.558 0.0 CA 76 
   26 4.098 0.0 HA 5 
   1036 57.064 0.0 CA 85 
   1153 178.947 0.0 C 94 
   1308 4.342 0.0 HA 108 
   430 18.467 0.0 CG2 38 
   588 27.673 0.0 CG 49 
   85 0.86 0.0 HD13 10 
   166 57.361 0.0 CA 17 
   153 43.249 0.0 CD 16 
   1318 50.22 0.0 CD 108 
   1 4.425 0.0 HA 3 
   829 2.202 0.0 HG2 69 
   865 9.013 0.0 H 72 
   287 104.093 0.0 N 26 
   1242 8.089 0.0 H 103 
   755 21.938 0.0 CG2 63 
   827 1.967 0.0 HB2 69 
   295 0.897 0.0 HD21 27 
   753 58.845 0.0 CA 63 
   949 171.397 0.0 C 79 
   1200 56.621 0.0 CA 98 
   777 28.454 0.0 CB 65 
   151 57.826 0.0 CA 16 
   1254 29.069 0.0 CB 103 
   229 4.086 0.0 HA 22 
   935 4.601 0.0 HA2 78 
   426 173.629 0.0 C 38 
   216 4.037 0.0 HA 21 
   172 4.121 0.0 HA 18 
   767 49.993 0.0 CD 64 
   638 4.146 0.0 HA 53 
   511 1.668 0.0 HG 43 
   1261 129.285 0.0 NE1 103 
   1129 -0.102 0.0 HD12 93 
   687 0.068 0.0 HB3 57 
   1217 116.809 0.0 N 100 
   900 50.653 0.0 CD 74 
   640 2.014 0.0 HB3 53 
   864 126.24 0.0 N 71 
   128 3.873 0.0 HB2 14 
   1017 0.451 0.0 HD13 84 
   508 0.797 0.0 HD21 43 
   987 127.489 0.0 CZ 81 
   657 111.513 0.0 N 54 
   94 23.445 0.0 CD2 10 
   3 1.935 0.0 HB3 3 
   1351 59.865 0.0 CA 111 
   408 32.757 0.0 CB 36 
   1134 1.465 0.0 HG 93 
   266 118.071 0.0 CE1 24 
   1127 1.079 0.0 HB3 93 
   920 0.842 0.0 HD11 77 
   226 118.077 0.0 N 21 
   319 4.528 0.0 HA 29 
   735 174.325 0.0 C 61 
   826 4.487 0.0 HA 69 
   379 30.12 0.0 CB 33 
   705 6.395 0.0 H 59 
   567 176.225 0.0 C 48 
   1212 4.419 0.0 HA 100 
   465 9.605 0.0 H 41 
   315 43.794 0.0 CD 28 
   140 63.455 0.0 CB 15 
   721 7.329 0.0 HD2 60 
   740 1.112 0.0 HB1 62 
   98 4.131 0.0 HA 11 
   200 1.476 0.0 HB3 20 
   916 7.499 0.0 H 77 
   230 1.794 0.0 HB2 22 
   368 117.341 0.0 CE2 32 
   554 1.442 0.0 HG3 47 
   74 177.247 0.0 C 9 
   4 2.037 0.0 HE1 3 
   1181 3.087 0.0 HD2 97 
   438 1.863 0.0 HG12 39 
   803 1.287 0.0 HG 67 
   1043 1.238 0.0 HB3 86 
   273 172.134 0.0 C 25 
   625 9.528 0.0 H 52 
   2 2.029 0.0 HB2 3 
   1275 32.912 0.0 CG 104 
   414 174.303 0.0 C 37 
   1057 44.193 0.0 CB 87 
   1105 0.62 0.0 HD13 91 
   1038 37.004 0.0 CG 85 
   25 8.177 0.0 H 5 
   96 121.828 0.0 N 10 
   51 1.354 0.0 HB2 7 
   1315 176.899 0.0 C 108 
   1160 7.738 0.0 H 95 
   159 2.044 0.0 HB3 17 
   1154 57.332 0.0 CA 94 
   1194 2.763 0.0 HB3 98 
   238 30.597 0.0 CB 22 
   791 117.742 0.0 N 66 
   619 131.545 0.0 CD1 51 
   945 0.692 0.0 HG13 79 
   543 175.512 0.0 C 46 
   1305 119.178 0.0 CD2 107 
   68 8.245 0.0 H 9 
   123 53.303 0.0 CA 13 
   393 2.263 0.0 HG2 35 
   105 29.983 0.0 CB 11 
   1106 1.169 0.0 HG12 91 
   395 177.168 0.0 C 35 
   1031 2.094 0.0 HB2 85 
   519 9.087 0.0 H 44 
   119 1.401 0.0 HB1 13 
   352 122.553 0.0 N 31 
   888 62.669 0.0 CB 73 
   943 0.692 0.0 HG11 79 
   1033 2.205 0.0 HG2 85 
   1083 3.798 0.0 HA 90 
   388 62.613 0.0 CB 34 
   31 0.884 0.0 HG21 5 
   351 33.242 0.0 CG 31 
   253 8.087 0.0 H 24 
   335 173.89 0.0 C 30 
   590 8.188 0.0 H 50 
   940 8.683 0.0 H 79 
   1019 0.647 0.0 HD22 84 
   450 8.934 0.0 H 40 
   607 8.847 0.0 H 51 
   40 8.389 0.0 H 6 
   79 8.06 0.0 H 10 
   770 3.908 0.0 HA 65 
   981 57.116 0.0 CA 81 
   291 1.158 0.0 HB3 27 
   663 55.404 0.0 CA 55 
   163 2.46 0.0 HG2 17 
   1269 2.941 0.0 HG2 104 
   1250 6.476 0.0 HZ2 103 
   1183 1.544 0.0 HG2 97 
   845 0.118 0.0 HG22 70 
   1091 0.902 0.0 HD23 90 
   670 0.563 0.0 HD11 56 
   188 2.03 0.0 HE3 19 
   1018 0.647 0.0 HD21 84 
   222 177.928 0.0 C 21 
   61 6.882 0.0 HD21 8 
   1114 13.047 0.0 CD1 91 
   831 174.904 0.0 C 69 
   560 121.275 0.0 N 47 
   771 1.946 0.0 HB2 65 
   117 8.142 0.0 H 13 
   1178 4.322 0.0 HA 97 
   1233 1.398 0.0 HG2 102 
   904 3.917 0.0 HB2 75 
   995 178.206 0.0 C 82 
   750 1.15 0.0 HG21 63 
   174 2.003 0.0 HB3 18 
   577 0.712 0.0 HD12 49 
   729 118.264 0.0 CE1 60 
   1255 127.212 0.0 CD1 103 
   1076 4.014 0.0 HB2 89 
   1124 7.615 0.0 H 93 
   215 8.157 0.0 H 21 
   1169 36.454 0.0 CG 95 
   207 1.708 0.0 HG 20 
   1015 0.451 0.0 HD11 84 
   436 0.827 0.0 HD12 39 
   146 3.165 0.0 HD2 16 
   1132 0.068 0.0 HD22 93 
   147 3.165 0.0 HD3 16 
   301 26.22 0.0 CD1 27 
   1342 1.398 0.0 HB3 110 
   1081 120.776 0.0 N 89 
   1164 2.524 0.0 HG2 95 
   418 4.915 0.0 HA 38 
   542 2.79 0.0 HB3 46 
   873 1.167 0.0 HG21 72 
   907 58.685 0.0 CA 75 
   375 2.833 0.0 HD3 33 
   515 25.078 0.0 CD1 43 
   922 0.842 0.0 HD13 77 
   658 8.201 0.0 H 55 
   356 2.875 0.0 HB2 32 
   530 3.252 0.0 HB2 45 
   501 9.031 0.0 H 43 
   616 176.043 0.0 C 51 
   1320 8.467 0.0 H 109 
   1163 2.236 0.0 HB3 95 
   55 19.004 0.0 CB 7 
   626 4.903 0.0 HA 52 
   39 121.499 0.0 N 5 
   890 4.309 0.0 HA 74 
   12 16.881 0.0 CE 3 
   1180 1.643 0.0 HB3 97 
   59 2.776 0.0 HB2 8 
   7 2.532 0.0 HG2 3 
   1187 28.806 0.0 CB 97 
   1319 26.852 0.0 CG 108 
   1039 114.551 0.0 N 85 
   681 23.002 0.0 CD2 56 
   955 8.83 0.0 H 80 
   1074 8.503 0.0 H 89 
   296 0.897 0.0 HD22 27 
   481 128.301 0.0 CZ 41 
   1095 42.674 0.0 CB 90 
   1229 1.65 0.0 HD2 102 
   875 1.167 0.0 HG23 72 
   1337 122.868 0.0 N 109 
   608 4.974 0.0 HA 51 
   969 117.499 0.0 CE2 80 
   1352 64.896 0.0 CB 111 
   190 2.638 0.0 HG3 19 
   1310 1.86 0.0 HB3 108 
   1086 0.758 0.0 HD11 90 
   1331 176.976 0.0 C 109 
   92 42.02 0.0 CB 10 
   390 4.039 0.0 HA 35 
   394 2.204 0.0 HG3 35 
   1278 3.948 0.0 HA 105 
   998 35.923 0.0 CG 82 
   1167 56.089 0.0 CA 95 
   1082 8.799 0.0 H 90 
   1237 32.751 0.0 CB 102 
   925 0.824 0.0 HD23 77 
   203 0.832 0.0 HD13 20 
   549 1.794 0.0 HB2 47 
   697 3.592 0.0 HA 58 
   809 25.235 0.0 CG 67 
   986 130.512 0.0 CE2 81 
   952 21.455 0.0 CG1 79 
   178 58.414 0.0 CA 18 
   499 17.509 0.0 CG2 42 
   1078 175.634 0.0 C 89 
   1090 0.902 0.0 HD22 90 
   700 0.928 0.0 HB3 58 
   193 32.162 0.0 CB 19 
   329 0.252 0.0 HG11 30 
   591 5.454 0.0 HA 50 
