   619 131.545 0.0 CD1 51 
   118 4.218 0.0 HA 13 
   492 0.921 0.0 HG22 42 
   528 7.355 0.0 H 45 
   1183 1.544 0.0 HG2 97 
   1282 179.136 0.0 C 105 
   186 2.03 0.0 HE1 19 
   1217 116.809 0.0 N 100 
   797 -0.04 0.0 HD11 67 
   584 53.785 0.0 CA 49 
   603 29.631 0.0 CD 50 
   552 3.068 0.0 HD3 47 
   171 8.19 0.0 H 18 
   2 2.029 0.0 HB2 3 
   475 56.064 0.0 CA 41 
   937 170.501 0.0 C 78 
   1265 2.339 0.0 HB3 104 
   972 4.47 0.0 HA 81 
   846 0.118 0.0 HG23 70 
   162 2.001 0.0 HE3 17 
   744 52.177 0.0 CA 62 
   562 5.281 0.0 HA 48 
   1243 4.036 0.0 HA 103 
   889 125.865 0.0 N 73 
   213 26.891 0.0 CG 20 
   1334 24.954 0.0 CD1 109 
   862 32.946 0.0 CB 71 
   1032 2.265 0.0 HB3 85 
   25 8.177 0.0 H 5 
   687 0.068 0.0 HB3 57 
   904 3.917 0.0 HB2 75 
   465 9.605 0.0 H 41 
   407 56.237 0.0 CA 36 
   310 1.564 0.0 HG2 28 
   359 6.794 0.0 HD2 32 
   831 174.904 0.0 C 69 
   659 4.94 0.0 HA 55 
   32 0.884 0.0 HG22 5 
   1089 0.902 0.0 HD21 90 
   1313 1.807 0.0 HG2 108 
   1317 32.352 0.0 CB 108 
   757 3.427 0.0 HA 64 
   615 7.149 0.0 HZ 51 
   7 2.532 0.0 HG2 3 
   1094 57.642 0.0 CA 90 
   265 132.98 0.0 CD2 24 
   1257 124.8 0.0 CH2 103 
   698 0.928 0.0 HB1 58 
   1046 174.095 0.0 C 86 
   948 0.488 0.0 HG23 79 
   551 3.179 0.0 HD2 47 
   769 8.522 0.0 H 65 
   829 2.202 0.0 HG2 69 
   560 121.275 0.0 N 47 
   805 53.307 0.0 CA 67 
   17 1.884 0.0 HB3 4 
   728 133.724 0.0 CD2 60 
   980 176.311 0.0 C 81 
   410 115.94 0.0 N 36 
   227 111.873 0.0 NE2 21 
   1150 0.839 0.0 HD22 94 
   577 0.712 0.0 HD12 49 
   557 30.762 0.0 CB 47 
   1163 2.236 0.0 HB3 95 
   210 42.252 0.0 CB 20 
   1149 0.839 0.0 HD21 94 
   696 8.306 0.0 H 58 
   586 25.513 0.0 CD1 49 
   949 171.397 0.0 C 79 
   466 4.852 0.0 HA 41 
   1044 2.428 0.0 HG2 86 
   290 1.67 0.0 HB2 27 
   101 2.227 0.0 HG2 11 
   83 0.86 0.0 HD11 10 
   60 2.712 0.0 HB3 8 
   128 3.873 0.0 HB2 14 
   678 52.687 0.0 CA 56 
   1124 7.615 0.0 H 93 
   105 29.983 0.0 CB 11 
   1165 2.274 0.0 HG3 95 
   323 57.62 0.0 CA 29 
   974 2.775 0.0 HB3 81 
   1330 1.647 0.0 HG 109 
   758 2.241 0.0 HB2 64 
   59 2.776 0.0 HB2 8 
   1098 26.895 0.0 CG 90 
   766 31.923 0.0 CB 64 
   965 41.026 0.0 CB 80 
   75 57.507 0.0 CA 9 
   1263 3.644 0.0 HA 104 
   3 1.935 0.0 HB3 3 
   950 59.293 0.0 CA 79 
   303 119.999 0.0 N 27 
   204 0.854 0.0 HD21 20 
   1186 55.877 0.0 CA 97 
   1018 0.647 0.0 HD21 84 
   1222 181.335 0.0 C 101 
   1008 68.085 0.0 CB 83 
   710 -0.209 0.0 HG23 59 
   70 1.998 0.0 HB2 9 
   211 25.394 0.0 CD1 20 
   161 2.001 0.0 HE2 17 
   384 3.925 0.0 HB2 34 
   391 1.95 0.0 HB2 35 
   373 1.546 0.0 HB3 33 
   234 1.658 0.0 HG2 22 
   1029 7.848 0.0 H 85 
   1031 2.094 0.0 HB2 85 
   189 2.505 0.0 HG2 19 
   640 2.014 0.0 HB3 53 
   1253 62.775 0.0 CA 103 
   1134 1.465 0.0 HG 93 
   441 0.365 0.0 HG22 39 
   880 28.809 0.0 CG1 72 
   1096 23.032 0.0 CD1 90 
   197 8.034 0.0 H 20 
   641 3.873 0.0 HD2 53 
   509 0.797 0.0 HD22 43 
   887 57.766 0.0 CA 73 
   403 1.619 0.0 HB3 36 
   159 2.044 0.0 HB3 17 
   269 7.403 0.0 H 25 
   824 116.991 0.0 N 68 
   788 57.206 0.0 CA 66 
   738 8.104 0.0 H 62 
   905 3.917 0.0 HB3 75 
   667 4.636 0.0 HA 56 
   1281 1.426 0.0 HB3 105 
   865 9.013 0.0 H 72 
   1090 0.902 0.0 HD22 90 
   500 123.192 0.0 N 42 
   120 1.401 0.0 HB2 13 
   899 31.733 0.0 CB 74 
   701 177.612 0.0 C 58 
   187 2.03 0.0 HE2 19 
   444 61.503 0.0 CA 39 
   725 60.827 0.0 CA 60 
   879 13.45 0.0 CD1 72 
   1229 1.65 0.0 HD2 102 
   761 3.801 0.0 HD3 64 
   970 126.853 0.0 N 80 
   916 7.499 0.0 H 77 
   927 176.209 0.0 C 77 
   271 4.022 0.0 HB2 25 
   1291 1.91 0.0 HG3 106 
   58 4.571 0.0 HA 8 
   1278 3.948 0.0 HA 105 
   245 1.795 0.0 HB3 23 
   304 9.619 0.0 H 28 
   377 1.378 0.0 HG3 33 
   986 130.512 0.0 CE2 81 
   639 2.014 0.0 HB2 53 
   774 2.196 0.0 HG3 65 
   47 119.949 0.0 N 6 
   605 26.043 0.0 CG 50 
   1109 0.555 0.0 HG22 91 
   1336 27.041 0.0 CG 109 
   576 0.712 0.0 HD11 49 
   1231 2.947 0.0 HE2 102 
   376 1.44 0.0 HG2 33 
   398 36.377 0.0 CG 35 
   567 176.225 0.0 C 48 
   618 43.776 0.0 CB 51 
   923 0.824 0.0 HD21 77 
   1262 9.18 0.0 H 104 
   125 122.326 0.0 N 13 
   955 8.83 0.0 H 80 
   847 174.815 0.0 C 70 
   583 175.439 0.0 C 49 
   909 109.127 0.0 N 75 
   587 23.991 0.0 CD2 49 
   1115 28.558 0.0 CG1 91 
   762 2.185 0.0 HG2 64 
   1248 6.803 0.0 HE3 103 
   1162 2.044 0.0 HB2 95 
   233 3.132 0.0 HD3 22 
   240 27.348 0.0 CG 22 
   1299 2.411 0.0 HB2 107 
   399 121.527 0.0 N 35 
   380 43.753 0.0 CD 33 
   1063 0.724 0.0 HG12 88 
   254 4.315 0.0 HA 24 
   882 129.755 0.0 N 72 
   1153 178.947 0.0 C 94 
   503 2.221 0.0 HB2 43 
   630 3.332 0.0 HD3 52 
   538 106.735 0.0 ND2 45 
   1117 116.561 0.0 N 91 
   1169 36.454 0.0 CG 95 
   90 178.235 0.0 C 10 
   55 19.004 0.0 CB 7 
   1065 0.83 0.0 HG21 88 
   1012 4.131 0.0 HA 84 
   488 0.685 0.0 HD13 42 
   324 64.918 0.0 CB 29 
   144 1.84 0.0 HB2 16 
   196 119.142 0.0 N 19 
   1170 117.117 0.0 N 95 
   452 1.871 0.0 HB 40 
   135 4.394 0.0 HA 15 
   57 8.312 0.0 H 8 
   494 176.006 0.0 C 42 
   990 3.582 0.0 HA 82 
   861 54.724 0.0 CA 71 
   137 3.912 0.0 HB3 15 
   792 110.754 0.0 NE2 66 
   1040 6.636 0.0 H 86 
   153 43.249 0.0 CD 16 
   249 57.172 0.0 CA 23 
   920 0.842 0.0 HD11 77 
   443 174.355 0.0 C 39 
   558 43.885 0.0 CD 47 
   43 3.824 0.0 HB3 6 
   241 119.729 0.0 N 22 
   929 42.125 0.0 CB 77 
   858 2.203 0.0 HG2 71 
   825 7.852 0.0 H 69 
   801 0.36 0.0 HD22 67 
   549 1.794 0.0 HB2 47 
   688 7.208 0.0 HE21 57 
   98 4.131 0.0 HA 11 
   306 1.556 0.0 HB2 28 
   1209 45.495 0.0 CA 99 
   519 9.087 0.0 H 44 
   190 2.638 0.0 HG3 19 
   773 2.328 0.0 HG2 65 
   78 121.267 0.0 N 9 
   459 174.702 0.0 C 40 
   1074 8.503 0.0 H 89 
   1266 2.298 0.0 HE1 104 
   838 1.325 0.0 HB 70 
   207 1.708 0.0 HG 20 
   117 8.142 0.0 H 13 
   747 8.206 0.0 H 63 
   413 3.768 0.0 HA3 37 
   866 4.208 0.0 HA 72 
   1352 64.896 0.0 CB 111 
   939 109.48 0.0 N 78 
   1177 8.717 0.0 H 97 
   799 -0.04 0.0 HD13 67 
   1069 61.447 0.0 CA 88 
   1057 44.193 0.0 CB 87 
   305 4.445 0.0 HA 28 
   1318 50.22 0.0 CD 108 
   1276 117.096 0.0 N 104 
   1269 2.941 0.0 HG2 104 
   1348 4.214 0.0 HA 111 
   881 17.673 0.0 CG2 72 
   982 38.413 0.0 CB 81 
   1035 175.01 0.0 C 85 
   232 3.132 0.0 HD2 22 
   256 2.791 0.0 HB3 24 
   1283 54.605 0.0 CA 105 
   786 2.098 0.0 HG3 66 
   571 120.823 0.0 N 48 
   495 61.316 0.0 CA 42 
   804 174.721 0.0 C 67 
   293 0.75 0.0 HD12 27 
   220 2.502 0.0 HG2 21 
   911 4.276 0.0 HA2 76 
   871 1.629 0.0 HG12 72 
   867 1.671 0.0 HB 72 
   693 31.891 0.0 CG 57 
   932 26.477 0.0 CG 77 
   1145 1.482 0.0 HB3 94 
   401 4.289 0.0 HA 36 
   654 175.841 0.0 C 54 
   471 7.087 0.0 HE1 41 
   1255 127.212 0.0 CD1 103 
   179 29.811 0.0 CB 18 
   337 34.762 0.0 CB 30 
   841 0.635 0.0 HD13 70 
   642 4.012 0.0 HD3 53 
   450 8.934 0.0 H 40 
   121 1.401 0.0 HB3 13 
   692 28.159 0.0 CB 57 
   474 174.17 0.0 C 41 
   680 24.042 0.0 CD1 56 
   730 118.264 0.0 CE2 60 
   379 30.12 0.0 CB 33 
   960 6.868 0.0 HD2 80 
   188 2.03 0.0 HE3 19 
   1138 24.399 0.0 CD1 93 
   1261 129.285 0.0 NE1 103 
   1141 120.762 0.0 N 93 
   1294 30.476 0.0 CB 106 
   1075 4.745 0.0 HA 89 
   896 2.031 0.0 HG3 74 
   367 117.341 0.0 CE1 32 
   602 35.539 0.0 CB 50 
   1184 1.434 0.0 HG3 97 
   649 28.552 0.0 CG 53 
   1204 125.256 0.0 N 98 
   521 1.364 0.0 HB1 44 
   1302 7.911 0.0 HE1 107 
   165 177.442 0.0 C 17 
   674 0.1 0.0 HD22 56 
   912 3.67 0.0 HA3 76 
   94 23.445 0.0 CD2 10 
   478 132.608 0.0 CD2 41 
   426 173.629 0.0 C 38 
   1140 25.6 0.0 CG 93 
   29 0.883 0.0 HG12 5 
   342 4.566 0.0 HA 31 
   298 175.89 0.0 C 27 
   412 3.965 0.0 HA2 37 
   1107 0.614 0.0 HG13 91 
   409 36.871 0.0 CG 36 
   1339 4.335 0.0 HA 110 
   386 176.483 0.0 C 34 
   1224 17.772 0.0 CB 101 
   406 176.435 0.0 C 36 
   1284 17.87 0.0 CB 105 
   258 7.074 0.0 HD2 24 
   1137 41.703 0.0 CB 93 
   481 128.301 0.0 CZ 41 
   1051 8.63 0.0 H 87 
   30 0.883 0.0 HG13 5 
   597 2.649 0.0 HE3 50 
   1200 56.621 0.0 CA 98 
   316 26.623 0.0 CG 28 
   787 175.329 0.0 C 66 
   555 174.209 0.0 C 47 
   389 9.379 0.0 H 35 
   231 1.794 0.0 HB3 22 
   944 0.692 0.0 HG12 79 
   933 115.627 0.0 N 77 
   434 1.87 0.0 HB 39 
   462 21.236 0.0 CG1 40 
   1072 22.104 0.0 CG2 88 
   954 116.911 0.0 N 79 
   42 3.879 0.0 HB2 6 
   268 118.678 0.0 N 24 
   1300 1.173 0.0 HB3 107 
   192 57.55 0.0 CA 19 
   1041 4.768 0.0 HA 86 
   250 30.144 0.0 CB 23 
   1326 1.06 0.0 HD13 109 
   446 15.099 0.0 CD1 39 
   206 0.854 0.0 HD23 20 
   1148 0.88 0.0 HD13 94 
   1199 175.018 0.0 C 98 
   940 8.683 0.0 H 79 
   448 19.58 0.0 CG2 39 
   770 3.908 0.0 HA 65 
   1108 0.555 0.0 HG21 91 
   238 30.597 0.0 CB 22 
   1024 42.208 0.0 CB 84 
   97 8.147 0.0 H 11 
   139 59.384 0.0 CA 15 
   1306 134.424 0.0 CE1 107 
   647 30.867 0.0 CB 53 
   21 56.669 0.0 CA 4 
   397 28.457 0.0 CB 35 
   1104 0.62 0.0 HD12 91 
   652 2.966 0.0 HB2 54 
   133 114.553 0.0 N 14 
   989 7.466 0.0 H 82 
   222 177.928 0.0 C 21 
   819 177.1 0.0 C 68 
   33 0.884 0.0 HG23 5 
   10 55.604 0.0 CA 3 
   169 32.011 0.0 CG 17 
   333 0.674 0.0 HG22 30 
   650 7.948 0.0 H 54 
   1156 26.8 0.0 CD1 94 
   1279 1.426 0.0 HB1 105 
   1324 1.06 0.0 HD11 109 
   1214 4.42 0.0 HB3 100 
   746 123.335 0.0 N 62 
   458 0.737 0.0 HG23 40 
   382 130.005 0.0 N 33 
   1245 3.08 0.0 HB3 103 
   621 131.675 0.0 CE1 51 
   168 16.963 0.0 CE 17 
   1105 0.62 0.0 HD13 91 
   1062 0.724 0.0 HG11 88 
   556 57.292 0.0 CA 47 
   748 4.522 0.0 HA 63 
   124 18.835 0.0 CB 13 
   913 174.359 0.0 C 76 
   358 6.794 0.0 HD1 32 
   803 1.287 0.0 HG 67 
   723 6.914 0.0 HE2 60 
   56 126.064 0.0 N 7 
   469 7.257 0.0 HD1 41 
   272 3.847 0.0 HB3 25 
   715 99.63 0.0 N 59 
   876 175.825 0.0 C 72 
   741 1.112 0.0 HB2 62 
   907 58.685 0.0 CA 75 
   945 0.692 0.0 HG13 79 
   679 42.559 0.0 CB 56 
   739 4.298 0.0 HA 62 
   423 0.574 0.0 HG21 38 
   89 1.587 0.0 HG 10 
   205 0.854 0.0 HD22 20 
   827 1.967 0.0 HB2 69 
   1151 0.839 0.0 HD23 94 
   550 1.794 0.0 HB3 47 
   103 177.123 0.0 C 11 
   154 27.325 0.0 CG 16 
   684 7.214 0.0 H 57 
   751 1.15 0.0 HG22 63 
   689 1.708 0.0 HG2 57 
