   1125 3.727 0.0 HA 93 
   1062 0.724 0.0 HG11 88 
   816 3.22 0.0 HD3 68 
   791 117.742 0.0 N 66 
   199 1.86 0.0 HB2 20 
   1258 114.304 0.0 CZ2 103 
   51 1.354 0.0 HB2 7 
   446 15.099 0.0 CD1 39 
   910 8.418 0.0 H 76 
   526 17.978 0.0 CB 44 
   609 3.28 0.0 HB2 51 
   125 122.326 0.0 N 13 
   1174 174.742 0.0 C 96 
   714 19.939 0.0 CG2 59 
   412 3.965 0.0 HA2 37 
   1180 1.643 0.0 HB3 97 
   75 57.507 0.0 CA 9 
   1209 45.495 0.0 CA 99 
   515 25.078 0.0 CD1 43 
   360 6.319 0.0 HE1 32 
   777 28.454 0.0 CB 65 
   424 0.574 0.0 HG22 38 
   984 131.99 0.0 CD2 81 
   742 1.112 0.0 HB3 62 
   201 0.832 0.0 HD11 20 
   534 175.729 0.0 C 45 
   637 125.064 0.0 N 52 
   243 4.083 0.0 HA 23 
   260 6.701 0.0 HE2 24 
   811 7.214 0.0 H 68 
   108 8.113 0.0 H 12 
   494 176.006 0.0 C 42 
   671 0.563 0.0 HD12 56 
   210 42.252 0.0 CB 20 
   1066 0.83 0.0 HG22 88 
   182 7.963 0.0 H 19 
   856 2.042 0.0 HB2 71 
   767 49.993 0.0 CD 64 
   539 8.1 0.0 H 46 
   648 49.824 0.0 CD 53 
   843 0.613 0.0 HG13 70 
   1076 4.014 0.0 HB2 89 
   768 28.234 0.0 CG 64 
   247 1.908 0.0 HG3 23 
   1121 176.157 0.0 C 92 
   1158 26.897 0.0 CG 94 
   232 3.132 0.0 HD2 22 
   686 1.24 0.0 HB2 57 
   1142 8.317 0.0 H 94 
   792 110.754 0.0 NE2 66 
   912 3.67 0.0 HA3 76 
   1222 181.335 0.0 C 101 
   363 57.485 0.0 CA 32 
   596 2.85 0.0 HE2 50 
   215 8.157 0.0 H 21 
   1264 2.067 0.0 HB2 104 
   1302 7.911 0.0 HE1 107 
   293 0.75 0.0 HD12 27 
   1189 27.707 0.0 CG 97 
   546 111.628 0.0 N 46 
   840 0.635 0.0 HD12 70 
   1099 129.702 0.0 N 90 
   124 18.835 0.0 CB 13 
   220 2.502 0.0 HG2 21 
   664 42.87 0.0 CB 55 
   1 4.425 0.0 HA 3 
   277 7.753 0.0 H 26 
   496 38.247 0.0 CB 42 
   586 25.513 0.0 CD1 49 
   355 4.887 0.0 HA 32 
   1020 0.647 0.0 HD23 84 
   545 39.065 0.0 CB 46 
   94 23.445 0.0 CD2 10 
   976 6.984 0.0 HD2 81 
   302 26.014 0.0 CD2 27 
   1208 171.528 0.0 C 99 
   419 1.757 0.0 HB 38 
   117 8.142 0.0 H 13 
   1042 1.871 0.0 HB2 86 
   823 27.438 0.0 CG 68 
   501 9.031 0.0 H 43 
   344 1.8 0.0 HB3 31 
   152 30.165 0.0 CB 16 
   872 0.696 0.0 HG13 72 
   705 6.395 0.0 H 59 
   72 2.204 0.0 HG2 9 
   944 0.692 0.0 HG12 79 
   1279 1.426 0.0 HB1 105 
   751 1.15 0.0 HG22 63 
   736 45.0 0.0 CA 61 
   359 6.794 0.0 HD2 32 
   623 129.351 0.0 CZ 51 
   1124 7.615 0.0 H 93 
   630 3.332 0.0 HD3 52 
   30 0.883 0.0 HG13 5 
   1039 114.551 0.0 N 85 
   98 4.131 0.0 HA 11 
   1008 68.085 0.0 CB 83 
   983 131.99 0.0 CD1 81 
   447 29.191 0.0 CG1 39 
   1123 103.835 0.0 N 92 
   1074 8.503 0.0 H 89 
   38 20.453 0.0 CG2 5 
   1108 0.555 0.0 HG21 91 
   1111 177.553 0.0 C 91 
   854 8.778 0.0 H 71 
   1335 24.143 0.0 CD2 109 
   697 3.592 0.0 HA 58 
   810 117.57 0.0 N 67 
   126 8.165 0.0 H 14 
   394 2.204 0.0 HG3 35 
   769 8.522 0.0 H 65 
   65 38.639 0.0 CB 8 
   658 8.201 0.0 H 55 
   257 7.074 0.0 HD1 24 
   1303 53.158 0.0 CA 107 
   1170 117.117 0.0 N 95 
   1190 122.473 0.0 N 97 
   452 1.871 0.0 HB 40 
   888 62.669 0.0 CB 73 
   1003 1.317 0.0 HG21 83 
   1086 0.758 0.0 HD11 90 
   1277 7.659 0.0 H 105 
   1324 1.06 0.0 HD11 109 
   1284 17.87 0.0 CB 105 
   150 177.474 0.0 C 16 
   857 2.042 0.0 HB3 71 
   603 29.631 0.0 CD 50 
   1333 42.849 0.0 CB 109 
   966 133.192 0.0 CD1 80 
   919 1.608 0.0 HB3 77 
   1082 8.799 0.0 H 90 
   822 43.453 0.0 CD 68 
   1150 0.839 0.0 HD22 94 
   598 1.28 0.0 HG2 50 
   729 118.264 0.0 CE1 60 
   255 2.895 0.0 HB2 24 
   425 0.574 0.0 HG23 38 
   1317 32.352 0.0 CB 108 
   431 105.549 0.0 N 38 
   193 32.162 0.0 CB 19 
   1337 122.868 0.0 N 109 
   354 9.231 0.0 H 32 
   437 0.827 0.0 HD13 39 
   588 27.673 0.0 CG 49 
   204 0.854 0.0 HD21 20 
   269 7.403 0.0 H 25 
   449 122.144 0.0 N 39 
   294 0.75 0.0 HD13 27 
   565 2.222 0.0 HG2 48 
   706 3.734 0.0 HA 59 
   647 30.867 0.0 CB 53 
   679 42.559 0.0 CB 56 
   808 23.38 0.0 CD2 67 
   899 31.733 0.0 CB 74 
   517 28.618 0.0 CG 43 
   82 1.543 0.0 HB3 10 
   1061 1.943 0.0 HB 88 
   956 5.161 0.0 HA 80 
   70 1.998 0.0 HB2 9 
   249 57.172 0.0 CA 23 
   965 41.026 0.0 CB 80 
   1032 2.265 0.0 HB3 85 
   683 118.239 0.0 N 56 
   869 0.687 0.0 HD12 72 
   58 4.571 0.0 HA 8 
   429 21.782 0.0 CG1 38 
   56 126.064 0.0 N 7 
   156 8.14 0.0 H 17 
   121 1.401 0.0 HB3 13 
   939 109.48 0.0 N 78 
   1213 4.108 0.0 HB2 100 
   1343 176.868 0.0 C 110 
   250 30.144 0.0 CB 23 
   663 55.404 0.0 CA 55 
   1289 1.513 0.0 HB3 106 
   876 175.825 0.0 C 72 
   676 1.245 0.0 HG 56 
   84 0.86 0.0 HD12 10 
   1248 6.803 0.0 HE3 103 
   952 21.455 0.0 CG1 79 
   548 4.133 0.0 HA 47 
   462 21.236 0.0 CG1 40 
   678 52.687 0.0 CA 56 
   1267 2.298 0.0 HE2 104 
   833 28.69 0.0 CB 69 
   607 8.847 0.0 H 51 
   372 1.712 0.0 HB2 33 
   928 54.378 0.0 CA 77 
   762 2.185 0.0 HG2 64 
   553 1.653 0.0 HG2 47 
   1191 7.999 0.0 H 98 
   1340 1.398 0.0 HB1 110 
   1135 174.204 0.0 C 93 
   226 118.077 0.0 N 21 
   1068 174.389 0.0 C 88 
   306 1.556 0.0 HB2 28 
   142 8.148 0.0 H 16 
   1011 6.473 0.0 H 84 
   234 1.658 0.0 HG2 22 
   670 0.563 0.0 HD11 56 
   798 -0.04 0.0 HD12 67 
   1126 1.663 0.0 HB2 93 
   2 2.029 0.0 HB2 3 
   246 1.981 0.0 HG2 23 
   1328 1.014 0.0 HD22 109 
   1153 178.947 0.0 C 94 
   19 2.199 0.0 HG3 4 
   209 56.978 0.0 CA 20 
   1113 37.084 0.0 CB 91 
   416 108.087 0.0 N 37 
   451 4.77 0.0 HA 40 
   295 0.897 0.0 HD21 27 
   560 121.275 0.0 N 47 
   386 176.483 0.0 C 34 
   99 1.977 0.0 HB2 11 
   323 57.62 0.0 CA 29 
   1294 30.476 0.0 CB 106 
   680 24.042 0.0 CD1 56 
   763 1.792 0.0 HG3 64 
   621 131.675 0.0 CE1 51 
   687 0.068 0.0 HB3 57 
   1260 121.319 0.0 N 103 
   286 22.829 0.0 CG2 26 
   417 6.622 0.0 H 38 
   921 0.842 0.0 HD12 77 
   1249 6.678 0.0 HH2 103 
   184 2.117 0.0 HB2 19 
   803 1.287 0.0 HG 67 
   393 2.263 0.0 HG2 35 
   252 119.302 0.0 N 23 
   10 55.604 0.0 CA 3 
   183 4.2 0.0 HA 19 
   1313 1.807 0.0 HG2 108 
   27 2.016 0.0 HB 5 
   694 124.612 0.0 N 57 
   60 2.712 0.0 HB3 8 
   1214 4.42 0.0 HB3 100 
   384 3.925 0.0 HB2 34 
   756 111.934 0.0 N 63 
   920 0.842 0.0 HD11 77 
   562 5.281 0.0 HA 48 
   892 1.915 0.0 HB3 74 
   590 8.188 0.0 H 50 
   13 31.901 0.0 CG 3 
   754 67.952 0.0 CB 63 
   1051 8.63 0.0 H 87 
   771 1.946 0.0 HB2 65 
   1026 22.07 0.0 CD2 84 
   271 4.022 0.0 HB2 25 
   241 119.729 0.0 N 22 
   1199 175.018 0.0 C 98 
   1334 24.954 0.0 CD1 109 
   604 41.911 0.0 CE 50 
   1225 8.543 0.0 H 102 
   990 3.582 0.0 HA 82 
   514 42.395 0.0 CB 43 
   583 175.439 0.0 C 49 
   748 4.522 0.0 HA 63 
   655 55.185 0.0 CA 54 
   312 176.07 0.0 C 28 
   755 21.938 0.0 CG2 63 
   871 1.629 0.0 HG12 72 
   570 36.376 0.0 CG 48 
   41 4.402 0.0 HA 6 
   55 19.004 0.0 CB 7 
   961 6.559 0.0 HE1 80 
   720 7.329 0.0 HD1 60 
   561 8.308 0.0 H 48 
   148 1.556 0.0 HG2 16 
   848 60.153 0.0 CA 70 
   1081 120.776 0.0 N 89 
   537 114.155 0.0 N 45 
   397 28.457 0.0 CB 35 
   14 8.628 0.0 H 4 
   48 8.431 0.0 H 7 
   817 1.801 0.0 HG2 68 
   891 2.382 0.0 HB2 74 
   644 1.601 0.0 HG3 53 
   465 9.605 0.0 H 41 
   466 4.852 0.0 HA 41 
   163 2.46 0.0 HG2 17 
   217 2.12 0.0 HB2 21 
   1072 22.104 0.0 CG2 88 
   1006 175.706 0.0 C 83 
   1016 0.451 0.0 HD12 84 
   138 175.478 0.0 C 15 
   629 3.283 0.0 HD2 52 
   1311 3.315 0.0 HD2 108 
   824 116.991 0.0 N 68 
   373 1.546 0.0 HB3 33 
   1238 29.357 0.0 CD 102 
   532 6.441 0.0 HD21 45 
   89 1.587 0.0 HG 10 
   826 4.487 0.0 HA 69 
   1292 174.911 0.0 C 106 
   170 119.345 0.0 N 17 
   1287 3.906 0.0 HA 106 
   1033 2.205 0.0 HG2 85 
   819 177.1 0.0 C 68 
   22 29.994 0.0 CB 4 
   1013 1.467 0.0 HB2 84 
   831 174.904 0.0 C 69 
   744 52.177 0.0 CA 62 
   1291 1.91 0.0 HG3 106 
   223 57.396 0.0 CA 21 
   366 133.168 0.0 CD2 32 
   963 175.006 0.0 C 80 
   1233 1.398 0.0 HG2 102 
   520 3.968 0.0 HA 44 
   523 1.364 0.0 HB3 44 
   1261 129.285 0.0 NE1 103 
   237 57.61 0.0 CA 22 
   343 1.96 0.0 HB2 31 
   1166 176.559 0.0 C 95 
   227 111.873 0.0 NE2 21 
   585 44.054 0.0 CB 49 
   940 8.683 0.0 H 79 
   600 175.125 0.0 C 50 
   1176 107.323 0.0 N 96 
   631 1.861 0.0 HG2 52 
   1228 1.689 0.0 HB3 102 
   261 175.685 0.0 C 24 
   684 7.214 0.0 H 57 
   231 1.794 0.0 HB3 22 
   482 128.169 0.0 N 41 
   730 118.264 0.0 CE2 60 
   1004 1.317 0.0 HG22 83 
   765 65.999 0.0 CA 64 
   759 1.816 0.0 HB3 64 
   1255 127.212 0.0 CD1 103 
   336 60.933 0.0 CA 30 
   540 4.13 0.0 HA 46 
   780 7.728 0.0 H 66 
   1206 3.902 0.0 HA2 99 
   471 7.087 0.0 HE1 41 
   480 130.657 0.0 CE2 41 
   801 0.36 0.0 HD22 67 
   1312 3.044 0.0 HD3 108 
   1307 117.066 0.0 N 107 
   552 3.068 0.0 HD3 47 
   611 7.186 0.0 HD1 51 
   527 122.697 0.0 N 44 
   120 1.401 0.0 HB2 13 
   947 0.488 0.0 HG22 79 
   357 2.697 0.0 HB3 32 
   267 118.071 0.0 CE2 24 
   340 122.775 0.0 N 30 
   610 2.552 0.0 HB3 51 
   867 1.671 0.0 HB 72 
   407 56.237 0.0 CA 36 
   272 3.847 0.0 HB3 25 
   941 4.752 0.0 HA 79 
   83 0.86 0.0 HD11 10 
   529 4.564 0.0 HA 45 
   1204 125.256 0.0 N 98 
   886 3.722 0.0 HB3 73 
   513 54.59 0.0 CA 43 
   459 174.702 0.0 C 40 
   292 0.75 0.0 HD11 27 
   221 2.215 0.0 HG3 21 
   896 2.031 0.0 HG3 74 
   145 1.84 0.0 HB3 16 
   625 9.528 0.0 H 52 
   551 3.179 0.0 HD2 47 
   1010 115.091 0.0 N 83 
   327 4.941 0.0 HA 30 
   155 122.38 0.0 N 16 
   468 2.612 0.0 HB3 41 
   1181 3.087 0.0 HD2 97 
   1211 8.646 0.0 H 100 
   490 0.882 0.0 HG13 42 
   1278 3.948 0.0 HA 105 
   1274 15.91 0.0 CE 104 
   1341 1.398 0.0 HB2 110 
   346 2.141 0.0 HG2 31 
   473 6.866 0.0 HZ 41 
   554 1.442 0.0 HG3 47 
   929 42.125 0.0 CB 77 
   1100 7.464 0.0 H 91 
   785 2.378 0.0 HG2 66 
   1175 45.733 0.0 CA 96 
   1247 9.086 0.0 HE1 103 
   1266 2.298 0.0 HE1 104 
   1305 119.178 0.0 CD2 107 
   616 176.043 0.0 C 51 
   96 121.828 0.0 N 10 
   268 118.678 0.0 N 24 
   202 0.832 0.0 HD12 20 
   1165 2.274 0.0 HG3 95 
   93 24.876 0.0 CD1 10 
   938 45.05 0.0 CA 78 
   728 133.724 0.0 CD2 60 
   1281 1.426 0.0 HB3 105 
   1198 1.141 0.0 HG3 98 
   174 2.003 0.0 HB3 18 
   761 3.801 0.0 HD3 64 
   923 0.824 0.0 HD21 77 
   63 175.868 0.0 C 8 
   581 0.789 0.0 HD23 49 
   861 54.724 0.0 CA 71 
   374 3.051 0.0 HD2 33 
   1183 1.544 0.0 HG2 97 
   489 1.467 0.0 HG12 42 
   387 61.518 0.0 CA 34 
   521 1.364 0.0 HB1 44 
   1152 1.717 0.0 HG 94 
   668 2.211 0.0 HB2 56 
   479 130.657 0.0 CE1 41 
   1058 121.904 0.0 N 87 
   398 36.377 0.0 CG 35 
   750 1.15 0.0 HG21 63 
   734 3.361 0.0 HA3 61 
   337 34.762 0.0 CB 30 
   692 28.159 0.0 CB 57 
   1332 55.074 0.0 CA 109 
   1024 42.208 0.0 CB 84 
   987 127.489 0.0 CZ 81 
   253 8.087 0.0 H 24 
   46 64.02 0.0 CB 6 
   758 2.241 0.0 HB2 64 
   242 7.95 0.0 H 23 
   879 13.45 0.0 CD1 72 
   503 2.221 0.0 HB2 43 
   57 8.312 0.0 H 8 
   931 23.53 0.0 CD2 77 
   505 0.893 0.0 HD11 43 
   836 7.957 0.0 H 70 
   100 1.977 0.0 HB3 11 
   866 4.208 0.0 HA 72 
   934 7.647 0.0 H 78 
   1318 50.22 0.0 CD 108 
   989 7.466 0.0 H 82 
   1330 1.647 0.0 HG 109 
   1268 2.298 0.0 HE3 104 
   1350 3.803 0.0 HB3 111 
   725 60.827 0.0 CA 60 
   991 1.901 0.0 HB2 82 
   1019 0.647 0.0 HD22 84 
   203 0.832 0.0 HD13 20 
   74 177.247 0.0 C 9 
   178 58.414 0.0 CA 18 
   996 59.66 0.0 CA 82 
   433 4.323 0.0 HA 39 
   279 4.215 0.0 HB 26 
   1231 2.947 0.0 HE2 102 
   434 1.87 0.0 HB 39 
   1216 64.391 0.0 CB 100 
   504 1.708 0.0 HB3 43 
   377 1.378 0.0 HG3 33 
   839 0.635 0.0 HD11 70 
   1043 1.238 0.0 HB3 86 
   951 34.536 0.0 CB 79 
   442 0.365 0.0 HG23 39 
   1172 4.236 0.0 HA2 96 
   814 1.811 0.0 HB3 68 
   5 2.037 0.0 HE2 3 
   1234 1.301 0.0 HG3 102 
   828 1.967 0.0 HB3 69 
   749 4.537 0.0 HB 63 
   1015 0.451 0.0 HD11 84 
   1104 0.62 0.0 HD12 91 
   1300 1.173 0.0 HB3 107 
   29 0.883 0.0 HG12 5 
   439 0.821 0.0 HG13 39 
   1088 0.758 0.0 HD13 90 
   141 117.597 0.0 N 15 
   450 8.934 0.0 H 40 
   311 1.421 0.0 HG3 28 
   949 171.397 0.0 C 79 
   500 123.192 0.0 N 42 
   3 1.935 0.0 HB3 3 
   536 37.016 0.0 CB 45 
   841 0.635 0.0 HD13 70 
   159 2.044 0.0 HB3 17 
   847 174.815 0.0 C 70 
   1096 23.032 0.0 CD1 90 
   1034 2.094 0.0 HG3 85 
   136 3.912 0.0 HB2 15 
   362 174.519 0.0 C 32 
   1220 1.459 0.0 HB2 101 
   1275 32.912 0.0 CG 104 
   818 1.681 0.0 HG3 68 
   66 116.954 0.0 N 8 
   175 2.198 0.0 HG2 18 
   718 3.132 0.0 HB2 60 
   49 4.212 0.0 HA 7 
   863 35.813 0.0 CG 71 
   932 26.477 0.0 CG 77 
   332 0.674 0.0 HG21 30 
   435 0.827 0.0 HD11 39 
   649 28.552 0.0 CG 53 
   827 1.967 0.0 HB2 69 
   274 58.413 0.0 CA 25 
   960 6.868 0.0 HD2 80 
   948 0.488 0.0 HG23 79 
   1134 1.465 0.0 HG 93 
   1036 57.064 0.0 CA 85 
   703 20.052 0.0 CB 58 
   1315 176.899 0.0 C 108 
   1301 6.147 0.0 HD2 107 
   696 8.306 0.0 H 58 
   8 2.492 0.0 HG3 3 
   855 4.692 0.0 HA 71 
   601 55.26 0.0 CA 50 
   1048 34.491 0.0 CB 86 
   753 58.845 0.0 CA 63 
   681 23.002 0.0 CD2 56 
   17 1.884 0.0 HB3 4 
   778 36.644 0.0 CG 65 
   1197 1.615 0.0 HG2 98 
   898 65.658 0.0 CA 74 
   711 173.265 0.0 C 59 
   59 2.776 0.0 HB2 8 
   491 0.921 0.0 HG21 42 
   865 9.013 0.0 H 72 
   1060 4.191 0.0 HA 88 
   123 53.303 0.0 CA 13 
   1139 22.143 0.0 CD2 93 
   1221 1.459 0.0 HB3 101 
   617 56.966 0.0 CA 51 
   784 7.328 0.0 HE21 66 
   167 31.857 0.0 CB 17 
   933 115.627 0.0 N 77 
   1217 116.809 0.0 N 100 
   256 2.791 0.0 HB3 24 
   651 4.702 0.0 HA 54 
   721 7.329 0.0 HD2 60 
   1116 17.114 0.0 CG2 91 
   78 121.267 0.0 N 9 
   507 0.893 0.0 HD13 43 
   1276 117.096 0.0 N 104 
   1178 4.322 0.0 HA 97 
   1299 2.411 0.0 HB2 107 
   1102 1.437 0.0 HB 91 
   1007 65.351 0.0 CA 83 
   909 109.127 0.0 N 75 
   682 26.691 0.0 CG 56 
   1023 54.419 0.0 CA 84 
   391 1.95 0.0 HB2 35 
   1272 60.65 0.0 CA 104 
   829 2.202 0.0 HG2 69 
   244 1.795 0.0 HB2 23 
   160 2.001 0.0 HE1 17 
   1065 0.83 0.0 HG21 88 
   376 1.44 0.0 HG2 33 
   779 114.841 0.0 N 65 
   324 64.918 0.0 CB 29 
   423 0.574 0.0 HG21 38 
   1161 4.384 0.0 HA 95 
   1245 3.08 0.0 HB3 103 
   654 175.841 0.0 C 54 
   112 1.37 0.0 HB3 12 
   1041 4.768 0.0 HA 86 
   440 0.365 0.0 HG21 39 
   90 178.235 0.0 C 10 
   913 174.359 0.0 C 76 
   414 174.303 0.0 C 37 
   370 8.36 0.0 H 33 
   821 31.556 0.0 CB 68 
   113 178.397 0.0 C 12 
   464 126.626 0.0 N 40 
   982 38.413 0.0 CB 81 
   484 4.729 0.0 HA 42 
   838 1.325 0.0 HB 70 
   35 62.128 0.0 CA 5 
   1053 2.584 0.0 HB2 87 
   463 21.935 0.0 CG2 40 
   885 4.148 0.0 HB2 73 
   76 29.741 0.0 CB 9 
   770 3.908 0.0 HA 65 
   103 177.123 0.0 C 11 
   1148 0.88 0.0 HD13 94 
   1025 25.665 0.0 CD1 84 
   388 62.613 0.0 CB 34 
   495 61.316 0.0 CA 42 
   371 4.439 0.0 HA 33 
   724 178.019 0.0 C 60 
   1210 105.916 0.0 N 99 
   382 130.005 0.0 N 33 
   322 171.729 0.0 C 29 
   659 4.94 0.0 HA 55 
   646 65.032 0.0 CA 53 
   974 2.775 0.0 HB3 81 
   774 2.196 0.0 HG3 65 
   1226 3.979 0.0 HA 102 
   1031 2.094 0.0 HB2 85 
   901 27.83 0.0 CG 74 
   511 1.668 0.0 HG 43 
   208 178.43 0.0 C 20 
   998 35.923 0.0 CG 82 
   870 0.687 0.0 HD13 72 
   1241 119.022 0.0 N 102 
   1329 1.014 0.0 HD23 109 
   26 4.098 0.0 HA 5 
   544 56.917 0.0 CA 46 
   788 57.206 0.0 CA 66 
   230 1.794 0.0 HB2 22 
   102 2.197 0.0 HG3 11 
   975 6.984 0.0 HD1 81 
   328 1.586 0.0 HB 30 
   403 1.619 0.0 HB3 36 
   628 1.678 0.0 HB3 52 
   1298 4.435 0.0 HA 107 
   660 3.288 0.0 HB2 55 
   169 32.011 0.0 CG 17 
   383 3.616 0.0 HA 34 
   1098 26.895 0.0 CG 90 
   645 178.611 0.0 C 53 
   190 2.638 0.0 HG3 19 
   752 1.15 0.0 HG23 63 
   543 175.512 0.0 C 46 
   656 39.184 0.0 CB 54 
   1077 3.766 0.0 HB3 89 
   470 7.257 0.0 HD2 41 
   766 31.923 0.0 CB 64 
   188 2.03 0.0 HE3 19 
   860 175.775 0.0 C 71 
   1138 24.399 0.0 CD1 93 
   1128 -0.102 0.0 HD11 93 
   288 9.148 0.0 H 27 
   315 43.794 0.0 CD 28 
   149 1.556 0.0 HG3 16 
   633 55.616 0.0 CA 52 
   535 52.068 0.0 CA 45 
   1252 181.021 0.0 C 103 
   599 1.166 0.0 HG3 50 
   622 131.675 0.0 CE2 51 
   575 1.555 0.0 HB3 49 
   395 177.168 0.0 C 35 
   109 4.201 0.0 HA 12 
   657 111.513 0.0 N 54 
   33 0.884 0.0 HG23 5 
   519 9.087 0.0 H 44 
   926 1.474 0.0 HG 77 
   475 56.064 0.0 CA 41 
   524 176.981 0.0 C 44 
   512 178.81 0.0 C 43 
   179 29.811 0.0 CB 18 
   389 9.379 0.0 H 35 
   1075 4.745 0.0 HA 89 
   1288 1.513 0.0 HB2 106 
   639 2.014 0.0 HB2 53 
   369 124.536 0.0 N 32 
   970 126.853 0.0 N 80 
   128 3.873 0.0 HB2 14 
   20 176.331 0.0 C 4 
   251 35.763 0.0 CG 23 
   73 2.204 0.0 HG3 9 
   1236 59.169 0.0 CA 102 
   1114 13.047 0.0 CD1 91 
   587 23.991 0.0 CD2 49 
   716 7.089 0.0 H 60 
   571 120.823 0.0 N 48 
   402 2.002 0.0 HB2 36 
   842 1.246 0.0 HG12 70 
   945 0.692 0.0 HG13 79 
   281 1.162 0.0 HG22 26 
   820 58.094 0.0 CA 68 
   1219 1.459 0.0 HB1 101 
   665 116.732 0.0 N 55 
   283 174.498 0.0 C 26 
   1349 3.803 0.0 HB2 111 
   700 0.928 0.0 HB3 58 
   1050 114.682 0.0 N 86 
   994 2.169 0.0 HG3 82 
   263 38.578 0.0 CB 24 
   707 3.962 0.0 HB 59 
   415 46.016 0.0 CA 37 
   1295 36.323 0.0 CG 106 
   757 3.427 0.0 HA 64 
   746 123.335 0.0 N 62 
   1037 26.953 0.0 CB 85 
   254 4.315 0.0 HA 24 
   1057 44.193 0.0 CB 87 
   1207 3.902 0.0 HA3 99 
