   382 130.005 0.0 N 33 
   1058 121.904 0.0 N 87 
   887 57.766 0.0 CA 73 
   251 35.763 0.0 CG 23 
   328 1.586 0.0 HB 30 
   196 119.142 0.0 N 19 
   1018 0.647 0.0 HD21 84 
   960 6.868 0.0 HD2 80 
   517 28.618 0.0 CG 43 
   740 1.112 0.0 HB1 62 
   1284 17.87 0.0 CB 105 
   283 174.498 0.0 C 26 
   81 1.659 0.0 HB2 10 
   386 176.483 0.0 C 34 
   38 20.453 0.0 CG2 5 
   25 8.177 0.0 H 5 
   745 20.267 0.0 CB 62 
   131 59.538 0.0 CA 14 
   809 25.235 0.0 CG 67 
   334 0.674 0.0 HG23 30 
   1339 4.335 0.0 HA 110 
   861 54.724 0.0 CA 71 
   853 125.545 0.0 N 70 
   444 61.503 0.0 CA 39 
   1313 1.807 0.0 HG2 108 
   1158 26.897 0.0 CG 94 
   790 34.742 0.0 CG 66 
   1180 1.643 0.0 HB3 97 
   395 177.168 0.0 C 35 
   888 62.669 0.0 CB 73 
   707 3.962 0.0 HB 59 
   929 42.125 0.0 CB 77 
   1098 26.895 0.0 CG 90 
   1348 4.214 0.0 HA 111 
   1229 1.65 0.0 HD2 102 
   385 3.839 0.0 HB3 34 
   743 177.761 0.0 C 62 
   1145 1.482 0.0 HB3 94 
   904 3.917 0.0 HB2 75 
   124 18.835 0.0 CB 13 
   1087 0.758 0.0 HD12 90 
   476 39.031 0.0 CB 41 
   1295 36.323 0.0 CG 106 
   941 4.752 0.0 HA 79 
   1102 1.437 0.0 HB 91 
   615 7.149 0.0 HZ 51 
   1318 50.22 0.0 CD 108 
   16 1.968 0.0 HB2 4 
   479 130.657 0.0 CE1 41 
   281 1.162 0.0 HG22 26 
   682 26.691 0.0 CG 56 
   866 4.208 0.0 HA 72 
   564 1.672 0.0 HB3 48 
   1232 2.947 0.0 HE3 102 
   36 32.906 0.0 CB 5 
   1192 3.921 0.0 HA 98 
   779 114.841 0.0 N 65 
   1034 2.094 0.0 HG3 85 
   989 7.466 0.0 H 82 
   296 0.897 0.0 HD22 27 
   563 1.791 0.0 HB2 48 
   730 118.264 0.0 CE2 60 
   886 3.722 0.0 HB3 73 
   681 23.002 0.0 CD2 56 
   132 63.477 0.0 CB 14 
   812 4.191 0.0 HA 68 
   374 3.051 0.0 HD2 33 
   454 0.769 0.0 HG12 40 
   490 0.882 0.0 HG13 42 
   37 21.185 0.0 CG1 5 
   942 1.744 0.0 HB 79 
   1260 121.319 0.0 N 103 
   1188 43.281 0.0 CD 97 
   998 35.923 0.0 CG 82 
   435 0.827 0.0 HD11 39 
   690 0.608 0.0 HG3 57 
   1096 23.032 0.0 CD1 90 
   1147 0.88 0.0 HD12 94 
   892 1.915 0.0 HB3 74 
   301 26.22 0.0 CD1 27 
   506 0.893 0.0 HD12 43 
   962 6.559 0.0 HE2 80 
   24 122.855 0.0 N 4 
   1293 55.883 0.0 CA 106 
   240 27.348 0.0 CG 22 
   429 21.782 0.0 CG1 38 
   1288 1.513 0.0 HB2 106 
   1303 53.158 0.0 CA 107 
   246 1.981 0.0 HG2 23 
   218 1.928 0.0 HB3 21 
   162 2.001 0.0 HE3 17 
   950 59.293 0.0 CA 79 
   1137 41.703 0.0 CB 93 
   511 1.668 0.0 HG 43 
   683 118.239 0.0 N 56 
   1297 7.064 0.0 H 107 
   911 4.276 0.0 HA2 76 
   575 1.555 0.0 HB3 49 
   1214 4.42 0.0 HB3 100 
   317 123.653 0.0 N 28 
   341 8.341 0.0 H 31 
   31 0.884 0.0 HG21 5 
   204 0.854 0.0 HD21 20 
   982 38.413 0.0 CB 81 
   457 0.737 0.0 HG22 40 
   667 4.636 0.0 HA 56 
   1276 117.096 0.0 N 104 
   1167 56.089 0.0 CA 95 
   1076 4.014 0.0 HB2 89 
   117 8.142 0.0 H 13 
   1182 3.087 0.0 HD3 97 
   752 1.15 0.0 HG23 63 
   1030 3.622 0.0 HA 85 
   925 0.824 0.0 HD23 77 
   267 118.071 0.0 CE2 24 
   1055 175.722 0.0 C 87 
   1155 41.391 0.0 CB 94 
   717 4.115 0.0 HA 60 
   603 29.631 0.0 CD 50 
   931 23.53 0.0 CD2 77 
   1287 3.906 0.0 HA 106 
   693 31.891 0.0 CG 57 
   1315 176.899 0.0 C 108 
   846 0.118 0.0 HG23 70 
   783 1.925 0.0 HB3 66 
   418 4.915 0.0 HA 38 
   1217 116.809 0.0 N 100 
   59 2.776 0.0 HB2 8 
   940 8.683 0.0 H 79 
   465 9.605 0.0 H 41 
   100 1.977 0.0 HB3 11 
   1302 7.911 0.0 HE1 107 
   388 62.613 0.0 CB 34 
   197 8.034 0.0 H 20 
   963 175.006 0.0 C 80 
   1316 62.878 0.0 CA 108 
   770 3.908 0.0 HA 65 
   1239 42.11 0.0 CE 102 
   525 54.489 0.0 CA 44 
   927 176.209 0.0 C 77 
   788 57.206 0.0 CA 66 
   581 0.789 0.0 HD23 49 
   478 132.608 0.0 CD2 41 
   1323 1.528 0.0 HB3 109 
   252 119.302 0.0 N 23 
   1074 8.503 0.0 H 89 
   1243 4.036 0.0 HA 103 
   825 7.852 0.0 H 69 
   93 24.876 0.0 CD1 10 
   28 0.883 0.0 HG11 5 
   150 177.474 0.0 C 16 
   455 0.769 0.0 HG13 40 
   593 1.33 0.0 HB3 50 
   1254 29.069 0.0 CB 103 
   739 4.298 0.0 HA 62 
   555 174.209 0.0 C 47 
   934 7.647 0.0 H 78 
   871 1.629 0.0 HG12 72 
   815 3.22 0.0 HD2 68 
   599 1.166 0.0 HG3 50 
   269 7.403 0.0 H 25 
   891 2.382 0.0 HB2 74 
   11 32.91 0.0 CB 3 
   756 111.934 0.0 N 63 
   633 55.616 0.0 CA 52 
   1114 13.047 0.0 CD1 91 
   1334 24.954 0.0 CD1 109 
   1008 68.085 0.0 CB 83 
   443 174.355 0.0 C 39 
   88 0.81 0.0 HD23 10 
   704 116.752 0.0 N 58 
   420 0.713 0.0 HG11 38 
   173 2.003 0.0 HB2 18 
   1161 4.384 0.0 HA 95 
   535 52.068 0.0 CA 45 
   343 1.96 0.0 HB2 31 
   822 43.453 0.0 CD 68 
   231 1.794 0.0 HB3 22 
   98 4.131 0.0 HA 11 
   209 56.978 0.0 CA 20 
   58 4.571 0.0 HA 8 
   640 2.014 0.0 HB3 53 
   274 58.413 0.0 CA 25 
   1222 181.335 0.0 C 101 
   1060 4.191 0.0 HA 88 
   1056 52.907 0.0 CA 87 
   946 0.488 0.0 HG21 79 
   694 124.612 0.0 N 57 
   975 6.984 0.0 HD1 81 
   496 38.247 0.0 CB 42 
   282 1.162 0.0 HG23 26 
   858 2.203 0.0 HG2 71 
   917 4.552 0.0 HA 77 
   380 43.753 0.0 CD 33 
   34 176.074 0.0 C 5 
   308 3.145 0.0 HD2 28 
   945 0.692 0.0 HG13 79 
   969 117.499 0.0 CE2 80 
   878 38.256 0.0 CB 72 
   364 38.922 0.0 CB 32 
   119 1.401 0.0 HB1 13 
   1326 1.06 0.0 HD13 109 
   889 125.865 0.0 N 73 
   311 1.421 0.0 HG3 28 
   248 176.858 0.0 C 23 
   933 115.627 0.0 N 77 
   820 58.094 0.0 CA 68 
   74 177.247 0.0 C 9 
   856 2.042 0.0 HB2 71 
   573 4.681 0.0 HA 49 
   471 7.087 0.0 HE1 41 
   392 1.95 0.0 HB3 35 
   442 0.365 0.0 HG23 39 
   510 0.797 0.0 HD23 43 
   360 6.319 0.0 HE1 32 
   1021 1.476 0.0 HG 84 
   229 4.086 0.0 HA 22 
   368 117.341 0.0 CE2 32 
   337 34.762 0.0 CB 30 
   586 25.513 0.0 CD1 49 
   1346 127.482 0.0 N 110 
   835 118.394 0.0 N 69 
   232 3.132 0.0 HD2 22 
   680 24.042 0.0 CD1 56 
   1061 1.943 0.0 HB 88 
   1312 3.044 0.0 HD3 108 
   845 0.118 0.0 HG22 70 
   144 1.84 0.0 HB2 16 
   1143 4.015 0.0 HA 94 
   1274 15.91 0.0 CE 104 
   1091 0.902 0.0 HD23 90 
   217 2.12 0.0 HB2 21 
   606 121.409 0.0 N 50 
   787 175.329 0.0 C 66 
   679 42.559 0.0 CB 56 
   1275 32.912 0.0 CG 104 
   297 0.897 0.0 HD23 27 
   1342 1.398 0.0 HB3 110 
   523 1.364 0.0 HB3 44 
   66 116.954 0.0 N 8 
   968 117.499 0.0 CE1 80 
   1209 45.495 0.0 CA 99 
   1353 121.137 0.0 N 111 
   912 3.67 0.0 HA3 76 
   700 0.928 0.0 HB3 58 
   491 0.921 0.0 HG21 42 
   260 6.701 0.0 HE2 24 
   357 2.697 0.0 HB3 32 
   1238 29.357 0.0 CD 102 
   872 0.696 0.0 HG13 72 
   795 1.403 0.0 HB2 67 
   957 2.892 0.0 HB2 80 
   849 42.252 0.0 CB 70 
   951 34.536 0.0 CB 79 
   1327 1.014 0.0 HD21 109 
   15 4.276 0.0 HA 4 
   1040 6.636 0.0 H 86 
   104 57.085 0.0 CA 11 
   903 4.211 0.0 HA 75 
   1242 8.089 0.0 H 103 
   826 4.487 0.0 HA 69 
   541 3.176 0.0 HB2 46 
   94 23.445 0.0 CD2 10 
   1285 120.951 0.0 N 105 
   266 118.071 0.0 CE1 24 
   371 4.439 0.0 HA 33 
   309 3.084 0.0 HD3 28 
   918 1.608 0.0 HB2 77 
   1290 2.19 0.0 HG2 106 
   5 2.037 0.0 HE2 3 
   602 35.539 0.0 CB 50 
   154 27.325 0.0 CG 16 
   448 19.58 0.0 CG2 39 
   32 0.884 0.0 HG22 5 
   346 2.141 0.0 HG2 31 
   995 178.206 0.0 C 82 
   446 15.099 0.0 CD1 39 
   1014 1.467 0.0 HB3 84 
   278 4.43 0.0 HA 26 
   348 174.131 0.0 C 31 
   384 3.925 0.0 HB2 34 
   857 2.042 0.0 HB3 71 
   1320 8.467 0.0 H 109 
   415 46.016 0.0 CA 37 
   10 55.604 0.0 CA 3 
   1335 24.143 0.0 CD2 109 
   842 1.246 0.0 HG12 70 
   1149 0.839 0.0 HD21 94 
   691 59.107 0.0 CA 57 
   1190 122.473 0.0 N 97 
   1 4.425 0.0 HA 3 
   1309 2.209 0.0 HB2 108 
   289 4.249 0.0 HA 27 
   791 117.742 0.0 N 66 
   1106 1.169 0.0 HG12 91 
   1068 174.389 0.0 C 88 
   318 7.994 0.0 H 29 
   746 123.335 0.0 N 62 
   546 111.628 0.0 N 46 
   122 178.794 0.0 C 13 
   1198 1.141 0.0 HG3 98 
   12 16.881 0.0 CE 3 
   726 37.813 0.0 CB 60 
   662 175.935 0.0 C 55 
   129 3.873 0.0 HB3 14 
   1117 116.561 0.0 N 91 
   225 33.973 0.0 CG 21 
   553 1.653 0.0 HG2 47 
   256 2.791 0.0 HB3 24 
   90 178.235 0.0 C 10 
   65 38.639 0.0 CB 8 
   410 115.94 0.0 N 36 
   974 2.775 0.0 HB3 81 
   735 174.325 0.0 C 61 
   986 130.512 0.0 CE2 81 
   784 7.328 0.0 HE21 66 
   1011 6.473 0.0 H 84 
   428 35.509 0.0 CB 38 
   434 1.87 0.0 HB 39 
   1032 2.265 0.0 HB3 85 
   1314 1.807 0.0 HG3 108 
   176 2.198 0.0 HG3 18 
   1282 179.136 0.0 C 105 
   932 26.477 0.0 CG 77 
   833 28.69 0.0 CB 69 
   901 27.83 0.0 CG 74 
   362 174.519 0.0 C 32 
   604 41.911 0.0 CE 50 
   1278 3.948 0.0 HA 105 
   1080 64.469 0.0 CB 89 
   168 16.963 0.0 CE 17 
   1183 1.544 0.0 HG2 97 
   46 64.02 0.0 CB 6 
   798 -0.04 0.0 HD12 67 
   97 8.147 0.0 H 11 
   158 2.044 0.0 HB2 17 
   816 3.22 0.0 HD3 68 
   501 9.031 0.0 H 43 
   331 0.252 0.0 HG13 30 
   72 2.204 0.0 HG2 9 
   96 121.828 0.0 N 10 
   352 122.553 0.0 N 31 
   626 4.903 0.0 HA 52 
   1111 177.553 0.0 C 91 
   1307 117.066 0.0 N 107 
   242 7.95 0.0 H 23 
   1184 1.434 0.0 HG3 97 
   312 176.07 0.0 C 28 
   102 2.197 0.0 HG3 11 
   661 3.034 0.0 HB3 55 
   126 8.165 0.0 H 14 
   1324 1.06 0.0 HD11 109 
   33 0.884 0.0 HG23 5 
   347 2.215 0.0 HG3 31 
   44 174.496 0.0 C 6 
   782 2.243 0.0 HB2 66 
   451 4.77 0.0 HA 40 
   819 177.1 0.0 C 68 
   1004 1.317 0.0 HG22 83 
   922 0.842 0.0 HD13 77 
   1273 33.268 0.0 CB 104 
   335 173.89 0.0 C 30 
   594 1.556 0.0 HD2 50 
   1310 1.86 0.0 HB3 108 
   1252 181.021 0.0 C 103 
   716 7.089 0.0 H 60 
   1066 0.83 0.0 HG22 88 
   914 45.558 0.0 CA 76 
   329 0.252 0.0 HG11 30 
   1329 1.014 0.0 HD23 109 
   875 1.167 0.0 HG23 72 
   576 0.712 0.0 HD11 49 
   413 3.768 0.0 HA3 37 
   441 0.365 0.0 HG22 39 
   149 1.556 0.0 HG3 16 
   1133 0.068 0.0 HD23 93 
   1195 3.779 0.0 HD2 98 
   233 3.132 0.0 HD3 22 
   1078 175.634 0.0 C 89 
   327 4.941 0.0 HA 30 
   1331 176.976 0.0 C 109 
   1311 3.315 0.0 HD2 108 
   1122 47.672 0.0 CA 92 
   657 111.513 0.0 N 54 
   1333 42.849 0.0 CB 109 
   447 29.191 0.0 CG1 39 
   499 17.509 0.0 CG2 42 
   351 33.242 0.0 CG 31 
   959 6.868 0.0 HD1 80 
   326 8.245 0.0 H 30 
   419 1.757 0.0 HB 38 
   773 2.328 0.0 HG2 65 
   1099 129.702 0.0 N 90 
   48 8.431 0.0 H 7 
   1200 56.621 0.0 CA 98 
   214 121.295 0.0 N 20 
   897 177.861 0.0 C 74 
   1351 59.865 0.0 CA 111 
   1043 1.238 0.0 HB3 86 
   372 1.712 0.0 HB2 33 
   1052 5.547 0.0 HA 87 
   185 2.046 0.0 HB3 19 
   733 3.771 0.0 HA2 61 
   1248 6.803 0.0 HE3 103 
   613 7.022 0.0 HE1 51 
   805 53.307 0.0 CA 67 
   459 174.702 0.0 C 40 
   105 29.983 0.0 CB 11 
   1321 4.315 0.0 HA 109 
   664 42.87 0.0 CB 55 
   1258 114.304 0.0 CZ2 103 
   1196 3.595 0.0 HD3 98 
   781 4.059 0.0 HA 66 
   460 61.243 0.0 CA 40 
   939 109.48 0.0 N 78 
   837 4.508 0.0 HA 70 
   243 4.083 0.0 HA 23 
   1138 24.399 0.0 CD1 93 
   206 0.854 0.0 HD23 20 
   631 1.861 0.0 HG2 52 
   936 4.045 0.0 HA3 78 
   991 1.901 0.0 HB2 82 
   1193 1.534 0.0 HB2 98 
   1250 6.476 0.0 HZ2 103 
   1083 3.798 0.0 HA 90 
   571 120.823 0.0 N 48 
   774 2.196 0.0 HG3 65 
   527 122.697 0.0 N 44 
   1154 57.332 0.0 CA 94 
   706 3.734 0.0 HA 59 
   1173 3.752 0.0 HA3 96 
   944 0.692 0.0 HG12 79 
   244 1.795 0.0 HB2 23 
   902 7.893 0.0 H 75 
   532 6.441 0.0 HD21 45 
   780 7.728 0.0 H 66 
   456 0.737 0.0 HG21 40 
   398 36.377 0.0 CG 35 
   660 3.288 0.0 HB2 55 
   867 1.671 0.0 HB 72 
   497 13.076 0.0 CD1 42 
   591 5.454 0.0 HA 50 
   865 9.013 0.0 H 72 
   583 175.439 0.0 C 49 
   1042 1.871 0.0 HB2 86 
   966 133.192 0.0 CD1 80 
   153 43.249 0.0 CD 16 
   60 2.712 0.0 HB3 8 
   76 29.741 0.0 CB 9 
   688 7.208 0.0 HE21 57 
   943 0.692 0.0 HG11 79 
   725 60.827 0.0 CA 60 
   747 8.206 0.0 H 63 
   40 8.389 0.0 H 6 
   332 0.674 0.0 HG21 30 
   598 1.28 0.0 HG2 50 
   61 6.882 0.0 HD21 8 
   71 1.998 0.0 HB3 9 
   18 2.199 0.0 HG2 4 
   1249 6.678 0.0 HH2 103 
   696 8.306 0.0 H 58 
   107 120.956 0.0 N 11 
   1228 1.689 0.0 HB3 102 
   672 0.563 0.0 HD13 56 
   1072 22.104 0.0 CG2 88 
   913 174.359 0.0 C 76 
   1291 1.91 0.0 HG3 106 
   152 30.165 0.0 CB 16 
   207 1.708 0.0 HG 20 
   187 2.03 0.0 HE2 19 
   930 26.039 0.0 CD1 77 
   899 31.733 0.0 CB 74 
   143 4.203 0.0 HA 16 
   259 6.701 0.0 HE1 24 
   333 0.674 0.0 HG22 30 
   45 58.096 0.0 CA 6 
   670 0.563 0.0 HD11 56 
   870 0.687 0.0 HD13 72 
   515 25.078 0.0 CD1 43 
   996 59.66 0.0 CA 82 
   109 4.201 0.0 HA 12 
   169 32.011 0.0 CG 17 
   965 41.026 0.0 CB 80 
   663 55.404 0.0 CA 55 
   1160 7.738 0.0 H 95 
   840 0.635 0.0 HD12 70 
   370 8.36 0.0 H 33 
   1109 0.555 0.0 HG22 91 
   1177 8.717 0.0 H 97 
   567 176.225 0.0 C 48 
   522 1.364 0.0 HB2 44 
   650 7.948 0.0 H 54 
   935 4.601 0.0 HA2 78 
   160 2.001 0.0 HE1 17 
   528 7.355 0.0 H 45 
   885 4.148 0.0 HB2 73 
   275 64.876 0.0 CB 25 
   1179 1.643 0.0 HB2 97 
   366 133.168 0.0 CD2 32 
   184 2.117 0.0 HB2 19 
   174 2.003 0.0 HB3 18 
   449 122.144 0.0 N 39 
   983 131.99 0.0 CD1 81 
   114 53.207 0.0 CA 12 
   709 -0.209 0.0 HG22 59 
   469 7.257 0.0 HD1 41 
   686 1.24 0.0 HB2 57 
   1075 4.745 0.0 HA 89 
   164 2.52 0.0 HG3 17 
   549 1.794 0.0 HB2 47 
   645 178.611 0.0 C 53 
   562 5.281 0.0 HA 48 
   425 0.574 0.0 HG23 38 
   1104 0.62 0.0 HD12 91 
   823 27.438 0.0 CG 68 
   1317 32.352 0.0 CB 108 
   57 8.312 0.0 H 8 
   928 54.378 0.0 CA 77 
   64 53.841 0.0 CA 8 
   512 178.81 0.0 C 43 
   676 1.245 0.0 HG 56 
   1296 114.241 0.0 N 106 
   502 5.108 0.0 HA 43 
   678 52.687 0.0 CA 56 
   533 7.365 0.0 HD22 45 
   526 17.978 0.0 CB 44 
   73 2.204 0.0 HG3 9 
   408 32.757 0.0 CB 36 
   1292 174.911 0.0 C 106 
   118 4.218 0.0 HA 13 
   1221 1.459 0.0 HB3 101 
   763 1.792 0.0 HG3 64 
   1039 114.551 0.0 N 85 
   80 4.197 0.0 HA 10 
   771 1.946 0.0 HB2 65 
   141 117.597 0.0 N 15 
   416 108.087 0.0 N 37 
   1016 0.451 0.0 HD12 84 
   1082 8.799 0.0 H 90 
   472 7.087 0.0 HE2 41 
   1255 127.212 0.0 CD1 103 
   955 8.83 0.0 H 80 
   1127 1.079 0.0 HB3 93 
   82 1.543 0.0 HB3 10 
   383 3.616 0.0 HA 34 
   1144 1.93 0.0 HB2 94 
   715 99.63 0.0 N 59 
   938 45.05 0.0 CA 78 
   1036 57.064 0.0 CA 85 
   330 0.252 0.0 HG12 30 
   838 1.325 0.0 HB 70 
   882 129.755 0.0 N 72 
   796 1.216 0.0 HB3 67 
   401 4.289 0.0 HA 36 
   339 23.077 0.0 CG2 30 
   1325 1.06 0.0 HD12 109 
   1028 116.818 0.0 N 84 
   592 1.613 0.0 HB2 50 
   605 26.043 0.0 CG 50 
   1051 8.63 0.0 H 87 
   596 2.85 0.0 HE2 50 
   1263 3.644 0.0 HA 104 
   166 57.361 0.0 CA 17 
   500 123.192 0.0 N 42 
   1281 1.426 0.0 HB3 105 
   1009 23.764 0.0 CG2 83 
   769 8.522 0.0 H 65 
   607 8.847 0.0 H 51 
   101 2.227 0.0 HG2 11 
   238 30.597 0.0 CB 22 
   286 22.829 0.0 CG2 26 
   622 131.675 0.0 CE2 51 
   1062 0.724 0.0 HG11 88 
   703 20.052 0.0 CB 58 
   879 13.45 0.0 CD1 72 
   227 111.873 0.0 NE2 21 
   767 49.993 0.0 CD 64 
   423 0.574 0.0 HG21 38 
   108 8.113 0.0 H 12 
   234 1.658 0.0 HG2 22 
   926 1.474 0.0 HG 77 
   400 7.08 0.0 H 36 
   56 126.064 0.0 N 7 
   1134 1.465 0.0 HG 93 
   516 24.929 0.0 CD2 43 
   182 7.963 0.0 H 19 
   977 6.86 0.0 HE1 81 
   1202 43.141 0.0 CD 98 
   869 0.687 0.0 HD12 72 
   241 119.729 0.0 N 22 
   537 114.155 0.0 N 45 
   985 130.512 0.0 CE1 81 
   1176 107.323 0.0 N 96 
   1298 4.435 0.0 HA 107 
   847 174.815 0.0 C 70 
   814 1.811 0.0 HB3 68 
   908 64.358 0.0 CB 75 
   466 4.852 0.0 HA 41 
   342 4.566 0.0 HA 31 
   860 175.775 0.0 C 71 
   804 174.721 0.0 C 67 
   540 4.13 0.0 HA 46 
   1071 21.209 0.0 CG1 88 
   543 175.512 0.0 C 46 
   1178 4.322 0.0 HA 97 
   19 2.199 0.0 HG3 4 
   186 2.03 0.0 HE1 19 
   554 1.442 0.0 HG3 47 
   194 17.023 0.0 CE 19 
   1073 121.549 0.0 N 88 
   1262 9.18 0.0 H 104 
   636 27.315 0.0 CG 52 
   379 30.12 0.0 CB 33 
   1005 1.317 0.0 HG23 83 
   116 124.06 0.0 N 12 
   584 53.785 0.0 CA 49 
   1065 0.83 0.0 HG21 88 
   1191 7.999 0.0 H 98 
   976 6.984 0.0 HD2 81 
   539 8.1 0.0 H 46 
   103 177.123 0.0 C 11 
   792 110.754 0.0 NE2 66 
   954 116.911 0.0 N 79 
   639 2.014 0.0 HB2 53 
   648 49.824 0.0 CD 53 
   464 126.626 0.0 N 40 
   95 26.946 0.0 CG 10 
   1045 2.116 0.0 HG3 86 
   520 3.968 0.0 HA 44 
   43 3.824 0.0 HB3 6 
   1089 0.902 0.0 HD21 90 
   146 3.165 0.0 HD2 16 
   1026 22.07 0.0 CD2 84 
   751 1.15 0.0 HG22 63 
   503 2.221 0.0 HB2 43 
   145 1.84 0.0 HB3 16 
   115 18.829 0.0 CB 12 
   1070 35.256 0.0 CB 88 
   163 2.46 0.0 HG2 17 
   978 6.86 0.0 HE2 81 
   778 36.644 0.0 CG 65 
   874 1.167 0.0 HG22 72 
   1046 174.095 0.0 C 86 
   235 1.535 0.0 HG3 22 
   1031 2.094 0.0 HB2 85 
   279 4.215 0.0 HB 26 
   1306 134.424 0.0 CE1 107 
   1340 1.398 0.0 HB1 110 
   205 0.854 0.0 HD22 20 
   355 4.887 0.0 HA 32 
   22 29.994 0.0 CB 4 
   1086 0.758 0.0 HD11 90 
   481 128.301 0.0 CZ 41 
   1341 1.398 0.0 HB2 110 
   263 38.578 0.0 CB 24 
   1194 2.763 0.0 HB3 98 
   984 131.99 0.0 CD2 81 
   1175 45.733 0.0 CA 96 
   956 5.161 0.0 HA 80 
   63 175.868 0.0 C 8 
   1205 7.684 0.0 H 99 
   705 6.395 0.0 H 59 
   952 21.455 0.0 CG1 79 
   776 59.383 0.0 CA 65 
   761 3.801 0.0 HD3 64 
   1349 3.803 0.0 HB2 111 
   578 0.712 0.0 HD13 49 
   852 18.6 0.0 CG2 70 
   212 23.311 0.0 CD2 20 
   291 1.158 0.0 HB3 27 
   880 28.809 0.0 CG1 72 
   538 106.735 0.0 ND2 45 
   42 3.879 0.0 HB2 6 
   304 9.619 0.0 H 28 
   306 1.556 0.0 HB2 28 
   1085 1.073 0.0 HB3 90 
   397 28.457 0.0 CB 35 
   839 0.635 0.0 HD11 70 
   485 1.815 0.0 HB 42 
   1350 3.803 0.0 HB3 111 
   151 57.826 0.0 CA 16 
   1185 174.894 0.0 C 97 
   493 0.921 0.0 HG23 42 
   389 9.379 0.0 H 35 
   123 53.303 0.0 CA 13 
   844 0.118 0.0 HG21 70 
   85 0.86 0.0 HD13 10 
   534 175.729 0.0 C 45 
   732 8.751 0.0 H 61 
   303 119.999 0.0 N 27 
   595 1.556 0.0 HD3 50 
   261 175.685 0.0 C 24 
   813 1.901 0.0 HB2 68 
   254 4.315 0.0 HA 24 
   712 59.886 0.0 CA 59 
   1272 60.65 0.0 CA 104 
   876 175.825 0.0 C 72 
   958 2.826 0.0 HB3 80 
   84 0.86 0.0 HD12 10 
   831 174.904 0.0 C 69 
   55 19.004 0.0 CB 7 
   62 7.585 0.0 HD22 8 
   391 1.95 0.0 HB2 35 
   630 3.332 0.0 HD3 52 
   17 1.884 0.0 HB3 4 
   356 2.875 0.0 HB2 32 
   247 1.908 0.0 HG3 23 
   530 3.252 0.0 HB2 45 
   492 0.921 0.0 HG22 42 
   1140 25.6 0.0 CG 93 
   363 57.485 0.0 CA 32 
   1337 122.868 0.0 N 109 
   758 2.241 0.0 HB2 64 
   1092 1.466 0.0 HG 90 
   697 3.592 0.0 HA 58 
   808 23.38 0.0 CD2 67 
   288 9.148 0.0 H 27 
   1277 7.659 0.0 H 105 
   1345 19.28 0.0 CB 110 
   175 2.198 0.0 HG2 18 
   1120 3.681 0.0 HA3 92 
   489 1.467 0.0 HG12 42 
   1267 2.298 0.0 HE2 104 
   198 4.193 0.0 HA 20 
   684 7.214 0.0 H 57 
   1126 1.663 0.0 HB2 93 
   121 1.401 0.0 HB3 13 
   548 4.133 0.0 HA 47 
   300 43.838 0.0 CB 27 
   189 2.505 0.0 HG2 19 
   1241 119.022 0.0 N 102 
   671 0.563 0.0 HD12 56 
   228 7.939 0.0 H 22 
   646 65.032 0.0 CA 53 
   550 1.794 0.0 HB3 47 
   981 57.116 0.0 CA 81 
   219 7.622 0.0 HE21 21 
   916 7.499 0.0 H 77 
   1015 0.451 0.0 HD11 84 
   271 4.022 0.0 HB2 25 
   793 7.132 0.0 H 67 
   1233 1.398 0.0 HG2 102 
   307 1.446 0.0 HB3 28 
   1139 22.143 0.0 CD2 93 
   674 0.1 0.0 HD22 56 
   431 105.549 0.0 N 38 
   1013 1.467 0.0 HB2 84 
   1112 64.55 0.0 CA 91 
   1081 120.776 0.0 N 89 
   829 2.202 0.0 HG2 69 
   181 119.875 0.0 N 18 
   427 58.127 0.0 CA 38 
   208 178.43 0.0 C 20 
   110 1.37 0.0 HB1 12 
   87 0.81 0.0 HD22 10 
   409 36.871 0.0 CG 36 
   807 25.787 0.0 CD1 67 
   23 36.128 0.0 CG 4 
   498 28.39 0.0 CG1 42 
   367 117.341 0.0 CE1 32 
   1210 105.916 0.0 N 99 
   896 2.031 0.0 HG3 74 
   698 0.928 0.0 HB1 58 
   1171 7.722 0.0 H 96 
   518 128.415 0.0 N 43 
   1246 7.018 0.0 HD1 103 
   1019 0.647 0.0 HD22 84 
   558 43.885 0.0 CD 47 
   618 43.776 0.0 CB 51 
   299 56.06 0.0 CA 27 
   106 36.09 0.0 CG 11 
   1231 2.947 0.0 HE2 102 
   1322 1.658 0.0 HB2 109 
   754 67.952 0.0 CB 63 
   302 26.014 0.0 CD2 27 
   210 42.252 0.0 CB 20 
   894 3.907 0.0 HD3 74 
   21 56.669 0.0 CA 4 
   125 122.326 0.0 N 13 
   702 54.433 0.0 CA 58 
   1105 0.62 0.0 HD13 91 
   1268 2.298 0.0 HE3 104 
   453 0.769 0.0 HG11 40 
   1336 27.041 0.0 CG 109 
   1264 2.067 0.0 HB2 104 
   1103 0.62 0.0 HD11 91 
   801 0.36 0.0 HD22 67 
   689 1.708 0.0 HG2 57 
   1240 24.762 0.0 CG 102 
   142 8.148 0.0 H 16 
   850 14.445 0.0 CD1 70 
   753 58.845 0.0 CA 63 
   802 0.36 0.0 HD23 67 
   1084 1.612 0.0 HB2 90 
   69 4.162 0.0 HA 9 
   775 178.76 0.0 C 65 
   298 175.89 0.0 C 27 
   673 0.1 0.0 HD21 56 
   221 2.215 0.0 HG3 21 
   572 9.364 0.0 H 49 
   405 2.086 0.0 HG3 36 
   589 125.107 0.0 N 49 
   113 178.397 0.0 C 12 
   772 1.946 0.0 HB3 65 
   1199 175.018 0.0 C 98 
   49 4.212 0.0 HA 7 
   536 37.016 0.0 CB 45 
   859 2.053 0.0 HG3 71 
   883 8.586 0.0 H 73 
   720 7.329 0.0 HD1 60 
   836 7.957 0.0 H 70 
   1007 65.351 0.0 CA 83 
   1330 1.647 0.0 HG 109 
   749 4.537 0.0 HB 63 
   262 58.621 0.0 CA 24 
   13 31.901 0.0 CG 3 
   376 1.44 0.0 HG2 33 
   134 8.205 0.0 H 15 
   1286 6.969 0.0 H 106 
   1002 4.209 0.0 HB 83 
   20 176.331 0.0 C 4 
   762 2.185 0.0 HG2 64 
   620 131.545 0.0 CD2 51 
   1234 1.301 0.0 HG3 102 
   919 1.608 0.0 HB3 77 
   1146 0.88 0.0 HD11 94 
   237 57.61 0.0 CA 22 
   213 26.891 0.0 CG 20 
   1123 103.835 0.0 N 92 
   407 56.237 0.0 CA 36 
   183 4.2 0.0 HA 19 
   1001 3.987 0.0 HA 83 
   365 133.168 0.0 CD1 32 
   675 0.1 0.0 HD23 56 
   89 1.587 0.0 HG 10 
   1077 3.766 0.0 HB3 89 
   1257 124.8 0.0 CH2 103 
   475 56.064 0.0 CA 41 
   547 7.703 0.0 H 47 
   504 1.708 0.0 HB3 43 
   1261 129.285 0.0 NE1 103 
   26 4.098 0.0 HA 5 
   1328 1.014 0.0 HD22 109 
   651 4.702 0.0 HA 54 
   1012 4.131 0.0 HA 84 
   695 109.665 0.0 NE2 57 
   609 3.28 0.0 HB2 51 
   253 8.087 0.0 H 24 
   79 8.06 0.0 H 10 
   1113 37.084 0.0 CB 91 
   354 9.231 0.0 H 32 
   1215 58.114 0.0 CA 100 
   1266 2.298 0.0 HE1 104 
   616 176.043 0.0 C 51 
   711 173.265 0.0 C 59 
   818 1.681 0.0 HG3 68 
   191 177.964 0.0 C 19 
   14 8.628 0.0 H 4 
   99 1.977 0.0 HB2 11 
   487 0.685 0.0 HD12 42 
   437 0.827 0.0 HD13 39 
   544 56.917 0.0 CA 46 
   830 2.202 0.0 HG3 69 
   245 1.795 0.0 HB3 23 
   325 111.229 0.0 N 29 
   647 30.867 0.0 CB 53 
   685 2.151 0.0 HA 57 
   424 0.574 0.0 HG22 38 
   349 54.359 0.0 CA 31 
   1289 1.513 0.0 HB3 106 
   970 126.853 0.0 N 80 
   257 7.074 0.0 HD1 24 
   677 175.248 0.0 C 56 
   505 0.893 0.0 HD11 43 
   786 2.098 0.0 HG3 66 
   222 177.928 0.0 C 21 
   316 26.623 0.0 CG 28 
   1108 0.555 0.0 HG21 91 
   406 176.435 0.0 C 36 
   1216 64.391 0.0 CB 100 
   1168 29.663 0.0 CB 95 
   1201 31.248 0.0 CB 98 
   477 132.608 0.0 CD1 41 
   226 118.077 0.0 N 21 
   1189 27.707 0.0 CG 97 
   642 4.012 0.0 HD3 53 
   165 177.442 0.0 C 17 
   1165 2.274 0.0 HG3 95 
   1033 2.205 0.0 HG2 85 
   542 2.79 0.0 HB3 46 
   8 2.492 0.0 HG3 3 
   755 21.938 0.0 CG2 63 
   574 1.727 0.0 HB2 49 
   30 0.883 0.0 HG13 5 
   474 174.17 0.0 C 41 
   414 174.303 0.0 C 37 
   768 28.234 0.0 CG 64 
   203 0.832 0.0 HD13 20 
   75 57.507 0.0 CA 9 
   1253 62.775 0.0 CA 103 
   1279 1.426 0.0 HB1 105 
   641 3.873 0.0 HD2 53 
   619 131.545 0.0 CD1 51 
   718 3.132 0.0 HB2 60 
   1017 0.451 0.0 HD13 84 
   834 35.395 0.0 CG 69 
   1271 178.325 0.0 C 104 
   893 3.803 0.0 HD2 74 
   52 1.354 0.0 HB3 7 
   92 42.02 0.0 CB 10 
   171 8.19 0.0 H 18 
   508 0.797 0.0 HD21 43 
   1162 2.044 0.0 HB2 95 
   2 2.029 0.0 HB2 3 
   378 54.137 0.0 CA 33 
   1023 54.419 0.0 CA 84 
   1153 178.947 0.0 C 94 
   404 2.193 0.0 HG2 36 
   632 1.861 0.0 HG3 52 
   255 2.895 0.0 HB2 24 
   239 43.459 0.0 CD 22 
   827 1.967 0.0 HB2 69 
   582 1.602 0.0 HG 49 
   1343 176.868 0.0 C 110 
   1294 30.476 0.0 CB 106 
   369 124.536 0.0 N 32 
   268 118.678 0.0 N 24 
   590 8.188 0.0 H 50 
   1097 26.006 0.0 CD2 90 
   1347 7.888 0.0 H 111 
   1088 0.758 0.0 HD13 90 
   864 126.24 0.0 N 71 
   1219 1.459 0.0 HB1 101 
   785 2.378 0.0 HG2 66 
   800 0.36 0.0 HD21 67 
   128 3.873 0.0 HB2 14 
   1125 3.727 0.0 HA 93 
   7 2.532 0.0 HG2 3 
   990 3.582 0.0 HA 82 
   1224 17.772 0.0 CB 101 
   399 121.527 0.0 N 35 
   258 7.074 0.0 HD2 24 
   728 133.724 0.0 CD2 60 
   1037 26.953 0.0 CB 85 
   156 8.14 0.0 H 17 
   643 2.087 0.0 HG2 53 
   1299 2.411 0.0 HB2 107 
   494 176.006 0.0 C 42 
   742 1.112 0.0 HB3 62 
   909 109.127 0.0 N 75 
   777 28.454 0.0 CB 65 
   614 7.022 0.0 HE2 51 
   375 2.833 0.0 HD3 33 
   949 171.397 0.0 C 79 
   322 171.729 0.0 C 29 
   587 23.991 0.0 CD2 49 
   1118 7.314 0.0 H 92 
   138 175.478 0.0 C 15 
   644 1.601 0.0 HG3 53 
   495 61.316 0.0 CA 42 
   868 0.687 0.0 HD11 72 
   806 41.98 0.0 CB 67 
   890 4.309 0.0 HA 74 
   264 132.98 0.0 CD1 24 
   1172 4.236 0.0 HA2 96 
   907 58.685 0.0 CA 75 
   284 59.488 0.0 CA 26 
   524 176.981 0.0 C 44 
   450 8.934 0.0 H 40 
   789 29.542 0.0 CB 66 
   276 113.556 0.0 N 25 
   1148 0.88 0.0 HD13 94 
   921 0.842 0.0 HD12 77 
   1227 1.826 0.0 HB2 102 
   1100 7.464 0.0 H 91 
   305 4.445 0.0 HA 28 
   580 0.789 0.0 HD22 49 
   1230 1.624 0.0 HD3 102 
   1069 61.447 0.0 CA 88 
   1159 119.88 0.0 N 94 
   855 4.692 0.0 HA 71 
   41 4.402 0.0 HA 6 
   1141 120.762 0.0 N 93 
   765 65.999 0.0 CA 64 
   1006 175.706 0.0 C 83 
   133 114.553 0.0 N 14 
   1300 1.173 0.0 HB3 107 
   862 32.946 0.0 CB 71 
   1142 8.317 0.0 H 94 
   1305 119.178 0.0 CD2 107 
   373 1.546 0.0 HB3 33 
   854 8.778 0.0 H 71 
   287 104.093 0.0 N 26 
   1207 3.902 0.0 HA3 99 
   426 173.629 0.0 C 38 
   961 6.559 0.0 HE1 80 
   1332 55.074 0.0 CA 109 
   130 175.451 0.0 C 14 
   324 64.918 0.0 CB 29 
   1213 4.108 0.0 HB2 100 
   402 2.002 0.0 HB2 36 
   1000 9.023 0.0 H 83 
   1174 174.742 0.0 C 96 
   624 119.432 0.0 N 51 
   999 124.087 0.0 N 82 
   430 18.467 0.0 CG2 38 
   722 6.914 0.0 HE1 60 
   760 3.713 0.0 HD2 64 
   421 0.713 0.0 HG12 38 
   610 2.552 0.0 HB3 51 
   193 32.162 0.0 CB 19 
   338 20.464 0.0 CG1 30 
   403 1.619 0.0 HB3 36 
   200 1.476 0.0 HB3 20 
   1151 0.839 0.0 HD23 94 
   1094 57.642 0.0 CA 90 
   438 1.863 0.0 HG12 39 
   993 2.169 0.0 HG2 82 
   734 3.361 0.0 HA3 61 
   627 2.135 0.0 HB2 52 
   701 177.612 0.0 C 58 
   86 0.81 0.0 HD21 10 
   216 4.037 0.0 HA 21 
   1048 34.491 0.0 CB 86 
   637 125.064 0.0 N 52 
   723 6.914 0.0 HE2 60 
   135 4.394 0.0 HA 15 
   669 1.046 0.0 HB3 56 
   1049 33.733 0.0 CG 86 
   687 0.068 0.0 HB3 57 
   1236 59.169 0.0 CA 102 
   1152 1.717 0.0 HG 94 
   803 1.287 0.0 HG 67 
   794 4.296 0.0 HA 67 
   470 7.257 0.0 HD2 41 
   140 63.455 0.0 CB 15 
   665 116.732 0.0 N 55 
   202 0.832 0.0 HD12 20 
   3 1.935 0.0 HB3 3 
   323 57.62 0.0 CA 29 
   625 9.528 0.0 H 52 
   381 26.709 0.0 CG 33 
   1206 3.902 0.0 HA2 99 
   741 1.112 0.0 HB2 62 
   195 32.102 0.0 CG 19 
   659 4.94 0.0 HA 55 
   1020 0.647 0.0 HD23 84 
   1187 28.806 0.0 CB 97 
   321 3.555 0.0 HB3 29 
   320 3.731 0.0 HB2 29 
   987 127.489 0.0 CZ 81 
   1237 32.751 0.0 CB 102 
   915 109.752 0.0 N 76 
   1226 3.979 0.0 HA 102 
   759 1.816 0.0 HB3 64 
   190 2.638 0.0 HG3 19 
   220 2.502 0.0 HG2 21 
   458 0.737 0.0 HG23 40 
   513 54.59 0.0 CA 43 
   910 8.418 0.0 H 76 
   155 122.38 0.0 N 16 
   211 25.394 0.0 CD1 20 
   764 179.483 0.0 C 64 
   1157 23.025 0.0 CD2 94 
   948 0.488 0.0 HG23 79 
   906 175.703 0.0 C 75 
   68 8.245 0.0 H 9 
   1256 118.379 0.0 CE3 103 
   120 1.401 0.0 HB2 13 
   900 50.653 0.0 CD 74 
   336 60.933 0.0 CA 30 
   482 128.169 0.0 N 41 
   1024 42.208 0.0 CB 84 
   1115 28.558 0.0 CG1 91 
   570 36.376 0.0 CG 48 
   180 36.33 0.0 CG 18 
   531 2.661 0.0 HB3 45 
   313 56.669 0.0 CA 28 
   692 28.159 0.0 CB 57 
   35 62.128 0.0 CA 5 
   1027 26.393 0.0 CG 84 
   757 3.427 0.0 HA 64 
   1053 2.584 0.0 HB2 87 
   1135 174.204 0.0 C 93 
   292 0.75 0.0 HD11 27 
   1129 -0.102 0.0 HD12 93 
   293 0.75 0.0 HD12 27 
   387 61.518 0.0 CA 34 
   1251 6.685 0.0 HZ3 103 
   394 2.204 0.0 HG3 35 
   797 -0.04 0.0 HD11 67 
   1169 36.454 0.0 CG 95 
   727 133.724 0.0 CD1 60 
   566 1.94 0.0 HG3 48 
   964 55.493 0.0 CA 80 
   54 53.151 0.0 CA 7 
   223 57.396 0.0 CA 21 
   1063 0.724 0.0 HG12 88 
   737 118.169 0.0 N 61 
   39 121.499 0.0 N 5 
   714 19.939 0.0 CG2 59 
   1107 0.614 0.0 HG13 91 
   1090 0.902 0.0 HD22 90 
   1218 4.02 0.0 HA 101 
   973 3.113 0.0 HB2 81 
   484 4.729 0.0 HA 42 
   766 31.923 0.0 CB 64 
   1150 0.839 0.0 HD22 94 
   170 119.345 0.0 N 17 
   50 1.354 0.0 HB1 7 
   843 0.613 0.0 HG13 70 
   280 1.162 0.0 HG21 26 
   393 2.263 0.0 HG2 35 
   27 2.016 0.0 HB 5 
   666 7.22 0.0 H 56 
   230 1.794 0.0 HB2 22 
   83 0.86 0.0 HD11 10 
   898 65.658 0.0 CA 74 
   265 132.98 0.0 CD2 24 
   569 32.524 0.0 CB 48 
   559 27.613 0.0 CG 47 
   1047 54.406 0.0 CA 86 
   192 57.55 0.0 CA 19 
   1054 2.509 0.0 HB3 87 
   178 58.414 0.0 CA 18 
   724 178.019 0.0 C 60 
   577 0.712 0.0 HD12 49 
   1280 1.426 0.0 HB2 105 
   1044 2.428 0.0 HG2 86 
   971 8.68 0.0 H 81 
   877 61.763 0.0 CA 72 
   1029 7.848 0.0 H 85 
   509 0.797 0.0 HD22 43 
   111 1.37 0.0 HB2 12 
   1059 9.051 0.0 H 88 
   841 0.635 0.0 HD13 70 
   9 176.016 0.0 C 3 
   638 4.146 0.0 HA 53 
   480 130.657 0.0 CE2 41 
   635 43.598 0.0 CD 52 
   621 131.675 0.0 CE1 51 
   452 1.871 0.0 HB 40 
   1166 176.559 0.0 C 95 
   463 21.935 0.0 CG2 40 
   1269 2.941 0.0 HG2 104 
   67 112.954 0.0 ND2 8 
   1181 3.087 0.0 HD2 97 
   1220 1.459 0.0 HB2 101 
   1130 -0.102 0.0 HD13 93 
   467 3.304 0.0 HB2 41 
   507 0.893 0.0 HD13 43 
   1128 -0.102 0.0 HD11 93 
   521 1.364 0.0 HB1 44 
   828 1.967 0.0 HB3 69 
   249 57.172 0.0 CA 23 
   529 4.564 0.0 HA 45 
   319 4.528 0.0 HA 29 
   1308 4.342 0.0 HA 108 
   738 8.104 0.0 H 62 
   440 0.365 0.0 HG21 39 
   750 1.15 0.0 HG21 63 
   585 44.054 0.0 CB 49 
   1064 0.724 0.0 HG13 88 
   953 22.452 0.0 CG2 79 
   731 124.377 0.0 N 60 
   315 43.794 0.0 CD 28 
   1132 0.068 0.0 HD22 93 
   1301 6.147 0.0 HD2 107 
   579 0.789 0.0 HD21 49 
   600 175.125 0.0 C 50 
   1095 42.674 0.0 CB 90 
   608 4.974 0.0 HA 51 
   1038 37.004 0.0 CG 85 
   1212 4.419 0.0 HA 100 
   710 -0.209 0.0 HG23 59 
   127 4.342 0.0 HA 14 
   811 7.214 0.0 H 68 
   340 122.775 0.0 N 30 
   719 2.799 0.0 HB3 60 
   994 2.169 0.0 HG3 82 
   655 55.185 0.0 CA 54 
   1010 115.091 0.0 N 83 
   473 6.866 0.0 HZ 41 
   47 119.949 0.0 N 6 
   272 3.847 0.0 HB3 25 
   137 3.912 0.0 HB3 15 
   597 2.649 0.0 HE3 50 
   1136 58.032 0.0 CA 93 
   744 52.177 0.0 CA 62 
   445 39.072 0.0 CB 39 
   821 31.556 0.0 CB 68 
   1223 56.234 0.0 CA 101 
   514 42.395 0.0 CB 43 
   557 30.762 0.0 CB 47 
   1304 26.649 0.0 CB 107 
   1186 55.877 0.0 CA 97 
   1235 177.978 0.0 C 102 
   250 30.144 0.0 CB 23 
   29 0.883 0.0 HG12 5 
   556 57.292 0.0 CA 47 
   53 178.059 0.0 C 7 
   799 -0.04 0.0 HD13 67 
   290 1.67 0.0 HB2 27 
   148 1.556 0.0 HG2 16 
   488 0.685 0.0 HD13 42 
   377 1.378 0.0 HG3 33 
   568 54.347 0.0 CA 48 
   78 121.267 0.0 N 9 
   810 117.57 0.0 N 67 
   881 17.673 0.0 CG2 72 
   848 60.153 0.0 CA 70 
   1225 8.543 0.0 H 102 
   1022 175.527 0.0 C 84 
   824 116.991 0.0 N 68 
   560 121.275 0.0 N 47 
   1197 1.615 0.0 HG2 98 
   519 9.087 0.0 H 44 
