   882 129.755 0.0 N 72 
   1077 3.766 0.0 HB3 89 
   373 1.546 0.0 HB3 33 
   1105 0.62 0.0 HD13 91 
   643 2.087 0.0 HG2 53 
   535 52.068 0.0 CA 45 
   245 1.795 0.0 HB3 23 
   1260 121.319 0.0 N 103 
   1029 7.848 0.0 H 85 
   998 35.923 0.0 CG 82 
   841 0.635 0.0 HD13 70 
   739 4.298 0.0 HA 62 
   1178 4.322 0.0 HA 97 
   1008 68.085 0.0 CB 83 
   983 131.99 0.0 CD1 81 
   135 4.394 0.0 HA 15 
   885 4.148 0.0 HB2 73 
   590 8.188 0.0 H 50 
   272 3.847 0.0 HB3 25 
   139 59.384 0.0 CA 15 
   508 0.797 0.0 HD21 43 
   184 2.117 0.0 HB2 19 
   115 18.829 0.0 CB 12 
   287 104.093 0.0 N 26 
   476 39.031 0.0 CB 41 
   403 1.619 0.0 HB3 36 
   878 38.256 0.0 CB 72 
   167 31.857 0.0 CB 17 
   78 121.267 0.0 N 9 
   1200 56.621 0.0 CA 98 
   1107 0.614 0.0 HG13 91 
   1280 1.426 0.0 HB2 105 
   1079 56.08 0.0 CA 89 
   609 3.28 0.0 HB2 51 
   658 8.201 0.0 H 55 
   924 0.824 0.0 HD22 77 
   723 6.914 0.0 HE2 60 
   382 130.005 0.0 N 33 
   1223 56.234 0.0 CA 101 
   1191 7.999 0.0 H 98 
   77 36.292 0.0 CG 9 
   655 55.185 0.0 CA 54 
   192 57.55 0.0 CA 19 
   861 54.724 0.0 CA 71 
   802 0.36 0.0 HD23 67 
   1335 24.143 0.0 CD2 109 
   635 43.598 0.0 CD 52 
   1028 116.818 0.0 N 84 
   235 1.535 0.0 HG3 22 
   150 177.474 0.0 C 16 
   925 0.824 0.0 HD23 77 
   1353 121.137 0.0 N 111 
   95 26.946 0.0 CG 10 
   1015 0.451 0.0 HD11 84 
   1333 42.849 0.0 CB 109 
   1150 0.839 0.0 HD22 94 
   33 0.884 0.0 HG23 5 
   1271 178.325 0.0 C 104 
   1074 8.503 0.0 H 89 
   976 6.984 0.0 HD2 81 
   1236 59.169 0.0 CA 102 
   419 1.757 0.0 HB 38 
   133 114.553 0.0 N 14 
   721 7.329 0.0 HD2 60 
   20 176.331 0.0 C 4 
   536 37.016 0.0 CB 45 
   471 7.087 0.0 HE1 41 
   506 0.893 0.0 HD12 43 
   1350 3.803 0.0 HB3 111 
   248 176.858 0.0 C 23 
   376 1.44 0.0 HG2 33 
   837 4.508 0.0 HA 70 
   428 35.509 0.0 CB 38 
   425 0.574 0.0 HG23 38 
   211 25.394 0.0 CD1 20 
   438 1.863 0.0 HG12 39 
   893 3.803 0.0 HD2 74 
   832 55.752 0.0 CA 69 
   24 122.855 0.0 N 4 
   587 23.991 0.0 CD2 49 
   440 0.365 0.0 HG21 39 
   119 1.401 0.0 HB1 13 
   1113 37.084 0.0 CB 91 
   292 0.75 0.0 HD11 27 
   847 174.815 0.0 C 70 
   1272 60.65 0.0 CA 104 
   273 172.134 0.0 C 25 
   179 29.811 0.0 CB 18 
   728 133.724 0.0 CD2 60 
   327 4.941 0.0 HA 30 
   569 32.524 0.0 CB 48 
   62 7.585 0.0 HD22 8 
   27 2.016 0.0 HB 5 
   79 8.06 0.0 H 10 
   639 2.014 0.0 HB2 53 
   23 36.128 0.0 CG 4 
   41 4.402 0.0 HA 6 
   843 0.613 0.0 HG13 70 
   360 6.319 0.0 HE1 32 
   1142 8.317 0.0 H 94 
   267 118.071 0.0 CE2 24 
   570 36.376 0.0 CG 48 
   472 7.087 0.0 HE2 41 
   857 2.042 0.0 HB3 71 
   259 6.701 0.0 HE1 24 
   1095 42.674 0.0 CB 90 
   1255 127.212 0.0 CD1 103 
   30 0.883 0.0 HG13 5 
   421 0.713 0.0 HG12 38 
   1276 117.096 0.0 N 104 
   766 31.923 0.0 CB 64 
   920 0.842 0.0 HD11 77 
   900 50.653 0.0 CD 74 
   856 2.042 0.0 HB2 71 
   241 119.729 0.0 N 22 
   969 117.499 0.0 CE2 80 
   1233 1.398 0.0 HG2 102 
   1314 1.807 0.0 HG3 108 
   640 2.014 0.0 HB3 53 
   420 0.713 0.0 HG11 38 
   931 23.53 0.0 CD2 77 
   686 1.24 0.0 HB2 57 
   834 35.395 0.0 CG 69 
   58 4.571 0.0 HA 8 
   1176 107.323 0.0 N 96 
   64 53.841 0.0 CA 8 
   825 7.852 0.0 H 69 
   138 175.478 0.0 C 15 
   1091 0.902 0.0 HD23 90 
   699 0.928 0.0 HB2 58 
   243 4.083 0.0 HA 23 
   1165 2.274 0.0 HG3 95 
   1125 3.727 0.0 HA 93 
   193 32.162 0.0 CB 19 
   401 4.289 0.0 HA 36 
   1193 1.534 0.0 HB2 98 
   1347 7.888 0.0 H 111 
   1062 0.724 0.0 HG11 88 
   1147 0.88 0.0 HD12 94 
   981 57.116 0.0 CA 81 
   149 1.556 0.0 HG3 16 
   986 130.512 0.0 CE2 81 
   1137 41.703 0.0 CB 93 
   1039 114.551 0.0 N 85 
   353 111.73 0.0 NE2 31 
   622 131.675 0.0 CE2 51 
   206 0.854 0.0 HD23 20 
   944 0.692 0.0 HG12 79 
   182 7.963 0.0 H 19 
   534 175.729 0.0 C 45 
   21 56.669 0.0 CA 4 
   880 28.809 0.0 CG1 72 
   1199 175.018 0.0 C 98 
   1218 4.02 0.0 HA 101 
   340 122.775 0.0 N 30 
   695 109.665 0.0 NE2 57 
   1211 8.646 0.0 H 100 
   652 2.966 0.0 HB2 54 
   224 28.59 0.0 CB 21 
   730 118.264 0.0 CE2 60 
   3 1.935 0.0 HB3 3 
   776 59.383 0.0 CA 65 
   85 0.86 0.0 HD13 10 
   1324 1.06 0.0 HD11 109 
   737 118.169 0.0 N 61 
   255 2.895 0.0 HB2 24 
   1269 2.941 0.0 HG2 104 
   886 3.722 0.0 HB3 73 
   748 4.522 0.0 HA 63 
   491 0.921 0.0 HG21 42 
   185 2.046 0.0 HB3 19 
   665 116.732 0.0 N 55 
   632 1.861 0.0 HG3 52 
   1301 6.147 0.0 HD2 107 
   1195 3.779 0.0 HD2 98 
   316 26.623 0.0 CG 28 
   521 1.364 0.0 HB1 44 
   322 171.729 0.0 C 29 
   907 58.685 0.0 CA 75 
   109 4.201 0.0 HA 12 
   888 62.669 0.0 CB 73 
   1270 2.214 0.0 HG3 104 
   306 1.556 0.0 HB2 28 
   169 32.011 0.0 CG 17 
   408 32.757 0.0 CB 36 
   333 0.674 0.0 HG22 30 
   829 2.202 0.0 HG2 69 
   674 0.1 0.0 HD22 56 
   828 1.967 0.0 HB3 69 
   1129 -0.102 0.0 HD12 93 
   1002 4.209 0.0 HB 83 
   323 57.62 0.0 CA 29 
   1206 3.902 0.0 HA2 99 
   61 6.882 0.0 HD21 8 
   418 4.915 0.0 HA 38 
   448 19.58 0.0 CG2 39 
   212 23.311 0.0 CD2 20 
   1141 120.762 0.0 N 93 
   813 1.901 0.0 HB2 68 
   54 53.151 0.0 CA 7 
   351 33.242 0.0 CG 31 
   633 55.616 0.0 CA 52 
   505 0.893 0.0 HD11 43 
   422 0.713 0.0 HG13 38 
   623 129.351 0.0 CZ 51 
   873 1.167 0.0 HG21 72 
   646 65.032 0.0 CA 53 
   862 32.946 0.0 CB 71 
   1189 27.707 0.0 CG 97 
   995 178.206 0.0 C 82 
   174 2.003 0.0 HB3 18 
   31 0.884 0.0 HG21 5 
   1168 29.663 0.0 CB 95 
   1099 129.702 0.0 N 90 
   1138 24.399 0.0 CD1 93 
   667 4.636 0.0 HA 56 
   313 56.669 0.0 CA 28 
   710 -0.209 0.0 HG23 59 
   298 175.89 0.0 C 27 
   1067 0.83 0.0 HG23 88 
   706 3.734 0.0 HA 59 
   487 0.685 0.0 HD12 42 
   515 25.078 0.0 CD1 43 
   1012 4.131 0.0 HA 84 
   231 1.794 0.0 HB3 22 
   1250 6.476 0.0 HZ2 103 
   278 4.43 0.0 HA 26 
   961 6.559 0.0 HE1 80 
   221 2.215 0.0 HG3 21 
   1035 175.01 0.0 C 85 
   1066 0.83 0.0 HG22 88 
   502 5.108 0.0 HA 43 
   715 99.63 0.0 N 59 
   1287 3.906 0.0 HA 106 
   625 9.528 0.0 H 52 
   380 43.753 0.0 CD 33 
   470 7.257 0.0 HD2 41 
   953 22.452 0.0 CG2 79 
   338 20.464 0.0 CG1 30 
   1259 121.776 0.0 CZ3 103 
   744 52.177 0.0 CA 62 
   113 178.397 0.0 C 12 
   29 0.883 0.0 HG12 5 
   301 26.22 0.0 CD1 27 
   1241 119.022 0.0 N 102 
   562 5.281 0.0 HA 48 
   563 1.791 0.0 HB2 48 
   365 133.168 0.0 CD1 32 
   1308 4.342 0.0 HA 108 
   134 8.205 0.0 H 15 
   304 9.619 0.0 H 28 
   1127 1.079 0.0 HB3 93 
   760 3.713 0.0 HD2 64 
   57 8.312 0.0 H 8 
   918 1.608 0.0 HB2 77 
   1208 171.528 0.0 C 99 
   966 133.192 0.0 CD1 80 
   105 29.983 0.0 CB 11 
   501 9.031 0.0 H 43 
   89 1.587 0.0 HG 10 
   189 2.505 0.0 HG2 19 
   1340 1.398 0.0 HB1 110 
   1315 176.899 0.0 C 108 
   1047 54.406 0.0 CA 86 
   197 8.034 0.0 H 20 
   1299 2.411 0.0 HB2 107 
   988 126.963 0.0 N 81 
   357 2.697 0.0 HB3 32 
   1161 4.384 0.0 HA 95 
   1088 0.758 0.0 HD13 90 
   1292 174.911 0.0 C 106 
   993 2.169 0.0 HG2 82 
   1056 52.907 0.0 CA 87 
   406 176.435 0.0 C 36 
   914 45.558 0.0 CA 76 
   444 61.503 0.0 CA 39 
   891 2.382 0.0 HB2 74 
   1203 29.125 0.0 CG 98 
   1010 115.091 0.0 N 83 
   790 34.742 0.0 CG 66 
   35 62.128 0.0 CA 5 
   1148 0.88 0.0 HD13 94 
   903 4.211 0.0 HA 75 
   176 2.198 0.0 HG3 18 
   1034 2.094 0.0 HG3 85 
   753 58.845 0.0 CA 63 
   18 2.199 0.0 HG2 4 
   37 21.185 0.0 CG1 5 
   390 4.039 0.0 HA 35 
   381 26.709 0.0 CG 33 
   717 4.115 0.0 HA 60 
   532 6.441 0.0 HD21 45 
   142 8.148 0.0 H 16 
   467 3.304 0.0 HB2 41 
   1342 1.398 0.0 HB3 110 
   853 125.545 0.0 N 70 
   664 42.87 0.0 CB 55 
   782 2.243 0.0 HB2 66 
   281 1.162 0.0 HG22 26 
   215 8.157 0.0 H 21 
   345 7.418 0.0 HE21 31 
   290 1.67 0.0 HB2 27 
   780 7.728 0.0 H 66 
   833 28.69 0.0 CB 69 
   147 3.165 0.0 HD3 16 
   1337 122.868 0.0 N 109 
   1135 174.204 0.0 C 93 
   1092 1.466 0.0 HG 90 
   549 1.794 0.0 HB2 47 
   1188 43.281 0.0 CD 97 
   531 2.661 0.0 HB3 45 
   566 1.94 0.0 HG3 48 
   393 2.263 0.0 HG2 35 
   162 2.001 0.0 HE3 17 
   372 1.712 0.0 HB2 33 
   320 3.731 0.0 HB2 29 
   143 4.203 0.0 HA 16 
   161 2.001 0.0 HE2 17 
   684 7.214 0.0 H 57 
   1001 3.987 0.0 HA 83 
   1253 62.775 0.0 CA 103 
   1102 1.437 0.0 HB 91 
   795 1.403 0.0 HB2 67 
   1133 0.068 0.0 HD23 93 
   582 1.602 0.0 HG 49 
   576 0.712 0.0 HD11 49 
   1152 1.717 0.0 HG 94 
   840 0.635 0.0 HD12 70 
   75 57.507 0.0 CA 9 
   905 3.917 0.0 HB3 75 
   172 4.121 0.0 HA 18 
   106 36.09 0.0 CG 11 
   205 0.854 0.0 HD22 20 
   229 4.086 0.0 HA 22 
   596 2.85 0.0 HE2 50 
   647 30.867 0.0 CB 53 
   1207 3.902 0.0 HA3 99 
   1220 1.459 0.0 HB2 101 
   317 123.653 0.0 N 28 
   386 176.483 0.0 C 34 
   507 0.893 0.0 HD13 43 
   1244 3.125 0.0 HB2 103 
   929 42.125 0.0 CB 77 
   483 9.051 0.0 H 42 
   876 175.825 0.0 C 72 
   1157 23.025 0.0 CD2 94 
   868 0.687 0.0 HD11 72 
   141 117.597 0.0 N 15 
   860 175.775 0.0 C 71 
   1101 3.198 0.0 HA 91 
   374 3.051 0.0 HD2 33 
   588 27.673 0.0 CG 49 
   464 126.626 0.0 N 40 
   240 27.348 0.0 CG 22 
   519 9.087 0.0 H 44 
   801 0.36 0.0 HD22 67 
   1166 176.559 0.0 C 95 
   1294 30.476 0.0 CB 106 
   362 174.519 0.0 C 32 
   341 8.341 0.0 H 31 
   165 177.442 0.0 C 17 
   1058 121.904 0.0 N 87 
   1011 6.473 0.0 H 84 
   548 4.133 0.0 HA 47 
   765 65.999 0.0 CA 64 
   543 175.512 0.0 C 46 
   1073 121.549 0.0 N 88 
   258 7.074 0.0 HD2 24 
   495 61.316 0.0 CA 42 
   132 63.477 0.0 CB 14 
   410 115.94 0.0 N 36 
   830 2.202 0.0 HG3 69 
   1225 8.543 0.0 H 102 
   1300 1.173 0.0 HB3 107 
   511 1.668 0.0 HG 43 
   575 1.555 0.0 HB3 49 
   1238 29.357 0.0 CD 102 
   959 6.868 0.0 HD1 80 
   1213 4.108 0.0 HB2 100 
   666 7.22 0.0 H 56 
   750 1.15 0.0 HG21 63 
   328 1.586 0.0 HB 30 
   610 2.552 0.0 HB3 51 
   280 1.162 0.0 HG21 26 
   66 116.954 0.0 N 8 
   911 4.276 0.0 HA2 76 
   1198 1.141 0.0 HG3 98 
   761 3.801 0.0 HD3 64 
   512 178.81 0.0 C 43 
   967 133.192 0.0 CD2 80 
   136 3.912 0.0 HB2 15 
   1134 1.465 0.0 HG 93 
   835 118.394 0.0 N 69 
   595 1.556 0.0 HD3 50 
   449 122.144 0.0 N 39 
   1217 116.809 0.0 N 100 
   735 174.325 0.0 C 61 
   945 0.692 0.0 HG13 79 
   274 58.413 0.0 CA 25 
   474 174.17 0.0 C 41 
   602 35.539 0.0 CB 50 
   742 1.112 0.0 HB3 62 
   1275 32.912 0.0 CG 104 
   899 31.733 0.0 CB 74 
   990 3.582 0.0 HA 82 
   736 45.0 0.0 CA 61 
   285 72.209 0.0 CB 26 
   950 59.293 0.0 CA 79 
   389 9.379 0.0 H 35 
   1266 2.298 0.0 HE1 104 
   265 132.98 0.0 CD2 24 
   1024 42.208 0.0 CB 84 
   612 7.186 0.0 HD2 51 
   71 1.998 0.0 HB3 9 
   253 8.087 0.0 H 24 
   1106 1.169 0.0 HG12 91 
   616 176.043 0.0 C 51 
   91 56.126 0.0 CA 10 
   247 1.908 0.0 HG3 23 
   1114 13.047 0.0 CD1 91 
   385 3.839 0.0 HB3 34 
   1068 174.389 0.0 C 88 
   1245 3.08 0.0 HB3 103 
   1246 7.018 0.0 HD1 103 
   32 0.884 0.0 HG22 5 
   773 2.328 0.0 HG2 65 
   754 67.952 0.0 CB 63 
   518 128.415 0.0 N 43 
   350 32.865 0.0 CB 31 
   190 2.638 0.0 HG3 19 
   462 21.236 0.0 CG1 40 
   1143 4.015 0.0 HA 94 
   1339 4.335 0.0 HA 110 
   1158 26.897 0.0 CG 94 
   670 0.563 0.0 HD11 56 
   740 1.112 0.0 HB1 62 
   412 3.965 0.0 HA2 37 
   952 21.455 0.0 CG1 79 
   1164 2.524 0.0 HG2 95 
   1298 4.435 0.0 HA 107 
   865 9.013 0.0 H 72 
   604 41.911 0.0 CE 50 
   482 128.169 0.0 N 41 
   520 3.968 0.0 HA 44 
   463 21.935 0.0 CG2 40 
   297 0.897 0.0 HD23 27 
   7 2.532 0.0 HG2 3 
   1351 59.865 0.0 CA 111 
   852 18.6 0.0 CG2 70 
   844 0.118 0.0 HG21 70 
   254 4.315 0.0 HA 24 
   881 17.673 0.0 CG2 72 
   394 2.204 0.0 HG3 35 
   516 24.929 0.0 CD2 43 
   126 8.165 0.0 H 14 
   1231 2.947 0.0 HE2 102 
   917 4.552 0.0 HA 77 
   1170 117.117 0.0 N 95 
   1014 1.467 0.0 HB3 84 
   530 3.252 0.0 HB2 45 
   581 0.789 0.0 HD23 49 
   872 0.696 0.0 HG13 72 
   437 0.827 0.0 HD13 39 
   1119 3.827 0.0 HA2 92 
   435 0.827 0.0 HD11 39 
   855 4.692 0.0 HA 71 
   414 174.303 0.0 C 37 
   326 8.245 0.0 H 30 
   1171 7.722 0.0 H 96 
   1038 37.004 0.0 CG 85 
   1251 6.685 0.0 HZ3 103 
   681 23.002 0.0 CD2 56 
   1282 179.136 0.0 C 105 
   201 0.832 0.0 HD11 20 
   615 7.149 0.0 HZ 51 
   426 173.629 0.0 C 38 
   943 0.692 0.0 HG11 79 
   1097 26.006 0.0 CD2 90 
   850 14.445 0.0 CD1 70 
   921 0.842 0.0 HD12 77 
   383 3.616 0.0 HA 34 
   1060 4.191 0.0 HA 88 
   120 1.401 0.0 HB2 13 
   465 9.605 0.0 H 41 
   866 4.208 0.0 HA 72 
   935 4.601 0.0 HA2 78 
   493 0.921 0.0 HG23 42 
   1219 1.459 0.0 HB1 101 
   1249 6.678 0.0 HH2 103 
   1018 0.647 0.0 HD21 84 
   1051 8.63 0.0 H 87 
   1017 0.451 0.0 HD13 84 
   364 38.922 0.0 CB 32 
   1026 22.07 0.0 CD2 84 
   370 8.36 0.0 H 33 
   499 17.509 0.0 CG2 42 
   366 133.168 0.0 CD2 32 
   332 0.674 0.0 HG21 30 
   942 1.744 0.0 HB 79 
   585 44.054 0.0 CB 49 
   348 174.131 0.0 C 31 
   1083 3.798 0.0 HA 90 
   450 8.934 0.0 H 40 
   76 29.741 0.0 CB 9 
   726 37.813 0.0 CB 60 
   884 4.521 0.0 HA 73 
   932 26.477 0.0 CG 77 
   948 0.488 0.0 HG23 79 
   956 5.161 0.0 HA 80 
   718 3.132 0.0 HB2 60 
   1202 43.141 0.0 CD 98 
   1318 50.22 0.0 CD 108 
   645 178.611 0.0 C 53 
   1040 6.636 0.0 H 86 
   1328 1.014 0.0 HD22 109 
   479 130.657 0.0 CE1 41 
   1177 8.717 0.0 H 97 
   216 4.037 0.0 HA 21 
   720 7.329 0.0 HD1 60 
   1016 0.451 0.0 HD12 84 
   1115 28.558 0.0 CG1 91 
   771 1.946 0.0 HB2 65 
   704 116.752 0.0 N 58 
   459 174.702 0.0 C 40 
   310 1.564 0.0 HG2 28 
   607 8.847 0.0 H 51 
   1103 0.62 0.0 HD11 91 
   1122 47.672 0.0 CA 92 
   870 0.687 0.0 HD13 72 
   52 1.354 0.0 HB3 7 
   230 1.794 0.0 HB2 22 
   277 7.753 0.0 H 26 
   477 132.608 0.0 CD1 41 
   559 27.613 0.0 CG 47 
   1108 0.555 0.0 HG21 91 
   494 176.006 0.0 C 42 
   522 1.364 0.0 HB2 44 
   1210 105.916 0.0 N 99 
   1256 118.379 0.0 CE3 103 
   1154 57.332 0.0 CA 94 
   460 61.243 0.0 CA 40 
   1069 61.447 0.0 CA 88 
   800 0.36 0.0 HD21 67 
   1053 2.584 0.0 HB2 87 
   1140 25.6 0.0 CG 93 
   145 1.84 0.0 HB3 16 
   896 2.031 0.0 HG3 74 
   358 6.794 0.0 HD1 32 
   630 3.332 0.0 HD3 52 
   1131 0.068 0.0 HD21 93 
   1317 32.352 0.0 CB 108 
   1348 4.214 0.0 HA 111 
   498 28.39 0.0 CG1 42 
   962 6.559 0.0 HE2 80 
   103 177.123 0.0 C 11 
   1252 181.021 0.0 C 103 
   1156 26.8 0.0 CD1 94 
   402 2.002 0.0 HB2 36 
   1281 1.426 0.0 HB3 105 
   593 1.33 0.0 HB3 50 
   731 124.377 0.0 N 60 
   965 41.026 0.0 CB 80 
   68 8.245 0.0 H 9 
   164 2.52 0.0 HG3 17 
   1080 64.469 0.0 CB 89 
   5 2.037 0.0 HE2 3 
   553 1.653 0.0 HG2 47 
   524 176.981 0.0 C 44 
   1229 1.65 0.0 HD2 102 
   1031 2.094 0.0 HB2 85 
   678 52.687 0.0 CA 56 
   378 54.137 0.0 CA 33 
   661 3.034 0.0 HB3 55 
   10 55.604 0.0 CA 3 
   687 0.068 0.0 HB3 57 
   497 13.076 0.0 CD1 42 
   1297 7.064 0.0 H 107 
   87 0.81 0.0 HD22 10 
   94 23.445 0.0 CD2 10 
   59 2.776 0.0 HB2 8 
   305 4.445 0.0 HA 28 
   724 178.019 0.0 C 60 
   908 64.358 0.0 CB 75 
   359 6.794 0.0 HD2 32 
   1149 0.839 0.0 HD21 94 
   1304 26.649 0.0 CB 107 
   839 0.635 0.0 HD11 70 
   926 1.474 0.0 HG 77 
   123 53.303 0.0 CA 13 
   619 131.545 0.0 CD1 51 
   453 0.769 0.0 HG11 40 
   957 2.892 0.0 HB2 80 
   1032 2.265 0.0 HB3 85 
   1050 114.682 0.0 N 86 
   909 109.127 0.0 N 75 
   758 2.241 0.0 HB2 64 
   941 4.752 0.0 HA 79 
   19 2.199 0.0 HG3 4 
   14 8.628 0.0 H 4 
   1086 0.758 0.0 HD11 90 
   424 0.574 0.0 HG22 38 
   454 0.769 0.0 HG12 40 
   541 3.176 0.0 HB2 46 
   481 128.301 0.0 CZ 41 
   673 0.1 0.0 HD21 56 
   1247 9.086 0.0 HE1 103 
   1209 45.495 0.0 CA 99 
   1182 3.087 0.0 HD3 97 
   156 8.14 0.0 H 17 
   1036 57.064 0.0 CA 85 
   391 1.95 0.0 HB2 35 
   73 2.204 0.0 HG3 9 
   974 2.775 0.0 HB3 81 
   523 1.364 0.0 HB3 44 
   8 2.492 0.0 HG3 3 
   1084 1.612 0.0 HB2 90 
   528 7.355 0.0 H 45 
   1184 1.434 0.0 HG3 97 
   447 29.191 0.0 CG1 39 
   1065 0.83 0.0 HG21 88 
   1045 2.116 0.0 HG3 86 
   413 3.768 0.0 HA3 37 
   904 3.917 0.0 HB2 75 
   858 2.203 0.0 HG2 71 
   1326 1.06 0.0 HD13 109 
   708 -0.209 0.0 HG21 59 
   696 8.306 0.0 H 58 
   1267 2.298 0.0 HE2 104 
   651 4.702 0.0 HA 54 
   538 106.735 0.0 ND2 45 
   545 39.065 0.0 CB 46 
   526 17.978 0.0 CB 44 
   223 57.396 0.0 CA 21 
   296 0.897 0.0 HD22 27 
   1 4.425 0.0 HA 3 
   1226 3.979 0.0 HA 102 
   312 176.07 0.0 C 28 
   626 4.903 0.0 HA 52 
   937 170.501 0.0 C 78 
   679 42.559 0.0 CB 56 
   700 0.928 0.0 HB3 58 
   200 1.476 0.0 HB3 20 
   293 0.75 0.0 HD12 27 
   81 1.659 0.0 HB2 10 
   38 20.453 0.0 CG2 5 
   137 3.912 0.0 HB3 15 
   561 8.308 0.0 H 48 
   500 123.192 0.0 N 42 
   722 6.914 0.0 HE1 60 
   1124 7.615 0.0 H 93 
   794 4.296 0.0 HA 67 
   252 119.302 0.0 N 23 
   121 1.401 0.0 HB3 13 
   759 1.816 0.0 HB3 64 
   1075 4.745 0.0 HA 89 
   527 122.697 0.0 N 44 
   237 57.61 0.0 CA 22 
   160 2.001 0.0 HE1 17 
   982 38.413 0.0 CB 81 
   743 177.761 0.0 C 62 
   13 31.901 0.0 CG 3 
   1352 64.896 0.0 CB 111 
   1305 119.178 0.0 CD2 107 
   568 54.347 0.0 CA 48 
   1006 175.706 0.0 C 83 
   1212 4.419 0.0 HA 100 
   649 28.552 0.0 CG 53 
   26 4.098 0.0 HA 5 
   90 178.235 0.0 C 10 
   485 1.815 0.0 HB 42 
   279 4.215 0.0 HB 26 
   1204 125.256 0.0 N 98 
   745 20.267 0.0 CB 62 
   762 2.185 0.0 HG2 64 
   451 4.77 0.0 HA 40 
   177 176.883 0.0 C 18 
   443 174.355 0.0 C 39 
   1019 0.647 0.0 HD22 84 
   820 58.094 0.0 CA 68 
   951 34.536 0.0 CB 79 
   901 27.83 0.0 CG 74 
   377 1.378 0.0 HG3 33 
   124 18.835 0.0 CB 13 
   555 174.209 0.0 C 47 
   589 125.107 0.0 N 49 
   16 1.968 0.0 HB2 4 
   1094 57.642 0.0 CA 90 
   315 43.794 0.0 CD 28 
   1194 2.763 0.0 HB3 98 
   662 175.935 0.0 C 55 
   1013 1.467 0.0 HB2 84 
   707 3.962 0.0 HB 59 
   262 58.621 0.0 CA 24 
   1215 58.114 0.0 CA 100 
   220 2.502 0.0 HG2 21 
   1071 21.209 0.0 CG1 88 
   225 33.973 0.0 CG 21 
   1111 177.553 0.0 C 91 
   55 19.004 0.0 CB 7 
   792 110.754 0.0 NE2 66 
   1268 2.298 0.0 HE3 104 
   1093 177.109 0.0 C 90 
   234 1.658 0.0 HG2 22 
   416 108.087 0.0 N 37 
   284 59.488 0.0 CA 26 
   887 57.766 0.0 CA 73 
   928 54.378 0.0 CA 77 
   1227 1.826 0.0 HB2 102 
   1130 -0.102 0.0 HD13 93 
   787 175.329 0.0 C 66 
   356 2.875 0.0 HB2 32 
   110 1.37 0.0 HB1 12 
   1205 7.684 0.0 H 99 
   788 57.206 0.0 CA 66 
   1055 175.722 0.0 C 87 
   546 111.628 0.0 N 46 
   854 8.778 0.0 H 71 
   1089 0.902 0.0 HD21 90 
   475 56.064 0.0 CA 41 
   1222 181.335 0.0 C 101 
   455 0.769 0.0 HG13 40 
   40 8.389 0.0 H 6 
   808 23.38 0.0 CD2 67 
   890 4.309 0.0 HA 74 
   1334 24.954 0.0 CD1 109 
   299 56.06 0.0 CA 27 
   603 29.631 0.0 CD 50 
   657 111.513 0.0 N 54 
   1279 1.426 0.0 HB1 105 
   178 58.414 0.0 CA 18 
   1173 3.752 0.0 HA3 96 
   864 126.24 0.0 N 71 
   1341 1.398 0.0 HB2 110 
   294 0.75 0.0 HD13 27 
   355 4.887 0.0 HA 32 
   478 132.608 0.0 CD2 41 
   1117 116.561 0.0 N 91 
   2 2.029 0.0 HB2 3 
   82 1.543 0.0 HB3 10 
   793 7.132 0.0 H 67 
   1285 120.951 0.0 N 105 
   1332 55.074 0.0 CA 109 
   1313 1.807 0.0 HG2 108 
   1175 45.733 0.0 CA 96 
   705 6.395 0.0 H 59 
   1235 177.978 0.0 C 102 
   1345 19.28 0.0 CB 110 
   836 7.957 0.0 H 70 
   763 1.792 0.0 HG3 64 
   783 1.925 0.0 HB3 66 
   337 34.762 0.0 CB 30 
   954 116.911 0.0 N 79 
   784 7.328 0.0 HE21 66 
   70 1.998 0.0 HB2 9 
   260 6.701 0.0 HE2 24 
   1007 65.351 0.0 CA 83 
   634 28.313 0.0 CB 52 
   1167 56.089 0.0 CA 95 
   354 9.231 0.0 H 32 
   242 7.95 0.0 H 23 
   594 1.556 0.0 HD2 50 
   466 4.852 0.0 HA 41 
   473 6.866 0.0 HZ 41 
   1307 117.066 0.0 N 107 
   303 119.999 0.0 N 27 
   431 105.549 0.0 N 38 
   992 1.901 0.0 HB3 82 
   933 115.627 0.0 N 77 
   6 2.037 0.0 HE3 3 
   987 127.489 0.0 CZ 81 
   1000 9.023 0.0 H 83 
   814 1.811 0.0 HB3 68 
   849 42.252 0.0 CB 70 
   1061 1.943 0.0 HB 88 
   809 25.235 0.0 CG 67 
   777 28.454 0.0 CB 65 
   269 7.403 0.0 H 25 
   1258 114.304 0.0 CZ2 103 
   698 0.928 0.0 HB1 58 
   83 0.86 0.0 HD11 10 
   396 59.18 0.0 CA 35 
   815 3.22 0.0 HD2 68 
   118 4.218 0.0 HA 13 
   874 1.167 0.0 HG22 72 
   927 176.209 0.0 C 77 
   958 2.826 0.0 HB3 80 
   15 4.276 0.0 HA 4 
   994 2.169 0.0 HG3 82 
   43 3.824 0.0 HB3 6 
   979 6.755 0.0 HZ 81 
   1009 23.764 0.0 CG2 83 
   159 2.044 0.0 HB3 17 
   650 7.948 0.0 H 54 
   102 2.197 0.0 HG3 11 
   244 1.795 0.0 HB2 23 
   703 20.052 0.0 CB 58 
   153 43.249 0.0 CD 16 
   638 4.146 0.0 HA 53 
   1044 2.428 0.0 HG2 86 
   910 8.418 0.0 H 76 
   1331 176.976 0.0 C 109 
   208 178.43 0.0 C 20 
   1232 2.947 0.0 HE3 102 
   875 1.167 0.0 HG23 72 
   1159 119.88 0.0 N 94 
   1196 3.595 0.0 HD3 98 
   213 26.891 0.0 CG 20 
   823 27.438 0.0 CG 68 
   1052 5.547 0.0 HA 87 
   128 3.873 0.0 HB2 14 
   1109 0.555 0.0 HG22 91 
