   1050 114.682 0.0 N 86 
   399 121.527 0.0 N 35 
   400 7.08 0.0 H 36 
   715 99.63 0.0 N 59 
   924 0.824 0.0 HD22 77 
   206 0.854 0.0 HD23 20 
   478 132.608 0.0 CD2 41 
   13 31.901 0.0 CG 3 
   127 4.342 0.0 HA 14 
   705 6.395 0.0 H 59 
   1148 0.88 0.0 HD13 94 
   1241 119.022 0.0 N 102 
   1270 2.214 0.0 HG3 104 
   16 1.968 0.0 HB2 4 
   311 1.421 0.0 HG3 28 
   24 122.855 0.0 N 4 
   1005 1.317 0.0 HG23 83 
   522 1.364 0.0 HB2 44 
   1077 3.766 0.0 HB3 89 
   622 131.675 0.0 CE2 51 
   916 7.499 0.0 H 77 
   1149 0.839 0.0 HD21 94 
   358 6.794 0.0 HD1 32 
   383 3.616 0.0 HA 34 
   850 14.445 0.0 CD1 70 
   580 0.789 0.0 HD22 49 
   372 1.712 0.0 HB2 33 
   988 126.963 0.0 N 81 
   1007 65.351 0.0 CA 83 
   1220 1.459 0.0 HB2 101 
   1017 0.451 0.0 HD13 84 
   931 23.53 0.0 CD2 77 
   659 4.94 0.0 HA 55 
   542 2.79 0.0 HB3 46 
   756 111.934 0.0 N 63 
   871 1.629 0.0 HG12 72 
   116 124.06 0.0 N 12 
   765 65.999 0.0 CA 64 
   1160 7.738 0.0 H 95 
   17 1.884 0.0 HB3 4 
   196 119.142 0.0 N 19 
   145 1.84 0.0 HB3 16 
   281 1.162 0.0 HG22 26 
   1161 4.384 0.0 HA 95 
   1036 57.064 0.0 CA 85 
   822 43.453 0.0 CD 68 
   1275 32.912 0.0 CG 104 
   1259 121.776 0.0 CZ3 103 
   36 32.906 0.0 CB 5 
   1340 1.398 0.0 HB1 110 
   825 7.852 0.0 H 69 
   582 1.602 0.0 HG 49 
   1107 0.614 0.0 HG13 91 
   943 0.692 0.0 HG11 79 
   187 2.03 0.0 HE2 19 
   75 57.507 0.0 CA 9 
   33 0.884 0.0 HG23 5 
   1201 31.248 0.0 CB 98 
   412 3.965 0.0 HA2 37 
   647 30.867 0.0 CB 53 
   190 2.638 0.0 HG3 19 
   1137 41.703 0.0 CB 93 
   1277 7.659 0.0 H 105 
   389 9.379 0.0 H 35 
   518 128.415 0.0 N 43 
   370 8.36 0.0 H 33 
   706 3.734 0.0 HA 59 
   757 3.427 0.0 HA 64 
   1043 1.238 0.0 HB3 86 
   32 0.884 0.0 HG22 5 
   666 7.22 0.0 H 56 
   914 45.558 0.0 CA 76 
   793 7.132 0.0 H 67 
   414 174.303 0.0 C 37 
   108 8.113 0.0 H 12 
   678 52.687 0.0 CA 56 
   683 118.239 0.0 N 56 
   419 1.757 0.0 HB 38 
   150 177.474 0.0 C 16 
   731 124.377 0.0 N 60 
   1346 127.482 0.0 N 110 
   295 0.897 0.0 HD21 27 
   65 38.639 0.0 CB 8 
   413 3.768 0.0 HA3 37 
   482 128.169 0.0 N 41 
   876 175.825 0.0 C 72 
   588 27.673 0.0 CG 49 
   168 16.963 0.0 CE 17 
   986 130.512 0.0 CE2 81 
   770 3.908 0.0 HA 65 
   1011 6.473 0.0 H 84 
   812 4.191 0.0 HA 68 
   735 174.325 0.0 C 61 
   551 3.179 0.0 HD2 47 
   952 21.455 0.0 CG1 79 
   1306 134.424 0.0 CE1 107 
   224 28.59 0.0 CB 21 
   669 1.046 0.0 HB3 56 
   950 59.293 0.0 CA 79 
   1118 7.314 0.0 H 92 
   959 6.868 0.0 HD1 80 
   1106 1.169 0.0 HG12 91 
   200 1.476 0.0 HB3 20 
   246 1.981 0.0 HG2 23 
   560 121.275 0.0 N 47 
   468 2.612 0.0 HB3 41 
   426 173.629 0.0 C 38 
   557 30.762 0.0 CB 47 
   1140 25.6 0.0 CG 93 
   249 57.172 0.0 CA 23 
   201 0.832 0.0 HD11 20 
   569 32.524 0.0 CB 48 
   1086 0.758 0.0 HD11 90 
   937 170.501 0.0 C 78 
   217 2.12 0.0 HB2 21 
   1091 0.902 0.0 HD23 90 
   1248 6.803 0.0 HE3 103 
   949 171.397 0.0 C 79 
   252 119.302 0.0 N 23 
   248 176.858 0.0 C 23 
   593 1.33 0.0 HB3 50 
   375 2.833 0.0 HD3 33 
   1263 3.644 0.0 HA 104 
   237 57.61 0.0 CA 22 
   810 117.57 0.0 N 67 
   823 27.438 0.0 CG 68 
   1271 178.325 0.0 C 104 
   526 17.978 0.0 CB 44 
   1159 119.88 0.0 N 94 
   494 176.006 0.0 C 42 
   47 119.949 0.0 N 6 
   638 4.146 0.0 HA 53 
   1185 174.894 0.0 C 97 
   183 4.2 0.0 HA 19 
   743 177.761 0.0 C 62 
   387 61.518 0.0 CA 34 
   688 7.208 0.0 HE21 57 
   747 8.206 0.0 H 63 
   74 177.247 0.0 C 9 
   424 0.574 0.0 HG22 38 
   21 56.669 0.0 CA 4 
   236 178.223 0.0 C 22 
   689 1.708 0.0 HG2 57 
   291 1.158 0.0 HB3 27 
   893 3.803 0.0 HD2 74 
   948 0.488 0.0 HG23 79 
   1291 1.91 0.0 HG3 106 
   144 1.84 0.0 HB2 16 
   73 2.204 0.0 HG3 9 
   925 0.824 0.0 HD23 77 
   1058 121.904 0.0 N 87 
   990 3.582 0.0 HA 82 
   594 1.556 0.0 HD2 50 
   613 7.022 0.0 HE1 51 
   1126 1.663 0.0 HB2 93 
   262 58.621 0.0 CA 24 
   132 63.477 0.0 CB 14 
   784 7.328 0.0 HE21 66 
   446 15.099 0.0 CD1 39 
   597 2.649 0.0 HE3 50 
   907 58.685 0.0 CA 75 
   263 38.578 0.0 CB 24 
   1225 8.543 0.0 H 102 
   693 31.891 0.0 CG 57 
   1302 7.911 0.0 HE1 107 
   68 8.245 0.0 H 9 
   267 118.071 0.0 CE2 24 
   1098 26.895 0.0 CG 90 
   1039 114.551 0.0 N 85 
   39 121.499 0.0 N 5 
   983 131.99 0.0 CD1 81 
   961 6.559 0.0 HE1 80 
   868 0.687 0.0 HD11 72 
   185 2.046 0.0 HB3 19 
   612 7.186 0.0 HD2 51 
   279 4.215 0.0 HB 26 
   1181 3.087 0.0 HD2 97 
   209 56.978 0.0 CA 20 
   692 28.159 0.0 CB 57 
   1319 26.852 0.0 CG 108 
   915 109.752 0.0 N 76 
   195 32.102 0.0 CG 19 
   540 4.13 0.0 HA 46 
   713 68.111 0.0 CB 59 
   1021 1.476 0.0 HG 84 
   1332 55.074 0.0 CA 109 
   1262 9.18 0.0 H 104 
   1258 114.304 0.0 CZ2 103 
   410 115.94 0.0 N 36 
   1240 24.762 0.0 CG 102 
   1341 1.398 0.0 HB2 110 
   889 125.865 0.0 N 73 
   1041 4.768 0.0 HA 86 
   277 7.753 0.0 H 26 
   921 0.842 0.0 HD12 77 
   3 1.935 0.0 HB3 3 
   289 4.249 0.0 HA 27 
   365 133.168 0.0 CD1 32 
   627 2.135 0.0 HB2 52 
   953 22.452 0.0 CG2 79 
   538 106.735 0.0 ND2 45 
   1312 3.044 0.0 HD3 108 
   1334 24.954 0.0 CD1 109 
   1254 29.069 0.0 CB 103 
   297 0.897 0.0 HD23 27 
   257 7.074 0.0 HD1 24 
   668 2.211 0.0 HB2 56 
   142 8.148 0.0 H 16 
   568 54.347 0.0 CA 48 
   1012 4.131 0.0 HA 84 
   1308 4.342 0.0 HA 108 
   749 4.537 0.0 HB 63 
   920 0.842 0.0 HD11 77 
   171 8.19 0.0 H 18 
   343 1.96 0.0 HB2 31 
   1166 176.559 0.0 C 95 
   1105 0.62 0.0 HD13 91 
   776 59.383 0.0 CA 65 
   680 24.042 0.0 CD1 56 
   883 8.586 0.0 H 73 
   172 4.121 0.0 HA 18 
   202 0.832 0.0 HD12 20 
   398 36.377 0.0 CG 35 
   718 3.132 0.0 HB2 60 
   80 4.197 0.0 HA 10 
   947 0.488 0.0 HG22 79 
   1095 42.674 0.0 CB 90 
   574 1.727 0.0 HB2 49 
   1203 29.125 0.0 CG 98 
   1218 4.02 0.0 HA 101 
   1179 1.643 0.0 HB2 97 
   51 1.354 0.0 HB2 7 
   992 1.901 0.0 HB3 82 
   646 65.032 0.0 CA 53 
   364 38.922 0.0 CB 32 
   401 4.289 0.0 HA 36 
   618 43.776 0.0 CB 51 
   1094 57.642 0.0 CA 90 
   852 18.6 0.0 CG2 70 
   1249 6.678 0.0 HH2 103 
   1329 1.014 0.0 HD23 109 
   244 1.795 0.0 HB2 23 
   517 28.618 0.0 CG 43 
   599 1.166 0.0 HG3 50 
   769 8.522 0.0 H 65 
   809 25.235 0.0 CG 67 
   83 0.86 0.0 HD11 10 
   1078 175.634 0.0 C 89 
   110 1.37 0.0 HB1 12 
   1224 17.772 0.0 CB 101 
   1 4.425 0.0 HA 3 
   1343 176.868 0.0 C 110 
   1304 26.649 0.0 CB 107 
   442 0.365 0.0 HG23 39 
   178 58.414 0.0 CA 18 
   1175 45.733 0.0 CA 96 
   363 57.485 0.0 CA 32 
   1198 1.141 0.0 HG3 98 
   409 36.871 0.0 CG 36 
   882 129.755 0.0 N 72 
   530 3.252 0.0 HB2 45 
   590 8.188 0.0 H 50 
   408 32.757 0.0 CB 36 
   1033 2.205 0.0 HG2 85 
   608 4.974 0.0 HA 51 
   1089 0.902 0.0 HD21 90 
   319 4.528 0.0 HA 29 
   1238 29.357 0.0 CD 102 
   1235 177.978 0.0 C 102 
   1337 122.868 0.0 N 109 
   544 56.917 0.0 CA 46 
   56 126.064 0.0 N 7 
   46 64.02 0.0 CB 6 
   900 50.653 0.0 CD 74 
   655 55.185 0.0 CA 54 
   119 1.401 0.0 HB1 13 
   1322 1.658 0.0 HB2 109 
   53 178.059 0.0 C 7 
   506 0.893 0.0 HD12 43 
   373 1.546 0.0 HB3 33 
   301 26.22 0.0 CD1 27 
   637 125.064 0.0 N 52 
   1103 0.62 0.0 HD11 91 
   107 120.956 0.0 N 11 
   886 3.722 0.0 HB3 73 
   1284 17.87 0.0 CB 105 
   814 1.811 0.0 HB3 68 
   895 2.112 0.0 HG2 74 
   717 4.115 0.0 HA 60 
   673 0.1 0.0 HD21 56 
   1243 4.036 0.0 HA 103 
   1207 3.902 0.0 HA3 99 
   1134 1.465 0.0 HG 93 
   385 3.839 0.0 HB3 34 
   1117 116.561 0.0 N 91 
   104 57.085 0.0 CA 11 
   927 176.209 0.0 C 77 
   1303 53.158 0.0 CA 107 
   191 177.964 0.0 C 19 
   397 28.457 0.0 CB 35 
   1162 2.044 0.0 HB2 95 
   890 4.309 0.0 HA 74 
   406 176.435 0.0 C 36 
   779 114.841 0.0 N 65 
   1213 4.108 0.0 HB2 100 
   235 1.535 0.0 HG3 22 
   1129 -0.102 0.0 HD12 93 
   799 -0.04 0.0 HD13 67 
   302 26.014 0.0 CD2 27 
   587 23.991 0.0 CD2 49 
   1013 1.467 0.0 HB2 84 
   501 9.031 0.0 H 43 
   15 4.276 0.0 HA 4 
   991 1.901 0.0 HB2 82 
   1171 7.722 0.0 H 96 
   308 3.145 0.0 HD2 28 
   1247 9.086 0.0 HE1 103 
   438 1.863 0.0 HG12 39 
   838 1.325 0.0 HB 70 
   853 125.545 0.0 N 70 
   1124 7.615 0.0 H 93 
   479 130.657 0.0 CE1 41 
   72 2.204 0.0 HG2 9 
   489 1.467 0.0 HG12 42 
   338 20.464 0.0 CG1 30 
   126 8.165 0.0 H 14 
   607 8.847 0.0 H 51 
   548 4.133 0.0 HA 47 
   505 0.893 0.0 HD11 43 
   1227 1.826 0.0 HB2 102 
   174 2.003 0.0 HB3 18 
   1231 2.947 0.0 HE2 102 
   316 26.623 0.0 CG 28 
   785 2.378 0.0 HG2 66 
   453 0.769 0.0 HG11 40 
   407 56.237 0.0 CA 36 
   204 0.854 0.0 HD21 20 
   86 0.81 0.0 HD21 10 
   694 124.612 0.0 N 57 
   1099 129.702 0.0 N 90 
   63 175.868 0.0 C 8 
   95 26.946 0.0 CG 10 
   554 1.442 0.0 HG3 47 
   1151 0.839 0.0 HD23 94 
   833 28.69 0.0 CB 69 
   320 3.731 0.0 HB2 29 
   703 20.052 0.0 CB 58 
   212 23.311 0.0 CD2 20 
   415 46.016 0.0 CA 37 
   146 3.165 0.0 HD2 16 
   728 133.724 0.0 CD2 60 
   44 174.496 0.0 C 6 
   430 18.467 0.0 CG2 38 
   870 0.687 0.0 HD13 72 
   987 127.489 0.0 CZ 81 
   473 6.866 0.0 HZ 41 
   334 0.674 0.0 HG23 30 
   602 35.539 0.0 CB 50 
   964 55.493 0.0 CA 80 
   250 30.144 0.0 CB 23 
   1260 121.319 0.0 N 103 
   477 132.608 0.0 CD1 41 
   1082 8.799 0.0 H 90 
   170 119.345 0.0 N 17 
   609 3.28 0.0 HB2 51 
   513 54.59 0.0 CA 43 
   491 0.921 0.0 HG21 42 
   253 8.087 0.0 H 24 
   1301 6.147 0.0 HD2 107 
   1280 1.426 0.0 HB2 105 
   928 54.378 0.0 CA 77 
   719 2.799 0.0 HB3 60 
   1112 64.55 0.0 CA 91 
   283 174.498 0.0 C 26 
   1202 43.141 0.0 CD 98 
   934 7.647 0.0 H 78 
   702 54.433 0.0 CA 58 
   543 175.512 0.0 C 46 
   71 1.998 0.0 HB3 9 
   287 104.093 0.0 N 26 
   328 1.586 0.0 HB 30 
   1330 1.647 0.0 HG 109 
   660 3.288 0.0 HB2 55 
   242 7.95 0.0 H 23 
   305 4.445 0.0 HA 28 
   1167 56.089 0.0 CA 95 
   1295 36.323 0.0 CG 106 
   354 9.231 0.0 H 32 
   830 2.202 0.0 HG3 69 
   1317 32.352 0.0 CB 108 
   345 7.418 0.0 HE21 31 
   1255 127.212 0.0 CD1 103 
   896 2.031 0.0 HG3 74 
   300 43.838 0.0 CB 27 
   1163 2.236 0.0 HB3 95 
   1256 118.379 0.0 CE3 103 
   1087 0.758 0.0 HD12 90 
   504 1.708 0.0 HB3 43 
   207 1.708 0.0 HG 20 
   671 0.563 0.0 HD12 56 
   923 0.824 0.0 HD21 77 
   272 3.847 0.0 HB3 25 
   299 56.06 0.0 CA 27 
   184 2.117 0.0 HB2 19 
   19 2.199 0.0 HG3 4 
   26 4.098 0.0 HA 5 
   1119 3.827 0.0 HA2 92 
   1233 1.398 0.0 HG2 102 
   99 1.977 0.0 HB2 11 
   973 3.113 0.0 HB2 81 
   164 2.52 0.0 HG3 17 
   79 8.06 0.0 H 10 
   485 1.815 0.0 HB 42 
   737 118.169 0.0 N 61 
   429 21.782 0.0 CG1 38 
   1004 1.317 0.0 HG22 83 
   1168 29.663 0.0 CB 95 
   640 2.014 0.0 HB3 53 
   1183 1.544 0.0 HG2 97 
   797 -0.04 0.0 HD11 67 
   1053 2.584 0.0 HB2 87 
   816 3.22 0.0 HD3 68 
   783 1.925 0.0 HB3 66 
   133 114.553 0.0 N 14 
   796 1.216 0.0 HB3 67 
   153 43.249 0.0 CD 16 
   739 4.298 0.0 HA 62 
   293 0.75 0.0 HD12 27 
   1180 1.643 0.0 HB3 97 
   642 4.012 0.0 HD3 53 
   274 58.413 0.0 CA 25 
   1104 0.62 0.0 HD12 91 
   294 0.75 0.0 HD13 27 
   849 42.252 0.0 CB 70 
   335 173.89 0.0 C 30 
   148 1.556 0.0 HG2 16 
   43 3.824 0.0 HB3 6 
   503 2.221 0.0 HB2 43 
   989 7.466 0.0 H 82 
   700 0.928 0.0 HB3 58 
   347 2.215 0.0 HG3 31 
   1158 26.897 0.0 CG 94 
   591 5.454 0.0 HA 50 
   361 6.319 0.0 HE2 32 
   23 36.128 0.0 CG 4 
   112 1.37 0.0 HB3 12 
   318 7.994 0.0 H 29 
   1108 0.555 0.0 HG21 91 
   821 31.556 0.0 CB 68 
   752 1.15 0.0 HG23 63 
   908 64.358 0.0 CB 75 
   532 6.441 0.0 HD21 45 
   162 2.001 0.0 HE3 17 
   980 176.311 0.0 C 81 
   476 39.031 0.0 CB 41 
   284 59.488 0.0 CA 26 
   929 42.125 0.0 CB 77 
   231 1.794 0.0 HB3 22 
   1226 3.979 0.0 HA 102 
   626 4.903 0.0 HA 52 
   1144 1.93 0.0 HB2 94 
   474 174.17 0.0 C 41 
   1016 0.451 0.0 HD12 84 
   1269 2.941 0.0 HG2 104 
   115 18.829 0.0 CB 12 
   484 4.729 0.0 HA 42 
   768 28.234 0.0 CG 64 
   1274 15.91 0.0 CE 104 
   1228 1.689 0.0 HB3 102 
   788 57.206 0.0 CA 66 
   1172 4.236 0.0 HA2 96 
   390 4.039 0.0 HA 35 
   679 42.559 0.0 CB 56 
   1109 0.555 0.0 HG22 91 
   87 0.81 0.0 HD22 10 
   1268 2.298 0.0 HE3 104 
   570 36.376 0.0 CG 48 
   981 57.116 0.0 CA 81 
   824 116.991 0.0 N 68 
   1320 8.467 0.0 H 109 
   393 2.263 0.0 HG2 35 
   592 1.613 0.0 HB2 50 
   114 53.207 0.0 CA 12 
   716 7.089 0.0 H 60 
   936 4.045 0.0 HA3 78 
   954 116.911 0.0 N 79 
   894 3.907 0.0 HD3 74 
   634 28.313 0.0 CB 52 
   1003 1.317 0.0 HG21 83 
   601 55.26 0.0 CA 50 
   595 1.556 0.0 HD3 50 
   333 0.674 0.0 HG22 30 
   650 7.948 0.0 H 54 
   1132 0.068 0.0 HD22 93 
   1321 4.315 0.0 HA 109 
   11 32.91 0.0 CB 3 
   1120 3.681 0.0 HA3 92 
   456 0.737 0.0 HG21 40 
   1034 2.094 0.0 HG3 85 
   834 35.395 0.0 CG 69 
   677 175.248 0.0 C 56 
   61 6.882 0.0 HD21 8 
   100 1.977 0.0 HB3 11 
   940 8.683 0.0 H 79 
   1325 1.06 0.0 HD12 109 
   798 -0.04 0.0 HD12 67 
   546 111.628 0.0 N 46 
   710 -0.209 0.0 HG23 59 
   140 63.455 0.0 CB 15 
   691 59.107 0.0 CA 57 
   105 29.983 0.0 CB 11 
   725 60.827 0.0 CA 60 
   761 3.801 0.0 HD3 64 
   325 111.229 0.0 N 29 
   740 1.112 0.0 HB1 62 
   1080 64.469 0.0 CB 89 
   254 4.315 0.0 HA 24 
   321 3.555 0.0 HB3 29 
   624 119.432 0.0 N 51 
   469 7.257 0.0 HD1 41 
   744 52.177 0.0 CA 62 
   315 43.794 0.0 CD 28 
   861 54.724 0.0 CA 71 
   1210 105.916 0.0 N 99 
   1001 3.987 0.0 HA 83 
   951 34.536 0.0 CB 79 
   8 2.492 0.0 HG3 3 
   884 4.521 0.0 HA 73 
   76 29.741 0.0 CB 9 
   565 2.222 0.0 HG2 48 
   1309 2.209 0.0 HB2 108 
   979 6.755 0.0 HZ 81 
   1283 54.605 0.0 CA 105 
   29 0.883 0.0 HG12 5 
   138 175.478 0.0 C 15 
   726 37.813 0.0 CB 60 
   575 1.555 0.0 HB3 49 
   35 62.128 0.0 CA 5 
   819 177.1 0.0 C 68 
   4 2.037 0.0 HE1 3 
   664 42.87 0.0 CB 55 
   730 118.264 0.0 CE2 60 
   636 27.315 0.0 CG 52 
   1076 4.014 0.0 HB2 89 
   1090 0.902 0.0 HD22 90 
   10 55.604 0.0 CA 3 
   977 6.86 0.0 HE1 81 
   118 4.218 0.0 HA 13 
   134 8.205 0.0 H 15 
   436 0.827 0.0 HD12 39 
   1196 3.595 0.0 HD3 98 
   260 6.701 0.0 HE2 24 
   1327 1.014 0.0 HD21 109 
   266 118.071 0.0 CE1 24 
   774 2.196 0.0 HG3 65 
   1015 0.451 0.0 HD11 84 
   1035 175.01 0.0 C 85 
   847 174.815 0.0 C 70 
   309 3.084 0.0 HD3 28 
   143 4.203 0.0 HA 16 
   229 4.086 0.0 HA 22 
   1008 68.085 0.0 CB 83 
   741 1.112 0.0 HB2 62 
   379 30.12 0.0 CB 33 
   216 4.037 0.0 HA 21 
   941 4.752 0.0 HA 79 
   653 2.515 0.0 HB3 54 
   1027 26.393 0.0 CG 84 
   1316 62.878 0.0 CA 108 
   113 178.397 0.0 C 12 
   1141 120.762 0.0 N 93 
   836 7.957 0.0 H 70 
   767 49.993 0.0 CD 64 
   382 130.005 0.0 N 33 
   1069 61.447 0.0 CA 88 
   5 2.037 0.0 HE2 3 
   317 123.653 0.0 N 28 
   14 8.628 0.0 H 4 
   523 1.364 0.0 HB3 44 
   897 177.861 0.0 C 74 
   1336 27.041 0.0 CG 109 
   763 1.792 0.0 HG3 64 
   898 65.658 0.0 CA 74 
   188 2.03 0.0 HE3 19 
   62 7.585 0.0 HD22 8 
   50 1.354 0.0 HB1 7 
   670 0.563 0.0 HD11 56 
   1152 1.717 0.0 HG 94 
   256 2.791 0.0 HB3 24 
   1170 117.117 0.0 N 95 
   508 0.797 0.0 HD21 43 
   1353 121.137 0.0 N 111 
   571 120.823 0.0 N 48 
   842 1.246 0.0 HG12 70 
   37 21.185 0.0 CG1 5 
   1239 42.11 0.0 CE 102 
   534 175.729 0.0 C 45 
   879 13.45 0.0 CD1 72 
   566 1.94 0.0 HG3 48 
   764 179.483 0.0 C 64 
   1345 19.28 0.0 CB 110 
   1186 55.877 0.0 CA 97 
   167 31.857 0.0 CB 17 
   264 132.98 0.0 CD1 24 
   1142 8.317 0.0 H 94 
   57 8.312 0.0 H 8 
   1214 4.42 0.0 HB3 100 
   704 116.752 0.0 N 58 
   982 38.413 0.0 CB 81 
   326 8.245 0.0 H 30 
   366 133.168 0.0 CD2 32 
   960 6.868 0.0 HD2 80 
   1292 174.911 0.0 C 106 
   278 4.43 0.0 HA 26 
   1211 8.646 0.0 H 100 
   536 37.016 0.0 CB 45 
   290 1.67 0.0 HB2 27 
   803 1.287 0.0 HG 67 
   721 7.329 0.0 HD2 60 
   90 178.235 0.0 C 10 
   734 3.361 0.0 HA3 61 
   629 3.283 0.0 HD2 52 
   748 4.522 0.0 HA 63 
   942 1.744 0.0 HB 79 
   786 2.098 0.0 HG3 66 
   957 2.892 0.0 HB2 80 
   586 25.513 0.0 CD1 49 
   711 173.265 0.0 C 59 
   558 43.885 0.0 CD 47 
   1338 8.637 0.0 H 110 
   6 2.037 0.0 HE3 3 
   839 0.635 0.0 HD11 70 
   9 176.016 0.0 C 3 
   269 7.403 0.0 H 25 
   1200 56.621 0.0 CA 98 
   662 175.935 0.0 C 55 
   736 45.0 0.0 CA 61 
   857 2.042 0.0 HB3 71 
   97 8.147 0.0 H 11 
   696 8.306 0.0 H 58 
   1234 1.301 0.0 HG3 102 
   641 3.873 0.0 HD2 53 
   933 115.627 0.0 N 77 
   441 0.365 0.0 HG22 39 
   1030 3.622 0.0 HA 85 
   997 30.452 0.0 CB 82 
   993 2.169 0.0 HG2 82 
   791 117.742 0.0 N 66 
   733 3.771 0.0 HA2 61 
   1026 22.07 0.0 CD2 84 
   970 126.853 0.0 N 80 
   966 133.192 0.0 CD1 80 
   745 20.267 0.0 CB 62 
   843 0.613 0.0 HG13 70 
   77 36.292 0.0 CG 9 
   553 1.653 0.0 HG2 47 
   531 2.661 0.0 HB3 45 
   155 122.38 0.0 N 16 
   1052 5.547 0.0 HA 87 
   1326 1.06 0.0 HD13 109 
   349 54.359 0.0 CA 31 
   826 4.487 0.0 HA 69 
   1164 2.524 0.0 HG2 95 
   1113 37.084 0.0 CB 91 
   396 59.18 0.0 CA 35 
   459 174.702 0.0 C 40 
   527 122.697 0.0 N 44 
   362 174.519 0.0 C 32 
   1093 177.109 0.0 C 90 
   1174 174.742 0.0 C 96 
   1209 45.495 0.0 CA 99 
   644 1.601 0.0 HG3 53 
   561 8.308 0.0 H 48 
   1261 129.285 0.0 NE1 103 
   577 0.712 0.0 HD12 49 
   631 1.861 0.0 HG2 52 
   514 42.395 0.0 CB 43 
   307 1.446 0.0 HB3 28 
   1287 3.906 0.0 HA 106 
   67 112.954 0.0 ND2 8 
   831 174.904 0.0 C 69 
   922 0.842 0.0 HD13 77 
   428 35.509 0.0 CB 38 
   801 0.36 0.0 HD22 67 
   794 4.296 0.0 HA 67 
   707 3.962 0.0 HB 59 
   1002 4.209 0.0 HB 83 
   1130 -0.102 0.0 HD13 93 
   69 4.162 0.0 HA 9 
   938 45.05 0.0 CA 78 
   844 0.118 0.0 HG21 70 
   807 25.787 0.0 CD1 67 
   1199 175.018 0.0 C 98 
   20 176.331 0.0 C 4 
   374 3.051 0.0 HD2 33 
   422 0.713 0.0 HG13 38 
   1114 13.047 0.0 CD1 91 
   173 2.003 0.0 HB2 18 
   298 175.89 0.0 C 27 
   1121 176.157 0.0 C 92 
   615 7.149 0.0 HZ 51 
   1204 125.256 0.0 N 98 
   974 2.775 0.0 HB3 81 
   755 21.938 0.0 CG2 63 
   1143 4.015 0.0 HA 94 
   323 57.62 0.0 CA 29 
   881 17.673 0.0 CG2 72 
   255 2.895 0.0 HB2 24 
   519 9.087 0.0 H 44 
   54 53.151 0.0 CA 7 
   1219 1.459 0.0 HB1 101 
   701 177.612 0.0 C 58 
   337 34.762 0.0 CB 30 
   866 4.208 0.0 HA 72 
   1299 2.411 0.0 HB2 107 
   339 23.077 0.0 CG2 30 
   303 119.999 0.0 N 27 
   610 2.552 0.0 HB3 51 
   238 30.597 0.0 CB 22 
   64 53.841 0.0 CA 8 
   1281 1.426 0.0 HB3 105 
   651 4.702 0.0 HA 54 
   194 17.023 0.0 CE 19 
   226 118.077 0.0 N 21 
   1000 9.023 0.0 H 83 
   1282 179.136 0.0 C 105 
   180 36.33 0.0 CG 18 
   1073 121.549 0.0 N 88 
   285 72.209 0.0 CB 26 
   1110 0.555 0.0 HG23 91 
   919 1.608 0.0 HB3 77 
   1133 0.068 0.0 HD23 93 
   1049 33.733 0.0 CG 86 
   1288 1.513 0.0 HB2 106 
   177 176.883 0.0 C 18 
   935 4.601 0.0 HA2 78 
   157 4.205 0.0 HA 17 
   411 7.908 0.0 H 37 
   220 2.502 0.0 HG2 21 
   620 131.545 0.0 CD2 51 
   727 133.724 0.0 CD1 60 
   863 35.813 0.0 CG 71 
   811 7.214 0.0 H 68 
   528 7.355 0.0 H 45 
   649 28.552 0.0 CG 53 
   395 177.168 0.0 C 35 
   750 1.15 0.0 HG21 63 
   198 4.193 0.0 HA 20 
   968 117.499 0.0 CE1 80 
   901 27.83 0.0 CG 74 
   1154 57.332 0.0 CA 94 
   40 8.389 0.0 H 6 
   1294 30.476 0.0 CB 106 
   151 57.826 0.0 CA 16 
   357 2.697 0.0 HB3 32 
   1072 22.104 0.0 CG2 88 
   271 4.022 0.0 HB2 25 
   1122 47.672 0.0 CA 92 
   583 175.439 0.0 C 49 
   600 175.125 0.0 C 50 
   310 1.564 0.0 HG2 28 
   903 4.211 0.0 HA 75 
   804 174.721 0.0 C 67 
   232 3.132 0.0 HD2 22 
   687 0.068 0.0 HB3 57 
   516 24.929 0.0 CD2 43 
   353 111.73 0.0 NE2 31 
   82 1.543 0.0 HB3 10 
   509 0.797 0.0 HD22 43 
   1116 17.114 0.0 CG2 91 
   427 58.127 0.0 CA 38 
   815 3.22 0.0 HD2 68 
   681 23.002 0.0 CD2 56 
   448 19.58 0.0 CG2 39 
   48 8.431 0.0 H 7 
   999 124.087 0.0 N 82 
   643 2.087 0.0 HG2 53 
   732 8.751 0.0 H 61 
   827 1.967 0.0 HB2 69 
   402 2.002 0.0 HB2 36 
   555 174.209 0.0 C 47 
   520 3.968 0.0 HA 44 
   562 5.281 0.0 HA 48 
   1315 176.899 0.0 C 108 
   672 0.563 0.0 HD13 56 
   141 117.597 0.0 N 15 
   780 7.728 0.0 H 66 
   268 118.678 0.0 N 24 
   103 177.123 0.0 C 11 
   215 8.157 0.0 H 21 
   930 26.039 0.0 CD1 77 
   873 1.167 0.0 HG21 72 
   851 26.419 0.0 CG1 70 
   781 4.059 0.0 HA 66 
   30 0.883 0.0 HG13 5 
   1079 56.08 0.0 CA 89 
   234 1.658 0.0 HG2 22 
   581 0.789 0.0 HD23 49 
   1331 176.976 0.0 C 109 
   877 61.763 0.0 CA 72 
   648 49.824 0.0 CD 53 
   227 111.873 0.0 NE2 21 
   984 131.99 0.0 CD2 81 
   312 176.07 0.0 C 28 
   891 2.382 0.0 HB2 74 
   958 2.826 0.0 HB3 80 
   865 9.013 0.0 H 72 
   462 21.236 0.0 CG1 40 
   1205 7.684 0.0 H 99 
   1048 34.491 0.0 CB 86 
   131 59.538 0.0 CA 14 
