   888 62.669 0.0 CB 73 
   525 54.489 0.0 CA 44 
   722 6.914 0.0 HE1 60 
   760 3.713 0.0 HD2 64 
   37 21.185 0.0 CG1 5 
   250 30.144 0.0 CB 23 
   1098 26.895 0.0 CG 90 
   636 27.315 0.0 CG 52 
   973 3.113 0.0 HB2 81 
   1076 4.014 0.0 HB2 89 
   899 31.733 0.0 CB 74 
   893 3.803 0.0 HD2 74 
   953 22.452 0.0 CG2 79 
   26 4.098 0.0 HA 5 
   785 2.378 0.0 HG2 66 
   1107 0.614 0.0 HG13 91 
   1051 8.63 0.0 H 87 
   1278 3.948 0.0 HA 105 
   986 130.512 0.0 CE2 81 
   676 1.245 0.0 HG 56 
   133 114.553 0.0 N 14 
   163 2.46 0.0 HG2 17 
   1081 120.776 0.0 N 89 
   924 0.824 0.0 HD22 77 
   746 123.335 0.0 N 62 
   692 28.159 0.0 CB 57 
   418 4.915 0.0 HA 38 
   433 4.323 0.0 HA 39 
   585 44.054 0.0 CB 49 
   78 121.267 0.0 N 9 
   1219 1.459 0.0 HB1 101 
   730 118.264 0.0 CE2 60 
   690 0.608 0.0 HG3 57 
   227 111.873 0.0 NE2 21 
   1173 3.752 0.0 HA3 96 
   514 42.395 0.0 CB 43 
   314 32.647 0.0 CB 28 
   931 23.53 0.0 CD2 77 
   1314 1.807 0.0 HG3 108 
   57 8.312 0.0 H 8 
   726 37.813 0.0 CB 60 
   124 18.835 0.0 CB 13 
   499 17.509 0.0 CG2 42 
   137 3.912 0.0 HB3 15 
   845 0.118 0.0 HG22 70 
   244 1.795 0.0 HB2 23 
   162 2.001 0.0 HE3 17 
   831 174.904 0.0 C 69 
   1014 1.467 0.0 HB3 84 
   450 8.934 0.0 H 40 
   532 6.441 0.0 HD21 45 
   1069 61.447 0.0 CA 88 
   828 1.967 0.0 HB3 69 
   415 46.016 0.0 CA 37 
   398 36.377 0.0 CG 35 
   96 121.828 0.0 N 10 
   436 0.827 0.0 HD12 39 
   275 64.876 0.0 CB 25 
   49 4.212 0.0 HA 7 
   897 177.861 0.0 C 74 
   242 7.95 0.0 H 23 
   1128 -0.102 0.0 HD11 93 
   1177 8.717 0.0 H 97 
   644 1.601 0.0 HG3 53 
   1330 1.647 0.0 HG 109 
   1235 177.978 0.0 C 102 
   290 1.67 0.0 HB2 27 
   829 2.202 0.0 HG2 69 
   1325 1.06 0.0 HD12 109 
   345 7.418 0.0 HE21 31 
   58 4.571 0.0 HA 8 
   1001 3.987 0.0 HA 83 
   861 54.724 0.0 CA 71 
   970 126.853 0.0 N 80 
   1057 44.193 0.0 CB 87 
   498 28.39 0.0 CG1 42 
   552 3.068 0.0 HD3 47 
   323 57.62 0.0 CA 29 
   974 2.775 0.0 HB3 81 
   623 129.351 0.0 CZ 51 
   75 57.507 0.0 CA 9 
   84 0.86 0.0 HD12 10 
   7 2.532 0.0 HG2 3 
   232 3.132 0.0 HD2 22 
   181 119.875 0.0 N 18 
   745 20.267 0.0 CB 62 
   51 1.354 0.0 HB2 7 
   283 174.498 0.0 C 26 
   806 41.98 0.0 CB 67 
   125 122.326 0.0 N 13 
   916 7.499 0.0 H 77 
   1163 2.236 0.0 HB3 95 
   1055 175.722 0.0 C 87 
   1155 41.391 0.0 CB 94 
   753 58.845 0.0 CA 63 
   1350 3.803 0.0 HB3 111 
   288 9.148 0.0 H 27 
   565 2.222 0.0 HG2 48 
   200 1.476 0.0 HB3 20 
   763 1.792 0.0 HG3 64 
   211 25.394 0.0 CD1 20 
   1260 121.319 0.0 N 103 
   912 3.67 0.0 HA3 76 
   194 17.023 0.0 CE 19 
   624 119.432 0.0 N 51 
   143 4.203 0.0 HA 16 
   235 1.535 0.0 HG3 22 
   954 116.911 0.0 N 79 
   709 -0.209 0.0 HG22 59 
   384 3.925 0.0 HB2 34 
   136 3.912 0.0 HB2 15 
   859 2.053 0.0 HG3 71 
   679 42.559 0.0 CB 56 
   222 177.928 0.0 C 21 
   631 1.861 0.0 HG2 52 
   618 43.776 0.0 CB 51 
   184 2.117 0.0 HB2 19 
   1021 1.476 0.0 HG 84 
   400 7.08 0.0 H 36 
   774 2.196 0.0 HG3 65 
   946 0.488 0.0 HG21 79 
   369 124.536 0.0 N 32 
   91 56.126 0.0 CA 10 
   1227 1.826 0.0 HB2 102 
   1324 1.06 0.0 HD11 109 
   103 177.123 0.0 C 11 
   663 55.404 0.0 CA 55 
   875 1.167 0.0 HG23 72 
   1009 23.764 0.0 CG2 83 
   243 4.083 0.0 HA 23 
   1211 8.646 0.0 H 100 
   354 9.231 0.0 H 32 
   686 1.24 0.0 HB2 57 
   602 35.539 0.0 CB 50 
   581 0.789 0.0 HD23 49 
   101 2.227 0.0 HG2 11 
   921 0.842 0.0 HD12 77 
   736 45.0 0.0 CA 61 
   89 1.587 0.0 HG 10 
   948 0.488 0.0 HG23 79 
   714 19.939 0.0 CG2 59 
   541 3.176 0.0 HB2 46 
   597 2.649 0.0 HE3 50 
   984 131.99 0.0 CD2 81 
   320 3.731 0.0 HB2 29 
   830 2.202 0.0 HG3 69 
   550 1.794 0.0 HB3 47 
   251 35.763 0.0 CG 23 
   1065 0.83 0.0 HG21 88 
   10 55.604 0.0 CA 3 
   1203 29.125 0.0 CG 98 
   542 2.79 0.0 HB3 46 
   613 7.022 0.0 HE1 51 
   208 178.43 0.0 C 20 
   1119 3.827 0.0 HA2 92 
   383 3.616 0.0 HA 34 
   237 57.61 0.0 CA 22 
   460 61.243 0.0 CA 40 
   933 115.627 0.0 N 77 
   881 17.673 0.0 CG2 72 
   913 174.359 0.0 C 76 
   527 122.697 0.0 N 44 
   791 117.742 0.0 N 66 
   851 26.419 0.0 CG1 70 
   209 56.978 0.0 CA 20 
   481 128.301 0.0 CZ 41 
   874 1.167 0.0 HG22 72 
   968 117.499 0.0 CE1 80 
   879 13.45 0.0 CD1 72 
   538 106.735 0.0 ND2 45 
   1132 0.068 0.0 HD22 93 
   708 -0.209 0.0 HG21 59 
   992 1.901 0.0 HB3 82 
   164 2.52 0.0 HG3 17 
   1239 42.11 0.0 CE 102 
   1040 6.636 0.0 H 86 
   1053 2.584 0.0 HB2 87 
   606 121.409 0.0 N 50 
   1028 116.818 0.0 N 84 
   245 1.795 0.0 HB3 23 
   446 15.099 0.0 CD1 39 
   770 3.908 0.0 HA 65 
   894 3.907 0.0 HD3 74 
   966 133.192 0.0 CD1 80 
   322 171.729 0.0 C 29 
   1056 52.907 0.0 CA 87 
   1265 2.339 0.0 HB3 104 
   672 0.563 0.0 HD13 56 
   658 8.201 0.0 H 55 
   353 111.73 0.0 NE2 31 
   14 8.628 0.0 H 4 
   1133 0.068 0.0 HD23 93 
   1344 52.539 0.0 CA 110 
   1311 3.315 0.0 HD2 108 
   761 3.801 0.0 HD3 64 
   292 0.75 0.0 HD11 27 
   192 57.55 0.0 CA 19 
   864 126.24 0.0 N 71 
   904 3.917 0.0 HB2 75 
   411 7.908 0.0 H 37 
   1034 2.094 0.0 HG3 85 
   497 13.076 0.0 CD1 42 
   807 25.787 0.0 CD1 67 
   1008 68.085 0.0 CB 83 
   994 2.169 0.0 HG3 82 
   267 118.071 0.0 CE2 24 
   317 123.653 0.0 N 28 
   282 1.162 0.0 HG23 26 
   533 7.365 0.0 HD22 45 
   419 1.757 0.0 HB 38 
   432 9.458 0.0 H 39 
   744 52.177 0.0 CA 62 
   424 0.574 0.0 HG22 38 
   677 175.248 0.0 C 56 
   684 7.214 0.0 H 57 
   1095 42.674 0.0 CB 90 
   1129 -0.102 0.0 HD12 93 
   321 3.555 0.0 HB3 29 
   749 4.537 0.0 HB 63 
   464 126.626 0.0 N 40 
   1343 176.868 0.0 C 110 
   1047 54.406 0.0 CA 86 
   1003 1.317 0.0 HG21 83 
   1221 1.459 0.0 HB3 101 
   52 1.354 0.0 HB3 7 
   590 8.188 0.0 H 50 
   129 3.873 0.0 HB3 14 
   291 1.158 0.0 HB3 27 
   796 1.216 0.0 HB3 67 
   548 4.133 0.0 HA 47 
   1255 127.212 0.0 CD1 103 
   832 55.752 0.0 CA 69 
   822 43.453 0.0 CD 68 
   609 3.28 0.0 HB2 51 
   202 0.832 0.0 HD12 20 
   818 1.681 0.0 HG3 68 
   940 8.683 0.0 H 79 
   1230 1.624 0.0 HD3 102 
   918 1.608 0.0 HB2 77 
   41 4.402 0.0 HA 6 
   659 4.94 0.0 HA 55 
   849 42.252 0.0 CB 70 
   1329 1.014 0.0 HD23 109 
   778 36.644 0.0 CG 65 
   519 9.087 0.0 H 44 
   546 111.628 0.0 N 46 
   121 1.401 0.0 HB3 13 
   820 58.094 0.0 CA 68 
   674 0.1 0.0 HD22 56 
   42 3.879 0.0 HB2 6 
   425 0.574 0.0 HG23 38 
   362 174.519 0.0 C 32 
   203 0.832 0.0 HD13 20 
   462 21.236 0.0 CG1 40 
   325 111.229 0.0 N 29 
   1146 0.88 0.0 HD11 94 
   1042 1.871 0.0 HB2 86 
   707 3.962 0.0 HB 59 
   178 58.414 0.0 CA 18 
   495 61.316 0.0 CA 42 
   1238 29.357 0.0 CD 102 
   1143 4.015 0.0 HA 94 
   661 3.034 0.0 HB3 55 
   257 7.074 0.0 HD1 24 
   595 1.556 0.0 HD3 50 
   1018 0.647 0.0 HD21 84 
   470 7.257 0.0 HD2 41 
   925 0.824 0.0 HD23 77 
   1248 6.803 0.0 HE3 103 
   135 4.394 0.0 HA 15 
   1261 129.285 0.0 NE1 103 
   703 20.052 0.0 CB 58 
   1179 1.643 0.0 HB2 97 
   1099 129.702 0.0 N 90 
   682 26.691 0.0 CG 56 
   518 128.415 0.0 N 43 
   1305 119.178 0.0 CD2 107 
   299 56.06 0.0 CA 27 
   85 0.86 0.0 HD13 10 
   698 0.928 0.0 HB1 58 
   1192 3.921 0.0 HA 98 
   297 0.897 0.0 HD23 27 
   404 2.193 0.0 HG2 36 
   993 2.169 0.0 HG2 82 
   650 7.948 0.0 H 54 
   810 117.57 0.0 N 67 
   586 25.513 0.0 CD1 49 
   1025 25.665 0.0 CD1 84 
   587 23.991 0.0 CD2 49 
   382 130.005 0.0 N 33 
   794 4.296 0.0 HA 67 
   351 33.242 0.0 CG 31 
   406 176.435 0.0 C 36 
   1317 32.352 0.0 CB 108 
   908 64.358 0.0 CB 75 
   1319 26.852 0.0 CG 108 
   768 28.234 0.0 CG 64 
   438 1.863 0.0 HG12 39 
   717 4.115 0.0 HA 60 
   716 7.089 0.0 H 60 
   521 1.364 0.0 HB1 44 
   441 0.365 0.0 HG22 39 
   787 175.329 0.0 C 66 
   1111 177.553 0.0 C 91 
   1252 181.021 0.0 C 103 
   1222 181.335 0.0 C 101 
   105 29.983 0.0 CB 11 
   229 4.086 0.0 HA 22 
   847 174.815 0.0 C 70 
   1171 7.722 0.0 H 96 
   1106 1.169 0.0 HG12 91 
   1130 -0.102 0.0 HD13 93 
   629 3.283 0.0 HD2 52 
   567 176.225 0.0 C 48 
   1279 1.426 0.0 HB1 105 
   408 32.757 0.0 CB 36 
   582 1.602 0.0 HG 49 
   793 7.132 0.0 H 67 
   296 0.897 0.0 HD22 27 
   715 99.63 0.0 N 59 
   472 7.087 0.0 HE2 41 
   633 55.616 0.0 CA 52 
   1233 1.398 0.0 HG2 102 
   387 61.518 0.0 CA 34 
   32 0.884 0.0 HG22 5 
   1149 0.839 0.0 HD21 94 
   1320 8.467 0.0 H 109 
   256 2.791 0.0 HB3 24 
   1125 3.727 0.0 HA 93 
   352 122.553 0.0 N 31 
   60 2.712 0.0 HB3 8 
   445 39.072 0.0 CB 39 
   1341 1.398 0.0 HB2 110 
   1004 1.317 0.0 HG22 83 
   976 6.984 0.0 HD2 81 
   278 4.43 0.0 HA 26 
   969 117.499 0.0 CE2 80 
   388 62.613 0.0 CB 34 
   1246 7.018 0.0 HD1 103 
   943 0.692 0.0 HG11 79 
   1124 7.615 0.0 H 93 
   1339 4.335 0.0 HA 110 
   1144 1.93 0.0 HB2 94 
   910 8.418 0.0 H 76 
   337 34.762 0.0 CB 30 
   797 -0.04 0.0 HD11 67 
   1333 42.849 0.0 CB 109 
   113 178.397 0.0 C 12 
   815 3.22 0.0 HD2 68 
   183 4.2 0.0 HA 19 
   147 3.165 0.0 HD3 16 
   937 170.501 0.0 C 78 
   395 177.168 0.0 C 35 
   1153 178.947 0.0 C 94 
   977 6.86 0.0 HE1 81 
   355 4.887 0.0 HA 32 
   786 2.098 0.0 HG3 66 
   1135 174.204 0.0 C 93 
   510 0.797 0.0 HD23 43 
   734 3.361 0.0 HA3 61 
   158 2.044 0.0 HB2 17 
   1134 1.465 0.0 HG 93 
   1005 1.317 0.0 HG23 83 
   1032 2.265 0.0 HB3 85 
   1251 6.685 0.0 HZ3 103 
   958 2.826 0.0 HB3 80 
   621 131.675 0.0 CE1 51 
   547 7.703 0.0 H 47 
   1226 3.979 0.0 HA 102 
   312 176.07 0.0 C 28 
   20 176.331 0.0 C 4 
   718 3.132 0.0 HB2 60 
   86 0.81 0.0 HD21 10 
   729 118.264 0.0 CE1 60 
   950 59.293 0.0 CA 79 
   1194 2.763 0.0 HB3 98 
   1285 120.951 0.0 N 105 
   301 26.22 0.0 CD1 27 
   1067 0.83 0.0 HG23 88 
   932 26.477 0.0 CG 77 
   455 0.769 0.0 HG13 40 
   1353 121.137 0.0 N 111 
   1118 7.314 0.0 H 92 
   1264 2.067 0.0 HB2 104 
   909 109.127 0.0 N 75 
   1145 1.482 0.0 HB3 94 
   957 2.892 0.0 HB2 80 
   640 2.014 0.0 HB3 53 
   967 133.192 0.0 CD2 80 
   1331 176.976 0.0 C 109 
   591 5.454 0.0 HA 50 
   1272 60.65 0.0 CA 104 
   326 8.245 0.0 H 30 
   926 1.474 0.0 HG 77 
   1197 1.615 0.0 HG2 98 
   1183 1.544 0.0 HG2 97 
   1138 24.399 0.0 CD1 93 
   554 1.442 0.0 HG3 47 
   310 1.564 0.0 HG2 28 
   812 4.191 0.0 HA 68 
   719 2.799 0.0 HB3 60 
   426 173.629 0.0 C 38 
   743 177.761 0.0 C 62 
   1072 22.104 0.0 CG2 88 
   1062 0.724 0.0 HG11 88 
   1102 1.437 0.0 HB 91 
   28 0.883 0.0 HG11 5 
   439 0.821 0.0 HG13 39 
   537 114.155 0.0 N 45 
   982 38.413 0.0 CB 81 
   701 177.612 0.0 C 58 
   1087 0.758 0.0 HD12 90 
   260 6.701 0.0 HE2 24 
   99 1.977 0.0 HB2 11 
   1045 2.116 0.0 HG3 86 
   985 130.512 0.0 CE1 81 
   311 1.421 0.0 HG3 28 
   694 124.612 0.0 N 57 
   1254 29.069 0.0 CB 103 
   1068 174.389 0.0 C 88 
   507 0.893 0.0 HD13 43 
   1236 59.169 0.0 CA 102 
   1030 3.622 0.0 HA 85 
   1228 1.689 0.0 HB3 102 
   1150 0.839 0.0 HD22 94 
   588 27.673 0.0 CG 49 
   1 4.425 0.0 HA 3 
   553 1.653 0.0 HG2 47 
   824 116.991 0.0 N 68 
   1043 1.238 0.0 HB3 86 
   284 59.488 0.0 CA 26 
   1027 26.393 0.0 CG 84 
   324 64.918 0.0 CB 29 
   739 4.298 0.0 HA 62 
   1276 117.096 0.0 N 104 
   688 7.208 0.0 HE21 57 
   218 1.928 0.0 HB3 21 
   566 1.94 0.0 HG3 48 
   1049 33.733 0.0 CG 86 
   754 67.952 0.0 CB 63 
   500 123.192 0.0 N 42 
   544 56.917 0.0 CA 46 
   62 7.585 0.0 HD22 8 
   302 26.014 0.0 CD2 27 
   350 32.865 0.0 CB 31 
   1193 1.534 0.0 HB2 98 
   580 0.789 0.0 HD22 49 
   31 0.884 0.0 HG21 5 
   1245 3.08 0.0 HB3 103 
   236 178.223 0.0 C 22 
   540 4.13 0.0 HA 46 
   435 0.827 0.0 HD11 39 
   1352 64.896 0.0 CB 111 
   115 18.829 0.0 CB 12 
   417 6.622 0.0 H 38 
   63 175.868 0.0 C 8 
   338 20.464 0.0 CG1 30 
   1117 116.561 0.0 N 91 
   526 17.978 0.0 CB 44 
   563 1.791 0.0 HB2 48 
   529 4.564 0.0 HA 45 
   790 34.742 0.0 CG 66 
   412 3.965 0.0 HA2 37 
   141 117.597 0.0 N 15 
   573 4.681 0.0 HA 49 
   1170 117.117 0.0 N 95 
   1019 0.647 0.0 HD22 84 
   860 175.775 0.0 C 71 
   489 1.467 0.0 HG12 42 
   1084 1.612 0.0 HB2 90 
   461 33.244 0.0 CB 40 
   25 8.177 0.0 H 5 
   678 52.687 0.0 CA 56 
   118 4.218 0.0 HA 13 
   878 38.256 0.0 CB 72 
   180 36.33 0.0 CG 18 
   1114 13.047 0.0 CD1 91 
   1126 1.663 0.0 HB2 93 
   1017 0.451 0.0 HD13 84 
   560 121.275 0.0 N 47 
   539 8.1 0.0 H 46 
   1191 7.999 0.0 H 98 
   477 132.608 0.0 CD1 41 
   179 29.811 0.0 CB 18 
   1336 27.041 0.0 CG 109 
   1090 0.902 0.0 HD22 90 
   1313 1.807 0.0 HG2 108 
   840 0.635 0.0 HD12 70 
   1174 174.742 0.0 C 96 
   361 6.319 0.0 HE2 32 
   309 3.084 0.0 HD3 28 
   1092 1.466 0.0 HG 90 
   531 2.661 0.0 HB3 45 
   945 0.692 0.0 HG13 79 
   1206 3.902 0.0 HA2 99 
   142 8.148 0.0 H 16 
   755 21.938 0.0 CG2 63 
   1214 4.42 0.0 HB3 100 
   347 2.215 0.0 HG3 31 
   493 0.921 0.0 HG23 42 
   127 4.342 0.0 HA 14 
   3 1.935 0.0 HB3 3 
   1348 4.214 0.0 HA 111 
   170 119.345 0.0 N 17 
   254 4.315 0.0 HA 24 
   978 6.86 0.0 HE2 81 
   210 42.252 0.0 CB 20 
   148 1.556 0.0 HG2 16 
   21 56.669 0.0 CA 4 
   751 1.15 0.0 HG22 63 
   562 5.281 0.0 HA 48 
   782 2.243 0.0 HB2 66 
   1223 56.234 0.0 CA 101 
   863 35.813 0.0 CG 71 
   895 2.112 0.0 HG2 74 
   151 57.826 0.0 CA 16 
   1172 4.236 0.0 HA2 96 
   530 3.252 0.0 HB2 45 
   43 3.824 0.0 HB3 6 
   1176 107.323 0.0 N 96 
   114 53.207 0.0 CA 12 
   467 3.304 0.0 HB2 41 
   1048 34.491 0.0 CB 86 
   1204 125.256 0.0 N 98 
   884 4.521 0.0 HA 73 
   1093 177.109 0.0 C 90 
   1180 1.643 0.0 HB3 97 
   702 54.433 0.0 CA 58 
   803 1.287 0.0 HG 67 
   29 0.883 0.0 HG12 5 
   420 0.713 0.0 HG11 38 
   1148 0.88 0.0 HD13 94 
   215 8.157 0.0 H 21 
   458 0.737 0.0 HG23 40 
   1225 8.543 0.0 H 102 
   1295 36.323 0.0 CG 106 
   687 0.068 0.0 HB3 57 
   1335 24.143 0.0 CD2 109 
   1156 26.8 0.0 CD1 94 
   67 112.954 0.0 ND2 8 
   234 1.658 0.0 HG2 22 
