   530 3.252 0.0 HB2 45 
   192 57.55 0.0 CA 19 
   71 1.998 0.0 HB3 9 
   450 8.934 0.0 H 40 
   945 0.692 0.0 HG13 79 
   1296 114.241 0.0 N 106 
   1161 4.384 0.0 HA 95 
   545 39.065 0.0 CB 46 
   677 175.248 0.0 C 56 
   631 1.861 0.0 HG2 52 
   163 2.46 0.0 HG2 17 
   1316 62.878 0.0 CA 108 
   732 8.751 0.0 H 61 
   742 1.112 0.0 HB3 62 
   574 1.727 0.0 HB2 49 
   209 56.978 0.0 CA 20 
   13 31.901 0.0 CG 3 
   891 2.382 0.0 HB2 74 
   1176 107.323 0.0 N 96 
   342 4.566 0.0 HA 31 
   900 50.653 0.0 CD 74 
   967 133.192 0.0 CD2 80 
   1030 3.622 0.0 HA 85 
   610 2.552 0.0 HB3 51 
   755 21.938 0.0 CG2 63 
   691 59.107 0.0 CA 57 
   422 0.713 0.0 HG13 38 
   649 28.552 0.0 CG 53 
   814 1.811 0.0 HB3 68 
   1172 4.236 0.0 HA2 96 
   1248 6.803 0.0 HE3 103 
   496 38.247 0.0 CB 42 
   274 58.413 0.0 CA 25 
   39 121.499 0.0 N 5 
   909 109.127 0.0 N 75 
   978 6.86 0.0 HE2 81 
   7 2.532 0.0 HG2 3 
   1102 1.437 0.0 HB 91 
   392 1.95 0.0 HB3 35 
   152 30.165 0.0 CB 16 
   924 0.824 0.0 HD22 77 
   1271 178.325 0.0 C 104 
   299 56.06 0.0 CA 27 
   872 0.696 0.0 HG13 72 
   129 3.873 0.0 HB3 14 
   257 7.074 0.0 HD1 24 
   366 133.168 0.0 CD2 32 
   305 4.445 0.0 HA 28 
   720 7.329 0.0 HD1 60 
   406 176.435 0.0 C 36 
   888 62.669 0.0 CB 73 
   981 57.116 0.0 CA 81 
   892 1.915 0.0 HB3 74 
   1063 0.724 0.0 HG12 88 
   690 0.608 0.0 HG3 57 
   1022 175.527 0.0 C 84 
   674 0.1 0.0 HD22 56 
   606 121.409 0.0 N 50 
   881 17.673 0.0 CG2 72 
   10 55.604 0.0 CA 3 
   1188 43.281 0.0 CD 97 
   1110 0.555 0.0 HG23 91 
   1029 7.848 0.0 H 85 
   744 52.177 0.0 CA 62 
   125 122.326 0.0 N 13 
   101 2.227 0.0 HG2 11 
   433 4.323 0.0 HA 39 
   220 2.502 0.0 HG2 21 
   1124 7.615 0.0 H 93 
   335 173.89 0.0 C 30 
   24 122.855 0.0 N 4 
   712 59.886 0.0 CA 59 
   871 1.629 0.0 HG12 72 
   49 4.212 0.0 HA 7 
   1349 3.803 0.0 HB2 111 
   186 2.03 0.0 HE1 19 
   428 35.509 0.0 CB 38 
   108 8.113 0.0 H 12 
   92 42.02 0.0 CB 10 
   899 31.733 0.0 CB 74 
   591 5.454 0.0 HA 50 
   506 0.893 0.0 HD12 43 
   727 133.724 0.0 CD1 60 
   2 2.029 0.0 HB2 3 
   54 53.151 0.0 CA 7 
   1347 7.888 0.0 H 111 
   550 1.794 0.0 HB3 47 
   552 3.068 0.0 HD3 47 
   920 0.842 0.0 HD11 77 
   173 2.003 0.0 HB2 18 
   279 4.215 0.0 HB 26 
   731 124.377 0.0 N 60 
   1265 2.339 0.0 HB3 104 
   956 5.161 0.0 HA 80 
   739 4.298 0.0 HA 62 
   1324 1.06 0.0 HD11 109 
   363 57.485 0.0 CA 32 
   1295 36.323 0.0 CG 106 
   53 178.059 0.0 C 7 
   512 178.81 0.0 C 43 
   577 0.712 0.0 HD12 49 
   1001 3.987 0.0 HA 83 
   883 8.586 0.0 H 73 
   992 1.901 0.0 HB3 82 
   321 3.555 0.0 HB3 29 
   249 57.172 0.0 CA 23 
   939 109.48 0.0 N 78 
   749 4.537 0.0 HB 63 
   1 4.425 0.0 HA 3 
   240 27.348 0.0 CG 22 
   1057 44.193 0.0 CB 87 
   426 173.629 0.0 C 38 
   589 125.107 0.0 N 49 
   161 2.001 0.0 HE2 17 
   1276 117.096 0.0 N 104 
   705 6.395 0.0 H 59 
   536 37.016 0.0 CB 45 
   1298 4.435 0.0 HA 107 
   779 114.841 0.0 N 65 
   369 124.536 0.0 N 32 
   1340 1.398 0.0 HB1 110 
   1220 1.459 0.0 HB2 101 
   59 2.776 0.0 HB2 8 
   1017 0.451 0.0 HD13 84 
   543 175.512 0.0 C 46 
   44 174.496 0.0 C 6 
   1189 27.707 0.0 CG 97 
   864 126.24 0.0 N 71 
   657 111.513 0.0 N 54 
   684 7.214 0.0 H 57 
   1142 8.317 0.0 H 94 
   518 128.415 0.0 N 43 
   652 2.966 0.0 HB2 54 
   339 23.077 0.0 CG2 30 
   930 26.039 0.0 CD1 77 
