   329 0.252 0.0 HG11 30 
   202 0.832 0.0 HD12 20 
   811 7.214 0.0 H 68 
   877 61.763 0.0 CA 72 
   473 6.866 0.0 HZ 41 
   553 1.653 0.0 HG2 47 
   767 49.993 0.0 CD 64 
   1065 0.83 0.0 HG21 88 
   192 57.55 0.0 CA 19 
   1031 2.094 0.0 HB2 85 
   596 2.85 0.0 HE2 50 
   1336 27.041 0.0 CG 109 
   989 7.466 0.0 H 82 
   375 2.833 0.0 HD3 33 
   126 8.165 0.0 H 14 
   906 175.703 0.0 C 75 
   1059 9.051 0.0 H 88 
   921 0.842 0.0 HD12 77 
   498 28.39 0.0 CG1 42 
   1160 7.738 0.0 H 95 
   789 29.542 0.0 CB 66 
   798 -0.04 0.0 HD12 67 
   179 29.811 0.0 CB 18 
   266 118.071 0.0 CE1 24 
   914 45.558 0.0 CA 76 
   69 4.162 0.0 HA 9 
   895 2.112 0.0 HG2 74 
   916 7.499 0.0 H 77 
   1205 7.684 0.0 H 99 
   2 2.029 0.0 HB2 3 
   339 23.077 0.0 CG2 30 
   218 1.928 0.0 HB3 21 
   514 42.395 0.0 CB 43 
   1265 2.339 0.0 HB3 104 
   276 113.556 0.0 N 25 
   1061 1.943 0.0 HB 88 
   64 53.841 0.0 CA 8 
   775 178.76 0.0 C 65 
   904 3.917 0.0 HB2 75 
   1042 1.871 0.0 HB2 86 
   98 4.131 0.0 HA 11 
   467 3.304 0.0 HB2 41 
   1107 0.614 0.0 HG13 91 
   846 0.118 0.0 HG23 70 
   1157 23.025 0.0 CD2 94 
   1300 1.173 0.0 HB3 107 
   451 4.77 0.0 HA 40 
   1225 8.543 0.0 H 102 
   634 28.313 0.0 CB 52 
   1219 1.459 0.0 HB1 101 
   773 2.328 0.0 HG2 65 
   704 116.752 0.0 N 58 
   330 0.252 0.0 HG12 30 
   290 1.67 0.0 HB2 27 
   234 1.658 0.0 HG2 22 
   7 2.532 0.0 HG2 3 
   693 31.891 0.0 CG 57 
   366 133.168 0.0 CD2 32 
   860 175.775 0.0 C 71 
   542 2.79 0.0 HB3 46 
   1292 174.911 0.0 C 106 
   463 21.935 0.0 CG2 40 
   1190 122.473 0.0 N 97 
   1233 1.398 0.0 HG2 102 
   471 7.087 0.0 HE1 41 
   136 3.912 0.0 HB2 15 
   668 2.211 0.0 HB2 56 
   149 1.556 0.0 HG3 16 
   573 4.681 0.0 HA 49 
   1267 2.298 0.0 HE2 104 
   237 57.61 0.0 CA 22 
   813 1.901 0.0 HB2 68 
   255 2.895 0.0 HB2 24 
   543 175.512 0.0 C 46 
   898 65.658 0.0 CA 74 
   70 1.998 0.0 HB2 9 
   85 0.86 0.0 HD13 10 
   417 6.622 0.0 H 38 
   787 175.329 0.0 C 66 
   800 0.36 0.0 HD21 67 
   948 0.488 0.0 HG23 79 
   368 117.341 0.0 CE2 32 
   1273 33.268 0.0 CB 104 
   1289 1.513 0.0 HB3 106 
   1216 64.391 0.0 CB 100 
   628 1.678 0.0 HB3 52 
   229 4.086 0.0 HA 22 
   332 0.674 0.0 HG21 30 
   1279 1.426 0.0 HB1 105 
   361 6.319 0.0 HE2 32 
   929 42.125 0.0 CB 77 
   705 6.395 0.0 H 59 
   305 4.445 0.0 HA 28 
   554 1.442 0.0 HG3 47 
   1188 43.281 0.0 CD 97 
   1113 37.084 0.0 CB 91 
   191 177.964 0.0 C 19 
   533 7.365 0.0 HD22 45 
   1180 1.643 0.0 HB3 97 
   1161 4.384 0.0 HA 95 
   579 0.789 0.0 HD21 49 
   252 119.302 0.0 N 23 
   20 176.331 0.0 C 4 
   534 175.729 0.0 C 45 
   1027 26.393 0.0 CG 84 
   1012 4.131 0.0 HA 84 
   823 27.438 0.0 CG 68 
   511 1.668 0.0 HG 43 
   934 7.647 0.0 H 78 
   850 14.445 0.0 CD1 70 
   321 3.555 0.0 HB3 29 
   216 4.037 0.0 HA 21 
   59 2.776 0.0 HB2 8 
   563 1.791 0.0 HB2 48 
   738 8.104 0.0 H 62 
   808 23.38 0.0 CD2 67 
   953 22.452 0.0 CG2 79 
   734 3.361 0.0 HA3 61 
   363 57.485 0.0 CA 32 
   926 1.474 0.0 HG 77 
   820 58.094 0.0 CA 68 
   721 7.329 0.0 HD2 60 
   606 121.409 0.0 N 50 
   580 0.789 0.0 HD22 49 
   835 118.394 0.0 N 69 
   671 0.563 0.0 HD12 56 
   772 1.946 0.0 HB3 65 
   561 8.308 0.0 H 48 
   874 1.167 0.0 HG22 72 
   758 2.241 0.0 HB2 64 
   613 7.022 0.0 HE1 51 
   739 4.298 0.0 HA 62 
   63 175.868 0.0 C 8 
   167 31.857 0.0 CB 17 
   246 1.981 0.0 HG2 23 
   425 0.574 0.0 HG23 38 
   552 3.068 0.0 HD3 47 
   317 123.653 0.0 N 28 
   198 4.193 0.0 HA 20 
   19 2.199 0.0 HG3 4 
   1163 2.236 0.0 HB3 95 
   130 175.451 0.0 C 14 
   1000 9.023 0.0 H 83 
   643 2.087 0.0 HG2 53 
   1326 1.06 0.0 HD13 109 
   144 1.84 0.0 HB2 16 
   475 56.064 0.0 CA 41 
   810 117.57 0.0 N 67 
   385 3.839 0.0 HB3 34 
   1026 22.07 0.0 CD2 84 
   880 28.809 0.0 CG1 72 
   197 8.034 0.0 H 20 
   438 1.863 0.0 HG12 39 
   1308 4.342 0.0 HA 108 
   483 9.051 0.0 H 42 
   31 0.884 0.0 HG21 5 
   310 1.564 0.0 HG2 28 
   611 7.186 0.0 HD1 51 
   515 25.078 0.0 CD1 43 
   207 1.708 0.0 HG 20 
   836 7.957 0.0 H 70 
   1211 8.646 0.0 H 100 
   1254 29.069 0.0 CB 103 
   1235 177.978 0.0 C 102 
   652 2.966 0.0 HB2 54 
   468 2.612 0.0 HB3 41 
   331 0.252 0.0 HG13 30 
   544 56.917 0.0 CA 46 
   311 1.421 0.0 HG3 28 
   1005 1.317 0.0 HG23 83 
   1011 6.473 0.0 H 84 
   1311 3.315 0.0 HD2 108 
   5 2.037 0.0 HE2 3 
   100 1.977 0.0 HB3 11 
   485 1.815 0.0 HB 42 
   1332 55.074 0.0 CA 109 
   42 3.879 0.0 HB2 6 
   723 6.914 0.0 HE2 60 
   539 8.1 0.0 H 46 
   1094 57.642 0.0 CA 90 
   270 4.133 0.0 HA 25 
   992 1.901 0.0 HB3 82 
   625 9.528 0.0 H 52 
   677 175.248 0.0 C 56 
   169 32.011 0.0 CG 17 
   204 0.854 0.0 HD21 20 
   1067 0.83 0.0 HG23 88 
   970 126.853 0.0 N 80 
   1309 2.209 0.0 HB2 108 
   774 2.196 0.0 HG3 65 
   518 128.415 0.0 N 43 
   320 3.731 0.0 HB2 29 
   319 4.528 0.0 HA 29 
   391 1.95 0.0 HB2 35 
   832 55.752 0.0 CA 69 
   757 3.427 0.0 HA 64 
   1016 0.451 0.0 HD12 84 
   1341 1.398 0.0 HB2 110 
   271 4.022 0.0 HB2 25 
   620 131.545 0.0 CD2 51 
   51 1.354 0.0 HB2 7 
   373 1.546 0.0 HB3 33 
   38 20.453 0.0 CG2 5 
   523 1.364 0.0 HB3 44 
   9 176.016 0.0 C 3 
   848 60.153 0.0 CA 70 
   1268 2.298 0.0 HE3 104 
   788 57.206 0.0 CA 66 
   29 0.883 0.0 HG12 5 
   742 1.112 0.0 HB3 62 
   233 3.132 0.0 HD3 22 
   582 1.602 0.0 HG 49 
   1210 105.916 0.0 N 99 
   147 3.165 0.0 HD3 16 
   174 2.003 0.0 HB3 18 
   104 57.085 0.0 CA 11 
   97 8.147 0.0 H 11 
   223 57.396 0.0 CA 21 
   753 58.845 0.0 CA 63 
   732 8.751 0.0 H 61 
   26 4.098 0.0 HA 5 
   1251 6.685 0.0 HZ3 103 
   1316 62.878 0.0 CA 108 
   741 1.112 0.0 HB2 62 
   187 2.03 0.0 HE2 19 
   12 16.881 0.0 CE 3 
   57 8.312 0.0 H 8 
   1203 29.125 0.0 CG 98 
   726 37.813 0.0 CB 60 
   650 7.948 0.0 H 54 
   404 2.193 0.0 HG2 36 
   11 32.91 0.0 CB 3 
   156 8.14 0.0 H 17 
   1230 1.624 0.0 HD3 102 
   164 2.52 0.0 HG3 17 
   370 8.36 0.0 H 33 
   1030 3.622 0.0 HA 85 
   1056 52.907 0.0 CA 87 
   887 57.766 0.0 CA 73 
   1144 1.93 0.0 HB2 94 
   1043 1.238 0.0 HB3 86 
   1004 1.317 0.0 HG22 83 
   862 32.946 0.0 CB 71 
   1259 121.776 0.0 CZ3 103 
   1028 116.818 0.0 N 84 
   933 115.627 0.0 N 77 
   1271 178.325 0.0 C 104 
   985 130.512 0.0 CE1 81 
   512 178.81 0.0 C 43 
   392 1.95 0.0 HB3 35 
   409 36.871 0.0 CG 36 
   853 125.545 0.0 N 70 
   1053 2.584 0.0 HB2 87 
   966 133.192 0.0 CD1 80 
   88 0.81 0.0 HD23 10 
   761 3.801 0.0 HD3 64 
   1152 1.717 0.0 HG 94 
   501 9.031 0.0 H 43 
   103 177.123 0.0 C 11 
   963 175.006 0.0 C 80 
   201 0.832 0.0 HD11 20 
   556 57.292 0.0 CA 47 
   79 8.06 0.0 H 10 
   585 44.054 0.0 CB 49 
   609 3.28 0.0 HB2 51 
   388 62.613 0.0 CB 34 
   876 175.825 0.0 C 72 
   639 2.014 0.0 HB2 53 
   875 1.167 0.0 HG23 72 
   725 60.827 0.0 CA 60 
   73 2.204 0.0 HG3 9 
   384 3.925 0.0 HB2 34 
   1186 55.877 0.0 CA 97 
   771 1.946 0.0 HB2 65 
   1087 0.758 0.0 HD12 90 
   546 111.628 0.0 N 46 
   296 0.897 0.0 HD22 27 
   205 0.854 0.0 HD22 20 
   162 2.001 0.0 HE3 17 
   1119 3.827 0.0 HA2 92 
   586 25.513 0.0 CD1 49 
   1310 1.86 0.0 HB3 108 
   1032 2.265 0.0 HB3 85 
   418 4.915 0.0 HA 38 
   464 126.626 0.0 N 40 
   422 0.713 0.0 HG13 38 
   1017 0.451 0.0 HD13 84 
   436 0.827 0.0 HD12 39 
   1208 171.528 0.0 C 99 
   102 2.197 0.0 HG3 11 
   1253 62.775 0.0 CA 103 
   581 0.789 0.0 HD23 49 
   1252 181.021 0.0 C 103 
   1078 175.634 0.0 C 89 
   94 23.445 0.0 CD2 10 
   817 1.801 0.0 HG2 68 
   555 174.209 0.0 C 47 
   1177 8.717 0.0 H 97 
   445 39.072 0.0 CB 39 
   1173 3.752 0.0 HA3 96 
   863 35.813 0.0 CG 71 
   499 17.509 0.0 CG2 42 
   749 4.537 0.0 HB 63 
   1264 2.067 0.0 HB2 104 
   1237 32.751 0.0 CB 102 
   724 178.019 0.0 C 60 
   81 1.659 0.0 HB2 10 
   45 58.096 0.0 CA 6 
   1319 26.852 0.0 CG 108 
   994 2.169 0.0 HG3 82 
   873 1.167 0.0 HG21 72 
   1150 0.839 0.0 HD22 94 
   160 2.001 0.0 HE1 17 
   1111 177.553 0.0 C 91 
   1209 45.495 0.0 CA 99 
   472 7.087 0.0 HE2 41 
   931 23.53 0.0 CD2 77 
   150 177.474 0.0 C 16 
   627 2.135 0.0 HB2 52 
   28 0.883 0.0 HG11 5 
   428 35.509 0.0 CB 38 
   858 2.203 0.0 HG2 71 
   1 4.425 0.0 HA 3 
   72 2.204 0.0 HG2 9 
   495 61.316 0.0 CA 42 
   520 3.968 0.0 HA 44 
   110 1.37 0.0 HB1 12 
   667 4.636 0.0 HA 56 
   1158 26.897 0.0 CG 94 
   1276 117.096 0.0 N 104 
   801 0.36 0.0 HD22 67 
   243 4.083 0.0 HA 23 
   230 1.794 0.0 HB2 22 
   950 59.293 0.0 CA 79 
   1278 3.948 0.0 HA 105 
   676 1.245 0.0 HG 56 
   1136 58.032 0.0 CA 93 
   854 8.778 0.0 H 71 
   222 177.928 0.0 C 21 
   421 0.713 0.0 HG12 38 
   1003 1.317 0.0 HG21 83 
   783 1.925 0.0 HB3 66 
   399 121.527 0.0 N 35 
   283 174.498 0.0 C 26 
   1302 7.911 0.0 HE1 107 
   919 1.608 0.0 HB3 77 
   76 29.741 0.0 CB 9 
   1258 114.304 0.0 CZ2 103 
   1014 1.467 0.0 HB3 84 
   166 57.361 0.0 CA 17 
   431 105.549 0.0 N 38 
   636 27.315 0.0 CG 52 
   62 7.585 0.0 HD22 8 
   917 4.552 0.0 HA 77 
   386 176.483 0.0 C 34 
   692 28.159 0.0 CB 57 
   939 109.48 0.0 N 78 
   947 0.488 0.0 HG22 79 
   1204 125.256 0.0 N 98 
   700 0.928 0.0 HB3 58 
   480 130.657 0.0 CE2 41 
   680 24.042 0.0 CD1 56 
   890 4.309 0.0 HA 74 
   340 122.775 0.0 N 30 
   427 58.127 0.0 CA 38 
   588 27.673 0.0 CG 49 
   1324 1.06 0.0 HD11 109 
   859 2.053 0.0 HG3 71 
   324 64.918 0.0 CB 29 
   1084 1.612 0.0 HB2 90 
   851 26.419 0.0 CG1 70 
   1340 1.398 0.0 HB1 110 
   594 1.556 0.0 HD2 50 
   497 13.076 0.0 CD1 42 
   975 6.984 0.0 HD1 81 
   486 0.685 0.0 HD11 42 
   864 126.24 0.0 N 71 
   43 3.824 0.0 HB3 6 
   301 26.22 0.0 CD1 27 
   968 117.499 0.0 CE1 80 
   1207 3.902 0.0 HA3 99 
   949 171.397 0.0 C 79 
   1072 22.104 0.0 CG2 88 
   180 36.33 0.0 CG 18 
   1312 3.044 0.0 HD3 108 
   414 174.303 0.0 C 37 
   1241 119.022 0.0 N 102 
   217 2.12 0.0 HB2 21 
   718 3.132 0.0 HB2 60 
   1029 7.848 0.0 H 85 
   1040 6.636 0.0 H 86 
   401 4.289 0.0 HA 36 
   168 16.963 0.0 CE 17 
   866 4.208 0.0 HA 72 
   279 4.215 0.0 HB 26 
   1201 31.248 0.0 CB 98 
   1331 176.976 0.0 C 109 
   1248 6.803 0.0 HE3 103 
   930 26.039 0.0 CD1 77 
   666 7.22 0.0 H 56 
   1296 114.241 0.0 N 106 
   106 36.09 0.0 CG 11 
   1274 15.91 0.0 CE 104 
   969 117.499 0.0 CE2 80 
   1240 24.762 0.0 CG 102 
