   873 1.167 0.0 HG21 72 
   81 1.659 0.0 HB2 10 
   979 6.755 0.0 HZ 81 
   1171 7.722 0.0 H 96 
   1059 9.051 0.0 H 88 
   60 2.712 0.0 HB3 8 
   1192 3.921 0.0 HA 98 
   415 46.016 0.0 CA 37 
   1069 61.447 0.0 CA 88 
   470 7.257 0.0 HD2 41 
   1215 58.114 0.0 CA 100 
   1098 26.895 0.0 CG 90 
   820 58.094 0.0 CA 68 
   572 9.364 0.0 H 49 
   13 31.901 0.0 CG 3 
   426 173.629 0.0 C 38 
   66 116.954 0.0 N 8 
   1020 0.647 0.0 HD23 84 
   655 55.185 0.0 CA 54 
   690 0.608 0.0 HG3 57 
   30 0.883 0.0 HG13 5 
   675 0.1 0.0 HD23 56 
   558 43.885 0.0 CD 47 
   787 175.329 0.0 C 66 
   48 8.431 0.0 H 7 
   574 1.727 0.0 HB2 49 
   1185 174.894 0.0 C 97 
   985 130.512 0.0 CE1 81 
   696 8.306 0.0 H 58 
   1181 3.087 0.0 HD2 97 
   872 0.696 0.0 HG13 72 
   904 3.917 0.0 HB2 75 
   436 0.827 0.0 HD12 39 
   683 118.239 0.0 N 56 
   842 1.246 0.0 HG12 70 
   831 174.904 0.0 C 69 
   1162 2.044 0.0 HB2 95 
   1311 3.315 0.0 HD2 108 
   1090 0.902 0.0 HD22 90 
   57 8.312 0.0 H 8 
   563 1.791 0.0 HB2 48 
   1152 1.717 0.0 HG 94 
   104 57.085 0.0 CA 11 
   1270 2.214 0.0 HG3 104 
   395 177.168 0.0 C 35 
   1002 4.209 0.0 HB 83 
   936 4.045 0.0 HA3 78 
   528 7.355 0.0 H 45 
   226 118.077 0.0 N 21 
   134 8.205 0.0 H 15 
   73 2.204 0.0 HG3 9 
   1307 117.066 0.0 N 107 
   145 1.84 0.0 HB3 16 
   932 26.477 0.0 CG 77 
   606 121.409 0.0 N 50 
   1116 17.114 0.0 CG2 91 
   255 2.895 0.0 HB2 24 
   705 6.395 0.0 H 59 
   289 4.249 0.0 HA 27 
   369 124.536 0.0 N 32 
   363 57.485 0.0 CA 32 
   459 174.702 0.0 C 40 
   758 2.241 0.0 HB2 64 
   702 54.433 0.0 CA 58 
   519 9.087 0.0 H 44 
   366 133.168 0.0 CD2 32 
   832 55.752 0.0 CA 69 
   658 8.201 0.0 H 55 
   1255 127.212 0.0 CD1 103 
   901 27.83 0.0 CG 74 
   709 -0.209 0.0 HG22 59 
   973 3.113 0.0 HB2 81 
   1071 21.209 0.0 CG1 88 
   866 4.208 0.0 HA 72 
   651 4.702 0.0 HA 54 
   278 4.43 0.0 HA 26 
   1124 7.615 0.0 H 93 
   927 176.209 0.0 C 77 
   1191 7.999 0.0 H 98 
   56 126.064 0.0 N 7 
   998 35.923 0.0 CG 82 
   913 174.359 0.0 C 76 
   667 4.636 0.0 HA 56 
   1060 4.191 0.0 HA 88 
   891 2.382 0.0 HB2 74 
   521 1.364 0.0 HB1 44 
   89 1.587 0.0 HG 10 
   433 4.323 0.0 HA 39 
   786 2.098 0.0 HG3 66 
   334 0.674 0.0 HG23 30 
   144 1.84 0.0 HB2 16 
   171 8.19 0.0 H 18 
   550 1.794 0.0 HB3 47 
   1301 6.147 0.0 HD2 107 
   290 1.67 0.0 HB2 27 
   646 65.032 0.0 CA 53 
   967 133.192 0.0 CD2 80 
   707 3.962 0.0 HB 59 
   688 7.208 0.0 HE21 57 
   798 -0.04 0.0 HD12 67 
   1221 1.459 0.0 HB3 101 
   1038 37.004 0.0 CG 85 
   1095 42.674 0.0 CB 90 
   959 6.868 0.0 HD1 80 
   318 7.994 0.0 H 29 
   554 1.442 0.0 HG3 47 
   1006 175.706 0.0 C 83 
   180 36.33 0.0 CG 18 
   907 58.685 0.0 CA 75 
   1037 26.953 0.0 CB 85 
   450 8.934 0.0 H 40 
   999 124.087 0.0 N 82 
   880 28.809 0.0 CG1 72 
   763 1.792 0.0 HG3 64 
   45 58.096 0.0 CA 6 
   487 0.685 0.0 HD12 42 
   341 8.341 0.0 H 31 
   1042 1.871 0.0 HB2 86 
   469 7.257 0.0 HD1 41 
   1310 1.86 0.0 HB3 108 
   1211 8.646 0.0 H 100 
   208 178.43 0.0 C 20 
   239 43.459 0.0 CD 22 
   423 0.574 0.0 HG21 38 
   271 4.022 0.0 HB2 25 
   674 0.1 0.0 HD22 56 
   773 2.328 0.0 HG2 65 
   923 0.824 0.0 HD21 77 
   1320 8.467 0.0 H 109 
   406 176.435 0.0 C 36 
   575 1.555 0.0 HB3 49 
   676 1.245 0.0 HG 56 
   535 52.068 0.0 CA 45 
   560 121.275 0.0 N 47 
   381 26.709 0.0 CG 33 
   916 7.499 0.0 H 77 
   1314 1.807 0.0 HG3 108 
   175 2.198 0.0 HG2 18 
   336 60.933 0.0 CA 30 
   430 18.467 0.0 CG2 38 
   511 1.668 0.0 HG 43 
   1222 181.335 0.0 C 101 
   269 7.403 0.0 H 25 
   108 8.113 0.0 H 12 
   1321 4.315 0.0 HA 109 
   28 0.883 0.0 HG11 5 
   90 178.235 0.0 C 10 
   863 35.813 0.0 CG 71 
   11 32.91 0.0 CB 3 
   1155 41.391 0.0 CB 94 
   301 26.22 0.0 CD1 27 
   130 175.451 0.0 C 14 
   376 1.44 0.0 HG2 33 
   540 4.13 0.0 HA 46 
   1204 125.256 0.0 N 98 
   1092 1.466 0.0 HG 90 
   860 175.775 0.0 C 71 
   1079 56.08 0.0 CA 89 
   461 33.244 0.0 CB 40 
   761 3.801 0.0 HD3 64 
   1186 55.877 0.0 CA 97 
   353 111.73 0.0 NE2 31 
   1111 177.553 0.0 C 91 
   446 15.099 0.0 CD1 39 
   298 175.89 0.0 C 27 
   20 176.331 0.0 C 4 
   382 130.005 0.0 N 33 
   1009 23.764 0.0 CG2 83 
   483 9.051 0.0 H 42 
   895 2.112 0.0 HG2 74 
   185 2.046 0.0 HB3 19 
   726 37.813 0.0 CB 60 
   679 42.559 0.0 CB 56 
   595 1.556 0.0 HD3 50 
   36 32.906 0.0 CB 5 
   986 130.512 0.0 CE2 81 
   672 0.563 0.0 HD13 56 
   742 1.112 0.0 HB3 62 
   784 7.328 0.0 HE21 66 
   166 57.361 0.0 CA 17 
   654 175.841 0.0 C 54 
   865 9.013 0.0 H 72 
   77 36.292 0.0 CG 9 
   760 3.713 0.0 HD2 64 
   274 58.413 0.0 CA 25 
   757 3.427 0.0 HA 64 
   223 57.396 0.0 CA 21 
   327 4.941 0.0 HA 30 
   1273 33.268 0.0 CB 104 
   633 55.616 0.0 CA 52 
   1251 6.685 0.0 HZ3 103 
   802 0.36 0.0 HD23 67 
   292 0.75 0.0 HD11 27 
   503 2.221 0.0 HB2 43 
   569 32.524 0.0 CB 48 
   26 4.098 0.0 HA 5 
   136 3.912 0.0 HB2 15 
   279 4.215 0.0 HB 26 
   1305 119.178 0.0 CD2 107 
   840 0.635 0.0 HD12 70 
   80 4.197 0.0 HA 10 
   946 0.488 0.0 HG21 79 
   604 41.911 0.0 CE 50 
   454 0.769 0.0 HG12 40 
   405 2.086 0.0 HG3 36 
   678 52.687 0.0 CA 56 
   160 2.001 0.0 HE1 17 
   457 0.737 0.0 HG22 40 
   656 39.184 0.0 CB 54 
   1018 0.647 0.0 HD21 84 
   1216 64.391 0.0 CB 100 
   876 175.825 0.0 C 72 
   117 8.142 0.0 H 13 
   203 0.832 0.0 HD13 20 
   926 1.474 0.0 HG 77 
   422 0.713 0.0 HG13 38 
   1304 26.649 0.0 CB 107 
   942 1.744 0.0 HB 79 
   137 3.912 0.0 HB3 15 
   273 172.134 0.0 C 25 
   796 1.216 0.0 HB3 67 
   120 1.401 0.0 HB2 13 
   284 59.488 0.0 CA 26 
   649 28.552 0.0 CG 53 
   275 64.876 0.0 CB 25 
   370 8.36 0.0 H 33 
   1206 3.902 0.0 HA2 99 
   258 7.074 0.0 HD2 24 
   502 5.108 0.0 HA 43 
   811 7.214 0.0 H 68 
   663 55.404 0.0 CA 55 
   1120 3.681 0.0 HA3 92 
   966 133.192 0.0 CD1 80 
   142 8.148 0.0 H 16 
   1250 6.476 0.0 HZ2 103 
   486 0.685 0.0 HD11 42 
   243 4.083 0.0 HA 23 
   1137 41.703 0.0 CB 93 
   685 2.151 0.0 HA 57 
   105 29.983 0.0 CB 11 
   246 1.981 0.0 HG2 23 
   801 0.36 0.0 HD22 67 
   1178 4.322 0.0 HA 97 
   729 118.264 0.0 CE1 60 
   848 60.153 0.0 CA 70 
   582 1.602 0.0 HG 49 
   241 119.729 0.0 N 22 
   9 176.016 0.0 C 3 
   177 176.883 0.0 C 18 
   759 1.816 0.0 HB3 64 
   103 177.123 0.0 C 11 
   217 2.12 0.0 HB2 21 
   935 4.601 0.0 HA2 78 
   1197 1.615 0.0 HG2 98 
   361 6.319 0.0 HE2 32 
   477 132.608 0.0 CD1 41 
   55 19.004 0.0 CB 7 
   677 175.248 0.0 C 56 
   836 7.957 0.0 H 70 
   242 7.95 0.0 H 23 
   1145 1.482 0.0 HB3 94 
   322 171.729 0.0 C 29 
   202 0.832 0.0 HD12 20 
   191 177.964 0.0 C 19 
   151 57.826 0.0 CA 16 
   577 0.712 0.0 HD12 49 
   1074 8.503 0.0 H 89 
   689 1.708 0.0 HG2 57 
   320 3.731 0.0 HB2 29 
   1021 1.476 0.0 HG 84 
   1110 0.555 0.0 HG23 91 
   348 174.131 0.0 C 31 
   1097 26.006 0.0 CD2 90 
   347 2.215 0.0 HG3 31 
   403 1.619 0.0 HB3 36 
   630 3.332 0.0 HD3 52 
   1127 1.079 0.0 HB3 93 
   1061 1.943 0.0 HB 88 
   18 2.199 0.0 HG2 4 
   602 35.539 0.0 CB 50 
   719 2.799 0.0 HB3 60 
   1003 1.317 0.0 HG21 83 
   377 1.378 0.0 HG3 33 
   861 54.724 0.0 CA 71 
   611 7.186 0.0 HD1 51 
   294 0.75 0.0 HD13 27 
   21 56.669 0.0 CA 4 
   167 31.857 0.0 CB 17 
   557 30.762 0.0 CB 47 
   665 116.732 0.0 N 55 
   222 177.928 0.0 C 21 
   544 56.917 0.0 CA 46 
   797 -0.04 0.0 HD11 67 
   493 0.921 0.0 HG23 42 
   1248 6.803 0.0 HE3 103 
   594 1.556 0.0 HD2 50 
   1237 32.751 0.0 CB 102 
   903 4.211 0.0 HA 75 
   888 62.669 0.0 CB 73 
   1158 26.897 0.0 CG 94 
   236 178.223 0.0 C 22 
   215 8.157 0.0 H 21 
   1289 1.513 0.0 HB3 106 
   186 2.03 0.0 HE1 19 
   1065 0.83 0.0 HG21 88 
   317 123.653 0.0 N 28 
   1032 2.265 0.0 HB3 85 
   875 1.167 0.0 HG23 72 
   921 0.842 0.0 HD12 77 
   566 1.94 0.0 HG3 48 
   621 131.675 0.0 CE1 51 
   263 38.578 0.0 CB 24 
   1036 57.064 0.0 CA 85 
   746 123.335 0.0 N 62 
   800 0.36 0.0 HD21 67 
   827 1.967 0.0 HB2 69 
   170 119.345 0.0 N 17 
   551 3.179 0.0 HD2 47 
   567 176.225 0.0 C 48 
   416 108.087 0.0 N 37 
   64 53.841 0.0 CA 8 
   1165 2.274 0.0 HG3 95 
   1024 42.208 0.0 CB 84 
   684 7.214 0.0 H 57 
   531 2.661 0.0 HB3 45 
   126 8.165 0.0 H 14 
   781 4.059 0.0 HA 66 
   1118 7.314 0.0 H 92 
   765 65.999 0.0 CA 64 
   900 50.653 0.0 CD 74 
   983 131.99 0.0 CD1 81 
   194 17.023 0.0 CE 19 
   1084 1.612 0.0 HB2 90 
   828 1.967 0.0 HB3 69 
   736 45.0 0.0 CA 61 
   286 22.829 0.0 CG2 26 
   398 36.377 0.0 CG 35 
   1034 2.094 0.0 HG3 85 
   777 28.454 0.0 CB 65 
   4 2.037 0.0 HE1 3 
   740 1.112 0.0 HB1 62 
   815 3.22 0.0 HD2 68 
   1129 -0.102 0.0 HD12 93 
   1104 0.62 0.0 HD12 91 
   383 3.616 0.0 HA 34 
   1269 2.941 0.0 HG2 104 
   816 3.22 0.0 HD3 68 
   782 2.243 0.0 HB2 66 
   509 0.797 0.0 HD22 43 
   474 174.17 0.0 C 41 
   1195 3.779 0.0 HD2 98 
   914 45.558 0.0 CA 76 
   169 32.011 0.0 CG 17 
   776 59.383 0.0 CA 65 
   937 170.501 0.0 C 78 
   43 3.824 0.0 HB3 6 
   693 31.891 0.0 CG 57 
   724 178.019 0.0 C 60 
   387 61.518 0.0 CA 34 
   1229 1.65 0.0 HD2 102 
   1256 118.379 0.0 CE3 103 
   460 61.243 0.0 CA 40 
   451 4.77 0.0 HA 40 
   964 55.493 0.0 CA 80 
   1089 0.902 0.0 HD21 90 
   928 54.378 0.0 CA 77 
   408 32.757 0.0 CB 36 
   897 177.861 0.0 C 74 
   732 8.751 0.0 H 61 
   971 8.68 0.0 H 81 
   1268 2.298 0.0 HE3 104 
   628 1.678 0.0 HB3 52 
   1323 1.528 0.0 HB3 109 
   867 1.671 0.0 HB 72 
   125 122.326 0.0 N 13 
   766 31.923 0.0 CB 64 
   845 0.118 0.0 HG22 70 
   1349 3.803 0.0 HB2 111 
   1277 7.659 0.0 H 105 
   1073 121.549 0.0 N 88 
   671 0.563 0.0 HD12 56 
   762 2.185 0.0 HG2 64 
   225 33.973 0.0 CG 21 
   211 25.394 0.0 CD1 20 
   277 7.753 0.0 H 26 
   643 2.087 0.0 HG2 53 
   596 2.85 0.0 HE2 50 
   668 2.211 0.0 HB2 56 
   184 2.117 0.0 HB2 19 
   620 131.545 0.0 CD2 51 
   972 4.47 0.0 HA 81 
   1094 57.642 0.0 CA 90 
   312 176.07 0.0 C 28 
   452 1.871 0.0 HB 40 
   1068 174.389 0.0 C 88 
   74 177.247 0.0 C 9 
   977 6.86 0.0 HE1 81 
   59 2.776 0.0 HB2 8 
   432 9.458 0.0 H 39 
   1331 176.976 0.0 C 109 
   1183 1.544 0.0 HG2 97 
   892 1.915 0.0 HB3 74 
   427 58.127 0.0 CA 38 
   1047 54.406 0.0 CA 86 
   128 3.873 0.0 HB2 14 
