   847 174.815 0.0 C 70 
   61 6.882 0.0 HD21 8 
   804 174.721 0.0 C 67 
   701 177.612 0.0 C 58 
   359 6.794 0.0 HD2 32 
   848 60.153 0.0 CA 70 
   1016 0.451 0.0 HD12 84 
   64 53.841 0.0 CA 8 
   536 37.016 0.0 CB 45 
   1319 26.852 0.0 CG 108 
   1123 103.835 0.0 N 92 
   532 6.441 0.0 HD21 45 
   1163 2.236 0.0 HB3 95 
   671 0.563 0.0 HD12 56 
   1347 7.888 0.0 H 111 
   693 31.891 0.0 CG 57 
   234 1.658 0.0 HG2 22 
   594 1.556 0.0 HD2 50 
   1010 115.091 0.0 N 83 
   286 22.829 0.0 CG2 26 
   646 65.032 0.0 CA 53 
   1170 117.117 0.0 N 95 
   1260 121.319 0.0 N 103 
   52 1.354 0.0 HB3 7 
   1029 7.848 0.0 H 85 
   1242 8.089 0.0 H 103 
   1176 107.323 0.0 N 96 
   894 3.907 0.0 HD3 74 
   779 114.841 0.0 N 65 
   159 2.044 0.0 HB3 17 
   75 57.507 0.0 CA 9 
   740 1.112 0.0 HB1 62 
   486 0.685 0.0 HD11 42 
   1104 0.62 0.0 HD12 91 
   1109 0.555 0.0 HG22 91 
   1105 0.62 0.0 HD13 91 
   1107 0.614 0.0 HG13 91 
   644 1.601 0.0 HG3 53 
   109 4.201 0.0 HA 12 
   562 5.281 0.0 HA 48 
   915 109.752 0.0 N 76 
   221 2.215 0.0 HG3 21 
   666 7.22 0.0 H 56 
   39 121.499 0.0 N 5 
   73 2.204 0.0 HG3 9 
   496 38.247 0.0 CB 42 
   268 118.678 0.0 N 24 
   724 178.019 0.0 C 60 
   1025 25.665 0.0 CD1 84 
   517 28.618 0.0 CG 43 
   926 1.474 0.0 HG 77 
   495 61.316 0.0 CA 42 
   838 1.325 0.0 HB 70 
   761 3.801 0.0 HD3 64 
   872 0.696 0.0 HG13 72 
   956 5.161 0.0 HA 80 
   231 1.794 0.0 HB3 22 
   319 4.528 0.0 HA 29 
   1158 26.897 0.0 CG 94 
   709 -0.209 0.0 HG22 59 
   18 2.199 0.0 HG2 4 
   488 0.685 0.0 HD13 42 
   371 4.439 0.0 HA 33 
   825 7.852 0.0 H 69 
   350 32.865 0.0 CB 31 
   136 3.912 0.0 HB2 15 
   426 173.629 0.0 C 38 
   200 1.476 0.0 HB3 20 
   144 1.84 0.0 HB2 16 
   712 59.886 0.0 CA 59 
   929 42.125 0.0 CB 77 
   244 1.795 0.0 HB2 23 
   936 4.045 0.0 HA3 78 
   1132 0.068 0.0 HD22 93 
   501 9.031 0.0 H 43 
   290 1.67 0.0 HB2 27 
   651 4.702 0.0 HA 54 
   464 126.626 0.0 N 40 
   645 178.611 0.0 C 53 
   767 49.993 0.0 CD 64 
   295 0.897 0.0 HD21 27 
   866 4.208 0.0 HA 72 
   328 1.586 0.0 HB 30 
   1249 6.678 0.0 HH2 103 
   1006 175.706 0.0 C 83 
   875 1.167 0.0 HG23 72 
   202 0.832 0.0 HD12 20 
   368 117.341 0.0 CE2 32 
   1279 1.426 0.0 HB1 105 
   1194 2.763 0.0 HB3 98 
   738 8.104 0.0 H 62 
   884 4.521 0.0 HA 73 
   1185 174.894 0.0 C 97 
   789 29.542 0.0 CB 66 
   922 0.842 0.0 HD13 77 
   1151 0.839 0.0 HD23 94 
   1291 1.91 0.0 HG3 106 
   1246 7.018 0.0 HD1 103 
   407 56.237 0.0 CA 36 
   1201 31.248 0.0 CB 98 
   132 63.477 0.0 CB 14 
   167 31.857 0.0 CB 17 
   782 2.243 0.0 HB2 66 
   1161 4.384 0.0 HA 95 
   713 68.111 0.0 CB 59 
   36 32.906 0.0 CB 5 
   121 1.401 0.0 HB3 13 
   858 2.203 0.0 HG2 71 
   771 1.946 0.0 HB2 65 
   681 23.002 0.0 CD2 56 
   578 0.712 0.0 HD13 49 
   524 176.981 0.0 C 44 
   827 1.967 0.0 HB2 69 
   1130 -0.102 0.0 HD13 93 
   523 1.364 0.0 HB3 44 
   1009 23.764 0.0 CG2 83 
   366 133.168 0.0 CD2 32 
   130 175.451 0.0 C 14 
   108 8.113 0.0 H 12 
   814 1.811 0.0 HB3 68 
   725 60.827 0.0 CA 60 
   694 124.612 0.0 N 57 
   790 34.742 0.0 CG 66 
   376 1.44 0.0 HG2 33 
   1041 4.768 0.0 HA 86 
   1110 0.555 0.0 HG23 91 
   1040 6.636 0.0 H 86 
   1044 2.428 0.0 HG2 86 
   1281 1.426 0.0 HB3 105 
   1343 176.868 0.0 C 110 
   206 0.854 0.0 HD23 20 
   688 7.208 0.0 HE21 57 
   769 8.522 0.0 H 65 
   1153 178.947 0.0 C 94 
   246 1.981 0.0 HG2 23 
   439 0.821 0.0 HG13 39 
   592 1.613 0.0 HB2 50 
   934 7.647 0.0 H 78 
   113 178.397 0.0 C 12 
   235 1.535 0.0 HG3 22 
   914 45.558 0.0 CA 76 
   454 0.769 0.0 HG12 40 
   23 36.128 0.0 CG 4 
   1220 1.459 0.0 HB2 101 
   1021 1.476 0.0 HG 84 
   35 62.128 0.0 CA 5 
   455 0.769 0.0 HG13 40 
   1192 3.921 0.0 HA 98 
   993 2.169 0.0 HG2 82 
   37 21.185 0.0 CG1 5 
   1323 1.528 0.0 HB3 109 
   411 7.908 0.0 H 37 
   142 8.148 0.0 H 16 
   148 1.556 0.0 HG2 16 
   547 7.703 0.0 H 47 
   313 56.669 0.0 CA 28 
   449 122.144 0.0 N 39 
   375 2.833 0.0 HD3 33 
   1222 181.335 0.0 C 101 
   961 6.559 0.0 HE1 80 
   304 9.619 0.0 H 28 
   97 8.147 0.0 H 11 
   1290 2.19 0.0 HG2 106 
   311 1.421 0.0 HG3 28 
   1030 3.622 0.0 HA 85 
   1264 2.067 0.0 HB2 104 
   1066 0.83 0.0 HG22 88 
   798 -0.04 0.0 HD12 67 
   402 2.002 0.0 HB2 36 
   680 24.042 0.0 CD1 56 
   272 3.847 0.0 HB3 25 
   780 7.728 0.0 H 66 
   708 -0.209 0.0 HG21 59 
   1124 7.615 0.0 H 93 
   1341 1.398 0.0 HB2 110 
   947 0.488 0.0 HG22 79 
   1065 0.83 0.0 HG21 88 
   99 1.977 0.0 HB2 11 
   1198 1.141 0.0 HG3 98 
   1137 41.703 0.0 CB 93 
   955 8.83 0.0 H 80 
   1315 176.899 0.0 C 108 
   870 0.687 0.0 HD13 72 
   489 1.467 0.0 HG12 42 
   173 2.003 0.0 HB2 18 
   240 27.348 0.0 CG 22 
   1339 4.335 0.0 HA 110 
   1188 43.281 0.0 CD 97 
   659 4.94 0.0 HA 55 
   707 3.962 0.0 HB 59 
   1308 4.342 0.0 HA 108 
   301 26.22 0.0 CD1 27 
   28 0.883 0.0 HG11 5 
   389 9.379 0.0 H 35 
   633 55.616 0.0 CA 52 
   188 2.03 0.0 HE3 19 
   674 0.1 0.0 HD22 56 
   406 176.435 0.0 C 36 
   553 1.653 0.0 HG2 47 
   418 4.915 0.0 HA 38 
   156 8.14 0.0 H 17 
   637 125.064 0.0 N 52 
   320 3.731 0.0 HB2 29 
   565 2.222 0.0 HG2 48 
   155 122.38 0.0 N 16 
   673 0.1 0.0 HD21 56 
   928 54.378 0.0 CA 77 
   743 177.761 0.0 C 62 
   1327 1.014 0.0 HD21 109 
   178 58.414 0.0 CA 18 
   1226 3.979 0.0 HA 102 
   1020 0.647 0.0 HD23 84 
   1225 8.543 0.0 H 102 
   195 32.102 0.0 CG 19 
   656 39.184 0.0 CB 54 
   475 56.064 0.0 CA 41 
   261 175.685 0.0 C 24 
   1254 29.069 0.0 CB 103 
   352 122.553 0.0 N 31 
   68 8.245 0.0 H 9 
   24 122.855 0.0 N 4 
   534 175.729 0.0 C 45 
   944 0.692 0.0 HG12 79 
   1008 68.085 0.0 CB 83 
   222 177.928 0.0 C 21 
   120 1.401 0.0 HB2 13 
   1094 57.642 0.0 CA 90 
   987 127.489 0.0 CZ 81 
   760 3.713 0.0 HD2 64 
   211 25.394 0.0 CD1 20 
   427 58.127 0.0 CA 38 
   568 54.347 0.0 CA 48 
   1351 59.865 0.0 CA 111 
   44 174.496 0.0 C 6 
   270 4.133 0.0 HA 25 
   1112 64.55 0.0 CA 91 
   327 4.941 0.0 HA 30 
   467 3.304 0.0 HB2 41 
   1140 25.6 0.0 CG 93 
   33 0.884 0.0 HG23 5 
   1038 37.004 0.0 CG 85 
   727 133.724 0.0 CD1 60 
   820 58.094 0.0 CA 68 
   308 3.145 0.0 HD2 28 
   630 3.332 0.0 HD3 52 
   220 2.502 0.0 HG2 21 
   1228 1.689 0.0 HB3 102 
   828 1.967 0.0 HB3 69 
   566 1.94 0.0 HG3 48 
   58 4.571 0.0 HA 8 
   954 116.911 0.0 N 79 
   1190 122.473 0.0 N 97 
   684 7.214 0.0 H 57 
   140 63.455 0.0 CB 15 
   911 4.276 0.0 HA2 76 
   1278 3.948 0.0 HA 105 
   158 2.044 0.0 HB2 17 
   50 1.354 0.0 HB1 7 
   34 176.074 0.0 C 5 
   1268 2.298 0.0 HE3 104 
   499 17.509 0.0 CG2 42 
   468 2.612 0.0 HB3 41 
   1184 1.434 0.0 HG3 97 
   765 65.999 0.0 CA 64 
   367 117.341 0.0 CE1 32 
   535 52.068 0.0 CA 45 
   508 0.797 0.0 HD21 43 
   124 18.835 0.0 CB 13 
   1187 28.806 0.0 CB 97 
   1146 0.88 0.0 HD11 94 
   1114 13.047 0.0 CD1 91 
   1321 4.315 0.0 HA 109 
   477 132.608 0.0 CD1 41 
   1002 4.209 0.0 HB 83 
   1000 9.023 0.0 H 83 
   852 18.6 0.0 CG2 70 
   259 6.701 0.0 HE1 24 
   115 18.829 0.0 CB 12 
   398 36.377 0.0 CG 35 
   1280 1.426 0.0 HB2 105 
   1053 2.584 0.0 HB2 87 
   284 59.488 0.0 CA 26 
   505 0.893 0.0 HD11 43 
   580 0.789 0.0 HD22 49 
   349 54.359 0.0 CA 31 
   612 7.186 0.0 HD2 51 
   253 8.087 0.0 H 24 
   392 1.95 0.0 HB3 35 
   241 119.729 0.0 N 22 
   560 121.275 0.0 N 47 
   958 2.826 0.0 HB3 80 
   906 175.703 0.0 C 75 
   871 1.629 0.0 HG12 72 
   333 0.674 0.0 HG22 30 
   1221 1.459 0.0 HB3 101 
   1200 56.621 0.0 CA 98 
   1324 1.06 0.0 HD11 109 
   787 175.329 0.0 C 66 
   799 -0.04 0.0 HD13 67 
   1078 175.634 0.0 C 89 
   212 23.311 0.0 CD2 20 
   900 50.653 0.0 CD 74 
   616 176.043 0.0 C 51 
   1057 44.193 0.0 CB 87 
   262 58.621 0.0 CA 24 
   435 0.827 0.0 HD11 39 
   778 36.644 0.0 CG 65 
   1084 1.612 0.0 HB2 90 
   1178 4.322 0.0 HA 97 
   965 41.026 0.0 CB 80 
   1284 17.87 0.0 CB 105 
   539 8.1 0.0 H 46 
   410 115.94 0.0 N 36 
   1238 29.357 0.0 CD 102 
   292 0.75 0.0 HD11 27 
   275 64.876 0.0 CB 25 
   561 8.308 0.0 H 48 
   655 55.185 0.0 CA 54 
   152 30.165 0.0 CB 16 
   1121 176.157 0.0 C 92 
   886 3.722 0.0 HB3 73 
   321 3.555 0.0 HB3 29 
   503 2.221 0.0 HB2 43 
   126 8.165 0.0 H 14 
   271 4.022 0.0 HB2 25 
   749 4.537 0.0 HB 63 
   207 1.708 0.0 HG 20 
   663 55.404 0.0 CA 55 
   855 4.692 0.0 HA 71 
   619 131.545 0.0 CD1 51 
   1277 7.659 0.0 H 105 
   1325 1.06 0.0 HD12 109 
   145 1.84 0.0 HB3 16 
   1165 2.274 0.0 HG3 95 
   372 1.712 0.0 HB2 33 
   1174 174.742 0.0 C 96 
   1126 1.663 0.0 HB2 93 
   1204 125.256 0.0 N 98 
   689 1.708 0.0 HG2 57 
   647 30.867 0.0 CB 53 
   913 174.359 0.0 C 76 
   242 7.95 0.0 H 23 
   678 52.687 0.0 CA 56 
   69 4.162 0.0 HA 9 
   1099 129.702 0.0 N 90 
   354 9.231 0.0 H 32 
   714 19.939 0.0 CG2 59 
   1071 21.209 0.0 CG1 88 
   90 178.235 0.0 C 10 
   414 174.303 0.0 C 37 
   1075 4.745 0.0 HA 89 
   835 118.394 0.0 N 69 
   600 175.125 0.0 C 50 
   151 57.826 0.0 CA 16 
   41 4.402 0.0 HA 6 
   540 4.13 0.0 HA 46 
   510 0.797 0.0 HD23 43 
   520 3.968 0.0 HA 44 
   326 8.245 0.0 H 30 
   845 0.118 0.0 HG22 70 
   384 3.925 0.0 HB2 34 
   971 8.68 0.0 H 81 
   1250 6.476 0.0 HZ2 103 
   32 0.884 0.0 HG22 5 
   106 36.09 0.0 CG 11 
   1261 129.285 0.0 NE1 103 
   1247 9.086 0.0 HE1 103 
   249 57.172 0.0 CA 23 
   62 7.585 0.0 HD22 8 
   1162 2.044 0.0 HB2 95 
   935 4.601 0.0 HA2 78 
   1301 6.147 0.0 HD2 107 
   818 1.681 0.0 HG3 68 
   1134 1.465 0.0 HG 93 
   946 0.488 0.0 HG21 79 
   1098 26.895 0.0 CG 90 
   478 132.608 0.0 CD2 41 
   747 8.206 0.0 H 63 
   81 1.659 0.0 HB2 10 
   11 32.91 0.0 CB 3 
   373 1.546 0.0 HB3 33 
   1082 8.799 0.0 H 90 
   1026 22.07 0.0 CD2 84 
   1031 2.094 0.0 HB2 85 
   40 8.389 0.0 H 6 
   885 4.148 0.0 HB2 73 
   5 2.037 0.0 HE2 3 
   177 176.883 0.0 C 18 
   959 6.868 0.0 HD1 80 
   888 62.669 0.0 CB 73 
   355 4.887 0.0 HA 32 
   1207 3.902 0.0 HA3 99 
   890 4.309 0.0 HA 74 
   695 109.665 0.0 NE2 57 
   1216 64.391 0.0 CB 100 
   1142 8.317 0.0 H 94 
   160 2.001 0.0 HE1 17 
   223 57.396 0.0 CA 21 
   541 3.176 0.0 HB2 46 
   601 55.26 0.0 CA 50 
   1156 26.8 0.0 CD1 94 
   1005 1.317 0.0 HG23 83 
   336 60.933 0.0 CA 30 
   969 117.499 0.0 CE2 80 
   150 177.474 0.0 C 16 
   6 2.037 0.0 HE3 3 
   1227 1.826 0.0 HB2 102 
   417 6.622 0.0 H 38 
   690 0.608 0.0 HG3 57 
   512 178.81 0.0 C 43 
   563 1.791 0.0 HB2 48 
   456 0.737 0.0 HG21 40 
   205 0.854 0.0 HD22 20 
   896 2.031 0.0 HG3 74 
   607 8.847 0.0 H 51 
   1276 117.096 0.0 N 104 
   218 1.928 0.0 HB3 21 
   515 25.078 0.0 CD1 43 
   596 2.85 0.0 HE2 50 
   315 43.794 0.0 CD 28 
   781 4.059 0.0 HA 66 
   1022 175.527 0.0 C 84 
   519 9.087 0.0 H 44 
   405 2.086 0.0 HG3 36 
   552 3.068 0.0 HD3 47 
   733 3.771 0.0 HA2 61 
   923 0.824 0.0 HD21 77 
   576 0.712 0.0 HD11 49 
   450 8.934 0.0 H 40 
   979 6.755 0.0 HZ 81 
   1267 2.298 0.0 HE2 104 
   1337 122.868 0.0 N 109 
   225 33.973 0.0 CG 21 
   788 57.206 0.0 CA 66 
   862 32.946 0.0 CB 71 
   737 118.169 0.0 N 61 
   973 3.113 0.0 HB2 81 
   654 175.841 0.0 C 54 
   1133 0.068 0.0 HD23 93 
   967 133.192 0.0 CD2 80 
   1239 42.11 0.0 CE 102 
   210 42.252 0.0 CB 20 
   590 8.188 0.0 H 50 
   1219 1.459 0.0 HB1 101 
   672 0.563 0.0 HD13 56 
   252 119.302 0.0 N 23 
   797 -0.04 0.0 HD11 67 
   744 52.177 0.0 CA 62 
   696 8.306 0.0 H 58 
   96 121.828 0.0 N 10 
   720 7.329 0.0 HD1 60 
   791 117.742 0.0 N 66 
   557 30.762 0.0 CB 47 
   627 2.135 0.0 HB2 52 
   17 1.884 0.0 HB3 4 
   250 30.144 0.0 CB 23 
   952 21.455 0.0 CG1 79 
   445 39.072 0.0 CB 39 
   1251 6.685 0.0 HZ3 103 
   134 8.205 0.0 H 15 
   379 30.12 0.0 CB 33 
   428 35.509 0.0 CB 38 
   294 0.75 0.0 HD13 27 
   377 1.378 0.0 HG3 33 
   550 1.794 0.0 HB3 47 
   1019 0.647 0.0 HD22 84 
   980 176.311 0.0 C 81 
   1177 8.717 0.0 H 97 
   1096 23.032 0.0 CD1 90 
   1046 174.095 0.0 C 86 
   529 4.564 0.0 HA 45 
   1125 3.727 0.0 HA 93 
   306 1.556 0.0 HB2 28 
   514 42.395 0.0 CB 43 
   1311 3.315 0.0 HD2 108 
   1236 59.169 0.0 CA 102 
   280 1.162 0.0 HG21 26 
   1231 2.947 0.0 HE2 102 
   116 124.06 0.0 N 12 
   988 126.963 0.0 N 81 
   63 175.868 0.0 C 8 
   854 8.778 0.0 H 71 
   227 111.873 0.0 NE2 21 
   777 28.454 0.0 CB 65 
   1331 176.976 0.0 C 109 
   1349 3.803 0.0 HB2 111 
   1042 1.871 0.0 HB2 86 
   303 119.999 0.0 N 27 
   629 3.283 0.0 HD2 52 
   382 130.005 0.0 N 33 
   548 4.133 0.0 HA 47 
   236 178.223 0.0 C 22 
   38 20.453 0.0 CG2 5 
   1263 3.644 0.0 HA 104 
   1080 64.469 0.0 CB 89 
   1330 1.647 0.0 HG 109 
   1056 52.907 0.0 CA 87 
   577 0.712 0.0 HD12 49 
   887 57.766 0.0 CA 73 
   729 118.264 0.0 CE1 60 
   1073 121.549 0.0 N 88 
   873 1.167 0.0 HG21 72 
   569 32.524 0.0 CB 48 
   298 175.89 0.0 C 27 
   112 1.37 0.0 HB3 12 
   162 2.001 0.0 HE3 17 
   348 174.131 0.0 C 31 
   850 14.445 0.0 CD1 70 
   431 105.549 0.0 N 38 
   1147 0.88 0.0 HD12 94 
   803 1.287 0.0 HG 67 
   1233 1.398 0.0 HG2 102 
   938 45.05 0.0 CA 78 
   1077 3.766 0.0 HB3 89 
   1111 177.553 0.0 C 91 
   1086 0.758 0.0 HD11 90 
   1024 42.208 0.0 CB 84 
   254 4.315 0.0 HA 24 
   531 2.661 0.0 HB3 45 
   309 3.084 0.0 HD3 28 
   555 174.209 0.0 C 47 
   1047 54.406 0.0 CA 86 
   258 7.074 0.0 HD2 24 
   1070 35.256 0.0 CB 88 
   263 38.578 0.0 CB 24 
   282 1.162 0.0 HG23 26 
   877 61.763 0.0 CA 72 
   278 4.43 0.0 HA 26 
   1058 121.904 0.0 N 87 
   764 179.483 0.0 C 64 
   1100 7.464 0.0 H 91 
   1060 4.191 0.0 HA 88 
   809 25.235 0.0 CG 67 
   82 1.543 0.0 HB3 10 
   362 174.519 0.0 C 32 
   538 106.735 0.0 ND2 45 
   276 113.556 0.0 N 25 
   901 27.83 0.0 CG 74 
   1237 32.751 0.0 CB 102 
   806 41.98 0.0 CB 67 
   822 43.453 0.0 CD 68 
