   632 1.861 0.0 HG3 52 
   504 1.708 0.0 HB3 43 
   1141 120.762 0.0 N 93 
   995 178.206 0.0 C 82 
   502 5.108 0.0 HA 43 
   1311 3.315 0.0 HD2 108 
   978 6.86 0.0 HE2 81 
   278 4.43 0.0 HA 26 
   996 59.66 0.0 CA 82 
   1235 177.978 0.0 C 102 
   788 57.206 0.0 CA 66 
   200 1.476 0.0 HB3 20 
   537 114.155 0.0 N 45 
   402 2.002 0.0 HB2 36 
   884 4.521 0.0 HA 73 
   496 38.247 0.0 CB 42 
   1282 179.136 0.0 C 105 
   610 2.552 0.0 HB3 51 
   414 174.303 0.0 C 37 
   669 1.046 0.0 HB3 56 
   16 1.968 0.0 HB2 4 
   661 3.034 0.0 HB3 55 
   640 2.014 0.0 HB3 53 
   1268 2.298 0.0 HE3 104 
   680 24.042 0.0 CD1 56 
   511 1.668 0.0 HG 43 
   227 111.873 0.0 NE2 21 
   1106 1.169 0.0 HG12 91 
   1020 0.647 0.0 HD23 84 
   341 8.341 0.0 H 31 
   304 9.619 0.0 H 28 
   1108 0.555 0.0 HG21 91 
   1251 6.685 0.0 HZ3 103 
   859 2.053 0.0 HG3 71 
   890 4.309 0.0 HA 74 
   745 20.267 0.0 CB 62 
   374 3.051 0.0 HD2 33 
   871 1.629 0.0 HG12 72 
   914 45.558 0.0 CA 76 
   650 7.948 0.0 H 54 
   114 53.207 0.0 CA 12 
   709 -0.209 0.0 HG22 59 
   376 1.44 0.0 HG2 33 
   260 6.701 0.0 HE2 24 
   990 3.582 0.0 HA 82 
   849 42.252 0.0 CB 70 
   1057 44.193 0.0 CB 87 
   679 42.559 0.0 CB 56 
   47 119.949 0.0 N 6 
   1063 0.724 0.0 HG12 88 
   79 8.06 0.0 H 10 
   771 1.946 0.0 HB2 65 
   866 4.208 0.0 HA 72 
   92 42.02 0.0 CB 10 
   638 4.146 0.0 HA 53 
   1162 2.044 0.0 HB2 95 
   1069 61.447 0.0 CA 88 
   123 53.303 0.0 CA 13 
   721 7.329 0.0 HD2 60 
   469 7.257 0.0 HD1 41 
   211 25.394 0.0 CD1 20 
   684 7.214 0.0 H 57 
   908 64.358 0.0 CB 75 
   837 4.508 0.0 HA 70 
   1329 1.014 0.0 HD23 109 
   229 4.086 0.0 HA 22 
   315 43.794 0.0 CD 28 
   9 176.016 0.0 C 3 
   532 6.441 0.0 HD21 45 
   1307 117.066 0.0 N 107 
   1009 23.764 0.0 CG2 83 
   931 23.53 0.0 CD2 77 
   1236 59.169 0.0 CA 102 
   695 109.665 0.0 NE2 57 
   465 9.605 0.0 H 41 
   492 0.921 0.0 HG22 42 
   94 23.445 0.0 CD2 10 
   1090 0.902 0.0 HD22 90 
   706 3.734 0.0 HA 59 
   397 28.457 0.0 CB 35 
   1160 7.738 0.0 H 95 
   600 175.125 0.0 C 50 
   1099 129.702 0.0 N 90 
   763 1.792 0.0 HG3 64 
   1238 29.357 0.0 CD 102 
   324 64.918 0.0 CB 29 
   452 1.871 0.0 HB 40 
   582 1.602 0.0 HG 49 
   4 2.037 0.0 HE1 3 
   482 128.169 0.0 N 41 
   808 23.38 0.0 CD2 67 
   190 2.638 0.0 HG3 19 
   834 35.395 0.0 CG 69 
   635 43.598 0.0 CD 52 
   18 2.199 0.0 HG2 4 
   873 1.167 0.0 HG21 72 
   198 4.193 0.0 HA 20 
   656 39.184 0.0 CB 54 
   85 0.86 0.0 HD13 10 
   348 174.131 0.0 C 31 
   344 1.8 0.0 HB3 31 
   5 2.037 0.0 HE2 3 
   168 16.963 0.0 CE 17 
   1266 2.298 0.0 HE1 104 
   1142 8.317 0.0 H 94 
   1284 17.87 0.0 CB 105 
   648 49.824 0.0 CD 53 
   1000 9.023 0.0 H 83 
   325 111.229 0.0 N 29 
   1098 26.895 0.0 CG 90 
   104 57.085 0.0 CA 11 
   1059 9.051 0.0 H 88 
   152 30.165 0.0 CB 16 
   72 2.204 0.0 HG2 9 
   1225 8.543 0.0 H 102 
   533 7.365 0.0 HD22 45 
   269 7.403 0.0 H 25 
   100 1.977 0.0 HB3 11 
   156 8.14 0.0 H 17 
   812 4.191 0.0 HA 68 
   1140 25.6 0.0 CG 93 
   835 118.394 0.0 N 69 
   1237 32.751 0.0 CB 102 
   1294 30.476 0.0 CB 106 
   262 58.621 0.0 CA 24 
   148 1.556 0.0 HG2 16 
   568 54.347 0.0 CA 48 
   439 0.821 0.0 HG13 39 
   1278 3.948 0.0 HA 105 
   360 6.319 0.0 HE1 32 
   1227 1.826 0.0 HB2 102 
   58 4.571 0.0 HA 8 
   506 0.893 0.0 HD12 43 
   20 176.331 0.0 C 4 
   1024 42.208 0.0 CB 84 
   813 1.901 0.0 HB2 68 
   980 176.311 0.0 C 81 
   1302 7.911 0.0 HE1 107 
   299 56.06 0.0 CA 27 
   953 22.452 0.0 CG2 79 
   1161 4.384 0.0 HA 95 
   353 111.73 0.0 NE2 31 
   354 9.231 0.0 H 32 
   1261 129.285 0.0 NE1 103 
   408 32.757 0.0 CB 36 
   527 122.697 0.0 N 44 
   1347 7.888 0.0 H 111 
   1115 28.558 0.0 CG1 91 
   1232 2.947 0.0 HE3 102 
   412 3.965 0.0 HA2 37 
   831 174.904 0.0 C 69 
   1067 0.83 0.0 HG23 88 
   271 4.022 0.0 HB2 25 
   1088 0.758 0.0 HD13 90 
   1334 24.954 0.0 CD1 109 
   1152 1.717 0.0 HG 94 
   534 175.729 0.0 C 45 
   53 178.059 0.0 C 7 
   584 53.785 0.0 CA 49 
   184 2.117 0.0 HB2 19 
   841 0.635 0.0 HD13 70 
   427 58.127 0.0 CA 38 
   1028 116.818 0.0 N 84 
   350 32.865 0.0 CB 31 
   233 3.132 0.0 HD3 22 
   999 124.087 0.0 N 82 
   769 8.522 0.0 H 65 
   1215 58.114 0.0 CA 100 
   399 121.527 0.0 N 35 
   202 0.832 0.0 HD12 20 
   375 2.833 0.0 HD3 33 
   285 72.209 0.0 CB 26 
   599 1.166 0.0 HG3 50 
   911 4.276 0.0 HA2 76 
   228 7.939 0.0 H 22 
   785 2.378 0.0 HG2 66 
   1054 2.509 0.0 HB3 87 
   672 0.563 0.0 HD13 56 
   349 54.359 0.0 CA 31 
   604 41.911 0.0 CE 50 
   215 8.157 0.0 H 21 
   42 3.879 0.0 HB2 6 
   1060 4.191 0.0 HA 88 
   903 4.211 0.0 HA 75 
   1032 2.265 0.0 HB3 85 
   154 27.325 0.0 CG 16 
   1315 176.899 0.0 C 108 
   340 122.775 0.0 N 30 
   983 131.99 0.0 CD1 81 
   1182 3.087 0.0 HD3 97 
   712 59.886 0.0 CA 59 
   1190 122.473 0.0 N 97 
   89 1.587 0.0 HG 10 
   176 2.198 0.0 HG3 18 
   478 132.608 0.0 CD2 41 
   1323 1.528 0.0 HB3 109 
   816 3.22 0.0 HD3 68 
   56 126.064 0.0 N 7 
   281 1.162 0.0 HG22 26 
   868 0.687 0.0 HD11 72 
   988 126.963 0.0 N 81 
   415 46.016 0.0 CA 37 
   689 1.708 0.0 HG2 57 
   90 178.235 0.0 C 10 
   1143 4.015 0.0 HA 94 
   75 57.507 0.0 CA 9 
   746 123.335 0.0 N 62 
   1019 0.647 0.0 HD22 84 
   954 116.911 0.0 N 79 
   330 0.252 0.0 HG12 30 
   964 55.493 0.0 CA 80 
   1327 1.014 0.0 HD21 109 
   711 173.265 0.0 C 59 
   364 38.922 0.0 CB 32 
   385 3.839 0.0 HB3 34 
   1074 8.503 0.0 H 89 
   1226 3.979 0.0 HA 102 
   24 122.855 0.0 N 4 
   1314 1.807 0.0 HG3 108 
   1277 7.659 0.0 H 105 
   847 174.815 0.0 C 70 
   875 1.167 0.0 HG23 72 
   1222 181.335 0.0 C 101 
   1228 1.689 0.0 HB3 102 
   1151 0.839 0.0 HD23 94 
   886 3.722 0.0 HB3 73 
   1305 119.178 0.0 CD2 107 
   1273 33.268 0.0 CB 104 
   125 122.326 0.0 N 13 
   319 4.528 0.0 HA 29 
   458 0.737 0.0 HG23 40 
   1155 41.391 0.0 CB 94 
   97 8.147 0.0 H 11 
   1118 7.314 0.0 H 92 
   1168 29.663 0.0 CB 95 
   1136 58.032 0.0 CA 93 
   574 1.727 0.0 HB2 49 
   893 3.803 0.0 HD2 74 
   361 6.319 0.0 HE2 32 
   225 33.973 0.0 CG 21 
   338 20.464 0.0 CG1 30 
   343 1.96 0.0 HB2 31 
   714 19.939 0.0 CG2 59 
   1064 0.724 0.0 HG13 88 
   720 7.329 0.0 HD1 60 
   703 20.052 0.0 CB 58 
   108 8.113 0.0 H 12 
   601 55.26 0.0 CA 50 
   1119 3.827 0.0 HA2 92 
   117 8.142 0.0 H 13 
   134 8.205 0.0 H 15 
   1213 4.108 0.0 HB2 100 
   564 1.672 0.0 HB3 48 
   1324 1.06 0.0 HD11 109 
   543 175.512 0.0 C 46 
   898 65.658 0.0 CA 74 
   560 121.275 0.0 N 47 
   334 0.674 0.0 HG23 30 
   84 0.86 0.0 HD12 10 
   1218 4.02 0.0 HA 101 
   1073 121.549 0.0 N 88 
   320 3.731 0.0 HB2 29 
   1188 43.281 0.0 CD 97 
   858 2.203 0.0 HG2 71 
   39 121.499 0.0 N 5 
   1157 23.025 0.0 CD2 94 
   1050 114.682 0.0 N 86 
   923 0.824 0.0 HD21 77 
   514 42.395 0.0 CB 43 
   463 21.935 0.0 CG2 40 
   1316 62.878 0.0 CA 108 
   713 68.111 0.0 CB 59 
   400 7.08 0.0 H 36 
   1181 3.087 0.0 HD2 97 
   731 124.377 0.0 N 60 
   765 65.999 0.0 CA 64 
   755 21.938 0.0 CG2 63 
   275 64.876 0.0 CB 25 
   867 1.671 0.0 HB 72 
   139 59.384 0.0 CA 15 
   1087 0.758 0.0 HD12 90 
   95 26.946 0.0 CG 10 
   1109 0.555 0.0 HG22 91 
   141 117.597 0.0 N 15 
   25 8.177 0.0 H 5 
   883 8.586 0.0 H 73 
   1219 1.459 0.0 HB1 101 
   384 3.925 0.0 HB2 34 
   793 7.132 0.0 H 67 
   548 4.133 0.0 HA 47 
   396 59.18 0.0 CA 35 
   938 45.05 0.0 CA 78 
   825 7.852 0.0 H 69 
   547 7.703 0.0 H 47 
   1217 116.809 0.0 N 100 
   424 0.574 0.0 HG22 38 
   764 179.483 0.0 C 64 
   693 31.891 0.0 CG 57 
   358 6.794 0.0 HD1 32 
   391 1.95 0.0 HB2 35 
   332 0.674 0.0 HG21 30 
   733 3.771 0.0 HA2 61 
   1129 -0.102 0.0 HD12 93 
   845 0.118 0.0 HG22 70 
   1022 175.527 0.0 C 84 
   155 122.38 0.0 N 16 
   1328 1.014 0.0 HD22 109 
   984 131.99 0.0 CD2 81 
   677 175.248 0.0 C 56 
   1200 56.621 0.0 CA 98 
   1298 4.435 0.0 HA 107 
   68 8.245 0.0 H 9 
   158 2.044 0.0 HB2 17 
   1322 1.658 0.0 HB2 109 
   1320 8.467 0.0 H 109 
   707 3.962 0.0 HB 59 
   296 0.897 0.0 HD22 27 
   147 3.165 0.0 HD3 16 
   163 2.46 0.0 HG2 17 
   112 1.37 0.0 HB3 12 
   730 118.264 0.0 CE2 60 
   597 2.649 0.0 HE3 50 
   461 33.244 0.0 CB 40 
   861 54.724 0.0 CA 71 
   82 1.543 0.0 HB3 10 
   798 -0.04 0.0 HD12 67 
   268 118.678 0.0 N 24 
   451 4.77 0.0 HA 40 
   891 2.382 0.0 HB2 74 
   1299 2.411 0.0 HB2 107 
   1351 59.865 0.0 CA 111 
   639 2.014 0.0 HB2 53 
   751 1.15 0.0 HG22 63 
   992 1.901 0.0 HB3 82 
   876 175.825 0.0 C 72 
   196 119.142 0.0 N 19 
   1133 0.068 0.0 HD23 93 
   1070 35.256 0.0 CB 88 
   1096 23.032 0.0 CD1 90 
   280 1.162 0.0 HG21 26 
   957 2.892 0.0 HB2 80 
   740 1.112 0.0 HB1 62 
   918 1.608 0.0 HB2 77 
   612 7.186 0.0 HD2 51 
   166 57.361 0.0 CA 17 
   1092 1.466 0.0 HG 90 
   1179 1.643 0.0 HB2 97 
   52 1.354 0.0 HB3 7 
   1206 3.902 0.0 HA2 99 
   844 0.118 0.0 HG21 70 
   1072 22.104 0.0 CG2 88 
   442 0.365 0.0 HG23 39 
   598 1.28 0.0 HG2 50 
   694 124.612 0.0 N 57 
   346 2.141 0.0 HG2 31 
   1283 54.605 0.0 CA 105 
   696 8.306 0.0 H 58 
   878 38.256 0.0 CB 72 
   682 26.691 0.0 CG 56 
   1303 53.158 0.0 CA 107 
   164 2.52 0.0 HG3 17 
   48 8.431 0.0 H 7 
   406 176.435 0.0 C 36 
   554 1.442 0.0 HG3 47 
   1216 64.391 0.0 CB 100 
   1148 0.88 0.0 HD13 94 
   991 1.901 0.0 HB2 82 
   26 4.098 0.0 HA 5 
   882 129.755 0.0 N 72 
   245 1.795 0.0 HB3 23 
   107 120.956 0.0 N 11 
   195 32.102 0.0 CG 19 
   1253 62.775 0.0 CA 103 
   81 1.659 0.0 HB2 10 
   27 2.016 0.0 HB 5 
   637 125.064 0.0 N 52 
   615 7.149 0.0 HZ 51 
   1247 9.086 0.0 HE1 103 
   865 9.013 0.0 H 72 
   1128 -0.102 0.0 HD11 93 
   752 1.15 0.0 HG23 63 
   263 38.578 0.0 CB 24 
   1030 3.622 0.0 HA 85 
   1256 118.379 0.0 CE3 103 
   316 26.623 0.0 CG 28 
   80 4.197 0.0 HA 10 
   592 1.613 0.0 HB2 50 
   934 7.647 0.0 H 78 
   545 39.065 0.0 CB 46 
   589 125.107 0.0 N 49 
   1185 174.894 0.0 C 97 
   974 2.775 0.0 HB3 81 
   603 29.631 0.0 CD 50 
   1313 1.807 0.0 HG2 108 
   91 56.126 0.0 CA 10 
   413 3.768 0.0 HA3 37 
   212 23.311 0.0 CD2 20 
   59 2.776 0.0 HB2 8 
   940 8.683 0.0 H 79 
   1287 3.906 0.0 HA 106 
   217 2.12 0.0 HB2 21 
   392 1.95 0.0 HB3 35 
   1124 7.615 0.0 H 93 
   645 178.611 0.0 C 53 
   429 21.782 0.0 CG1 38 
   949 171.397 0.0 C 79 
   968 117.499 0.0 CE1 80 
   910 8.418 0.0 H 76 
   258 7.074 0.0 HD2 24 
   1249 6.678 0.0 HH2 103 
   393 2.263 0.0 HG2 35 
   1058 121.904 0.0 N 87 
   926 1.474 0.0 HG 77 
   118 4.218 0.0 HA 13 
   969 117.499 0.0 CE2 80 
   846 0.118 0.0 HG23 70 
   377 1.378 0.0 HG3 33 
   292 0.75 0.0 HD11 27 
   1234 1.301 0.0 HG3 102 
   76 29.741 0.0 CB 9 
   975 6.984 0.0 HD1 81 
   404 2.193 0.0 HG2 36 
   301 26.22 0.0 CD1 27 
   121 1.401 0.0 HB3 13 
   450 8.934 0.0 H 40 
   1007 65.351 0.0 CA 83 
   157 4.205 0.0 HA 17 
   205 0.854 0.0 HD22 20 
   611 7.186 0.0 HD1 51 
   432 9.458 0.0 H 39 
   395 177.168 0.0 C 35 
   739 4.298 0.0 HA 62 
   252 119.302 0.0 N 23 
   1239 42.11 0.0 CE 102 
   1318 50.22 0.0 CD 108 
   613 7.022 0.0 HE1 51 
   407 56.237 0.0 CA 36 
   921 0.842 0.0 HD12 77 
   372 1.712 0.0 HB2 33 
   136 3.912 0.0 HB2 15 
   1296 114.241 0.0 N 106 
   899 31.733 0.0 CB 74 
   561 8.308 0.0 H 48 
   1275 32.912 0.0 CG 104 
   919 1.608 0.0 HB3 77 
   1209 45.495 0.0 CA 99 
   17 1.884 0.0 HB3 4 
   293 0.75 0.0 HD12 27 
   303 119.999 0.0 N 27 
   1346 127.482 0.0 N 110 
   1056 52.907 0.0 CA 87 
   1344 52.539 0.0 CA 110 
   250 30.144 0.0 CB 23 
   869 0.687 0.0 HD12 72 
   489 1.467 0.0 HG12 42 
   708 -0.209 0.0 HG21 59 
   626 4.903 0.0 HA 52 
   955 8.83 0.0 H 80 
   691 59.107 0.0 CA 57 
   966 133.192 0.0 CD1 80 
   756 111.934 0.0 N 63 
   99 1.977 0.0 HB2 11 
   979 6.755 0.0 HZ 81 
   66 116.954 0.0 N 8 
   498 28.39 0.0 CG1 42 
   329 0.252 0.0 HG11 30 
   643 2.087 0.0 HG2 53 
   678 52.687 0.0 CA 56 
   860 175.775 0.0 C 71 
   805 53.307 0.0 CA 67 
   818 1.681 0.0 HG3 68 
   690 0.608 0.0 HG3 57 
   369 124.536 0.0 N 32 
   525 54.489 0.0 CA 44 
   44 174.496 0.0 C 6 
   750 1.15 0.0 HG21 63 
   759 1.816 0.0 HB3 64 
   531 2.661 0.0 HB3 45 
   380 43.753 0.0 CD 33 
   1343 176.868 0.0 C 110 
   822 43.453 0.0 CD 68 
   1317 32.352 0.0 CB 108 
   206 0.854 0.0 HD23 20 
   585 44.054 0.0 CB 49 
   726 37.813 0.0 CB 60 
   1202 43.141 0.0 CD 98 
   1043 1.238 0.0 HB3 86 
   77 36.292 0.0 CG 9 
   96 121.828 0.0 N 10 
   337 34.762 0.0 CB 30 
   1231 2.947 0.0 HE2 102 
   657 111.513 0.0 N 54 
   998 35.923 0.0 CG 82 
   194 17.023 0.0 CE 19 
   851 26.419 0.0 CG1 70 
   1183 1.544 0.0 HG2 97 
   617 56.966 0.0 CA 51 
   842 1.246 0.0 HG12 70 
   853 125.545 0.0 N 70 
   234 1.658 0.0 HG2 22 
   1210 105.916 0.0 N 99 
   111 1.37 0.0 HB2 12 
   945 0.692 0.0 HG13 79 
   728 133.724 0.0 CD2 60 
   864 126.24 0.0 N 71 
   894 3.907 0.0 HD3 74 
   520 3.968 0.0 HA 44 
   1023 54.419 0.0 CA 84 
   405 2.086 0.0 HG3 36 
   754 67.952 0.0 CB 63 
   792 110.754 0.0 NE2 66 
   770 3.908 0.0 HA 65 
   169 32.011 0.0 CG 17 
   266 118.071 0.0 CE1 24 
   971 8.68 0.0 H 81 
   857 2.042 0.0 HB3 71 
   605 26.043 0.0 CG 50 
   460 61.243 0.0 CA 40 
   985 130.512 0.0 CE1 81 
   1221 1.459 0.0 HB3 101 
   201 0.832 0.0 HD11 20 
   872 0.696 0.0 HG13 72 
   621 131.675 0.0 CE1 51 
   243 4.083 0.0 HA 23 
   98 4.131 0.0 HA 11 
   727 133.724 0.0 CD1 60 
   30 0.883 0.0 HG13 5 
   935 4.601 0.0 HA2 78 
   1265 2.339 0.0 HB3 104 
   138 175.478 0.0 C 15 
   105 29.983 0.0 CB 11 
   270 4.133 0.0 HA 25 
   1264 2.067 0.0 HB2 104 
   13 31.901 0.0 CG 3 
   925 0.824 0.0 HD23 77 
   580 0.789 0.0 HD22 49 
   1270 2.214 0.0 HG3 104 
   277 7.753 0.0 H 26 
   1041 4.768 0.0 HA 86 
   1348 4.214 0.0 HA 111 
   576 0.712 0.0 HD11 49 
   491 0.921 0.0 HG21 42 
   1010 115.091 0.0 N 83 
   513 54.59 0.0 CA 43 
   723 6.914 0.0 HE2 60 
   1293 55.883 0.0 CA 106 
   430 18.467 0.0 CG2 38 
   311 1.421 0.0 HG3 28 
   1008 68.085 0.0 CB 83 
   65 38.639 0.0 CB 8 
   507 0.893 0.0 HD13 43 
   587 23.991 0.0 CD2 49 
   614 7.022 0.0 HE2 51 
   88 0.81 0.0 HD23 10 
   428 35.509 0.0 CB 38 
   403 1.619 0.0 HB3 36 
   1062 0.724 0.0 HG11 88 
   551 3.179 0.0 HD2 47 
   62 7.585 0.0 HD22 8 
   922 0.842 0.0 HD13 77 
   885 4.148 0.0 HB2 73 
   390 4.039 0.0 HA 35 
   336 60.933 0.0 CA 30 
   1301 6.147 0.0 HD2 107 
   1220 1.459 0.0 HB2 101 
   257 7.074 0.0 HD1 24 
   917 4.552 0.0 HA 77 
   464 126.626 0.0 N 40 
   467 3.304 0.0 HB2 41 
   115 18.829 0.0 CB 12 
   817 1.801 0.0 HG2 68 
   1269 2.941 0.0 HG2 104 
   437 0.827 0.0 HD13 39 
   855 4.692 0.0 HA 71 
   1095 42.674 0.0 CB 90 
   686 1.24 0.0 HB2 57 
   1310 1.86 0.0 HB3 108 
   256 2.791 0.0 HB3 24 
   900 50.653 0.0 CD 74 
   32 0.884 0.0 HG22 5 
   237 57.61 0.0 CA 22 
   1113 37.084 0.0 CB 91 
   1097 26.006 0.0 CD2 90 
   1154 57.332 0.0 CA 94 
   1049 33.733 0.0 CG 86 
   863 35.813 0.0 CG 71 
   145 1.84 0.0 HB3 16 
   127 4.342 0.0 HA 14 
   51 1.354 0.0 HB2 7 
   161 2.001 0.0 HE2 17 
   283 174.498 0.0 C 26 
   1252 181.021 0.0 C 103 
   572 9.364 0.0 H 49 
   312 176.07 0.0 C 28 
   378 54.137 0.0 CA 33 
   1005 1.317 0.0 HG23 83 
   654 175.841 0.0 C 54 
   994 2.169 0.0 HG3 82 
   241 119.729 0.0 N 22 
   762 2.185 0.0 HG2 64 
   559 27.613 0.0 CG 47 
   476 39.031 0.0 CB 41 
   522 1.364 0.0 HB2 44 
   692 28.159 0.0 CB 57 
   177 176.883 0.0 C 18 
   74 177.247 0.0 C 9 
   595 1.556 0.0 HD3 50 
   183 4.2 0.0 HA 19 
   357 2.697 0.0 HB3 32 
   63 175.868 0.0 C 8 
   1193 1.534 0.0 HB2 98 
   959 6.868 0.0 HD1 80 
   61 6.882 0.0 HD21 8 
   1158 26.897 0.0 CG 94 
   328 1.586 0.0 HB 30 
   38 20.453 0.0 CG2 5 
   962 6.559 0.0 HE2 80 
   1243 4.036 0.0 HA 103 
   508 0.797 0.0 HD21 43 
   167 31.857 0.0 CB 17 
   927 176.209 0.0 C 77 
   1035 175.01 0.0 C 85 
   308 3.145 0.0 HD2 28 
   1248 6.803 0.0 HE3 103 
   110 1.37 0.0 HB1 12 
   570 36.376 0.0 CG 48 
   284 59.488 0.0 CA 26 
   627 2.135 0.0 HB2 52 
   459 174.702 0.0 C 40 
   1027 26.393 0.0 CG 84 
   1164 2.524 0.0 HG2 95 
   1078 175.634 0.0 C 89 
   1341 1.398 0.0 HB2 110 
   1038 37.004 0.0 CG 85 
   1045 2.116 0.0 HG3 86 
   7 2.532 0.0 HG2 3 
   36 32.906 0.0 CB 5 
   515 25.078 0.0 CD1 43 
   1052 5.547 0.0 HA 87 
   106 36.09 0.0 CG 11 
   1192 3.921 0.0 HA 98 
   1246 7.018 0.0 HD1 103 
   1295 36.323 0.0 CG 106 
   455 0.769 0.0 HG13 40 
   431 105.549 0.0 N 38 
   23 36.128 0.0 CG 4 
   840 0.635 0.0 HD12 70 
   634 28.313 0.0 CB 52 
   1107 0.614 0.0 HG13 91 
   982 38.413 0.0 CB 81 
   913 174.359 0.0 C 76 
   944 0.692 0.0 HG12 79 
   889 125.865 0.0 N 73 
   339 23.077 0.0 CG2 30 
   747 8.206 0.0 H 63 
   291 1.158 0.0 HB3 27 
   1116 17.114 0.0 CG2 91 
   1223 56.234 0.0 CA 101 
   828 1.967 0.0 HB3 69 
   135 4.394 0.0 HA 15 
   521 1.364 0.0 HB1 44 
   1280 1.426 0.0 HB2 105 
   173 2.003 0.0 HB2 18 
   454 0.769 0.0 HG12 40 
   1271 178.325 0.0 C 104 
   986 130.512 0.0 CE2 81 
   947 0.488 0.0 HG22 79 
   718 3.132 0.0 HB2 60 
   1230 1.624 0.0 HD3 102 
   449 122.144 0.0 N 39 
   421 0.713 0.0 HG12 38 
   797 -0.04 0.0 HD11 67 
   345 7.418 0.0 HE21 31 
   773 2.328 0.0 HG2 65 
   501 9.031 0.0 H 43 
   1191 7.999 0.0 H 98 
