   158 2.044 0.0 HB2 17 
   1089 0.902 0.0 HD21 90 
   426 173.629 0.0 C 38 
   323 57.62 0.0 CA 29 
   305 4.445 0.0 HA 28 
   329 0.252 0.0 HG11 30 
   421 0.713 0.0 HG12 38 
   528 7.355 0.0 H 45 
   284 59.488 0.0 CA 26 
   652 2.966 0.0 HB2 54 
   119 1.401 0.0 HB1 13 
   836 7.957 0.0 H 70 
   1070 35.256 0.0 CB 88 
   180 36.33 0.0 CG 18 
   939 109.48 0.0 N 78 
   848 60.153 0.0 CA 70 
   1256 118.379 0.0 CE3 103 
   52 1.354 0.0 HB3 7 
   1061 1.943 0.0 HB 88 
   556 57.292 0.0 CA 47 
   851 26.419 0.0 CG1 70 
   617 56.966 0.0 CA 51 
   1145 1.482 0.0 HB3 94 
   1212 4.419 0.0 HA 100 
   364 38.922 0.0 CB 32 
   1065 0.83 0.0 HG21 88 
   944 0.692 0.0 HG12 79 
   1346 127.482 0.0 N 110 
   952 21.455 0.0 CG1 79 
   1183 1.544 0.0 HG2 97 
   95 26.946 0.0 CG 10 
   774 2.196 0.0 HG3 65 
   834 35.395 0.0 CG 69 
   20 176.331 0.0 C 4 
   1021 1.476 0.0 HG 84 
   913 174.359 0.0 C 76 
   1263 3.644 0.0 HA 104 
   1291 1.91 0.0 HG3 106 
   1206 3.902 0.0 HA2 99 
   114 53.207 0.0 CA 12 
   962 6.559 0.0 HE2 80 
   623 129.351 0.0 CZ 51 
   363 57.485 0.0 CA 32 
   288 9.148 0.0 H 27 
   1001 3.987 0.0 HA 83 
   901 27.83 0.0 CG 74 
   1028 116.818 0.0 N 84 
   249 57.172 0.0 CA 23 
   1136 58.032 0.0 CA 93 
   990 3.582 0.0 HA 82 
   1073 121.549 0.0 N 88 
   532 6.441 0.0 HD21 45 
   1307 117.066 0.0 N 107 
   933 115.627 0.0 N 77 
   477 132.608 0.0 CD1 41 
   285 72.209 0.0 CB 26 
   165 177.442 0.0 C 17 
   161 2.001 0.0 HE2 17 
   830 2.202 0.0 HG3 69 
   58 4.571 0.0 HA 8 
   186 2.03 0.0 HE1 19 
   438 1.863 0.0 HG12 39 
   636 27.315 0.0 CG 52 
   792 110.754 0.0 NE2 66 
   435 0.827 0.0 HD11 39 
   1119 3.827 0.0 HA2 92 
   1196 3.595 0.0 HD3 98 
   1310 1.86 0.0 HB3 108 
   772 1.946 0.0 HB3 65 
   943 0.692 0.0 HG11 79 
   1087 0.758 0.0 HD12 90 
   270 4.133 0.0 HA 25 
   1281 1.426 0.0 HB3 105 
   278 4.43 0.0 HA 26 
   513 54.59 0.0 CA 43 
   987 127.489 0.0 CZ 81 
   209 56.978 0.0 CA 20 
   881 17.673 0.0 CG2 72 
   458 0.737 0.0 HG23 40 
   1261 129.285 0.0 NE1 103 
   1098 26.895 0.0 CG 90 
   271 4.022 0.0 HB2 25 
   1267 2.298 0.0 HE2 104 
   205 0.854 0.0 HD22 20 
   888 62.669 0.0 CB 73 
   324 64.918 0.0 CB 29 
   1229 1.65 0.0 HD2 102 
   1304 26.649 0.0 CB 107 
   1207 3.902 0.0 HA3 99 
   350 32.865 0.0 CB 31 
   571 120.823 0.0 N 48 
   246 1.981 0.0 HG2 23 
   152 30.165 0.0 CB 16 
   856 2.042 0.0 HB2 71 
   1313 1.807 0.0 HG2 108 
   1109 0.555 0.0 HG22 91 
   921 0.842 0.0 HD12 77 
   609 3.28 0.0 HB2 51 
   15 4.276 0.0 HA 4 
   149 1.556 0.0 HG3 16 
   818 1.681 0.0 HG3 68 
   644 1.601 0.0 HG3 53 
   204 0.854 0.0 HD21 20 
   807 25.787 0.0 CD1 67 
   1241 119.022 0.0 N 102 
   593 1.33 0.0 HB3 50 
   475 56.064 0.0 CA 41 
   112 1.37 0.0 HB3 12 
   377 1.378 0.0 HG3 33 
   770 3.908 0.0 HA 65 
   1234 1.301 0.0 HG3 102 
   460 61.243 0.0 CA 40 
   975 6.984 0.0 HD1 81 
   109 4.201 0.0 HA 12 
   711 173.265 0.0 C 59 
   955 8.83 0.0 H 80 
   413 3.768 0.0 HA3 37 
   688 7.208 0.0 HE21 57 
   1037 26.953 0.0 CB 85 
   601 55.26 0.0 CA 50 
   1284 17.87 0.0 CB 105 
   845 0.118 0.0 HG22 70 
   984 131.99 0.0 CD2 81 
   100 1.977 0.0 HB3 11 
   415 46.016 0.0 CA 37 
   929 42.125 0.0 CB 77 
   92 42.02 0.0 CB 10 
   1191 7.999 0.0 H 98 
   3 1.935 0.0 HB3 3 
   138 175.478 0.0 C 15 
   255 2.895 0.0 HB2 24 
   244 1.795 0.0 HB2 23 
   40 8.389 0.0 H 6 
   982 38.413 0.0 CB 81 
   315 43.794 0.0 CD 28 
   938 45.05 0.0 CA 78 
   462 21.236 0.0 CG1 40 
   361 6.319 0.0 HE2 32 
   1242 8.089 0.0 H 103 
   203 0.832 0.0 HD13 20 
   143 4.203 0.0 HA 16 
   812 4.191 0.0 HA 68 
   696 8.306 0.0 H 58 
   1110 0.555 0.0 HG23 91 
   618 43.776 0.0 CB 51 
   1002 4.209 0.0 HB 83 
   148 1.556 0.0 HG2 16 
   702 54.433 0.0 CA 58 
   407 56.237 0.0 CA 36 
   540 4.13 0.0 HA 46 
   889 125.865 0.0 N 73 
   553 1.653 0.0 HG2 47 
   189 2.505 0.0 HG2 19 
   1017 0.451 0.0 HD13 84 
   653 2.515 0.0 HB3 54 
   130 175.451 0.0 C 14 
   96 121.828 0.0 N 10 
   671 0.563 0.0 HD12 56 
   699 0.928 0.0 HB2 58 
   1100 7.464 0.0 H 91 
   1225 8.543 0.0 H 102 
   365 133.168 0.0 CD1 32 
   968 117.499 0.0 CE1 80 
   893 3.803 0.0 HD2 74 
   1302 7.911 0.0 HE1 107 
   484 4.729 0.0 HA 42 
   446 15.099 0.0 CD1 39 
   116 124.06 0.0 N 12 
   1232 2.947 0.0 HE3 102 
   1115 28.558 0.0 CG1 91 
   410 115.94 0.0 N 36 
   184 2.117 0.0 HB2 19 
   858 2.203 0.0 HG2 71 
   915 109.752 0.0 N 76 
   826 4.487 0.0 HA 69 
   973 3.113 0.0 HB2 81 
   564 1.672 0.0 HB3 48 
   304 9.619 0.0 H 28 
   282 1.162 0.0 HG23 26 
   815 3.22 0.0 HD2 68 
   179 29.811 0.0 CB 18 
   965 41.026 0.0 CB 80 
   319 4.528 0.0 HA 29 
   980 176.311 0.0 C 81 
   30 0.883 0.0 HG13 5 
   260 6.701 0.0 HE2 24 
   790 34.742 0.0 CG 66 
   104 57.085 0.0 CA 11 
   730 118.264 0.0 CE2 60 
   29 0.883 0.0 HG12 5 
   991 1.901 0.0 HB2 82 
   956 5.161 0.0 HA 80 
   906 175.703 0.0 C 75 
   432 9.458 0.0 H 39 
   519 9.087 0.0 H 44 
   582 1.602 0.0 HG 49 
   993 2.169 0.0 HG2 82 
   227 111.873 0.0 NE2 21 
   607 8.847 0.0 H 51 
   971 8.68 0.0 H 81 
   1236 59.169 0.0 CA 102 
   1120 3.681 0.0 HA3 92 
   1133 0.068 0.0 HD23 93 
   521 1.364 0.0 HB1 44 
   839 0.635 0.0 HD11 70 
   65 38.639 0.0 CB 8 
   954 116.911 0.0 N 79 
   1215 58.114 0.0 CA 100 
   1116 17.114 0.0 CG2 91 
   588 27.673 0.0 CG 49 
   384 3.925 0.0 HB2 34 
   498 28.39 0.0 CG1 42 
   813 1.901 0.0 HB2 68 
   487 0.685 0.0 HD12 42 
   1239 42.11 0.0 CE 102 
   296 0.897 0.0 HD22 27 
   106 36.09 0.0 CG 11 
   308 3.145 0.0 HD2 28 
   1009 23.764 0.0 CG2 83 
   691 59.107 0.0 CA 57 
   860 175.775 0.0 C 71 
   250 30.144 0.0 CB 23 
   1268 2.298 0.0 HE3 104 
   470 7.257 0.0 HD2 41 
   67 112.954 0.0 ND2 8 
   819 177.1 0.0 C 68 
   251 35.763 0.0 CG 23 
   1250 6.476 0.0 HZ2 103 
   894 3.907 0.0 HD3 74 
   481 128.301 0.0 CZ 41 
   988 126.963 0.0 N 81 
   931 23.53 0.0 CD2 77 
   1154 57.332 0.0 CA 94 
   1053 2.584 0.0 HB2 87 
   827 1.967 0.0 HB2 69 
   659 4.94 0.0 HA 55 
   531 2.661 0.0 HB3 45 
   809 25.235 0.0 CG 67 
   1347 7.888 0.0 H 111 
   113 178.397 0.0 C 12 
   1127 1.079 0.0 HB3 93 
   173 2.003 0.0 HB2 18 
   1019 0.647 0.0 HD22 84 
   725 60.827 0.0 CA 60 
   959 6.868 0.0 HD1 80 
   974 2.775 0.0 HB3 81 
   168 16.963 0.0 CE 17 
   275 64.876 0.0 CB 25 
   83 0.86 0.0 HD11 10 
   761 3.801 0.0 HD3 64 
   1018 0.647 0.0 HD21 84 
   274 58.413 0.0 CA 25 
   50 1.354 0.0 HB1 7 
   301 26.22 0.0 CD1 27 
   1044 2.428 0.0 HG2 86 
   1095 42.674 0.0 CB 90 
   157 4.205 0.0 HA 17 
   1162 2.044 0.0 HB2 95 
   200 1.476 0.0 HB3 20 
   935 4.601 0.0 HA2 78 
   1040 6.636 0.0 H 86 
   572 9.364 0.0 H 49 
   1024 42.208 0.0 CB 84 
   105 29.983 0.0 CB 11 
   983 131.99 0.0 CD1 81 
   1048 34.491 0.0 CB 86 
   129 3.873 0.0 HB3 14 
   1201 31.248 0.0 CB 98 
   382 130.005 0.0 N 33 
   338 20.464 0.0 CG1 30 
