   374 3.051 0.0 HD2 33 
   1286 6.969 0.0 H 106 
   2 2.029 0.0 HB2 3 
   11 32.91 0.0 CB 3 
   305 4.445 0.0 HA 28 
   1074 8.503 0.0 H 89 
   443 174.355 0.0 C 39 
   313 56.669 0.0 CA 28 
   212 23.311 0.0 CD2 20 
   1219 1.459 0.0 HB1 101 
   660 3.288 0.0 HB2 55 
   424 0.574 0.0 HG22 38 
   433 4.323 0.0 HA 39 
   388 62.613 0.0 CB 34 
   920 0.842 0.0 HD11 77 
   808 23.38 0.0 CD2 67 
   505 0.893 0.0 HD11 43 
   1346 127.482 0.0 N 110 
   77 36.292 0.0 CG 9 
   109 4.201 0.0 HA 12 
   625 9.528 0.0 H 52 
   647 30.867 0.0 CB 53 
   255 2.895 0.0 HB2 24 
   1058 121.904 0.0 N 87 
   564 1.672 0.0 HB3 48 
   1343 176.868 0.0 C 110 
   1248 6.803 0.0 HE3 103 
   1217 116.809 0.0 N 100 
   932 26.477 0.0 CG 77 
   514 42.395 0.0 CB 43 
   366 133.168 0.0 CD2 32 
   1047 54.406 0.0 CA 86 
   771 1.946 0.0 HB2 65 
   857 2.042 0.0 HB3 71 
   927 176.209 0.0 C 77 
   845 0.118 0.0 HG22 70 
   994 2.169 0.0 HG3 82 
   1272 60.65 0.0 CA 104 
   506 0.893 0.0 HD12 43 
   287 104.093 0.0 N 26 
   51 1.354 0.0 HB2 7 
   728 133.724 0.0 CD2 60 
   716 7.089 0.0 H 60 
   510 0.797 0.0 HD23 43 
   1040 6.636 0.0 H 86 
   67 112.954 0.0 ND2 8 
   445 39.072 0.0 CB 39 
   813 1.901 0.0 HB2 68 
   416 108.087 0.0 N 37 
   915 109.752 0.0 N 76 
   843 0.613 0.0 HG13 70 
   1159 119.88 0.0 N 94 
   951 34.536 0.0 CB 79 
   1198 1.141 0.0 HG3 98 
   1176 107.323 0.0 N 96 
   1194 2.763 0.0 HB3 98 
   324 64.918 0.0 CB 29 
   840 0.635 0.0 HD12 70 
   817 1.801 0.0 HG2 68 
   897 177.861 0.0 C 74 
   908 64.358 0.0 CB 75 
   752 1.15 0.0 HG23 63 
   370 8.36 0.0 H 33 
   231 1.794 0.0 HB3 22 
   636 27.315 0.0 CG 52 
   835 118.394 0.0 N 69 
   1191 7.999 0.0 H 98 
   973 3.113 0.0 HB2 81 
   95 26.946 0.0 CG 10 
   1063 0.724 0.0 HG12 88 
   108 8.113 0.0 H 12 
   672 0.563 0.0 HD13 56 
   1048 34.491 0.0 CB 86 
   885 4.148 0.0 HB2 73 
   265 132.98 0.0 CD2 24 
   763 1.792 0.0 HG3 64 
   828 1.967 0.0 HB3 69 
   1110 0.555 0.0 HG23 91 
   283 174.498 0.0 C 26 
   519 9.087 0.0 H 44 
   715 99.63 0.0 N 59 
   499 17.509 0.0 CG2 42 
   1215 58.114 0.0 CA 100 
   1133 0.068 0.0 HD23 93 
   820 58.094 0.0 CA 68 
   289 4.249 0.0 HA 27 
   605 26.043 0.0 CG 50 
   1157 23.025 0.0 CD2 94 
   104 57.085 0.0 CA 11 
   336 60.933 0.0 CA 30 
   827 1.967 0.0 HB2 69 
   974 2.775 0.0 HB3 81 
   1223 56.234 0.0 CA 101 
   661 3.034 0.0 HB3 55 
   769 8.522 0.0 H 65 
   898 65.658 0.0 CA 74 
   554 1.442 0.0 HG3 47 
   70 1.998 0.0 HB2 9 
   1209 45.495 0.0 CA 99 
   168 16.963 0.0 CE 17 
   137 3.912 0.0 HB3 15 
   1075 4.745 0.0 HA 89 
   1079 56.08 0.0 CA 89 
   126 8.165 0.0 H 14 
   559 27.613 0.0 CG 47 
   595 1.556 0.0 HD3 50 
   237 57.61 0.0 CA 22 
   756 111.934 0.0 N 63 
   1144 1.93 0.0 HB2 94 
   44 174.496 0.0 C 6 
   184 2.117 0.0 HB2 19 
   1085 1.073 0.0 HB3 90 
   1282 179.136 0.0 C 105 
   736 45.0 0.0 CA 61 
   93 24.876 0.0 CD1 10 
   5 2.037 0.0 HE2 3 
   118 4.218 0.0 HA 13 
   161 2.001 0.0 HE2 17 
   423 0.574 0.0 HG21 38 
   288 9.148 0.0 H 27 
   1125 3.727 0.0 HA 93 
   515 25.078 0.0 CD1 43 
   281 1.162 0.0 HG22 26 
   606 121.409 0.0 N 50 
   1005 1.317 0.0 HG23 83 
   198 4.193 0.0 HA 20 
   38 20.453 0.0 CG2 5 
   1329 1.014 0.0 HD23 109 
   1253 62.775 0.0 CA 103 
   179 29.811 0.0 CB 18 
   1043 1.238 0.0 HB3 86 
   1247 9.086 0.0 HE1 103 
   724 178.019 0.0 C 60 
   474 174.17 0.0 C 41 
   484 4.729 0.0 HA 42 
