   172 4.121 0.0 HA 18 
   1343 176.868 0.0 C 110 
   65 38.639 0.0 CB 8 
   633 55.616 0.0 CA 52 
   826 4.487 0.0 HA 69 
   640 2.014 0.0 HB3 53 
   1238 29.357 0.0 CD 102 
   143 4.203 0.0 HA 16 
   981 57.116 0.0 CA 81 
   754 67.952 0.0 CB 63 
   495 61.316 0.0 CA 42 
   1092 1.466 0.0 HG 90 
   308 3.145 0.0 HD2 28 
   516 24.929 0.0 CD2 43 
   1336 27.041 0.0 CG 109 
   1166 176.559 0.0 C 95 
   338 20.464 0.0 CG1 30 
   447 29.191 0.0 CG1 39 
   863 35.813 0.0 CG 71 
   872 0.696 0.0 HG13 72 
   126 8.165 0.0 H 14 
   181 119.875 0.0 N 18 
   975 6.984 0.0 HD1 81 
   900 50.653 0.0 CD 74 
   673 0.1 0.0 HD21 56 
   756 111.934 0.0 N 63 
   227 111.873 0.0 NE2 21 
   244 1.795 0.0 HB2 23 
   1038 37.004 0.0 CG 85 
   35 62.128 0.0 CA 5 
   1189 27.707 0.0 CG 97 
   315 43.794 0.0 CD 28 
   1000 9.023 0.0 H 83 
   1163 2.236 0.0 HB3 95 
   911 4.276 0.0 HA2 76 
   978 6.86 0.0 HE2 81 
   1155 41.391 0.0 CB 94 
   83 0.86 0.0 HD11 10 
   543 175.512 0.0 C 46 
   160 2.001 0.0 HE1 17 
   794 4.296 0.0 HA 67 
   1077 3.766 0.0 HB3 89 
   1012 4.131 0.0 HA 84 
   327 4.941 0.0 HA 30 
   274 58.413 0.0 CA 25 
   1275 32.912 0.0 CG 104 
   265 132.98 0.0 CD2 24 
   249 57.172 0.0 CA 23 
   1342 1.398 0.0 HB3 110 
   913 174.359 0.0 C 76 
   584 53.785 0.0 CA 49 
   907 58.685 0.0 CA 75 
   257 7.074 0.0 HD1 24 
   1233 1.398 0.0 HG2 102 
   248 176.858 0.0 C 23 
   689 1.708 0.0 HG2 57 
   526 17.978 0.0 CB 44 
   256 2.791 0.0 HB3 24 
   9 176.016 0.0 C 3 
   608 4.974 0.0 HA 51 
   1276 117.096 0.0 N 104 
   1084 1.612 0.0 HB2 90 
   1347 7.888 0.0 H 111 
   320 3.731 0.0 HB2 29 
   1249 6.678 0.0 HH2 103 
   1176 107.323 0.0 N 96 
   955 8.83 0.0 H 80 
   870 0.687 0.0 HD13 72 
   32 0.884 0.0 HG22 5 
   293 0.75 0.0 HD12 27 
   150 177.474 0.0 C 16 
   343 1.96 0.0 HB2 31 
   571 120.823 0.0 N 48 
   1042 1.871 0.0 HB2 86 
   1170 117.117 0.0 N 95 
   780 7.728 0.0 H 66 
   1340 1.398 0.0 HB1 110 
   1300 1.173 0.0 HB3 107 
   158 2.044 0.0 HB2 17 
   115 18.829 0.0 CB 12 
   118 4.218 0.0 HA 13 
   56 126.064 0.0 N 7 
   1078 175.634 0.0 C 89 
   938 45.05 0.0 CA 78 
   400 7.08 0.0 H 36 
   532 6.441 0.0 HD21 45 
   935 4.601 0.0 HA2 78 
   845 0.118 0.0 HG22 70 
   1017 0.451 0.0 HD13 84 
   626 4.903 0.0 HA 52 
   768 28.234 0.0 CG 64 
   239 43.459 0.0 CD 22 
   873 1.167 0.0 HG21 72 
   589 125.107 0.0 N 49 
   922 0.842 0.0 HD13 77 
   1177 8.717 0.0 H 97 
   517 28.618 0.0 CG 43 
   852 18.6 0.0 CG2 70 
   507 0.893 0.0 HD13 43 
   1274 15.91 0.0 CE 104 
   743 177.761 0.0 C 62 
   951 34.536 0.0 CB 79 
   87 0.81 0.0 HD22 10 
   78 121.267 0.0 N 9 
   1174 174.742 0.0 C 96 
   1292 174.911 0.0 C 106 
   105 29.983 0.0 CB 11 
   207 1.708 0.0 HG 20 
   221 2.215 0.0 HG3 21 
   639 2.014 0.0 HB2 53 
   116 124.06 0.0 N 12 
   1157 23.025 0.0 CD2 94 
   61 6.882 0.0 HD21 8 
   508 0.797 0.0 HD21 43 
   844 0.118 0.0 HG21 70 
   696 8.306 0.0 H 58 
   874 1.167 0.0 HG22 72 
   1196 3.595 0.0 HD3 98 
   656 39.184 0.0 CB 54 
   916 7.499 0.0 H 77 
   1187 28.806 0.0 CB 97 
   561 8.308 0.0 H 48 
   371 4.439 0.0 HA 33 
   546 111.628 0.0 N 46 
   40 8.389 0.0 H 6 
   665 116.732 0.0 N 55 
   634 28.313 0.0 CB 52 
   792 110.754 0.0 NE2 66 
   149 1.556 0.0 HG3 16 
   1039 114.551 0.0 N 85 
   616 176.043 0.0 C 51 
   421 0.713 0.0 HG12 38 
   75 57.507 0.0 CA 9 
   1229 1.65 0.0 HD2 102 
   392 1.95 0.0 HB3 35 
   889 125.865 0.0 N 73 
   964 55.493 0.0 CA 80 
   1103 0.62 0.0 HD11 91 
   853 125.545 0.0 N 70 
   995 178.206 0.0 C 82 
   877 61.763 0.0 CA 72 
   936 4.045 0.0 HA3 78 
   214 121.295 0.0 N 20 
   1159 119.88 0.0 N 94 
   403 1.619 0.0 HB3 36 
   1199 175.018 0.0 C 98 
   835 118.394 0.0 N 69 
   1317 32.352 0.0 CB 108 
   944 0.692 0.0 HG12 79 
   1133 0.068 0.0 HD23 93 
   513 54.59 0.0 CA 43 
   425 0.574 0.0 HG23 38 
   36 32.906 0.0 CB 5 
   1119 3.827 0.0 HA2 92 
   1230 1.624 0.0 HD3 102 
   1316 62.878 0.0 CA 108 
   346 2.141 0.0 HG2 31 
   1072 22.104 0.0 CG2 88 
   536 37.016 0.0 CB 45 
   398 36.377 0.0 CG 35 
   613 7.022 0.0 HE1 51 
   49 4.212 0.0 HA 7 
   233 3.132 0.0 HD3 22 
   216 4.037 0.0 HA 21 
   1167 56.089 0.0 CA 95 
   1181 3.087 0.0 HD2 97 
   736 45.0 0.0 CA 61 
   169 32.011 0.0 CG 17 
   167 31.857 0.0 CB 17 
   598 1.28 0.0 HG2 50 
   790 34.742 0.0 CG 66 
   1206 3.902 0.0 HA2 99 
   414 174.303 0.0 C 37 
   942 1.744 0.0 HB 79 
   961 6.559 0.0 HE1 80 
   635 43.598 0.0 CD 52 
   370 8.36 0.0 H 33 
   1143 4.015 0.0 HA 94 
   1114 13.047 0.0 CD1 91 
   1109 0.555 0.0 HG22 91 
   1100 7.464 0.0 H 91 
   103 177.123 0.0 C 11 
   404 2.193 0.0 HG2 36 
   302 26.014 0.0 CD2 27 
   749 4.537 0.0 HB 63 
   983 131.99 0.0 CD1 81 
   312 176.07 0.0 C 28 
   690 0.608 0.0 HG3 57 
   254 4.315 0.0 HA 24 
   1288 1.513 0.0 HB2 106 
   1156 26.8 0.0 CD1 94 
   5 2.037 0.0 HE2 3 
   778 36.644 0.0 CG 65 
   822 43.453 0.0 CD 68 
   187 2.03 0.0 HE2 19 
   622 131.675 0.0 CE2 51 
   535 52.068 0.0 CA 45 
   1327 1.014 0.0 HD21 109 
   704 116.752 0.0 N 58 
   1214 4.42 0.0 HB3 100 
   566 1.94 0.0 HG3 48 
   13 31.901 0.0 CG 3 
   1303 53.158 0.0 CA 107 
   908 64.358 0.0 CB 75 
   452 1.871 0.0 HB 40 
   238 30.597 0.0 CB 22 
   972 4.47 0.0 HA 81 
   51 1.354 0.0 HB2 7 
   310 1.564 0.0 HG2 28 
   1329 1.014 0.0 HD23 109 
   242 7.95 0.0 H 23 
   1098 26.895 0.0 CG 90 
   491 0.921 0.0 HG21 42 
   1147 0.88 0.0 HD12 94 
   803 1.287 0.0 HG 67 
   88 0.81 0.0 HD23 10 
   291 1.158 0.0 HB3 27 
   1009 23.764 0.0 CG2 83 
   1321 4.315 0.0 HA 109 
   712 59.886 0.0 CA 59 
   282 1.162 0.0 HG23 26 
   731 124.377 0.0 N 60 
   544 56.917 0.0 CA 46 
   253 8.087 0.0 H 24 
   506 0.893 0.0 HD12 43 
   189 2.505 0.0 HG2 19 
   1136 58.032 0.0 CA 93 
   793 7.132 0.0 H 67 
   1050 114.682 0.0 N 86 
   857 2.042 0.0 HB3 71 
   530 3.252 0.0 HB2 45 
   290 1.67 0.0 HB2 27 
   820 58.094 0.0 CA 68 
   1059 9.051 0.0 H 88 
   1345 19.28 0.0 CB 110 
   1045 2.116 0.0 HG3 86 
   390 4.039 0.0 HA 35 
   1244 3.125 0.0 HB2 103 
   1102 1.437 0.0 HB 91 
   1149 0.839 0.0 HD21 94 
   16 1.968 0.0 HB2 4 
   117 8.142 0.0 H 13 
   422 0.713 0.0 HG13 38 
   1061 1.943 0.0 HB 88 
   466 4.852 0.0 HA 41 
   846 0.118 0.0 HG23 70 
   849 42.252 0.0 CB 70 
   1270 2.214 0.0 HG3 104 
   648 49.824 0.0 CD 53 
   1169 36.454 0.0 CG 95 
   17 1.884 0.0 HB3 4 
   1082 8.799 0.0 H 90 
   923 0.824 0.0 HD21 77 
   903 4.211 0.0 HA 75 
   1265 2.339 0.0 HB3 104 
   375 2.833 0.0 HD3 33 
   155 122.38 0.0 N 16 
   587 23.991 0.0 CD2 49 
   54 53.151 0.0 CA 7 
   229 4.086 0.0 HA 22 
   550 1.794 0.0 HB3 47 
   391 1.95 0.0 HB2 35 
   1330 1.647 0.0 HG 109 
   1051 8.63 0.0 H 87 
   394 2.204 0.0 HG3 35 
   928 54.378 0.0 CA 77 
   787 175.329 0.0 C 66 
   258 7.074 0.0 HD2 24 
   1013 1.467 0.0 HB2 84 
   683 118.239 0.0 N 56 
   996 59.66 0.0 CA 82 
   12 16.881 0.0 CE 3 
   195 32.102 0.0 CG 19 
   1337 122.868 0.0 N 109 
   871 1.629 0.0 HG12 72 
   714 19.939 0.0 CG2 59 
   819 177.1 0.0 C 68 
   1007 65.351 0.0 CA 83 
   1135 174.204 0.0 C 93 
   893 3.803 0.0 HD2 74 
   751 1.15 0.0 HG22 63 
   612 7.186 0.0 HD2 51 
   567 176.225 0.0 C 48 
   1273 33.268 0.0 CB 104 
   691 59.107 0.0 CA 57 
   759 1.816 0.0 HB3 64 
   321 3.555 0.0 HB3 29 
   963 175.006 0.0 C 80 
   509 0.797 0.0 HD22 43 
   947 0.488 0.0 HG22 79 
   1016 0.451 0.0 HD12 84 
   681 23.002 0.0 CD2 56 
   1165 2.274 0.0 HG3 95 
   90 178.235 0.0 C 10 
   880 28.809 0.0 CG1 72 
   918 1.608 0.0 HB2 77 
   998 35.923 0.0 CG 82 
   755 21.938 0.0 CG2 63 
   313 56.669 0.0 CA 28 
   132 63.477 0.0 CB 14 
   523 1.364 0.0 HB3 44 
   354 9.231 0.0 H 32 
   921 0.842 0.0 HD12 77 
   892 1.915 0.0 HB3 74 
   1328 1.014 0.0 HD22 109 
   27 2.016 0.0 HB 5 
   144 1.84 0.0 HB2 16 
   973 3.113 0.0 HB2 81 
   949 171.397 0.0 C 79 
   1346 127.482 0.0 N 110 
   496 38.247 0.0 CB 42 
   219 7.622 0.0 HE21 21 
   1152 1.717 0.0 HG 94 
   1090 0.902 0.0 HD22 90 
   1127 1.079 0.0 HB3 93 
   477 132.608 0.0 CD1 41 
   760 3.713 0.0 HD2 64 
   1085 1.073 0.0 HB3 90 
   470 7.257 0.0 HD2 41 
   109 4.201 0.0 HA 12 
   1120 3.681 0.0 HA3 92 
   284 59.488 0.0 CA 26 
   82 1.543 0.0 HB3 10 
   1065 0.83 0.0 HG21 88 
   1079 56.08 0.0 CA 89 
   323 57.62 0.0 CA 29 
   99 1.977 0.0 HB2 11 
   966 133.192 0.0 CD1 80 
   1106 1.169 0.0 HG12 91 
   901 27.83 0.0 CG 74 
   695 109.665 0.0 NE2 57 
   638 4.146 0.0 HA 53 
   439 0.821 0.0 HG13 39 
   1130 -0.102 0.0 HD13 93 
   986 130.512 0.0 CE2 81 
   1129 -0.102 0.0 HD12 93 
   352 122.553 0.0 N 31 
   869 0.687 0.0 HD12 72 
   46 64.02 0.0 CB 6 
   621 131.675 0.0 CE1 51 
   89 1.587 0.0 HG 10 
   288 9.148 0.0 H 27 
   356 2.875 0.0 HB2 32 
   514 42.395 0.0 CB 43 
   1087 0.758 0.0 HD12 90 
   653 2.515 0.0 HB3 54 
   198 4.193 0.0 HA 20 
   660 3.288 0.0 HB2 55 
   636 27.315 0.0 CG 52 
   518 128.415 0.0 N 43 
   1289 1.513 0.0 HB3 106 
   572 9.364 0.0 H 49 
   772 1.946 0.0 HB3 65 
   297 0.897 0.0 HD23 27 
   263 38.578 0.0 CB 24 
   666 7.22 0.0 H 56 
   304 9.619 0.0 H 28 
   80 4.197 0.0 HA 10 
   316 26.623 0.0 CG 28 
   140 63.455 0.0 CB 15 
   962 6.559 0.0 HE2 80 
   436 0.827 0.0 HD12 39 
   280 1.162 0.0 HG21 26 
   926 1.474 0.0 HG 77 
   894 3.907 0.0 HD3 74 
   107 120.956 0.0 N 11 
   706 3.734 0.0 HA 59 
   133 114.553 0.0 N 14 
   318 7.994 0.0 H 29 
   68 8.245 0.0 H 9 
   120 1.401 0.0 HB2 13 
   1146 0.88 0.0 HD11 94 
   418 4.915 0.0 HA 38 
   838 1.325 0.0 HB 70 
   213 26.891 0.0 CG 20 
   1291 1.91 0.0 HG3 106 
   69 4.162 0.0 HA 9 
   781 4.059 0.0 HA 66 
   267 118.071 0.0 CE2 24 
   1191 7.999 0.0 H 98 
   674 0.1 0.0 HD22 56 
   1164 2.524 0.0 HG2 95 
   796 1.216 0.0 HB3 67 
   84 0.86 0.0 HD12 10 
   1253 62.775 0.0 CA 103 
   1047 54.406 0.0 CA 86 
   557 30.762 0.0 CB 47 
   931 23.53 0.0 CD2 77 
   1008 68.085 0.0 CB 83 
   416 108.087 0.0 N 37 
   1140 25.6 0.0 CG 93 
   96 121.828 0.0 N 10 
   623 129.351 0.0 CZ 51 
   679 42.559 0.0 CB 56 
   600 175.125 0.0 C 50 
   644 1.601 0.0 HG3 53 
   430 18.467 0.0 CG2 38 
   954 116.911 0.0 N 79 
   22 29.994 0.0 CB 4 
   1258 114.304 0.0 CZ2 103 
   617 56.966 0.0 CA 51 
   128 3.873 0.0 HB2 14 
   326 8.245 0.0 H 30 
   767 49.993 0.0 CD 64 
   1097 26.006 0.0 CD2 90 
