   606 121.409 0.0 N 50 
   1041 4.768 0.0 HA 86 
   465 9.605 0.0 H 41 
   418 4.915 0.0 HA 38 
   287 104.093 0.0 N 26 
   1230 1.624 0.0 HD3 102 
   342 4.566 0.0 HA 31 
   532 6.441 0.0 HD21 45 
   1221 1.459 0.0 HB3 101 
   309 3.084 0.0 HD3 28 
   448 19.58 0.0 CG2 39 
   381 26.709 0.0 CG 33 
   463 21.935 0.0 CG2 40 
   400 7.08 0.0 H 36 
   676 1.245 0.0 HG 56 
   236 178.223 0.0 C 22 
   783 1.925 0.0 HB3 66 
   563 1.791 0.0 HB2 48 
   204 0.854 0.0 HD21 20 
   108 8.113 0.0 H 12 
   1003 1.317 0.0 HG21 83 
   478 132.608 0.0 CD2 41 
   589 125.107 0.0 N 49 
   837 4.508 0.0 HA 70 
   1019 0.647 0.0 HD22 84 
   1235 177.978 0.0 C 102 
   560 121.275 0.0 N 47 
   1206 3.902 0.0 HA2 99 
   675 0.1 0.0 HD23 56 
   458 0.737 0.0 HG23 40 
   617 56.966 0.0 CA 51 
   486 0.685 0.0 HD11 42 
   157 4.205 0.0 HA 17 
   1072 22.104 0.0 CG2 88 
   380 43.753 0.0 CD 33 
   294 0.75 0.0 HD13 27 
   424 0.574 0.0 HG22 38 
   583 175.439 0.0 C 49 
   495 61.316 0.0 CA 42 
   555 174.209 0.0 C 47 
   511 1.668 0.0 HG 43 
   1222 181.335 0.0 C 101 
   721 7.329 0.0 HD2 60 
   316 26.623 0.0 CG 28 
   567 176.225 0.0 C 48 
   633 55.616 0.0 CA 52 
   1123 103.835 0.0 N 92 
   864 126.24 0.0 N 71 
   982 38.413 0.0 CB 81 
   858 2.203 0.0 HG2 71 
   542 2.79 0.0 HB3 46 
   706 3.734 0.0 HA 59 
   868 0.687 0.0 HD11 72 
   976 6.984 0.0 HD2 81 
   1296 114.241 0.0 N 106 
   234 1.658 0.0 HG2 22 
   493 0.921 0.0 HG23 42 
   137 3.912 0.0 HB3 15 
   151 57.826 0.0 CA 16 
   959 6.868 0.0 HD1 80 
   97 8.147 0.0 H 11 
   211 25.394 0.0 CD1 20 
   927 176.209 0.0 C 77 
   501 9.031 0.0 H 43 
   1274 15.91 0.0 CE 104 
   383 3.616 0.0 HA 34 
   615 7.149 0.0 HZ 51 
   907 58.685 0.0 CA 75 
   1138 24.399 0.0 CD1 93 
   732 8.751 0.0 H 61 
   750 1.15 0.0 HG21 63 
   696 8.306 0.0 H 58 
   929 42.125 0.0 CB 77 
   938 45.05 0.0 CA 78 
   169 32.011 0.0 CG 17 
   815 3.22 0.0 HD2 68 
   414 174.303 0.0 C 37 
   1279 1.426 0.0 HB1 105 
   762 2.185 0.0 HG2 64 
   862 32.946 0.0 CB 71 
   131 59.538 0.0 CA 14 
   264 132.98 0.0 CD1 24 
   1254 29.069 0.0 CB 103 
   867 1.671 0.0 HB 72 
   1297 7.064 0.0 H 107 
   1176 107.323 0.0 N 96 
   321 3.555 0.0 HB3 29 
   1178 4.322 0.0 HA 97 
   96 121.828 0.0 N 10 
   1014 1.467 0.0 HB3 84 
   756 111.934 0.0 N 63 
   1001 3.987 0.0 HA 83 
   397 28.457 0.0 CB 35 
   1308 4.342 0.0 HA 108 
   1205 7.684 0.0 H 99 
   45 58.096 0.0 CA 6 
   704 116.752 0.0 N 58 
   41 4.402 0.0 HA 6 
   1328 1.014 0.0 HD22 109 
   1181 3.087 0.0 HD2 97 
   454 0.769 0.0 HG12 40 
   823 27.438 0.0 CG 68 
   784 7.328 0.0 HE21 66 
   1240 24.762 0.0 CG 102 
   1013 1.467 0.0 HB2 84 
   491 0.921 0.0 HG21 42 
   39 121.499 0.0 N 5 
   68 8.245 0.0 H 9 
   766 31.923 0.0 CB 64 
   569 32.524 0.0 CB 48 
   1273 33.268 0.0 CB 104 
   697 3.592 0.0 HA 58 
   1303 53.158 0.0 CA 107 
   27 2.016 0.0 HB 5 
   317 123.653 0.0 N 28 
   347 2.215 0.0 HG3 31 
   31 0.884 0.0 HG21 5 
   251 35.763 0.0 CG 23 
   1331 176.976 0.0 C 109 
   482 128.169 0.0 N 41 
   1133 0.068 0.0 HD23 93 
   602 35.539 0.0 CB 50 
   1309 2.209 0.0 HB2 108 
   305 4.445 0.0 HA 28 
   82 1.543 0.0 HB3 10 
   52 1.354 0.0 HB3 7 
   301 26.22 0.0 CD1 27 
   801 0.36 0.0 HD22 67 
   1137 41.703 0.0 CB 93 
   210 42.252 0.0 CB 20 
   1131 0.068 0.0 HD21 93 
   1183 1.544 0.0 HG2 97 
   1064 0.724 0.0 HG13 88 
   22 29.994 0.0 CB 4 
   1024 42.208 0.0 CB 84 
   791 117.742 0.0 N 66 
   808 23.38 0.0 CD2 67 
   78 121.267 0.0 N 9 
   903 4.211 0.0 HA 75 
   1234 1.301 0.0 HG3 102 
   1260 121.319 0.0 N 103 
   1347 7.888 0.0 H 111 
   598 1.28 0.0 HG2 50 
   444 61.503 0.0 CA 39 
   630 3.332 0.0 HD3 52 
   1122 47.672 0.0 CA 92 
   1239 42.11 0.0 CE 102 
   71 1.998 0.0 HB3 9 
   81 1.659 0.0 HB2 10 
   713 68.111 0.0 CB 59 
   1185 174.894 0.0 C 97 
   996 59.66 0.0 CA 82 
   422 0.713 0.0 HG13 38 
   270 4.133 0.0 HA 25 
   842 1.246 0.0 HG12 70 
   1214 4.42 0.0 HB3 100 
   1228 1.689 0.0 HB3 102 
   441 0.365 0.0 HG22 39 
   1213 4.108 0.0 HB2 100 
   1125 3.727 0.0 HA 93 
   476 39.031 0.0 CB 41 
   893 3.803 0.0 HD2 74 
   522 1.364 0.0 HB2 44 
   84 0.86 0.0 HD12 10 
   437 0.827 0.0 HD13 39 
   805 53.307 0.0 CA 67 
   983 131.99 0.0 CD1 81 
   187 2.03 0.0 HE2 19 
   807 25.787 0.0 CD1 67 
   838 1.325 0.0 HB 70 
   222 177.928 0.0 C 21 
   964 55.493 0.0 CA 80 
   181 119.875 0.0 N 18 
   901 27.83 0.0 CG 74 
   1147 0.88 0.0 HD12 94 
   303 119.999 0.0 N 27 
   806 41.98 0.0 CB 67 
   109 4.201 0.0 HA 12 
   523 1.364 0.0 HB3 44 
   420 0.713 0.0 HG11 38 
   416 108.087 0.0 N 37 
   1338 8.637 0.0 H 110 
   879 13.45 0.0 CD1 72 
   462 21.236 0.0 CG1 40 
   505 0.893 0.0 HD11 43 
   1188 43.281 0.0 CD 97 
   150 177.474 0.0 C 16 
   799 -0.04 0.0 HD13 67 
   1150 0.839 0.0 HD22 94 
   1245 3.08 0.0 HB3 103 
   375 2.833 0.0 HD3 33 
   427 58.127 0.0 CA 38 
   49 4.212 0.0 HA 7 
   330 0.252 0.0 HG12 30 
   1057 44.193 0.0 CB 87 
   909 109.127 0.0 N 75 
   541 3.176 0.0 HB2 46 
   230 1.794 0.0 HB2 22 
   539 8.1 0.0 H 46 
   754 67.952 0.0 CB 63 
   834 35.395 0.0 CG 69 
   1329 1.014 0.0 HD23 109 
   751 1.15 0.0 HG22 63 
   621 131.675 0.0 CE1 51 
   870 0.687 0.0 HD13 72 
   1110 0.555 0.0 HG23 91 
   968 117.499 0.0 CE1 80 
   1290 2.19 0.0 HG2 106 
   1252 181.021 0.0 C 103 
   571 120.823 0.0 N 48 
   1128 -0.102 0.0 HD11 93 
   119 1.401 0.0 HB1 13 
   1143 4.015 0.0 HA 94 
   361 6.319 0.0 HE2 32 
   269 7.403 0.0 H 25 
   987 127.489 0.0 CZ 81 
   289 4.249 0.0 HA 27 
   622 131.675 0.0 CE2 51 
   814 1.811 0.0 HB3 68 
   296 0.897 0.0 HD22 27 
   690 0.608 0.0 HG3 57 
   1069 61.447 0.0 CA 88 
   659 4.94 0.0 HA 55 
   672 0.563 0.0 HD13 56 
   1337 122.868 0.0 N 109 
   113 178.397 0.0 C 12 
   1324 1.06 0.0 HD11 109 
   496 38.247 0.0 CB 42 
   691 59.107 0.0 CA 57 
   485 1.815 0.0 HB 42 
   489 1.467 0.0 HG12 42 
   101 2.227 0.0 HG2 11 
   635 43.598 0.0 CD 52 
   85 0.86 0.0 HD13 10 
   775 178.76 0.0 C 65 
   502 5.108 0.0 HA 43 
   666 7.22 0.0 H 56 
   417 6.622 0.0 H 38 
   779 114.841 0.0 N 65 
   664 42.87 0.0 CB 55 
   86 0.81 0.0 HD21 10 
   376 1.44 0.0 HG2 33 
   989 7.466 0.0 H 82 
   1151 0.839 0.0 HD23 94 
   878 38.256 0.0 CB 72 
   702 54.433 0.0 CA 58 
   89 1.587 0.0 HG 10 
   999 124.087 0.0 N 82 
   353 111.73 0.0 NE2 31 
   665 116.732 0.0 N 55 
   540 4.13 0.0 HA 46 
   193 32.162 0.0 CB 19 
   238 30.597 0.0 CB 22 
   231 1.794 0.0 HB3 22 
   776 59.383 0.0 CA 65 
   403 1.619 0.0 HB3 36 
   93 24.876 0.0 CD1 10 
   117 8.142 0.0 H 13 
   1120 3.681 0.0 HA3 92 
   643 2.087 0.0 HG2 53 
   344 1.8 0.0 HB3 31 
   592 1.613 0.0 HB2 50 
   578 0.712 0.0 HD13 49 
   390 4.039 0.0 HA 35 
   56 126.064 0.0 N 7 
   764 179.483 0.0 C 64 
   970 126.853 0.0 N 80 
   695 109.665 0.0 NE2 57 
   826 4.487 0.0 HA 69 
   1305 119.178 0.0 CD2 107 
   720 7.329 0.0 HD1 60 
   1173 3.752 0.0 HA3 96 
   219 7.622 0.0 HE21 21 
   118 4.218 0.0 HA 13 
   213 26.891 0.0 CG 20 
   506 0.893 0.0 HD12 43 
   624 119.432 0.0 N 51 
   932 26.477 0.0 CG 77 
   803 1.287 0.0 HG 67 
   1097 26.006 0.0 CD2 90 
   995 178.206 0.0 C 82 
   98 4.131 0.0 HA 11 
   1334 24.954 0.0 CD1 109 
   745 20.267 0.0 CB 62 
   719 2.799 0.0 HB3 60 
   1002 4.209 0.0 HB 83 
   1033 2.205 0.0 HG2 85 
   340 122.775 0.0 N 30 
   926 1.474 0.0 HG 77 
   1011 6.473 0.0 H 84 
   464 126.626 0.0 N 40 
   1139 22.143 0.0 CD2 93 
   80 4.197 0.0 HA 10 
   566 1.94 0.0 HG3 48 
   811 7.214 0.0 H 68 
   1000 9.023 0.0 H 83 
   737 118.169 0.0 N 61 
   62 7.585 0.0 HD22 8 
   940 8.683 0.0 H 79 
   694 124.612 0.0 N 57 
   1182 3.087 0.0 HD3 97 
   223 57.396 0.0 CA 21 
   551 3.179 0.0 HD2 47 
   724 178.019 0.0 C 60 
   419 1.757 0.0 HB 38 
   201 0.832 0.0 HD11 20 
   34 176.074 0.0 C 5 
   618 43.776 0.0 CB 51 
   275 64.876 0.0 CB 25 
   141 117.597 0.0 N 15 
   640 2.014 0.0 HB3 53 
   957 2.892 0.0 HB2 80 
   88 0.81 0.0 HD23 10 
   432 9.458 0.0 H 39 
   32 0.884 0.0 HG22 5 
   763 1.792 0.0 HG3 64 
   116 124.06 0.0 N 12 
   487 0.685 0.0 HD12 42 
   1218 4.02 0.0 HA 101 
   692 28.159 0.0 CB 57 
   937 170.501 0.0 C 78 
   1046 174.095 0.0 C 86 
   735 174.325 0.0 C 61 
   593 1.33 0.0 HB3 50 
   821 31.556 0.0 CB 68 
   112 1.37 0.0 HB3 12 
   831 174.904 0.0 C 69 
   975 6.984 0.0 HD1 81 
   297 0.897 0.0 HD23 27 
   816 3.22 0.0 HD3 68 
   43 3.824 0.0 HB3 6 
   626 4.903 0.0 HA 52 
   1312 3.044 0.0 HD3 108 
   189 2.505 0.0 HG2 19 
   168 16.963 0.0 CE 17 
   962 6.559 0.0 HE2 80 
   809 25.235 0.0 CG 67 
   687 0.068 0.0 HB3 57 
   922 0.842 0.0 HD13 77 
   788 57.206 0.0 CA 66 
   26 4.098 0.0 HA 5 
   709 -0.209 0.0 HG22 59 
   94 23.445 0.0 CD2 10 
   845 0.118 0.0 HG22 70 
   1262 9.18 0.0 H 104 
   804 174.721 0.0 C 67 
   481 128.301 0.0 CZ 41 
   53 178.059 0.0 C 7 
   943 0.692 0.0 HG11 79 
   477 132.608 0.0 CD1 41 
   579 0.789 0.0 HD21 49 
   889 125.865 0.0 N 73 
   897 177.861 0.0 C 74 
   51 1.354 0.0 HB2 7 
   997 30.452 0.0 CB 82 
   902 7.893 0.0 H 75 
   873 1.167 0.0 HG21 72 
   1283 54.605 0.0 CA 105 
   1179 1.643 0.0 HB2 97 
   179 29.811 0.0 CB 18 
   283 174.498 0.0 C 26 
   202 0.832 0.0 HD12 20 
   195 32.102 0.0 CG 19 
   196 119.142 0.0 N 19 
   859 2.053 0.0 HG3 71 
   960 6.868 0.0 HD2 80 
   1253 62.775 0.0 CA 103 
   1313 1.807 0.0 HG2 108 
   741 1.112 0.0 HB2 62 
   1169 36.454 0.0 CG 95 
   348 174.131 0.0 C 31 
   688 7.208 0.0 HE21 57 
   44 174.496 0.0 C 6 
   349 54.359 0.0 CA 31 
   1201 31.248 0.0 CB 98 
   1247 9.086 0.0 HE1 103 
   1288 1.513 0.0 HB2 106 
   510 0.797 0.0 HD23 43 
   362 174.519 0.0 C 32 
   90 178.235 0.0 C 10 
   1171 7.722 0.0 H 96 
   734 3.361 0.0 HA3 61 
   773 2.328 0.0 HG2 65 
   771 1.946 0.0 HB2 65 
   1163 2.236 0.0 HB3 95 
   1275 32.912 0.0 CG 104 
   300 43.838 0.0 CB 27 
   851 26.419 0.0 CG1 70 
   1349 3.803 0.0 HB2 111 
   978 6.86 0.0 HE2 81 
   863 35.813 0.0 CG 71 
   707 3.962 0.0 HB 59 
   1005 1.317 0.0 HG23 83 
   439 0.821 0.0 HG13 39 
   948 0.488 0.0 HG23 79 
   216 4.037 0.0 HA 21 
   175 2.198 0.0 HG2 18 
   388 62.613 0.0 CB 34 
   693 31.891 0.0 CG 57 
   820 58.094 0.0 CA 68 
   546 111.628 0.0 N 46 
   8 2.492 0.0 HG3 3 
   714 19.939 0.0 CG2 59 
   266 118.071 0.0 CE1 24 
   625 9.528 0.0 H 52 
   227 111.873 0.0 NE2 21 
   1065 0.83 0.0 HG21 88 
   547 7.703 0.0 H 47 
   209 56.978 0.0 CA 20 
   129 3.873 0.0 HB3 14 
   138 175.478 0.0 C 15 
   998 35.923 0.0 CG 82 
   614 7.022 0.0 HE2 51 
   386 176.483 0.0 C 34 
   245 1.795 0.0 HB3 23 
   528 7.355 0.0 H 45 
   689 1.708 0.0 HG2 57 
   406 176.435 0.0 C 36 
   973 3.113 0.0 HB2 81 
   1238 29.357 0.0 CD 102 
   591 5.454 0.0 HA 50 
   473 6.866 0.0 HZ 41 
   329 0.252 0.0 HG11 30 
   114 53.207 0.0 CA 12 
   313 56.669 0.0 CA 28 
   874 1.167 0.0 HG22 72 
   552 3.068 0.0 HD3 47 
   23 36.128 0.0 CG 4 
   449 122.144 0.0 N 39 
   442 0.365 0.0 HG23 39 
   1350 3.803 0.0 HB3 111 
   1322 1.658 0.0 HB2 109 
   846 0.118 0.0 HG23 70 
   1048 34.491 0.0 CB 86 
   1160 7.738 0.0 H 95 
   790 34.742 0.0 CG 66 
   1282 179.136 0.0 C 105 
   467 3.304 0.0 HB2 41 
   105 29.983 0.0 CB 11 
   156 8.14 0.0 H 17 
   761 3.801 0.0 HD3 64 
   393 2.263 0.0 HG2 35 
   389 9.379 0.0 H 35 
   1114 13.047 0.0 CD1 91 
   360 6.319 0.0 HE1 32 
   281 1.162 0.0 HG22 26 
   190 2.638 0.0 HG3 19 
   825 7.852 0.0 H 69 
   356 2.875 0.0 HB2 32 
   267 118.071 0.0 CE2 24 
   55 19.004 0.0 CB 7 
   1102 1.437 0.0 HB 91 
   657 111.513 0.0 N 54 
   655 55.185 0.0 CA 54 
   1264 2.067 0.0 HB2 104 
   244 1.795 0.0 HB2 23 
   744 52.177 0.0 CA 62 
   312 176.07 0.0 C 28 
   324 64.918 0.0 CB 29 
   1256 118.379 0.0 CE3 103 
   736 45.0 0.0 CA 61 
   796 1.216 0.0 HB3 67 
   911 4.276 0.0 HA2 76 
   1025 25.665 0.0 CD1 84 
   1300 1.173 0.0 HB3 107 
   66 116.954 0.0 N 8 
   924 0.824 0.0 HD22 77 
   833 28.69 0.0 CB 69 
   433 4.323 0.0 HA 39 
   580 0.789 0.0 HD22 49 
   1035 175.01 0.0 C 85 
   1159 119.88 0.0 N 94 
   910 8.418 0.0 H 76 
   192 57.55 0.0 CA 19 
   92 42.02 0.0 CB 10 
   173 2.003 0.0 HB2 18 
   33 0.884 0.0 HG23 5 
   516 24.929 0.0 CD2 43 
   722 6.914 0.0 HE1 60 
   703 20.052 0.0 CB 58 
   1104 0.62 0.0 HD12 91 
   14 8.628 0.0 H 4 
   849 42.252 0.0 CB 70 
   494 176.006 0.0 C 42 
   385 3.839 0.0 HB3 34 
   1202 43.141 0.0 CD 98 
   794 4.296 0.0 HA 67 
   1301 6.147 0.0 HD2 107 
   79 8.06 0.0 H 10 
   409 36.871 0.0 CG 36 
   372 1.712 0.0 HB2 33 
   1062 0.724 0.0 HG11 88 
   241 119.729 0.0 N 22 
   1249 6.678 0.0 HH2 103 
   410 115.94 0.0 N 36 
   1339 4.335 0.0 HA 110 
   928 54.378 0.0 CA 77 
   1105 0.62 0.0 HD13 91 
   357 2.697 0.0 HB3 32 
   415 46.016 0.0 CA 37 
   237 57.61 0.0 CA 22 
   124 18.835 0.0 CB 13 
   1007 65.351 0.0 CA 83 
   1196 3.595 0.0 HD3 98 
   1343 176.868 0.0 C 110 
   596 2.85 0.0 HE2 50 
   155 122.38 0.0 N 16 
   206 0.854 0.0 HD23 20 
   798 -0.04 0.0 HD12 67 
   318 7.994 0.0 H 29 
   30 0.883 0.0 HG13 5 
   479 130.657 0.0 CE1 41 
   447 29.191 0.0 CG1 39 
   239 43.459 0.0 CD 22 
   73 2.204 0.0 HG3 9 
   1219 1.459 0.0 HB1 101 
   36 32.906 0.0 CB 5 
   933 115.627 0.0 N 77 
   10 55.604 0.0 CA 3 
   323 57.62 0.0 CA 29 
   544 56.917 0.0 CA 46 
   936 4.045 0.0 HA3 78 
   1038 37.004 0.0 CG 85 
   898 65.658 0.0 CA 74 
   1258 114.304 0.0 CZ2 103 
   174 2.003 0.0 HB3 18 
   1021 1.476 0.0 HG 84 
   1092 1.466 0.0 HG 90 
   1004 1.317 0.0 HG22 83 
   1326 1.06 0.0 HD13 109 
   524 176.981 0.0 C 44 
   285 72.209 0.0 CB 26 
   698 0.928 0.0 HB1 58 
   988 126.963 0.0 N 81 
   185 2.046 0.0 HB3 19 
   620 131.545 0.0 CD2 51 
   1292 174.911 0.0 C 106 
   1076 4.014 0.0 HB2 89 
   15 4.276 0.0 HA 4 
   470 7.257 0.0 HD2 41 
   835 118.394 0.0 N 69 
   293 0.75 0.0 HD12 27 
   1203 29.125 0.0 CG 98 
   258 7.074 0.0 HD2 24 
   1 4.425 0.0 HA 3 
   537 114.155 0.0 N 45 
   341 8.341 0.0 H 31 
   553 1.653 0.0 HG2 47 
   207 1.708 0.0 HG 20 
   132 63.477 0.0 CB 14 
   1246 7.018 0.0 HD1 103 
   29 0.883 0.0 HG12 5 
   653 2.515 0.0 HB3 54 
   1248 6.803 0.0 HE3 103 
   827 1.967 0.0 HB2 69 
   514 42.395 0.0 CB 43 
   279 4.215 0.0 HB 26 
   923 0.824 0.0 HD21 77 
   1047 54.406 0.0 CA 86 
   974 2.775 0.0 HB3 81 
   1211 8.646 0.0 H 100 
   106 36.09 0.0 CG 11 
   59 2.776 0.0 HB2 8 
   880 28.809 0.0 CG1 72 
   1327 1.014 0.0 HD21 109 
   373 1.546 0.0 HB3 33 
   139 59.384 0.0 CA 15 
   556 57.292 0.0 CA 47 
   387 61.518 0.0 CA 34 
   733 3.771 0.0 HA2 61 
   1115 28.558 0.0 CG1 91 
   498 28.39 0.0 CG1 42 
   1051 8.63 0.0 H 87 
   1152 1.717 0.0 HG 94 
   136 3.912 0.0 HB2 15 
   778 36.644 0.0 CG 65 
   13 31.901 0.0 CG 3 
   228 7.939 0.0 H 22 
   1232 2.947 0.0 HE3 102 
   120 1.401 0.0 HB2 13 
   746 123.335 0.0 N 62 
   1225 8.543 0.0 H 102 
   1251 6.685 0.0 HZ3 103 
   1032 2.265 0.0 HB3 85 
   526 17.978 0.0 CB 44 
   731 124.377 0.0 N 60 
   354 9.231 0.0 H 32 
   242 7.95 0.0 H 23 
   1098 26.895 0.0 CG 90 
   654 175.841 0.0 C 54 
   183 4.2 0.0 HA 19 
   646 65.032 0.0 CA 53 
   1187 28.806 0.0 CB 97 
   3 1.935 0.0 HB3 3 
   681 23.002 0.0 CD2 56 
   1158 26.897 0.0 CG 94 
   1112 64.55 0.0 CA 91 
   1081 120.776 0.0 N 89 
   257 7.074 0.0 HD1 24 
   979 6.755 0.0 HZ 81 
   1155 41.391 0.0 CB 94 
   379 30.12 0.0 CB 33 
   1261 129.285 0.0 NE1 103 
   28 0.883 0.0 HG11 5 
   576 0.712 0.0 HD11 49 
   515 25.078 0.0 CD1 43 
   562 5.281 0.0 HA 48 
   1043 1.238 0.0 HB3 86 
   70 1.998 0.0 HB2 9 
   841 0.635 0.0 HD13 70 
   1085 1.073 0.0 HB3 90 
   243 4.083 0.0 HA 23 
   504 1.708 0.0 HB3 43 
   647 30.867 0.0 CB 53 
   423 0.574 0.0 HG21 38 
   135 4.394 0.0 HA 15 
   587 23.991 0.0 CD2 49 
   130 175.451 0.0 C 14 
   407 56.237 0.0 CA 36 
   1175 45.733 0.0 CA 96 
   662 175.935 0.0 C 55 
   104 57.085 0.0 CA 11 
   520 3.968 0.0 HA 44 
   767 49.993 0.0 CD 64 
   218 1.928 0.0 HB3 21 
   1087 0.758 0.0 HD12 90 
   977 6.86 0.0 HE1 81 
   558 43.885 0.0 CD 47 
   1229 1.65 0.0 HD2 102 
   319 4.528 0.0 HA 29 
   229 4.086 0.0 HA 22 
   332 0.674 0.0 HG21 30 
   631 1.861 0.0 HG2 52 
   278 4.43 0.0 HA 26 
   159 2.044 0.0 HB3 17 
   337 34.762 0.0 CB 30 
   25 8.177 0.0 H 5 
   595 1.556 0.0 HD3 50 
   925 0.824 0.0 HD23 77 
   1134 1.465 0.0 HG 93 
   883 8.586 0.0 H 73 
   727 133.724 0.0 CD1 60 
   146 3.165 0.0 HD2 16 
   648 49.824 0.0 CD 53 
   1107 0.614 0.0 HG13 91 
   466 4.852 0.0 HA 41 
   1233 1.398 0.0 HG2 102 
   1278 3.948 0.0 HA 105 
   456 0.737 0.0 HG21 40 
   392 1.95 0.0 HB3 35 
   906 175.703 0.0 C 75 
   527 122.697 0.0 N 44 
   716 7.089 0.0 H 60 
   1227 1.826 0.0 HB2 102 
   738 8.104 0.0 H 62 
   161 2.001 0.0 HE2 17 
   969 117.499 0.0 CE2 80 
   311 1.421 0.0 HG3 28 
   550 1.794 0.0 HB3 47 
   1156 26.8 0.0 CD1 94 
   848 60.153 0.0 CA 70 
   152 30.165 0.0 CB 16 
   7 2.532 0.0 HG2 3 
   1093 177.109 0.0 C 90 
   99 1.977 0.0 HB2 11 
   1094 57.642 0.0 CA 90 
   336 60.933 0.0 CA 30 
   1165 2.274 0.0 HG3 95 
   680 24.042 0.0 CD1 56 
   18 2.199 0.0 HG2 4 
   525 54.489 0.0 CA 44 
   95 26.946 0.0 CG 10 
   1299 2.411 0.0 HB2 107 
   404 2.193 0.0 HG2 36 
   198 4.193 0.0 HA 20 
   705 6.395 0.0 H 59 
   651 4.702 0.0 HA 54 
   828 1.967 0.0 HB3 69 
   869 0.687 0.0 HD12 72 
   469 7.257 0.0 HD1 41 
   508 0.797 0.0 HD21 43 
   1162 2.044 0.0 HB2 95 
   158 2.044 0.0 HB2 17 
   1017 0.451 0.0 HD13 84 
   125 122.326 0.0 N 13 
   952 21.455 0.0 CG1 79 
   249 57.172 0.0 CA 23 
   549 1.794 0.0 HB2 47 
   644 1.601 0.0 HG3 53 
   1346 127.482 0.0 N 110 
   1154 57.332 0.0 CA 94 
   623 129.351 0.0 CZ 51 
   972 4.47 0.0 HA 81 
   656 39.184 0.0 CB 54 
   723 6.914 0.0 HE2 60 
   853 125.545 0.0 N 70 
   600 175.125 0.0 C 50 
   298 175.89 0.0 C 27 
   64 53.841 0.0 CA 8 
   534 175.729 0.0 C 45 
   475 56.064 0.0 CA 41 
   12 16.881 0.0 CE 3 
   194 17.023 0.0 CE 19 
   331 0.252 0.0 HG13 30 
   1086 0.758 0.0 HD11 90 
   812 4.191 0.0 HA 68 
   171 8.19 0.0 H 18 
   461 33.244 0.0 CB 40 
   483 9.051 0.0 H 42 
   1191 7.999 0.0 H 98 
   1108 0.555 0.0 HG21 91 
   1267 2.298 0.0 HE2 104 
   912 3.67 0.0 HA3 76 
   628 1.678 0.0 HB3 52 
   519 9.087 0.0 H 44 
   1335 24.143 0.0 CD2 109 
   500 123.192 0.0 N 42 
   431 105.549 0.0 N 38 
   951 34.536 0.0 CB 79 
   1224 17.772 0.0 CB 101 
   455 0.769 0.0 HG13 40 
   306 1.556 0.0 HB2 28 
   673 0.1 0.0 HD21 56 
   1045 2.116 0.0 HG3 86 
   682 26.691 0.0 CG 56 
   1272 60.65 0.0 CA 104 
   11 32.91 0.0 CB 3 
   663 55.404 0.0 CA 55 
   91 56.126 0.0 CA 10 
   710 -0.209 0.0 HG23 59 
   1164 2.524 0.0 HG2 95 
   233 3.132 0.0 HD3 22 
   451 4.77 0.0 HA 40 
   162 2.001 0.0 HE3 17 
   212 23.311 0.0 CD2 20 
   1291 1.91 0.0 HG3 106 
   1089 0.902 0.0 HD21 90 
   288 9.148 0.0 H 27 
   574 1.727 0.0 HB2 49 
   63 175.868 0.0 C 8 
   1310 1.86 0.0 HB3 108 
   882 129.755 0.0 N 72 
   370 8.36 0.0 H 33 
   603 29.631 0.0 CD 50 
   963 175.006 0.0 C 80 
   276 113.556 0.0 N 25 
   40 8.389 0.0 H 6 
   436 0.827 0.0 HD12 39 
   554 1.442 0.0 HG3 47 
   597 2.649 0.0 HE3 50 
   942 1.744 0.0 HB 79 
   75 57.507 0.0 CA 9 
   302 26.014 0.0 CD2 27 
   947 0.488 0.0 HG22 79 
   671 0.563 0.0 HD12 56 
   536 37.016 0.0 CB 45 
   800 0.36 0.0 HD21 67 
   144 1.84 0.0 HB2 16 
   1078 175.634 0.0 C 89 
   1100 7.464 0.0 H 91 
   632 1.861 0.0 HG3 52 
   345 7.418 0.0 HE21 31 
   1210 105.916 0.0 N 99 
   829 2.202 0.0 HG2 69 
   1344 52.539 0.0 CA 110 
   818 1.681 0.0 HG3 68 
   639 2.014 0.0 HB2 53 
   891 2.382 0.0 HB2 74 
   1106 1.169 0.0 HG12 91 
   1075 4.745 0.0 HA 89 
   327 4.941 0.0 HA 30 
   253 8.087 0.0 H 24 
   757 3.427 0.0 HA 64 
   904 3.917 0.0 HB2 75 
   111 1.37 0.0 HB2 12 
   1281 1.426 0.0 HB3 105 
   1250 6.476 0.0 HZ2 103 
   582 1.602 0.0 HG 49 
   855 4.692 0.0 HA 71 
   215 8.157 0.0 H 21 
   1244 3.125 0.0 HB2 103 
   1040 6.636 0.0 H 86 
   1341 1.398 0.0 HB2 110 
   335 173.89 0.0 C 30 
   699 0.928 0.0 HB2 58 
   920 0.842 0.0 HD11 77 
   377 1.378 0.0 HG3 33 
   1023 54.419 0.0 CA 84 
   1342 1.398 0.0 HB3 110 
   134 8.205 0.0 H 15 
   268 118.678 0.0 N 24 
   919 1.608 0.0 HB3 77 
   184 2.117 0.0 HB2 19 
   490 0.882 0.0 HG13 42 
   232 3.132 0.0 HD2 22 
   661 3.034 0.0 HB3 55 
   774 2.196 0.0 HG3 65 
   1186 55.877 0.0 CA 97 
   1285 120.951 0.0 N 105 
   262 58.621 0.0 CA 24 
   1351 59.865 0.0 CA 111 
   953 22.452 0.0 CG2 79 
   1015 0.451 0.0 HD11 84 
   780 7.728 0.0 H 66 
   770 3.908 0.0 HA 65 
   107 120.956 0.0 N 11 
   438 1.863 0.0 HG12 39 
   1352 64.896 0.0 CB 111 
   54 53.151 0.0 CA 7 
   221 2.215 0.0 HG3 21 
   265 132.98 0.0 CD2 24 
