   229 4.086 0.0 HA 22 
   7 2.532 0.0 HG2 3 
   525 54.489 0.0 CA 44 
   15 4.276 0.0 HA 4 
   655 55.185 0.0 CA 54 
   990 3.582 0.0 HA 82 
   230 1.794 0.0 HB2 22 
   542 2.79 0.0 HB3 46 
   6 2.037 0.0 HE3 3 
   240 27.348 0.0 CG 22 
   884 4.521 0.0 HA 73 
   1009 23.764 0.0 CG2 83 
   943 0.692 0.0 HG11 79 
   528 7.355 0.0 H 45 
   589 125.107 0.0 N 49 
   709 -0.209 0.0 HG22 59 
   999 124.087 0.0 N 82 
   1157 23.025 0.0 CD2 94 
   1134 1.465 0.0 HG 93 
   1058 121.904 0.0 N 87 
   178 58.414 0.0 CA 18 
   335 173.89 0.0 C 30 
   891 2.382 0.0 HB2 74 
   763 1.792 0.0 HG3 64 
   657 111.513 0.0 N 54 
   320 3.731 0.0 HB2 29 
   1281 1.426 0.0 HB3 105 
   43 3.824 0.0 HB3 6 
   387 61.518 0.0 CA 34 
   1101 3.198 0.0 HA 91 
   1326 1.06 0.0 HD13 109 
   333 0.674 0.0 HG22 30 
   1092 1.466 0.0 HG 90 
   762 2.185 0.0 HG2 64 
   98 4.131 0.0 HA 11 
   1159 119.88 0.0 N 94 
   469 7.257 0.0 HD1 41 
   637 125.064 0.0 N 52 
   1032 2.265 0.0 HB3 85 
   829 2.202 0.0 HG2 69 
   173 2.003 0.0 HB2 18 
   1099 129.702 0.0 N 90 
   1110 0.555 0.0 HG23 91 
   866 4.208 0.0 HA 72 
   254 4.315 0.0 HA 24 
   1292 174.911 0.0 C 106 
   1045 2.116 0.0 HG3 86 
   236 178.223 0.0 C 22 
   1340 1.398 0.0 HB1 110 
   39 121.499 0.0 N 5 
   1217 116.809 0.0 N 100 
   138 175.478 0.0 C 15 
   784 7.328 0.0 HE21 66 
   856 2.042 0.0 HB2 71 
   339 23.077 0.0 CG2 30 
   1161 4.384 0.0 HA 95 
   1024 42.208 0.0 CB 84 
   552 3.068 0.0 HD3 47 
   206 0.854 0.0 HD23 20 
   967 133.192 0.0 CD2 80 
   426 173.629 0.0 C 38 
   1068 174.389 0.0 C 88 
   971 8.68 0.0 H 81 
   895 2.112 0.0 HG2 74 
   631 1.861 0.0 HG2 52 
   237 57.61 0.0 CA 22 
   1309 2.209 0.0 HB2 108 
   149 1.556 0.0 HG3 16 
   331 0.252 0.0 HG13 30 
   111 1.37 0.0 HB2 12 
   166 57.361 0.0 CA 17 
   832 55.752 0.0 CA 69 
   30 0.883 0.0 HG13 5 
   624 119.432 0.0 N 51 
   1012 4.131 0.0 HA 84 
   1293 55.883 0.0 CA 106 
   270 4.133 0.0 HA 25 
   737 118.169 0.0 N 61 
   1337 122.868 0.0 N 109 
   311 1.421 0.0 HG3 28 
   1208 171.528 0.0 C 99 
   1042 1.871 0.0 HB2 86 
   1246 7.018 0.0 HD1 103 
   1286 6.969 0.0 H 106 
   806 41.98 0.0 CB 67 
   1214 4.42 0.0 HB3 100 
   68 8.245 0.0 H 9 
   503 2.221 0.0 HB2 43 
   740 1.112 0.0 HB1 62 
   458 0.737 0.0 HG23 40 
   893 3.803 0.0 HD2 74 
   1167 56.089 0.0 CA 95 
   1000 9.023 0.0 H 83 
   119 1.401 0.0 HB1 13 
   255 2.895 0.0 HB2 24 
   1220 1.459 0.0 HB2 101 
   46 64.02 0.0 CB 6 
   363 57.485 0.0 CA 32 
   58 4.571 0.0 HA 8 
   301 26.22 0.0 CD1 27 
   634 28.313 0.0 CB 52 
   770 3.908 0.0 HA 65 
   493 0.921 0.0 HG23 42 
   1251 6.685 0.0 HZ3 103 
   605 26.043 0.0 CG 50 
   1094 57.642 0.0 CA 90 
   855 4.692 0.0 HA 71 
   317 123.653 0.0 N 28 
   1078 175.634 0.0 C 89 
   669 1.046 0.0 HB3 56 
   22 29.994 0.0 CB 4 
   1329 1.014 0.0 HD23 109 
   932 26.477 0.0 CG 77 
   110 1.37 0.0 HB1 12 
   1225 8.543 0.0 H 102 
   1061 1.943 0.0 HB 88 
   73 2.204 0.0 HG3 9 
   1218 4.02 0.0 HA 101 
   444 61.503 0.0 CA 39 
   696 8.306 0.0 H 58 
   1090 0.902 0.0 HD22 90 
   27 2.016 0.0 HB 5 
   1107 0.614 0.0 HG13 91 
   1317 32.352 0.0 CB 108 
   839 0.635 0.0 HD11 70 
   31 0.884 0.0 HG21 5 
   1054 2.509 0.0 HB3 87 
   618 43.776 0.0 CB 51 
   497 13.076 0.0 CD1 42 
   449 122.144 0.0 N 39 
   662 175.935 0.0 C 55 
   852 18.6 0.0 CG2 70 
   203 0.832 0.0 HD13 20 
   1290 2.19 0.0 HG2 106 
   238 30.597 0.0 CB 22 
   533 7.365 0.0 HD22 45 
   942 1.744 0.0 HB 79 
   292 0.75 0.0 HD11 27 
   719 2.799 0.0 HB3 60 
   345 7.418 0.0 HE21 31 
   720 7.329 0.0 HD1 60 
   851 26.419 0.0 CG1 70 
   234 1.658 0.0 HG2 22 
   909 109.127 0.0 N 75 
   1065 0.83 0.0 HG21 88 
   1091 0.902 0.0 HD23 90 
   871 1.629 0.0 HG12 72 
   453 0.769 0.0 HG11 40 
   1175 45.733 0.0 CA 96 
   936 4.045 0.0 HA3 78 
   443 174.355 0.0 C 39 
   875 1.167 0.0 HG23 72 
   141 117.597 0.0 N 15 
   858 2.203 0.0 HG2 71 
   513 54.59 0.0 CA 43 
   205 0.854 0.0 HD22 20 
   691 59.107 0.0 CA 57 
   9 176.016 0.0 C 3 
   596 2.85 0.0 HE2 50 
   271 4.022 0.0 HB2 25 
   67 112.954 0.0 ND2 8 
   1353 121.137 0.0 N 111 
   881 17.673 0.0 CG2 72 
   84 0.86 0.0 HD12 10 
   1301 6.147 0.0 HD2 107 
   72 2.204 0.0 HG2 9 
   160 2.001 0.0 HE1 17 
   619 131.545 0.0 CD1 51 
   375 2.833 0.0 HD3 33 
   885 4.148 0.0 HB2 73 
   1322 1.658 0.0 HB2 109 
   1194 2.763 0.0 HB3 98 
   563 1.791 0.0 HB2 48 
   934 7.647 0.0 H 78 
   425 0.574 0.0 HG23 38 
   755 21.938 0.0 CG2 63 
   821 31.556 0.0 CB 68 
   1085 1.073 0.0 HB3 90 
   1098 26.895 0.0 CG 90 
   516 24.929 0.0 CD2 43 
   25 8.177 0.0 H 5 
   834 35.395 0.0 CG 69 
   938 45.05 0.0 CA 78 
   615 7.149 0.0 HZ 51 
   1250 6.476 0.0 HZ2 103 
   13 31.901 0.0 CG 3 
   1270 2.214 0.0 HG3 104 
   1201 31.248 0.0 CB 98 
   970 126.853 0.0 N 80 
   659 4.94 0.0 HA 55 
   1237 32.751 0.0 CB 102 
   1137 41.703 0.0 CB 93 
   336 60.933 0.0 CA 30 
   1285 120.951 0.0 N 105 
   305 4.445 0.0 HA 28 
   1179 1.643 0.0 HB2 97 
   527 122.697 0.0 N 44 
   874 1.167 0.0 HG22 72 
   1063 0.724 0.0 HG12 88 
   321 3.555 0.0 HB3 29 
   840 0.635 0.0 HD12 70 
   239 43.459 0.0 CD 22 
   494 176.006 0.0 C 42 
   395 177.168 0.0 C 35 
   171 8.19 0.0 H 18 
   805 53.307 0.0 CA 67 
   541 3.176 0.0 HB2 46 
   272 3.847 0.0 HB3 25 
   505 0.893 0.0 HD11 43 
   849 42.252 0.0 CB 70 
   130 175.451 0.0 C 14 
   295 0.897 0.0 HD21 27 
   208 178.43 0.0 C 20 
   1146 0.88 0.0 HD11 94 
   953 22.452 0.0 CG2 79 
   995 178.206 0.0 C 82 
   650 7.948 0.0 H 54 
   632 1.861 0.0 HG3 52 
   1048 34.491 0.0 CB 86 
   491 0.921 0.0 HG21 42 
   626 4.903 0.0 HA 52 
   515 25.078 0.0 CD1 43 
   1291 1.91 0.0 HG3 106 
   372 1.712 0.0 HB2 33 
   892 1.915 0.0 HB3 74 
   241 119.729 0.0 N 22 
   1192 3.921 0.0 HA 98 
   757 3.427 0.0 HA 64 
   797 -0.04 0.0 HD11 67 
   169 32.011 0.0 CG 17 
   1341 1.398 0.0 HB2 110 
   977 6.86 0.0 HE1 81 
   747 8.206 0.0 H 63 
   209 56.978 0.0 CA 20 
   904 3.917 0.0 HB2 75 
   419 1.757 0.0 HB 38 
   830 2.202 0.0 HG3 69 
   1240 24.762 0.0 CG 102 
   1176 107.323 0.0 N 96 
   1096 23.032 0.0 CD1 90 
   1154 57.332 0.0 CA 94 
   868 0.687 0.0 HD11 72 
   313 56.669 0.0 CA 28 
   507 0.893 0.0 HD13 43 
   506 0.893 0.0 HD12 43 
   1150 0.839 0.0 HD22 94 
   1151 0.839 0.0 HD23 94 
   470 7.257 0.0 HD2 41 
   940 8.683 0.0 H 79 
   1116 17.114 0.0 CG2 91 
   520 3.968 0.0 HA 44 
   192 57.55 0.0 CA 19 
   919 1.608 0.0 HB3 77 
   127 4.342 0.0 HA 14 
   668 2.211 0.0 HB2 56 
   1087 0.758 0.0 HD12 90 
   1122 47.672 0.0 CA 92 
   264 132.98 0.0 CD1 24 
   614 7.022 0.0 HE2 51 
   155 122.38 0.0 N 16 
   1066 0.83 0.0 HG22 88 
   1302 7.911 0.0 HE1 107 
   261 175.685 0.0 C 24 
   964 55.493 0.0 CA 80 
   1346 127.482 0.0 N 110 
   224 28.59 0.0 CB 21 
   703 20.052 0.0 CB 58 
   559 27.613 0.0 CG 47 
   349 54.359 0.0 CA 31 
   540 4.13 0.0 HA 46 
   276 113.556 0.0 N 25 
   1234 1.301 0.0 HG3 102 
   537 114.155 0.0 N 45 
   877 61.763 0.0 CA 72 
   675 0.1 0.0 HD23 56 
   480 130.657 0.0 CE2 41 
   21 56.669 0.0 CA 4 
   802 0.36 0.0 HD23 67 
   795 1.403 0.0 HB2 67 
   772 1.946 0.0 HB3 65 
   847 174.815 0.0 C 70 
   1156 26.8 0.0 CD1 94 
   526 17.978 0.0 CB 44 
   316 26.623 0.0 CG 28 
   921 0.842 0.0 HD12 77 
   1171 7.722 0.0 H 96 
   78 121.267 0.0 N 9 
   285 72.209 0.0 CB 26 
   260 6.701 0.0 HE2 24 
   180 36.33 0.0 CG 18 
   5 2.037 0.0 HE2 3 
   175 2.198 0.0 HG2 18 
   450 8.934 0.0 H 40 
   415 46.016 0.0 CA 37 
   1233 1.398 0.0 HG2 102 
   590 8.188 0.0 H 50 
   945 0.692 0.0 HG13 79 
   725 60.827 0.0 CA 60 
   57 8.312 0.0 H 8 
   8 2.492 0.0 HG3 3 
   716 7.089 0.0 H 60 
   730 118.264 0.0 CE2 60 
   146 3.165 0.0 HD2 16 
   1010 115.091 0.0 N 83 
   721 7.329 0.0 HD2 60 
   1022 175.527 0.0 C 84 
   759 1.816 0.0 HB3 64 
   115 18.829 0.0 CB 12 
   433 4.323 0.0 HA 39 
   1321 4.315 0.0 HA 109 
   663 55.404 0.0 CA 55 
   883 8.586 0.0 H 73 
   781 4.059 0.0 HA 66 
   644 1.601 0.0 HG3 53 
   142 8.148 0.0 H 16 
   103 177.123 0.0 C 11 
   1005 1.317 0.0 HG23 83 
   1311 3.315 0.0 HD2 108 
   973 3.113 0.0 HB2 81 
   880 28.809 0.0 CG1 72 
   1172 4.236 0.0 HA2 96 
   334 0.674 0.0 HG23 30 
   718 3.132 0.0 HB2 60 
   144 1.84 0.0 HB2 16 
   844 0.118 0.0 HG21 70 
   975 6.984 0.0 HD1 81 
   606 121.409 0.0 N 50 
   692 28.159 0.0 CB 57 
   790 34.742 0.0 CG 66 
   1348 4.214 0.0 HA 111 
   132 63.477 0.0 CB 14 
   835 118.394 0.0 N 69 
   11 32.91 0.0 CB 3 
   1178 4.322 0.0 HA 97 
   580 0.789 0.0 HD22 49 
   608 4.974 0.0 HA 51 
   1057 44.193 0.0 CB 87 
   810 117.57 0.0 N 67 
   26 4.098 0.0 HA 5 
   70 1.998 0.0 HB2 9 
   786 2.098 0.0 HG3 66 
   882 129.755 0.0 N 72 
   1097 26.006 0.0 CD2 90 
   785 2.378 0.0 HG2 66 
   653 2.515 0.0 HB3 54 
   951 34.536 0.0 CB 79 
   19 2.199 0.0 HG3 4 
   873 1.167 0.0 HG21 72 
   116 124.06 0.0 N 12 
   1239 42.11 0.0 CE 102 
   732 8.751 0.0 H 61 
   876 175.825 0.0 C 72 
   214 121.295 0.0 N 20 
   583 175.439 0.0 C 49 
   886 3.722 0.0 HB3 73 
   1006 175.706 0.0 C 83 
   1193 1.534 0.0 HB2 98 
   1027 26.393 0.0 CG 84 
   524 176.981 0.0 C 44 
   1342 1.398 0.0 HB3 110 
   573 4.681 0.0 HA 49 
   99 1.977 0.0 HB2 11 
   108 8.113 0.0 H 12 
   472 7.087 0.0 HE2 41 
   296 0.897 0.0 HD22 27 
   547 7.703 0.0 H 47 
   274 58.413 0.0 CA 25 
   93 24.876 0.0 CD1 10 
   248 176.858 0.0 C 23 
   404 2.193 0.0 HG2 36 
   935 4.601 0.0 HA2 78 
   1013 1.467 0.0 HB2 84 
   183 4.2 0.0 HA 19 
   1138 24.399 0.0 CD1 93 
   246 1.981 0.0 HG2 23 
   49 4.212 0.0 HA 7 
   749 4.537 0.0 HB 63 
   1258 114.304 0.0 CZ2 103 
   948 0.488 0.0 HG23 79 
   16 1.968 0.0 HB2 4 
   1190 122.473 0.0 N 97 
   863 35.813 0.0 CG 71 
   436 0.827 0.0 HD12 39 
   649 28.552 0.0 CG 53 
   678 52.687 0.0 CA 56 
   817 1.801 0.0 HG2 68 
   1126 1.663 0.0 HB2 93 
   262 58.621 0.0 CA 24 
   1015 0.451 0.0 HD11 84 
   281 1.162 0.0 HG22 26 
   383 3.616 0.0 HA 34 
   708 -0.209 0.0 HG21 59 
   518 128.415 0.0 N 43 
   29 0.883 0.0 HG12 5 
   329 0.252 0.0 HG11 30 
   961 6.559 0.0 HE1 80 
   1075 4.745 0.0 HA 89 
   800 0.36 0.0 HD21 67 
   1338 8.637 0.0 H 110 
   1153 178.947 0.0 C 94 
   1304 26.649 0.0 CB 107 
   714 19.939 0.0 CG2 59 
   1089 0.902 0.0 HD21 90 
   1305 119.178 0.0 CD2 107 
   918 1.608 0.0 HB2 77 
   1274 15.91 0.0 CE 104 
   582 1.602 0.0 HG 49 
   879 13.45 0.0 CD1 72 
   396 59.18 0.0 CA 35 
   1334 24.954 0.0 CD1 109 
   502 5.108 0.0 HA 43 
   86 0.81 0.0 HD21 10 
   1245 3.08 0.0 HB3 103 
   658 8.201 0.0 H 55 
   1121 176.157 0.0 C 92 
   1227 1.826 0.0 HB2 102 
   1252 181.021 0.0 C 103 
   423 0.574 0.0 HG21 38 
   80 4.197 0.0 HA 10 
   1211 8.646 0.0 H 100 
   1242 8.089 0.0 H 103 
   1100 7.464 0.0 H 91 
   699 0.928 0.0 HB2 58 
   587 23.991 0.0 CD2 49 
   460 61.243 0.0 CA 40 
   1275 32.912 0.0 CG 104 
   751 1.15 0.0 HG22 63 
   244 1.795 0.0 HB2 23 
   1072 22.104 0.0 CG2 88 
   620 131.545 0.0 CD2 51 
   441 0.365 0.0 HG22 39 
   788 57.206 0.0 CA 66 
   701 177.612 0.0 C 58 
   269 7.403 0.0 H 25 
   412 3.965 0.0 HA2 37 
   414 174.303 0.0 C 37 
   556 57.292 0.0 CA 47 
   1060 4.191 0.0 HA 88 
   1070 35.256 0.0 CB 88 
   1124 7.615 0.0 H 93 
   482 128.169 0.0 N 41 
   1320 8.467 0.0 H 109 
   539 8.1 0.0 H 46 
   574 1.727 0.0 HB2 49 
   833 28.69 0.0 CB 69 
   257 7.074 0.0 HD1 24 
   1136 58.032 0.0 CA 93 
   153 43.249 0.0 CD 16 
   923 0.824 0.0 HD21 77 
   930 26.039 0.0 CD1 77 
   299 56.06 0.0 CA 27 
   294 0.75 0.0 HD13 27 
   523 1.364 0.0 HB3 44 
   690 0.608 0.0 HG3 57 
   1303 53.158 0.0 CA 107 
   113 178.397 0.0 C 12 
   162 2.001 0.0 HE3 17 
   406 176.435 0.0 C 36 
   341 8.341 0.0 H 31 
   312 176.07 0.0 C 28 
   374 3.051 0.0 HD2 33 
   143 4.203 0.0 HA 16 
   1254 29.069 0.0 CB 103 
   787 175.329 0.0 C 66 
   773 2.328 0.0 HG2 65 
   965 41.026 0.0 CB 80 
   319 4.528 0.0 HA 29 
   724 178.019 0.0 C 60 
   888 62.669 0.0 CB 73 
   1284 17.87 0.0 CB 105 
   504 1.708 0.0 HB3 43 
   778 36.644 0.0 CG 65 
   1016 0.451 0.0 HD12 84 
   595 1.556 0.0 HD3 50 
   824 116.991 0.0 N 68 
   656 39.184 0.0 CB 54 
   485 1.815 0.0 HB 42 
   1336 27.041 0.0 CG 109 
   629 3.283 0.0 HD2 52 
   530 3.252 0.0 HB2 45 
   927 176.209 0.0 C 77 
   897 177.861 0.0 C 74 
   1248 6.803 0.0 HE3 103 
   850 14.445 0.0 CD1 70 
   534 175.729 0.0 C 45 
   393 2.263 0.0 HG2 35 
   358 6.794 0.0 HD1 32 
   812 4.191 0.0 HA 68 
   978 6.86 0.0 HE2 81 
   187 2.03 0.0 HE2 19 
   1103 0.62 0.0 HD11 91 
   933 115.627 0.0 N 77 
   327 4.941 0.0 HA 30 
   1071 21.209 0.0 CG1 88 
   1002 4.209 0.0 HB 83 
   592 1.613 0.0 HB2 50 
   479 130.657 0.0 CE1 41 
   355 4.887 0.0 HA 32 
   120 1.401 0.0 HB2 13 
   139 59.384 0.0 CA 15 
   993 2.169 0.0 HG2 82 
   1253 62.775 0.0 CA 103 
   170 119.345 0.0 N 17 
   1210 105.916 0.0 N 99 
   369 124.536 0.0 N 32 
   286 22.829 0.0 CG2 26 
   454 0.769 0.0 HG12 40 
   796 1.216 0.0 HB3 67 
   1125 3.727 0.0 HA 93 
   1079 56.08 0.0 CA 89 
   889 125.865 0.0 N 73 
   622 131.675 0.0 CE2 51 
   777 28.454 0.0 CB 65 
   744 52.177 0.0 CA 62 
   707 3.962 0.0 HB 59 
   1280 1.426 0.0 HB2 105 
   1073 121.549 0.0 N 88 
   122 178.794 0.0 C 13 
   1300 1.173 0.0 HB3 107 
   438 1.863 0.0 HG12 39 
   767 49.993 0.0 CD 64 
   1144 1.93 0.0 HB2 94 
   531 2.661 0.0 HB3 45 
   1276 117.096 0.0 N 104 
   447 29.191 0.0 CG1 39 
   1283 54.605 0.0 CA 105 
   159 2.044 0.0 HB3 17 
   575 1.555 0.0 HB3 49 
   289 4.249 0.0 HA 27 
   1296 114.241 0.0 N 106 
   545 39.065 0.0 CB 46 
   831 174.904 0.0 C 69 
   1327 1.014 0.0 HD21 109 
   490 0.882 0.0 HG13 42 
   361 6.319 0.0 HE2 32 
   366 133.168 0.0 CD2 32 
   165 177.442 0.0 C 17 
   822 43.453 0.0 CD 68 
   601 55.26 0.0 CA 50 
   549 1.794 0.0 HB2 47 
   1255 127.212 0.0 CD1 103 
   66 116.954 0.0 N 8 
   401 4.289 0.0 HA 36 
   906 175.703 0.0 C 75 
   727 133.724 0.0 CD1 60 
   1001 3.987 0.0 HA 83 
   679 42.559 0.0 CB 56 
   1088 0.758 0.0 HD13 90 
   521 1.364 0.0 HB1 44 
   705 6.395 0.0 H 59 
   226 118.077 0.0 N 21 
   756 111.934 0.0 N 63 
   55 19.004 0.0 CB 7 
   976 6.984 0.0 HD2 81 
   734 3.361 0.0 HA3 61 
   1188 43.281 0.0 CD 97 
   643 2.087 0.0 HG2 53 
   215 8.157 0.0 H 21 
   764 179.483 0.0 C 64 
   630 3.332 0.0 HD3 52 
   1207 3.902 0.0 HA3 99 
   1128 -0.102 0.0 HD11 93 
   213 26.891 0.0 CG 20 
   157 4.205 0.0 HA 17 
   807 25.787 0.0 CD1 67 
   815 3.22 0.0 HD2 68 
   957 2.892 0.0 HB2 80 
   753 58.845 0.0 CA 63 
   1046 174.095 0.0 C 86 
   776 59.383 0.0 CA 65 
   225 33.973 0.0 CG 21 
   131 59.538 0.0 CA 14 
   197 8.034 0.0 H 20 
   310 1.564 0.0 HG2 28 
   96 121.828 0.0 N 10 
   1325 1.06 0.0 HD12 109 
   1174 174.742 0.0 C 96 
   308 3.145 0.0 HD2 28 
   1273 33.268 0.0 CB 104 
   558 43.885 0.0 CD 47 
   154 27.325 0.0 CG 16 
   429 21.782 0.0 CG1 38 
   992 1.901 0.0 HB3 82 
   665 116.732 0.0 N 55 
   911 4.276 0.0 HA2 76 
   826 4.487 0.0 HA 69 
   199 1.86 0.0 HB2 20 
   1127 1.079 0.0 HB3 93 
   914 45.558 0.0 CA 76 
   704 116.752 0.0 N 58 
   290 1.67 0.0 HB2 27 
   698 0.928 0.0 HB1 58 
   713 68.111 0.0 CB 59 
   798 -0.04 0.0 HD12 67 
   1249 6.678 0.0 HH2 103 
   1007 65.351 0.0 CA 83 
   235 1.535 0.0 HG3 22 
   1182 3.087 0.0 HD3 97 
   1209 45.495 0.0 CA 99 
   794 4.296 0.0 HA 67 
   617 56.966 0.0 CA 51 
   688 7.208 0.0 HE21 57 
   106 36.09 0.0 CG 11 
   913 174.359 0.0 C 76 
   126 8.165 0.0 H 14 
   59 2.776 0.0 HB2 8 
   186 2.03 0.0 HE1 19 
   198 4.193 0.0 HA 20 
   388 62.613 0.0 CB 34 
   1350 3.803 0.0 HB3 111 
   400 7.08 0.0 H 36 
   1095 42.674 0.0 CB 90 
   557 30.762 0.0 CB 47 
   550 1.794 0.0 HB3 47 
   838 1.325 0.0 HB 70 
   870 0.687 0.0 HD13 72 
   204 0.854 0.0 HD21 20 
   677 175.248 0.0 C 56 
   28 0.883 0.0 HG11 5 
   74 177.247 0.0 C 9 
   1028 116.818 0.0 N 84 
   1106 1.169 0.0 HG12 91 
   1308 4.342 0.0 HA 108 
   842 1.246 0.0 HG12 70 
   729 118.264 0.0 CE1 60 
   1160 7.738 0.0 H 95 
   1119 3.827 0.0 HA2 92 
   196 119.142 0.0 N 19 
   958 2.826 0.0 HB3 80 
   376 1.44 0.0 HG2 33 
   861 54.724 0.0 CA 71 
   697 3.592 0.0 HA 58 
   1335 24.143 0.0 CD2 109 
   442 0.365 0.0 HG23 39 
   495 61.316 0.0 CA 42 
   158 2.044 0.0 HB2 17 
   982 38.413 0.0 CB 81 
   61 6.882 0.0 HD21 8 
   960 6.868 0.0 HD2 80 
   325 111.229 0.0 N 29 
   1053 2.584 0.0 HB2 87 
   34 176.074 0.0 C 5 
   1278 3.948 0.0 HA 105 
   898 65.658 0.0 CA 74 
   1166 176.559 0.0 C 95 
   646 65.032 0.0 CA 53 
   1029 7.848 0.0 H 85 
   38 20.453 0.0 CG2 5 
   1145 1.482 0.0 HB3 94 
   1324 1.06 0.0 HD11 109 
   1 4.425 0.0 HA 3 
   1244 3.125 0.0 HB2 103 
   1238 29.357 0.0 CD 102 
   1235 177.978 0.0 C 102 
   1023 54.419 0.0 CA 84 
   1287 3.906 0.0 HA 106 
   636 27.315 0.0 CG 52 
   1055 175.722 0.0 C 87 
   75 57.507 0.0 CA 9 
   1228 1.689 0.0 HB3 102 
   569 32.524 0.0 CB 48 
   448 19.58 0.0 CG2 39 
   152 30.165 0.0 CB 16 
   446 15.099 0.0 CD1 39 
   484 4.729 0.0 HA 42 
   803 1.287 0.0 HG 67 
   367 117.341 0.0 CE1 32 
   686 1.24 0.0 HB2 57 
   859 2.053 0.0 HG3 71 
   538 106.735 0.0 ND2 45 
   82 1.543 0.0 HB3 10 
   1202 43.141 0.0 CD 98 
   576 0.712 0.0 HD11 49 
   687 0.068 0.0 HB3 57 
   988 126.963 0.0 N 81 
   841 0.635 0.0 HD13 70 
   409 36.871 0.0 CG 36 
   853 125.545 0.0 N 70 
   1271 178.325 0.0 C 104 
   1170 117.117 0.0 N 95 
   588 27.673 0.0 CG 49 
   402 2.002 0.0 HB2 36 
   1117 116.561 0.0 N 91 
   461 33.244 0.0 CB 40 
   1077 3.766 0.0 HB3 89 
   1041 4.768 0.0 HA 86 
   1014 1.467 0.0 HB3 84 
   408 32.757 0.0 CB 36 
   114 53.207 0.0 CA 12 
   266 118.071 0.0 CE1 24 
   519 9.087 0.0 H 44 
   1314 1.807 0.0 HG3 108 
   670 0.563 0.0 HD11 56 
   362 174.519 0.0 C 32 
   221 2.215 0.0 HG3 21 
   1040 6.636 0.0 H 86 
   352 122.553 0.0 N 31 
   916 7.499 0.0 H 77 
   242 7.95 0.0 H 23 
   164 2.52 0.0 HG3 17 
   71 1.998 0.0 HB3 9 
   190 2.638 0.0 HG3 19 
   761 3.801 0.0 HD3 64 
   1037 26.953 0.0 CB 85 
   1261 129.285 0.0 NE1 103 
   628 1.678 0.0 HB3 52 
   905 3.917 0.0 HB3 75 
   378 54.137 0.0 CA 33 
   466 4.852 0.0 HA 41 
   711 173.265 0.0 C 59 
   36 32.906 0.0 CB 5 
   452 1.871 0.0 HB 40 
   291 1.158 0.0 HB3 27 
   1080 64.469 0.0 CB 89 
   64 53.841 0.0 CA 8 
   471 7.087 0.0 HE1 41 
   1109 0.555 0.0 HG22 91 
   145 1.84 0.0 HB3 16 
   1333 42.849 0.0 CB 109 
   332 0.674 0.0 HG21 30 
   23 36.128 0.0 CG 4 
   865 9.013 0.0 H 72 
   1297 7.064 0.0 H 107 
   986 130.512 0.0 CE2 81 
   648 49.824 0.0 CD 53 
   775 178.76 0.0 C 65 
   499 17.509 0.0 CG2 42 
   925 0.824 0.0 HD23 77 
   1034 2.094 0.0 HG3 85 
   739 4.298 0.0 HA 62 
   811 7.214 0.0 H 68 
   907 58.685 0.0 CA 75 
   287 104.093 0.0 N 26 
   638 4.146 0.0 HA 53 
   1083 3.798 0.0 HA 90 
   641 3.873 0.0 HD2 53 
   373 1.546 0.0 HB3 33 
   492 0.921 0.0 HG22 42 
   1177 8.717 0.0 H 97 
   508 0.797 0.0 HD21 43 
   432 9.458 0.0 H 39 
   1264 2.067 0.0 HB2 104 
   543 175.512 0.0 C 46 
   90 178.235 0.0 C 10 
   1129 -0.102 0.0 HD12 93 
   348 174.131 0.0 C 31 
   220 2.502 0.0 HG2 21 
   437 0.827 0.0 HD13 39 
   464 126.626 0.0 N 40 
   483 9.051 0.0 H 42 
   551 3.179 0.0 HD2 47 
   1158 26.897 0.0 CG 94 
   60 2.712 0.0 HB3 8 
   87 0.81 0.0 HD22 10 
   745 20.267 0.0 CB 62 
   899 31.733 0.0 CB 74 
   24 122.855 0.0 N 4 
   746 123.335 0.0 N 62 
   972 4.47 0.0 HA 81 
   890 4.309 0.0 HA 74 
   1203 29.125 0.0 CG 98 
   510 0.797 0.0 HD23 43 
   1213 4.108 0.0 HB2 100 
   570 36.376 0.0 CG 48 
   1331 176.976 0.0 C 109 
   1328 1.014 0.0 HD22 109 
   684 7.214 0.0 H 57 
   405 2.086 0.0 HG3 36 
   151 57.826 0.0 CA 16 
   1017 0.451 0.0 HD13 84 
   184 2.117 0.0 HB2 19 
   1147 0.88 0.0 HD12 94 
   150 177.474 0.0 C 16 
   593 1.33 0.0 HB3 50 
   92 42.02 0.0 CB 10 
   54 53.151 0.0 CA 7 
   804 174.721 0.0 C 67 
   102 2.197 0.0 HG3 11 
   607 8.847 0.0 H 51 
   768 28.234 0.0 CG 64 
   902 7.893 0.0 H 75 
   926 1.474 0.0 HG 77 
   210 42.252 0.0 CB 20 
   700 0.928 0.0 HB3 58 
   963 175.006 0.0 C 80 
   947 0.488 0.0 HG22 79 
   1056 52.907 0.0 CA 87 
   424 0.574 0.0 HG22 38 
   105 29.983 0.0 CB 11 
   35 62.128 0.0 CA 5 
   1004 1.317 0.0 HG22 83 
   298 175.89 0.0 C 27 
   1105 0.62 0.0 HD13 91 
   37 21.185 0.0 CG1 5 
   722 6.914 0.0 HE1 60 
   1263 3.644 0.0 HA 104 
   475 56.064 0.0 CA 41 
   427 58.127 0.0 CA 38 
   489 1.467 0.0 HG12 42 
   723 6.914 0.0 HE2 60 
   1139 22.143 0.0 CD2 93 
   318 7.994 0.0 H 29 
   440 0.365 0.0 HG21 39 
   1035 175.01 0.0 C 85 
   782 2.243 0.0 HB2 66 
   939 109.48 0.0 N 78 
   386 176.483 0.0 C 34 
   1195 3.779 0.0 HD2 98 
   621 131.675 0.0 CE1 51 
   994 2.169 0.0 HG3 82 
   2 2.029 0.0 HB2 3 
   195 32.102 0.0 CG 19 
   1039 114.551 0.0 N 85 
   1130 -0.102 0.0 HD13 93 
   836 7.957 0.0 H 70 
   379 30.12 0.0 CB 33 
   1289 1.513 0.0 HB3 106 
   42 3.879 0.0 HB2 6 
   17 1.884 0.0 HB3 4 
   1021 1.476 0.0 HG 84 
   231 1.794 0.0 HB3 22 
   69 4.162 0.0 HA 9 
   1282 179.136 0.0 C 105 
   194 17.023 0.0 CE 19 
   201 0.832 0.0 HD11 20 
   1351 59.865 0.0 CA 111 
   908 64.358 0.0 CB 75 
   359 6.794 0.0 HD2 32 
   277 7.753 0.0 H 26 
   952 21.455 0.0 CG1 79 
   920 0.842 0.0 HD11 77 
   1199 175.018 0.0 C 98 
   279 4.215 0.0 HB 26 
   1038 37.004 0.0 CG 85 
   983 131.99 0.0 CD1 81 
   1312 3.044 0.0 HD3 108 
   340 122.775 0.0 N 30 
   278 4.43 0.0 HA 26 
   148 1.556 0.0 HG2 16 
   368 117.341 0.0 CE2 32 
   954 116.911 0.0 N 79 
   222 177.928 0.0 C 21 
   1197 1.615 0.0 HG2 98 
   1076 4.014 0.0 HB2 89 
   896 2.031 0.0 HG3 74 
   820 58.094 0.0 CA 68 
   273 172.134 0.0 C 25 
   1067 0.83 0.0 HG23 88 
   1272 60.65 0.0 CA 104 
   765 65.999 0.0 CA 64 
   647 30.867 0.0 CB 53 
   1315 176.899 0.0 C 108 
   766 31.923 0.0 CB 64 
   635 43.598 0.0 CD 52 
   218 1.928 0.0 HB3 21 
   1118 7.314 0.0 H 92 
   410 115.94 0.0 N 36 
   633 55.616 0.0 CA 52 
   500 123.192 0.0 N 42 
   959 6.868 0.0 HD1 80 
   915 109.752 0.0 N 76 
   112 1.37 0.0 HB3 12 
   88 0.81 0.0 HD23 10 
   251 35.763 0.0 CG 23 
   645 178.611 0.0 C 53 
   1186 55.877 0.0 CA 97 
   79 8.06 0.0 H 10 
   1062 0.724 0.0 HG11 88 
   258 7.074 0.0 HD2 24 
   473 6.866 0.0 HZ 41 
   302 26.014 0.0 CD2 27 
   522 1.364 0.0 HB2 44 
   1257 124.8 0.0 CH2 103 
   95 26.946 0.0 CG 10 
   613 7.022 0.0 HE1 51 
   827 1.967 0.0 HB2 69 
   845 0.118 0.0 HG22 70 
   118 4.218 0.0 HA 13 
   51 1.354 0.0 HB2 7 
   1074 8.503 0.0 H 89 
   357 2.697 0.0 HB3 32 
   996 59.66 0.0 CA 82 
   584 53.785 0.0 CA 49 
   85 0.86 0.0 HD13 10 
   998 35.923 0.0 CG 82 
   564 1.672 0.0 HB3 48 
   594 1.556 0.0 HD2 50 
   457 0.737 0.0 HG22 40 
   398 36.377 0.0 CG 35 
   456 0.737 0.0 HG21 40 
   52 1.354 0.0 HB3 7 
   578 0.712 0.0 HD13 49 
   1349 3.803 0.0 HB2 111 
   163 2.46 0.0 HG2 17 
   365 133.168 0.0 CD1 32 
   100 1.977 0.0 HB3 11 
   109 4.201 0.0 HA 12 
   872 0.696 0.0 HG13 72 
   956 5.161 0.0 HA 80 
   1323 1.528 0.0 HB3 109 
   1243 4.036 0.0 HA 103 
   1200 56.621 0.0 CA 98 
   1295 36.323 0.0 CG 106 
   389 9.379 0.0 H 35 
   728 133.724 0.0 CD2 60 
   293 0.75 0.0 HD12 27 
   979 6.755 0.0 HZ 81 
   984 131.99 0.0 CD2 81 
   324 64.918 0.0 CB 29 
   161 2.001 0.0 HE2 17 
   682 26.691 0.0 CG 56 
   819 177.1 0.0 C 68 
   1133 0.068 0.0 HD23 93 
   147 3.165 0.0 HD3 16 
   420 0.713 0.0 HG11 38 
   1224 17.772 0.0 CB 101 
   1047 54.406 0.0 CA 86 
   561 8.308 0.0 H 48 
   509 0.797 0.0 HD22 43 
   801 0.36 0.0 HD22 67 
   780 7.728 0.0 H 66 
   598 1.28 0.0 HG2 50 
   560 121.275 0.0 N 47 
   1104 0.62 0.0 HD12 91 
   577 0.712 0.0 HD12 49 
   123 53.303 0.0 CA 13 
   1120 3.681 0.0 HA3 92 
   1187 28.806 0.0 CB 97 
   1086 0.758 0.0 HD11 90 
   356 2.875 0.0 HB2 32 
   603 29.631 0.0 CD 50 
   233 3.132 0.0 HD3 22 
   681 23.002 0.0 CD2 56 
   462 21.236 0.0 CG1 40 
   854 8.778 0.0 H 71 
   1011 6.473 0.0 H 84 
   181 119.875 0.0 N 18 
   346 2.141 0.0 HG2 31 
   1222 181.335 0.0 C 101 
   177 176.883 0.0 C 18 
   857 2.042 0.0 HB3 71 
   683 118.239 0.0 N 56 
   249 57.172 0.0 CA 23 
   652 2.966 0.0 HB2 54 
   344 1.8 0.0 HB3 31 
   207 1.708 0.0 HG 20 
   418 4.915 0.0 HA 38 
   640 2.014 0.0 HB3 53 
   1189 27.707 0.0 CG 97 
   435 0.827 0.0 HD11 39 
   304 9.619 0.0 H 28 
   1059 9.051 0.0 H 88 
   706 3.734 0.0 HA 59 
   191 177.964 0.0 C 19 
   280 1.162 0.0 HG21 26 
   673 0.1 0.0 HD21 56 
   941 4.752 0.0 HA 79 
   1033 2.205 0.0 HG2 85 
   467 3.304 0.0 HB2 41 
   1347 7.888 0.0 H 111 
   937 170.501 0.0 C 78 
   752 1.15 0.0 HG23 63 
   217 2.12 0.0 HB2 21 
   33 0.884 0.0 HG23 5 
   912 3.67 0.0 HA3 76 
   328 1.586 0.0 HB 30 
   1044 2.428 0.0 HG2 86 
   300 43.838 0.0 CB 27 
   1219 1.459 0.0 HB1 101 
   946 0.488 0.0 HG21 79 
   743 177.761 0.0 C 62 
   929 42.125 0.0 CB 77 
   869 0.687 0.0 HD12 72 
   421 0.713 0.0 HG12 38 
   326 8.245 0.0 H 30 
   477 132.608 0.0 CD1 41 
   347 2.215 0.0 HG3 31 
   695 109.665 0.0 NE2 57 
   364 38.922 0.0 CB 32 
   1269 2.941 0.0 HG2 104 
   536 37.016 0.0 CB 45 
   791 117.742 0.0 N 66 
   212 23.311 0.0 CD2 20 
   1169 36.454 0.0 CG 95 
   463 21.935 0.0 CG2 40 
   654 175.841 0.0 C 54 
   117 8.142 0.0 H 13 
   685 2.151 0.0 HA 57 
   384 3.925 0.0 HB2 34 
   1256 118.379 0.0 CE3 103 
   168 16.963 0.0 CE 17 
   997 30.452 0.0 CB 82 
   354 9.231 0.0 H 32 
   101 2.227 0.0 HG2 11 
   517 28.618 0.0 CG 43 
   586 25.513 0.0 CD1 49 
   179 29.811 0.0 CB 18 
   774 2.196 0.0 HG3 65 
   1259 121.776 0.0 CZ3 103 
   741 1.112 0.0 HB2 62 
   651 4.702 0.0 HA 54 
   451 4.77 0.0 HA 40 
   1084 1.612 0.0 HB2 90 
   736 45.0 0.0 CA 61 
   41 4.402 0.0 HA 6 
   867 1.671 0.0 HB 72 
   1064 0.724 0.0 HG13 88 
   813 1.901 0.0 HB2 68 
   216 4.037 0.0 HA 21 
   1030 3.622 0.0 HA 85 
   779 114.841 0.0 N 65 
   680 24.042 0.0 CD1 56 
   243 4.083 0.0 HA 23 
   430 18.467 0.0 CG2 38 
   245 1.795 0.0 HB3 23 
   1142 8.317 0.0 H 94 
   283 174.498 0.0 C 26 
   174 2.003 0.0 HB3 18 
   478 132.608 0.0 CD2 41 
   65 38.639 0.0 CB 8 
   200 1.476 0.0 HB3 20 
   50 1.354 0.0 HB1 7 
   1313 1.807 0.0 HG2 108 
   156 8.14 0.0 H 17 
   572 9.364 0.0 H 49 
   337 34.762 0.0 CB 30 
   1226 3.979 0.0 HA 102 
   666 7.22 0.0 H 56 
   381 26.709 0.0 CG 33 
   91 56.126 0.0 CA 10 
   1236 59.169 0.0 CA 102 
   1108 0.555 0.0 HG21 91 
   322 171.729 0.0 C 29 
   140 63.455 0.0 CB 15 
   814 1.811 0.0 HB3 68 
   284 59.488 0.0 CA 26 
   394 2.204 0.0 HG3 35 
   498 28.39 0.0 CG1 42 
   1232 2.947 0.0 HE3 102 
   228 7.939 0.0 H 22 
   1288 1.513 0.0 HB2 106 
   568 54.347 0.0 CA 48 
   1036 57.064 0.0 CA 85 
   555 174.209 0.0 C 47 
   468 2.612 0.0 HB3 41 
   823 27.438 0.0 CG 68 
   185 2.046 0.0 HB3 19 
   808 23.38 0.0 CD2 67 
   985 130.512 0.0 CE1 81 
   128 3.873 0.0 HB2 14 
   571 120.823 0.0 N 48 
   63 175.868 0.0 C 8 
   1262 9.18 0.0 H 104 
   223 57.396 0.0 CA 21 
   1277 7.659 0.0 H 105 
   62 7.585 0.0 HD22 8 
   600 175.125 0.0 C 50 
   1069 61.447 0.0 CA 88 
   81 1.659 0.0 HB2 10 
   758 2.241 0.0 HB2 64 
   1241 119.022 0.0 N 102 
   434 1.87 0.0 HB 39 
   306 1.556 0.0 HB2 28 
   565 2.222 0.0 HG2 48 
   247 1.908 0.0 HG3 23 
   639 2.014 0.0 HB2 53 
   1215 58.114 0.0 CA 100 
   848 60.153 0.0 CA 70 
   642 4.012 0.0 HD3 53 
   693 31.891 0.0 CG 57 
   267 118.071 0.0 CE2 24 
   1247 9.086 0.0 HE1 103 
   1049 33.733 0.0 CG 86 
   1184 1.434 0.0 HG3 97 
   910 8.418 0.0 H 76 
   360 6.319 0.0 HE1 32 
   338 20.464 0.0 CG1 30 
   380 43.753 0.0 CD 33 
   1185 174.894 0.0 C 97 
   750 1.15 0.0 HG21 63 
   1102 1.437 0.0 HB 91 
   385 3.839 0.0 HB3 34 
   754 67.952 0.0 CB 63 
   397 28.457 0.0 CB 35 
   1111 177.553 0.0 C 91 
   133 114.553 0.0 N 14 
   1298 4.435 0.0 HA 107 
   816 3.22 0.0 HD3 68 
   1050 114.682 0.0 N 86 
   1131 0.068 0.0 HD21 93 
   987 127.489 0.0 CZ 81 
   399 121.527 0.0 N 35 
   553 1.653 0.0 HG2 47 
   1344 52.539 0.0 CA 110 
   1345 19.28 0.0 CB 110 
   676 1.245 0.0 HG 56 
   53 178.059 0.0 C 7 
   501 9.031 0.0 H 43 
   314 32.647 0.0 CB 28 
   1008 68.085 0.0 CB 83 
   535 52.068 0.0 CA 45 
   928 54.378 0.0 CA 77 
   532 6.441 0.0 HD21 45 
   1330 1.647 0.0 HG 109 
   176 2.198 0.0 HG3 18 
   40 8.389 0.0 H 6 
   846 0.118 0.0 HG23 70 
   864 126.24 0.0 N 71 
   411 7.908 0.0 H 37 
   465 9.605 0.0 H 41 
   1162 2.044 0.0 HB2 95 
   1135 174.204 0.0 C 93 
   47 119.949 0.0 N 6 
   48 8.431 0.0 H 7 
   554 1.442 0.0 HG3 47 
   1025 25.665 0.0 CD1 84 
   1196 3.595 0.0 HD3 98 
   353 111.73 0.0 NE2 31 
   76 29.741 0.0 CB 9 
   487 0.685 0.0 HD12 42 
   546 111.628 0.0 N 46 
   1307 117.066 0.0 N 107 
   738 8.104 0.0 H 62 
   189 2.505 0.0 HG2 19 
   1123 103.835 0.0 N 92 
   252 119.302 0.0 N 23 
   94 23.445 0.0 CD2 10 
   1206 3.902 0.0 HA2 99 
   1352 64.896 0.0 CB 111 
   377 1.378 0.0 HG3 33 
   268 118.678 0.0 N 24 
   611 7.186 0.0 HD1 51 
   1216 64.391 0.0 CB 100 
   661 3.034 0.0 HB3 55 
   674 0.1 0.0 HD22 56 
   259 6.701 0.0 HE1 24 
   664 42.87 0.0 CB 55 
   371 4.439 0.0 HA 33 
   769 8.522 0.0 H 65 
   924 0.824 0.0 HD22 77 
   799 -0.04 0.0 HD13 67 
   726 37.813 0.0 CB 60 
   488 0.685 0.0 HD13 42 
   129 3.873 0.0 HB3 14 
   12 16.881 0.0 CE 3 
   167 31.857 0.0 CB 17 
   124 18.835 0.0 CB 13 
   481 128.301 0.0 CZ 41 
   1093 177.109 0.0 C 90 
   828 1.967 0.0 HB3 69 
   878 38.256 0.0 CB 72 
   343 1.96 0.0 HB2 31 
   591 5.454 0.0 HA 50 
   1140 25.6 0.0 CG 93 
   315 43.794 0.0 CD 28 
   476 39.031 0.0 CB 41 
   792 110.754 0.0 NE2 66 
   903 4.211 0.0 HA 75 
   307 1.446 0.0 HB3 28 
   134 8.205 0.0 H 15 
   887 57.766 0.0 CA 73 
   188 2.03 0.0 HE3 19 
   1082 8.799 0.0 H 90 
   135 4.394 0.0 HA 15 
   403 1.619 0.0 HB3 36 
   288 9.148 0.0 H 27 
   901 27.83 0.0 CG 74 
   579 0.789 0.0 HD21 49 
   731 124.377 0.0 N 60 
   172 4.121 0.0 HA 18 
   18 2.199 0.0 HG2 4 
   793 7.132 0.0 H 67 
   989 7.466 0.0 H 82 
   1051 8.63 0.0 H 87 
   1299 2.411 0.0 HB2 107 
   610 2.552 0.0 HB3 51 
   917 4.552 0.0 HA 77 
   104 57.085 0.0 CA 11 
   616 176.043 0.0 C 51 
   843 0.613 0.0 HG13 70 
   3 1.935 0.0 HB3 3 
   1180 1.643 0.0 HB3 97 
   1221 1.459 0.0 HB3 101 
   1267 2.298 0.0 HE2 104 
   602 35.539 0.0 CB 50 
   1019 0.647 0.0 HD22 84 
   562 5.281 0.0 HA 48 
   599 1.166 0.0 HG3 50 
   392 1.95 0.0 HB3 35 
   969 117.499 0.0 CE2 80 
   529 4.564 0.0 HA 45 
   581 0.789 0.0 HD23 49 
   1223 56.234 0.0 CA 101 
   232 3.132 0.0 HD2 22 
   1168 29.663 0.0 CB 95 
   837 4.508 0.0 HA 70 
   1181 3.087 0.0 HD2 97 
   609 3.28 0.0 HB2 51 
   818 1.681 0.0 HG3 68 
   809 25.235 0.0 CG 67 
   1143 4.015 0.0 HA 94 
   1149 0.839 0.0 HD21 94 
   1316 62.878 0.0 CA 108 
   211 25.394 0.0 CD1 20 
   955 8.83 0.0 H 80 
   1265 2.339 0.0 HB3 104 
   1205 7.684 0.0 H 99 
   459 174.702 0.0 C 40 
   789 29.542 0.0 CB 66 
   604 41.911 0.0 CE 50 
   83 0.86 0.0 HD11 10 
   121 1.401 0.0 HB3 13 
   303 119.999 0.0 N 27 
   496 38.247 0.0 CB 42 
   623 129.351 0.0 CZ 51 
   1204 125.256 0.0 N 98 
   1198 1.141 0.0 HG3 98 
