   485 1.815 0.0 HB 42 
   1253 62.775 0.0 CA 103 
   732 8.751 0.0 H 61 
   494 176.006 0.0 C 42 
   317 123.653 0.0 N 28 
   302 26.014 0.0 CD2 27 
   893 3.803 0.0 HD2 74 
   242 7.95 0.0 H 23 
   260 6.701 0.0 HE2 24 
   1052 5.547 0.0 HA 87 
   812 4.191 0.0 HA 68 
   992 1.901 0.0 HB3 82 
   1180 1.643 0.0 HB3 97 
   729 118.264 0.0 CE1 60 
   306 1.556 0.0 HB2 28 
   636 27.315 0.0 CG 52 
   1038 37.004 0.0 CG 85 
   361 6.319 0.0 HE2 32 
   239 43.459 0.0 CD 22 
   1128 -0.102 0.0 HD11 93 
   463 21.935 0.0 CG2 40 
   543 175.512 0.0 C 46 
   1070 35.256 0.0 CB 88 
   1178 4.322 0.0 HA 97 
   1243 4.036 0.0 HA 103 
   386 176.483 0.0 C 34 
   248 176.858 0.0 C 23 
   731 124.377 0.0 N 60 
   318 7.994 0.0 H 29 
   271 4.022 0.0 HB2 25 
   273 172.134 0.0 C 25 
   451 4.77 0.0 HA 40 
   839 0.635 0.0 HD11 70 
   13 31.901 0.0 CG 3 
   11 32.91 0.0 CB 3 
   213 26.891 0.0 CG 20 
   724 178.019 0.0 C 60 
   1327 1.014 0.0 HD21 109 
   1184 1.434 0.0 HG3 97 
   1233 1.398 0.0 HG2 102 
   1342 1.398 0.0 HB3 110 
   847 174.815 0.0 C 70 
   1110 0.555 0.0 HG23 91 
   1009 23.764 0.0 CG2 83 
   935 4.601 0.0 HA2 78 
   712 59.886 0.0 CA 59 
   704 116.752 0.0 N 58 
   1082 8.799 0.0 H 90 
   414 174.303 0.0 C 37 
   828 1.967 0.0 HB3 69 
   877 61.763 0.0 CA 72 
   899 31.733 0.0 CB 74 
   931 23.53 0.0 CD2 77 
   800 0.36 0.0 HD21 67 
   504 1.708 0.0 HB3 43 
   780 7.728 0.0 H 66 
   234 1.658 0.0 HG2 22 
   953 22.452 0.0 CG2 79 
   505 0.893 0.0 HD11 43 
   891 2.382 0.0 HB2 74 
   898 65.658 0.0 CA 74 
   585 44.054 0.0 CB 49 
   1121 176.157 0.0 C 92 
   593 1.33 0.0 HB3 50 
   304 9.619 0.0 H 28 
   73 2.204 0.0 HG3 9 
   928 54.378 0.0 CA 77 
   363 57.485 0.0 CA 32 
   952 21.455 0.0 CG1 79 
   223 57.396 0.0 CA 21 
   908 64.358 0.0 CB 75 
   1020 0.647 0.0 HD23 84 
   1056 52.907 0.0 CA 87 
   586 25.513 0.0 CD1 49 
   57 8.312 0.0 H 8 
   1023 54.419 0.0 CA 84 
   406 176.435 0.0 C 36 
   701 177.612 0.0 C 58 
   169 32.011 0.0 CG 17 
   1225 8.543 0.0 H 102 
   1001 3.987 0.0 HA 83 
   802 0.36 0.0 HD23 67 
   1005 1.317 0.0 HG23 83 
   256 2.791 0.0 HB3 24 
   1181 3.087 0.0 HD2 97 
   1123 103.835 0.0 N 92 
   984 131.99 0.0 CD2 81 
   42 3.879 0.0 HB2 6 
   646 65.032 0.0 CA 53 
   439 0.821 0.0 HG13 39 
   131 59.538 0.0 CA 14 
   417 6.622 0.0 H 38 
   1259 121.776 0.0 CZ3 103 
   175 2.198 0.0 HG2 18 
   1172 4.236 0.0 HA2 96 
   577 0.712 0.0 HD12 49 
   903 4.211 0.0 HA 75 
   267 118.071 0.0 CE2 24 
   1326 1.06 0.0 HD13 109 
   469 7.257 0.0 HD1 41 
   508 0.797 0.0 HD21 43 
   208 178.43 0.0 C 20 
   1152 1.717 0.0 HG 94 
   374 3.051 0.0 HD2 33 
   1048 34.491 0.0 CB 86 
   487 0.685 0.0 HD12 42 
   355 4.887 0.0 HA 32 
   579 0.789 0.0 HD21 49 
   315 43.794 0.0 CD 28 
   835 118.394 0.0 N 69 
   1113 37.084 0.0 CB 91 
   69 4.162 0.0 HA 9 
   1257 124.8 0.0 CH2 103 
   217 2.12 0.0 HB2 21 
   420 0.713 0.0 HG11 38 
   679 42.559 0.0 CB 56 
   19 2.199 0.0 HG3 4 
   85 0.86 0.0 HD13 10 
   820 58.094 0.0 CA 68 
   1019 0.647 0.0 HD22 84 
   613 7.022 0.0 HE1 51 
   45 58.096 0.0 CA 6 
   265 132.98 0.0 CD2 24 
   425 0.574 0.0 HG23 38 
   1296 114.241 0.0 N 106 
   1191 7.999 0.0 H 98 
   392 1.95 0.0 HB3 35 
   933 115.627 0.0 N 77 
   1163 2.236 0.0 HB3 95 
   190 2.638 0.0 HG3 19 
   464 126.626 0.0 N 40 
   101 2.227 0.0 HG2 11 
   158 2.044 0.0 HB2 17 
   746 123.335 0.0 N 62 
   599 1.166 0.0 HG3 50 
   924 0.824 0.0 HD22 77 
   382 130.005 0.0 N 33 
   1273 33.268 0.0 CB 104 
   1279 1.426 0.0 HB1 105 
   875 1.167 0.0 HG23 72 
   572 9.364 0.0 H 49 
   218 1.928 0.0 HB3 21 
   249 57.172 0.0 CA 23 
   809 25.235 0.0 CG 67 
   233 3.132 0.0 HD3 22 
   137 3.912 0.0 HB3 15 
   115 18.829 0.0 CB 12 
   1058 121.904 0.0 N 87 
   1223 56.234 0.0 CA 101 
   549 1.794 0.0 HB2 47 
   751 1.15 0.0 HG22 63 
   686 1.24 0.0 HB2 57 
   125 122.326 0.0 N 13 
   1170 117.117 0.0 N 95 
   977 6.86 0.0 HE1 81 
   522 1.364 0.0 HB2 44 
   768 28.234 0.0 CG 64 
   1117 116.561 0.0 N 91 
   108 8.113 0.0 H 12 
   563 1.791 0.0 HB2 48 
   1335 24.143 0.0 CD2 109 
   1139 22.143 0.0 CD2 93 
   93 24.876 0.0 CD1 10 
   999 124.087 0.0 N 82 
   620 131.545 0.0 CD2 51 
   312 176.07 0.0 C 28 
   673 0.1 0.0 HD21 56 
   582 1.602 0.0 HG 49 
   194 17.023 0.0 CE 19 
   385 3.839 0.0 HB3 34 
   1078 175.634 0.0 C 89 
   1118 7.314 0.0 H 92 
   140 63.455 0.0 CB 15 
   1036 57.064 0.0 CA 85 
   698 0.928 0.0 HB1 58 
   324 64.918 0.0 CB 29 
   791 117.742 0.0 N 66 
   1347 7.888 0.0 H 111 
   269 7.403 0.0 H 25 
   852 18.6 0.0 CG2 70 
   759 1.816 0.0 HB3 64 
   1217 116.809 0.0 N 100 
   199 1.86 0.0 HB2 20 
   286 22.829 0.0 CG2 26 
   1150 0.839 0.0 HD22 94 
   1208 171.528 0.0 C 99 
   799 -0.04 0.0 HD13 67 
   1196 3.595 0.0 HD3 98 
   715 99.63 0.0 N 59 
   449 122.144 0.0 N 39 
   681 23.002 0.0 CD2 56 
   282 1.162 0.0 HG23 26 
   970 126.853 0.0 N 80 
   38 20.453 0.0 CG2 5 
   443 174.355 0.0 C 39 
   773 2.328 0.0 HG2 65 
   123 53.303 0.0 CA 13 
   412 3.965 0.0 HA2 37 
   1328 1.014 0.0 HD22 109 
   1179 1.643 0.0 HB2 97 
   760 3.713 0.0 HD2 64 
   921 0.842 0.0 HD12 77 
   867 1.671 0.0 HB 72 
   1141 120.762 0.0 N 93 
   309 3.084 0.0 HD3 28 
   1046 174.095 0.0 C 86 
   788 57.206 0.0 CA 66 
   100 1.977 0.0 HB3 11 
   897 177.861 0.0 C 74 
   887 57.766 0.0 CA 73 
   682 26.691 0.0 CG 56 
   141 117.597 0.0 N 15 
   1175 45.733 0.0 CA 96 
   173 2.003 0.0 HB2 18 
   868 0.687 0.0 HD11 72 
   1158 26.897 0.0 CG 94 
   772 1.946 0.0 HB3 65 
   394 2.204 0.0 HG3 35 
   824 116.991 0.0 N 68 
   797 -0.04 0.0 HD11 67 
   957 2.892 0.0 HB2 80 
   371 4.439 0.0 HA 33 
   909 109.127 0.0 N 75 
   339 23.077 0.0 CG2 30 
   647 30.867 0.0 CB 53 
   550 1.794 0.0 HB3 47 
   142 8.148 0.0 H 16 
   54 53.151 0.0 CA 7 
   366 133.168 0.0 CD2 32 
   1337 122.868 0.0 N 109 
   883 8.586 0.0 H 73 
   1212 4.419 0.0 HA 100 
   509 0.797 0.0 HD22 43 
   490 0.882 0.0 HG13 42 
   280 1.162 0.0 HG21 26 
   602 35.539 0.0 CB 50 
   454 0.769 0.0 HG12 40 
   153 43.249 0.0 CD 16 
   829 2.202 0.0 HG2 69 
   92 42.02 0.0 CB 10 
   869 0.687 0.0 HD12 72 
   479 130.657 0.0 CE1 41 
   492 0.921 0.0 HG22 42 
   995 178.206 0.0 C 82 
   1081 120.776 0.0 N 89 
   638 4.146 0.0 HA 53 
   896 2.031 0.0 HG3 74 
   948 0.488 0.0 HG23 79 
   814 1.811 0.0 HB3 68 
   113 178.397 0.0 C 12 
   1330 1.647 0.0 HG 109 
   460 61.243 0.0 CA 40 
   632 1.861 0.0 HG3 52 
   906 175.703 0.0 C 75 
   192 57.55 0.0 CA 19 
   1000 9.023 0.0 H 83 
   1049 33.733 0.0 CG 86 
   413 3.768 0.0 HA3 37 
   307 1.446 0.0 HB3 28 
   70 1.998 0.0 HB2 9 
   1320 8.467 0.0 H 109 
   1041 4.768 0.0 HA 86 
   541 3.176 0.0 HB2 46 
   1265 2.339 0.0 HB3 104 
   707 3.962 0.0 HB 59 
   84 0.86 0.0 HD12 10 
   1277 7.659 0.0 H 105 
   66 116.954 0.0 N 8 
   1072 22.104 0.0 CG2 88 
   221 2.215 0.0 HG3 21 
