   1080 64.469 0.0 CB 89 
   582 1.602 0.0 HG 49 
   1320 8.467 0.0 H 109 
   1227 1.826 0.0 HB2 102 
   1071 21.209 0.0 CG1 88 
   821 31.556 0.0 CB 68 
   642 4.012 0.0 HD3 53 
   651 4.702 0.0 HA 54 
   225 33.973 0.0 CG 21 
   97 8.147 0.0 H 11 
   205 0.854 0.0 HD22 20 
   430 18.467 0.0 CG2 38 
   218 1.928 0.0 HB3 21 
   1111 177.553 0.0 C 91 
   309 3.084 0.0 HD3 28 
   1311 3.315 0.0 HD2 108 
   1160 7.738 0.0 H 95 
   905 3.917 0.0 HB3 75 
   697 3.592 0.0 HA 58 
   389 9.379 0.0 H 35 
   416 108.087 0.0 N 37 
   874 1.167 0.0 HG22 72 
   288 9.148 0.0 H 27 
   706 3.734 0.0 HA 59 
   155 122.38 0.0 N 16 
   1277 7.659 0.0 H 105 
   763 1.792 0.0 HG3 64 
   74 177.247 0.0 C 9 
   76 29.741 0.0 CB 9 
   212 23.311 0.0 CD2 20 
   1143 4.015 0.0 HA 94 
   1139 22.143 0.0 CD2 93 
   90 178.235 0.0 C 10 
   124 18.835 0.0 CB 13 
   836 7.957 0.0 H 70 
   1218 4.02 0.0 HA 101 
   949 171.397 0.0 C 79 
   520 3.968 0.0 HA 44 
   1173 3.752 0.0 HA3 96 
   543 175.512 0.0 C 46 
   912 3.67 0.0 HA3 76 
   902 7.893 0.0 H 75 
   695 109.665 0.0 NE2 57 
   1081 120.776 0.0 N 89 
   701 177.612 0.0 C 58 
   1207 3.902 0.0 HA3 99 
   1279 1.426 0.0 HB1 105 
   486 0.685 0.0 HD11 42 
   1169 36.454 0.0 CG 95 
   666 7.22 0.0 H 56 
   1226 3.979 0.0 HA 102 
   328 1.586 0.0 HB 30 
   752 1.15 0.0 HG23 63 
   57 8.312 0.0 H 8 
   938 45.05 0.0 CA 78 
   1317 32.352 0.0 CB 108 
   1023 54.419 0.0 CA 84 
   245 1.795 0.0 HB3 23 
   202 0.832 0.0 HD12 20 
   1032 2.265 0.0 HB3 85 
   866 4.208 0.0 HA 72 
   703 20.052 0.0 CB 58 
   644 1.601 0.0 HG3 53 
   823 27.438 0.0 CG 68 
   87 0.81 0.0 HD22 10 
   995 178.206 0.0 C 82 
   1246 7.018 0.0 HD1 103 
   830 2.202 0.0 HG3 69 
   791 117.742 0.0 N 66 
   704 116.752 0.0 N 58 
   827 1.967 0.0 HB2 69 
   1157 23.025 0.0 CD2 94 
   887 57.766 0.0 CA 73 
   1045 2.116 0.0 HG3 86 
   771 1.946 0.0 HB2 65 
   1086 0.758 0.0 HD11 90 
   505 0.893 0.0 HD11 43 
   1052 5.547 0.0 HA 87 
   842 1.246 0.0 HG12 70 
   282 1.162 0.0 HG23 26 
   1098 26.895 0.0 CG 90 
   1002 4.209 0.0 HB 83 
   1229 1.65 0.0 HD2 102 
   779 114.841 0.0 N 65 
   568 54.347 0.0 CA 48 
   571 120.823 0.0 N 48 
   1309 2.209 0.0 HB2 108 
   832 55.752 0.0 CA 69 
   143 4.203 0.0 HA 16 
   1110 0.555 0.0 HG23 91 
   1230 1.624 0.0 HD3 102 
   426 173.629 0.0 C 38 
   1053 2.584 0.0 HB2 87 
   260 6.701 0.0 HE2 24 
   1102 1.437 0.0 HB 91 
   667 4.636 0.0 HA 56 
   918 1.608 0.0 HB2 77 
   231 1.794 0.0 HB3 22 
   594 1.556 0.0 HD2 50 
   1228 1.689 0.0 HB3 102 
   1346 127.482 0.0 N 110 
   1174 174.742 0.0 C 96 
   896 2.031 0.0 HG3 74 
   251 35.763 0.0 CG 23 
   652 2.966 0.0 HB2 54 
   873 1.167 0.0 HG21 72 
   1083 3.798 0.0 HA 90 
   726 37.813 0.0 CB 60 
   290 1.67 0.0 HB2 27 
   380 43.753 0.0 CD 33 
   45 58.096 0.0 CA 6 
   2 2.029 0.0 HB2 3 
   1089 0.902 0.0 HD21 90 
   979 6.755 0.0 HZ 81 
   886 3.722 0.0 HB3 73 
   390 4.039 0.0 HA 35 
   1004 1.317 0.0 HG22 83 
   870 0.687 0.0 HD13 72 
   171 8.19 0.0 H 18 
   1247 9.086 0.0 HE1 103 
   453 0.769 0.0 HG11 40 
   849 42.252 0.0 CB 70 
   1333 42.849 0.0 CB 109 
   639 2.014 0.0 HB2 53 
   951 34.536 0.0 CB 79 
   454 0.769 0.0 HG12 40 
   224 28.59 0.0 CB 21 
   209 56.978 0.0 CA 20 
   1062 0.724 0.0 HG11 88 
   1122 47.672 0.0 CA 92 
   223 57.396 0.0 CA 21 
   1350 3.803 0.0 HB3 111 
   941 4.752 0.0 HA 79 
   417 6.622 0.0 H 38 
   1203 29.125 0.0 CG 98 
   1034 2.094 0.0 HG3 85 
   133 114.553 0.0 N 14 
   959 6.868 0.0 HD1 80 
   1121 176.157 0.0 C 92 
   52 1.354 0.0 HB3 7 
   1286 6.969 0.0 H 106 
   50 1.354 0.0 HB1 7 
   1068 174.389 0.0 C 88 
   678 52.687 0.0 CA 56 
   1167 56.089 0.0 CA 95 
   395 177.168 0.0 C 35 
   91 56.126 0.0 CA 10 
   110 1.37 0.0 HB1 12 
   1324 1.06 0.0 HD11 109 
   396 59.18 0.0 CA 35 
   353 111.73 0.0 NE2 31 
   278 4.43 0.0 HA 26 
   92 42.02 0.0 CB 10 
   346 2.141 0.0 HG2 31 
   444 61.503 0.0 CA 39 
   46 64.02 0.0 CB 6 
   1270 2.214 0.0 HG3 104 
   197 8.034 0.0 H 20 
   442 0.365 0.0 HG23 39 
   463 21.935 0.0 CG2 40 
   467 3.304 0.0 HB2 41 
   570 36.376 0.0 CG 48 
   22 29.994 0.0 CB 4 
   516 24.929 0.0 CD2 43 
   733 3.771 0.0 HA2 61 
   1105 0.62 0.0 HD13 91 
   152 30.165 0.0 CB 16 
   113 178.397 0.0 C 12 
   977 6.86 0.0 HE1 81 
   407 56.237 0.0 CA 36 
   973 3.113 0.0 HB2 81 
   1100 7.464 0.0 H 91 
   525 54.489 0.0 CA 44 
   29 0.883 0.0 HG12 5 
   410 115.94 0.0 N 36 
   297 0.897 0.0 HD23 27 
   728 133.724 0.0 CD2 60 
   166 57.361 0.0 CA 17 
   412 3.965 0.0 HA2 37 
   64 53.841 0.0 CA 8 
   161 2.001 0.0 HE2 17 
   459 174.702 0.0 C 40 
   262 58.621 0.0 CA 24 
   1308 4.342 0.0 HA 108 
   36 32.906 0.0 CB 5 
   131 59.538 0.0 CA 14 
   445 39.072 0.0 CB 39 
   259 6.701 0.0 HE1 24 
   228 7.939 0.0 H 22 
   83 0.86 0.0 HD11 10 
   768 28.234 0.0 CG 64 
   386 176.483 0.0 C 34 
   144 1.84 0.0 HB2 16 
   1216 64.391 0.0 CB 100 
   108 8.113 0.0 H 12 
   421 0.713 0.0 HG12 38 
   101 2.227 0.0 HG2 11 
   67 112.954 0.0 ND2 8 
   535 52.068 0.0 CA 45 
   963 175.006 0.0 C 80 
   1287 3.906 0.0 HA 106 
   1061 1.943 0.0 HB 88 
   1176 107.323 0.0 N 96 
   542 2.79 0.0 HB3 46 
   945 0.692 0.0 HG13 79 
   1125 3.727 0.0 HA 93 
   1310 1.86 0.0 HB3 108 
   660 3.288 0.0 HB2 55 
   437 0.827 0.0 HD13 39 
   1018 0.647 0.0 HD21 84 
   1152 1.717 0.0 HG 94 
   1021 1.476 0.0 HG 84 
   1000 9.023 0.0 H 83 
   668 2.211 0.0 HB2 56 
   433 4.323 0.0 HA 39 
   507 0.893 0.0 HD13 43 
   741 1.112 0.0 HB2 62 
   709 -0.209 0.0 HG22 59 
   611 7.186 0.0 HD1 51 
   103 177.123 0.0 C 11 
   770 3.908 0.0 HA 65 
   868 0.687 0.0 HD11 72 
   975 6.984 0.0 HD1 81 
   199 1.86 0.0 HB2 20 
   755 21.938 0.0 CG2 63 
   563 1.791 0.0 HB2 48 
   1179 1.643 0.0 HB2 97 
   598 1.28 0.0 HG2 50 
   1115 28.558 0.0 CG1 91 
   298 175.89 0.0 C 27 
   576 0.712 0.0 HD11 49 
   204 0.854 0.0 HD21 20 
   432 9.458 0.0 H 39 
   969 117.499 0.0 CE2 80 
   518 128.415 0.0 N 43 
   738 8.104 0.0 H 62 
   754 67.952 0.0 CB 63 
   1284 17.87 0.0 CB 105 
   34 176.074 0.0 C 5 
   187 2.03 0.0 HE2 19 
   1342 1.398 0.0 HB3 110 
   443 174.355 0.0 C 39 
   427 58.127 0.0 CA 38 
   750 1.15 0.0 HG21 63 
   1331 176.976 0.0 C 109 
   676 1.245 0.0 HG 56 
   372 1.712 0.0 HB2 33 
   1141 120.762 0.0 N 93 
   474 174.17 0.0 C 41 
   1051 8.63 0.0 H 87 
   1170 117.117 0.0 N 95 
   156 8.14 0.0 H 17 
   512 178.81 0.0 C 43 
   283 174.498 0.0 C 26 
   889 125.865 0.0 N 73 
   316 26.623 0.0 CG 28 
   483 9.051 0.0 H 42 
   689 1.708 0.0 HG2 57 
   965 41.026 0.0 CB 80 
   342 4.566 0.0 HA 31 
   1280 1.426 0.0 HB2 105 
   1079 56.08 0.0 CA 89 
   672 0.563 0.0 HD13 56 
   761 3.801 0.0 HD3 64 
   23 36.128 0.0 CG 4 
   370 8.36 0.0 H 33 
   230 1.794 0.0 HB2 22 
   555 174.209 0.0 C 47 
   796 1.216 0.0 HB3 67 
   939 109.48 0.0 N 78 
   451 4.77 0.0 HA 40 
   1093 177.109 0.0 C 90 
   766 31.923 0.0 CB 64 
   650 7.948 0.0 H 54 
   137 3.912 0.0 HB3 15 
   654 175.841 0.0 C 54 
   586 25.513 0.0 CD1 49 
   186 2.03 0.0 HE1 19 
   625 9.528 0.0 H 52 
   645 178.611 0.0 C 53 
   1010 115.091 0.0 N 83 
   1329 1.014 0.0 HD23 109 
   388 62.613 0.0 CB 34 
   966 133.192 0.0 CD1 80 
   775 178.76 0.0 C 65 
   1328 1.014 0.0 HD22 109 
   1291 1.91 0.0 HG3 106 
   987 127.489 0.0 CZ 81 
   536 37.016 0.0 CB 45 
   817 1.801 0.0 HG2 68 
   86 0.81 0.0 HD21 10 
   192 57.55 0.0 CA 19 
   362 174.519 0.0 C 32 
   914 45.558 0.0 CA 76 
   1295 36.323 0.0 CG 106 
   229 4.086 0.0 HA 22 
   261 175.685 0.0 C 24 
   220 2.502 0.0 HG2 21 
   937 170.501 0.0 C 78 
   1028 116.818 0.0 N 84 
   1232 2.947 0.0 HE3 102 
   99 1.977 0.0 HB2 11 
   450 8.934 0.0 H 40 
   424 0.574 0.0 HG22 38 
   739 4.298 0.0 HA 62 
   48 8.431 0.0 H 7 
   1267 2.298 0.0 HE2 104 
   1281 1.426 0.0 HB3 105 
   1164 2.524 0.0 HG2 95 
   1344 52.539 0.0 CA 110 
   544 56.917 0.0 CA 46 
   888 62.669 0.0 CB 73 
   799 -0.04 0.0 HD13 67 
   789 29.542 0.0 CB 66 
   648 49.824 0.0 CD 53 
   1123 103.835 0.0 N 92 
   659 4.94 0.0 HA 55 
   1271 178.325 0.0 C 104 
   1292 174.911 0.0 C 106 
   53 178.059 0.0 C 7 
   921 0.842 0.0 HD12 77 
   903 4.211 0.0 HA 75 
   1073 121.549 0.0 N 88 
   56 126.064 0.0 N 7 
   1048 34.491 0.0 CB 86 
   375 2.833 0.0 HD3 33 
   935 4.601 0.0 HA2 78 
   781 4.059 0.0 HA 66 
   1044 2.428 0.0 HG2 86 
   1272 60.65 0.0 CA 104 
   62 7.585 0.0 HD22 8 
   691 59.107 0.0 CA 57 
   112 1.37 0.0 HB3 12 
   1181 3.087 0.0 HD2 97 
   978 6.86 0.0 HE2 81 
   804 174.721 0.0 C 67 
   1070 35.256 0.0 CB 88 
   837 4.508 0.0 HA 70 
   841 0.635 0.0 HD13 70 
   671 0.563 0.0 HD12 56 
   118 4.218 0.0 HA 13 
   222 177.928 0.0 C 21 
   673 0.1 0.0 HD21 56 
   784 7.328 0.0 HE21 66 
   1149 0.839 0.0 HD21 94 
   988 126.963 0.0 N 81 
   385 3.839 0.0 HB3 34 
   414 174.303 0.0 C 37 
   746 123.335 0.0 N 62 
   461 33.244 0.0 CB 40 
   780 7.728 0.0 H 66 
   1 4.425 0.0 HA 3 
   803 1.287 0.0 HG 67 
   749 4.537 0.0 HB 63 
   800 0.36 0.0 HD21 67 
   1076 4.014 0.0 HB2 89 
   72 2.204 0.0 HG2 9 
   240 27.348 0.0 CG 22 
   69 4.162 0.0 HA 9 
   1155 41.391 0.0 CB 94 
   1254 29.069 0.0 CB 103 
   30 0.883 0.0 HG13 5 
   147 3.165 0.0 HD3 16 
   60 2.712 0.0 HB3 8 
   172 4.121 0.0 HA 18 
   892 1.915 0.0 HB3 74 
   51 1.354 0.0 HB2 7 
   1237 32.751 0.0 CB 102 
   397 28.457 0.0 CB 35 
   188 2.03 0.0 HE3 19 
   326 8.245 0.0 H 30 
   1036 57.064 0.0 CA 85 
   435 0.827 0.0 HD11 39 
   519 9.087 0.0 H 44 
   956 5.161 0.0 HA 80 
   569 32.524 0.0 CB 48 
   788 57.206 0.0 CA 66 
   1315 176.899 0.0 C 108 
   1009 23.764 0.0 CG2 83 
   906 175.703 0.0 C 75 
   883 8.586 0.0 H 73 
   1182 3.087 0.0 HD3 97 
   255 2.895 0.0 HB2 24 
   1274 15.91 0.0 CE 104 
   267 118.071 0.0 CE2 24 
   915 109.752 0.0 N 76 
   812 4.191 0.0 HA 68 
   943 0.692 0.0 HG11 79 
   774 2.196 0.0 HG3 65 
   140 63.455 0.0 CB 15 
   452 1.871 0.0 HB 40 
   976 6.984 0.0 HD2 81 
   1134 1.465 0.0 HG 93 
   296 0.897 0.0 HD22 27 
   1117 116.561 0.0 N 91 
   767 49.993 0.0 CD 64 
   778 36.644 0.0 CG 65 
   193 32.162 0.0 CB 19 
   865 9.013 0.0 H 72 
   1335 24.143 0.0 CD2 109 
   724 178.019 0.0 C 60 
   857 2.042 0.0 HB3 71 
   815 3.22 0.0 HD2 68 
   360 6.319 0.0 HE1 32 
   1007 65.351 0.0 CA 83 
