   327 4.941 0.0 HA 30 
   533 7.365 0.0 HD22 45 
   621 131.675 0.0 CE1 51 
   312 176.07 0.0 C 28 
   143 4.203 0.0 HA 16 
   1211 8.646 0.0 H 100 
   1317 32.352 0.0 CB 108 
   148 1.556 0.0 HG2 16 
   98 4.131 0.0 HA 11 
   35 62.128 0.0 CA 5 
   150 177.474 0.0 C 16 
   319 4.528 0.0 HA 29 
   1306 134.424 0.0 CE1 107 
   12 16.881 0.0 CE 3 
   431 105.549 0.0 N 38 
   755 21.938 0.0 CG2 63 
   560 121.275 0.0 N 47 
   1044 2.428 0.0 HG2 86 
   5 2.037 0.0 HE2 3 
   243 4.083 0.0 HA 23 
   691 59.107 0.0 CA 57 
   712 59.886 0.0 CA 59 
   166 57.361 0.0 CA 17 
   541 3.176 0.0 HB2 46 
   1334 24.954 0.0 CD1 109 
   348 174.131 0.0 C 31 
   249 57.172 0.0 CA 23 
   1129 -0.102 0.0 HD12 93 
   553 1.653 0.0 HG2 47 
   1195 3.779 0.0 HD2 98 
   316 26.623 0.0 CG 28 
   441 0.365 0.0 HG22 39 
   254 4.315 0.0 HA 24 
   87 0.81 0.0 HD22 10 
   1011 6.473 0.0 H 84 
   996 59.66 0.0 CA 82 
   293 0.75 0.0 HD12 27 
   507 0.893 0.0 HD13 43 
   727 133.724 0.0 CD1 60 
   1094 57.642 0.0 CA 90 
   207 1.708 0.0 HG 20 
   488 0.685 0.0 HD13 42 
   267 118.071 0.0 CE2 24 
   685 2.151 0.0 HA 57 
   584 53.785 0.0 CA 49 
   360 6.319 0.0 HE1 32 
   751 1.15 0.0 HG22 63 
   1157 23.025 0.0 CD2 94 
   690 0.608 0.0 HG3 57 
   944 0.692 0.0 HG12 79 
   804 174.721 0.0 C 67 
   40 8.389 0.0 H 6 
   966 133.192 0.0 CD1 80 
   217 2.12 0.0 HB2 21 
   609 3.28 0.0 HB2 51 
   625 9.528 0.0 H 52 
   1030 3.622 0.0 HA 85 
   1254 29.069 0.0 CB 103 
   308 3.145 0.0 HD2 28 
   1112 64.55 0.0 CA 91 
   1001 3.987 0.0 HA 83 
   806 41.98 0.0 CB 67 
   1239 42.11 0.0 CE 102 
   311 1.421 0.0 HG3 28 
   493 0.921 0.0 HG23 42 
   567 176.225 0.0 C 48 
   235 1.535 0.0 HG3 22 
   187 2.03 0.0 HE2 19 
   1307 117.066 0.0 N 107 
   408 32.757 0.0 CB 36 
   401 4.289 0.0 HA 36 
   396 59.18 0.0 CA 35 
   427 58.127 0.0 CA 38 
   528 7.355 0.0 H 45 
   1326 1.06 0.0 HD13 109 
   128 3.873 0.0 HB2 14 
   295 0.897 0.0 HD21 27 
   126 8.165 0.0 H 14 
   1160 7.738 0.0 H 95 
   840 0.635 0.0 HD12 70 
   479 130.657 0.0 CE1 41 
   1158 26.897 0.0 CG 94 
   1088 0.758 0.0 HD13 90 
   879 13.45 0.0 CD1 72 
   1108 0.555 0.0 HG21 91 
   82 1.543 0.0 HB3 10 
   871 1.629 0.0 HG12 72 
   1171 7.722 0.0 H 96 
   1083 3.798 0.0 HA 90 
   439 0.821 0.0 HG13 39 
   196 119.142 0.0 N 19 
   52 1.354 0.0 HB3 7 
   63 175.868 0.0 C 8 
   205 0.854 0.0 HD22 20 
   556 57.292 0.0 CA 47 
   264 132.98 0.0 CD1 24 
   297 0.897 0.0 HD23 27 
   147 3.165 0.0 HD3 16 
   913 174.359 0.0 C 76 
   713 68.111 0.0 CB 59 
   816 3.22 0.0 HD3 68 
   400 7.08 0.0 H 36 
   1305 119.178 0.0 CD2 107 
   929 42.125 0.0 CB 77 
   494 176.006 0.0 C 42 
   752 1.15 0.0 HG23 63 
   530 3.252 0.0 HB2 45 
   21 56.669 0.0 CA 4 
   1063 0.724 0.0 HG12 88 
   112 1.37 0.0 HB3 12 
   204 0.854 0.0 HD21 20 
   1311 3.315 0.0 HD2 108 
   658 8.201 0.0 H 55 
   48 8.431 0.0 H 7 
   180 36.33 0.0 CG 18 
   1126 1.663 0.0 HB2 93 
   1293 55.883 0.0 CA 106 
   1137 41.703 0.0 CB 93 
   256 2.791 0.0 HB3 24 
   1198 1.141 0.0 HG3 98 
   702 54.433 0.0 CA 58 
   611 7.186 0.0 HD1 51 
   1 4.425 0.0 HA 3 
   648 49.824 0.0 CD 53 
   1230 1.624 0.0 HD3 102 
   318 7.994 0.0 H 29 
   601 55.26 0.0 CA 50 
   31 0.884 0.0 HG21 5 
   520 3.968 0.0 HA 44 
   159 2.044 0.0 HB3 17 
   1081 120.776 0.0 N 89 
   369 124.536 0.0 N 32 
   1059 9.051 0.0 H 88 
   189 2.505 0.0 HG2 19 
   999 124.087 0.0 N 82 
   516 24.929 0.0 CD2 43 
   443 174.355 0.0 C 39 
   345 7.418 0.0 HE21 31 
   1047 54.406 0.0 CA 86 
   805 53.307 0.0 CA 67 
   247 1.908 0.0 HG3 23 
   43 3.824 0.0 HB3 6 
   1116 17.114 0.0 CG2 91 
   650 7.948 0.0 H 54 
   263 38.578 0.0 CB 24 
   852 18.6 0.0 CG2 70 
   1202 43.141 0.0 CD 98 
   157 4.205 0.0 HA 17 
   925 0.824 0.0 HD23 77 
   917 4.552 0.0 HA 77 
   707 3.962 0.0 HB 59 
   919 1.608 0.0 HB3 77 
   1061 1.943 0.0 HB 88 
   1264 2.067 0.0 HB2 104 
   1013 1.467 0.0 HB2 84 
   330 0.252 0.0 HG12 30 
   590 8.188 0.0 H 50 
   193 32.162 0.0 CB 19 
   1277 7.659 0.0 H 105 
   946 0.488 0.0 HG21 79 
   220 2.502 0.0 HG2 21 
   645 178.611 0.0 C 53 
   714 19.939 0.0 CG2 59 
   1006 175.706 0.0 C 83 
   1140 25.6 0.0 CG 93 
   906 175.703 0.0 C 75 
   90 178.235 0.0 C 10 
   652 2.966 0.0 HB2 54 
   402 2.002 0.0 HB2 36 
   1098 26.895 0.0 CG 90 
   788 57.206 0.0 CA 66 
   429 21.782 0.0 CG1 38 
   213 26.891 0.0 CG 20 
   1156 26.8 0.0 CD1 94 
   50 1.354 0.0 HB1 7 
   697 3.592 0.0 HA 58 
   706 3.734 0.0 HA 59 
   551 3.179 0.0 HD2 47 
   656 39.184 0.0 CB 54 
   687 0.068 0.0 HB3 57 
   549 1.794 0.0 HB2 47 
   708 -0.209 0.0 HG21 59 
   663 55.404 0.0 CA 55 
   1134 1.465 0.0 HG 93 
   1172 4.236 0.0 HA2 96 
   748 4.522 0.0 HA 63 
   580 0.789 0.0 HD22 49 
   939 109.48 0.0 N 78 
   376 1.44 0.0 HG2 33 
   739 4.298 0.0 HA 62 
   209 56.978 0.0 CA 20 
   389 9.379 0.0 H 35 
   976 6.984 0.0 HD2 81 
   458 0.737 0.0 HG23 40 
   335 173.89 0.0 C 30 
   799 -0.04 0.0 HD13 67 
   764 179.483 0.0 C 64 
   657 111.513 0.0 N 54 
   909 109.127 0.0 N 75 
   1066 0.83 0.0 HG22 88 
   610 2.552 0.0 HB3 51 
   466 4.852 0.0 HA 41 
   336 60.933 0.0 CA 30 
   1026 22.07 0.0 CD2 84 
   1299 2.411 0.0 HB2 107 
   733 3.771 0.0 HA2 61 
   853 125.545 0.0 N 70 
   1180 1.643 0.0 HB3 97 
   229 4.086 0.0 HA 22 
   334 0.674 0.0 HG23 30 
   46 64.02 0.0 CB 6 
   378 54.137 0.0 CA 33 
   1246 7.018 0.0 HD1 103 
   646 65.032 0.0 CA 53 
   338 20.464 0.0 CG1 30 
   1330 1.647 0.0 HG 109 
   1258 114.304 0.0 CZ2 103 
   548 4.133 0.0 HA 47 
   1248 6.803 0.0 HE3 103 
   899 31.733 0.0 CB 74 
   223 57.396 0.0 CA 21 
   789 29.542 0.0 CB 66 
   1009 23.764 0.0 CG2 83 
   1064 0.724 0.0 HG13 88 
   877 61.763 0.0 CA 72 
   317 123.653 0.0 N 28 
   1084 1.612 0.0 HB2 90 
   605 26.043 0.0 CG 50 
   787 175.329 0.0 C 66 
   1096 23.032 0.0 CD1 90 
   3 1.935 0.0 HB3 3 
   419 1.757 0.0 HB 38 
   1130 -0.102 0.0 HD13 93 
   844 0.118 0.0 HG21 70 
   599 1.166 0.0 HG3 50 
   1037 26.953 0.0 CB 85 
   323 57.62 0.0 CA 29 
   1347 7.888 0.0 H 111 
   725 60.827 0.0 CA 60 
   695 109.665 0.0 NE2 57 
   1225 8.543 0.0 H 102 
   673 0.1 0.0 HD21 56 
   409 36.871 0.0 CG 36 
   260 6.701 0.0 HE2 24 
   144 1.84 0.0 HB2 16 
   75 57.507 0.0 CA 9 
   219 7.622 0.0 HE21 21 
   911 4.276 0.0 HA2 76 
   314 32.647 0.0 CB 28 
   941 4.752 0.0 HA 79 
   366 133.168 0.0 CD2 32 
   848 60.153 0.0 CA 70 
   1093 177.109 0.0 C 90 
   761 3.801 0.0 HD3 64 
   958 2.826 0.0 HB3 80 
   434 1.87 0.0 HB 39 
   1190 122.473 0.0 N 97 
   341 8.341 0.0 H 31 
   1053 2.584 0.0 HB2 87 
   83 0.86 0.0 HD11 10 
   837 4.508 0.0 HA 70 
   988 126.963 0.0 N 81 
   37 21.185 0.0 CG1 5 
   1174 174.742 0.0 C 96 
   1351 59.865 0.0 CA 111 
   163 2.46 0.0 HG2 17 
   1220 1.459 0.0 HB2 101 
   1267 2.298 0.0 HE2 104 
   1062 0.724 0.0 HG11 88 
   1133 0.068 0.0 HD23 93 
   526 17.978 0.0 CB 44 
   1099 129.702 0.0 N 90 
   39 121.499 0.0 N 5 
   827 1.967 0.0 HB2 69 
   819 177.1 0.0 C 68 
   8 2.492 0.0 HG3 3 
   1240 24.762 0.0 CG 102 
   80 4.197 0.0 HA 10 
   765 65.999 0.0 CA 64 
   1015 0.451 0.0 HD11 84 
   438 1.863 0.0 HG12 39 
   1203 29.125 0.0 CG 98 
   854 8.778 0.0 H 71 
   932 26.477 0.0 CG 77 
   1238 29.357 0.0 CD 102 
   763 1.792 0.0 HG3 64 
   616 176.043 0.0 C 51 
   631 1.861 0.0 HG2 52 
   342 4.566 0.0 HA 31 
   722 6.914 0.0 HE1 60 
   943 0.692 0.0 HG11 79 
   1086 0.758 0.0 HD11 90 
   379 30.12 0.0 CB 33 
   1014 1.467 0.0 HB3 84 
   1050 114.682 0.0 N 86 
   1022 175.527 0.0 C 84 
   1090 0.902 0.0 HD22 90 
   495 61.316 0.0 CA 42 
   875 1.167 0.0 HG23 72 
   677 175.248 0.0 C 56 
   1018 0.647 0.0 HD21 84 
   1279 1.426 0.0 HB1 105 
   363 57.485 0.0 CA 32 
   486 0.685 0.0 HD11 42 
   272 3.847 0.0 HB3 25 
   719 2.799 0.0 HB3 60 
   1312 3.044 0.0 HD3 108 
   595 1.556 0.0 HD3 50 
   826 4.487 0.0 HA 69 
   576 0.712 0.0 HD11 49 
   92 42.02 0.0 CB 10 
   570 36.376 0.0 CG 48 
   542 2.79 0.0 HB3 46 
   501 9.031 0.0 H 43 
   949 171.397 0.0 C 79 
   390 4.039 0.0 HA 35 
   62 7.585 0.0 HD22 8 
   868 0.687 0.0 HD11 72 
   1147 0.88 0.0 HD12 94 
   1224 17.772 0.0 CB 101 
   410 115.94 0.0 N 36 
   1281 1.426 0.0 HB3 105 
   109 4.201 0.0 HA 12 
   894 3.907 0.0 HD3 74 
   952 21.455 0.0 CG1 79 
   858 2.203 0.0 HG2 71 
   940 8.683 0.0 H 79 
   344 1.8 0.0 HB3 31 
   862 32.946 0.0 CB 71 
   266 118.071 0.0 CE1 24 
   398 36.377 0.0 CG 35 
   1288 1.513 0.0 HB2 106 
   1049 33.733 0.0 CG 86 
   356 2.875 0.0 HB2 32 
   1213 4.108 0.0 HB2 100 
   320 3.731 0.0 HB2 29 
   269 7.403 0.0 H 25 
   1068 174.389 0.0 C 88 
   603 29.631 0.0 CD 50 
   136 3.912 0.0 HB2 15 
   823 27.438 0.0 CG 68 
   1162 2.044 0.0 HB2 95 
   201 0.832 0.0 HD11 20 
   555 174.209 0.0 C 47 
   808 23.38 0.0 CD2 67 
   689 1.708 0.0 HG2 57 
   524 176.981 0.0 C 44 
   393 2.263 0.0 HG2 35 
   179 29.811 0.0 CB 18 
   521 1.364 0.0 HB1 44 
   165 177.442 0.0 C 17 
   1101 3.198 0.0 HA 91 
   281 1.162 0.0 HG22 26 
   536 37.016 0.0 CB 45 
   980 176.311 0.0 C 81 
   975 6.984 0.0 HD1 81 
   774 2.196 0.0 HG3 65 
   977 6.86 0.0 HE1 81 
   1260 121.319 0.0 N 103 
   807 25.787 0.0 CD1 67 
   881 17.673 0.0 CG2 72 
   420 0.713 0.0 HG11 38 
   1186 55.877 0.0 CA 97 
   861 54.724 0.0 CA 71 
   1117 116.561 0.0 N 91 
   1294 30.476 0.0 CB 106 
   56 126.064 0.0 N 7 
   484 4.729 0.0 HA 42 
   978 6.86 0.0 HE2 81 
   1128 -0.102 0.0 HD11 93 
   121 1.401 0.0 HB3 13 
   855 4.692 0.0 HA 71 
   262 58.621 0.0 CA 24 
   910 8.418 0.0 H 76 
   723 6.914 0.0 HE2 60 
   1107 0.614 0.0 HG13 91 
   857 2.042 0.0 HB3 71 
   107 120.956 0.0 N 11 
   960 6.868 0.0 HD2 80 
   282 1.162 0.0 HG23 26 
   324 64.918 0.0 CB 29 
   216 4.037 0.0 HA 21 
   653 2.515 0.0 HB3 54 
   328 1.586 0.0 HB 30 
   1233 1.398 0.0 HG2 102 
   106 36.09 0.0 CG 11 
   387 61.518 0.0 CA 34 
   1219 1.459 0.0 HB1 101 
   202 0.832 0.0 HD12 20 
   462 21.236 0.0 CG1 40 
   1255 127.212 0.0 CD1 103 
   447 29.191 0.0 CG1 39 
   1077 3.766 0.0 HB3 89 
   44 174.496 0.0 C 6 
   847 174.815 0.0 C 70 
   1210 105.916 0.0 N 99 
   127 4.342 0.0 HA 14 
   18 2.199 0.0 HG2 4 
   491 0.921 0.0 HG21 42 
   552 3.068 0.0 HD3 47 
   137 3.912 0.0 HB3 15 
   750 1.15 0.0 HG21 63 
   1262 9.18 0.0 H 104 
   596 2.85 0.0 HE2 50 
   578 0.712 0.0 HD13 49 
   1296 114.241 0.0 N 106 
   1104 0.62 0.0 HD12 91 
   624 119.432 0.0 N 51 
   388 62.613 0.0 CB 34 
   161 2.001 0.0 HE2 17 
   918 1.608 0.0 HB2 77 
   211 25.394 0.0 CD1 20 
   433 4.323 0.0 HA 39 
   1187 28.806 0.0 CB 97 
   214 121.295 0.0 N 20 
   238 30.597 0.0 CB 22 
   203 0.832 0.0 HD13 20 
   760 3.713 0.0 HD2 64 
   815 3.22 0.0 HD2 68 
   715 99.63 0.0 N 59 
   974 2.775 0.0 HB3 81 
   1118 7.314 0.0 H 92 
   1043 1.238 0.0 HB3 86 
   849 42.252 0.0 CB 70 
   368 117.341 0.0 CE2 32 
   483 9.051 0.0 H 42 
   505 0.893 0.0 HD11 43 
   740 1.112 0.0 HB1 62 
   1331 176.976 0.0 C 109 
   1245 3.08 0.0 HB3 103 
   1188 43.281 0.0 CD 97 
   998 35.923 0.0 CG 82 
   835 118.394 0.0 N 69 
   905 3.917 0.0 HB3 75 
   273 172.134 0.0 C 25 
   884 4.521 0.0 HA 73 
   992 1.901 0.0 HB3 82 
   1075 4.745 0.0 HA 89 
   1004 1.317 0.0 HG22 83 
   1003 1.317 0.0 HG21 83 
   834 35.395 0.0 CG 69 
   612 7.186 0.0 HD2 51 
   288 9.148 0.0 H 27 
   1150 0.839 0.0 HD22 94 
   403 1.619 0.0 HB3 36 
   118 4.218 0.0 HA 13 
   900 50.653 0.0 CD 74 
   244 1.795 0.0 HB2 23 
   259 6.701 0.0 HE1 24 
   1302 7.911 0.0 HE1 107 
   838 1.325 0.0 HB 70 
   869 0.687 0.0 HD12 72 
   1136 58.032 0.0 CA 93 
   738 8.104 0.0 H 62 
   440 0.365 0.0 HG21 39 
   577 0.712 0.0 HD12 49 
   1089 0.902 0.0 HD21 90 
   1097 26.006 0.0 CD2 90 
   371 4.439 0.0 HA 33 
   480 130.657 0.0 CE2 41 
   508 0.797 0.0 HD21 43 
   1179 1.643 0.0 HB2 97 
   1012 4.131 0.0 HA 84 
   1208 171.528 0.0 C 99 
   1182 3.087 0.0 HD3 97 
   887 57.766 0.0 CA 73 
   85 0.86 0.0 HD13 10 
   36 32.906 0.0 CB 5 
   61 6.882 0.0 HD21 8 
   809 25.235 0.0 CG 67 
   920 0.842 0.0 HD11 77 
   989 7.466 0.0 H 82 
   1163 2.236 0.0 HB3 95 
   784 7.328 0.0 HE21 66 
   237 57.61 0.0 CA 22 
   457 0.737 0.0 HG22 40 
   668 2.211 0.0 HB2 56 
   197 8.034 0.0 H 20 
   54 53.151 0.0 CA 7 
   770 3.908 0.0 HA 65 
   1033 2.205 0.0 HG2 85 
   1144 1.93 0.0 HB2 94 
   753 58.845 0.0 CA 63 
   1071 21.209 0.0 CG1 88 
   372 1.712 0.0 HB2 33 
   991 1.901 0.0 HB2 82 
   475 56.064 0.0 CA 41 
   353 111.73 0.0 NE2 31 
   124 18.835 0.0 CB 13 
   1232 2.947 0.0 HE3 102 
   1304 26.649 0.0 CB 107 
   1164 2.524 0.0 HG2 95 
   1345 19.28 0.0 CB 110 
   757 3.427 0.0 HA 64 
   326 8.245 0.0 H 30 
   222 177.928 0.0 C 21 
   349 54.359 0.0 CA 31 
   1177 8.717 0.0 H 97 
   888 62.669 0.0 CB 73 
   430 18.467 0.0 CG2 38 
   660 3.288 0.0 HB2 55 
   437 0.827 0.0 HD13 39 
   1323 1.528 0.0 HB3 109 
   532 6.441 0.0 HD21 45 
   1336 27.041 0.0 CG 109 
   276 113.556 0.0 N 25 
   245 1.795 0.0 HB3 23 
   851 26.419 0.0 CG1 70 
   1321 4.315 0.0 HA 109 
   829 2.202 0.0 HG2 69 
   23 36.128 0.0 CG 4 
   628 1.678 0.0 HB3 52 
   283 174.498 0.0 C 26 
   384 3.925 0.0 HB2 34 
   497 13.076 0.0 CD1 42 
   571 120.823 0.0 N 48 
   310 1.564 0.0 HG2 28 
   664 42.87 0.0 CB 55 
   1165 2.274 0.0 HG3 95 
   424 0.574 0.0 HG22 38 
   469 7.257 0.0 HD1 41 
   53 178.059 0.0 C 7 
   232 3.132 0.0 HD2 22 
   1095 42.674 0.0 CB 90 
   1234 1.301 0.0 HG3 102 
   168 16.963 0.0 CE 17 
   19 2.199 0.0 HG3 4 
   280 1.162 0.0 HG21 26 
   936 4.045 0.0 HA3 78 
   885 4.148 0.0 HB2 73 
   1284 17.87 0.0 CB 105 
   199 1.86 0.0 HB2 20 
   928 54.378 0.0 CA 77 
   1289 1.513 0.0 HB3 106 
   1257 124.8 0.0 CH2 103 
   720 7.329 0.0 HD1 60 
   221 2.215 0.0 HG3 21 
   459 174.702 0.0 C 40 
   845 0.118 0.0 HG22 70 
   583 175.439 0.0 C 49 
   678 52.687 0.0 CA 56 
   1221 1.459 0.0 HB3 101 
   375 2.833 0.0 HD3 33 
   640 2.014 0.0 HB3 53 
   734 3.361 0.0 HA3 61 
   957 2.892 0.0 HB2 80 
   102 2.197 0.0 HG3 11 
   149 1.556 0.0 HG3 16 
   1320 8.467 0.0 H 109 
   1352 64.896 0.0 CB 111 
   70 1.998 0.0 HB2 9 
   779 114.841 0.0 N 65 
   783 1.925 0.0 HB3 66 
   435 0.827 0.0 HD11 39 
   1349 3.803 0.0 HB2 111 
   674 0.1 0.0 HD22 56 
   606 121.409 0.0 N 50 
   113 178.397 0.0 C 12 
   321 3.555 0.0 HB3 29 
   997 30.452 0.0 CB 82 
   79 8.06 0.0 H 10 
   511 1.668 0.0 HG 43 
   955 8.83 0.0 H 80 
   224 28.59 0.0 CB 21 
   832 55.752 0.0 CA 69 
   268 118.678 0.0 N 24 
   557 30.762 0.0 CB 47 
   1143 4.015 0.0 HA 94 
   824 116.991 0.0 N 68 
   684 7.214 0.0 H 57 
   1339 4.335 0.0 HA 110 
   125 122.326 0.0 N 13 
   931 23.53 0.0 CD2 77 
   574 1.727 0.0 HB2 49 
   463 21.935 0.0 CG2 40 
   97 8.147 0.0 H 11 
   817 1.801 0.0 HG2 68 
   523 1.364 0.0 HB3 44 
   305 4.445 0.0 HA 28 
   1319 26.852 0.0 CG 108 
   947 0.488 0.0 HG22 79 
   627 2.135 0.0 HB2 52 
   96 121.828 0.0 N 10 
   1325 1.06 0.0 HD12 109 
   1051 8.63 0.0 H 87 
   506 0.893 0.0 HD12 43 
   188 2.03 0.0 HE3 19 
   983 131.99 0.0 CD1 81 
   227 111.873 0.0 NE2 21 
   1027 26.393 0.0 CG 84 
   68 8.245 0.0 H 9 
   103 177.123 0.0 C 11 
   94 23.445 0.0 CD2 10 
   623 129.351 0.0 CZ 51 
   790 34.742 0.0 CG 66 
   1271 178.325 0.0 C 104 
   29 0.883 0.0 HG12 5 
   933 115.627 0.0 N 77 
   362 174.519 0.0 C 32 
   839 0.635 0.0 HD11 70 
   1041 4.768 0.0 HA 86 
   473 6.866 0.0 HZ 41 
   617 56.966 0.0 CA 51 
   643 2.087 0.0 HG2 53 
   22 29.994 0.0 CB 4 
   1017 0.451 0.0 HD13 84 
   1029 7.848 0.0 H 85 
   519 9.087 0.0 H 44 
   626 4.903 0.0 HA 52 
   167 31.857 0.0 CB 17 
   981 57.116 0.0 CA 81 
   889 125.865 0.0 N 73 
   51 1.354 0.0 HB2 7 
   1253 62.775 0.0 CA 103 
   1148 0.88 0.0 HD13 94 
   358 6.794 0.0 HD1 32 
   514 42.395 0.0 CB 43 
   354 9.231 0.0 H 32 
   1263 3.644 0.0 HA 104 
   182 7.963 0.0 H 19 
   587 23.991 0.0 CD2 49 
   814 1.811 0.0 HB3 68 
   71 1.998 0.0 HB3 9 
   1324 1.06 0.0 HD11 109 
   629 3.283 0.0 HD2 52 
   1045 2.116 0.0 HG3 86 
   1145 1.482 0.0 HB3 94 
   543 175.512 0.0 C 46 
   970 126.853 0.0 N 80 
   971 8.68 0.0 H 81 
   1079 56.08 0.0 CA 89 
   600 175.125 0.0 C 50 
   123 53.303 0.0 CA 13 
   950 59.293 0.0 CA 79 
   1060 4.191 0.0 HA 88 
   38 20.453 0.0 CG2 5 
   564 1.672 0.0 HB3 48 
   743 177.761 0.0 C 62 
   916 7.499 0.0 H 77 
   1184 1.434 0.0 HG3 97 
   231 1.794 0.0 HB3 22 
   1244 3.125 0.0 HB2 103 
   1274 15.91 0.0 CE 104 
   1070 35.256 0.0 CB 88 
   181 119.875 0.0 N 18 
   1002 4.209 0.0 HB 83 
   1217 116.809 0.0 N 100 
   277 7.753 0.0 H 26 
   426 173.629 0.0 C 38 
   956 5.161 0.0 HA 80 
   686 1.24 0.0 HB2 57 
   630 3.332 0.0 HD3 52 
   392 1.95 0.0 HB3 35 
   1290 2.19 0.0 HG2 106 
   251 35.763 0.0 CG 23 
   682 26.691 0.0 CG 56 
   820 58.094 0.0 CA 68 
   175 2.198 0.0 HG2 18 
   234 1.658 0.0 HG2 22 
   191 177.964 0.0 C 19 
   33 0.884 0.0 HG23 5 
   639 2.014 0.0 HB2 53 
   1183 1.544 0.0 HG2 97 
   1273 33.268 0.0 CB 104 
   478 132.608 0.0 CD2 41 
   131 59.538 0.0 CA 14 
   303 119.999 0.0 N 27 
   77 36.292 0.0 CG 9 
   594 1.556 0.0 HD2 50 
   550 1.794 0.0 HB3 47 
   741 1.112 0.0 HB2 62 
   1032 2.265 0.0 HB3 85 
   1100 7.464 0.0 H 91 
   1138 24.399 0.0 CD1 93 
   25 8.177 0.0 H 5 
   1276 117.096 0.0 N 104 
   964 55.493 0.0 CA 80 
   291 1.158 0.0 HB3 27 
   385 3.839 0.0 HB3 34 
   110 1.37 0.0 HB1 12 
   1072 22.104 0.0 CG2 88 
   1142 8.317 0.0 H 94 
   813 1.901 0.0 HB2 68 
   428 35.509 0.0 CB 38 
   683 118.239 0.0 N 56 
   962 6.559 0.0 HE2 80 
   922 0.842 0.0 HD13 77 
   667 4.636 0.0 HA 56 
   615 7.149 0.0 HZ 51 
   1218 4.02 0.0 HA 101 
   518 128.415 0.0 N 43 
   1229 1.65 0.0 HD2 102 
   842 1.246 0.0 HG12 70 
   641 3.873 0.0 HD2 53 
   525 54.489 0.0 CA 44 
   1076 4.014 0.0 HB2 89 
   961 6.559 0.0 HE1 80 
   1329 1.014 0.0 HD23 109 
   573 4.681 0.0 HA 49 
   74 177.247 0.0 C 9 
   994 2.169 0.0 HG3 82 
   1309 2.209 0.0 HB2 108 
   703 20.052 0.0 CB 58 
   172 4.121 0.0 HA 18 
   1039 114.551 0.0 N 85 
   49 4.212 0.0 HA 7 
   882 129.755 0.0 N 72 
   1058 121.904 0.0 N 87 
   139 59.384 0.0 CA 15 
   1141 120.762 0.0 N 93 
   1243 4.036 0.0 HA 103 
   531 2.661 0.0 HB3 45 
   529 4.564 0.0 HA 45 
   863 35.813 0.0 CG 71 
   985 130.512 0.0 CE1 81 
   850 14.445 0.0 CD1 70 
   307 1.446 0.0 HB3 28 
   721 7.329 0.0 HD2 60 
   365 133.168 0.0 CD1 32 
   767 49.993 0.0 CD 64 
   1209 45.495 0.0 CA 99 
   730 118.264 0.0 CE2 60 
   17 1.884 0.0 HB3 4 
   1146 0.88 0.0 HD11 94 
   1131 0.068 0.0 HD21 93 
   173 2.003 0.0 HB2 18 
   380 43.753 0.0 CD 33 
   705 6.395 0.0 H 59 
   676 1.245 0.0 HG 56 
   460 61.243 0.0 CA 40 
   745 20.267 0.0 CB 62 
   1038 37.004 0.0 CG 85 
   445 39.072 0.0 CB 39 
   537 114.155 0.0 N 45 
   828 1.967 0.0 HB3 69 
   1114 13.047 0.0 CD1 91 
   1092 1.466 0.0 HG 90 
   141 117.597 0.0 N 15 
   954 116.911 0.0 N 79 
   386 176.483 0.0 C 34 
   1153 178.947 0.0 C 94 
   801 0.36 0.0 HD22 67 
   1005 1.317 0.0 HG23 83 
   572 9.364 0.0 H 49 
   898 65.658 0.0 CA 74 
   522 1.364 0.0 HB2 44 
   622 131.675 0.0 CE2 51 
   836 7.957 0.0 H 70 
   470 7.257 0.0 HD2 41 
   359 6.794 0.0 HD2 32 
   177 176.883 0.0 C 18 
   671 0.563 0.0 HD12 56 
   489 1.467 0.0 HG12 42 
   257 7.074 0.0 HD1 24 
   1222 181.335 0.0 C 101 
   1194 2.763 0.0 HB3 98 
   669 1.046 0.0 HB3 56 
   1023 54.419 0.0 CA 84 
   945 0.692 0.0 HG13 79 
   636 27.315 0.0 CG 52 
   558 43.885 0.0 CD 47 
   290 1.67 0.0 HB2 27 
   84 0.86 0.0 HD12 10 
   407 56.237 0.0 CA 36 
   66 116.954 0.0 N 8 
   793 7.132 0.0 H 67 
   115 18.829 0.0 CB 12 
   382 130.005 0.0 N 33 
   292 0.75 0.0 HD11 27 
   253 8.087 0.0 H 24 
   500 123.192 0.0 N 42 
   169 32.011 0.0 CG 17 
   300 43.838 0.0 CB 27 
   1024 42.208 0.0 CB 84 
   825 7.852 0.0 H 69 
   704 116.752 0.0 N 58 
   874 1.167 0.0 HG22 72 
   856 2.042 0.0 HB2 71 
   6 2.037 0.0 HE3 3 
   563 1.791 0.0 HB2 48 
   1200 56.621 0.0 CA 98 
   1227 1.826 0.0 HB2 102 
   186 2.03 0.0 HE1 19 
   608 4.974 0.0 HA 51 
   158 2.044 0.0 HB2 17 
   672 0.563 0.0 HD13 56 
   413 3.768 0.0 HA3 37 
   692 28.159 0.0 CB 57 
   969 117.499 0.0 CE2 80 
   432 9.458 0.0 H 39 
   352 122.553 0.0 N 31 
   451 4.77 0.0 HA 40 
   732 8.751 0.0 H 61 
   133 114.553 0.0 N 14 
   1139 22.143 0.0 CD2 93 
   151 57.826 0.0 CA 16 
   728 133.724 0.0 CD2 60 
   425 0.574 0.0 HG23 38 
   742 1.112 0.0 HB3 62 
   2 2.029 0.0 HB2 3 
   990 3.582 0.0 HA 82 
   1135 174.204 0.0 C 93 
   274 58.413 0.0 CA 25 
   171 8.19 0.0 H 18 
   455 0.769 0.0 HG13 40 
   1268 2.298 0.0 HE3 104 
   414 174.303 0.0 C 37 
   502 5.108 0.0 HA 43 
   381 26.709 0.0 CG 33 
   146 3.165 0.0 HD2 16 
   904 3.917 0.0 HB2 75 
   246 1.981 0.0 HG2 23 
   226 118.077 0.0 N 21 
   76 29.741 0.0 CB 9 
   927 176.209 0.0 C 77 
   895 2.112 0.0 HG2 74 
   607 8.847 0.0 H 51 
   924 0.824 0.0 HD22 77 
   724 178.019 0.0 C 60 
   1338 8.637 0.0 H 110 
   240 27.348 0.0 CG 22 
   786 2.098 0.0 HG3 66 
   1205 7.684 0.0 H 99 
   1335 24.143 0.0 CD2 109 
   449 122.144 0.0 N 39 
   351 33.242 0.0 CG 31 
   1353 121.137 0.0 N 111 
   176 2.198 0.0 HG3 18 
   510 0.797 0.0 HD23 43 
   711 173.265 0.0 C 59 
   833 28.69 0.0 CB 69 
   953 22.452 0.0 CG2 79 
   1278 3.948 0.0 HA 105 
   731 124.377 0.0 N 60 
   1318 50.22 0.0 CD 108 
   208 178.43 0.0 C 20 
   771 1.946 0.0 HB2 65 
   41 4.402 0.0 HA 6 
   662 175.935 0.0 C 55 
   499 17.509 0.0 CG2 42 
   1031 2.094 0.0 HB2 85 
   746 123.335 0.0 N 62 
   465 9.605 0.0 H 41 
   582 1.602 0.0 HG 49 
   1176 107.323 0.0 N 96 
   1337 122.868 0.0 N 109 
   591 5.454 0.0 HA 50 
   1028 116.818 0.0 N 84 
   482 128.169 0.0 N 41 
   883 8.586 0.0 H 73 
   973 3.113 0.0 HB2 81 
   1067 0.83 0.0 HG23 88 
   404 2.193 0.0 HG2 36 
   778 36.644 0.0 CG 65 
   912 3.67 0.0 HA3 76 
   185 2.046 0.0 HB3 19 
   296 0.897 0.0 HD22 27 
   886 3.722 0.0 HB3 73 
   1193 1.534 0.0 HB2 98 
   135 4.394 0.0 HA 15 
   897 177.861 0.0 C 74 
   192 57.55 0.0 CA 19 
   1122 47.672 0.0 CA 92 
   896 2.031 0.0 HG3 74 
   60 2.712 0.0 HB3 8 
   134 8.205 0.0 H 15 
   1280 1.426 0.0 HB2 105 
   1228 1.689 0.0 HB3 102 
   1283 54.605 0.0 CA 105 
   1314 1.807 0.0 HG3 108 
   194 17.023 0.0 CE 19 
   867 1.671 0.0 HB 72 
   104 57.085 0.0 CA 11 
   448 19.58 0.0 CG2 39 
   270 4.133 0.0 HA 25 
   1328 1.014 0.0 HD22 109 
   373 1.546 0.0 HB3 33 
   902 7.893 0.0 H 75 
   1109 0.555 0.0 HG22 91 
   242 7.95 0.0 H 23 
   487 0.685 0.0 HD12 42 
   156 8.14 0.0 H 17 
   831 174.904 0.0 C 69 
   454 0.769 0.0 HG12 40 
   117 8.142 0.0 H 13 
   412 3.965 0.0 HA2 37 
   278 4.43 0.0 HA 26 
   154 27.325 0.0 CG 16 
   948 0.488 0.0 HG23 79 
   972 4.47 0.0 HA 81 
   1169 36.454 0.0 CG 95 
   1295 36.323 0.0 CG 106 
   638 4.146 0.0 HA 53 
   937 170.501 0.0 C 78 
   1226 3.979 0.0 HA 102 
   700 0.928 0.0 HB3 58 
   1197 1.615 0.0 HG2 98 
   170 119.345 0.0 N 17 
   891 2.382 0.0 HB2 74 
   512 178.81 0.0 C 43 
   642 4.012 0.0 HD3 53 
   111 1.37 0.0 HB2 12 
   1286 6.969 0.0 H 106 
   1196 3.595 0.0 HD3 98 
   464 126.626 0.0 N 40 
   585 44.054 0.0 CB 49 
   963 175.006 0.0 C 80 
   1042 1.871 0.0 HB2 86 
   394 2.204 0.0 HG3 35 
   1078 175.634 0.0 C 89 
   1151 0.839 0.0 HD23 94 
   490 0.882 0.0 HG13 42 
   1056 52.907 0.0 CA 87 
   1310 1.86 0.0 HB3 108 
   30 0.883 0.0 HG13 5 
   562 5.281 0.0 HA 48 
   496 38.247 0.0 CB 42 
   89 1.587 0.0 HG 10 
   20 176.331 0.0 C 4 
   987 127.489 0.0 CZ 81 
   1106 1.169 0.0 HG12 91 
   710 -0.209 0.0 HG23 59 
   566 1.94 0.0 HG3 48 
   634 28.313 0.0 CB 52 
   503 2.221 0.0 HB2 43 
   1297 7.064 0.0 H 107 
   1236 59.169 0.0 CA 102 
   73 2.204 0.0 HG3 9 
   1235 177.978 0.0 C 102 
   930 26.039 0.0 CD1 77 
   859 2.053 0.0 HG3 71 
   1021 1.476 0.0 HG 84 
   1216 64.391 0.0 CB 100 
   233 3.132 0.0 HD3 22 
   45 58.096 0.0 CA 6 
   1199 175.018 0.0 C 98 
   1120 3.681 0.0 HA3 92 
   15 4.276 0.0 HA 4 
   554 1.442 0.0 HG3 47 
   873 1.167 0.0 HG21 72 
   513 54.59 0.0 CA 43 
   467 3.304 0.0 HB2 41 
   1102 1.437 0.0 HB 91 
   122 178.794 0.0 C 13 
   772 1.946 0.0 HB3 65 
   754 67.952 0.0 CB 63 
   55 19.004 0.0 CB 7 
