   925 0.824 0.0 HD23 77 
   442 0.365 0.0 HG23 39 
   1260 121.319 0.0 N 103 
   142 8.148 0.0 H 16 
   1197 1.615 0.0 HG2 98 
   1093 177.109 0.0 C 90 
   1102 1.437 0.0 HB 91 
   696 8.306 0.0 H 58 
   860 175.775 0.0 C 71 
   1126 1.663 0.0 HB2 93 
   438 1.863 0.0 HG12 39 
   1228 1.689 0.0 HB3 102 
   1023 54.419 0.0 CA 84 
   1257 124.8 0.0 CH2 103 
   172 4.121 0.0 HA 18 
   241 119.729 0.0 N 22 
   728 133.724 0.0 CD2 60 
   277 7.753 0.0 H 26 
   188 2.03 0.0 HE3 19 
   757 3.427 0.0 HA 64 
   649 28.552 0.0 CG 53 
   748 4.522 0.0 HA 63 
   1191 7.999 0.0 H 98 
   419 1.757 0.0 HB 38 
   1069 61.447 0.0 CA 88 
   391 1.95 0.0 HB2 35 
   1250 6.476 0.0 HZ2 103 
   1068 174.389 0.0 C 88 
   1152 1.717 0.0 HG 94 
   407 56.237 0.0 CA 36 
   461 33.244 0.0 CB 40 
   1167 56.089 0.0 CA 95 
   1271 178.325 0.0 C 104 
   234 1.658 0.0 HG2 22 
   1120 3.681 0.0 HA3 92 
   260 6.701 0.0 HE2 24 
   53 178.059 0.0 C 7 
   186 2.03 0.0 HE1 19 
   934 7.647 0.0 H 78 
   1335 24.143 0.0 CD2 109 
   1300 1.173 0.0 HB3 107 
   132 63.477 0.0 CB 14 
   1207 3.902 0.0 HA3 99 
   692 28.159 0.0 CB 57 
   1307 117.066 0.0 N 107 
   861 54.724 0.0 CA 71 
   845 0.118 0.0 HG22 70 
   528 7.355 0.0 H 45 
   852 18.6 0.0 CG2 70 
   631 1.861 0.0 HG2 52 
   1205 7.684 0.0 H 99 
   471 7.087 0.0 HE1 41 
   1089 0.902 0.0 HD21 90 
   702 54.433 0.0 CA 58 
   923 0.824 0.0 HD21 77 
   612 7.186 0.0 HD2 51 
   1337 122.868 0.0 N 109 
   1231 2.947 0.0 HE2 102 
   1277 7.659 0.0 H 105 
   81 1.659 0.0 HB2 10 
   994 2.169 0.0 HG3 82 
   945 0.692 0.0 HG13 79 
   965 41.026 0.0 CB 80 
   311 1.421 0.0 HG3 28 
   883 8.586 0.0 H 73 
   1108 0.555 0.0 HG21 91 
   1237 32.751 0.0 CB 102 
   1180 1.643 0.0 HB3 97 
   14 8.628 0.0 H 4 
   445 39.072 0.0 CB 39 
   1327 1.014 0.0 HD21 109 
   1172 4.236 0.0 HA2 96 
   492 0.921 0.0 HG22 42 
   833 28.69 0.0 CB 69 
   473 6.866 0.0 HZ 41 
   739 4.298 0.0 HA 62 
   822 43.453 0.0 CD 68 
   204 0.854 0.0 HD21 20 
   738 8.104 0.0 H 62 
   766 31.923 0.0 CB 64 
   327 4.941 0.0 HA 30 
   288 9.148 0.0 H 27 
   367 117.341 0.0 CE1 32 
   246 1.981 0.0 HG2 23 
   799 -0.04 0.0 HD13 67 
   292 0.75 0.0 HD11 27 
   1039 114.551 0.0 N 85 
   683 118.239 0.0 N 56 
   947 0.488 0.0 HG22 79 
   760 3.713 0.0 HD2 64 
   1219 1.459 0.0 HB1 101 
   633 55.616 0.0 CA 52 
   800 0.36 0.0 HD21 67 
   1098 26.895 0.0 CG 90 
   723 6.914 0.0 HE2 60 
   705 6.395 0.0 H 59 
   1048 34.491 0.0 CB 86 
   60 2.712 0.0 HB3 8 
   1044 2.428 0.0 HG2 86 
   1054 2.509 0.0 HB3 87 
   772 1.946 0.0 HB3 65 
   278 4.43 0.0 HA 26 
   655 55.185 0.0 CA 54 
   741 1.112 0.0 HB2 62 
   73 2.204 0.0 HG3 9 
   543 175.512 0.0 C 46 
   80 4.197 0.0 HA 10 
   1141 120.762 0.0 N 93 
   90 178.235 0.0 C 10 
   908 64.358 0.0 CB 75 
   520 3.968 0.0 HA 44 
   1162 2.044 0.0 HB2 95 
   743 177.761 0.0 C 62 
   1025 25.665 0.0 CD1 84 
   458 0.737 0.0 HG23 40 
   316 26.623 0.0 CG 28 
   8 2.492 0.0 HG3 3 
   562 5.281 0.0 HA 48 
   341 8.341 0.0 H 31 
   694 124.612 0.0 N 57 
   426 173.629 0.0 C 38 
   755 21.938 0.0 CG2 63 
   892 1.915 0.0 HB3 74 
   102 2.197 0.0 HG3 11 
   946 0.488 0.0 HG21 79 
   396 59.18 0.0 CA 35 
   307 1.446 0.0 HB3 28 
   1224 17.772 0.0 CB 101 
   716 7.089 0.0 H 60 
   160 2.001 0.0 HE1 17 
   1285 120.951 0.0 N 105 
   24 122.855 0.0 N 4 
   100 1.977 0.0 HB3 11 
   497 13.076 0.0 CD1 42 
   94 23.445 0.0 CD2 10 
   913 174.359 0.0 C 76 
   242 7.95 0.0 H 23 
   494 176.006 0.0 C 42 
   999 124.087 0.0 N 82 
   287 104.093 0.0 N 26 
   1124 7.615 0.0 H 93 
   1259 121.776 0.0 CZ3 103 
   392 1.95 0.0 HB3 35 
   985 130.512 0.0 CE1 81 
   251 35.763 0.0 CG 23 
   479 130.657 0.0 CE1 41 
   524 176.981 0.0 C 44 
   42 3.879 0.0 HB2 6 
   207 1.708 0.0 HG 20 
   704 116.752 0.0 N 58 
   310 1.564 0.0 HG2 28 
   412 3.965 0.0 HA2 37 
   1286 6.969 0.0 H 106 
   926 1.474 0.0 HG 77 
   664 42.87 0.0 CB 55 
   168 16.963 0.0 CE 17 
   811 7.214 0.0 H 68 
   1066 0.83 0.0 HG22 88 
   559 27.613 0.0 CG 47 
   1010 115.091 0.0 N 83 
   131 59.538 0.0 CA 14 
   177 176.883 0.0 C 18 
   1139 22.143 0.0 CD2 93 
   337 34.762 0.0 CB 30 
   610 2.552 0.0 HB3 51 
   429 21.782 0.0 CG1 38 
   959 6.868 0.0 HD1 80 
   95 26.946 0.0 CG 10 
   1151 0.839 0.0 HD23 94 
   324 64.918 0.0 CB 29 
   849 42.252 0.0 CB 70 
   970 126.853 0.0 N 80 
   76 29.741 0.0 CB 9 
   887 57.766 0.0 CA 73 
   1322 1.658 0.0 HB2 109 
   1194 2.763 0.0 HB3 98 
   896 2.031 0.0 HG3 74 
   1050 114.682 0.0 N 86 
   740 1.112 0.0 HB1 62 
   1341 1.398 0.0 HB2 110 
   630 3.332 0.0 HD3 52 
   932 26.477 0.0 CG 77 
   515 25.078 0.0 CD1 43 
   88 0.81 0.0 HD23 10 
   289 4.249 0.0 HA 27 
   1310 1.86 0.0 HB3 108 
   596 2.85 0.0 HE2 50 
   995 178.206 0.0 C 82 
   1284 17.87 0.0 CB 105 
   670 0.563 0.0 HD11 56 
   1083 3.798 0.0 HA 90 
   326 8.245 0.0 H 30 
   598 1.28 0.0 HG2 50 
   61 6.882 0.0 HD21 8 
   452 1.871 0.0 HB 40 
   529 4.564 0.0 HA 45 
   238 30.597 0.0 CB 22 
   504 1.708 0.0 HB3 43 
   194 17.023 0.0 CE 19 
   837 4.508 0.0 HA 70 
   1038 37.004 0.0 CG 85 
   1294 30.476 0.0 CB 106 
   768 28.234 0.0 CG 64 
   750 1.15 0.0 HG21 63 
   658 8.201 0.0 H 55 
   812 4.191 0.0 HA 68 
   343 1.96 0.0 HB2 31 
   1001 3.987 0.0 HA 83 
   1189 27.707 0.0 CG 97 
   433 4.323 0.0 HA 39 
   1135 174.204 0.0 C 93 
   120 1.401 0.0 HB2 13 
   496 38.247 0.0 CB 42 
   349 54.359 0.0 CA 31 
   109 4.201 0.0 HA 12 
   331 0.252 0.0 HG13 30 
   377 1.378 0.0 HG3 33 
   874 1.167 0.0 HG22 72 
   637 125.064 0.0 N 52 
   943 0.692 0.0 HG11 79 
   536 37.016 0.0 CB 45 
   793 7.132 0.0 H 67 
   780 7.728 0.0 H 66 
   667 4.636 0.0 HA 56 
   538 106.735 0.0 ND2 45 
   1040 6.636 0.0 H 86 
   1188 43.281 0.0 CD 97 
   276 113.556 0.0 N 25 
   960 6.868 0.0 HD2 80 
   662 175.935 0.0 C 55 
   1280 1.426 0.0 HB2 105 
   1248 6.803 0.0 HE3 103 
   807 25.787 0.0 CD1 67 
   443 174.355 0.0 C 39 
   677 175.248 0.0 C 56 
   785 2.378 0.0 HG2 66 
   1117 116.561 0.0 N 91 
   752 1.15 0.0 HG23 63 
   55 19.004 0.0 CB 7 
   141 117.597 0.0 N 15 
   751 1.15 0.0 HG22 63 
   17 1.884 0.0 HB3 4 
   1176 107.323 0.0 N 96 
   627 2.135 0.0 HB2 52 
   259 6.701 0.0 HE1 24 
   1028 116.818 0.0 N 84 
   640 2.014 0.0 HB3 53 
   713 68.111 0.0 CB 59 
   1200 56.621 0.0 CA 98 
   1306 134.424 0.0 CE1 107 
   414 174.303 0.0 C 37 
   211 25.394 0.0 CD1 20 
   303 119.999 0.0 N 27 
   734 3.361 0.0 HA3 61 
   257 7.074 0.0 HD1 24 
   558 43.885 0.0 CD 47 
   962 6.559 0.0 HE2 80 
   352 122.553 0.0 N 31 
   247 1.908 0.0 HG3 23 
   413 3.768 0.0 HA3 37 
   935 4.601 0.0 HA2 78 
   357 2.697 0.0 HB3 32 
   512 178.81 0.0 C 43 
   190 2.638 0.0 HG3 19 
   165 177.442 0.0 C 17 
   1182 3.087 0.0 HD3 97 
   509 0.797 0.0 HD22 43 
   975 6.984 0.0 HD1 81 
   225 33.973 0.0 CG 21 
   544 56.917 0.0 CA 46 
   1267 2.298 0.0 HE2 104 
   1077 3.766 0.0 HB3 89 
   691 59.107 0.0 CA 57 
   1296 114.241 0.0 N 106 
   1121 176.157 0.0 C 92 
   489 1.467 0.0 HG12 42 
   201 0.832 0.0 HD11 20 
   1213 4.108 0.0 HB2 100 
   1264 2.067 0.0 HB2 104 
   620 131.545 0.0 CD2 51 
   329 0.252 0.0 HG11 30 
   920 0.842 0.0 HD11 77 
   271 4.022 0.0 HB2 25 
   86 0.81 0.0 HD21 10 
   465 9.605 0.0 H 41 
   516 24.929 0.0 CD2 43 
   1160 7.738 0.0 H 95 
   106 36.09 0.0 CG 11 
   122 178.794 0.0 C 13 
   1142 8.317 0.0 H 94 
   1059 9.051 0.0 H 88 
   653 2.515 0.0 HB3 54 
   1110 0.555 0.0 HG23 91 
   1045 2.116 0.0 HG3 86 
   75 57.507 0.0 CA 9 
   370 8.36 0.0 H 33 
   712 59.886 0.0 CA 59 
   530 3.252 0.0 HB2 45 
   1223 56.234 0.0 CA 101 
   1061 1.943 0.0 HB 88 
   52 1.354 0.0 HB3 7 
   1085 1.073 0.0 HB3 90 
   209 56.978 0.0 CA 20 
   221 2.215 0.0 HG3 21 
   1123 103.835 0.0 N 92 
   1290 2.19 0.0 HG2 106 
   961 6.559 0.0 HE1 80 
   1252 181.021 0.0 C 103 
   1243 4.036 0.0 HA 103 
   89 1.587 0.0 HG 10 
   921 0.842 0.0 HD12 77 
   486 0.685 0.0 HD11 42 
   1302 7.911 0.0 HE1 107 
   480 130.657 0.0 CE2 41 
   942 1.744 0.0 HB 79 
   1266 2.298 0.0 HE1 104 
   333 0.674 0.0 HG22 30 
   293 0.75 0.0 HD12 27 
   1196 3.595 0.0 HD3 98 
   851 26.419 0.0 CG1 70 
   1143 4.015 0.0 HA 94 
   125 122.326 0.0 N 13 
   423 0.574 0.0 HG21 38 
   23 36.128 0.0 CG 4 
   308 3.145 0.0 HD2 28 
   555 174.209 0.0 C 47 
   823 27.438 0.0 CG 68 
   954 116.911 0.0 N 79 
   1303 53.158 0.0 CA 107 
   771 1.946 0.0 HB2 65 
   11 32.91 0.0 CB 3 
   222 177.928 0.0 C 21 
   537 114.155 0.0 N 45 
   258 7.074 0.0 HD2 24 
   298 175.89 0.0 C 27 
   1133 0.068 0.0 HD23 93 
   893 3.803 0.0 HD2 74 
   466 4.852 0.0 HA 41 
   879 13.45 0.0 CD1 72 
   183 4.2 0.0 HA 19 
   314 32.647 0.0 CB 28 
   1238 29.357 0.0 CD 102 
   839 0.635 0.0 HD11 70 
   981 57.116 0.0 CA 81 
   675 0.1 0.0 HD23 56 
   511 1.668 0.0 HG 43 
   1158 26.897 0.0 CG 94 
   988 126.963 0.0 N 81 
   900 50.653 0.0 CD 74 
   635 43.598 0.0 CD 52 
   493 0.921 0.0 HG23 42 
   1161 4.384 0.0 HA 95 
   101 2.227 0.0 HG2 11 
   216 4.037 0.0 HA 21 
   1256 118.379 0.0 CE3 103 
   1350 3.803 0.0 HB3 111 
   99 1.977 0.0 HB2 11 
   264 132.98 0.0 CD1 24 
   46 64.02 0.0 CB 6 
   570 36.376 0.0 CG 48 
   1034 2.094 0.0 HG3 85 
   248 176.858 0.0 C 23 
   1114 13.047 0.0 CD1 91 
   668 2.211 0.0 HB2 56 
   564 1.672 0.0 HB3 48 
   698 0.928 0.0 HB1 58 
   1292 174.911 0.0 C 106 
   110 1.37 0.0 HB1 12 
   282 1.162 0.0 HG23 26 
   1149 0.839 0.0 HD21 94 
   873 1.167 0.0 HG21 72 
   641 3.873 0.0 HD2 53 
   91 56.126 0.0 CA 10 
   950 59.293 0.0 CA 79 
   30 0.883 0.0 HG13 5 
   781 4.059 0.0 HA 66 
   372 1.712 0.0 HB2 33 
   431 105.549 0.0 N 38 
   230 1.794 0.0 HB2 22 
   715 99.63 0.0 N 59 
   796 1.216 0.0 HB3 67 
   1348 4.214 0.0 HA 111 
   459 174.702 0.0 C 40 
   371 4.439 0.0 HA 33 
   1349 3.803 0.0 HB2 111 
   652 2.966 0.0 HB2 54 
   977 6.86 0.0 HE1 81 
   835 118.394 0.0 N 69 
   319 4.528 0.0 HA 29 
   1338 8.637 0.0 H 110 
   1263 3.644 0.0 HA 104 
   1007 65.351 0.0 CA 83 
   1131 0.068 0.0 HD21 93 
   656 39.184 0.0 CB 54 
   1035 175.01 0.0 C 85 
   654 175.841 0.0 C 54 
   1177 8.717 0.0 H 97 
   882 129.755 0.0 N 72 
   72 2.204 0.0 HG2 9 
   759 1.816 0.0 HB3 64 
   1119 3.827 0.0 HA2 92 
   968 117.499 0.0 CE1 80 
   499 17.509 0.0 CG2 42 
   919 1.608 0.0 HB3 77 
   831 174.904 0.0 C 69 
   826 4.487 0.0 HA 69 
   25 8.177 0.0 H 5 
   13 31.901 0.0 CG 3 
   294 0.75 0.0 HD13 27 
   112 1.37 0.0 HB3 12 
   936 4.045 0.0 HA3 78 
   256 2.791 0.0 HB3 24 
   374 3.051 0.0 HD2 33 
   736 45.0 0.0 CA 61 
   581 0.789 0.0 HD23 49 
   237 57.61 0.0 CA 22 
   1324 1.06 0.0 HD11 109 
   514 42.395 0.0 CB 43 
   339 23.077 0.0 CG2 30 
   805 53.307 0.0 CA 67 
   118 4.218 0.0 HA 13 
   953 22.452 0.0 CG2 79 
   890 4.309 0.0 HA 74 
   1022 175.527 0.0 C 84 
   33 0.884 0.0 HG23 5 
   1043 1.238 0.0 HB3 86 
   1047 54.406 0.0 CA 86 
   855 4.692 0.0 HA 71 
   1016 0.451 0.0 HD12 84 
   267 118.071 0.0 CE2 24 
   273 172.134 0.0 C 25 
   67 112.954 0.0 ND2 8 
   963 175.006 0.0 C 80 
   526 17.978 0.0 CB 44 
   323 57.62 0.0 CA 29 
   986 130.512 0.0 CE2 81 
   553 1.653 0.0 HG2 47 
   597 2.649 0.0 HE3 50 
   632 1.861 0.0 HG3 52 
   317 123.653 0.0 N 28 
   503 2.221 0.0 HB2 43 
   263 38.578 0.0 CB 24 
   159 2.044 0.0 HB3 17 
   410 115.94 0.0 N 36 
   462 21.236 0.0 CG1 40 
   1298 4.435 0.0 HA 107 
   1063 0.724 0.0 HG12 88 
   56 126.064 0.0 N 7 
   199 1.86 0.0 HB2 20 
   1323 1.528 0.0 HB3 109 
   1215 58.114 0.0 CA 100 
   910 8.418 0.0 H 76 
   747 8.206 0.0 H 63 
   710 -0.209 0.0 HG23 59 
   136 3.912 0.0 HB2 15 
   1113 37.084 0.0 CB 91 
   556 57.292 0.0 CA 47 
   356 2.875 0.0 HB2 32 
   191 177.964 0.0 C 19 
   105 29.983 0.0 CB 11 
   281 1.162 0.0 HG22 26 
   901 27.83 0.0 CG 74 
   182 7.963 0.0 H 19 
   1181 3.087 0.0 HD2 97 
   286 22.829 0.0 CG2 26 
   815 3.22 0.0 HD2 68 
   476 39.031 0.0 CB 41 
   210 42.252 0.0 CB 20 
   1127 1.079 0.0 HB3 93 
   1253 62.775 0.0 CA 103 
   952 21.455 0.0 CG1 79 
   834 35.395 0.0 CG 69 
   754 67.952 0.0 CB 63 
   876 175.825 0.0 C 72 
   345 7.418 0.0 HE21 31 
   843 0.613 0.0 HG13 70 
   1313 1.807 0.0 HG2 108 
   49 4.212 0.0 HA 7 
   1154 57.332 0.0 CA 94 
   360 6.319 0.0 HE1 32 
   1088 0.758 0.0 HD13 90 
   850 14.445 0.0 CD1 70 
   1347 7.888 0.0 H 111 
   884 4.521 0.0 HA 73 
   185 2.046 0.0 HB3 19 
   533 7.365 0.0 HD22 45 
   469 7.257 0.0 HD1 41 
   1103 0.62 0.0 HD11 91 
   1297 7.064 0.0 H 107 
   1005 1.317 0.0 HG23 83 
   285 72.209 0.0 CB 26 
   123 53.303 0.0 CA 13 
   547 7.703 0.0 H 47 
   1109 0.555 0.0 HG22 91 
   1216 64.391 0.0 CB 100 
   829 2.202 0.0 HG2 69 
   701 177.612 0.0 C 58 
   1129 -0.102 0.0 HD12 93 
   929 42.125 0.0 CB 77 
   1 4.425 0.0 HA 3 
   148 1.556 0.0 HG2 16 
   894 3.907 0.0 HD3 74 
   375 2.833 0.0 HD3 33 
   761 3.801 0.0 HD3 64 
   64 53.841 0.0 CA 8 
   891 2.382 0.0 HB2 74 
   820 58.094 0.0 CA 68 
   878 38.256 0.0 CB 72 
   93 24.876 0.0 CD1 10 
   1201 31.248 0.0 CB 98 
   720 7.329 0.0 HD1 60 
   312 176.07 0.0 C 28 
   315 43.794 0.0 CD 28 
   770 3.908 0.0 HA 65 
   1021 1.476 0.0 HG 84 
   138 175.478 0.0 C 15 
   1192 3.921 0.0 HA 98 
   782 2.243 0.0 HB2 66 
   179 29.811 0.0 CB 18 
   1019 0.647 0.0 HD22 84 
   300 43.838 0.0 CB 27 
   731 124.377 0.0 N 60 
   542 2.79 0.0 HB3 46 
   361 6.319 0.0 HE2 32 
   966 133.192 0.0 CD1 80 
   15 4.276 0.0 HA 4 
   650 7.948 0.0 H 54 
   447 29.191 0.0 CG1 39 
   401 4.289 0.0 HA 36 
   244 1.795 0.0 HB2 23 
   560 121.275 0.0 N 47 
   340 122.775 0.0 N 30 
   539 8.1 0.0 H 46 
   270 4.133 0.0 HA 25 
   309 3.084 0.0 HD3 28 
   1041 4.768 0.0 HA 86 
   991 1.901 0.0 HB2 82 
   1233 1.398 0.0 HG2 102 
   9 176.016 0.0 C 3 
   1104 0.62 0.0 HD12 91 
   6 2.037 0.0 HE3 3 
   519 9.087 0.0 H 44 
   982 38.413 0.0 CB 81 
   885 4.148 0.0 HB2 73 
   909 109.127 0.0 N 75 
   867 1.671 0.0 HB 72 
   154 27.325 0.0 CG 16 
   290 1.67 0.0 HB2 27 
   1220 1.459 0.0 HB2 101 
   997 30.452 0.0 CB 82 
   416 108.087 0.0 N 37 
   957 2.892 0.0 HB2 80 
   1020 0.647 0.0 HD23 84 
   1329 1.014 0.0 HD23 109 
   569 32.524 0.0 CB 48 
   753 58.845 0.0 CA 63 
   1178 4.322 0.0 HA 97 
   1183 1.544 0.0 HG2 97 
   787 175.329 0.0 C 66 
   57 8.312 0.0 H 8 
   1316 62.878 0.0 CA 108 
   1254 29.069 0.0 CB 103 
   389 9.379 0.0 H 35 
   1203 29.125 0.0 CG 98 
   385 3.839 0.0 HB3 34 
   126 8.165 0.0 H 14 
   956 5.161 0.0 HA 80 
   548 4.133 0.0 HA 47 
   877 61.763 0.0 CA 72 
   678 52.687 0.0 CA 56 
   690 0.608 0.0 HG3 57 
   844 0.118 0.0 HG21 70 
   137 3.912 0.0 HB3 15 
   872 0.696 0.0 HG13 72 
   113 178.397 0.0 C 12 
   301 26.22 0.0 CD1 27 
   366 133.168 0.0 CD2 32 
   147 3.165 0.0 HD3 16 
   203 0.832 0.0 HD13 20 
   521 1.364 0.0 HB1 44 
   1073 121.549 0.0 N 88 
   1024 42.208 0.0 CB 84 
   1060 4.191 0.0 HA 88 
   1155 41.391 0.0 CB 94 
   687 0.068 0.0 HB3 57 
   1275 32.912 0.0 CG 104 
   1148 0.88 0.0 HD13 94 
   200 1.476 0.0 HB3 20 
   1140 25.6 0.0 CG 93 
   689 1.708 0.0 HG2 57 
   155 122.38 0.0 N 16 
   642 4.012 0.0 HD3 53 
   398 36.377 0.0 CG 35 
   70 1.998 0.0 HB2 9 
   467 3.304 0.0 HB2 41 
   589 125.107 0.0 N 49 
   21 56.669 0.0 CA 4 
   472 7.087 0.0 HE2 41 
   1074 8.503 0.0 H 89 
   870 0.687 0.0 HD13 72 
   899 31.733 0.0 CB 74 
   669 1.046 0.0 HB3 56 
   708 -0.209 0.0 HG21 59 
   777 28.454 0.0 CB 65 
   424 0.574 0.0 HG22 38 
   1339 4.335 0.0 HA 110 
   735 174.325 0.0 C 61 
   616 176.043 0.0 C 51 
   1014 1.467 0.0 HB3 84 
   1070 35.256 0.0 CB 88 
   22 29.994 0.0 CB 4 
   817 1.801 0.0 HG2 68 
   297 0.897 0.0 HD23 27 
   585 44.054 0.0 CB 49 
   1058 121.904 0.0 N 87 
   1332 55.074 0.0 CA 109 
   721 7.329 0.0 HD2 60 
   941 4.752 0.0 HA 79 
   527 122.697 0.0 N 44 
   468 2.612 0.0 HB3 41 
   116 124.06 0.0 N 12 
   1346 127.482 0.0 N 110 
   63 175.868 0.0 C 8 
   853 125.545 0.0 N 70 
   252 119.302 0.0 N 23 
   1255 127.212 0.0 CD1 103 
   227 111.873 0.0 NE2 21 
   730 118.264 0.0 CE2 60 
   495 61.316 0.0 CA 42 
   903 4.211 0.0 HA 75 
   996 59.66 0.0 CA 82 
   1075 4.745 0.0 HA 89 
   178 58.414 0.0 CA 18 
   1328 1.014 0.0 HD22 109 
   789 29.542 0.0 CB 66 
   1273 33.268 0.0 CB 104 
   1343 176.868 0.0 C 110 
   359 6.794 0.0 HD2 32 
   1309 2.209 0.0 HB2 108 
   48 8.431 0.0 H 7 
   856 2.042 0.0 HB2 71 
   1268 2.298 0.0 HE3 104 
   1087 0.758 0.0 HD12 90 
   659 4.94 0.0 HA 55 
   365 133.168 0.0 CD1 32 
   508 0.797 0.0 HD21 43 
   1091 0.902 0.0 HD23 90 
   453 0.769 0.0 HG11 40 
   229 4.086 0.0 HA 22 
   1003 1.317 0.0 HG21 83 
   1037 26.953 0.0 CB 85 
   434 1.87 0.0 HB 39 
   1258 114.304 0.0 CZ2 103 
   1031 2.094 0.0 HB2 85 
   164 2.52 0.0 HG3 17 
   737 118.169 0.0 N 61 
   1331 176.976 0.0 C 109 
   928 54.378 0.0 CA 77 
   804 174.721 0.0 C 67 
   214 121.295 0.0 N 20 
   205 0.854 0.0 HD22 20 
   866 4.208 0.0 HA 72 
   92 42.02 0.0 CB 10 
   487 0.685 0.0 HD12 42 
   1214 4.42 0.0 HB3 100 
   181 119.875 0.0 N 18 
   272 3.847 0.0 HB3 25 
   478 132.608 0.0 CD2 41 
   197 8.034 0.0 H 20 
   1153 178.947 0.0 C 94 
   510 0.797 0.0 HD23 43 
   827 1.967 0.0 HB2 69 
   1134 1.465 0.0 HG 93 
   1115 28.558 0.0 CG1 91 
   814 1.811 0.0 HB3 68 
   808 23.38 0.0 CD2 67 
   905 3.917 0.0 HB3 75 
   77 36.292 0.0 CG 9 
   967 133.192 0.0 CD2 80 
   646 65.032 0.0 CA 53 
   660 3.288 0.0 HB2 55 
   1317 32.352 0.0 CB 108 
   1279 1.426 0.0 HB1 105 
   1304 26.649 0.0 CB 107 
   1287 3.906 0.0 HA 106 
   842 1.246 0.0 HG12 70 
   68 8.245 0.0 H 9 
   47 119.949 0.0 N 6 
   439 0.821 0.0 HG13 39 
   344 1.8 0.0 HB3 31 
   1175 45.733 0.0 CA 96 
   1053 2.584 0.0 HB2 87 
   162 2.001 0.0 HE3 17 
   1012 4.131 0.0 HA 84 
   475 56.064 0.0 CA 41 
   911 4.276 0.0 HA2 76 
   485 1.815 0.0 HB 42 
   567 176.225 0.0 C 48 
   140 63.455 0.0 CB 15 
   688 7.208 0.0 HE21 57 
   1315 176.899 0.0 C 108 
   972 4.47 0.0 HA 81 
   881 17.673 0.0 CG2 72 
   130 175.451 0.0 C 14 
   933 115.627 0.0 N 77 
   608 4.974 0.0 HA 51 
   1105 0.62 0.0 HD13 91 
   408 32.757 0.0 CB 36 
   170 119.345 0.0 N 17 
   18 2.199 0.0 HG2 4 
   1174 174.742 0.0 C 96 
   618 43.776 0.0 CB 51 
   724 178.019 0.0 C 60 
   435 0.827 0.0 HD11 39 
   601 55.26 0.0 CA 50 
   1084 1.612 0.0 HB2 90 
   481 128.301 0.0 CZ 41 
   236 178.223 0.0 C 22 
   1299 2.411 0.0 HB2 107 
   124 18.835 0.0 CB 13 
   484 4.729 0.0 HA 42 
   460 61.243 0.0 CA 40 
   1209 45.495 0.0 CA 99 
   1017 0.451 0.0 HD13 84 
   522 1.364 0.0 HB2 44 
   351 33.242 0.0 CG 31 
   355 4.887 0.0 HA 32 
   332 0.674 0.0 HG21 30 
   644 1.601 0.0 HG3 53 
   347 2.215 0.0 HG3 31 
   350 32.865 0.0 CB 31 
   217 2.12 0.0 HB2 21 
   262 58.621 0.0 CA 24 
   922 0.842 0.0 HD13 77 
   1004 1.317 0.0 HG22 83 
   791 117.742 0.0 N 66 
   456 0.737 0.0 HG21 40 
   363 57.485 0.0 CA 32 
   41 4.402 0.0 HA 6 
   1186 55.877 0.0 CA 97 
   477 132.608 0.0 CD1 41 
   624 119.432 0.0 N 51 
   1295 36.323 0.0 CG 106 
   418 4.915 0.0 HA 38 
   202 0.832 0.0 HD12 20 
   455 0.769 0.0 HG13 40 
   1193 1.534 0.0 HB2 98 
   744 52.177 0.0 CA 62 
   402 2.002 0.0 HB2 36 
   643 2.087 0.0 HG2 53 
   695 109.665 0.0 NE2 57 
   615 7.149 0.0 HZ 51 
   1234 1.301 0.0 HG3 102 
   382 130.005 0.0 N 33 
   639 2.014 0.0 HB2 53 
   816 3.22 0.0 HD3 68 
   1330 1.647 0.0 HG 109 
   617 56.966 0.0 CA 51 
   579 0.789 0.0 HD21 49 
   1081 120.776 0.0 N 89 
   611 7.186 0.0 HD1 51 
   208 178.43 0.0 C 20 
   338 20.464 0.0 CG1 30 
   1187 28.806 0.0 CB 97 
   746 123.335 0.0 N 62 
   1055 175.722 0.0 C 87 
   376 1.44 0.0 HG2 33 
   1245 3.08 0.0 HB3 103 
   169 32.011 0.0 CG 17 
   175 2.198 0.0 HG2 18 
   895 2.112 0.0 HG2 74 
   239 43.459 0.0 CD 22 
   907 58.685 0.0 CA 75 
   582 1.602 0.0 HG 49 
   1270 2.214 0.0 HG3 104 
   783 1.925 0.0 HB3 66 
   328 1.586 0.0 HB 30 
   927 176.209 0.0 C 77 
   383 3.616 0.0 HA 34 
   563 1.791 0.0 HB2 48 
   1056 52.907 0.0 CA 87 
   224 28.59 0.0 CB 21 
   719 2.799 0.0 HB3 60 
   432 9.458 0.0 H 39 
   1320 8.467 0.0 H 109 
   269 7.403 0.0 H 25 
   1100 7.464 0.0 H 91 
   78 121.267 0.0 N 9 
   114 53.207 0.0 CA 12 
   790 34.742 0.0 CG 66 
   305 4.445 0.0 HA 28 
   174 2.003 0.0 HB3 18 
   541 3.176 0.0 HB2 46 
   157 4.205 0.0 HA 17 
   1051 8.63 0.0 H 87 
   930 26.039 0.0 CD1 77 
   676 1.245 0.0 HG 56 
   218 1.928 0.0 HB3 21 
   603 29.631 0.0 CD 50 
   914 45.558 0.0 CA 76 
   166 57.361 0.0 CA 17 
   1163 2.236 0.0 HB3 95 
   819 177.1 0.0 C 68 
   974 2.775 0.0 HB3 81 
   681 23.002 0.0 CD2 56 
   865 9.013 0.0 H 72 
   321 3.555 0.0 HB3 29 
   1107 0.614 0.0 HG13 91 
   802 0.36 0.0 HD23 67 
   1116 17.114 0.0 CG2 91 
   390 4.039 0.0 HA 35 
   645 178.611 0.0 C 53 
   254 4.315 0.0 HA 24 
   417 6.622 0.0 H 38 
   364 38.922 0.0 CB 32 
   904 3.917 0.0 HB2 75 
   304 9.619 0.0 H 28 
   912 3.67 0.0 HA3 76 
   756 111.934 0.0 N 63 
   580 0.789 0.0 HD22 49 
   774 2.196 0.0 HG3 65 
   980 176.311 0.0 C 81 
   39 121.499 0.0 N 5 
   275 64.876 0.0 CB 25 
   924 0.824 0.0 HD22 77 
   1242 8.089 0.0 H 103 
   955 8.83 0.0 H 80 
   964 55.493 0.0 CA 80 
   322 171.729 0.0 C 29 
   1190 122.473 0.0 N 97 
   828 1.967 0.0 HB3 69 
   625 9.528 0.0 H 52 
   115 18.829 0.0 CB 12 
   1168 29.663 0.0 CB 95 
   576 0.712 0.0 HD11 49 
   173 2.003 0.0 HB2 18 
   135 4.394 0.0 HA 15 
   606 121.409 0.0 N 50 
   651 4.702 0.0 HA 54 
   421 0.713 0.0 HG12 38 
   1078 175.634 0.0 C 89 
   992 1.901 0.0 HB3 82 
   1222 181.335 0.0 C 101 
   948 0.488 0.0 HG23 79 
   944 0.692 0.0 HG12 79 
   295 0.897 0.0 HD21 27 
   74 177.247 0.0 C 9 
   379 30.12 0.0 CB 33 
   587 23.991 0.0 CD2 49 
   779 114.841 0.0 N 65 
   336 60.933 0.0 CA 30 
   1340 1.398 0.0 HB1 110 
   233 3.132 0.0 HD3 22 
   184 2.117 0.0 HB2 19 
   261 175.685 0.0 C 24 
   117 8.142 0.0 H 13 
   801 0.36 0.0 HD22 67 
   613 7.022 0.0 HE1 51 
   573 4.681 0.0 HA 49 
   871 1.629 0.0 HG12 72 
   1071 21.209 0.0 CG1 88 
   156 8.14 0.0 H 17 
   1301 6.147 0.0 HD2 107 
   450 8.934 0.0 H 40 
   54 53.151 0.0 CA 7 
   684 7.214 0.0 H 57 
   26 4.098 0.0 HA 5 
   1244 3.125 0.0 HB2 103 
   403 1.619 0.0 HB3 36 
   180 36.33 0.0 CG 18 
   818 1.681 0.0 HG3 68 
   778 36.644 0.0 CG 65 
   32 0.884 0.0 HG22 5 
   1326 1.06 0.0 HD13 109 
   108 8.113 0.0 H 12 
   1212 4.419 0.0 HA 100 
   697 3.592 0.0 HA 58 
   614 7.022 0.0 HE2 51 
   858 2.203 0.0 HG2 71 
   231 1.794 0.0 HB3 22 
   36 32.906 0.0 CB 5 
   1092 1.466 0.0 HG 90 
   821 31.556 0.0 CB 68 
   79 8.06 0.0 H 10 
   566 1.94 0.0 HG3 48 
   671 0.563 0.0 HD12 56 
   1033 2.205 0.0 HG2 85 
   535 52.068 0.0 CA 45 
   605 26.043 0.0 CG 50 
   600 175.125 0.0 C 50 
   446 15.099 0.0 CD1 39 
   96 121.828 0.0 N 10 
   163 2.46 0.0 HG2 17 
   531 2.661 0.0 HB3 45 
   381 26.709 0.0 CG 33 
   971 8.68 0.0 H 81 
   342 4.566 0.0 HA 31 
   5 2.037 0.0 HE2 3 
   69 4.162 0.0 HA 9 
   592 1.613 0.0 HB2 50 
   10 55.604 0.0 CA 3 
   16 1.968 0.0 HB2 4 
   711 173.265 0.0 C 59 
   889 125.865 0.0 N 73 
   680 24.042 0.0 CD1 56 
   1112 64.55 0.0 CA 91 
   880 28.809 0.0 CG1 72 
   1171 7.722 0.0 H 96 
   362 174.519 0.0 C 32 
   1208 171.528 0.0 C 99 
   470 7.257 0.0 HD2 41 
   206 0.854 0.0 HD23 20 
   593 1.33 0.0 HB3 50 
   594 1.556 0.0 HD2 50 
   146 3.165 0.0 HD2 16 
   284 59.488 0.0 CA 26 
   571 120.823 0.0 N 48 
   762 2.185 0.0 HG2 64 
   1235 177.978 0.0 C 102 
   420 0.713 0.0 HG11 38 
   931 23.53 0.0 CD2 77 
   940 8.683 0.0 H 79 
   525 54.489 0.0 CA 44 
   1145 1.482 0.0 HB3 94 
   150 177.474 0.0 C 16 
   482 128.169 0.0 N 41 
   1036 57.064 0.0 CA 85 
   749 4.537 0.0 HB 63 
   784 7.328 0.0 HE21 66 
   797 -0.04 0.0 HD11 67 
   685 2.151 0.0 HA 57 
   795 1.403 0.0 HB2 67 
   745 20.267 0.0 CB 62 
   37 21.185 0.0 CG1 5 
   638 4.146 0.0 HA 53 
   1278 3.948 0.0 HA 105 
   824 116.991 0.0 N 68 
   1227 1.826 0.0 HB2 102 
   193 32.162 0.0 CB 19 
   103 177.123 0.0 C 11 
   699 0.928 0.0 HB2 58 
   674 0.1 0.0 HD22 56 
   1281 1.426 0.0 HB3 105 
   1157 23.025 0.0 CD2 94 
   1144 1.93 0.0 HB2 94 
   192 57.55 0.0 CA 19 
   353 111.73 0.0 NE2 31 
