   893 3.803 0.0 HD2 74 
   752 1.15 0.0 HG23 63 
   1086 0.758 0.0 HD11 90 
   1084 1.612 0.0 HB2 90 
   493 0.921 0.0 HG23 42 
   47 119.949 0.0 N 6 
   708 -0.209 0.0 HG21 59 
   641 3.873 0.0 HD2 53 
   382 130.005 0.0 N 33 
   1296 114.241 0.0 N 106 
   775 178.76 0.0 C 65 
   636 27.315 0.0 CG 52 
   1124 7.615 0.0 H 93 
   1010 115.091 0.0 N 83 
   260 6.701 0.0 HE2 24 
   1065 0.83 0.0 HG21 88 
   1094 57.642 0.0 CA 90 
   1153 178.947 0.0 C 94 
   895 2.112 0.0 HG2 74 
   718 3.132 0.0 HB2 60 
   533 7.365 0.0 HD22 45 
   1270 2.214 0.0 HG3 104 
   1 4.425 0.0 HA 3 
   811 7.214 0.0 H 68 
   1307 117.066 0.0 N 107 
   492 0.921 0.0 HG22 42 
   302 26.014 0.0 CD2 27 
   393 2.263 0.0 HG2 35 
   82 1.543 0.0 HB3 10 
   737 118.169 0.0 N 61 
   571 120.823 0.0 N 48 
   878 38.256 0.0 CB 72 
   564 1.672 0.0 HB3 48 
   1046 174.095 0.0 C 86 
   1048 34.491 0.0 CB 86 
   535 52.068 0.0 CA 45 
   565 2.222 0.0 HG2 48 
   614 7.022 0.0 HE2 51 
   793 7.132 0.0 H 67 
   995 178.206 0.0 C 82 
   456 0.737 0.0 HG21 40 
   1040 6.636 0.0 H 86 
   543 175.512 0.0 C 46 
   1126 1.663 0.0 HB2 93 
   1299 2.411 0.0 HB2 107 
   1185 174.894 0.0 C 97 
   983 131.99 0.0 CD1 81 
   500 123.192 0.0 N 42 
   729 118.264 0.0 CE1 60 
   1237 32.751 0.0 CB 102 
   559 27.613 0.0 CG 47 
   345 7.418 0.0 HE21 31 
   1181 3.087 0.0 HD2 97 
   169 32.011 0.0 CG 17 
   252 119.302 0.0 N 23 
   247 1.908 0.0 HG3 23 
   604 41.911 0.0 CE 50 
   924 0.824 0.0 HD22 77 
   1223 56.234 0.0 CA 101 
   546 111.628 0.0 N 46 
   318 7.994 0.0 H 29 
   1062 0.724 0.0 HG11 88 
   1001 3.987 0.0 HA 83 
   277 7.753 0.0 H 26 
   367 117.341 0.0 CE1 32 
   1135 174.204 0.0 C 93 
   24 122.855 0.0 N 4 
   1115 28.558 0.0 CG1 91 
   1128 -0.102 0.0 HD11 93 
   1176 107.323 0.0 N 96 
   1339 4.335 0.0 HA 110 
   12 16.881 0.0 CE 3 
   41 4.402 0.0 HA 6 
   449 122.144 0.0 N 39 
   1325 1.06 0.0 HD12 109 
   249 57.172 0.0 CA 23 
   947 0.488 0.0 HG22 79 
   1127 1.079 0.0 HB3 93 
   671 0.563 0.0 HD12 56 
   1175 45.733 0.0 CA 96 
   704 116.752 0.0 N 58 
   218 1.928 0.0 HB3 21 
   210 42.252 0.0 CB 20 
   466 4.852 0.0 HA 41 
   750 1.15 0.0 HG21 63 
   303 119.999 0.0 N 27 
   323 57.62 0.0 CA 29 
   1012 4.131 0.0 HA 84 
   183 4.2 0.0 HA 19 
   354 9.231 0.0 H 32 
   1177 8.717 0.0 H 97 
   953 22.452 0.0 CG2 79 
   261 175.685 0.0 C 24 
   550 1.794 0.0 HB3 47 
   516 24.929 0.0 CD2 43 
   658 8.201 0.0 H 55 
   1103 0.62 0.0 HD11 91 
   1044 2.428 0.0 HG2 86 
   714 19.939 0.0 CG2 59 
   343 1.96 0.0 HB2 31 
   846 0.118 0.0 HG23 70 
   368 117.341 0.0 CE2 32 
   4 2.037 0.0 HE1 3 
   695 109.665 0.0 NE2 57 
   1154 57.332 0.0 CA 94 
   1023 54.419 0.0 CA 84 
   1030 3.622 0.0 HA 85 
   171 8.19 0.0 H 18 
   1345 19.28 0.0 CB 110 
   1142 8.317 0.0 H 94 
   1263 3.644 0.0 HA 104 
   686 1.24 0.0 HB2 57 
   767 49.993 0.0 CD 64 
   934 7.647 0.0 H 78 
   989 7.466 0.0 H 82 
   1353 121.137 0.0 N 111 
   852 18.6 0.0 CG2 70 
   7 2.532 0.0 HG2 3 
   739 4.298 0.0 HA 62 
   1268 2.298 0.0 HE3 104 
   1130 -0.102 0.0 HD13 93 
   104 57.085 0.0 CA 11 
   778 36.644 0.0 CG 65 
   826 4.487 0.0 HA 69 
   191 177.964 0.0 C 19 
   558 43.885 0.0 CD 47 
   599 1.166 0.0 HG3 50 
   174 2.003 0.0 HB3 18 
   383 3.616 0.0 HA 34 
   575 1.555 0.0 HB3 49 
   757 3.427 0.0 HA 64 
   843 0.613 0.0 HG13 70 
   874 1.167 0.0 HG22 72 
   1095 42.674 0.0 CB 90 
   619 131.545 0.0 CD1 51 
   582 1.602 0.0 HG 49 
   898 65.658 0.0 CA 74 
   1097 26.006 0.0 CD2 90 
   340 122.775 0.0 N 30 
   662 175.935 0.0 C 55 
   566 1.94 0.0 HG3 48 
   101 2.227 0.0 HG2 11 
   476 39.031 0.0 CB 41 
   783 1.925 0.0 HB3 66 
   986 130.512 0.0 CE2 81 
   696 8.306 0.0 H 58 
   238 30.597 0.0 CB 22 
   315 43.794 0.0 CD 28 
   1165 2.274 0.0 HG3 95 
   35 62.128 0.0 CA 5 
   858 2.203 0.0 HG2 71 
   1080 64.469 0.0 CB 89 
   85 0.86 0.0 HD13 10 
   253 8.087 0.0 H 24 
   1171 7.722 0.0 H 96 
   489 1.467 0.0 HG12 42 
   997 30.452 0.0 CB 82 
   1155 41.391 0.0 CB 94 
   698 0.928 0.0 HB1 58 
   74 177.247 0.0 C 9 
   76 29.741 0.0 CB 9 
   29 0.883 0.0 HG12 5 
   1326 1.06 0.0 HD13 109 
   542 2.79 0.0 HB3 46 
   1002 4.209 0.0 HB 83 
   927 176.209 0.0 C 77 
   93 24.876 0.0 CD1 10 
   627 2.135 0.0 HB2 52 
   531 2.661 0.0 HB3 45 
   807 25.787 0.0 CD1 67 
   288 9.148 0.0 H 27 
   309 3.084 0.0 HD3 28 
   897 177.861 0.0 C 74 
   444 61.503 0.0 CA 39 
   673 0.1 0.0 HD21 56 
   1174 174.742 0.0 C 96 
   312 176.07 0.0 C 28 
   659 4.94 0.0 HA 55 
   1262 9.18 0.0 H 104 
   469 7.257 0.0 HD1 41 
   1071 21.209 0.0 CG1 88 
   451 4.77 0.0 HA 40 
   394 2.204 0.0 HG3 35 
   834 35.395 0.0 CG 69 
   556 57.292 0.0 CA 47 
   294 0.75 0.0 HD13 27 
   11 32.91 0.0 CB 3 
   109 4.201 0.0 HA 12 
   1199 175.018 0.0 C 98 
   239 43.459 0.0 CD 22 
   1041 4.768 0.0 HA 86 
   60 2.712 0.0 HB3 8 
   1327 1.014 0.0 HD21 109 
   719 2.799 0.0 HB3 60 
   769 8.522 0.0 H 65 
   395 177.168 0.0 C 35 
   595 1.556 0.0 HD3 50 
   1218 4.02 0.0 HA 101 
   139 59.384 0.0 CA 15 
   19 2.199 0.0 HG3 4 
   281 1.162 0.0 HG22 26 
   241 119.729 0.0 N 22 
   165 177.442 0.0 C 17 
   305 4.445 0.0 HA 28 
   136 3.912 0.0 HB2 15 
   1227 1.826 0.0 HB2 102 
   111 1.37 0.0 HB2 12 
   1156 26.8 0.0 CD1 94 
   993 2.169 0.0 HG2 82 
   1192 3.921 0.0 HA 98 
   502 5.108 0.0 HA 43 
   1205 7.684 0.0 H 99 
   71 1.998 0.0 HB3 9 
   589 125.107 0.0 N 49 
   193 32.162 0.0 CB 19 
   145 1.84 0.0 HB3 16 
   190 2.638 0.0 HG3 19 
   926 1.474 0.0 HG 77 
   637 125.064 0.0 N 52 
   938 45.05 0.0 CA 78 
   1121 176.157 0.0 C 92 
   520 3.968 0.0 HA 44 
   229 4.086 0.0 HA 22 
   530 3.252 0.0 HB2 45 
   971 8.68 0.0 H 81 
   282 1.162 0.0 HG23 26 
   49 4.212 0.0 HA 7 
   1284 17.87 0.0 CB 105 
   366 133.168 0.0 CD2 32 
   626 4.903 0.0 HA 52 
   133 114.553 0.0 N 14 
   1303 53.158 0.0 CA 107 
   873 1.167 0.0 HG21 72 
   973 3.113 0.0 HB2 81 
   936 4.045 0.0 HA3 78 
   132 63.477 0.0 CB 14 
   831 174.904 0.0 C 69 
   1151 0.839 0.0 HD23 94 
   408 32.757 0.0 CB 36 
   304 9.619 0.0 H 28 
   591 5.454 0.0 HA 50 
   1335 24.143 0.0 CD2 109 
   1330 1.647 0.0 HG 109 
   554 1.442 0.0 HG3 47 
   80 4.197 0.0 HA 10 
   675 0.1 0.0 HD23 56 
   44 174.496 0.0 C 6 
   301 26.22 0.0 CD1 27 
   1043 1.238 0.0 HB3 86 
   31 0.884 0.0 HG21 5 
   346 2.141 0.0 HG2 31 
   1038 37.004 0.0 CG 85 
   1147 0.88 0.0 HD12 94 
   242 7.95 0.0 H 23 
   293 0.75 0.0 HD12 27 
   561 8.308 0.0 H 48 
   631 1.861 0.0 HG2 52 
   360 6.319 0.0 HE1 32 
   342 4.566 0.0 HA 31 
   481 128.301 0.0 CZ 41 
   860 175.775 0.0 C 71 
   553 1.653 0.0 HG2 47 
   51 1.354 0.0 HB2 7 
   114 53.207 0.0 CA 12 
   716 7.089 0.0 H 60 
   235 1.535 0.0 HG3 22 
   1332 55.074 0.0 CA 109 
   167 31.857 0.0 CB 17 
   781 4.059 0.0 HA 66 
   1118 7.314 0.0 H 92 
   710 -0.209 0.0 HG23 59 
   728 133.724 0.0 CD2 60 
   1169 36.454 0.0 CG 95 
   859 2.053 0.0 HG3 71 
   142 8.148 0.0 H 16 
   838 1.325 0.0 HB 70 
   712 59.886 0.0 CA 59 
   1267 2.298 0.0 HE2 104 
   735 174.325 0.0 C 61 
   545 39.065 0.0 CB 46 
   433 4.323 0.0 HA 39 
   975 6.984 0.0 HD1 81 
   1274 15.91 0.0 CE 104 
   168 16.963 0.0 CE 17 
   284 59.488 0.0 CA 26 
   298 175.89 0.0 C 27 
   1133 0.068 0.0 HD23 93 
   932 26.477 0.0 CG 77 
   613 7.022 0.0 HE1 51 
   326 8.245 0.0 H 30 
   1328 1.014 0.0 HD22 109 
   86 0.81 0.0 HD21 10 
   853 125.545 0.0 N 70 
   1217 116.809 0.0 N 100 
   1240 24.762 0.0 CG 102 
   992 1.901 0.0 HB3 82 
   1081 120.776 0.0 N 89 
   269 7.403 0.0 H 25 
   186 2.03 0.0 HE1 19 
   100 1.977 0.0 HB3 11 
   251 35.763 0.0 CG 23 
   99 1.977 0.0 HB2 11 
   1036 57.064 0.0 CA 85 
   1324 1.06 0.0 HD11 109 
   1204 125.256 0.0 N 98 
   777 28.454 0.0 CB 65 
   972 4.47 0.0 HA 81 
   306 1.556 0.0 HB2 28 
   438 1.863 0.0 HG12 39 
   373 1.546 0.0 HB3 33 
   474 174.17 0.0 C 41 
   157 4.205 0.0 HA 17 
   1260 121.319 0.0 N 103 
   990 3.582 0.0 HA 82 
   55 19.004 0.0 CB 7 
   43 3.824 0.0 HB3 6 
   508 0.797 0.0 HD21 43 
   299 56.06 0.0 CA 27 
   316 26.623 0.0 CG 28 
   149 1.556 0.0 HG3 16 
   732 8.751 0.0 H 61 
   765 65.999 0.0 CA 64 
   88 0.81 0.0 HD23 10 
   745 20.267 0.0 CB 62 
   643 2.087 0.0 HG2 53 
   422 0.713 0.0 HG13 38 
   1300 1.173 0.0 HB3 107 
   841 0.635 0.0 HD13 70 
   727 133.724 0.0 CD1 60 
   713 68.111 0.0 CB 59 
   1148 0.88 0.0 HD13 94 
   344 1.8 0.0 HB3 31 
   319 4.528 0.0 HA 29 
   418 4.915 0.0 HA 38 
   453 0.769 0.0 HG11 40 
   805 53.307 0.0 CA 67 
   150 177.474 0.0 C 16 
   286 22.829 0.0 CG2 26 
   127 4.342 0.0 HA 14 
   836 7.957 0.0 H 70 
   1173 3.752 0.0 HA3 96 
   942 1.744 0.0 HB 79 
   490 0.882 0.0 HG13 42 
   224 28.59 0.0 CB 21 
   782 2.243 0.0 HB2 66 
   985 130.512 0.0 CE1 81 
   1291 1.91 0.0 HG3 106 
   1220 1.459 0.0 HB2 101 
   356 2.875 0.0 HB2 32 
   1211 8.646 0.0 H 100 
   848 60.153 0.0 CA 70 
   1060 4.191 0.0 HA 88 
   467 3.304 0.0 HB2 41 
   707 3.962 0.0 HB 59 
   432 9.458 0.0 H 39 
   153 43.249 0.0 CD 16 
   944 0.692 0.0 HG12 79 
   1178 4.322 0.0 HA 97 
   876 175.825 0.0 C 72 
   1310 1.86 0.0 HB3 108 
   879 13.45 0.0 CD1 72 
   426 173.629 0.0 C 38 
   1338 8.637 0.0 H 110 
   518 128.415 0.0 N 43 
   135 4.394 0.0 HA 15 
   999 124.087 0.0 N 82 
   717 4.115 0.0 HA 60 
   875 1.167 0.0 HG23 72 
   1035 175.01 0.0 C 85 
   1340 1.398 0.0 HB1 110 
   411 7.908 0.0 H 37 
   540 4.13 0.0 HA 46 
   506 0.893 0.0 HD12 43 
   128 3.873 0.0 HB2 14 
   77 36.292 0.0 CG 9 
   1029 7.848 0.0 H 85 
   110 1.37 0.0 HB1 12 
   1254 29.069 0.0 CB 103 
   851 26.419 0.0 CG1 70 
   647 30.867 0.0 CB 53 
   884 4.521 0.0 HA 73 
   491 0.921 0.0 HG21 42 
   350 32.865 0.0 CB 31 
   1341 1.398 0.0 HB2 110 
   1247 9.086 0.0 HE1 103 
   431 105.549 0.0 N 38 
   459 174.702 0.0 C 40 
   439 0.821 0.0 HG13 39 
   628 1.678 0.0 HB3 52 
   402 2.002 0.0 HB2 36 
   452 1.871 0.0 HB 40 
   421 0.713 0.0 HG12 38 
   156 8.14 0.0 H 17 
   1266 2.298 0.0 HE1 104 
   259 6.701 0.0 HE1 24 
   817 1.801 0.0 HG2 68 
   715 99.63 0.0 N 59 
   1109 0.555 0.0 HG22 91 
   1139 22.143 0.0 CD2 93 
   1105 0.62 0.0 HD13 91 
   1042 1.871 0.0 HB2 86 
   1152 1.717 0.0 HG 94 
   1304 26.649 0.0 CB 107 
   123 53.303 0.0 CA 13 
   1003 1.317 0.0 HG21 83 
   385 3.839 0.0 HB3 34 
   569 32.524 0.0 CB 48 
   856 2.042 0.0 HB2 71 
   921 0.842 0.0 HD12 77 
   1190 122.473 0.0 N 97 
   650 7.948 0.0 H 54 
   311 1.421 0.0 HG3 28 
   107 120.956 0.0 N 11 
   181 119.875 0.0 N 18 
   1166 176.559 0.0 C 95 
   1321 4.315 0.0 HA 109 
   952 21.455 0.0 CG1 79 
   307 1.446 0.0 HB3 28 
   13 31.901 0.0 CG 3 
   563 1.791 0.0 HB2 48 
   1090 0.902 0.0 HD22 90 
   1202 43.141 0.0 CD 98 
   372 1.712 0.0 HB2 33 
   701 177.612 0.0 C 58 
   25 8.177 0.0 H 5 
   1189 27.707 0.0 CG 97 
   928 54.378 0.0 CA 77 
   621 131.675 0.0 CE1 51 
   979 6.755 0.0 HZ 81 
   124 18.835 0.0 CB 13 
   541 3.176 0.0 HB2 46 
   744 52.177 0.0 CA 62 
   1243 4.036 0.0 HA 103 
   1082 8.799 0.0 H 90 
   678 52.687 0.0 CA 56 
   1298 4.435 0.0 HA 107 
   617 56.966 0.0 CA 51 
   138 175.478 0.0 C 15 
   699 0.928 0.0 HB2 58 
   134 8.205 0.0 H 15 
   703 20.052 0.0 CB 58 
   922 0.842 0.0 HD13 77 
   1111 177.553 0.0 C 91 
   1182 3.087 0.0 HD3 97 
   23 36.128 0.0 CG 4 
   723 6.914 0.0 HE2 60 
   405 2.086 0.0 HG3 36 
   1215 58.114 0.0 CA 100 
   263 38.578 0.0 CB 24 
   320 3.731 0.0 HB2 29 
   291 1.158 0.0 HB3 27 
   3 1.935 0.0 HB3 3 
   1000 9.023 0.0 H 83 
   73 2.204 0.0 HG3 9 
   477 132.608 0.0 CD1 41 
   812 4.191 0.0 HA 68 
   954 116.911 0.0 N 79 
   886 3.722 0.0 HB3 73 
   753 58.845 0.0 CA 63 
   1134 1.465 0.0 HG 93 
   726 37.813 0.0 CB 60 
   1238 29.357 0.0 CD 102 
   458 0.737 0.0 HG23 40 
   196 119.142 0.0 N 19 
   568 54.347 0.0 CA 48 
   1125 3.727 0.0 HA 93 
   50 1.354 0.0 HB1 7 
   274 58.413 0.0 CA 25 
   1052 5.547 0.0 HA 87 
   495 61.316 0.0 CA 42 
   378 54.137 0.0 CA 33 
   917 4.552 0.0 HA 77 
   756 111.934 0.0 N 63 
   660 3.288 0.0 HB2 55 
   1200 56.621 0.0 CA 98 
   221 2.215 0.0 HG3 21 
   140 63.455 0.0 CB 15 
   1306 134.424 0.0 CE1 107 
   903 4.211 0.0 HA 75 
   960 6.868 0.0 HD2 80 
   1242 8.089 0.0 H 103 
   423 0.574 0.0 HG21 38 
   248 176.858 0.0 C 23 
   384 3.925 0.0 HB2 34 
   579 0.789 0.0 HD21 49 
   794 4.296 0.0 HA 67 
   479 130.657 0.0 CE1 41 
   1349 3.803 0.0 HB2 111 
   329 0.252 0.0 HG11 30 
   280 1.162 0.0 HG21 26 
   832 55.752 0.0 CA 69 
   355 4.887 0.0 HA 32 
   1093 177.109 0.0 C 90 
   1235 177.978 0.0 C 102 
   105 29.983 0.0 CB 11 
   909 109.127 0.0 N 75 
   1019 0.647 0.0 HD22 84 
   940 8.683 0.0 H 79 
   801 0.36 0.0 HD22 67 
   33 0.884 0.0 HG23 5 
   1057 44.193 0.0 CB 87 
   1212 4.419 0.0 HA 100 
   349 54.359 0.0 CA 31 
   536 37.016 0.0 CB 45 
   106 36.09 0.0 CG 11 
   1256 118.379 0.0 CE3 103 
   72 2.204 0.0 HG2 9 
   1188 43.281 0.0 CD 97 
   1252 181.021 0.0 C 103 
   339 23.077 0.0 CG2 30 
   1009 23.764 0.0 CG2 83 
   866 4.208 0.0 HA 72 
   526 17.978 0.0 CB 44 
   1281 1.426 0.0 HB3 105 
   341 8.341 0.0 H 31 
   441 0.365 0.0 HG22 39 
   684 7.214 0.0 H 57 
   638 4.146 0.0 HA 53 
   122 178.794 0.0 C 13 
   711 173.265 0.0 C 59 
   243 4.083 0.0 HA 23 
   292 0.75 0.0 HD11 27 
   1297 7.064 0.0 H 107 
   693 31.891 0.0 CG 57 
   1272 60.65 0.0 CA 104 
   1067 0.83 0.0 HG23 88 
   1269 2.941 0.0 HG2 104 
   289 4.249 0.0 HA 27 
   1088 0.758 0.0 HD13 90 
   677 175.248 0.0 C 56 
   653 2.515 0.0 HB3 54 
   353 111.73 0.0 NE2 31 
   116 124.06 0.0 N 12 
   1323 1.528 0.0 HB3 109 
   804 174.721 0.0 C 67 
   827 1.967 0.0 HB2 69 
   463 21.935 0.0 CG2 40 
   1164 2.524 0.0 HG2 95 
   1170 117.117 0.0 N 95 
   576 0.712 0.0 HD11 49 
   902 7.893 0.0 H 75 
   513 54.59 0.0 CA 43 
   1145 1.482 0.0 HB3 94 
   655 55.185 0.0 CA 54 
   1198 1.141 0.0 HG3 98 
   279 4.215 0.0 HB 26 
   143 4.203 0.0 HA 16 
   103 177.123 0.0 C 11 
   270 4.133 0.0 HA 25 
   844 0.118 0.0 HG21 70 
   1049 33.733 0.0 CG 86 
   773 2.328 0.0 HG2 65 
   337 34.762 0.0 CB 30 
   447 29.191 0.0 CG1 39 
   87 0.81 0.0 HD22 10 
   850 14.445 0.0 CD1 70 
   429 21.782 0.0 CG1 38 
   946 0.488 0.0 HG21 79 
   652 2.966 0.0 HB2 54 
   1278 3.948 0.0 HA 105 
   1208 171.528 0.0 C 99 
   275 64.876 0.0 CB 25 
   1350 3.803 0.0 HB3 111 
   62 7.585 0.0 HD22 8 
   1107 0.614 0.0 HG13 91 
   963 175.006 0.0 C 80 
   118 4.218 0.0 HA 13 
   918 1.608 0.0 HB2 77 
   1258 114.304 0.0 CZ2 103 
   1114 13.047 0.0 CD1 91 
   966 133.192 0.0 CD1 80 
   1241 119.022 0.0 N 102 
   1026 22.07 0.0 CD2 84 
   910 8.418 0.0 H 76 
   1277 7.659 0.0 H 105 
   1056 52.907 0.0 CA 87 
   1344 52.539 0.0 CA 110 
   27 2.016 0.0 HB 5 
   401 4.289 0.0 HA 36 
   1157 23.025 0.0 CD2 94 
   525 54.489 0.0 CA 44 
   504 1.708 0.0 HB3 43 
   325 111.229 0.0 N 29 
   670 0.563 0.0 HD11 56 
   1028 116.818 0.0 N 84 
   245 1.795 0.0 HB3 23 
   630 3.332 0.0 HD3 52 
   38 20.453 0.0 CG2 5 
   882 129.755 0.0 N 72 
   706 3.734 0.0 HA 59 
   894 3.907 0.0 HD3 74 
   1106 1.169 0.0 HG12 91 
   532 6.441 0.0 HD21 45 
   231 1.794 0.0 HB3 22 
   187 2.03 0.0 HE2 19 
   1150 0.839 0.0 HD22 94 
   787 175.329 0.0 C 66 
   1158 26.897 0.0 CG 94 
   414 174.303 0.0 C 37 
   601 55.26 0.0 CA 50 
   1331 176.976 0.0 C 109 
   1032 2.265 0.0 HB3 85 
   802 0.36 0.0 HD23 67 
   256 2.791 0.0 HB3 24 
   1066 0.83 0.0 HG22 88 
   891 2.382 0.0 HB2 74 
   857 2.042 0.0 HB3 71 
   829 2.202 0.0 HG2 69 
   97 8.147 0.0 H 11 
   250 30.144 0.0 CB 23 
   950 59.293 0.0 CA 79 
   988 126.963 0.0 N 81 
   505 0.893 0.0 HD11 43 
   899 31.733 0.0 CB 74 
   119 1.401 0.0 HB1 13 
   1187 28.806 0.0 CB 97 
   930 26.039 0.0 CD1 77 
   877 61.763 0.0 CA 72 
   908 64.358 0.0 CB 75 
   58 4.571 0.0 HA 8 
   1179 1.643 0.0 HB2 97 
   948 0.488 0.0 HG23 79 
   1073 121.549 0.0 N 88 
   1283 54.605 0.0 CA 105 
   351 33.242 0.0 CG 31 
   632 1.861 0.0 HG3 52 
   89 1.587 0.0 HG 10 
   1276 117.096 0.0 N 104 
   656 39.184 0.0 CB 54 
   1295 36.323 0.0 CG 106 
   1099 129.702 0.0 N 90 
   560 121.275 0.0 N 47 
   400 7.08 0.0 H 36 
   1018 0.647 0.0 HD21 84 
   1091 0.902 0.0 HD23 90 
   1309 2.209 0.0 HB2 108 
   328 1.586 0.0 HB 30 
   211 25.394 0.0 CD1 20 
   634 28.313 0.0 CB 52 
   762 2.185 0.0 HG2 64 
   598 1.28 0.0 HG2 50 
   417 6.622 0.0 H 38 
   1027 26.393 0.0 CG 84 
   413 3.768 0.0 HA3 37 
   213 26.891 0.0 CG 20 
   606 121.409 0.0 N 50 
   475 56.064 0.0 CA 41 
   1196 3.595 0.0 HD3 98 
   331 0.252 0.0 HG13 30 
   663 55.404 0.0 CA 55 
   1293 55.883 0.0 CA 106 
   1251 6.685 0.0 HZ3 103 
   849 42.252 0.0 CB 70 
   199 1.86 0.0 HB2 20 
   519 9.087 0.0 H 44 
   369 124.536 0.0 N 32 
   380 43.753 0.0 CD 33 
   296 0.897 0.0 HD22 27 
   790 34.742 0.0 CG 66 
   577 0.712 0.0 HD12 49 
   593 1.33 0.0 HB3 50 
   63 175.868 0.0 C 8 
   182 7.963 0.0 H 19 
   731 124.377 0.0 N 60 
   295 0.897 0.0 HD21 27 
   1021 1.476 0.0 HG 84 
   514 42.395 0.0 CB 43 
   1098 26.895 0.0 CG 90 
   1201 31.248 0.0 CB 98 
   391 1.95 0.0 HB2 35 
   48 8.431 0.0 H 7 
   1069 61.447 0.0 CA 88 
   880 28.809 0.0 CG1 72 
   194 17.023 0.0 CE 19 
   900 50.653 0.0 CD 74 
   1308 4.342 0.0 HA 108 
   616 176.043 0.0 C 51 
   1068 174.389 0.0 C 88 
   574 1.727 0.0 HB2 49 
   173 2.003 0.0 HB2 18 
   892 1.915 0.0 HB3 74 
   416 108.087 0.0 N 37 
   290 1.67 0.0 HB2 27 
   583 175.439 0.0 C 49 
   1259 121.776 0.0 CZ3 103 
   761 3.801 0.0 HD3 64 
   409 36.871 0.0 CG 36 
   755 21.938 0.0 CG2 63 
   822 43.453 0.0 CD 68 
   427 58.127 0.0 CA 38 
   120 1.401 0.0 HB2 13 
   1064 0.724 0.0 HG13 88 
   460 61.243 0.0 CA 40 
   644 1.601 0.0 HG3 53 
   1225 8.543 0.0 H 102 
   68 8.245 0.0 H 9 
   1058 121.904 0.0 N 87 
   70 1.998 0.0 HB2 9 
   234 1.658 0.0 HG2 22 
   179 29.811 0.0 CB 18 
   1079 56.08 0.0 CA 89 
   1050 114.682 0.0 N 86 
   1101 3.198 0.0 HA 91 
   185 2.046 0.0 HB3 19 
   470 7.257 0.0 HD2 41 
   129 3.873 0.0 HB3 14 
   1140 25.6 0.0 CG 93 
   1055 175.722 0.0 C 87 
   1162 2.044 0.0 HB2 95 
   642 4.012 0.0 HD3 53 
   208 178.43 0.0 C 20 
   578 0.712 0.0 HD13 49 
   1210 105.916 0.0 N 99 
   689 1.708 0.0 HG2 57 
   300 43.838 0.0 CB 27 
   1141 120.762 0.0 N 93 
   911 4.276 0.0 HA2 76 
   220 2.502 0.0 HG2 21 
   774 2.196 0.0 HG3 65 
   445 39.072 0.0 CB 39 
   357 2.697 0.0 HB3 32 
   697 3.592 0.0 HA 58 
   1249 6.678 0.0 HH2 103 
   828 1.967 0.0 HB3 69 
   412 3.965 0.0 HA2 37 
   227 111.873 0.0 NE2 21 
   496 38.247 0.0 CB 42 
   799 -0.04 0.0 HD13 67 
   161 2.001 0.0 HE2 17 
   1008 68.085 0.0 CB 83 
   1226 3.979 0.0 HA 102 
   154 27.325 0.0 CG 16 
   720 7.329 0.0 HD1 60 
   1016 0.451 0.0 HD12 84 
   743 177.761 0.0 C 62 
   1314 1.807 0.0 HG3 108 
   1039 114.551 0.0 N 85 
   588 27.673 0.0 CG 49 
   430 18.467 0.0 CG2 38 
   592 1.613 0.0 HB2 50 
   939 109.48 0.0 N 78 
   818 1.681 0.0 HG3 68 
   510 0.797 0.0 HD23 43 
   370 8.36 0.0 H 33 
   864 126.24 0.0 N 71 
   363 57.485 0.0 CA 32 
   200 1.476 0.0 HB3 20 
   916 7.499 0.0 H 77 
   994 2.169 0.0 HG3 82 
   544 56.917 0.0 CA 46 
   824 116.991 0.0 N 68 
   612 7.186 0.0 HD2 51 
   442 0.365 0.0 HG23 39 
   747 8.206 0.0 H 63 
   1132 0.068 0.0 HD22 93 
   547 7.703 0.0 H 47 
   1017 0.451 0.0 HD13 84 
   478 132.608 0.0 CD2 41 
   808 23.38 0.0 CD2 67 
   923 0.824 0.0 HD21 77 
   770 3.908 0.0 HA 65 
   1343 176.868 0.0 C 110 
   352 122.553 0.0 N 31 
   272 3.847 0.0 HB3 25 
   1203 29.125 0.0 CG 98 
   702 54.433 0.0 CA 58 
   1004 1.317 0.0 HG22 83 
   1075 4.745 0.0 HA 89 
   223 57.396 0.0 CA 21 
   890 4.309 0.0 HA 74 
   572 9.364 0.0 H 49 
   440 0.365 0.0 HG21 39 
   501 9.031 0.0 H 43 
   623 129.351 0.0 CZ 51 
   468 2.612 0.0 HB3 41 
   833 28.69 0.0 CB 69 
   415 46.016 0.0 CA 37 
   1161 4.384 0.0 HA 95 
   392 1.95 0.0 HB3 35 
   786 2.098 0.0 HG3 66 
   724 178.019 0.0 C 60 
   1219 1.459 0.0 HB1 101 
   18 2.199 0.0 HG2 4 
   188 2.03 0.0 HE3 19 
   287 104.093 0.0 N 26 
   771 1.946 0.0 HB2 65 
   968 117.499 0.0 CE1 80 
   314 32.647 0.0 CB 28 
   34 176.074 0.0 C 5 
   622 131.675 0.0 CE2 51 
   573 4.681 0.0 HA 49 
   537 114.155 0.0 N 45 
   362 174.519 0.0 C 32 
   557 30.762 0.0 CB 47 
   332 0.674 0.0 HG21 30 
   863 35.813 0.0 CG 71 
   244 1.795 0.0 HB2 23 
   404 2.193 0.0 HG2 36 
   112 1.37 0.0 HB3 12 
   654 175.841 0.0 C 54 
   313 56.669 0.0 CA 28 
   336 60.933 0.0 CA 30 
   949 171.397 0.0 C 79 
   915 109.752 0.0 N 76 
   407 56.237 0.0 CA 36 
   690 0.608 0.0 HG3 57 
   472 7.087 0.0 HE2 41 
   1037 26.953 0.0 CB 85 
   443 174.355 0.0 C 39 
   324 64.918 0.0 CB 29 
   327 4.941 0.0 HA 30 
   406 176.435 0.0 C 36 
   776 59.383 0.0 CA 65 
   664 42.87 0.0 CB 55 
   1193 1.534 0.0 HB2 98 
   164 2.52 0.0 HG3 17 
   40 8.389 0.0 H 6 
   1186 55.877 0.0 CA 97 
   240 27.348 0.0 CG 22 
   26 4.098 0.0 HA 5 
   840 0.635 0.0 HD12 70 
   725 60.827 0.0 CA 60 
   810 117.57 0.0 N 67 
   1302 7.911 0.0 HE1 107 
   390 4.039 0.0 HA 35 
   180 36.33 0.0 CG 18 
   534 175.729 0.0 C 45 
   1221 1.459 0.0 HB3 101 
   517 28.618 0.0 CG 43 
   399 121.527 0.0 N 35 
   387 61.518 0.0 CA 34 
   347 2.215 0.0 HG3 31 
   869 0.687 0.0 HD12 72 
   751 1.15 0.0 HG22 63 
   192 57.55 0.0 CA 19 
   30 0.883 0.0 HG13 5 
   629 3.283 0.0 HD2 52 
   734 3.361 0.0 HA3 61 
   1334 24.954 0.0 CD1 109 
   862 32.946 0.0 CB 71 
   741 1.112 0.0 HB2 62 
   257 7.074 0.0 HD1 24 
   1253 62.775 0.0 CA 103 
   730 118.264 0.0 CE2 60 
   46 64.02 0.0 CB 6 
   1144 1.93 0.0 HB2 94 
   1290 2.19 0.0 HG2 106 
   1047 54.406 0.0 CA 86 
   649 28.552 0.0 CG 53 
   1288 1.513 0.0 HB2 106 
   998 35.923 0.0 CG 82 
   10 55.604 0.0 CA 3 
   1123 103.835 0.0 N 92 
   388 62.613 0.0 CB 34 
   1282 179.136 0.0 C 105 
   978 6.86 0.0 HE2 81 
   645 178.611 0.0 C 53 
   425 0.574 0.0 HG23 38 
   209 56.978 0.0 CA 20 
   1160 7.738 0.0 H 95 
   365 133.168 0.0 CD1 32 
   888 62.669 0.0 CB 73 
   740 1.112 0.0 HB1 62 
   465 9.605 0.0 H 41 
   39 121.499 0.0 N 5 
   37 21.185 0.0 CG1 5 
   1089 0.902 0.0 HD21 90 
   1337 122.868 0.0 N 109 
   317 123.653 0.0 N 28 
   335 173.89 0.0 C 30 
   166 57.361 0.0 CA 17 
   487 0.685 0.0 HD12 42 
   1234 1.301 0.0 HG3 102 
   567 176.225 0.0 C 48 
   935 4.601 0.0 HA2 78 
   597 2.649 0.0 HE3 50 
   265 132.98 0.0 CD2 24 
   1076 4.014 0.0 HB2 89 
   1336 27.041 0.0 CG 109 
   679 42.559 0.0 CB 56 
   359 6.794 0.0 HD2 32 
   1136 58.032 0.0 CA 93 
   113 178.397 0.0 C 12 
   819 177.1 0.0 C 68 
   410 115.94 0.0 N 36 
   962 6.559 0.0 HE2 80 
   1194 2.763 0.0 HB3 98 
   1287 3.906 0.0 HA 106 
   201 0.832 0.0 HD11 20 
   602 35.539 0.0 CB 50 
   1318 50.22 0.0 CD 108 
   1289 1.513 0.0 HB3 106 
   977 6.86 0.0 HE1 81 
   1072 22.104 0.0 CG2 88 
   854 8.778 0.0 H 71 
   1346 127.482 0.0 N 110 
   842 1.246 0.0 HG12 70 
   548 4.133 0.0 HA 47 
   1333 42.849 0.0 CB 109 
   212 23.311 0.0 CD2 20 
   16 1.968 0.0 HB2 4 
   1085 1.073 0.0 HB3 90 
   482 128.169 0.0 N 41 
   967 133.192 0.0 CD2 80 
   600 175.125 0.0 C 50 
   102 2.197 0.0 HG3 11 
   1083 3.798 0.0 HA 90 
   674 0.1 0.0 HD22 56 
   285 72.209 0.0 CB 26 
   98 4.131 0.0 HA 11 
   141 117.597 0.0 N 15 
   685 2.151 0.0 HA 57 
   795 1.403 0.0 HB2 67 
   1119 3.827 0.0 HA2 92 
   889 125.865 0.0 N 73 
   1329 1.014 0.0 HD23 109 
   615 7.149 0.0 HZ 51 
   448 19.58 0.0 CG2 39 
   925 0.824 0.0 HD23 77 
   297 0.897 0.0 HD23 27 
   709 -0.209 0.0 HG22 59 
   830 2.202 0.0 HG3 69 
   338 20.464 0.0 CG1 30 
   1273 33.268 0.0 CB 104 
   1320 8.467 0.0 H 109 
   1122 47.672 0.0 CA 92 
   21 56.669 0.0 CA 4 
   529 4.564 0.0 HA 45 
   976 6.984 0.0 HD2 81 
   228 7.939 0.0 H 22 
   197 8.034 0.0 H 20 
   371 4.439 0.0 HA 33 
   464 126.626 0.0 N 40 
   1232 2.947 0.0 HE3 102 
   1286 6.969 0.0 H 106 
   203 0.832 0.0 HD13 20 
   381 26.709 0.0 CG 33 
   779 114.841 0.0 N 65 
   1180 1.643 0.0 HB3 97 
   84 0.86 0.0 HD12 10 
   226 118.077 0.0 N 21 
   1031 2.094 0.0 HB2 85 
   1053 2.584 0.0 HB2 87 
   53 178.059 0.0 C 7 
   163 2.46 0.0 HG2 17 
   91 56.126 0.0 CA 10 
   680 24.042 0.0 CD1 56 
