   1051 8.63 0.0 H 87 
   42 3.879 0.0 HB2 6 
   366 133.168 0.0 CD2 32 
   1256 118.379 0.0 CE3 103 
   373 1.546 0.0 HB3 33 
   711 173.265 0.0 C 59 
   133 114.553 0.0 N 14 
   103 177.123 0.0 C 11 
   84 0.86 0.0 HD12 10 
   153 43.249 0.0 CD 16 
   93 24.876 0.0 CD1 10 
   1222 181.335 0.0 C 101 
   1064 0.724 0.0 HG13 88 
   562 5.281 0.0 HA 48 
   189 2.505 0.0 HG2 19 
   464 126.626 0.0 N 40 
   220 2.502 0.0 HG2 21 
   145 1.84 0.0 HB3 16 
   1286 6.969 0.0 H 106 
   302 26.014 0.0 CD2 27 
   45 58.096 0.0 CA 6 
   429 21.782 0.0 CG1 38 
   239 43.459 0.0 CD 22 
   755 21.938 0.0 CG2 63 
   1112 64.55 0.0 CA 91 
   581 0.789 0.0 HD23 49 
   186 2.03 0.0 HE1 19 
   147 3.165 0.0 HD3 16 
   907 58.685 0.0 CA 75 
   409 36.871 0.0 CG 36 
   1156 26.8 0.0 CD1 94 
   296 0.897 0.0 HD22 27 
   279 4.215 0.0 HB 26 
   1333 42.849 0.0 CB 109 
   815 3.22 0.0 HD2 68 
   603 29.631 0.0 CD 50 
   652 2.966 0.0 HB2 54 
   560 121.275 0.0 N 47 
   1094 57.642 0.0 CA 90 
   656 39.184 0.0 CB 54 
   1126 1.663 0.0 HB2 93 
   962 6.559 0.0 HE2 80 
   377 1.378 0.0 HG3 33 
   972 4.47 0.0 HA 81 
   281 1.162 0.0 HG22 26 
   358 6.794 0.0 HD1 32 
   1230 1.624 0.0 HD3 102 
   421 0.713 0.0 HG12 38 
   156 8.14 0.0 H 17 
   924 0.824 0.0 HD22 77 
   1285 120.951 0.0 N 105 
   399 121.527 0.0 N 35 
   416 108.087 0.0 N 37 
   1259 121.776 0.0 CZ3 103 
   599 1.166 0.0 HG3 50 
   681 23.002 0.0 CD2 56 
   394 2.204 0.0 HG3 35 
   860 175.775 0.0 C 71 
   626 4.903 0.0 HA 52 
   1283 54.605 0.0 CA 105 
   559 27.613 0.0 CG 47 
   261 175.685 0.0 C 24 
   1103 0.62 0.0 HD11 91 
   810 117.57 0.0 N 67 
   513 54.59 0.0 CA 43 
   844 0.118 0.0 HG21 70 
   121 1.401 0.0 HB3 13 
   226 118.077 0.0 N 21 
   819 177.1 0.0 C 68 
   529 4.564 0.0 HA 45 
   1296 114.241 0.0 N 106 
   10 55.604 0.0 CA 3 
   885 4.148 0.0 HB2 73 
   415 46.016 0.0 CA 37 
   561 8.308 0.0 H 48 
   1073 121.549 0.0 N 88 
   861 54.724 0.0 CA 71 
   298 175.89 0.0 C 27 
   468 2.612 0.0 HB3 41 
   760 3.713 0.0 HD2 64 
   392 1.95 0.0 HB3 35 
   167 31.857 0.0 CB 17 
   62 7.585 0.0 HD22 8 
   338 20.464 0.0 CG1 30 
   821 31.556 0.0 CB 68 
   1267 2.298 0.0 HE2 104 
   1171 7.722 0.0 H 96 
   341 8.341 0.0 H 31 
   1002 4.209 0.0 HB 83 
   1196 3.595 0.0 HD3 98 
   1105 0.62 0.0 HD13 91 
   1319 26.852 0.0 CG 108 
   1276 117.096 0.0 N 104 
   110 1.37 0.0 HB1 12 
   212 23.311 0.0 CD2 20 
   242 7.95 0.0 H 23 
   600 175.125 0.0 C 50 
   324 64.918 0.0 CB 29 
   111 1.37 0.0 HB2 12 
   1085 1.073 0.0 HB3 90 
   55 19.004 0.0 CB 7 
   524 176.981 0.0 C 44 
   1026 22.07 0.0 CD2 84 
   175 2.198 0.0 HG2 18 
   1128 -0.102 0.0 HD11 93 
   1212 4.419 0.0 HA 100 
   1264 2.067 0.0 HB2 104 
   90 178.235 0.0 C 10 
   996 59.66 0.0 CA 82 
   478 132.608 0.0 CD2 41 
   979 6.755 0.0 HZ 81 
   229 4.086 0.0 HA 22 
   1201 31.248 0.0 CB 98 
   645 178.611 0.0 C 53 
   941 4.752 0.0 HA 79 
   826 4.487 0.0 HA 69 
   1329 1.014 0.0 HD23 109 
   309 3.084 0.0 HD3 28 
   236 178.223 0.0 C 22 
   434 1.87 0.0 HB 39 
   875 1.167 0.0 HG23 72 
   856 2.042 0.0 HB2 71 
   564 1.672 0.0 HB3 48 
   1304 26.649 0.0 CB 107 
   72 2.204 0.0 HG2 9 
   476 39.031 0.0 CB 41 
   840 0.635 0.0 HD12 70 
   792 110.754 0.0 NE2 66 
   348 174.131 0.0 C 31 
   1188 43.281 0.0 CD 97 
   1020 0.647 0.0 HD23 84 
   789 29.542 0.0 CB 66 
   36 32.906 0.0 CB 5 
   1141 120.762 0.0 N 93 
   1102 1.437 0.0 HB 91 
   1324 1.06 0.0 HD11 109 
   428 35.509 0.0 CB 38 
   400 7.08 0.0 H 36 
   951 34.536 0.0 CB 79 
   899 31.733 0.0 CB 74 
   999 124.087 0.0 N 82 
   2 2.029 0.0 HB2 3 
   30 0.883 0.0 HG13 5 
   299 56.06 0.0 CA 27 
   1173 3.752 0.0 HA3 96 
   1236 59.169 0.0 CA 102 
   1322 1.658 0.0 HB2 109 
   95 26.946 0.0 CG 10 
   21 56.669 0.0 CA 4 
   983 131.99 0.0 CD1 81 
   27 2.016 0.0 HB 5 
   323 57.62 0.0 CA 29 
   136 3.912 0.0 HB2 15 
   1027 26.393 0.0 CG 84 
   910 8.418 0.0 H 76 
   623 129.351 0.0 CZ 51 
   243 4.083 0.0 HA 23 
   700 0.928 0.0 HB3 58 
   107 120.956 0.0 N 11 
   1340 1.398 0.0 HB1 110 
   345 7.418 0.0 HE21 31 
   876 175.825 0.0 C 72 
   1032 2.265 0.0 HB3 85 
   791 117.742 0.0 N 66 
   966 133.192 0.0 CD1 80 
   1209 45.495 0.0 CA 99 
   547 7.703 0.0 H 47 
   1054 2.509 0.0 HB3 87 
   116 124.06 0.0 N 12 
   1063 0.724 0.0 HG12 88 
   284 59.488 0.0 CA 26 
   710 -0.209 0.0 HG23 59 
   601 55.26 0.0 CA 50 
   797 -0.04 0.0 HD11 67 
   97 8.147 0.0 H 11 
   1331 176.976 0.0 C 109 
   1145 1.482 0.0 HB3 94 
   1330 1.647 0.0 HG 109 
   590 8.188 0.0 H 50 
   997 30.452 0.0 CB 82 
   686 1.24 0.0 HB2 57 
   669 1.046 0.0 HB3 56 
   813 1.901 0.0 HB2 68 
   380 43.753 0.0 CD 33 
   1019 0.647 0.0 HD22 84 
   1139 22.143 0.0 CD2 93 
   995 178.206 0.0 C 82 
   287 104.093 0.0 N 26 
   728 133.724 0.0 CD2 60 
   57 8.312 0.0 H 8 
   752 1.15 0.0 HG23 63 
   360 6.319 0.0 HE1 32 
   426 173.629 0.0 C 38 
   771 1.946 0.0 HB2 65 
   556 57.292 0.0 CA 47 
   1245 3.08 0.0 HB3 103 
   518 128.415 0.0 N 43 
   1219 1.459 0.0 HB1 101 
   484 4.729 0.0 HA 42 
   475 56.064 0.0 CA 41 
   957 2.892 0.0 HB2 80 
   1038 37.004 0.0 CG 85 
   491 0.921 0.0 HG21 42 
   1013 1.467 0.0 HB2 84 
   252 119.302 0.0 N 23 
   422 0.713 0.0 HG13 38 
   511 1.668 0.0 HG 43 
   762 2.185 0.0 HG2 64 
   1132 0.068 0.0 HD22 93 
   159 2.044 0.0 HB3 17 
   178 58.414 0.0 CA 18 
   1292 174.911 0.0 C 106 
   528 7.355 0.0 H 45 
   355 4.887 0.0 HA 32 
   269 7.403 0.0 H 25 
   894 3.907 0.0 HD3 74 
   583 175.439 0.0 C 49 
   227 111.873 0.0 NE2 21 
   125 122.326 0.0 N 13 
   49 4.212 0.0 HA 7 
   814 1.811 0.0 HB3 68 
   527 122.697 0.0 N 44 
   1011 6.473 0.0 H 84 
   467 3.304 0.0 HB2 41 
   379 30.12 0.0 CB 33 
   944 0.692 0.0 HG12 79 
   908 64.358 0.0 CB 75 
   532 6.441 0.0 HD21 45 
   413 3.768 0.0 HA3 37 
   1122 47.672 0.0 CA 92 
   932 26.477 0.0 CG 77 
   714 19.939 0.0 CG2 59 
   644 1.601 0.0 HG3 53 
   444 61.503 0.0 CA 39 
   1193 1.534 0.0 HB2 98 
   1346 127.482 0.0 N 110 
   1211 8.646 0.0 H 100 
   162 2.001 0.0 HE3 17 
   418 4.915 0.0 HA 38 
   404 2.193 0.0 HG2 36 
   795 1.403 0.0 HB2 67 
   310 1.564 0.0 HG2 28 
   398 36.377 0.0 CG 35 
   1310 1.86 0.0 HB3 108 
   643 2.087 0.0 HG2 53 
   572 9.364 0.0 H 49 
   85 0.86 0.0 HD13 10 
   689 1.708 0.0 HG2 57 
   768 28.234 0.0 CG 64 
   1059 9.051 0.0 H 88 
   790 34.742 0.0 CG 66 
   1000 9.023 0.0 H 83 
   824 116.991 0.0 N 68 
   696 8.306 0.0 H 58 
   500 123.192 0.0 N 42 
   597 2.649 0.0 HE3 50 
   555 174.209 0.0 C 47 
   375 2.833 0.0 HD3 33 
   825 7.852 0.0 H 69 
   37 21.185 0.0 CG1 5 
   721 7.329 0.0 HD2 60 
   510 0.797 0.0 HD23 43 
   1028 116.818 0.0 N 84 
   502 5.108 0.0 HA 43 
   368 117.341 0.0 CE2 32 
   695 109.665 0.0 NE2 57 
   588 27.673 0.0 CG 49 
   1040 6.636 0.0 H 86 
   12 16.881 0.0 CE 3 
   965 41.026 0.0 CB 80 
   234 1.658 0.0 HG2 22 
   859 2.053 0.0 HG3 71 
   772 1.946 0.0 HB3 65 
   1185 174.894 0.0 C 97 
   1147 0.88 0.0 HD12 94 
   933 115.627 0.0 N 77 
   624 119.432 0.0 N 51 
   1234 1.301 0.0 HG3 102 
   523 1.364 0.0 HB3 44 
   671 0.563 0.0 HD12 56 
   708 -0.209 0.0 HG21 59 
   397 28.457 0.0 CB 35 
   628 1.678 0.0 HB3 52 
   1339 4.335 0.0 HA 110 
   1016 0.451 0.0 HD12 84 
   288 9.148 0.0 H 27 
   424 0.574 0.0 HG22 38 
   1274 15.91 0.0 CE 104 
   315 43.794 0.0 CD 28 
   726 37.813 0.0 CB 60 
   611 7.186 0.0 HD1 51 
   171 8.19 0.0 H 18 
   1155 41.391 0.0 CB 94 
   65 38.639 0.0 CB 8 
   570 36.376 0.0 CG 48 
   231 1.794 0.0 HB3 22 
   134 8.205 0.0 H 15 
   67 112.954 0.0 ND2 8 
   118 4.218 0.0 HA 13 
   35 62.128 0.0 CA 5 
   776 59.383 0.0 CA 65 
   586 25.513 0.0 CD1 49 
   717 4.115 0.0 HA 60 
   290 1.67 0.0 HB2 27 
   892 1.915 0.0 HB3 74 
   1041 4.768 0.0 HA 86 
   154 27.325 0.0 CG 16 
   264 132.98 0.0 CD1 24 
   940 8.683 0.0 H 79 
   34 176.074 0.0 C 5 
   1106 1.169 0.0 HG12 91 
   668 2.211 0.0 HB2 56 
   750 1.15 0.0 HG21 63 
   1223 56.234 0.0 CA 101 
   609 3.28 0.0 HB2 51 
   143 4.203 0.0 HA 16 
   582 1.602 0.0 HG 49 
   1023 54.419 0.0 CA 84 
   918 1.608 0.0 HB2 77 
   877 61.763 0.0 CA 72 
   32 0.884 0.0 HG22 5 
   1069 61.447 0.0 CA 88 
   137 3.912 0.0 HB3 15 
   747 8.206 0.0 H 63 
   663 55.404 0.0 CA 55 
   208 178.43 0.0 C 20 
   763 1.792 0.0 HG3 64 
   81 1.659 0.0 HB2 10 
   857 2.042 0.0 HB3 71 
   598 1.28 0.0 HG2 50 
   754 67.952 0.0 CB 63 
   676 1.245 0.0 HG 56 
   248 176.858 0.0 C 23 
   730 118.264 0.0 CE2 60 
   1042 1.871 0.0 HB2 86 
   126 8.165 0.0 H 14 
   823 27.438 0.0 CG 68 
   901 27.83 0.0 CG 74 
   322 171.729 0.0 C 29 
   1174 174.742 0.0 C 96 
   306 1.556 0.0 HB2 28 
   1202 43.141 0.0 CD 98 
   989 7.466 0.0 H 82 
   550 1.794 0.0 HB3 47 
   639 2.014 0.0 HB2 53 
   332 0.674 0.0 HG21 30 
   393 2.263 0.0 HG2 35 
   1175 45.733 0.0 CA 96 
   193 32.162 0.0 CB 19 
   1194 2.763 0.0 HB3 98 
   1312 3.044 0.0 HD3 108 
   1136 58.032 0.0 CA 93 
   419 1.757 0.0 HB 38 
   352 122.553 0.0 N 31 
   920 0.842 0.0 HD11 77 
   155 122.38 0.0 N 16 
   1046 174.095 0.0 C 86 
   883 8.586 0.0 H 73 
   554 1.442 0.0 HG3 47 
   1183 1.544 0.0 HG2 97 
   1284 17.87 0.0 CB 105 
   799 -0.04 0.0 HD13 67 
   20 176.331 0.0 C 4 
   1045 2.116 0.0 HG3 86 
   1087 0.758 0.0 HD12 90 
   245 1.795 0.0 HB3 23 
   800 0.36 0.0 HD21 67 
   1332 55.074 0.0 CA 109 
   806 41.98 0.0 CB 67 
   1348 4.214 0.0 HA 111 
   56 126.064 0.0 N 7 
   1108 0.555 0.0 HG21 91 
   432 9.458 0.0 H 39 
   466 4.852 0.0 HA 41 
   543 175.512 0.0 C 46 
   667 4.636 0.0 HA 56 
   1279 1.426 0.0 HB1 105 
   793 7.132 0.0 H 67 
   701 177.612 0.0 C 58 
   477 132.608 0.0 CD1 41 
   769 8.522 0.0 H 65 
   378 54.137 0.0 CA 33 
   661 3.034 0.0 HB3 55 
   896 2.031 0.0 HG3 74 
   1058 121.904 0.0 N 87 
   783 1.925 0.0 HB3 66 
   435 0.827 0.0 HD11 39 
   483 9.051 0.0 H 42 
   1157 23.025 0.0 CD2 94 
   274 58.413 0.0 CA 25 
   757 3.427 0.0 HA 64 
   1153 178.947 0.0 C 94 
   764 179.483 0.0 C 64 
   16 1.968 0.0 HB2 4 
   389 9.379 0.0 H 35 
   1082 8.799 0.0 H 90 
   798 -0.04 0.0 HD12 67 
   777 28.454 0.0 CB 65 
   1168 29.663 0.0 CB 95 
   235 1.535 0.0 HG3 22 
   363 57.485 0.0 CA 32 
   1300 1.173 0.0 HB3 107 
   779 114.841 0.0 N 65 
   1244 3.125 0.0 HB2 103 
   1167 56.089 0.0 CA 95 
   1342 1.398 0.0 HB3 110 
   333 0.674 0.0 HG22 30 
   886 3.722 0.0 HB3 73 
   63 175.868 0.0 C 8 
   119 1.401 0.0 HB1 13 
   666 7.22 0.0 H 56 
   584 53.785 0.0 CA 49 
   850 14.445 0.0 CD1 70 
   472 7.087 0.0 HE2 41 
   59 2.776 0.0 HB2 8 
   1200 56.621 0.0 CA 98 
   915 109.752 0.0 N 76 
   1104 0.62 0.0 HD12 91 
   725 60.827 0.0 CA 60 
   713 68.111 0.0 CB 59 
   558 43.885 0.0 CD 47 
   14 8.628 0.0 H 4 
   470 7.257 0.0 HD2 41 
   64 53.841 0.0 CA 8 
   773 2.328 0.0 HG2 65 
   1177 8.717 0.0 H 97 
   214 121.295 0.0 N 20 
   591 5.454 0.0 HA 50 
   316 26.623 0.0 CG 28 
   82 1.543 0.0 HB3 10 
   44 174.496 0.0 C 6 
   604 41.911 0.0 CE 50 
   880 28.809 0.0 CG1 72 
   630 3.332 0.0 HD3 52 
   357 2.697 0.0 HB3 32 
   370 8.36 0.0 H 33 
   1150 0.839 0.0 HD22 94 
   481 128.301 0.0 CZ 41 
   1226 3.979 0.0 HA 102 
   1068 174.389 0.0 C 88 
   140 63.455 0.0 CB 15 
   616 176.043 0.0 C 51 
   767 49.993 0.0 CD 64 
   374 3.051 0.0 HD2 33 
   335 173.89 0.0 C 30 
   1115 28.558 0.0 CG1 91 
   251 35.763 0.0 CG 23 
   5 2.037 0.0 HE2 3 
   376 1.44 0.0 HG2 33 
   202 0.832 0.0 HD12 20 
   848 60.153 0.0 CA 70 
   1326 1.06 0.0 HD13 109 
   1255 127.212 0.0 CD1 103 
   659 4.94 0.0 HA 55 
   976 6.984 0.0 HD2 81 
   971 8.68 0.0 H 81 
   486 0.685 0.0 HD11 42 
   580 0.789 0.0 HD22 49 
   297 0.897 0.0 HD23 27 
   1263 3.644 0.0 HA 104 
   1291 1.91 0.0 HG3 106 
   232 3.132 0.0 HD2 22 
   291 1.158 0.0 HB3 27 
   619 131.545 0.0 CD1 51 
   688 7.208 0.0 HE21 57 
   1071 21.209 0.0 CG1 88 
   1039 114.551 0.0 N 85 
   114 53.207 0.0 CA 12 
   677 175.248 0.0 C 56 
   913 174.359 0.0 C 76 
   1262 9.18 0.0 H 104 
   835 118.394 0.0 N 69 
   1034 2.094 0.0 HG3 85 
   1186 55.877 0.0 CA 97 
   1352 64.896 0.0 CB 111 
   964 55.493 0.0 CA 80 
   533 7.365 0.0 HD22 45 
   1328 1.014 0.0 HD22 109 
   80 4.197 0.0 HA 10 
   131 59.538 0.0 CA 14 
   992 1.901 0.0 HB3 82 
   794 4.296 0.0 HA 67 
   92 42.02 0.0 CB 10 
   158 2.044 0.0 HB2 17 
   462 21.236 0.0 CG1 40 
   1311 3.315 0.0 HD2 108 
   736 45.0 0.0 CA 61 
   188 2.03 0.0 HE3 19 
   403 1.619 0.0 HB3 36 
   1187 28.806 0.0 CB 97 
   1190 122.473 0.0 N 97 
   867 1.671 0.0 HB 72 
   280 1.162 0.0 HG21 26 
   185 2.046 0.0 HB3 19 
   822 43.453 0.0 CD 68 
   911 4.276 0.0 HA2 76 
   636 27.315 0.0 CG 52 
   1033 2.205 0.0 HG2 85 
   78 121.267 0.0 N 9 
   566 1.94 0.0 HG3 48 
   655 55.185 0.0 CA 54 
   833 28.69 0.0 CB 69 
   1321 4.315 0.0 HA 109 
   785 2.378 0.0 HG2 66 
   124 18.835 0.0 CB 13 
   74 177.247 0.0 C 9 
   647 30.867 0.0 CB 53 
   975 6.984 0.0 HD1 81 
   1148 0.88 0.0 HD13 94 
   192 57.55 0.0 CA 19 
   613 7.022 0.0 HE1 51 
   1353 121.137 0.0 N 111 
   391 1.95 0.0 HB2 35 
   321 3.555 0.0 HB3 29 
   180 36.33 0.0 CG 18 
   1257 124.8 0.0 CH2 103 
   1241 119.022 0.0 N 102 
   1163 2.236 0.0 HB3 95 
   916 7.499 0.0 H 77 
   557 30.762 0.0 CB 47 
   1118 7.314 0.0 H 92 
   459 174.702 0.0 C 40 
   719 2.799 0.0 HB3 60 
   318 7.994 0.0 H 29 
   1137 41.703 0.0 CB 93 
   308 3.145 0.0 HD2 28 
   1067 0.83 0.0 HG23 88 
   687 0.068 0.0 HB3 57 
   1170 117.117 0.0 N 95 
   578 0.712 0.0 HD13 49 
   260 6.701 0.0 HE2 24 
   401 4.289 0.0 HA 36 
   249 57.172 0.0 CA 23 
   48 8.431 0.0 H 7 
   1066 0.83 0.0 HG22 88 
   1093 177.109 0.0 C 90 
   326 8.245 0.0 H 30 
   489 1.467 0.0 HG12 42 
   985 130.512 0.0 CE1 81 
   1138 24.399 0.0 CD1 93 
   1260 121.319 0.0 N 103 
   1129 -0.102 0.0 HD12 93 
   83 0.86 0.0 HD11 10 
   884 4.521 0.0 HA 73 
   494 176.006 0.0 C 42 
   952 21.455 0.0 CG1 79 
   1237 32.751 0.0 CB 102 
   770 3.908 0.0 HA 65 
   1162 2.044 0.0 HB2 95 
   587 23.991 0.0 CD2 49 
   303 119.999 0.0 N 27 
   679 42.559 0.0 CB 56 
   1225 8.543 0.0 H 102 
   922 0.842 0.0 HD13 77 
   1090 0.902 0.0 HD22 90 
   453 0.769 0.0 HG11 40 
   1228 1.689 0.0 HB3 102 
   617 56.966 0.0 CA 51 
   854 8.778 0.0 H 71 
   1140 25.6 0.0 CG 93 
   727 133.724 0.0 CD1 60 
   973 3.113 0.0 HB2 81 
   66 116.954 0.0 N 8 
   1277 7.659 0.0 H 105 
   319 4.528 0.0 HA 29 
   191 177.964 0.0 C 19 
   120 1.401 0.0 HB2 13 
   257 7.074 0.0 HD1 24 
   23 36.128 0.0 CG 4 
   984 131.99 0.0 CD2 81 
   1113 37.084 0.0 CB 91 
   206 0.854 0.0 HD23 20 
   1307 117.066 0.0 N 107 
   396 59.18 0.0 CA 35 
   166 57.361 0.0 CA 17 
   79 8.06 0.0 H 10 
   349 54.359 0.0 CA 31 
   649 28.552 0.0 CG 53 
   978 6.86 0.0 HE2 81 
   1 4.425 0.0 HA 3 
   106 36.09 0.0 CG 11 
   890 4.309 0.0 HA 74 
   1318 50.22 0.0 CD 108 
   1269 2.941 0.0 HG2 104 
   187 2.03 0.0 HE2 19 
   204 0.854 0.0 HD21 20 
   1169 36.454 0.0 CG 95 
   293 0.75 0.0 HD12 27 
   897 177.861 0.0 C 74 
   674 0.1 0.0 HD22 56 
   1347 7.888 0.0 H 111 
   782 2.243 0.0 HB2 66 
   1181 3.087 0.0 HD2 97 
   285 72.209 0.0 CB 26 
   29 0.883 0.0 HG12 5 
   113 178.397 0.0 C 12 
   1125 3.727 0.0 HA 93 
   135 4.394 0.0 HA 15 
   365 133.168 0.0 CD1 32 
   1048 34.491 0.0 CB 86 
   1164 2.524 0.0 HG2 95 
   1278 3.948 0.0 HA 105 
   942 1.744 0.0 HB 79 
   446 15.099 0.0 CD1 39 
   1243 4.036 0.0 HA 103 
   849 42.252 0.0 CB 70 
   863 35.813 0.0 CG 71 
   181 119.875 0.0 N 18 
   919 1.608 0.0 HB3 77 
   685 2.151 0.0 HA 57 
   993 2.169 0.0 HG2 82 
   698 0.928 0.0 HB1 58 
   738 8.104 0.0 H 62 
   809 25.235 0.0 CG 67 
   765 65.999 0.0 CA 64 
   709 -0.209 0.0 HG22 59 
   1261 129.285 0.0 NE1 103 
   1024 42.208 0.0 CB 84 
   372 1.712 0.0 HB2 33 
   1336 27.041 0.0 CG 109 
   998 35.923 0.0 CG 82 
   802 0.36 0.0 HD23 67 
   832 55.752 0.0 CA 69 
   654 175.841 0.0 C 54 
   585 44.054 0.0 CB 49 
   405 2.086 0.0 HG3 36 
   1302 7.911 0.0 HE1 107 
   1180 1.643 0.0 HB3 97 
   201 0.832 0.0 HD11 20 
   865 9.013 0.0 H 72 
   887 57.766 0.0 CA 73 
   684 7.214 0.0 H 57 
   827 1.967 0.0 HB2 69 
   1229 1.65 0.0 HD2 102 
   343 1.96 0.0 HB2 31 
   382 130.005 0.0 N 33 
   906 175.703 0.0 C 75 
   596 2.85 0.0 HE2 50 
   238 30.597 0.0 CB 22 
   1076 4.014 0.0 HB2 89 
   961 6.559 0.0 HE1 80 
   1001 3.987 0.0 HA 83 
   480 130.657 0.0 CE2 41 
   878 38.256 0.0 CB 72 
   637 125.064 0.0 N 52 
   160 2.001 0.0 HE1 17 
   482 128.169 0.0 N 41 
   268 118.678 0.0 N 24 
   575 1.555 0.0 HB3 49 
   852 18.6 0.0 CG2 70 
   593 1.33 0.0 HB3 50 
   7 2.532 0.0 HG2 3 
   569 32.524 0.0 CB 48 
   607 8.847 0.0 H 51 
   190 2.638 0.0 HG3 19 
   73 2.204 0.0 HG3 9 
   622 131.675 0.0 CE2 51 
   1143 4.015 0.0 HA 94 
   741 1.112 0.0 HB2 62 
   1281 1.426 0.0 HB3 105 
   449 122.144 0.0 N 39 
   346 2.141 0.0 HG2 31 
   1258 114.304 0.0 CZ2 103 
   1268 2.298 0.0 HE3 104 
   351 33.242 0.0 CG 31 
   1100 7.464 0.0 H 91 
   1052 5.547 0.0 HA 87 
   1133 0.068 0.0 HD23 93 
   839 0.635 0.0 HD11 70 
   99 1.977 0.0 HB2 11 
   1166 176.559 0.0 C 95 
   970 126.853 0.0 N 80 
   664 42.87 0.0 CB 55 
   441 0.365 0.0 HG22 39 
   620 131.545 0.0 CD2 51 
   1089 0.902 0.0 HD21 90 
   165 177.442 0.0 C 17 
   734 3.361 0.0 HA3 61 
   1044 2.428 0.0 HG2 86 
   882 129.755 0.0 N 72 
   519 9.087 0.0 H 44 
   615 7.149 0.0 HZ 51 
   1003 1.317 0.0 HG21 83 
   935 4.601 0.0 HA2 78 
   1120 3.681 0.0 HA3 92 
   745 20.267 0.0 CB 62 
   1189 27.707 0.0 CG 97 
   170 119.345 0.0 N 17 
   331 0.252 0.0 HG13 30 
   425 0.574 0.0 HG23 38 
   1146 0.88 0.0 HD11 94 
   577 0.712 0.0 HD12 49 
   641 3.873 0.0 HD2 53 
   1338 8.637 0.0 H 110 
   123 53.303 0.0 CA 13 
   1294 30.476 0.0 CB 106 
   1099 129.702 0.0 N 90 
   438 1.863 0.0 HG12 39 
   105 29.983 0.0 CB 11 
   1144 1.93 0.0 HB2 94 
   925 0.824 0.0 HD23 77 
   864 126.24 0.0 N 71 
   953 22.452 0.0 CG2 79 
   1053 2.584 0.0 HB2 87 
   50 1.354 0.0 HB1 7 
   317 123.653 0.0 N 28 
   1060 4.191 0.0 HA 88 
   888 62.669 0.0 CB 73 
   1121 176.157 0.0 C 92 
   869 0.687 0.0 HD12 72 
   949 171.397 0.0 C 79 
   402 2.002 0.0 HB2 36 
   1351 59.865 0.0 CA 111 
   157 4.205 0.0 HA 17 
   723 6.914 0.0 HE2 60 
   218 1.928 0.0 HB3 21 
   803 1.287 0.0 HG 67 
   541 3.176 0.0 HB2 46 
   1135 174.204 0.0 C 93 
   1305 119.178 0.0 CD2 107 
   250 30.144 0.0 CB 23 
   1086 0.758 0.0 HD11 90 
   498 28.39 0.0 CG1 42 
   521 1.364 0.0 HB1 44 
   387 61.518 0.0 CA 34 
   638 4.146 0.0 HA 53 
   1242 8.089 0.0 H 103 
   846 0.118 0.0 HG23 70 
   1249 6.678 0.0 HH2 103 
   625 9.528 0.0 H 52 
   41 4.402 0.0 HA 6 
   923 0.824 0.0 HD21 77 
   1343 176.868 0.0 C 110 
   395 177.168 0.0 C 35 
   15 4.276 0.0 HA 4 
   129 3.873 0.0 HB3 14 
   904 3.917 0.0 HB2 75 
   602 35.539 0.0 CB 50 
   1238 29.357 0.0 CD 102 
   196 119.142 0.0 N 19 
   934 7.647 0.0 H 78 
   534 175.729 0.0 C 45 
   1275 32.912 0.0 CG 104 
   25 8.177 0.0 H 5 
   847 174.815 0.0 C 70 
   1248 6.803 0.0 HE3 103 
   843 0.613 0.0 HG13 70 
   1350 3.803 0.0 HB3 111 
   94 23.445 0.0 CD2 10 
   1297 7.064 0.0 H 107 
   545 39.065 0.0 CB 46 
   969 117.499 0.0 CE2 80 
   553 1.653 0.0 HG2 47 
   851 26.419 0.0 CG1 70 
   536 37.016 0.0 CB 45 
   1210 105.916 0.0 N 99 
   958 2.826 0.0 HB3 80 
   834 35.395 0.0 CG 69 
   1265 2.339 0.0 HB3 104 
   501 9.031 0.0 H 43 
   179 29.811 0.0 CB 18 
   410 115.94 0.0 N 36 
   787 175.329 0.0 C 66 
   1253 62.775 0.0 CA 103 
   414 174.303 0.0 C 37 
   690 0.608 0.0 HG3 57 
   683 118.239 0.0 N 56 
   931 23.53 0.0 CD2 77 
   520 3.968 0.0 HA 44 
   540 4.13 0.0 HA 46 
   705 6.395 0.0 H 59 
   122 178.794 0.0 C 13 
   195 32.102 0.0 CG 19 
   729 118.264 0.0 CE1 60 
   112 1.37 0.0 HB3 12 
   1198 1.141 0.0 HG3 98 
   912 3.67 0.0 HA3 76 
   1015 0.451 0.0 HD11 84 
   307 1.446 0.0 HB3 28 
   447 29.191 0.0 CG1 39 
   988 126.963 0.0 N 81 
   743 177.761 0.0 C 62 
   182 7.963 0.0 H 19 
   921 0.842 0.0 HD12 77 
   437 0.827 0.0 HD13 39 
   420 0.713 0.0 HG11 38 
   552 3.068 0.0 HD3 47 
   210 42.252 0.0 CB 20 
   454 0.769 0.0 HG12 40 
   1220 1.459 0.0 HB2 101 
   818 1.681 0.0 HG3 68 
   334 0.674 0.0 HG23 30 
   320 3.731 0.0 HB2 29 
   115 18.829 0.0 CB 12 
   986 130.512 0.0 CE2 81 
   959 6.868 0.0 HD1 80 
   1293 55.883 0.0 CA 106 
   465 9.605 0.0 H 41 
   411 7.908 0.0 H 37 
   516 24.929 0.0 CD2 43 
   1078 175.634 0.0 C 89 
   658 8.201 0.0 H 55 
   1123 103.835 0.0 N 92 
   286 22.829 0.0 CG2 26 
   1172 4.236 0.0 HA2 96 
   150 177.474 0.0 C 16 
   1323 1.528 0.0 HB3 109 
   47 119.949 0.0 N 6 
   1014 1.467 0.0 HB3 84 
   43 3.824 0.0 HB3 6 
   672 0.563 0.0 HD13 56 
   311 1.421 0.0 HG3 28 
   981 57.116 0.0 CA 81 
   704 116.752 0.0 N 58 
   936 4.045 0.0 HA3 78 
   1134 1.465 0.0 HG 93 
   775 178.76 0.0 C 65 
   774 2.196 0.0 HG3 65 
   203 0.832 0.0 HD13 20 
   1179 1.643 0.0 HB2 97 
   1349 3.803 0.0 HB2 111 
   53 178.059 0.0 C 7 
   1036 57.064 0.0 CA 85 
   1301 6.147 0.0 HD2 107 
   224 28.59 0.0 CB 21 
   254 4.315 0.0 HA 24 
   571 120.823 0.0 N 48 
   479 130.657 0.0 CE1 41 
   1195 3.779 0.0 HD2 98 
   1334 24.954 0.0 CD1 109 
   948 0.488 0.0 HG23 79 
   282 1.162 0.0 HG23 26 
   871 1.629 0.0 HG12 72 
   594 1.556 0.0 HD2 50 
   724 178.019 0.0 C 60 
   1199 175.018 0.0 C 98 
   33 0.884 0.0 HG23 5 
   660 3.288 0.0 HB2 55 
   273 172.134 0.0 C 25 
   1117 116.561 0.0 N 91 
   283 174.498 0.0 C 26 
   244 1.795 0.0 HB2 23 
   1098 26.895 0.0 CG 90 
   1006 175.706 0.0 C 83 
   237 57.61 0.0 CA 22 
   256 2.791 0.0 HB3 24 
   1022 175.527 0.0 C 84 
   295 0.897 0.0 HD21 27 
   217 2.12 0.0 HB2 21 
   1056 52.907 0.0 CA 87 
   1010 115.091 0.0 N 83 
   633 55.616 0.0 CA 52 
   1154 57.332 0.0 CA 94 
   618 43.776 0.0 CB 51 
   621 131.675 0.0 CE1 51 
   735 174.325 0.0 C 61 
   473 6.866 0.0 HZ 41 
   149 1.556 0.0 HG3 16 
   1280 1.426 0.0 HB2 105 
   548 4.133 0.0 HA 47 
   1192 3.921 0.0 HA 98 
   77 36.292 0.0 CG 9 
   51 1.354 0.0 HB2 7 
   54 53.151 0.0 CA 7 
   1055 175.722 0.0 C 87 
   1250 6.476 0.0 HZ2 103 
   266 118.071 0.0 CE1 24 
   1254 29.069 0.0 CB 103 
   567 176.225 0.0 C 48 
   471 7.087 0.0 HE1 41 
   469 7.257 0.0 HD1 41 
   742 1.112 0.0 HB3 62 
   1235 177.978 0.0 C 102 
   592 1.613 0.0 HB2 50 
   328 1.586 0.0 HB 30 
   950 59.293 0.0 CA 79 
   138 175.478 0.0 C 15 
   939 109.48 0.0 N 78 
   1203 29.125 0.0 CG 98 
   19 2.199 0.0 HG3 4 
   228 7.939 0.0 H 22 
   574 1.727 0.0 HB2 49 
   1077 3.766 0.0 HB3 89 
   733 3.771 0.0 HA2 61 
   1313 1.807 0.0 HG2 108 
   1215 58.114 0.0 CA 100 
   1084 1.612 0.0 HB2 90 
   589 125.107 0.0 N 49 
   223 57.396 0.0 CA 21 
   926 1.474 0.0 HG 77 
   1079 56.08 0.0 CA 89 
   1266 2.298 0.0 HE1 104 
   340 122.775 0.0 N 30 
   662 175.935 0.0 C 55 
   546 111.628 0.0 N 46 
   463 21.935 0.0 CG2 40 
   830 2.202 0.0 HG3 69 
   86 0.81 0.0 HD21 10 
   694 124.612 0.0 N 57 
   980 176.311 0.0 C 81 
   1009 23.764 0.0 CG2 83 
   205 0.854 0.0 HD22 20 
   653 2.515 0.0 HB3 54 
   241 119.729 0.0 N 22 
   595 1.556 0.0 HD3 50 
   69 4.162 0.0 HA 9 
   427 58.127 0.0 CA 38 
   1273 33.268 0.0 CB 104 
   1337 122.868 0.0 N 109 
   117 8.142 0.0 H 13 
   635 43.598 0.0 CD 52 
   732 8.751 0.0 H 61 
   289 4.249 0.0 HA 27 
   974 2.775 0.0 HB3 81 
   222 177.928 0.0 C 21 
   68 8.245 0.0 H 9 
   766 31.923 0.0 CB 64 
   88 0.81 0.0 HD23 10 
   514 42.395 0.0 CB 43 
   197 8.034 0.0 H 20 
   1341 1.398 0.0 HB2 110 
   1287 3.906 0.0 HA 106 
   1091 0.902 0.0 HD23 90 
   1127 1.079 0.0 HB3 93 
   344 1.8 0.0 HB3 31 
   1158 26.897 0.0 CG 94 
   720 7.329 0.0 HD1 60 
   881 17.673 0.0 CG2 72 
   1239 42.11 0.0 CE 102 
   716 7.089 0.0 H 60 
   199 1.86 0.0 HB2 20 
   1345 19.28 0.0 CB 110 
   327 4.941 0.0 HA 30 
   39 121.499 0.0 N 5 
   18 2.199 0.0 HG2 4 
   433 4.323 0.0 HA 39 
   207 1.708 0.0 HG 20 
   1240 24.762 0.0 CG 102 
   474 174.17 0.0 C 41 
   430 18.467 0.0 CG2 38 
   1320 8.467 0.0 H 109 
   485 1.815 0.0 HB 42 
   1221 1.459 0.0 HB3 101 
   4 2.037 0.0 HE1 3 
   610 2.552 0.0 HB3 51 
   927 176.209 0.0 C 77 
   866 4.208 0.0 HA 72 
   164 2.52 0.0 HG3 17 
   537 114.155 0.0 N 45 
   408 32.757 0.0 CB 36 
   177 176.883 0.0 C 18 
   91 56.126 0.0 CA 10 
   605 26.043 0.0 CG 50 
   272 3.847 0.0 HB3 25 
   746 123.335 0.0 N 62 
   862 32.946 0.0 CB 71 
   563 1.791 0.0 HB2 48 
   184 2.117 0.0 HB2 19 
   439 0.821 0.0 HG13 39 
   1314 1.807 0.0 HG3 108 
   1007 65.351 0.0 CA 83 
   225 33.973 0.0 CG 21 
   1074 8.503 0.0 H 89 
   230 1.794 0.0 HB2 22 
   1288 1.513 0.0 HB2 106 
   1325 1.06 0.0 HD12 109 
   646 65.032 0.0 CA 53 
   544 56.917 0.0 CA 46 
   263 38.578 0.0 CB 24 
   100 1.977 0.0 HB3 11 
   1224 17.772 0.0 CB 101 
   1101 3.198 0.0 HA 91 
   930 26.039 0.0 CD1 77 
   903 4.211 0.0 HA 75 
   1227 1.826 0.0 HB2 102 
   76 29.741 0.0 CB 9 
   505 0.893 0.0 HD11 43 
   508 0.797 0.0 HD21 43 
   691 59.107 0.0 CA 57 
   1335 24.143 0.0 CD2 109 
   715 99.63 0.0 N 59 
   132 63.477 0.0 CB 14 
   314 32.647 0.0 CB 28 
   451 4.77 0.0 HA 40 
   104 57.085 0.0 CA 11 
   1218 4.02 0.0 HA 101 
   963 175.006 0.0 C 80 
   905 3.917 0.0 HB3 75 
   240 27.348 0.0 CG 22 
   278 4.43 0.0 HA 26 
   364 38.922 0.0 CB 32 
   749 4.537 0.0 HB 63 
   898 65.658 0.0 CA 74 
   1290 2.19 0.0 HG2 106 
   842 1.246 0.0 HG12 70 
   1327 1.014 0.0 HD21 109 
   1151 0.839 0.0 HD23 94 
   6 2.037 0.0 HE3 3 
   673 0.1 0.0 HD21 56 
   305 4.445 0.0 HA 28 
   139 59.384 0.0 CA 15 
   1316 62.878 0.0 CA 108 
   718 3.132 0.0 HB2 60 
   488 0.685 0.0 HD13 42 
   648 49.824 0.0 CD 53 
   1065 0.83 0.0 HG21 88 
   386 176.483 0.0 C 34 
   1142 8.317 0.0 H 94 
   381 26.709 0.0 CG 33 
   61 6.882 0.0 HD21 8 
   96 121.828 0.0 N 10 
   1303 53.158 0.0 CA 107 
   276 113.556 0.0 N 25 
   891 2.382 0.0 HB2 74 
   761 3.801 0.0 HD3 64 
   937 170.501 0.0 C 78 
   870 0.687 0.0 HD13 72 
   1070 35.256 0.0 CB 88 
   336 60.933 0.0 CA 30 
   678 52.687 0.0 CA 56 
   1025 25.665 0.0 CD1 84 
   1252 181.021 0.0 C 103 
   46 64.02 0.0 CB 6 
   1017 0.451 0.0 HD13 84 
   1049 33.733 0.0 CG 86 
   246 1.981 0.0 HG2 23 
   300 43.838 0.0 CB 27 
   267 118.071 0.0 CE2 24 
   820 58.094 0.0 CA 68 
   1246 7.018 0.0 HD1 103 
   748 4.522 0.0 HA 63 
   829 2.202 0.0 HG2 69 
   751 1.15 0.0 HG22 63 
   1152 1.717 0.0 HG 94 
   1176 107.323 0.0 N 96 
   551 3.179 0.0 HD2 47 
   294 0.75 0.0 HD13 27 
   946 0.488 0.0 HG21 79 
   497 13.076 0.0 CD1 42 
   89 1.587 0.0 HG 10 
   1178 4.322 0.0 HA 97 
   384 3.925 0.0 HB2 34 
   1315 176.899 0.0 C 108 
   24 122.855 0.0 N 4 
   75 57.507 0.0 CA 9 
   987 127.489 0.0 CZ 81 
   576 0.712 0.0 HD11 49 
   17 1.884 0.0 HB3 4 
   127 4.342 0.0 HA 14 
   1191 7.999 0.0 H 98 
   98 4.131 0.0 HA 11 
   13 31.901 0.0 CG 3 
   442 0.365 0.0 HG23 39 
   1317 32.352 0.0 CB 108 
   731 124.377 0.0 N 60 
   275 64.876 0.0 CB 25 
   895 2.112 0.0 HG2 74 
   722 6.914 0.0 HE1 60 
   1012 4.131 0.0 HA 84 
   845 0.118 0.0 HG22 70 
   270 4.133 0.0 HA 25 
   914 45.558 0.0 CA 76 
   509 0.797 0.0 HD22 43 
   456 0.737 0.0 HG21 40 
   161 2.001 0.0 HE2 17 
   109 4.201 0.0 HA 12 
   457 0.737 0.0 HG22 40 
   209 56.978 0.0 CA 20 
   967 133.192 0.0 CD2 80 
   304 9.619 0.0 H 28 
   606 121.409 0.0 N 50 
   538 106.735 0.0 ND2 45 
   801 0.36 0.0 HD22 67 
   1207 3.902 0.0 HA3 99 
   837 4.508 0.0 HA 70 
   665 116.732 0.0 N 55 
   955 8.83 0.0 H 80 
   539 8.1 0.0 H 46 
   982 38.413 0.0 CB 81 
   1116 17.114 0.0 CG2 91 
   87 0.81 0.0 HD22 10 
   831 174.904 0.0 C 69 
