   510 0.797 0.0 HD23 43 
   1006 175.706 0.0 C 83 
   174 2.003 0.0 HB3 18 
   734 3.361 0.0 HA3 61 
   958 2.826 0.0 HB3 80 
   33 0.884 0.0 HG23 5 
   1320 8.467 0.0 H 109 
   687 0.068 0.0 HB3 57 
   202 0.832 0.0 HD12 20 
   456 0.737 0.0 HG21 40 
   430 18.467 0.0 CG2 38 
   1059 9.051 0.0 H 88 
   602 35.539 0.0 CB 50 
   836 7.957 0.0 H 70 
   654 175.841 0.0 C 54 
   311 1.421 0.0 HG3 28 
   1138 24.399 0.0 CD1 93 
   1106 1.169 0.0 HG12 91 
   1307 117.066 0.0 N 107 
   1026 22.07 0.0 CD2 84 
   1174 174.742 0.0 C 96 
   1227 1.826 0.0 HB2 102 
   547 7.703 0.0 H 47 
   637 125.064 0.0 N 52 
   591 5.454 0.0 HA 50 
   603 29.631 0.0 CD 50 
   542 2.79 0.0 HB3 46 
   564 1.672 0.0 HB3 48 
   938 45.05 0.0 CA 78 
   759 1.816 0.0 HB3 64 
   569 32.524 0.0 CB 48 
   920 0.842 0.0 HD11 77 
   103 177.123 0.0 C 11 
   440 0.365 0.0 HG21 39 
   1195 3.779 0.0 HD2 98 
   1328 1.014 0.0 HD22 109 
   745 20.267 0.0 CB 62 
   446 15.099 0.0 CD1 39 
   754 67.952 0.0 CB 63 
   881 17.673 0.0 CG2 72 
   400 7.08 0.0 H 36 
   644 1.601 0.0 HG3 53 
   779 114.841 0.0 N 65 
   464 126.626 0.0 N 40 
   596 2.85 0.0 HE2 50 
   495 61.316 0.0 CA 42 
   714 19.939 0.0 CG2 59 
   197 8.034 0.0 H 20 
   1313 1.807 0.0 HG2 108 
   95 26.946 0.0 CG 10 
   743 177.761 0.0 C 62 
   54 53.151 0.0 CA 7 
   145 1.84 0.0 HB3 16 
   1047 54.406 0.0 CA 86 
   1098 26.895 0.0 CG 90 
   540 4.13 0.0 HA 46 
   874 1.167 0.0 HG22 72 
   880 28.809 0.0 CG1 72 
   681 23.002 0.0 CD2 56 
   1073 121.549 0.0 N 88 
   1071 21.209 0.0 CG1 88 
   29 0.883 0.0 HG12 5 
   1136 58.032 0.0 CA 93 
   250 30.144 0.0 CB 23 
   1132 0.068 0.0 HD22 93 
   669 1.046 0.0 HB3 56 
   884 4.521 0.0 HA 73 
   1082 8.799 0.0 H 90 
   50 1.354 0.0 HB1 7 
   503 2.221 0.0 HB2 43 
   989 7.466 0.0 H 82 
   1249 6.678 0.0 HH2 103 
   496 38.247 0.0 CB 42 
   348 174.131 0.0 C 31 
   753 58.845 0.0 CA 63 
   582 1.602 0.0 HG 49 
   482 128.169 0.0 N 41 
   271 4.022 0.0 HB2 25 
   175 2.198 0.0 HG2 18 
   930 26.039 0.0 CD1 77 
   314 32.647 0.0 CB 28 
   283 174.498 0.0 C 26 
   248 176.858 0.0 C 23 
   897 177.861 0.0 C 74 
   892 1.915 0.0 HB3 74 
   1264 2.067 0.0 HB2 104 
   926 1.474 0.0 HG 77 
   849 42.252 0.0 CB 70 
   923 0.824 0.0 HD21 77 
   729 118.264 0.0 CE1 60 
   526 17.978 0.0 CB 44 
   650 7.948 0.0 H 54 
   1306 134.424 0.0 CE1 107 
   1265 2.339 0.0 HB3 104 
   357 2.697 0.0 HB3 32 
   218 1.928 0.0 HB3 21 
   494 176.006 0.0 C 42 
   481 128.301 0.0 CZ 41 
   822 43.453 0.0 CD 68 
   1298 4.435 0.0 HA 107 
   267 118.071 0.0 CE2 24 
   1322 1.658 0.0 HB2 109 
   302 26.014 0.0 CD2 27 
   209 56.978 0.0 CA 20 
   228 7.939 0.0 H 22 
   708 -0.209 0.0 HG21 59 
   942 1.744 0.0 HB 79 
   270 4.133 0.0 HA 25 
   894 3.907 0.0 HD3 74 
   172 4.121 0.0 HA 18 
   1292 174.911 0.0 C 106 
   978 6.86 0.0 HE2 81 
   1119 3.827 0.0 HA2 92 
   1042 1.871 0.0 HB2 86 
   81 1.659 0.0 HB2 10 
   517 28.618 0.0 CG 43 
   263 38.578 0.0 CB 24 
   338 20.464 0.0 CG1 30 
   435 0.827 0.0 HD11 39 
   60 2.712 0.0 HB3 8 
   199 1.86 0.0 HB2 20 
   257 7.074 0.0 HD1 24 
   961 6.559 0.0 HE1 80 
   245 1.795 0.0 HB3 23 
   355 4.887 0.0 HA 32 
   948 0.488 0.0 HG23 79 
   575 1.555 0.0 HB3 49 
   24 122.855 0.0 N 4 
   1019 0.647 0.0 HD22 84 
   119 1.401 0.0 HB1 13 
   1223 56.234 0.0 CA 101 
   201 0.832 0.0 HD11 20 
   629 3.283 0.0 HD2 52 
   1152 1.717 0.0 HG 94 
   830 2.202 0.0 HG3 69 
   586 25.513 0.0 CD1 49 
   281 1.162 0.0 HG22 26 
   367 117.341 0.0 CE1 32 
   203 0.832 0.0 HD13 20 
   240 27.348 0.0 CG 22 
   585 44.054 0.0 CB 49 
   903 4.211 0.0 HA 75 
   55 19.004 0.0 CB 7 
   1148 0.88 0.0 HD13 94 
   466 4.852 0.0 HA 41 
   1187 28.806 0.0 CB 97 
   436 0.827 0.0 HD12 39 
   1304 26.649 0.0 CB 107 
   968 117.499 0.0 CE1 80 
   1032 2.265 0.0 HB3 85 
   806 41.98 0.0 CB 67 
   645 178.611 0.0 C 53 
   957 2.892 0.0 HB2 80 
   327 4.941 0.0 HA 30 
   802 0.36 0.0 HD23 67 
   91 56.126 0.0 CA 10 
   1230 1.624 0.0 HD3 102 
   741 1.112 0.0 HB2 62 
   109 4.201 0.0 HA 12 
   305 4.445 0.0 HA 28 
   1114 13.047 0.0 CD1 91 
   1323 1.528 0.0 HB3 109 
   1034 2.094 0.0 HG3 85 
   106 36.09 0.0 CG 11 
   476 39.031 0.0 CB 41 
   607 8.847 0.0 H 51 
   207 1.708 0.0 HG 20 
   530 3.252 0.0 HB2 45 
   375 2.833 0.0 HD3 33 
   1151 0.839 0.0 HD23 94 
   1066 0.83 0.0 HG22 88 
   1145 1.482 0.0 HB3 94 
   817 1.801 0.0 HG2 68 
   1252 181.021 0.0 C 103 
   129 3.873 0.0 HB3 14 
   183 4.2 0.0 HA 19 
   102 2.197 0.0 HG3 11 
   1211 8.646 0.0 H 100 
   433 4.323 0.0 HA 39 
   722 6.914 0.0 HE1 60 
   598 1.28 0.0 HG2 50 
   800 0.36 0.0 HD21 67 
   110 1.37 0.0 HB1 12 
   140 63.455 0.0 CB 15 
   840 0.635 0.0 HD12 70 
   499 17.509 0.0 CG2 42 
   1058 121.904 0.0 N 87 
   320 3.731 0.0 HB2 29 
   1319 26.852 0.0 CG 108 
   1262 9.18 0.0 H 104 
   108 8.113 0.0 H 12 
   117 8.142 0.0 H 13 
   315 43.794 0.0 CD 28 
   490 0.882 0.0 HG13 42 
   431 105.549 0.0 N 38 
   1146 0.88 0.0 HD11 94 
   1068 174.389 0.0 C 88 
   1206 3.902 0.0 HA2 99 
   506 0.893 0.0 HD12 43 
   943 0.692 0.0 HG11 79 
   900 50.653 0.0 CD 74 
   437 0.827 0.0 HD13 39 
   987 127.489 0.0 CZ 81 
   191 177.964 0.0 C 19 
   507 0.893 0.0 HD13 43 
   356 2.875 0.0 HB2 32 
   521 1.364 0.0 HB1 44 
   793 7.132 0.0 H 67 
   114 53.207 0.0 CA 12 
   79 8.06 0.0 H 10 
   339 23.077 0.0 CG2 30 
   230 1.794 0.0 HB2 22 
   794 4.296 0.0 HA 67 
   1085 1.073 0.0 HB3 90 
   1240 24.762 0.0 CG 102 
   1260 121.319 0.0 N 103 
   1064 0.724 0.0 HG13 88 
   21 56.669 0.0 CA 4 
   553 1.653 0.0 HG2 47 
   500 123.192 0.0 N 42 
   910 8.418 0.0 H 76 
   935 4.601 0.0 HA2 78 
   1259 121.776 0.0 CZ3 103 
   1030 3.622 0.0 HA 85 
   128 3.873 0.0 HB2 14 
   635 43.598 0.0 CD 52 
   403 1.619 0.0 HB3 36 
   97 8.147 0.0 H 11 
   766 31.923 0.0 CB 64 
   1131 0.068 0.0 HD21 93 
   1247 9.086 0.0 HE1 103 
   1184 1.434 0.0 HG3 97 
   925 0.824 0.0 HD23 77 
   848 60.153 0.0 CA 70 
   412 3.965 0.0 HA2 37 
   451 4.77 0.0 HA 40 
   196 119.142 0.0 N 19 
   489 1.467 0.0 HG12 42 
   188 2.03 0.0 HE3 19 
   1089 0.902 0.0 HD21 90 
   288 9.148 0.0 H 27 
   347 2.215 0.0 HG3 31 
   1011 6.473 0.0 H 84 
   996 59.66 0.0 CA 82 
   733 3.771 0.0 HA2 61 
   13 31.901 0.0 CG 3 
   570 36.376 0.0 CG 48 
   797 -0.04 0.0 HD11 67 
   366 133.168 0.0 CD2 32 
   113 178.397 0.0 C 12 
   1315 176.899 0.0 C 108 
   1061 1.943 0.0 HB 88 
   222 177.928 0.0 C 21 
   268 118.678 0.0 N 24 
   929 42.125 0.0 CB 77 
   173 2.003 0.0 HB2 18 
   6 2.037 0.0 HE3 3 
   1207 3.902 0.0 HA3 99 
   694 124.612 0.0 N 57 
   449 122.144 0.0 N 39 
   1134 1.465 0.0 HG 93 
   1342 1.398 0.0 HB3 110 
   204 0.854 0.0 HD21 20 
   1109 0.555 0.0 HG22 91 
   775 178.76 0.0 C 65 
   19 2.199 0.0 HG3 4 
   976 6.984 0.0 HD2 81 
   1023 54.419 0.0 CA 84 
   902 7.893 0.0 H 75 
   112 1.37 0.0 HB3 12 
   1128 -0.102 0.0 HD11 93 
   936 4.045 0.0 HA3 78 
   533 7.365 0.0 HD22 45 
   1251 6.685 0.0 HZ3 103 
   423 0.574 0.0 HG21 38 
   626 4.903 0.0 HA 52 
   789 29.542 0.0 CB 66 
   104 57.085 0.0 CA 11 
   698 0.928 0.0 HB1 58 
   608 4.974 0.0 HA 51 
   864 126.24 0.0 N 71 
   615 7.149 0.0 HZ 51 
   336 60.933 0.0 CA 30 
   276 113.556 0.0 N 25 
   1125 3.727 0.0 HA 93 
   163 2.46 0.0 HG2 17 
   47 119.949 0.0 N 6 
   475 56.064 0.0 CA 41 
   952 21.455 0.0 CG1 79 
   275 64.876 0.0 CB 25 
   395 177.168 0.0 C 35 
   349 54.359 0.0 CA 31 
   1316 62.878 0.0 CA 108 
   274 58.413 0.0 CA 25 
   232 3.132 0.0 HD2 22 
   837 4.508 0.0 HA 70 
   363 57.485 0.0 CA 32 
   1075 4.745 0.0 HA 89 
   306 1.556 0.0 HB2 28 
   1255 127.212 0.0 CD1 103 
   690 0.608 0.0 HG3 57 
   419 1.757 0.0 HB 38 
   551 3.179 0.0 HD2 47 
   909 109.127 0.0 N 75 
   285 72.209 0.0 CB 26 
   80 4.197 0.0 HA 10 
   341 8.341 0.0 H 31 
   1044 2.428 0.0 HG2 86 
   818 1.681 0.0 HG3 68 
   265 132.98 0.0 CD2 24 
   691 59.107 0.0 CA 57 
   1050 114.682 0.0 N 86 
   1261 129.285 0.0 NE1 103 
   1277 7.659 0.0 H 105 
   778 36.644 0.0 CG 65 
   951 34.536 0.0 CB 79 
   1351 59.865 0.0 CA 111 
   705 6.395 0.0 H 59 
   815 3.22 0.0 HD2 68 
   606 121.409 0.0 N 50 
   86 0.81 0.0 HD21 10 
   313 56.669 0.0 CA 28 
   812 4.191 0.0 HA 68 
   977 6.86 0.0 HE1 81 
   9 176.016 0.0 C 3 
   876 175.825 0.0 C 72 
   993 2.169 0.0 HG2 82 
   967 133.192 0.0 CD2 80 
   37 21.185 0.0 CG1 5 
   846 0.118 0.0 HG23 70 
   852 18.6 0.0 CG2 70 
   72 2.204 0.0 HG2 9 
   224 28.59 0.0 CB 21 
   1081 120.776 0.0 N 89 
   153 43.249 0.0 CD 16 
   832 55.752 0.0 CA 69 
   161 2.001 0.0 HE2 17 
   1013 1.467 0.0 HB2 84 
   905 3.917 0.0 HB3 75 
   35 62.128 0.0 CA 5 
   1095 42.674 0.0 CB 90 
   44 174.496 0.0 C 6 
   610 2.552 0.0 HB3 51 
   63 175.868 0.0 C 8 
   1205 7.684 0.0 H 99 
   469 7.257 0.0 HD1 41 
   94 23.445 0.0 CD2 10 
   1033 2.205 0.0 HG2 85 
   238 30.597 0.0 CB 22 
   457 0.737 0.0 HG22 40 
   426 173.629 0.0 C 38 
   1016 0.451 0.0 HD12 84 
   618 43.776 0.0 CB 51 
   56 126.064 0.0 N 7 
   381 26.709 0.0 CG 33 
   144 1.84 0.0 HB2 16 
   1303 53.158 0.0 CA 107 
   26 4.098 0.0 HA 5 
   1179 1.643 0.0 HB2 97 
   623 129.351 0.0 CZ 51 
   854 8.778 0.0 H 71 
   944 0.692 0.0 HG12 79 
   1279 1.426 0.0 HB1 105 
   62 7.585 0.0 HD22 8 
   1186 55.877 0.0 CA 97 
   752 1.15 0.0 HG23 63 
   666 7.22 0.0 H 56 
   550 1.794 0.0 HB3 47 
   1093 177.109 0.0 C 90 
   321 3.555 0.0 HB3 29 
   254 4.315 0.0 HA 24 
   1318 50.22 0.0 CD 108 
   278 4.43 0.0 HA 26 
   985 130.512 0.0 CE1 81 
   616 176.043 0.0 C 51 
   1037 26.953 0.0 CB 85 
   1219 1.459 0.0 HB1 101 
   156 8.14 0.0 H 17 
   713 68.111 0.0 CB 59 
   132 63.477 0.0 CB 14 
   48 8.431 0.0 H 7 
   809 25.235 0.0 CG 67 
   1102 1.437 0.0 HB 91 
   895 2.112 0.0 HG2 74 
   322 171.729 0.0 C 29 
   595 1.556 0.0 HD3 50 
   1097 26.006 0.0 CD2 90 
   118 4.218 0.0 HA 13 
   841 0.635 0.0 HD13 70 
   581 0.789 0.0 HD23 49 
   372 1.712 0.0 HB2 33 
   42 3.879 0.0 HB2 6 
   309 3.084 0.0 HD3 28 
   1175 45.733 0.0 CA 96 
   933 115.627 0.0 N 77 
   1162 2.044 0.0 HB2 95 
   401 4.289 0.0 HA 36 
   1231 2.947 0.0 HE2 102 
   795 1.403 0.0 HB2 67 
   839 0.635 0.0 HD11 70 
   950 59.293 0.0 CA 79 
   774 2.196 0.0 HG3 65 
   1199 175.018 0.0 C 98 
   656 39.184 0.0 CB 54 
   1324 1.06 0.0 HD11 109 
   193 32.162 0.0 CB 19 
   604 41.911 0.0 CE 50 
   1203 29.125 0.0 CG 98 
   90 178.235 0.0 C 10 
   365 133.168 0.0 CD1 32 
   661 3.034 0.0 HB3 55 
   863 35.813 0.0 CG 71 
   791 117.742 0.0 N 66 
   649 28.552 0.0 CG 53 
   346 2.141 0.0 HG2 31 
   1341 1.398 0.0 HB2 110 
   27 2.016 0.0 HB 5 
   939 109.48 0.0 N 78 
   1130 -0.102 0.0 HD13 93 
   927 176.209 0.0 C 77 
   358 6.794 0.0 HD1 32 
   597 2.649 0.0 HE3 50 
   557 30.762 0.0 CB 47 
   3 1.935 0.0 HB3 3 
   772 1.946 0.0 HB3 65 
   784 7.328 0.0 HE21 66 
   1214 4.42 0.0 HB3 100 
   1076 4.014 0.0 HB2 89 
   1139 22.143 0.0 CD2 93 
   1201 31.248 0.0 CB 98 
   217 2.12 0.0 HB2 21 
   332 0.674 0.0 HG21 30 
   101 2.227 0.0 HG2 11 
   1337 122.868 0.0 N 109 
   763 1.792 0.0 HG3 64 
   135 4.394 0.0 HA 15 
   227 111.873 0.0 NE2 21 
   308 3.145 0.0 HD2 28 
   1170 117.117 0.0 N 95 
   658 8.201 0.0 H 55 
   587 23.991 0.0 CD2 49 
   177 176.883 0.0 C 18 
   922 0.842 0.0 HD13 77 
   609 3.28 0.0 HB2 51 
   1197 1.615 0.0 HG2 98 
   731 124.377 0.0 N 60 
   572 9.364 0.0 H 49 
   130 175.451 0.0 C 14 
   76 29.741 0.0 CB 9 
   643 2.087 0.0 HG2 53 
   167 31.857 0.0 CB 17 
   1144 1.93 0.0 HB2 94 
   182 7.963 0.0 H 19 
   1183 1.544 0.0 HG2 97 
   1048 34.491 0.0 CB 86 
   1112 64.55 0.0 CA 91 
   965 41.026 0.0 CB 80 
   31 0.884 0.0 HG21 5 
   189 2.505 0.0 HG2 19 
   917 4.552 0.0 HA 77 
   379 30.12 0.0 CB 33 
   323 57.62 0.0 CA 29 
   955 8.83 0.0 H 80 
   761 3.801 0.0 HD3 64 
   1263 3.644 0.0 HA 104 
   452 1.871 0.0 HB 40 
   1002 4.209 0.0 HB 83 
   406 176.435 0.0 C 36 
   904 3.917 0.0 HB2 75 
   149 1.556 0.0 HG3 16 
   786 2.098 0.0 HG3 66 
   383 3.616 0.0 HA 34 
   36 32.906 0.0 CB 5 
   89 1.587 0.0 HG 10 
   718 3.132 0.0 HB2 60 
   672 0.563 0.0 HD13 56 
   685 2.151 0.0 HA 57 
   1096 23.032 0.0 CD1 90 
   143 4.203 0.0 HA 16 
   160 2.001 0.0 HE1 17 
   168 16.963 0.0 CE 17 
   432 9.458 0.0 H 39 
   498 28.39 0.0 CG1 42 
   1121 176.157 0.0 C 92 
   1200 56.621 0.0 CA 98 
   18 2.199 0.0 HG2 4 
   28 0.883 0.0 HG11 5 
   632 1.861 0.0 HG3 52 
   290 1.67 0.0 HB2 27 
   940 8.683 0.0 H 79 
   853 125.545 0.0 N 70 
   277 7.753 0.0 H 26 
   1070 35.256 0.0 CB 88 
   677 175.248 0.0 C 56 
   556 57.292 0.0 CA 47 
   720 7.329 0.0 HD1 60 
   821 31.556 0.0 CB 68 
   973 3.113 0.0 HB2 81 
   811 7.214 0.0 H 68 
   954 116.911 0.0 N 79 
   843 0.613 0.0 HG13 70 
   7 2.532 0.0 HG2 3 
   1269 2.941 0.0 HG2 104 
   386 176.483 0.0 C 34 
   949 171.397 0.0 C 79 
   583 175.439 0.0 C 49 
   796 1.216 0.0 HB3 67 
   300 43.838 0.0 CB 27 
   23 36.128 0.0 CG 4 
   723 6.914 0.0 HE2 60 
   749 4.537 0.0 HB 63 
   898 65.658 0.0 CA 74 
   171 8.19 0.0 H 18 
   724 178.019 0.0 C 60 
   525 54.489 0.0 CA 44 
   1281 1.426 0.0 HB3 105 
   459 174.702 0.0 C 40 
   1163 2.236 0.0 HB3 95 
   742 1.112 0.0 HB3 62 
   657 111.513 0.0 N 54 
   667 4.636 0.0 HA 56 
   633 55.616 0.0 CA 52 
   1284 17.87 0.0 CB 105 
   870 0.687 0.0 HD13 72 
   216 4.037 0.0 HA 21 
   450 8.934 0.0 H 40 
   1270 2.214 0.0 HG3 104 
   768 28.234 0.0 CG 64 
   1271 178.325 0.0 C 104 
   679 42.559 0.0 CB 56 
   208 178.43 0.0 C 20 
   634 28.313 0.0 CB 52 
   1092 1.466 0.0 HG 90 
   535 52.068 0.0 CA 45 
   735 174.325 0.0 C 61 
   234 1.658 0.0 HG2 22 
   138 175.478 0.0 C 15 
   34 176.074 0.0 C 5 
   25 8.177 0.0 H 5 
   548 4.133 0.0 HA 47 
   244 1.795 0.0 HB2 23 
