   1165 2.274 0.0 HG3 95 
   48 8.431 0.0 H 7 
   493 0.921 0.0 HG23 42 
   630 3.332 0.0 HD3 52 
   241 119.729 0.0 N 22 
   635 43.598 0.0 CD 52 
   1260 121.319 0.0 N 103 
   5 2.037 0.0 HE2 3 
   2 2.029 0.0 HB2 3 
   799 -0.04 0.0 HD13 67 
   576 0.712 0.0 HD11 49 
   1276 117.096 0.0 N 104 
   303 119.999 0.0 N 27 
   1250 6.476 0.0 HZ2 103 
   454 0.769 0.0 HG12 40 
   8 2.492 0.0 HG3 3 
   595 1.556 0.0 HD3 50 
   1166 176.559 0.0 C 95 
   730 118.264 0.0 CE2 60 
   251 35.763 0.0 CG 23 
   205 0.854 0.0 HD22 20 
   465 9.605 0.0 H 41 
   119 1.401 0.0 HB1 13 
   776 59.383 0.0 CA 65 
   626 4.903 0.0 HA 52 
   487 0.685 0.0 HD12 42 
   939 109.48 0.0 N 78 
   1199 175.018 0.0 C 98 
   305 4.445 0.0 HA 28 
   538 106.735 0.0 ND2 45 
   300 43.838 0.0 CB 27 
   476 39.031 0.0 CB 41 
   1244 3.125 0.0 HB2 103 
   516 24.929 0.0 CD2 43 
   364 38.922 0.0 CB 32 
   558 43.885 0.0 CD 47 
   1027 26.393 0.0 CG 84 
   488 0.685 0.0 HD13 42 
   1323 1.528 0.0 HB3 109 
   943 0.692 0.0 HG11 79 
   999 124.087 0.0 N 82 
   1297 7.064 0.0 H 107 
   527 122.697 0.0 N 44 
   860 175.775 0.0 C 71 
   240 27.348 0.0 CG 22 
   49 4.212 0.0 HA 7 
   286 22.829 0.0 CG2 26 
   199 1.86 0.0 HB2 20 
   965 41.026 0.0 CB 80 
   414 174.303 0.0 C 37 
   175 2.198 0.0 HG2 18 
   759 1.816 0.0 HB3 64 
   238 30.597 0.0 CB 22 
   270 4.133 0.0 HA 25 
   698 0.928 0.0 HB1 58 
   985 130.512 0.0 CE1 81 
   700 0.928 0.0 HB3 58 
   235 1.535 0.0 HG3 22 
   761 3.801 0.0 HD3 64 
   661 3.034 0.0 HB3 55 
   1046 174.095 0.0 C 86 
   644 1.601 0.0 HG3 53 
   1249 6.678 0.0 HH2 103 
   358 6.794 0.0 HD1 32 
   478 132.608 0.0 CD2 41 
   1229 1.65 0.0 HD2 102 
   277 7.753 0.0 H 26 
   1056 52.907 0.0 CA 87 
   633 55.616 0.0 CA 52 
   197 8.034 0.0 H 20 
   416 108.087 0.0 N 37 
   171 8.19 0.0 H 18 
   1143 4.015 0.0 HA 94 
   25 8.177 0.0 H 5 
   186 2.03 0.0 HE1 19 
   498 28.39 0.0 CG1 42 
   1013 1.467 0.0 HB2 84 
   584 53.785 0.0 CA 49 
   504 1.708 0.0 HB3 43 
   1174 174.742 0.0 C 96 
   92 42.02 0.0 CB 10 
   1171 7.722 0.0 H 96 
   1291 1.91 0.0 HG3 106 
   501 9.031 0.0 H 43 
   1050 114.682 0.0 N 86 
   765 65.999 0.0 CA 64 
   1167 56.089 0.0 CA 95 
   1342 1.398 0.0 HB3 110 
   295 0.897 0.0 HD21 27 
   410 115.94 0.0 N 36 
   735 174.325 0.0 C 61 
   1208 171.528 0.0 C 99 
   1255 127.212 0.0 CD1 103 
   28 0.883 0.0 HG11 5 
   43 3.824 0.0 HB3 6 
   1225 8.543 0.0 H 102 
   646 65.032 0.0 CA 53 
   54 53.151 0.0 CA 7 
   580 0.789 0.0 HD22 49 
   1240 24.762 0.0 CG 102 
   955 8.83 0.0 H 80 
   202 0.832 0.0 HD12 20 
   1119 3.827 0.0 HA2 92 
   795 1.403 0.0 HB2 67 
   537 114.155 0.0 N 45 
   1300 1.173 0.0 HB3 107 
   252 119.302 0.0 N 23 
   195 32.102 0.0 CG 19 
   990 3.582 0.0 HA 82 
   701 177.612 0.0 C 58 
   74 177.247 0.0 C 9 
   40 8.389 0.0 H 6 
   319 4.528 0.0 HA 29 
   1325 1.06 0.0 HD12 109 
   844 0.118 0.0 HG21 70 
   394 2.204 0.0 HG3 35 
   64 53.841 0.0 CA 8 
   922 0.842 0.0 HD13 77 
   553 1.653 0.0 HG2 47 
   1100 7.464 0.0 H 91 
   1283 54.605 0.0 CA 105 
   1069 61.447 0.0 CA 88 
   519 9.087 0.0 H 44 
   587 23.991 0.0 CD2 49 
   1136 58.032 0.0 CA 93 
   326 8.245 0.0 H 30 
   1078 175.634 0.0 C 89 
   409 36.871 0.0 CG 36 
   1145 1.482 0.0 HB3 94 
   1239 42.11 0.0 CE 102 
   796 1.216 0.0 HB3 67 
   927 176.209 0.0 C 77 
   817 1.801 0.0 HG2 68 
   857 2.042 0.0 HB3 71 
   942 1.744 0.0 HB 79 
   804 174.721 0.0 C 67 
   35 62.128 0.0 CA 5 
   236 178.223 0.0 C 22 
   272 3.847 0.0 HB3 25 
   1162 2.044 0.0 HB2 95 
   41 4.402 0.0 HA 6 
   522 1.364 0.0 HB2 44 
   710 -0.209 0.0 HG23 59 
   847 174.815 0.0 C 70 
   1151 0.839 0.0 HD23 94 
   1127 1.079 0.0 HB3 93 
   722 6.914 0.0 HE1 60 
   1308 4.342 0.0 HA 108 
   1111 177.553 0.0 C 91 
   60 2.712 0.0 HB3 8 
   220 2.502 0.0 HG2 21 
   1094 57.642 0.0 CA 90 
   738 8.104 0.0 H 62 
   480 130.657 0.0 CE2 41 
   1251 6.685 0.0 HZ3 103 
   533 7.365 0.0 HD22 45 
   1282 179.136 0.0 C 105 
   823 27.438 0.0 CG 68 
   1083 3.798 0.0 HA 90 
   9 176.016 0.0 C 3 
   1200 56.621 0.0 CA 98 
   42 3.879 0.0 HB2 6 
   262 58.621 0.0 CA 24 
   1036 57.064 0.0 CA 85 
   244 1.795 0.0 HB2 23 
   371 4.439 0.0 HA 33 
   628 1.678 0.0 HB3 52 
   543 175.512 0.0 C 46 
   560 121.275 0.0 N 47 
   102 2.197 0.0 HG3 11 
   88 0.81 0.0 HD23 10 
   724 178.019 0.0 C 60 
   568 54.347 0.0 CA 48 
   150 177.474 0.0 C 16 
   579 0.789 0.0 HD21 49 
   428 35.509 0.0 CB 38 
   597 2.649 0.0 HE3 50 
   530 3.252 0.0 HB2 45 
   122 178.794 0.0 C 13 
   690 0.608 0.0 HG3 57 
   919 1.608 0.0 HB3 77 
   51 1.354 0.0 HB2 7 
   1288 1.513 0.0 HB2 106 
   840 0.635 0.0 HD12 70 
   937 170.501 0.0 C 78 
   964 55.493 0.0 CA 80 
   95 26.946 0.0 CG 10 
   418 4.915 0.0 HA 38 
   986 130.512 0.0 CE2 81 
   390 4.039 0.0 HA 35 
   406 176.435 0.0 C 36 
   1235 177.978 0.0 C 102 
   1292 174.911 0.0 C 106 
   370 8.36 0.0 H 33 
   928 54.378 0.0 CA 77 
   1332 55.074 0.0 CA 109 
   677 175.248 0.0 C 56 
   59 2.776 0.0 HB2 8 
   956 5.161 0.0 HA 80 
   403 1.619 0.0 HB3 36 
   117 8.142 0.0 H 13 
   73 2.204 0.0 HG3 9 
   1290 2.19 0.0 HG2 106 
   342 4.566 0.0 HA 31 
   154 27.325 0.0 CG 16 
   1135 174.204 0.0 C 93 
   689 1.708 0.0 HG2 57 
   891 2.382 0.0 HB2 74 
   647 30.867 0.0 CB 53 
   447 29.191 0.0 CG1 39 
   599 1.166 0.0 HG3 50 
   75 57.507 0.0 CA 9 
   506 0.893 0.0 HD12 43 
   1021 1.476 0.0 HG 84 
   851 26.419 0.0 CG1 70 
   156 8.14 0.0 H 17 
   1182 3.087 0.0 HD3 97 
   427 58.127 0.0 CA 38 
   269 7.403 0.0 H 25 
   1212 4.419 0.0 HA 100 
   824 116.991 0.0 N 68 
   318 7.994 0.0 H 29 
   714 19.939 0.0 CG2 59 
   106 36.09 0.0 CG 11 
   452 1.871 0.0 HB 40 
   1114 13.047 0.0 CD1 91 
   218 1.928 0.0 HB3 21 
   56 126.064 0.0 N 7 
   429 21.782 0.0 CG1 38 
   746 123.335 0.0 N 62 
   425 0.574 0.0 HG23 38 
   86 0.81 0.0 HD21 10 
   536 37.016 0.0 CB 45 
   22 29.994 0.0 CB 4 
   330 0.252 0.0 HG12 30 
   1053 2.584 0.0 HB2 87 
   13 31.901 0.0 CG 3 
   885 4.148 0.0 HB2 73 
   161 2.001 0.0 HE2 17 
   188 2.03 0.0 HE3 19 
   526 17.978 0.0 CB 44 
   1144 1.93 0.0 HB2 94 
   15 4.276 0.0 HA 4 
   1101 3.198 0.0 HA 91 
   160 2.001 0.0 HE1 17 
   96 121.828 0.0 N 10 
   1064 0.724 0.0 HG13 88 
   81 1.659 0.0 HB2 10 
   311 1.421 0.0 HG3 28 
   754 67.952 0.0 CB 63 
   940 8.683 0.0 H 79 
   93 24.876 0.0 CD1 10 
   889 125.865 0.0 N 73 
   207 1.708 0.0 HG 20 
   949 171.397 0.0 C 79 
   145 1.84 0.0 HB3 16 
   309 3.084 0.0 HD3 28 
   877 61.763 0.0 CA 72 
   507 0.893 0.0 HD13 43 
   1328 1.014 0.0 HD22 109 
   471 7.087 0.0 HE1 41 
   1043 1.238 0.0 HB3 86 
   7 2.532 0.0 HG2 3 
   514 42.395 0.0 CB 43 
   1309 2.209 0.0 HB2 108 
   1108 0.555 0.0 HG21 91 
   1346 127.482 0.0 N 110 
   170 119.345 0.0 N 17 
   666 7.22 0.0 H 56 
   1131 0.068 0.0 HD21 93 
   529 4.564 0.0 HA 45 
   393 2.263 0.0 HG2 35 
   605 26.043 0.0 CG 50 
   1307 117.066 0.0 N 107 
   544 56.917 0.0 CA 46 
   812 4.191 0.0 HA 68 
   177 176.883 0.0 C 18 
   520 3.968 0.0 HA 44 
   127 4.342 0.0 HA 14 
   169 32.011 0.0 CG 17 
   975 6.984 0.0 HD1 81 
   1211 8.646 0.0 H 100 
   691 59.107 0.0 CA 57 
   835 118.394 0.0 N 69 
   421 0.713 0.0 HG12 38 
   1224 17.772 0.0 CB 101 
   469 7.257 0.0 HD1 41 
   1090 0.902 0.0 HD22 90 
   1210 105.916 0.0 N 99 
   258 7.074 0.0 HD2 24 
   79 8.06 0.0 H 10 
   810 117.57 0.0 N 67 
   294 0.75 0.0 HD13 27 
   682 26.691 0.0 CG 56 
   84 0.86 0.0 HD12 10 
   790 34.742 0.0 CG 66 
   561 8.308 0.0 H 48 
   1168 29.663 0.0 CB 95 
   1295 36.323 0.0 CG 106 
   379 30.12 0.0 CB 33 
   204 0.854 0.0 HD21 20 
   1189 27.707 0.0 CG 97 
   749 4.537 0.0 HB 63 
   774 2.196 0.0 HG3 65 
   1116 17.114 0.0 CG2 91 
   1334 24.954 0.0 CD1 109 
   834 35.395 0.0 CG 69 
   457 0.737 0.0 HG22 40 
   1216 64.391 0.0 CB 100 
   819 177.1 0.0 C 68 
   755 21.938 0.0 CG2 63 
   1072 22.104 0.0 CG2 88 
   110 1.37 0.0 HB1 12 
   325 111.229 0.0 N 29 
   460 61.243 0.0 CA 40 
   200 1.476 0.0 HB3 20 
   651 4.702 0.0 HA 54 
   82 1.543 0.0 HB3 10 
   225 33.973 0.0 CG 21 
   1130 -0.102 0.0 HD13 93 
   420 0.713 0.0 HG11 38 
   895 2.112 0.0 HG2 74 
   392 1.95 0.0 HB3 35 
   1192 3.921 0.0 HA 98 
   292 0.75 0.0 HD11 27 
   1353 121.137 0.0 N 111 
   149 1.556 0.0 HG3 16 
   1042 1.871 0.0 HB2 86 
   623 129.351 0.0 CZ 51 
   607 8.847 0.0 H 51 
   1261 129.285 0.0 NE1 103 
   918 1.608 0.0 HB2 77 
   1022 175.527 0.0 C 84 
   832 55.752 0.0 CA 69 
   1186 55.877 0.0 CA 97 
   327 4.941 0.0 HA 30 
   123 53.303 0.0 CA 13 
   1156 26.8 0.0 CD1 94 
   636 27.315 0.0 CG 52 
   938 45.05 0.0 CA 78 
   167 31.857 0.0 CB 17 
   752 1.15 0.0 HG23 63 
   58 4.571 0.0 HA 8 
   838 1.325 0.0 HB 70 
   741 1.112 0.0 HB2 62 
   1324 1.06 0.0 HD11 109 
   1157 23.025 0.0 CD2 94 
   997 30.452 0.0 CB 82 
   1333 42.849 0.0 CB 109 
   1179 1.643 0.0 HB2 97 
   380 43.753 0.0 CD 33 
   391 1.95 0.0 HB2 35 
   341 8.341 0.0 H 31 
   1223 56.234 0.0 CA 101 
   1098 26.895 0.0 CG 90 
   1023 54.419 0.0 CA 84 
   1195 3.779 0.0 HD2 98 
   1351 59.865 0.0 CA 111 
   1160 7.738 0.0 H 95 
   1009 23.764 0.0 CG2 83 
   1245 3.08 0.0 HB3 103 
   126 8.165 0.0 H 14 
   423 0.574 0.0 HG21 38 
   1085 1.073 0.0 HB3 90 
   638 4.146 0.0 HA 53 
   1321 4.315 0.0 HA 109 
   911 4.276 0.0 HA2 76 
   404 2.193 0.0 HG2 36 
   174 2.003 0.0 HB3 18 
   1034 2.094 0.0 HG3 85 
   1164 2.524 0.0 HG2 95 
   715 99.63 0.0 N 59 
   334 0.674 0.0 HG23 30 
   1163 2.236 0.0 HB3 95 
   45 58.096 0.0 CA 6 
   1123 103.835 0.0 N 92 
   368 117.341 0.0 CE2 32 
   139 59.384 0.0 CA 15 
   44 174.496 0.0 C 6 
   634 28.313 0.0 CB 52 
   1201 31.248 0.0 CB 98 
   451 4.77 0.0 HA 40 
   279 4.215 0.0 HB 26 
   1349 3.803 0.0 HB2 111 
   182 7.963 0.0 H 19 
   232 3.132 0.0 HD2 22 
   1263 3.644 0.0 HA 104 
   85 0.86 0.0 HD13 10 
   181 119.875 0.0 N 18 
   453 0.769 0.0 HG11 40 
   1117 116.561 0.0 N 91 
   1294 30.476 0.0 CB 106 
   613 7.022 0.0 HE1 51 
   973 3.113 0.0 HB2 81 
   1052 5.547 0.0 HA 87 
   1071 21.209 0.0 CG1 88 
   450 8.934 0.0 H 40 
   945 0.692 0.0 HG13 79 
   415 46.016 0.0 CA 37 
   387 61.518 0.0 CA 34 
   1150 0.839 0.0 HD22 94 
   995 178.206 0.0 C 82 
   105 29.983 0.0 CB 11 
   1093 177.109 0.0 C 90 
   1024 42.208 0.0 CB 84 
   719 2.799 0.0 HB3 60 
   763 1.792 0.0 HG3 64 
   80 4.197 0.0 HA 10 
   960 6.868 0.0 HD2 80 
   432 9.458 0.0 H 39 
   572 9.364 0.0 H 49 
   214 121.295 0.0 N 20 
   684 7.214 0.0 H 57 
   1048 34.491 0.0 CB 86 
   1352 64.896 0.0 CB 111 
   1190 122.473 0.0 N 97 
   640 2.014 0.0 HB3 53 
   1005 1.317 0.0 HG23 83 
   792 110.754 0.0 NE2 66 
   151 57.826 0.0 CA 16 
   637 125.064 0.0 N 52 
   521 1.364 0.0 HB1 44 
   594 1.556 0.0 HD2 50 
   375 2.833 0.0 HD3 33 
   437 0.827 0.0 HD13 39 
   1279 1.426 0.0 HB1 105 
   908 64.358 0.0 CB 75 
   239 43.459 0.0 CD 22 
   875 1.167 0.0 HG23 72 
   1278 3.948 0.0 HA 105 
   862 32.946 0.0 CB 71 
   55 19.004 0.0 CB 7 
   6 2.037 0.0 HE3 3 
   849 42.252 0.0 CB 70 
   347 2.215 0.0 HG3 31 
   389 9.379 0.0 H 35 
   1256 118.379 0.0 CE3 103 
   356 2.875 0.0 HB2 32 
   1318 50.22 0.0 CD 108 
   141 117.597 0.0 N 15 
   1326 1.06 0.0 HD13 109 
   46 64.02 0.0 CB 6 
   264 132.98 0.0 CD1 24 
   412 3.965 0.0 HA2 37 
   1018 0.647 0.0 HD21 84 
   190 2.638 0.0 HG3 19 
   996 59.66 0.0 CA 82 
   283 174.498 0.0 C 26 
   65 38.639 0.0 CB 8 
   1268 2.298 0.0 HE3 104 
   941 4.752 0.0 HA 79 
   365 133.168 0.0 CD1 32 
   884 4.521 0.0 HA 73 
   547 7.703 0.0 H 47 
   672 0.563 0.0 HD13 56 
   312 176.07 0.0 C 28 
   1227 1.826 0.0 HB2 102 
   484 4.729 0.0 HA 42 
   524 176.981 0.0 C 44 
   1329 1.014 0.0 HD23 109 
   382 130.005 0.0 N 33 
   1104 0.62 0.0 HD12 91 
   828 1.967 0.0 HB3 69 
   1011 6.473 0.0 H 84 
   184 2.117 0.0 HB2 19 
   1105 0.62 0.0 HD13 91 
   1173 3.752 0.0 HA3 96 
   345 7.418 0.0 HE21 31 
   581 0.789 0.0 HD23 49 
   1304 26.649 0.0 CB 107 
   1214 4.42 0.0 HB3 100 
   1248 6.803 0.0 HE3 103 
   912 3.67 0.0 HA3 76 
   656 39.184 0.0 CB 54 
   125 122.326 0.0 N 13 
   1008 68.085 0.0 CB 83 
   771 1.946 0.0 HB2 65 
   1015 0.451 0.0 HD11 84 
   905 3.917 0.0 HB3 75 
   372 1.712 0.0 HB2 33 
   808 23.38 0.0 CD2 67 
   770 3.908 0.0 HA 65 
   502 5.108 0.0 HA 43 
   1193 1.534 0.0 HB2 98 
   743 177.761 0.0 C 62 
   1252 181.021 0.0 C 103 
   693 31.891 0.0 CG 57 
   954 116.911 0.0 N 79 
   837 4.508 0.0 HA 70 
   764 179.483 0.0 C 64 
   276 113.556 0.0 N 25 
   671 0.563 0.0 HD12 56 
   1299 2.411 0.0 HB2 107 
   590 8.188 0.0 H 50 
   314 32.647 0.0 CB 28 
   201 0.832 0.0 HD11 20 
   1082 8.799 0.0 H 90 
   766 31.923 0.0 CB 64 
   983 131.99 0.0 CD1 81 
   907 58.685 0.0 CA 75 
   1054 2.509 0.0 HB3 87 
   934 7.647 0.0 H 78 
   353 111.73 0.0 NE2 31 
   726 37.813 0.0 CB 60 
   1138 24.399 0.0 CD1 93 
   699 0.928 0.0 HB2 58 
   231 1.794 0.0 HB3 22 
   1025 25.665 0.0 CD1 84 
   565 2.222 0.0 HG2 48 
   706 3.734 0.0 HA 59 
   479 130.657 0.0 CE1 41 
   373 1.546 0.0 HB3 33 
   257 7.074 0.0 HD1 24 
   707 3.962 0.0 HB 59 
   36 32.906 0.0 CB 5 
   1213 4.108 0.0 HB2 100 
   642 4.012 0.0 HD3 53 
   328 1.586 0.0 HB 30 
   906 175.703 0.0 C 75 
   818 1.681 0.0 HG3 68 
   1233 1.398 0.0 HG2 102 
   1134 1.465 0.0 HG 93 
   914 45.558 0.0 CA 76 
   733 3.771 0.0 HA2 61 
   468 2.612 0.0 HB3 41 
   374 3.051 0.0 HD2 33 
   1095 42.674 0.0 CB 90 
   1327 1.014 0.0 HD21 109 
   559 27.613 0.0 CG 47 
   208 178.43 0.0 C 20 
   483 9.051 0.0 H 42 
   734 3.361 0.0 HA3 61 
   491 0.921 0.0 HG21 42 
   458 0.737 0.0 HG23 40 
   575 1.555 0.0 HB3 49 
   1317 32.352 0.0 CB 108 
   464 126.626 0.0 N 40 
   982 38.413 0.0 CB 81 
   972 4.47 0.0 HA 81 
   798 -0.04 0.0 HD12 67 
   1087 0.758 0.0 HD12 90 
