   821 31.556 0.0 CB 68 
   1109 0.555 0.0 HG22 91 
   610 2.552 0.0 HB3 51 
   1118 7.314 0.0 H 92 
   120 1.401 0.0 HB2 13 
   34 176.074 0.0 C 5 
   414 174.303 0.0 C 37 
   681 23.002 0.0 CD2 56 
   675 0.1 0.0 HD23 56 
   1151 0.839 0.0 HD23 94 
   739 4.298 0.0 HA 62 
   878 38.256 0.0 CB 72 
   97 8.147 0.0 H 11 
   1160 7.738 0.0 H 95 
   1225 8.543 0.0 H 102 
   893 3.803 0.0 HD2 74 
   835 118.394 0.0 N 69 
   339 23.077 0.0 CG2 30 
   750 1.15 0.0 HG21 63 
   703 20.052 0.0 CB 58 
   347 2.215 0.0 HG3 31 
   1025 25.665 0.0 CD1 84 
   111 1.37 0.0 HB2 12 
   377 1.378 0.0 HG3 33 
   109 4.201 0.0 HA 12 
   360 6.319 0.0 HE1 32 
   184 2.117 0.0 HB2 19 
   1263 3.644 0.0 HA 104 
   1043 1.238 0.0 HB3 86 
   911 4.276 0.0 HA2 76 
   54 53.151 0.0 CA 7 
   553 1.653 0.0 HG2 47 
   341 8.341 0.0 H 31 
   1143 4.015 0.0 HA 94 
   932 26.477 0.0 CG 77 
   1314 1.807 0.0 HG3 108 
   398 36.377 0.0 CG 35 
   836 7.957 0.0 H 70 
   496 38.247 0.0 CB 42 
   736 45.0 0.0 CA 61 
   453 0.769 0.0 HG11 40 
   1036 57.064 0.0 CA 85 
   774 2.196 0.0 HG3 65 
   435 0.827 0.0 HD11 39 
   957 2.892 0.0 HB2 80 
   1351 59.865 0.0 CA 111 
   13 31.901 0.0 CG 3 
   1285 120.951 0.0 N 105 
   183 4.2 0.0 HA 19 
   480 130.657 0.0 CE2 41 
   101 2.227 0.0 HG2 11 
   165 177.442 0.0 C 17 
   727 133.724 0.0 CD1 60 
   342 4.566 0.0 HA 31 
   630 3.332 0.0 HD3 52 
   1284 17.87 0.0 CB 105 
   600 175.125 0.0 C 50 
   1012 4.131 0.0 HA 84 
   906 175.703 0.0 C 75 
   63 175.868 0.0 C 8 
   1256 118.379 0.0 CE3 103 
   324 64.918 0.0 CB 29 
   520 3.968 0.0 HA 44 
   104 57.085 0.0 CA 11 
   429 21.782 0.0 CG1 38 
   951 34.536 0.0 CB 79 
   615 7.149 0.0 HZ 51 
   915 109.752 0.0 N 76 
   757 3.427 0.0 HA 64 
   169 32.011 0.0 CG 17 
   941 4.752 0.0 HA 79 
   803 1.287 0.0 HG 67 
   810 117.57 0.0 N 67 
   958 2.826 0.0 HB3 80 
   292 0.75 0.0 HD11 27 
   773 2.328 0.0 HG2 65 
   708 -0.209 0.0 HG21 59 
   259 6.701 0.0 HE1 24 
   210 42.252 0.0 CB 20 
   466 4.852 0.0 HA 41 
   1216 64.391 0.0 CB 100 
   565 2.222 0.0 HG2 48 
   574 1.727 0.0 HB2 49 
   1273 33.268 0.0 CB 104 
   394 2.204 0.0 HG3 35 
   1329 1.014 0.0 HD23 109 
   990 3.582 0.0 HA 82 
   500 123.192 0.0 N 42 
   1241 119.022 0.0 N 102 
   768 28.234 0.0 CG 64 
   1208 171.528 0.0 C 99 
   525 54.489 0.0 CA 44 
   724 178.019 0.0 C 60 
   823 27.438 0.0 CG 68 
   107 120.956 0.0 N 11 
   481 128.301 0.0 CZ 41 
   1133 0.068 0.0 HD23 93 
   769 8.522 0.0 H 65 
   1295 36.323 0.0 CG 106 
   644 1.601 0.0 HG3 53 
   775 178.76 0.0 C 65 
   358 6.794 0.0 HD1 32 
   1066 0.83 0.0 HG22 88 
   589 125.107 0.0 N 49 
   731 124.377 0.0 N 60 
   1065 0.83 0.0 HG21 88 
   1257 124.8 0.0 CH2 103 
   108 8.113 0.0 H 12 
   1064 0.724 0.0 HG13 88 
   950 59.293 0.0 CA 79 
   139 59.384 0.0 CA 15 
   940 8.683 0.0 H 79 
   885 4.148 0.0 HB2 73 
   968 117.499 0.0 CE1 80 
   855 4.692 0.0 HA 71 
   997 30.452 0.0 CB 82 
   723 6.914 0.0 HE2 60 
   1175 45.733 0.0 CA 96 
   110 1.37 0.0 HB1 12 
   448 19.58 0.0 CG2 39 
   239 43.459 0.0 CD 22 
   460 61.243 0.0 CA 40 
   1114 13.047 0.0 CD1 91 
   1011 6.473 0.0 H 84 
   1211 8.646 0.0 H 100 
   1174 174.742 0.0 C 96 
   1310 1.86 0.0 HB3 108 
   1116 17.114 0.0 CG2 91 
   1128 -0.102 0.0 HD11 93 
   602 35.539 0.0 CB 50 
   1328 1.014 0.0 HD22 109 
   643 2.087 0.0 HG2 53 
   1042 1.871 0.0 HB2 86 
   95 26.946 0.0 CG 10 
   427 58.127 0.0 CA 38 
   948 0.488 0.0 HG23 79 
   967 133.192 0.0 CD2 80 
   751 1.15 0.0 HG22 63 
   320 3.731 0.0 HB2 29 
   148 1.556 0.0 HG2 16 
   826 4.487 0.0 HA 69 
   1068 174.389 0.0 C 88 
   204 0.854 0.0 HD21 20 
   432 9.458 0.0 H 39 
   260 6.701 0.0 HE2 24 
   1071 21.209 0.0 CG1 88 
   1348 4.214 0.0 HA 111 
   833 28.69 0.0 CB 69 
   571 120.823 0.0 N 48 
   573 4.681 0.0 HA 49 
   309 3.084 0.0 HD3 28 
   122 178.794 0.0 C 13 
   1202 43.141 0.0 CD 98 
   870 0.687 0.0 HD13 72 
   1190 122.473 0.0 N 97 
   623 129.351 0.0 CZ 51 
   376 1.44 0.0 HG2 33 
   840 0.635 0.0 HD12 70 
   619 131.545 0.0 CD1 51 
   50 1.354 0.0 HB1 7 
   609 3.28 0.0 HB2 51 
   257 7.074 0.0 HD1 24 
   765 65.999 0.0 CA 64 
   1195 3.779 0.0 HD2 98 
   1145 1.482 0.0 HB3 94 
   56 126.064 0.0 N 7 
   450 8.934 0.0 H 40 
   567 176.225 0.0 C 48 
   361 6.319 0.0 HE2 32 
   1061 1.943 0.0 HB 88 
   482 128.169 0.0 N 41 
   974 2.775 0.0 HB3 81 
   1098 26.895 0.0 CG 90 
   772 1.946 0.0 HB3 65 
   660 3.288 0.0 HB2 55 
   1027 26.393 0.0 CG 84 
   386 176.483 0.0 C 34 
   1083 3.798 0.0 HA 90 
   539 8.1 0.0 H 46 
   203 0.832 0.0 HD13 20 
   930 26.039 0.0 CD1 77 
   16 1.968 0.0 HB2 4 
   1302 7.911 0.0 HE1 107 
   493 0.921 0.0 HG23 42 
   825 7.852 0.0 H 69 
   966 133.192 0.0 CD1 80 
   78 121.267 0.0 N 9 
   961 6.559 0.0 HE1 80 
   1164 2.524 0.0 HG2 95 
   236 178.223 0.0 C 22 
   837 4.508 0.0 HA 70 
   1327 1.014 0.0 HD21 109 
   1155 41.391 0.0 CB 94 
   884 4.521 0.0 HA 73 
   886 3.722 0.0 HB3 73 
   718 3.132 0.0 HB2 60 
   611 7.186 0.0 HD1 51 
   805 53.307 0.0 CA 67 
   618 43.776 0.0 CB 51 
   53 178.059 0.0 C 7 
   313 56.669 0.0 CA 28 
   1331 176.976 0.0 C 109 
   307 1.446 0.0 HB3 28 
   254 4.315 0.0 HA 24 
   1261 129.285 0.0 NE1 103 
   417 6.622 0.0 H 38 
   946 0.488 0.0 HG21 79 
   288 9.148 0.0 H 27 
   246 1.981 0.0 HG2 23 
   123 53.303 0.0 CA 13 
   649 28.552 0.0 CG 53 
   135 4.394 0.0 HA 15 
   175 2.198 0.0 HG2 18 
   138 175.478 0.0 C 15 
   1305 119.178 0.0 CD2 107 
   410 115.94 0.0 N 36 
   569 32.524 0.0 CB 48 
   734 3.361 0.0 HA3 61 
   720 7.329 0.0 HD1 60 
   806 41.98 0.0 CB 67 
   46 64.02 0.0 CB 6 
   478 132.608 0.0 CD2 41 
   1058 121.904 0.0 N 87 
   858 2.203 0.0 HG2 71 
   1002 4.209 0.0 HB 83 
   656 39.184 0.0 CB 54 
   970 126.853 0.0 N 80 
   206 0.854 0.0 HD23 20 
   973 3.113 0.0 HB2 81 
   645 178.611 0.0 C 53 
   1147 0.88 0.0 HD12 94 
   207 1.708 0.0 HG 20 
   684 7.214 0.0 H 57 
   808 23.38 0.0 CD2 67 
   524 176.981 0.0 C 44 
   1079 56.08 0.0 CA 89 
   888 62.669 0.0 CB 73 
   93 24.876 0.0 CD1 10 
   716 7.089 0.0 H 60 
   820 58.094 0.0 CA 68 
   904 3.917 0.0 HB2 75 
   198 4.193 0.0 HA 20 
   1292 174.911 0.0 C 106 
   1077 3.766 0.0 HB3 89 
   919 1.608 0.0 HB3 77 
   88 0.81 0.0 HD23 10 
   816 3.22 0.0 HD3 68 
   701 177.612 0.0 C 58 
   691 59.107 0.0 CA 57 
   914 45.558 0.0 CA 76 
   186 2.03 0.0 HE1 19 
   694 124.612 0.0 N 57 
   1092 1.466 0.0 HG 90 
   38 20.453 0.0 CG2 5 
   714 19.939 0.0 CG2 59 
   831 174.904 0.0 C 69 
   310 1.564 0.0 HG2 28 
   1217 116.809 0.0 N 100 
   729 118.264 0.0 CE1 60 
   585 44.054 0.0 CB 49 
   267 118.071 0.0 CE2 24 
   1322 1.658 0.0 HB2 109 
   62 7.585 0.0 HD22 8 
   1324 1.06 0.0 HD11 109 
   179 29.811 0.0 CB 18 
   48 8.431 0.0 H 7 
   418 4.915 0.0 HA 38 
   986 130.512 0.0 CE2 81 
   280 1.162 0.0 HG21 26 
   917 4.552 0.0 HA 77 
   545 39.065 0.0 CB 46 
   436 0.827 0.0 HD12 39 
   226 118.077 0.0 N 21 
   548 4.133 0.0 HA 47 
   582 1.602 0.0 HG 49 
   1180 1.643 0.0 HB3 97 
   583 175.439 0.0 C 49 
   1003 1.317 0.0 HG21 83 
   264 132.98 0.0 CD1 24 
   798 -0.04 0.0 HD12 67 
   1171 7.722 0.0 H 96 
   741 1.112 0.0 HB2 62 
   182 7.963 0.0 H 19 
   763 1.792 0.0 HG3 64 
   423 0.574 0.0 HG21 38 
   462 21.236 0.0 CG1 40 
   390 4.039 0.0 HA 35 
   667 4.636 0.0 HA 56 
   993 2.169 0.0 HG2 82 
   754 67.952 0.0 CB 63 
   437 0.827 0.0 HD13 39 
   1158 26.897 0.0 CG 94 
   404 2.193 0.0 HG2 36 
   584 53.785 0.0 CA 49 
   1248 6.803 0.0 HE3 103 
   813 1.901 0.0 HB2 68 
   1161 4.384 0.0 HA 95 
   1316 62.878 0.0 CA 108 
   1013 1.467 0.0 HB2 84 
   663 55.404 0.0 CA 55 
   152 30.165 0.0 CB 16 
   1123 103.835 0.0 N 92 
   116 124.06 0.0 N 12 
   1006 175.706 0.0 C 83 
   783 1.925 0.0 HB3 66 
   955 8.83 0.0 H 80 
   408 32.757 0.0 CB 36 
   483 9.051 0.0 H 42 
   522 1.364 0.0 HB2 44 
   882 129.755 0.0 N 72 
   195 32.102 0.0 CG 19 
   1267 2.298 0.0 HE2 104 
   581 0.789 0.0 HD23 49 
   253 8.087 0.0 H 24 
   1095 42.674 0.0 CB 90 
   80 4.197 0.0 HA 10 
   797 -0.04 0.0 HD11 67 
   688 7.208 0.0 HE21 57 
   393 2.263 0.0 HG2 35 
   243 4.083 0.0 HA 23 
   976 6.984 0.0 HD2 81 
   270 4.133 0.0 HA 25 
   780 7.728 0.0 H 66 
   388 62.613 0.0 CB 34 
   546 111.628 0.0 N 46 
   1206 3.902 0.0 HA2 99 
   715 99.63 0.0 N 59 
   874 1.167 0.0 HG22 72 
   24 122.855 0.0 N 4 
   300 43.838 0.0 CB 27 
   647 30.867 0.0 CB 53 
   629 3.283 0.0 HD2 52 
   470 7.257 0.0 HD2 41 
   268 118.678 0.0 N 24 
   334 0.674 0.0 HG23 30 
   709 -0.209 0.0 HG22 59 
   426 173.629 0.0 C 38 
   1185 174.894 0.0 C 97 
   81 1.659 0.0 HB2 10 
   321 3.555 0.0 HB3 29 
   987 127.489 0.0 CZ 81 
   359 6.794 0.0 HD2 32 
   1009 23.764 0.0 CG2 83 
   275 64.876 0.0 CB 25 
   793 7.132 0.0 H 67 
   1278 3.948 0.0 HA 105 
   748 4.522 0.0 HA 63 
   1264 2.067 0.0 HB2 104 
   1215 58.114 0.0 CA 100 
   233 3.132 0.0 HD3 22 
   297 0.897 0.0 HD23 27 
   1249 6.678 0.0 HH2 103 
   767 49.993 0.0 CD 64 
   943 0.692 0.0 HG11 79 
   1234 1.301 0.0 HG3 102 
   323 57.62 0.0 CA 29 
   699 0.928 0.0 HB2 58 
   597 2.649 0.0 HE3 50 
   1317 32.352 0.0 CB 108 
   252 119.302 0.0 N 23 
   1201 31.248 0.0 CB 98 
   222 177.928 0.0 C 21 
   654 175.841 0.0 C 54 
   224 28.59 0.0 CB 21 
   1299 2.411 0.0 HB2 107 
   1192 3.921 0.0 HA 98 
   79 8.06 0.0 H 10 
   1290 2.19 0.0 HG2 106 
   588 27.673 0.0 CG 49 
   1268 2.298 0.0 HE3 104 
   1048 34.491 0.0 CB 86 
   285 72.209 0.0 CB 26 
   902 7.893 0.0 H 75 
   316 26.623 0.0 CG 28 
   322 171.729 0.0 C 29 
   71 1.998 0.0 HB3 9 
   84 0.86 0.0 HD12 10 
   1024 42.208 0.0 CB 84 
   777 28.454 0.0 CB 65 
   537 114.155 0.0 N 45 
   413 3.768 0.0 HA3 37 
   859 2.053 0.0 HG3 71 
   158 2.044 0.0 HB2 17 
   1075 4.745 0.0 HA 89 
   352 122.553 0.0 N 31 
   474 174.17 0.0 C 41 
   563 1.791 0.0 HB2 48 
   550 1.794 0.0 HB3 47 
   628 1.678 0.0 HB3 52 
   869 0.687 0.0 HD12 72 
   1178 4.322 0.0 HA 97 
   370 8.36 0.0 H 33 
   845 0.118 0.0 HG22 70 
   209 56.978 0.0 CA 20 
   871 1.629 0.0 HG12 72 
   421 0.713 0.0 HG12 38 
   51 1.354 0.0 HB2 7 
   296 0.897 0.0 HD22 27 
   1308 4.342 0.0 HA 108 
   1289 1.513 0.0 HB3 106 
   305 4.445 0.0 HA 28 
   1115 28.558 0.0 CG1 91 
   818 1.681 0.0 HG3 68 
   121 1.401 0.0 HB3 13 
   1096 23.032 0.0 CD1 90 
   1262 9.18 0.0 H 104 
   1100 7.464 0.0 H 91 
   133 114.553 0.0 N 14 
   241 119.729 0.0 N 22 
   562 5.281 0.0 HA 48 
   154 27.325 0.0 CG 16 
   638 4.146 0.0 HA 53 
   60 2.712 0.0 HB3 8 
   1103 0.62 0.0 HD11 91 
   1028 116.818 0.0 N 84 
   534 175.729 0.0 C 45 
   1184 1.434 0.0 HG3 97 
   909 109.127 0.0 N 75 
   702 54.433 0.0 CA 58 
   1126 1.663 0.0 HB2 93 
   540 4.13 0.0 HA 46 
   113 178.397 0.0 C 12 
   18 2.199 0.0 HG2 4 
   607 8.847 0.0 H 51 
   1309 2.209 0.0 HB2 108 
   330 0.252 0.0 HG12 30 
   692 28.159 0.0 CB 57 
   936 4.045 0.0 HA3 78 
   176 2.198 0.0 HG3 18 
   839 0.635 0.0 HD11 70 
   29 0.883 0.0 HG12 5 
   1131 0.068 0.0 HD21 93 
   144 1.84 0.0 HB2 16 
   578 0.712 0.0 HD13 49 
   883 8.586 0.0 H 73 
   554 1.442 0.0 HG3 47 
   401 4.289 0.0 HA 36 
   286 22.829 0.0 CG2 26 
   465 9.605 0.0 H 41 
   1294 30.476 0.0 CB 106 
   613 7.022 0.0 HE1 51 
   333 0.674 0.0 HG22 30 
   761 3.801 0.0 HD3 64 
   26 4.098 0.0 HA 5 
   92 42.02 0.0 CB 10 
   249 57.172 0.0 CA 23 
   1122 47.672 0.0 CA 92 
   1125 3.727 0.0 HA 93 
   896 2.031 0.0 HG3 74 
   975 6.984 0.0 HD1 81 
   665 116.732 0.0 N 55 
   1063 0.724 0.0 HG12 88 
   276 113.556 0.0 N 25 
   614 7.022 0.0 HE2 51 
   1032 2.265 0.0 HB3 85 
   907 58.685 0.0 CA 75 
   652 2.966 0.0 HB2 54 
   442 0.365 0.0 HG23 39 
   279 4.215 0.0 HB 26 
   69 4.162 0.0 HA 9 
   274 58.413 0.0 CA 25 
   857 2.042 0.0 HB3 71 
   670 0.563 0.0 HD11 56 
   1005 1.317 0.0 HG23 83 
   959 6.868 0.0 HD1 80 
   794 4.296 0.0 HA 67 
   476 39.031 0.0 CB 41 
   586 25.513 0.0 CD1 49 
   130 175.451 0.0 C 14 
   632 1.861 0.0 HG3 52 
   272 3.847 0.0 HB3 25 
   447 29.191 0.0 CG1 39 
   1051 8.63 0.0 H 87 
   295 0.897 0.0 HD21 27 
   499 17.509 0.0 CG2 42 
   531 2.661 0.0 HB3 45 
   661 3.034 0.0 HB3 55 
   523 1.364 0.0 HB3 44 
   854 8.778 0.0 H 71 
   897 177.861 0.0 C 74 
   1021 1.476 0.0 HG 84 
   890 4.309 0.0 HA 74 
   529 4.564 0.0 HA 45 
   19 2.199 0.0 HG3 4 
   758 2.241 0.0 HB2 64 
   891 2.382 0.0 HB2 74 
   381 26.709 0.0 CG 33 
   136 3.912 0.0 HB2 15 
   1250 6.476 0.0 HZ2 103 
   487 0.685 0.0 HD12 42 
   1341 1.398 0.0 HB2 110 
   235 1.535 0.0 HG3 22 
   91 56.126 0.0 CA 10 
   205 0.854 0.0 HD22 20 
   230 1.794 0.0 HB2 22 
   867 1.671 0.0 HB 72 
   509 0.797 0.0 HD22 43 
   642 4.012 0.0 HD3 53 
   992 1.901 0.0 HB3 82 
   103 177.123 0.0 C 11 
   1017 0.451 0.0 HD13 84 
   1335 24.143 0.0 CD2 109 
   357 2.697 0.0 HB3 32 
   918 1.608 0.0 HB2 77 
   14 8.628 0.0 H 4 
   1275 32.912 0.0 CG 104 
   1074 8.503 0.0 H 89 
   782 2.243 0.0 HB2 66 
   753 58.845 0.0 CA 63 
   804 174.721 0.0 C 67 
   1182 3.087 0.0 HD3 97 
   59 2.776 0.0 HB2 8 
   1212 4.419 0.0 HA 100 
   944 0.692 0.0 HG12 79 
   863 35.813 0.0 CG 71 
   952 21.455 0.0 CG1 79 
   889 125.865 0.0 N 73 
   441 0.365 0.0 HG22 39 
   1144 1.93 0.0 HB2 94 
   150 177.474 0.0 C 16 
   787 175.329 0.0 C 66 
   712 59.886 0.0 CA 59 
   693 31.891 0.0 CG 57 
   22 29.994 0.0 CB 4 
   1177 8.717 0.0 H 97 
   354 9.231 0.0 H 32 
   3 1.935 0.0 HB3 3 
   312 176.07 0.0 C 28 
   202 0.832 0.0 HD12 20 
   167 31.857 0.0 CB 17 
   192 57.55 0.0 CA 19 
   1105 0.62 0.0 HD13 91 
   575 1.555 0.0 HB3 49 
   547 7.703 0.0 H 47 
   633 55.616 0.0 CA 52 
   560 121.275 0.0 N 47 
   700 0.928 0.0 HB3 58 
   355 4.887 0.0 HA 32 
   949 171.397 0.0 C 79 
   1298 4.435 0.0 HA 107 
   1132 0.068 0.0 HD22 93 
   223 57.396 0.0 CA 21 
   690 0.608 0.0 HG3 57 
   674 0.1 0.0 HD22 56 
   969 117.499 0.0 CE2 80 
   1210 105.916 0.0 N 99 
   1090 0.902 0.0 HD22 90 
   2 2.029 0.0 HB2 3 
   719 2.799 0.0 HB3 60 
   422 0.713 0.0 HG13 38 
   283 174.498 0.0 C 26 
   934 7.647 0.0 H 78 
   1333 42.849 0.0 CB 109 
   1094 57.642 0.0 CA 90 
   491 0.921 0.0 HG21 42 
   99 1.977 0.0 HB2 11 
   710 -0.209 0.0 HG23 59 
   865 9.013 0.0 H 72 
   705 6.395 0.0 H 59 
   1173 3.752 0.0 HA3 96 
   220 2.502 0.0 HG2 21 
   935 4.601 0.0 HA2 78 
   159 2.044 0.0 HB3 17 
   850 14.445 0.0 CD1 70 
   98 4.131 0.0 HA 11 
   1231 2.947 0.0 HE2 102 
   457 0.737 0.0 HG22 40 
   191 177.964 0.0 C 19 
   1117 116.561 0.0 N 91 
   964 55.493 0.0 CA 80 
   1134 1.465 0.0 HG 93 
   1154 57.332 0.0 CA 94 
   5 2.037 0.0 HE2 3 
   640 2.014 0.0 HB3 53 
   387 61.518 0.0 CA 34 
   1101 3.198 0.0 HA 91 
   7 2.532 0.0 HG2 3 
   926 1.474 0.0 HG 77 
   696 8.306 0.0 H 58 
   543 175.512 0.0 C 46 
   484 4.729 0.0 HA 42 
   1244 3.125 0.0 HB2 103 
   566 1.94 0.0 HG3 48 
   1293 55.883 0.0 CA 106 
   1338 8.637 0.0 H 110 
   931 23.53 0.0 CD2 77 
   161 2.001 0.0 HE2 17 
   1031 2.094 0.0 HB2 85 
   1297 7.064 0.0 H 107 
   517 28.618 0.0 CG 43 
   707 3.962 0.0 HB 59 
   20 176.331 0.0 C 4 
   1076 4.014 0.0 HB2 89 
   1246 7.018 0.0 HD1 103 
   605 26.043 0.0 CG 50 
   557 30.762 0.0 CB 47 
   908 64.358 0.0 CB 75 
   1019 0.647 0.0 HD22 84 
   1146 0.88 0.0 HD11 94 
   180 36.33 0.0 CG 18 
   999 124.087 0.0 N 82 
   1228 1.689 0.0 HB3 102 
   397 28.457 0.0 CB 35 
   488 0.685 0.0 HD13 42 
   39 121.499 0.0 N 5 
   995 178.206 0.0 C 82 
   265 132.98 0.0 CD2 24 
   1049 33.733 0.0 CG 86 
   1153 178.947 0.0 C 94 
   395 177.168 0.0 C 35 
   636 27.315 0.0 CG 52 
   1213 4.108 0.0 HB2 100 
   245 1.795 0.0 HB3 23 
   372 1.712 0.0 HB2 33 
   512 178.81 0.0 C 43 
   1072 22.104 0.0 CG2 88 
   187 2.03 0.0 HE2 19 
   374 3.051 0.0 HD2 33 
   1188 43.281 0.0 CD 97 
   314 32.647 0.0 CB 28 
   1319 26.852 0.0 CG 108 
   1014 1.467 0.0 HB3 84 
   664 42.87 0.0 CB 55 
   1026 22.07 0.0 CD2 84 
   30 0.883 0.0 HG13 5 
   977 6.86 0.0 HE1 81 
   513 54.59 0.0 CA 43 
   68 8.245 0.0 H 9 
   796 1.216 0.0 HB3 67 
   329 0.252 0.0 HG11 30 
   568 54.347 0.0 CA 48 
   118 4.218 0.0 HA 13 
   190 2.638 0.0 HG3 19 
   1288 1.513 0.0 HB2 106 
   171 8.19 0.0 H 18 
   17 1.884 0.0 HB3 4 
   899 31.733 0.0 CB 74 
   979 6.755 0.0 HZ 81 
   564 1.672 0.0 HB3 48 
   1200 56.621 0.0 CA 98 
   75 57.507 0.0 CA 9 
   994 2.169 0.0 HG3 82 
   407 56.237 0.0 CA 36 
   11 32.91 0.0 CB 3 
   527 122.697 0.0 N 44 
   1138 24.399 0.0 CD1 93 
   225 33.973 0.0 CG 21 
   1347 7.888 0.0 H 111 
   853 125.545 0.0 N 70 
   672 0.563 0.0 HD13 56 
   965 41.026 0.0 CB 80 
   1035 175.01 0.0 C 85 
   87 0.81 0.0 HD22 10 
   983 131.99 0.0 CD1 81 
   846 0.118 0.0 HG23 70 
   49 4.212 0.0 HA 7 
   519 9.087 0.0 H 44 
   648 49.824 0.0 CD 53 
   70 1.998 0.0 HB2 9 
   842 1.246 0.0 HG12 70 
   194 17.023 0.0 CE 19 
   468 2.612 0.0 HB3 41 
   142 8.148 0.0 H 16 
   258 7.074 0.0 HD2 24 
   373 1.546 0.0 HB3 33 
   1141 120.762 0.0 N 93 
   593 1.33 0.0 HB3 50 
   985 130.512 0.0 CE1 81 
   864 126.24 0.0 N 71 
   599 1.166 0.0 HG3 50 
   956 5.161 0.0 HA 80 
   472 7.087 0.0 HE2 41 
   533 7.365 0.0 HD22 45 
   132 63.477 0.0 CB 14 
   31 0.884 0.0 HG21 5 
   389 9.379 0.0 H 35 
   415 46.016 0.0 CA 37 
   620 131.545 0.0 CD2 51 
   766 31.923 0.0 CB 64 
   590 8.188 0.0 H 50 
   653 2.515 0.0 HB3 54 
   1199 175.018 0.0 C 98 
   1245 3.08 0.0 HB3 103 
   1277 7.659 0.0 H 105 
   717 4.115 0.0 HA 60 
   1197 1.615 0.0 HG2 98 
   744 52.177 0.0 CA 62 
   6 2.037 0.0 HE3 3 
   785 2.378 0.0 HG2 66 
   650 7.948 0.0 H 54 
   155 122.38 0.0 N 16 
   67 112.954 0.0 ND2 8 
   925 0.824 0.0 HD23 77 
   1189 27.707 0.0 CG 97 
   1059 9.051 0.0 H 88 
   536 37.016 0.0 CB 45 
   815 3.22 0.0 HD2 68 
   1121 176.157 0.0 C 92 
   1315 176.899 0.0 C 108 
   887 57.766 0.0 CA 73 
   937 170.501 0.0 C 78 
   771 1.946 0.0 HB2 65 
   1336 27.041 0.0 CG 109 
   542 2.79 0.0 HB3 46 
   1130 -0.102 0.0 HD13 93 
   668 2.211 0.0 HB2 56 
   1080 64.469 0.0 CB 89 
   1205 7.684 0.0 H 99 
   960 6.868 0.0 HD2 80 
   1157 23.025 0.0 CD2 94 
   1193 1.534 0.0 HB2 98 
   504 1.708 0.0 HB3 43 
   74 177.247 0.0 C 9 
   76 29.741 0.0 CB 9 
   1326 1.06 0.0 HD13 109 
   451 4.77 0.0 HA 40 
   832 55.752 0.0 CA 69 
   651 4.702 0.0 HA 54 
   356 2.875 0.0 HB2 32 
   57 8.312 0.0 H 8 
   416 108.087 0.0 N 37 
   1030 3.622 0.0 HA 85 
   344 1.8 0.0 HB3 31 
   617 56.966 0.0 CA 51 
   8 2.492 0.0 HG3 3 
   1135 174.204 0.0 C 93 
   1140 25.6 0.0 CG 93 
   177 176.883 0.0 C 18 
   1000 9.023 0.0 H 83 
   114 53.207 0.0 CA 12 
   1312 3.044 0.0 HD3 108 
   27 2.016 0.0 HB 5 
   1156 26.8 0.0 CD1 94 
   461 33.244 0.0 CB 40 
   52 1.354 0.0 HB3 7 
   658 8.201 0.0 H 55 
   508 0.797 0.0 HD21 43 
   1353 121.137 0.0 N 111 
   659 4.94 0.0 HA 55 
   1339 4.335 0.0 HA 110 
   399 121.527 0.0 N 35 
   822 43.453 0.0 CD 68 
   82 1.543 0.0 HB3 10 
   36 32.906 0.0 CB 5 
   406 176.435 0.0 C 36 
   375 2.833 0.0 HD3 33 
   1343 176.868 0.0 C 110 
   445 39.072 0.0 CB 39 
   467 3.304 0.0 HB2 41 
   895 2.112 0.0 HG2 74 
   1340 1.398 0.0 HB1 110 
   1107 0.614 0.0 HG13 91 
   506 0.893 0.0 HD12 43 
   662 175.935 0.0 C 55 
   689 1.708 0.0 HG2 57 
   1053 2.584 0.0 HB2 87 
   1045 2.116 0.0 HG3 86 
   61 6.882 0.0 HD21 8 
   646 65.032 0.0 CA 53 
   1349 3.803 0.0 HB2 111 
   929 42.125 0.0 CB 77 
   1227 1.826 0.0 HB2 102 
   1300 1.173 0.0 HB3 107 
   475 56.064 0.0 CA 41 
   362 174.519 0.0 C 32 
   1226 3.979 0.0 HA 102 
   213 26.891 0.0 CG 20 
   315 43.794 0.0 CD 28 
   102 2.197 0.0 HG3 11 
   1037 26.953 0.0 CB 85 
   337 34.762 0.0 CB 30 
   308 3.145 0.0 HD2 28 
   608 4.974 0.0 HA 51 
   962 6.559 0.0 HE2 80 
   860 175.775 0.0 C 71 
   1176 107.323 0.0 N 96 
   1304 26.649 0.0 CB 107 
   1233 1.398 0.0 HG2 102 
   1082 8.799 0.0 H 90 
   1093 177.109 0.0 C 90 
   1220 1.459 0.0 HB2 101 
   733 3.771 0.0 HA2 61 
   1307 117.066 0.0 N 107 
   469 7.257 0.0 HD1 41 
   170 119.345 0.0 N 17 
   40 8.389 0.0 H 6 
   281 1.162 0.0 HG22 26 
   1119 3.827 0.0 HA2 92 
   1088 0.758 0.0 HD13 90 
   380 43.753 0.0 CD 33 
   1029 7.848 0.0 H 85 
   94 23.445 0.0 CD2 10 
   348 174.131 0.0 C 31 
   340 122.775 0.0 N 30 
   384 3.925 0.0 HB2 34 
   988 126.963 0.0 N 81 
   1067 0.83 0.0 HG23 88 
   746 123.335 0.0 N 62 
   972 4.47 0.0 HA 81 
   385 3.839 0.0 HB3 34 
   1070 35.256 0.0 CB 88 
   444 61.503 0.0 CA 39 
   66 116.954 0.0 N 8 
   786 2.098 0.0 HG3 66 
   1 4.425 0.0 HA 3 
   1229 1.65 0.0 HD2 102 
   262 58.621 0.0 CA 24 
   928 54.378 0.0 CA 77 
   490 0.882 0.0 HG13 42 
   1258 114.304 0.0 CZ2 103 
   353 111.73 0.0 NE2 31 
   428 35.509 0.0 CB 38 
   606 121.409 0.0 N 50 
   278 4.43 0.0 HA 26 
   1087 0.758 0.0 HD12 90 
   1089 0.902 0.0 HD21 90 
   1033 2.205 0.0 HG2 85 
   1046 174.095 0.0 C 86 
   732 8.751 0.0 H 61 
   218 1.928 0.0 HB3 21 
   350 32.865 0.0 CB 31 
   181 119.875 0.0 N 18 
   35 62.128 0.0 CA 5 
   1034 2.094 0.0 HG3 85 
   558 43.885 0.0 CD 47 
   217 2.12 0.0 HB2 21 
   984 131.99 0.0 CD2 81 
   704 116.752 0.0 N 58 
   115 18.829 0.0 CB 12 
   1152 1.717 0.0 HG 94 
   411 7.908 0.0 H 37 
   319 4.528 0.0 HA 29 
   1332 55.074 0.0 CA 109 
   117 8.142 0.0 H 13 
   817 1.801 0.0 HG2 68 
   1219 1.459 0.0 HB1 101 
   1306 134.424 0.0 CE1 107 
   90 178.235 0.0 C 10 
   402 2.002 0.0 HB2 36 
   200 1.476 0.0 HB3 20 
   86 0.81 0.0 HD21 10 
   367 117.341 0.0 CE1 32 
   879 13.45 0.0 CD1 72 
   43 3.824 0.0 HB3 6 
   759 1.816 0.0 HB3 64 
   747 8.206 0.0 H 63 
   1181 3.087 0.0 HD2 97 
   592 1.613 0.0 HB2 50 
   1004 1.317 0.0 HG22 83 
   841 0.635 0.0 HD13 70 
   405 2.086 0.0 HG3 36 
   306 1.556 0.0 HB2 28 
   1313 1.807 0.0 HG2 108 
   1311 3.315 0.0 HD2 108 
   44 174.496 0.0 C 6 
   862 32.946 0.0 CB 71 
   788 57.206 0.0 CA 66 
   153 43.249 0.0 CD 16 
   1166 176.559 0.0 C 95 
   847 174.815 0.0 C 70 
   1254 29.069 0.0 CB 103 
   83 0.86 0.0 HD11 10 
   838 1.325 0.0 HB 70 
   477 132.608 0.0 CD1 41 
   364 38.922 0.0 CB 32 
   452 1.871 0.0 HB 40 
   227 111.873 0.0 NE2 21 
   41 4.402 0.0 HA 6 
   1232 2.947 0.0 HE3 102 
   1222 181.335 0.0 C 101 
   485 1.815 0.0 HB 42 
   1106 1.169 0.0 HG12 91 
   1162 2.044 0.0 HB2 95 
   791 117.742 0.0 N 66 
   544 56.917 0.0 CA 46 
   752 1.15 0.0 HG23 63 
   1170 117.117 0.0 N 95 
   621 131.675 0.0 CE1 51 
   880 28.809 0.0 CG1 72 
   725 60.827 0.0 CA 60 
   33 0.884 0.0 HG23 5 
   945 0.692 0.0 HG13 79 
   1346 127.482 0.0 N 110 
   304 9.619 0.0 H 28 
   596 2.85 0.0 HE2 50 
   666 7.22 0.0 H 56 
   1062 0.724 0.0 HG11 88 
   873 1.167 0.0 HG21 72 
   792 110.754 0.0 NE2 66 
   726 37.813 0.0 CB 60 
   799 -0.04 0.0 HD13 67 
   251 35.763 0.0 CG 23 
   64 53.841 0.0 CA 8 
   1040 6.636 0.0 H 86 
   996 59.66 0.0 CA 82 
   1047 54.406 0.0 CA 86 
   37 21.185 0.0 CG1 5 
   1001 3.987 0.0 HA 83 
   255 2.895 0.0 HB2 24 
   1148 0.88 0.0 HD13 94 
   1207 3.902 0.0 HA3 99 
   326 8.245 0.0 H 30 
   403 1.619 0.0 HB3 36 
   214 121.295 0.0 N 20 
   1110 0.555 0.0 HG23 91 
   1223 56.234 0.0 CA 101 
   1112 64.55 0.0 CA 91 
   1325 1.06 0.0 HD12 109 
   156 8.14 0.0 H 17 
   430 18.467 0.0 CG2 38 
   1168 29.663 0.0 CB 95 
   814 1.811 0.0 HB3 68 
   196 119.142 0.0 N 19 
   762 2.185 0.0 HG2 64 
   1221 1.459 0.0 HB3 101 
   455 0.769 0.0 HG13 40 
   277 7.753 0.0 H 26 
   193 32.162 0.0 CB 19 
   173 2.003 0.0 HB2 18 
   505 0.893 0.0 HD11 43 
   1274 15.91 0.0 CE 104 
   830 2.202 0.0 HG3 69 
   1023 54.419 0.0 CA 84 
   829 2.202 0.0 HG2 69 
   1186 55.877 0.0 CA 97 
   1039 114.551 0.0 N 85 
   1163 2.236 0.0 HB3 95 
   378 54.137 0.0 CA 33 
   247 1.908 0.0 HG3 23 
   1010 115.091 0.0 N 83 
   580 0.789 0.0 HD22 49 
   963 175.006 0.0 C 80 
   1265 2.339 0.0 HB3 104 
   526 17.978 0.0 CB 44 
   495 61.316 0.0 CA 42 
   521 1.364 0.0 HB1 44 
   555 174.209 0.0 C 47 
   21 56.669 0.0 CA 4 
   1272 60.65 0.0 CA 104 
   106 36.09 0.0 CG 11 
   1149 0.839 0.0 HD21 94 
   511 1.668 0.0 HG 43 
   1078 175.634 0.0 C 89 
   538 106.735 0.0 ND2 45 
   503 2.221 0.0 HB2 43 
   343 1.96 0.0 HB2 31 
   827 1.967 0.0 HB2 69 
   335 173.89 0.0 C 30 
   576 0.712 0.0 HD11 49 
   861 54.724 0.0 CA 71 
   199 1.86 0.0 HB2 20 
   32 0.884 0.0 HG22 5 
   635 43.598 0.0 CD 52 
   933 115.627 0.0 N 77 
   463 21.935 0.0 CG2 40 
   443 174.355 0.0 C 39 
   112 1.37 0.0 HB3 12 
   160 2.001 0.0 HE1 17 
   473 6.866 0.0 HZ 41 
   1303 53.158 0.0 CA 107 
   446 15.099 0.0 CD1 39 
   1247 9.086 0.0 HE1 103 
   876 175.825 0.0 C 72 
   164 2.52 0.0 HG3 17 
   28 0.883 0.0 HG11 5 
   237 57.61 0.0 CA 22 
   1104 0.62 0.0 HD12 91 
   242 7.95 0.0 H 23 
   228 7.939 0.0 H 22 
   1167 56.089 0.0 CA 95 
   800 0.36 0.0 HD21 67 
   756 111.934 0.0 N 63 
   781 4.059 0.0 HA 66 
   947 0.488 0.0 HG22 79 
   844 0.118 0.0 HG21 70 
   299 56.06 0.0 CA 27 
   383 3.616 0.0 HA 34 
   828 1.967 0.0 HB3 69 
   201 0.832 0.0 HD11 20 
   149 1.556 0.0 HG3 16 
   549 1.794 0.0 HB2 47 
   172 4.121 0.0 HA 18 
   424 0.574 0.0 HG22 38 
   868 0.687 0.0 HD11 72 
   516 24.929 0.0 CD2 43 
   1203 29.125 0.0 CG 98 
   809 25.235 0.0 CG 67 
   1230 1.624 0.0 HD3 102 
   1136 58.032 0.0 CA 93 
   1352 64.896 0.0 CB 111 
   631 1.861 0.0 HG2 52 
   991 1.901 0.0 HB2 82 
   737 118.169 0.0 N 61 
   497 13.076 0.0 CD1 42 
   332 0.674 0.0 HG21 30 
   1350 3.803 0.0 HB3 111 
   263 38.578 0.0 CB 24 
   912 3.67 0.0 HA3 76 
   637 125.064 0.0 N 52 
   168 16.963 0.0 CE 17 
   396 59.18 0.0 CA 35 
   1344 52.539 0.0 CA 110 
   151 57.826 0.0 CA 16 
   346 2.141 0.0 HG2 31 
   587 23.991 0.0 CD2 49 
   819 177.1 0.0 C 68 
   1240 24.762 0.0 CG 102 
   215 8.157 0.0 H 21 
   1236 59.169 0.0 CA 102 
   881 17.673 0.0 CG2 72 
   849 42.252 0.0 CB 70 
   400 7.08 0.0 H 36 
   790 34.742 0.0 CG 66 
   131 59.538 0.0 CA 14 
   302 26.014 0.0 CD2 27 
   119 1.401 0.0 HB1 13 
   291 1.158 0.0 HB3 27 
   626 4.903 0.0 HA 52 
   65 38.639 0.0 CB 8 
   604 41.911 0.0 CE 50 
   1253 62.775 0.0 CA 103 
   722 6.914 0.0 HE1 60 
   166 57.361 0.0 CA 17 
   425 0.574 0.0 HG23 38 
   1251 6.685 0.0 HZ3 103 
   1183 1.544 0.0 HG2 97 
   1137 41.703 0.0 CB 93 
   501 9.031 0.0 H 43 
   875 1.167 0.0 HG23 72 
   12 16.881 0.0 CE 3 
   250 30.144 0.0 CB 23 
   178 58.414 0.0 CA 18 
   770 3.908 0.0 HA 65 
   939 109.48 0.0 N 78 
   1345 19.28 0.0 CB 110 
   371 4.439 0.0 HA 33 
   208 178.43 0.0 C 20 
   4 2.037 0.0 HE1 3 
   1113 37.084 0.0 CB 91 
   1084 1.612 0.0 HB2 90 
   126 8.165 0.0 H 14 
   812 4.191 0.0 HA 68 
   301 26.22 0.0 CD1 27 
   851 26.419 0.0 CG1 70 
   229 4.086 0.0 HA 22 
   234 1.658 0.0 HG2 22 
   23 36.128 0.0 CG 4 
   1055 175.722 0.0 C 87 
   530 3.252 0.0 HB2 45 
   1276 117.096 0.0 N 104 
   327 4.941 0.0 HA 30 
   459 174.702 0.0 C 40 
   1097 26.006 0.0 CD2 90 
   1142 8.317 0.0 H 94 
   801 0.36 0.0 HD22 67 
   129 3.873 0.0 HB3 14 
   1127 1.079 0.0 HB3 93 
   923 0.824 0.0 HD21 77 
   905 3.917 0.0 HB3 75 
   1008 68.085 0.0 CB 83 
   749 4.537 0.0 HB 63 
   1255 127.212 0.0 CD1 103 
   189 2.505 0.0 HG2 19 
   579 0.789 0.0 HD21 49 
   1081 120.776 0.0 N 89 
   438 1.863 0.0 HG12 39 
   492 0.921 0.0 HG22 42 
   58 4.571 0.0 HA 8 
   673 0.1 0.0 HD21 56 
   1321 4.315 0.0 HA 109 
   1224 17.772 0.0 CB 101 
   185 2.046 0.0 HB3 19 
   639 2.014 0.0 HB2 53 
   1179 1.643 0.0 HB2 97 
   1269 2.941 0.0 HG2 104 
   256 2.791 0.0 HB3 24 
   706 3.734 0.0 HA 59 
   85 0.86 0.0 HD13 10 
   502 5.108 0.0 HA 43 
   1296 114.241 0.0 N 106 
   328 1.586 0.0 HB 30 
   954 116.911 0.0 N 79 
   238 30.597 0.0 CB 22 
   382 130.005 0.0 N 33 
   303 119.999 0.0 N 27 
   433 4.323 0.0 HA 39 
   439 0.821 0.0 HG13 39 
   532 6.441 0.0 HD21 45 
   1060 4.191 0.0 HA 88 
   1052 5.547 0.0 HA 87 
   1271 178.325 0.0 C 104 
   981 57.116 0.0 CA 81 
   216 4.037 0.0 HA 21 
   1320 8.467 0.0 H 109 
   898 65.658 0.0 CA 74 
   1050 114.682 0.0 N 86 
   572 9.364 0.0 H 49 
   802 0.36 0.0 HD23 67 
   1169 36.454 0.0 CG 95 
   913 174.359 0.0 C 76 
   363 57.485 0.0 CA 32 
   1283 54.605 0.0 CA 105 
   1286 6.969 0.0 H 106 
   1102 1.437 0.0 HB 91 
   55 19.004 0.0 CB 7 
   471 7.087 0.0 HE1 41 
   284 59.488 0.0 CA 26 
   498 28.39 0.0 CG1 42 
   162 2.001 0.0 HE3 17 
   1218 4.02 0.0 HA 101 
   655 55.185 0.0 CA 54 
   1259 121.776 0.0 CZ3 103 
   686 1.24 0.0 HB2 57 
   1301 6.147 0.0 HD2 107 
   764 179.483 0.0 C 64 
   683 118.239 0.0 N 56 
   627 2.135 0.0 HB2 52 
   412 3.965 0.0 HA2 37 
   901 27.83 0.0 CG 74 
   1196 3.595 0.0 HD3 98 
   561 8.308 0.0 H 48 
   479 130.657 0.0 CE1 41 
   697 3.592 0.0 HA 58 
   325 111.229 0.0 N 29 
   317 123.653 0.0 N 28 
   1015 0.451 0.0 HD11 84 
   779 114.841 0.0 N 65 
   147 3.165 0.0 HD3 16 
   379 30.12 0.0 CB 33 
   456 0.737 0.0 HG21 40 
   518 128.415 0.0 N 43 
   336 60.933 0.0 CA 30 
   392 1.95 0.0 HB3 35 
   1281 1.426 0.0 HB3 105 
   282 1.162 0.0 HG23 26 
   778 36.644 0.0 CG 65 
   1091 0.902 0.0 HD23 90 
   349 54.359 0.0 CA 31 
   559 27.613 0.0 CG 47 
   1073 121.549 0.0 N 88 
   449 122.144 0.0 N 39 
   598 1.28 0.0 HG2 50 
   1038 37.004 0.0 CG 85 
   1120 3.681 0.0 HA3 92 
   72 2.204 0.0 HG2 9 
   89 1.587 0.0 HG 10 
   1016 0.451 0.0 HD12 84 
   145 1.84 0.0 HB3 16 
   188 2.03 0.0 HE3 19 
   331 0.252 0.0 HG13 30 
   982 38.413 0.0 CB 81 
   1191 7.999 0.0 H 98 
   541 3.176 0.0 HB2 46 
   271 4.022 0.0 HB2 25 
   489 1.467 0.0 HG12 42 
   1159 119.88 0.0 N 94 
   671 0.563 0.0 HD12 56 
   212 23.311 0.0 CD2 20 
   1150 0.839 0.0 HD22 94 
   273 172.134 0.0 C 25 
   601 55.26 0.0 CA 50 
   128 3.873 0.0 HB2 14 
   980 176.311 0.0 C 81 
   143 4.203 0.0 HA 16 
   942 1.744 0.0 HB 79 
   15 4.276 0.0 HA 4 
   289 4.249 0.0 HA 27 
   743 177.761 0.0 C 62 
   440 0.365 0.0 HG21 39 
   221 2.215 0.0 HG3 21 
   163 2.46 0.0 HG2 17 
   1214 4.42 0.0 HB3 100 
   1108 0.555 0.0 HG21 91 
   146 3.165 0.0 HD2 16 
   916 7.499 0.0 H 77 
   1239 42.11 0.0 CE 102 
   45 58.096 0.0 CA 6 
   892 1.915 0.0 HB3 74 
   1198 1.141 0.0 HG3 98 
   318 7.994 0.0 H 29 
   687 0.068 0.0 HB3 57 
   464 126.626 0.0 N 40 
   174 2.003 0.0 HB3 18 
   1056 52.907 0.0 CA 87 
   528 7.355 0.0 H 45 
   591 5.454 0.0 HA 50 
   454 0.769 0.0 HG12 40 
   927 176.209 0.0 C 77 
   1194 2.763 0.0 HB3 98 
   742 1.112 0.0 HB3 62 
   25 8.177 0.0 H 5 
   1266 2.298 0.0 HE1 104 
   368 117.341 0.0 CE2 32 
   998 35.923 0.0 CG 82 
   872 0.696 0.0 HG13 72 
   231 1.794 0.0 HB3 22 
   535 52.068 0.0 CA 45 
   9 176.016 0.0 C 3 
   134 8.205 0.0 H 15 
   1022 175.527 0.0 C 84 
   1337 122.868 0.0 N 109 
   1291 1.91 0.0 HG3 106 
   1252 181.021 0.0 C 103 
   921 0.842 0.0 HD12 77 
   338 20.464 0.0 CG1 30 
   140 63.455 0.0 CB 15 
   290 1.67 0.0 HB2 27 
   1270 2.214 0.0 HG3 104 
   740 1.112 0.0 HB1 62 
   971 8.68 0.0 H 81 
   622 131.675 0.0 CE2 51 
   211 25.394 0.0 CD1 20 
   100 1.977 0.0 HB3 11 
   1044 2.428 0.0 HG2 86 
   1124 7.615 0.0 H 93 
   852 18.6 0.0 CG2 70 
   494 176.006 0.0 C 42 
