   1045 2.116 0.0 HG3 86 
   416 108.087 0.0 N 37 
   1291 1.91 0.0 HG3 106 
   745 20.267 0.0 CB 62 
   1257 124.8 0.0 CH2 103 
   879 13.45 0.0 CD1 72 
   990 3.582 0.0 HA 82 
   1104 0.62 0.0 HD12 91 
   415 46.016 0.0 CA 37 
   1025 25.665 0.0 CD1 84 
   883 8.586 0.0 H 73 
   595 1.556 0.0 HD3 50 
   1074 8.503 0.0 H 89 
   310 1.564 0.0 HG2 28 
   104 57.085 0.0 CA 11 
   318 7.994 0.0 H 29 
   1071 21.209 0.0 CG1 88 
   1320 8.467 0.0 H 109 
   1076 4.014 0.0 HB2 89 
   1346 127.482 0.0 N 110 
   1290 2.19 0.0 HG2 106 
   674 0.1 0.0 HD22 56 
   367 117.341 0.0 CE1 32 
   1211 8.646 0.0 H 100 
   516 24.929 0.0 CD2 43 
   771 1.946 0.0 HB2 65 
   1170 117.117 0.0 N 95 
   151 57.826 0.0 CA 16 
   559 27.613 0.0 CG 47 
   900 50.653 0.0 CD 74 
   76 29.741 0.0 CB 9 
   1160 7.738 0.0 H 95 
   498 28.39 0.0 CG1 42 
   1212 4.419 0.0 HA 100 
   434 1.87 0.0 HB 39 
   170 119.345 0.0 N 17 
   804 174.721 0.0 C 67 
   552 3.068 0.0 HD3 47 
   1080 64.469 0.0 CB 89 
   1221 1.459 0.0 HB3 101 
   1260 121.319 0.0 N 103 
   617 56.966 0.0 CA 51 
   555 174.209 0.0 C 47 
   472 7.087 0.0 HE2 41 
   577 0.712 0.0 HD12 49 
   474 174.17 0.0 C 41 
   830 2.202 0.0 HG3 69 
   664 42.87 0.0 CB 55 
   877 61.763 0.0 CA 72 
   57 8.312 0.0 H 8 
   1106 1.169 0.0 HG12 91 
   143 4.203 0.0 HA 16 
   945 0.692 0.0 HG13 79 
   1256 118.379 0.0 CE3 103 
   1240 24.762 0.0 CG 102 
   850 14.445 0.0 CD1 70 
   536 37.016 0.0 CB 45 
   1075 4.745 0.0 HA 89 
   479 130.657 0.0 CE1 41 
   1279 1.426 0.0 HB1 105 
   305 4.445 0.0 HA 28 
   1101 3.198 0.0 HA 91 
   1225 8.543 0.0 H 102 
   483 9.051 0.0 H 42 
   380 43.753 0.0 CD 33 
   754 67.952 0.0 CB 63 
   629 3.283 0.0 HD2 52 
   904 3.917 0.0 HB2 75 
   247 1.908 0.0 HG3 23 
   1100 7.464 0.0 H 91 
   451 4.77 0.0 HA 40 
   1094 57.642 0.0 CA 90 
   1261 129.285 0.0 NE1 103 
   522 1.364 0.0 HB2 44 
   1145 1.482 0.0 HB3 94 
   507 0.893 0.0 HD13 43 
   995 178.206 0.0 C 82 
   409 36.871 0.0 CG 36 
   73 2.204 0.0 HG3 9 
   229 4.086 0.0 HA 22 
   417 6.622 0.0 H 38 
   889 125.865 0.0 N 73 
   712 59.886 0.0 CA 59 
   118 4.218 0.0 HA 13 
   377 1.378 0.0 HG3 33 
   510 0.797 0.0 HD23 43 
   728 133.724 0.0 CD2 60 
   1331 176.976 0.0 C 109 
   1215 58.114 0.0 CA 100 
   557 30.762 0.0 CB 47 
   770 3.908 0.0 HA 65 
   251 35.763 0.0 CG 23 
   981 57.116 0.0 CA 81 
   228 7.939 0.0 H 22 
   635 43.598 0.0 CD 52 
   937 170.501 0.0 C 78 
   658 8.201 0.0 H 55 
   890 4.309 0.0 HA 74 
   1294 30.476 0.0 CB 106 
   1113 37.084 0.0 CB 91 
   721 7.329 0.0 HD2 60 
   360 6.319 0.0 HE1 32 
   8 2.492 0.0 HG3 3 
   1135 174.204 0.0 C 93 
   388 62.613 0.0 CB 34 
   594 1.556 0.0 HD2 50 
   1222 181.335 0.0 C 101 
   1152 1.717 0.0 HG 94 
   690 0.608 0.0 HG3 57 
   399 121.527 0.0 N 35 
   1019 0.647 0.0 HD22 84 
   236 178.223 0.0 C 22 
   592 1.613 0.0 HB2 50 
   841 0.635 0.0 HD13 70 
   1158 26.897 0.0 CG 94 
   534 175.729 0.0 C 45 
   846 0.118 0.0 HG23 70 
   95 26.946 0.0 CG 10 
   397 28.457 0.0 CB 35 
   1280 1.426 0.0 HB2 105 
   530 3.252 0.0 HB2 45 
   1169 36.454 0.0 CG 95 
   546 111.628 0.0 N 46 
   872 0.696 0.0 HG13 72 
   847 174.815 0.0 C 70 
   505 0.893 0.0 HD11 43 
   1129 -0.102 0.0 HD12 93 
   1128 -0.102 0.0 HD11 93 
   494 176.006 0.0 C 42 
   952 21.455 0.0 CG1 79 
   296 0.897 0.0 HD22 27 
   860 175.775 0.0 C 71 
   565 2.222 0.0 HG2 48 
   243 4.083 0.0 HA 23 
   769 8.522 0.0 H 65 
   341 8.341 0.0 H 31 
   1138 24.399 0.0 CD1 93 
   14 8.628 0.0 H 4 
   442 0.365 0.0 HG23 39 
   242 7.95 0.0 H 23 
   292 0.75 0.0 HD11 27 
   972 4.47 0.0 HA 81 
   1310 1.86 0.0 HB3 108 
   921 0.842 0.0 HD12 77 
   710 -0.209 0.0 HG23 59 
   600 175.125 0.0 C 50 
   626 4.903 0.0 HA 52 
   1085 1.073 0.0 HB3 90 
   567 176.225 0.0 C 48 
   1043 1.238 0.0 HB3 86 
   768 28.234 0.0 CG 64 
   378 54.137 0.0 CA 33 
   1121 176.157 0.0 C 92 
   550 1.794 0.0 HB3 47 
   361 6.319 0.0 HE2 32 
   455 0.769 0.0 HG13 40 
   799 -0.04 0.0 HD13 67 
   1154 57.332 0.0 CA 94 
   340 122.775 0.0 N 30 
   54 53.151 0.0 CA 7 
   1316 62.878 0.0 CA 108 
   503 2.221 0.0 HB2 43 
   853 125.545 0.0 N 70 
   1295 36.323 0.0 CG 106 
   655 55.185 0.0 CA 54 
   1348 4.214 0.0 HA 111 
   1153 178.947 0.0 C 94 
   449 122.144 0.0 N 39 
   445 39.072 0.0 CB 39 
   402 2.002 0.0 HB2 36 
   1035 175.01 0.0 C 85 
   561 8.308 0.0 H 48 
   55 19.004 0.0 CB 7 
   633 55.616 0.0 CA 52 
   71 1.998 0.0 HB3 9 
   1245 3.08 0.0 HB3 103 
   765 65.999 0.0 CA 64 
   1088 0.758 0.0 HD13 90 
   433 4.323 0.0 HA 39 
   246 1.981 0.0 HG2 23 
   607 8.847 0.0 H 51 
   784 7.328 0.0 HE21 66 
   1086 0.758 0.0 HD11 90 
   941 4.752 0.0 HA 79 
   657 111.513 0.0 N 54 
   1011 6.473 0.0 H 84 
   47 119.949 0.0 N 6 
   1038 37.004 0.0 CG 85 
   363 57.485 0.0 CA 32 
   111 1.37 0.0 HB2 12 
   136 3.912 0.0 HB2 15 
   540 4.13 0.0 HA 46 
   732 8.751 0.0 H 61 
   493 0.921 0.0 HG23 42 
   835 118.394 0.0 N 69 
   903 4.211 0.0 HA 75 
   1229 1.65 0.0 HD2 102 
   264 132.98 0.0 CD1 24 
   17 1.884 0.0 HB3 4 
   75 57.507 0.0 CA 9 
   1002 4.209 0.0 HB 83 
   649 28.552 0.0 CG 53 
   1072 22.104 0.0 CG2 88 
   960 6.868 0.0 HD2 80 
   697 3.592 0.0 HA 58 
   368 117.341 0.0 CE2 32 
   551 3.179 0.0 HD2 47 
   1084 1.612 0.0 HB2 90 
   39 121.499 0.0 N 5 
   34 176.074 0.0 C 5 
   1120 3.681 0.0 HA3 92 
   1161 4.384 0.0 HA 95 
   875 1.167 0.0 HG23 72 
   1127 1.079 0.0 HB3 93 
   331 0.252 0.0 HG13 30 
   1352 64.896 0.0 CB 111 
   1062 0.724 0.0 HG11 88 
   286 22.829 0.0 CG2 26 
   469 7.257 0.0 HD1 41 
   1282 179.136 0.0 C 105 
   915 109.752 0.0 N 76 
   32 0.884 0.0 HG22 5 
   123 53.303 0.0 CA 13 
   100 1.977 0.0 HB3 11 
   150 177.474 0.0 C 16 
   1353 121.137 0.0 N 111 
   583 175.439 0.0 C 49 
   758 2.241 0.0 HB2 64 
   90 178.235 0.0 C 10 
   882 129.755 0.0 N 72 
   826 4.487 0.0 HA 69 
   596 2.85 0.0 HE2 50 
   419 1.757 0.0 HB 38 
   428 35.509 0.0 CB 38 
   381 26.709 0.0 CG 33 
   282 1.162 0.0 HG23 26 
   568 54.347 0.0 CA 48 
   1021 1.476 0.0 HG 84 
   774 2.196 0.0 HG3 65 
   271 4.022 0.0 HB2 25 
   603 29.631 0.0 CD 50 
   601 55.26 0.0 CA 50 
   1304 26.649 0.0 CB 107 
   1187 28.806 0.0 CB 97 
   857 2.042 0.0 HB3 71 
   737 118.169 0.0 N 61 
   217 2.12 0.0 HB2 21 
   1018 0.647 0.0 HD21 84 
   1351 59.865 0.0 CA 111 
   430 18.467 0.0 CG2 38 
   1181 3.087 0.0 HD2 97 
   218 1.928 0.0 HB3 21 
   1242 8.089 0.0 H 103 
   1146 0.88 0.0 HD11 94 
   741 1.112 0.0 HB2 62 
   1044 2.428 0.0 HG2 86 
   435 0.827 0.0 HD11 39 
   800 0.36 0.0 HD21 67 
   216 4.037 0.0 HA 21 
   61 6.882 0.0 HD21 8 
   481 128.301 0.0 CZ 41 
   231 1.794 0.0 HB3 22 
   1005 1.317 0.0 HG23 83 
   549 1.794 0.0 HB2 47 
   1081 120.776 0.0 N 89 
   1144 1.93 0.0 HB2 94 
   748 4.522 0.0 HA 63 
   778 36.644 0.0 CG 65 
   807 25.787 0.0 CD1 67 
   805 53.307 0.0 CA 67 
   1168 29.663 0.0 CB 95 
   1266 2.298 0.0 HE1 104 
   599 1.166 0.0 HG3 50 
   1079 56.08 0.0 CA 89 
   1004 1.317 0.0 HG22 83 
   1289 1.513 0.0 HB3 106 
   989 7.466 0.0 H 82 
   336 60.933 0.0 CA 30 
   323 57.62 0.0 CA 29 
   473 6.866 0.0 HZ 41 
   521 1.364 0.0 HB1 44 
   556 57.292 0.0 CA 47 
   763 1.792 0.0 HG3 64 
   1347 7.888 0.0 H 111 
   1139 22.143 0.0 CD2 93 
   692 28.159 0.0 CB 57 
   866 4.208 0.0 HA 72 
   1047 54.406 0.0 CA 86 
   337 34.762 0.0 CB 30 
   1119 3.827 0.0 HA2 92 
   114 53.207 0.0 CA 12 
   130 175.451 0.0 C 14 
   1188 43.281 0.0 CD 97 
   965 41.026 0.0 CB 80 
   393 2.263 0.0 HG2 35 
   398 36.377 0.0 CG 35 
   957 2.892 0.0 HB2 80 
   1177 8.717 0.0 H 97 
   221 2.215 0.0 HG3 21 
   613 7.022 0.0 HE1 51 
   543 175.512 0.0 C 46 
   783 1.925 0.0 HB3 66 
   158 2.044 0.0 HB2 17 
   407 56.237 0.0 CA 36 
   590 8.188 0.0 H 50 
   820 58.094 0.0 CA 68 
   693 31.891 0.0 CG 57 
   939 109.48 0.0 N 78 
   509 0.797 0.0 HD22 43 
   1136 58.032 0.0 CA 93 
   963 175.006 0.0 C 80 
   520 3.968 0.0 HA 44 
   1306 134.424 0.0 CE1 107 
   976 6.984 0.0 HD2 81 
   1157 23.025 0.0 CD2 94 
   362 174.519 0.0 C 32 
   206 0.854 0.0 HD23 20 
   1022 175.527 0.0 C 84 
   1034 2.094 0.0 HG3 85 
   1232 2.947 0.0 HE3 102 
   112 1.37 0.0 HB3 12 
   454 0.769 0.0 HG12 40 
   1338 8.637 0.0 H 110 
   1322 1.658 0.0 HB2 109 
   202 0.832 0.0 HD12 20 
   794 4.296 0.0 HA 67 
   1048 34.491 0.0 CB 86 
   1115 28.558 0.0 CG1 91 
   87 0.81 0.0 HD22 10 
   58 4.571 0.0 HA 8 
   33 0.884 0.0 HG23 5 
   1024 42.208 0.0 CB 84 
   1262 9.18 0.0 H 104 
   570 36.376 0.0 CG 48 
   580 0.789 0.0 HD22 49 
   811 7.214 0.0 H 68 
   1093 177.109 0.0 C 90 
   627 2.135 0.0 HB2 52 
   894 3.907 0.0 HD3 74 
   699 0.928 0.0 HB2 58 
   1067 0.83 0.0 HG23 88 
   959 6.868 0.0 HD1 80 
   789 29.542 0.0 CB 66 
   605 26.043 0.0 CG 50 
   973 3.113 0.0 HB2 81 
   610 2.552 0.0 HB3 51 
   1318 50.22 0.0 CD 108 
   77 36.292 0.0 CG 9 
   169 32.011 0.0 CG 17 
   680 24.042 0.0 CD1 56 
   620 131.545 0.0 CD2 51 
   384 3.925 0.0 HB2 34 
   1324 1.06 0.0 HD11 109 
   1274 15.91 0.0 CE 104 
   46 64.02 0.0 CB 6 
   314 32.647 0.0 CB 28 
   829 2.202 0.0 HG2 69 
   796 1.216 0.0 HB3 67 
   616 176.043 0.0 C 51 
   1140 25.6 0.0 CG 93 
   131 59.538 0.0 CA 14 
   730 118.264 0.0 CE2 60 
   1057 44.193 0.0 CB 87 
   35 62.128 0.0 CA 5 
   792 110.754 0.0 NE2 66 
   572 9.364 0.0 H 49 
   946 0.488 0.0 HG21 79 
   1326 1.06 0.0 HD13 109 
   1134 1.465 0.0 HG 93 
   870 0.687 0.0 HD13 72 
   979 6.755 0.0 HZ 81 
   1305 119.178 0.0 CD2 107 
   450 8.934 0.0 H 40 
   1116 17.114 0.0 CG2 91 
   785 2.378 0.0 HG2 66 
   1308 4.342 0.0 HA 108 
   427 58.127 0.0 CA 38 
   244 1.795 0.0 HB2 23 
   750 1.15 0.0 HG21 63 
   926 1.474 0.0 HG 77 
   1209 45.495 0.0 CA 99 
   1163 2.236 0.0 HB3 95 
   1311 3.315 0.0 HD2 108 
   1117 116.561 0.0 N 91 
   908 64.358 0.0 CB 75 
   355 4.887 0.0 HA 32 
   585 44.054 0.0 CB 49 
   988 126.963 0.0 N 81 
   166 57.361 0.0 CA 17 
   634 28.313 0.0 CB 52 
   888 62.669 0.0 CB 73 
   958 2.826 0.0 HB3 80 
   1029 7.848 0.0 H 85 
   1270 2.214 0.0 HG3 104 
   154 27.325 0.0 CG 16 
   350 32.865 0.0 CB 31 
   1265 2.339 0.0 HB3 104 
   766 31.923 0.0 CB 64 
   1097 26.006 0.0 CD2 90 
   207 1.708 0.0 HG 20 
   1183 1.544 0.0 HG2 97 
   718 3.132 0.0 HB2 60 
   1317 32.352 0.0 CB 108 
   65 38.639 0.0 CB 8 
   951 34.536 0.0 CB 79 
   504 1.708 0.0 HB3 43 
   437 0.827 0.0 HD13 39 
   188 2.03 0.0 HE3 19 
   694 124.612 0.0 N 57 
   746 123.335 0.0 N 62 
   172 4.121 0.0 HA 18 
   1003 1.317 0.0 HG21 83 
   899 31.733 0.0 CB 74 
   1219 1.459 0.0 HB1 101 
   165 177.442 0.0 C 17 
   107 120.956 0.0 N 11 
   887 57.766 0.0 CA 73 
   1205 7.684 0.0 H 99 
   453 0.769 0.0 HG11 40 
   1190 122.473 0.0 N 97 
   59 2.776 0.0 HB2 8 
   191 177.964 0.0 C 19 
   9 176.016 0.0 C 3 
   304 9.619 0.0 H 28 
   840 0.635 0.0 HD12 70 
   328 1.586 0.0 HB 30 
   964 55.493 0.0 CA 80 
   329 0.252 0.0 HG11 30 
   734 3.361 0.0 HA3 61 
   295 0.897 0.0 HD21 27 
   668 2.211 0.0 HB2 56 
   696 8.306 0.0 H 58 
   1171 7.722 0.0 H 96 
   375 2.833 0.0 HD3 33 
   238 30.597 0.0 CB 22 
   465 9.605 0.0 H 41 
   1343 176.868 0.0 C 110 
   706 3.734 0.0 HA 59 
   931 23.53 0.0 CD2 77 
   102 2.197 0.0 HG3 11 
   859 2.053 0.0 HG3 71 
   1069 61.447 0.0 CA 88 
   1325 1.06 0.0 HD12 109 
   1099 129.702 0.0 N 90 
   220 2.502 0.0 HG2 21 
   269 7.403 0.0 H 25 
   708 -0.209 0.0 HG21 59 
   678 52.687 0.0 CA 56 
   245 1.795 0.0 HB3 23 
   720 7.329 0.0 HD1 60 
   212 23.311 0.0 CD2 20 
   278 4.43 0.0 HA 26 
   458 0.737 0.0 HG23 40 
   729 118.264 0.0 CE1 60 
   201 0.832 0.0 HD11 20 
   1227 1.826 0.0 HB2 102 
   319 4.528 0.0 HA 29 
   1283 54.605 0.0 CA 105 
   352 122.553 0.0 N 31 
   637 125.064 0.0 N 52 
   996 59.66 0.0 CA 82 
   186 2.03 0.0 HE1 19 
   944 0.692 0.0 HG12 79 
   418 4.915 0.0 HA 38 
   891 2.382 0.0 HB2 74 
   1258 114.304 0.0 CZ2 103 
   942 1.744 0.0 HB 79 
   42 3.879 0.0 HB2 6 
   1333 42.849 0.0 CB 109 
   661 3.034 0.0 HB3 55 
   1220 1.459 0.0 HB2 101 
   412 3.965 0.0 HA2 37 
   99 1.977 0.0 HB2 11 
   584 53.785 0.0 CA 49 
   140 63.455 0.0 CB 15 
   1199 175.018 0.0 C 98 
   463 21.935 0.0 CG2 40 
   1006 175.706 0.0 C 83 
   1255 127.212 0.0 CD1 103 
   934 7.647 0.0 H 78 
   82 1.543 0.0 HB3 10 
   68 8.245 0.0 H 9 
   677 175.248 0.0 C 56 
   812 4.191 0.0 HA 68 
   686 1.24 0.0 HB2 57 
   654 175.841 0.0 C 54 
   672 0.563 0.0 HD13 56 
   849 42.252 0.0 CB 70 
   523 1.364 0.0 HB3 44 
   152 30.165 0.0 CB 16 
   1056 52.907 0.0 CA 87 
   955 8.83 0.0 H 80 
   128 3.873 0.0 HB2 14 
   994 2.169 0.0 HG3 82 
   1213 4.108 0.0 HB2 100 
   910 8.418 0.0 H 76 
   1118 7.314 0.0 H 92 
   1329 1.014 0.0 HD23 109 
   665 116.732 0.0 N 55 
   683 118.239 0.0 N 56 
   124 18.835 0.0 CB 13 
   1149 0.839 0.0 HD21 94 
   833 28.69 0.0 CB 69 
   1053 2.584 0.0 HB2 87 
   676 1.245 0.0 HG 56 
   27 2.016 0.0 HB 5 
   1264 2.067 0.0 HB2 104 
   199 1.86 0.0 HB2 20 
   810 117.57 0.0 N 67 
   932 26.477 0.0 CG 77 
   466 4.852 0.0 HA 41 
   836 7.957 0.0 H 70 
   283 174.498 0.0 C 26 
   1147 0.88 0.0 HD12 94 
   576 0.712 0.0 HD11 49 
   681 23.002 0.0 CD2 56 
   44 174.496 0.0 C 6 
   834 35.395 0.0 CG 69 
   1243 4.036 0.0 HA 103 
   211 25.394 0.0 CD1 20 
   640 2.014 0.0 HB3 53 
   62 7.585 0.0 HD22 8 
   316 26.623 0.0 CG 28 
   502 5.108 0.0 HA 43 
   115 18.829 0.0 CB 12 
   1313 1.807 0.0 HG2 108 
   645 178.611 0.0 C 53 
   326 8.245 0.0 H 30 
   235 1.535 0.0 HG3 22 
   1148 0.88 0.0 HD13 94 
   739 4.298 0.0 HA 62 
   241 119.729 0.0 N 22 
   369 124.536 0.0 N 32 
   276 113.556 0.0 N 25 
   1239 42.11 0.0 CE 102 
   386 176.483 0.0 C 34 
   747 8.206 0.0 H 63 
   171 8.19 0.0 H 18 
   287 104.093 0.0 N 26 
   724 178.019 0.0 C 60 
   1008 68.085 0.0 CB 83 
