   57 8.312 0.0 H 8 
   326 8.245 0.0 H 30 
   1101 3.198 0.0 HA 91 
   26 4.098 0.0 HA 5 
   517 28.618 0.0 CG 43 
   937 170.501 0.0 C 78 
   678 52.687 0.0 CA 56 
   99 1.977 0.0 HB2 11 
   306 1.556 0.0 HB2 28 
   1146 0.88 0.0 HD11 94 
   656 39.184 0.0 CB 54 
   763 1.792 0.0 HG3 64 
   361 6.319 0.0 HE2 32 
   908 64.358 0.0 CB 75 
   156 8.14 0.0 H 17 
   807 25.787 0.0 CD1 67 
   834 35.395 0.0 CG 69 
   480 130.657 0.0 CE2 41 
   1007 65.351 0.0 CA 83 
   136 3.912 0.0 HB2 15 
   238 30.597 0.0 CB 22 
   444 61.503 0.0 CA 39 
   1014 1.467 0.0 HB3 84 
   965 41.026 0.0 CB 80 
   392 1.95 0.0 HB3 35 
   1349 3.803 0.0 HB2 111 
   1104 0.62 0.0 HD12 91 
   797 -0.04 0.0 HD11 67 
   316 26.623 0.0 CG 28 
   859 2.053 0.0 HG3 71 
   732 8.751 0.0 H 61 
   108 8.113 0.0 H 12 
   556 57.292 0.0 CA 47 
   671 0.563 0.0 HD12 56 
   313 56.669 0.0 CA 28 
   741 1.112 0.0 HB2 62 
   1184 1.434 0.0 HG3 97 
   1260 121.319 0.0 N 103 
   1029 7.848 0.0 H 85 
   1168 29.663 0.0 CB 95 
   429 21.782 0.0 CG1 38 
   458 0.737 0.0 HG23 40 
   1300 1.173 0.0 HB3 107 
   685 2.151 0.0 HA 57 
   1133 0.068 0.0 HD23 93 
   854 8.778 0.0 H 71 
   370 8.36 0.0 H 33 
   1068 174.389 0.0 C 88 
   481 128.301 0.0 CZ 41 
   125 122.326 0.0 N 13 
   414 174.303 0.0 C 37 
   541 3.176 0.0 HB2 46 
   1317 32.352 0.0 CB 108 
   186 2.03 0.0 HE1 19 
   1340 1.398 0.0 HB1 110 
   8 2.492 0.0 HG3 3 
   351 33.242 0.0 CG 31 
   53 178.059 0.0 C 7 
   1206 3.902 0.0 HA2 99 
   1020 0.647 0.0 HD23 84 
   1088 0.758 0.0 HD13 90 
   105 29.983 0.0 CB 11 
   1004 1.317 0.0 HG22 83 
   151 57.826 0.0 CA 16 
   1188 43.281 0.0 CD 97 
   122 178.794 0.0 C 13 
   866 4.208 0.0 HA 72 
   68 8.245 0.0 H 9 
   1222 181.335 0.0 C 101 
   670 0.563 0.0 HD11 56 
   516 24.929 0.0 CD2 43 
   1259 121.776 0.0 CZ3 103 
   359 6.794 0.0 HD2 32 
   273 172.134 0.0 C 25 
   562 5.281 0.0 HA 48 
   909 109.127 0.0 N 75 
   1116 17.114 0.0 CG2 91 
   781 4.059 0.0 HA 66 
   363 57.485 0.0 CA 32 
   251 35.763 0.0 CG 23 
   1072 22.104 0.0 CG2 88 
   92 42.02 0.0 CB 10 
   602 35.539 0.0 CB 50 
   717 4.115 0.0 HA 60 
   903 4.211 0.0 HA 75 
   570 36.376 0.0 CG 48 
   742 1.112 0.0 HB3 62 
   490 0.882 0.0 HG13 42 
   910 8.418 0.0 H 76 
   445 39.072 0.0 CB 39 
   117 8.142 0.0 H 13 
   543 175.512 0.0 C 46 
   200 1.476 0.0 HB3 20 
   545 39.065 0.0 CB 46 
   1205 7.684 0.0 H 99 
   1341 1.398 0.0 HB2 110 
   843 0.613 0.0 HG13 70 
   619 131.545 0.0 CD1 51 
   832 55.752 0.0 CA 69 
   1015 0.451 0.0 HD11 84 
   996 59.66 0.0 CA 82 
   420 0.713 0.0 HG11 38 
   1240 24.762 0.0 CG 102 
   362 174.519 0.0 C 32 
   1125 3.727 0.0 HA 93 
   960 6.868 0.0 HD2 80 
   1338 8.637 0.0 H 110 
   827 1.967 0.0 HB2 69 
   1094 57.642 0.0 CA 90 
   524 176.981 0.0 C 44 
   972 4.47 0.0 HA 81 
   1278 3.948 0.0 HA 105 
   803 1.287 0.0 HG 67 
   152 30.165 0.0 CB 16 
   54 53.151 0.0 CA 7 
   507 0.893 0.0 HD13 43 
   547 7.703 0.0 H 47 
   1062 0.724 0.0 HG11 88 
   372 1.712 0.0 HB2 33 
   927 176.209 0.0 C 77 
   539 8.1 0.0 H 46 
   174 2.003 0.0 HB3 18 
   1322 1.658 0.0 HB2 109 
   360 6.319 0.0 HE1 32 
   96 121.828 0.0 N 10 
   215 8.157 0.0 H 21 
   673 0.1 0.0 HD21 56 
   1114 13.047 0.0 CD1 91 
   754 67.952 0.0 CB 63 
   305 4.445 0.0 HA 28 
   1041 4.768 0.0 HA 86 
   319 4.528 0.0 HA 29 
   680 24.042 0.0 CD1 56 
   888 62.669 0.0 CB 73 
   263 38.578 0.0 CB 24 
   705 6.395 0.0 H 59 
   1271 178.325 0.0 C 104 
   296 0.897 0.0 HD22 27 
   38 20.453 0.0 CG2 5 
   502 5.108 0.0 HA 43 
   132 63.477 0.0 CB 14 
   193 32.162 0.0 CB 19 
   820 58.094 0.0 CA 68 
   523 1.364 0.0 HB3 44 
   555 174.209 0.0 C 47 
   902 7.893 0.0 H 75 
   40 8.389 0.0 H 6 
   327 4.941 0.0 HA 30 
   1008 68.085 0.0 CB 83 
   221 2.215 0.0 HG3 21 
   585 44.054 0.0 CB 49 
   771 1.946 0.0 HB2 65 
   154 27.325 0.0 CG 16 
   949 171.397 0.0 C 79 
   1310 1.86 0.0 HB3 108 
   314 32.647 0.0 CB 28 
   1248 6.803 0.0 HE3 103 
   675 0.1 0.0 HD23 56 
   401 4.289 0.0 HA 36 
   1152 1.717 0.0 HG 94 
   659 4.94 0.0 HA 55 
   417 6.622 0.0 H 38 
   1136 58.032 0.0 CA 93 
   16 1.968 0.0 HB2 4 
   58 4.571 0.0 HA 8 
   1046 174.095 0.0 C 86 
   629 3.283 0.0 HD2 52 
   1251 6.685 0.0 HZ3 103 
   1109 0.555 0.0 HG22 91 
   1140 25.6 0.0 CG 93 
   291 1.158 0.0 HB3 27 
   722 6.914 0.0 HE1 60 
   731 124.377 0.0 N 60 
   1313 1.807 0.0 HG2 108 
   412 3.965 0.0 HA2 37 
   916 7.499 0.0 H 77 
   812 4.191 0.0 HA 68 
   1318 50.22 0.0 CD 108 
   1314 1.807 0.0 HG3 108 
   1100 7.464 0.0 H 91 
   1033 2.205 0.0 HG2 85 
   561 8.308 0.0 H 48 
   984 131.99 0.0 CD2 81 
   171 8.19 0.0 H 18 
   899 31.733 0.0 CB 74 
   67 112.954 0.0 ND2 8 
   1221 1.459 0.0 HB3 101 
   94 23.445 0.0 CD2 10 
   354 9.231 0.0 H 32 
   7 2.532 0.0 HG2 3 
   1032 2.265 0.0 HB3 85 
   413 3.768 0.0 HA3 37 
   1049 33.733 0.0 CG 86 
   897 177.861 0.0 C 74 
   19 2.199 0.0 HG3 4 
   17 1.884 0.0 HB3 4 
   944 0.692 0.0 HG12 79 
   674 0.1 0.0 HD22 56 
   377 1.378 0.0 HG3 33 
   905 3.917 0.0 HB3 75 
   1022 175.527 0.0 C 84 
   1170 117.117 0.0 N 95 
   801 0.36 0.0 HD22 67 
   1108 0.555 0.0 HG21 91 
   52 1.354 0.0 HB3 7 
   638 4.146 0.0 HA 53 
   904 3.917 0.0 HB2 75 
   846 0.118 0.0 HG23 70 
   751 1.15 0.0 HG22 63 
   424 0.574 0.0 HG22 38 
   546 111.628 0.0 N 46 
   1077 3.766 0.0 HB3 89 
   1275 32.912 0.0 CG 104 
   808 23.38 0.0 CD2 67 
   1292 174.911 0.0 C 106 
   498 28.39 0.0 CG1 42 
   220 2.502 0.0 HG2 21 
   985 130.512 0.0 CE1 81 
   1241 119.022 0.0 N 102 
   345 7.418 0.0 HE21 31 
   2 2.029 0.0 HB2 3 
   554 1.442 0.0 HG3 47 
   605 26.043 0.0 CG 50 
   70 1.998 0.0 HB2 9 
   596 2.85 0.0 HE2 50 
   115 18.829 0.0 CB 12 
   207 1.708 0.0 HG 20 
   762 2.185 0.0 HG2 64 
   61 6.882 0.0 HD21 8 
   1054 2.509 0.0 HB3 87 
   922 0.842 0.0 HD13 77 
   239 43.459 0.0 CD 22 
   230 1.794 0.0 HB2 22 
   489 1.467 0.0 HG12 42 
   373 1.546 0.0 HB3 33 
   987 127.489 0.0 CZ 81 
   796 1.216 0.0 HB3 67 
   530 3.252 0.0 HB2 45 
   528 7.355 0.0 H 45 
   465 9.605 0.0 H 41 
   508 0.797 0.0 HD21 43 
   322 171.729 0.0 C 29 
   622 131.675 0.0 CE2 51 
   548 4.133 0.0 HA 47 
   1350 3.803 0.0 HB3 111 
   745 20.267 0.0 CB 62 
   711 173.265 0.0 C 59 
   244 1.795 0.0 HB2 23 
   1298 4.435 0.0 HA 107 
   21 56.669 0.0 CA 4 
   896 2.031 0.0 HG3 74 
   1293 55.883 0.0 CA 106 
   93 24.876 0.0 CD1 10 
   800 0.36 0.0 HD21 67 
   126 8.165 0.0 H 14 
   197 8.034 0.0 H 20 
   234 1.658 0.0 HG2 22 
   258 7.074 0.0 HD2 24 
   625 9.528 0.0 H 52 
   1231 2.947 0.0 HE2 102 
   278 4.43 0.0 HA 26 
   267 118.071 0.0 CE2 24 
   650 7.948 0.0 H 54 
   35 62.128 0.0 CA 5 
   189 2.505 0.0 HG2 19 
   1010 115.091 0.0 N 83 
   919 1.608 0.0 HB3 77 
   75 57.507 0.0 CA 9 
   84 0.86 0.0 HD12 10 
   658 8.201 0.0 H 55 
