   176 2.198 0.0 HG3 18 
   953 22.452 0.0 CG2 79 
   777 28.454 0.0 CB 65 
   122 178.794 0.0 C 13 
   26 4.098 0.0 HA 5 
   1340 1.398 0.0 HB1 110 
   325 111.229 0.0 N 29 
   800 0.36 0.0 HD21 67 
   292 0.75 0.0 HD11 27 
   1063 0.724 0.0 HG12 88 
   1345 19.28 0.0 CB 110 
   987 127.489 0.0 CZ 81 
   1218 4.02 0.0 HA 101 
   820 58.094 0.0 CA 68 
   241 119.729 0.0 N 22 
   926 1.474 0.0 HG 77 
   54 53.151 0.0 CA 7 
   958 2.826 0.0 HB3 80 
   1163 2.236 0.0 HB3 95 
   494 176.006 0.0 C 42 
   1335 24.143 0.0 CD2 109 
   756 111.934 0.0 N 63 
   475 56.064 0.0 CA 41 
   289 4.249 0.0 HA 27 
   931 23.53 0.0 CD2 77 
   1060 4.191 0.0 HA 88 
   182 7.963 0.0 H 19 
   313 56.669 0.0 CA 28 
   401 4.289 0.0 HA 36 
   1026 22.07 0.0 CD2 84 
   1277 7.659 0.0 H 105 
   922 0.842 0.0 HD13 77 
   1170 117.117 0.0 N 95 
   825 7.852 0.0 H 69 
   5 2.037 0.0 HE2 3 
   1045 2.116 0.0 HG3 86 
   720 7.329 0.0 HD1 60 
   1132 0.068 0.0 HD22 93 
   94 23.445 0.0 CD2 10 
   506 0.893 0.0 HD12 43 
   168 16.963 0.0 CE 17 
   186 2.03 0.0 HE1 19 
   853 125.545 0.0 N 70 
   1 4.425 0.0 HA 3 
   773 2.328 0.0 HG2 65 
   1237 32.751 0.0 CB 102 
   810 117.57 0.0 N 67 
   172 4.121 0.0 HA 18 
   592 1.613 0.0 HB2 50 
   513 54.59 0.0 CA 43 
   461 33.244 0.0 CB 40 
   797 -0.04 0.0 HD11 67 
   882 129.755 0.0 N 72 
   560 121.275 0.0 N 47 
   936 4.045 0.0 HA3 78 
   1240 24.762 0.0 CG 102 
   1331 176.976 0.0 C 109 
   491 0.921 0.0 HG21 42 
   585 44.054 0.0 CB 49 
   510 0.797 0.0 HD23 43 
   891 2.382 0.0 HB2 74 
   892 1.915 0.0 HB3 74 
   1171 7.722 0.0 H 96 
   180 36.33 0.0 CG 18 
   480 130.657 0.0 CE2 41 
   1318 50.22 0.0 CD 108 
   413 3.768 0.0 HA3 37 
   1252 181.021 0.0 C 103 
   37 21.185 0.0 CG1 5 
   644 1.601 0.0 HG3 53 
   880 28.809 0.0 CG1 72 
   664 42.87 0.0 CB 55 
   317 123.653 0.0 N 28 
   102 2.197 0.0 HG3 11 
   554 1.442 0.0 HG3 47 
   1033 2.205 0.0 HG2 85 
   541 3.176 0.0 HB2 46 
   50 1.354 0.0 HB1 7 
   584 53.785 0.0 CA 49 
   450 8.934 0.0 H 40 
   419 1.757 0.0 HB 38 
   294 0.75 0.0 HD13 27 
   1343 176.868 0.0 C 110 
   972 4.47 0.0 HA 81 
   432 9.458 0.0 H 39 
   1332 55.074 0.0 CA 109 
   942 1.744 0.0 HB 79 
   158 2.044 0.0 HB2 17 
   300 43.838 0.0 CB 27 
   1278 3.948 0.0 HA 105 
   327 4.941 0.0 HA 30 
   290 1.67 0.0 HB2 27 
   308 3.145 0.0 HD2 28 
   466 4.852 0.0 HA 41 
   693 31.891 0.0 CG 57 
   747 8.206 0.0 H 63 
   752 1.15 0.0 HG23 63 
   941 4.752 0.0 HA 79 
   82 1.543 0.0 HB3 10 
   699 0.928 0.0 HB2 58 
   1145 1.482 0.0 HB3 94 
   981 57.116 0.0 CA 81 
   547 7.703 0.0 H 47 
   1351 59.865 0.0 CA 111 
   1128 -0.102 0.0 HD11 93 
   170 119.345 0.0 N 17 
   1029 7.848 0.0 H 85 
   680 24.042 0.0 CD1 56 
   451 4.77 0.0 HA 40 
   841 0.635 0.0 HD13 70 
   27 2.016 0.0 HB 5 
   575 1.555 0.0 HB3 49 
   1121 176.157 0.0 C 92 
   862 32.946 0.0 CB 71 
   997 30.452 0.0 CB 82 
   1334 24.954 0.0 CD1 109 
   361 6.319 0.0 HE2 32 
   1179 1.643 0.0 HB2 97 
   1039 114.551 0.0 N 85 
   533 7.365 0.0 HD22 45 
   581 0.789 0.0 HD23 49 
   24 122.855 0.0 N 4 
   1342 1.398 0.0 HB3 110 
   1032 2.265 0.0 HB3 85 
   1314 1.807 0.0 HG3 108 
   169 32.011 0.0 CG 17 
   314 32.647 0.0 CB 28 
   353 111.73 0.0 NE2 31 
   796 1.216 0.0 HB3 67 
   356 2.875 0.0 HB2 32 
   566 1.94 0.0 HG3 48 
   1036 57.064 0.0 CA 85 
   66 116.954 0.0 N 8 
   1127 1.079 0.0 HB3 93 
   100 1.977 0.0 HB3 11 
   1213 4.108 0.0 HB2 100 
   1238 29.357 0.0 CD 102 
   695 109.665 0.0 NE2 57 
   429 21.782 0.0 CG1 38 
   279 4.215 0.0 HB 26 
   465 9.605 0.0 H 41 
   505 0.893 0.0 HD11 43 
   1153 178.947 0.0 C 94 
   1142 8.317 0.0 H 94 
   988 126.963 0.0 N 81 
   195 32.102 0.0 CG 19 
   231 1.794 0.0 HB3 22 
   188 2.03 0.0 HE3 19 
   1064 0.724 0.0 HG13 88 
   421 0.713 0.0 HG12 38 
   333 0.674 0.0 HG22 30 
   1274 15.91 0.0 CE 104 
   194 17.023 0.0 CE 19 
   240 27.348 0.0 CG 22 
   552 3.068 0.0 HD3 47 
   1259 121.776 0.0 CZ3 103 
   713 68.111 0.0 CB 59 
   280 1.162 0.0 HG21 26 
   291 1.158 0.0 HB3 27 
   973 3.113 0.0 HB2 81 
   101 2.227 0.0 HG2 11 
   803 1.287 0.0 HG 67 
   769 8.522 0.0 H 65 
   1067 0.83 0.0 HG23 88 
   1095 42.674 0.0 CB 90 
   1071 21.209 0.0 CG1 88 
   303 119.999 0.0 N 27 
   1143 4.015 0.0 HA 94 
   220 2.502 0.0 HG2 21 
   945 0.692 0.0 HG13 79 
   1325 1.06 0.0 HD12 109 
   1123 103.835 0.0 N 92 
   252 119.302 0.0 N 23 
   876 175.825 0.0 C 72 
   734 3.361 0.0 HA3 61 
   321 3.555 0.0 HB3 29 
   861 54.724 0.0 CA 71 
   70 1.998 0.0 HB2 9 
   1094 57.642 0.0 CA 90 
   544 56.917 0.0 CA 46 
   845 0.118 0.0 HG22 70 
   1016 0.451 0.0 HD12 84 
   293 0.75 0.0 HD12 27 
   1323 1.528 0.0 HB3 109 
   874 1.167 0.0 HG22 72 
   1118 7.314 0.0 H 92 
   1168 29.663 0.0 CB 95 
   1108 0.555 0.0 HG21 91 
   781 4.059 0.0 HA 66 
   266 118.071 0.0 CE1 24 
   696 8.306 0.0 H 58 
   1157 23.025 0.0 CD2 94 
   174 2.003 0.0 HB3 18 
   1203 29.125 0.0 CG 98 
   1301 6.147 0.0 HD2 107 
   1149 0.839 0.0 HD21 94 
   595 1.556 0.0 HD3 50 
   826 4.487 0.0 HA 69 
   1107 0.614 0.0 HG13 91 
   39 121.499 0.0 N 5 
   127 4.342 0.0 HA 14 
   1250 6.476 0.0 HZ2 103 
   362 174.519 0.0 C 32 
   860 175.775 0.0 C 71 
   1320 8.467 0.0 H 109 
   243 4.083 0.0 HA 23 
   994 2.169 0.0 HG3 82 
   778 36.644 0.0 CG 65 
   1341 1.398 0.0 HB2 110 
   528 7.355 0.0 H 45 
   352 122.553 0.0 N 31 
   107 120.956 0.0 N 11 
   237 57.61 0.0 CA 22 
   140 63.455 0.0 CB 15 
   827 1.967 0.0 HB2 69 
   1256 118.379 0.0 CE3 103 
   395 177.168 0.0 C 35 
   287 104.093 0.0 N 26 
   265 132.98 0.0 CD2 24 
   729 118.264 0.0 CE1 60 
   714 19.939 0.0 CG2 59 
   745 20.267 0.0 CB 62 
   1247 9.086 0.0 HE1 103 
   201 0.832 0.0 HD11 20 
   858 2.203 0.0 HG2 71 
   606 121.409 0.0 N 50 
   244 1.795 0.0 HB2 23 
   238 30.597 0.0 CB 22 
   372 1.712 0.0 HB2 33 
   364 38.922 0.0 CB 32 
   73 2.204 0.0 HG3 9 
   137 3.912 0.0 HB3 15 
   14 8.628 0.0 H 4 
   143 4.203 0.0 HA 16 
   1228 1.689 0.0 HB3 102 
   1264 2.067 0.0 HB2 104 
   408 32.757 0.0 CB 36 
   129 3.873 0.0 HB3 14 
   978 6.86 0.0 HE2 81 
   1080 64.469 0.0 CB 89 
   163 2.46 0.0 HG2 17 
   838 1.325 0.0 HB 70 
   966 133.192 0.0 CD1 80 
   676 1.245 0.0 HG 56 
   538 106.735 0.0 ND2 45 
   930 26.039 0.0 CD1 77 
   391 1.95 0.0 HB2 35 
   602 35.539 0.0 CB 50 
   1035 175.01 0.0 C 85 
   787 175.329 0.0 C 66 
   95 26.946 0.0 CG 10 
   1261 129.285 0.0 NE1 103 
   1255 127.212 0.0 CD1 103 
   1101 3.198 0.0 HA 91 
   79 8.06 0.0 H 10 
   136 3.912 0.0 HB2 15 
   526 17.978 0.0 CB 44 
   737 118.169 0.0 N 61 
   147 3.165 0.0 HD3 16 
   1133 0.068 0.0 HD23 93 
   196 119.142 0.0 N 19 
   913 174.359 0.0 C 76 
   1268 2.298 0.0 HE3 104 
   346 2.141 0.0 HG2 31 
   590 8.188 0.0 H 50 
   1298 4.435 0.0 HA 107 
   1020 0.647 0.0 HD23 84 
   1198 1.141 0.0 HG3 98 
   938 45.05 0.0 CA 78 
   344 1.8 0.0 HB3 31 
