   848 60.153 0.0 CA 70 
   150 177.474 0.0 C 16 
   1203 29.125 0.0 CG 98 
   1042 1.871 0.0 HB2 86 
   1041 4.768 0.0 HA 86 
   645 178.611 0.0 C 53 
   223 57.396 0.0 CA 21 
   343 1.96 0.0 HB2 31 
   755 21.938 0.0 CG2 63 
   797 -0.04 0.0 HD11 67 
   1329 1.014 0.0 HD23 109 
   1170 117.117 0.0 N 95 
   1311 3.315 0.0 HD2 108 
   614 7.022 0.0 HE2 51 
   469 7.257 0.0 HD1 41 
   12 16.881 0.0 CE 3 
   1352 64.896 0.0 CB 111 
   1292 174.911 0.0 C 106 
   562 5.281 0.0 HA 48 
   518 128.415 0.0 N 43 
   550 1.794 0.0 HB3 47 
   1040 6.636 0.0 H 86 
   578 0.712 0.0 HD13 49 
   406 176.435 0.0 C 36 
   525 54.489 0.0 CA 44 
   733 3.771 0.0 HA2 61 
   515 25.078 0.0 CD1 43 
   679 42.559 0.0 CB 56 
   204 0.854 0.0 HD21 20 
   222 177.928 0.0 C 21 
   727 133.724 0.0 CD1 60 
   52 1.354 0.0 HB3 7 
   1276 117.096 0.0 N 104 
   264 132.98 0.0 CD1 24 
   1220 1.459 0.0 HB2 101 
   1282 179.136 0.0 C 105 
   784 7.328 0.0 HE21 66 
   88 0.81 0.0 HD23 10 
   987 127.489 0.0 CZ 81 
   855 4.692 0.0 HA 71 
   141 117.597 0.0 N 15 
   1306 134.424 0.0 CE1 107 
   207 1.708 0.0 HG 20 
   1333 42.849 0.0 CB 109 
   609 3.28 0.0 HB2 51 
   477 132.608 0.0 CD1 41 
   303 119.999 0.0 N 27 
   144 1.84 0.0 HB2 16 
   1061 1.943 0.0 HB 88 
   40 8.389 0.0 H 6 
   894 3.907 0.0 HD3 74 
   904 3.917 0.0 HB2 75 
   617 56.966 0.0 CA 51 
   29 0.883 0.0 HG12 5 
   1338 8.637 0.0 H 110 
   896 2.031 0.0 HG3 74 
   416 108.087 0.0 N 37 
   488 0.685 0.0 HD13 42 
   81 1.659 0.0 HB2 10 
   644 1.601 0.0 HG3 53 
   817 1.801 0.0 HG2 68 
   1327 1.014 0.0 HD21 109 
   432 9.458 0.0 H 39 
   23 36.128 0.0 CG 4 
   63 175.868 0.0 C 8 
   217 2.12 0.0 HB2 21 
   85 0.86 0.0 HD13 10 
   1176 107.323 0.0 N 96 
   1023 54.419 0.0 CA 84 
   69 4.162 0.0 HA 9 
   113 178.397 0.0 C 12 
   304 9.619 0.0 H 28 
   226 118.077 0.0 N 21 
   583 175.439 0.0 C 49 
   109 4.201 0.0 HA 12 
   916 7.499 0.0 H 77 
   725 60.827 0.0 CA 60 
   433 4.323 0.0 HA 39 
   668 2.211 0.0 HB2 56 
   154 27.325 0.0 CG 16 
   1224 17.772 0.0 CB 101 
   1151 0.839 0.0 HD23 94 
   520 3.968 0.0 HA 44 
   567 176.225 0.0 C 48 
   1247 9.086 0.0 HE1 103 
   649 28.552 0.0 CG 53 
   1336 27.041 0.0 CG 109 
   818 1.681 0.0 HG3 68 
   1003 1.317 0.0 HG21 83 
   16 1.968 0.0 HB2 4 
   84 0.86 0.0 HD12 10 
   957 2.892 0.0 HB2 80 
   441 0.365 0.0 HG22 39 
   65 38.639 0.0 CB 8 
   351 33.242 0.0 CG 31 
   391 1.95 0.0 HB2 35 
   1114 13.047 0.0 CD1 91 
   455 0.769 0.0 HG13 40 
   858 2.203 0.0 HG2 71 
   27 2.016 0.0 HB 5 
   444 61.503 0.0 CA 39 
   1234 1.301 0.0 HG3 102 
   487 0.685 0.0 HD12 42 
   181 119.875 0.0 N 18 
   66 116.954 0.0 N 8 
   1278 3.948 0.0 HA 105 
   861 54.724 0.0 CA 71 
   230 1.794 0.0 HB2 22 
   182 7.963 0.0 H 19 
   646 65.032 0.0 CA 53 
   192 57.55 0.0 CA 19 
   772 1.946 0.0 HB3 65 
   34 176.074 0.0 C 5 
   435 0.827 0.0 HD11 39 
   291 1.158 0.0 HB3 27 
   777 28.454 0.0 CB 65 
   1024 42.208 0.0 CB 84 
   1226 3.979 0.0 HA 102 
   1334 24.954 0.0 CD1 109 
   475 56.064 0.0 CA 41 
   1335 24.143 0.0 CD2 109 
   285 72.209 0.0 CB 26 
   879 13.45 0.0 CD1 72 
   1150 0.839 0.0 HD22 94 
   1283 54.605 0.0 CA 105 
   159 2.044 0.0 HB3 17 
   156 8.14 0.0 H 17 
   1237 32.751 0.0 CB 102 
   202 0.832 0.0 HD12 20 
   1020 0.647 0.0 HD23 84 
   112 1.37 0.0 HB3 12 
   325 111.229 0.0 N 29 
   681 23.002 0.0 CD2 56 
   938 45.05 0.0 CA 78 
   1158 26.897 0.0 CG 94 
   153 43.249 0.0 CD 16 
   524 176.981 0.0 C 44 
   807 25.787 0.0 CD1 67 
   1008 68.085 0.0 CB 83 
   527 122.697 0.0 N 44 
   529 4.564 0.0 HA 45 
   636 27.315 0.0 CG 52 
   60 2.712 0.0 HB3 8 
   1064 0.724 0.0 HG13 88 
   1301 6.147 0.0 HD2 107 
   3 1.935 0.0 HB3 3 
   666 7.22 0.0 H 56 
   943 0.692 0.0 HG11 79 
   1136 58.032 0.0 CA 93 
   654 175.841 0.0 C 54 
   716 7.089 0.0 H 60 
   258 7.074 0.0 HD2 24 
   692 28.159 0.0 CB 57 
   417 6.622 0.0 H 38 
   834 35.395 0.0 CG 69 
   1291 1.91 0.0 HG3 106 
   245 1.795 0.0 HB3 23 
   1119 3.827 0.0 HA2 92 
   1179 1.643 0.0 HB2 97 
   422 0.713 0.0 HG13 38 
   907 58.685 0.0 CA 75 
   1049 33.733 0.0 CG 86 
   780 7.728 0.0 H 66 
   1230 1.624 0.0 HD3 102 
   43 3.824 0.0 HB3 6 
   426 173.629 0.0 C 38 
   1273 33.268 0.0 CB 104 
   489 1.467 0.0 HG12 42 
   793 7.132 0.0 H 67 
   743 177.761 0.0 C 62 
   276 113.556 0.0 N 25 
   1341 1.398 0.0 HB2 110 
   345 7.418 0.0 HE21 31 
   93 24.876 0.0 CD1 10 
   869 0.687 0.0 HD12 72 
   1014 1.467 0.0 HB3 84 
   880 28.809 0.0 CG1 72 
   324 64.918 0.0 CB 29 
   526 17.978 0.0 CB 44 
   612 7.186 0.0 HD2 51 
   884 4.521 0.0 HA 73 
   1350 3.803 0.0 HB3 111 
   296 0.897 0.0 HD22 27 
   980 176.311 0.0 C 81 
   542 2.79 0.0 HB3 46 
   934 7.647 0.0 H 78 
   970 126.853 0.0 N 80 
   274 58.413 0.0 CA 25 
   997 30.452 0.0 CB 82 
   75 57.507 0.0 CA 9 
   1053 2.584 0.0 HB2 87 
   779 114.841 0.0 N 65 
   224 28.59 0.0 CB 21 
   761 3.801 0.0 HD3 64 
   808 23.38 0.0 CD2 67 
   501 9.031 0.0 H 43 
   1285 120.951 0.0 N 105 
   819 177.1 0.0 C 68 
   1304 26.649 0.0 CB 107 
   655 55.185 0.0 CA 54 
   656 39.184 0.0 CB 54 
   835 118.394 0.0 N 69 
   106 36.09 0.0 CG 11 
   775 178.76 0.0 C 65 
   577 0.712 0.0 HD12 49 
   827 1.967 0.0 HB2 69 
   206 0.854 0.0 HD23 20 
   229 4.086 0.0 HA 22 
   1223 56.234 0.0 CA 101 
   782 2.243 0.0 HB2 66 
   1153 178.947 0.0 C 94 
   201 0.832 0.0 HD11 20 
   1025 25.665 0.0 CD1 84 
   1113 37.084 0.0 CB 91 
   4 2.037 0.0 HE1 3 
   1033 2.205 0.0 HG2 85 
   1310 1.86 0.0 HB3 108 
   440 0.365 0.0 HG21 39 
   107 120.956 0.0 N 11 
   523 1.364 0.0 HB3 44 
   696 8.306 0.0 H 58 
   46 64.02 0.0 CB 6 
   14 8.628 0.0 H 4 
   326 8.245 0.0 H 30 
   597 2.649 0.0 HE3 50 
   973 3.113 0.0 HB2 81 
   1343 176.868 0.0 C 110 
   632 1.861 0.0 HG3 52 
   123 53.303 0.0 CA 13 
   396 59.18 0.0 CA 35 
   574 1.727 0.0 HB2 49 
   677 175.248 0.0 C 56 
   773 2.328 0.0 HG2 65 
   251 35.763 0.0 CG 23 
   1187 28.806 0.0 CB 97 
   898 65.658 0.0 CA 74 
   1349 3.803 0.0 HB2 111 
   1293 55.883 0.0 CA 106 
   379 30.12 0.0 CB 33 
   91 56.126 0.0 CA 10 
   584 53.785 0.0 CA 49 
   1100 7.464 0.0 H 91 
   1303 53.158 0.0 CA 107 
   840 0.635 0.0 HD12 70 
   419 1.757 0.0 HB 38 
   660 3.288 0.0 HB2 55 
   392 1.95 0.0 HB3 35 
   456 0.737 0.0 HG21 40 
   1068 174.389 0.0 C 88 
   39 121.499 0.0 N 5 
   1094 57.642 0.0 CA 90 
   191 177.964 0.0 C 19 
   873 1.167 0.0 HG21 72 
   556 57.292 0.0 CA 47 
   568 54.347 0.0 CA 48 
   350 32.865 0.0 CB 31 
   965 41.026 0.0 CB 80 
   1152 1.717 0.0 HG 94 
   200 1.476 0.0 HB3 20 
   748 4.522 0.0 HA 63 
   661 3.034 0.0 HB3 55 
   1002 4.209 0.0 HB 83 
   100 1.977 0.0 HB3 11 
   293 0.75 0.0 HD12 27 
   495 61.316 0.0 CA 42 
   1258 114.304 0.0 CZ2 103 
   398 36.377 0.0 CG 35 
   684 7.214 0.0 H 57 
   402 2.002 0.0 HB2 36 
   90 178.235 0.0 C 10 
   1270 2.214 0.0 HG3 104 
   509 0.797 0.0 HD22 43 
   1018 0.647 0.0 HD21 84 
   1043 1.238 0.0 HB3 86 
   195 32.102 0.0 CG 19 
   1344 52.539 0.0 CA 110 
   912 3.67 0.0 HA3 76 
   1251 6.685 0.0 HZ3 103 
   272 3.847 0.0 HB3 25 
   521 1.364 0.0 HB1 44 
   1317 32.352 0.0 CB 108 
   1132 0.068 0.0 HD22 93 
   1182 3.087 0.0 HD3 97 
   605 26.043 0.0 CG 50 
   778 36.644 0.0 CG 65 
   175 2.198 0.0 HG2 18 
   116 124.06 0.0 N 12 
   467 3.304 0.0 HB2 41 
   313 56.669 0.0 CA 28 
   243 4.083 0.0 HA 23 
   530 3.252 0.0 HB2 45 
   1122 47.672 0.0 CA 92 
   374 3.051 0.0 HD2 33 
   283 174.498 0.0 C 26 
   284 59.488 0.0 CA 26 
   1272 60.65 0.0 CA 104 
   642 4.012 0.0 HD3 53 
   1294 30.476 0.0 CB 106 
   946 0.488 0.0 HG21 79 
   99 1.977 0.0 HB2 11 
   45 58.096 0.0 CA 6 
   188 2.03 0.0 HE3 19 
   637 125.064 0.0 N 52 
   5 2.037 0.0 HE2 3 
   338 20.464 0.0 CG1 30 
   883 8.586 0.0 H 73 
   1215 58.114 0.0 CA 100 
   1071 21.209 0.0 CG1 88 
   1300 1.173 0.0 HB3 107 
   209 56.978 0.0 CA 20 
   786 2.098 0.0 HG3 66 
   539 8.1 0.0 H 46 
   1212 4.419 0.0 HA 100 
   1239 42.11 0.0 CE 102 
   1069 61.447 0.0 CA 88 
   288 9.148 0.0 H 27 
   247 1.908 0.0 HG3 23 
   179 29.811 0.0 CB 18 
   718 3.132 0.0 HB2 60 
   1308 4.342 0.0 HA 108 
   1238 29.357 0.0 CD 102 
   936 4.045 0.0 HA3 78 
   114 53.207 0.0 CA 12 
   1057 44.193 0.0 CB 87 
   278 4.43 0.0 HA 26 
   776 59.383 0.0 CA 65 
   979 6.755 0.0 HZ 81 
   131 59.538 0.0 CA 14 
   238 30.597 0.0 CB 22 
   983 131.99 0.0 CD1 81 
   931 23.53 0.0 CD2 77 
   18 2.199 0.0 HG2 4 
   703 20.052 0.0 CB 58 
   408 32.757 0.0 CB 36 
   732 8.751 0.0 H 61 
   1348 4.214 0.0 HA 111 
   121 1.401 0.0 HB3 13 
   96 121.828 0.0 N 10 
   691 59.107 0.0 CA 57 
   622 131.675 0.0 CE2 51 
   77 36.292 0.0 CG 9 
   94 23.445 0.0 CD2 10 
   557 30.762 0.0 CB 47 
   271 4.022 0.0 HB2 25 
   1261 129.285 0.0 NE1 103 
   1246 7.018 0.0 HD1 103 
   815 3.22 0.0 HD2 68 
   253 8.087 0.0 H 24 
   610 2.552 0.0 HB3 51 
   1195 3.779 0.0 HD2 98 
   1193 1.534 0.0 HB2 98 
   602 35.539 0.0 CB 50 
   575 1.555 0.0 HB3 49 
   958 2.826 0.0 HB3 80 
   448 19.58 0.0 CG2 39 
   860 175.775 0.0 C 71 
   220 2.502 0.0 HG2 21 
   228 7.939 0.0 H 22 
   68 8.245 0.0 H 9 
   836 7.957 0.0 H 70 
   1063 0.724 0.0 HG12 88 
   143 4.203 0.0 HA 16 
   459 174.702 0.0 C 40 
   1235 177.978 0.0 C 102 
   930 26.039 0.0 CD1 77 
   311 1.421 0.0 HG3 28 
   473 6.866 0.0 HZ 41 
   824 116.991 0.0 N 68 
   231 1.794 0.0 HB3 22 
   924 0.824 0.0 HD22 77 
   910 8.418 0.0 H 76 
   926 1.474 0.0 HG 77 
   148 1.556 0.0 HG2 16 
   544 56.917 0.0 CA 46 
   1159 119.88 0.0 N 94 
   537 114.155 0.0 N 45 
   1074 8.503 0.0 H 89 
   569 32.524 0.0 CB 48 
   895 2.112 0.0 HG2 74 
   1319 26.852 0.0 CG 108 
   735 174.325 0.0 C 61 
   1231 2.947 0.0 HE2 102 
   365 133.168 0.0 CD1 32 
   1252 181.021 0.0 C 103 
   1174 174.742 0.0 C 96 
   519 9.087 0.0 H 44 
   1139 22.143 0.0 CD2 93 
   670 0.563 0.0 HD11 56 
   135 4.394 0.0 HA 15 
   405 2.086 0.0 HG3 36 
   1318 50.22 0.0 CD 108 
   92 42.02 0.0 CB 10 
   1085 1.073 0.0 HB3 90 
   234 1.658 0.0 HG2 22 
   714 19.939 0.0 CG2 59 
   118 4.218 0.0 HA 13 
   947 0.488 0.0 HG22 79 
   421 0.713 0.0 HG12 38 
   1096 23.032 0.0 CD1 90 
   333 0.674 0.0 HG22 30 
   157 4.205 0.0 HA 17 
   1214 4.42 0.0 HB3 100 
   823 27.438 0.0 CG 68 
   1155 41.391 0.0 CB 94 
   64 53.841 0.0 CA 8 
   667 4.636 0.0 HA 56 
   1328 1.014 0.0 HD22 109 
   115 18.829 0.0 CB 12 
   1160 7.738 0.0 H 95 
   623 129.351 0.0 CZ 51 
   366 133.168 0.0 CD2 32 
   281 1.162 0.0 HG22 26 
   424 0.574 0.0 HG22 38 
   89 1.587 0.0 HG 10 
   1082 8.799 0.0 H 90 
   932 26.477 0.0 CG 77 
   172 4.121 0.0 HA 18 
   1007 65.351 0.0 CA 83 
   603 29.631 0.0 CD 50 
   67 112.954 0.0 ND2 8 
   651 4.702 0.0 HA 54 
   331 0.252 0.0 HG13 30 
   711 173.265 0.0 C 59 
   837 4.508 0.0 HA 70 
   142 8.148 0.0 H 16 
   1108 0.555 0.0 HG21 91 
   22 29.994 0.0 CB 4 
   1141 120.762 0.0 N 93 
   1011 6.473 0.0 H 84 
   552 3.068 0.0 HD3 47 
   1175 45.733 0.0 CA 96 
   497 13.076 0.0 CD1 42 
   1233 1.398 0.0 HG2 102 
   624 119.432 0.0 N 51 
   995 178.206 0.0 C 82 
   169 32.011 0.0 CG 17 
   236 178.223 0.0 C 22 
   47 119.949 0.0 N 6 
   1326 1.06 0.0 HD13 109 
   1034 2.094 0.0 HG3 85 
   82 1.543 0.0 HB3 10 
   250 30.144 0.0 CB 23 
   752 1.15 0.0 HG23 63 
   1080 64.469 0.0 CB 89 
   290 1.67 0.0 HB2 27 
   595 1.556 0.0 HD3 50 
   352 122.553 0.0 N 31 
   1200 56.621 0.0 CA 98 
   1295 36.323 0.0 CG 106 
   126 8.165 0.0 H 14 
   751 1.15 0.0 HG22 63 
   133 114.553 0.0 N 14 
   1315 176.899 0.0 C 108 
   1253 62.775 0.0 CA 103 
   846 0.118 0.0 HG23 70 
   1006 175.706 0.0 C 83 
   628 1.678 0.0 HB3 52 
   615 7.149 0.0 HZ 51 
   689 1.708 0.0 HG2 57 
   1219 1.459 0.0 HB1 101 
   317 123.653 0.0 N 28 
   862 32.946 0.0 CB 71 
   935 4.601 0.0 HA2 78 
   909 109.127 0.0 N 75 
   887 57.766 0.0 CA 73 
   1138 24.399 0.0 CD1 93 
   1032 2.265 0.0 HB3 85 
   510 0.797 0.0 HD23 43 
   928 54.378 0.0 CA 77 
   1021 1.476 0.0 HG 84 
   538 106.735 0.0 ND2 45 
   1274 15.91 0.0 CE 104 
   551 3.179 0.0 HD2 47 
   482 128.169 0.0 N 41 
   1342 1.398 0.0 HB3 110 
   566 1.94 0.0 HG3 48 
   385 3.839 0.0 HB3 34 
   111 1.37 0.0 HB2 12 
   707 3.962 0.0 HB 59 
   72 2.204 0.0 HG2 9 
   74 177.247 0.0 C 9 
   908 64.358 0.0 CB 75 
   177 176.883 0.0 C 18 
   698 0.928 0.0 HB1 58 
   410 115.94 0.0 N 36 
   120 1.401 0.0 HB2 13 
   1131 0.068 0.0 HD21 93 
   286 22.829 0.0 CG2 26 
   800 0.36 0.0 HD21 67 
   376 1.44 0.0 HG2 33 
   145 1.84 0.0 HB3 16 
   1266 2.298 0.0 HE1 104 
   20 176.331 0.0 C 4 
   1101 3.198 0.0 HA 91 
   505 0.893 0.0 HD11 43 
   255 2.895 0.0 HB2 24 
   767 49.993 0.0 CD 64 
   330 0.252 0.0 HG12 30 
   219 7.622 0.0 HE21 21 
   920 0.842 0.0 HD11 77 
   941 4.752 0.0 HA 79 
   966 133.192 0.0 CD1 80 
   791 117.742 0.0 N 66 
   205 0.854 0.0 HD22 20 
   262 58.621 0.0 CA 24 
   1242 8.089 0.0 H 103 
   1262 9.18 0.0 H 104 
   242 7.95 0.0 H 23 
   1184 1.434 0.0 HG3 97 
   472 7.087 0.0 HE2 41 
   499 17.509 0.0 CG2 42 
   809 25.235 0.0 CG 67 
   268 118.678 0.0 N 24 
   35 62.128 0.0 CA 5 
   1050 114.682 0.0 N 86 
   1218 4.02 0.0 HA 101 
   98 4.131 0.0 HA 11 
   533 7.365 0.0 HD22 45 
   548 4.133 0.0 HA 47 
   657 111.513 0.0 N 54 
   1073 121.549 0.0 N 88 
   972 4.47 0.0 HA 81 
   843 0.613 0.0 HG13 70 
   1323 1.528 0.0 HB3 109 
   1240 24.762 0.0 CG 102 
   1093 177.109 0.0 C 90 
   881 17.673 0.0 CG2 72 
   1062 0.724 0.0 HG11 88 
   641 3.873 0.0 HD2 53 
   580 0.789 0.0 HD22 49 
   136 3.912 0.0 HB2 15 
   1157 23.025 0.0 CD2 94 
   1110 0.555 0.0 HG23 91 
   407 56.237 0.0 CA 36 
   560 121.275 0.0 N 47 
   6 2.037 0.0 HE3 3 
   168 16.963 0.0 CE 17 
   437 0.827 0.0 HD13 39 
   570 36.376 0.0 CG 48 
   830 2.202 0.0 HG3 69 
   1 4.425 0.0 HA 3 
   749 4.537 0.0 HB 63 
   71 1.998 0.0 HB3 9 
   196 119.142 0.0 N 19 
   80 4.197 0.0 HA 10 
   1088 0.758 0.0 HD13 90 
   940 8.683 0.0 H 79 
   608 4.974 0.0 HA 51 
   704 116.752 0.0 N 58 
   174 2.003 0.0 HB3 18 
   1126 1.663 0.0 HB2 93 
   969 117.499 0.0 CE2 80 
   394 2.204 0.0 HG3 35 
   919 1.608 0.0 HB3 77 
   86 0.81 0.0 HD21 10 
   260 6.701 0.0 HE2 24 
   122 178.794 0.0 C 13 
   483 9.051 0.0 H 42 
   452 1.871 0.0 HB 40 
   981 57.116 0.0 CA 81 
   476 39.031 0.0 CB 41 
   1269 2.941 0.0 HG2 104 
   212 23.311 0.0 CD2 20 
   1005 1.317 0.0 HG23 83 
   401 4.289 0.0 HA 36 
   1111 177.553 0.0 C 91 
   124 18.835 0.0 CB 13 
   1211 8.646 0.0 H 100 
   512 178.81 0.0 C 43 
   768 28.234 0.0 CG 64 
   458 0.737 0.0 HG23 40 
   639 2.014 0.0 HB2 53 
   1208 171.528 0.0 C 99 
   1298 4.435 0.0 HA 107 
   1206 3.902 0.0 HA2 99 
   1143 4.015 0.0 HA 94 
   305 4.445 0.0 HA 28 
   922 0.842 0.0 HD13 77 
   650 7.948 0.0 H 54 
   747 8.206 0.0 H 63 
   892 1.915 0.0 HB3 74 
   363 57.485 0.0 CA 32 
   1257 124.8 0.0 CH2 103 
   353 111.73 0.0 NE2 31 
   328 1.586 0.0 HB 30 
   1145 1.482 0.0 HB3 94 
   129 3.873 0.0 HB3 14 
   1191 7.999 0.0 H 98 
   754 67.952 0.0 CB 63 
   514 42.395 0.0 CB 43 
   1055 175.722 0.0 C 87 
   640 2.014 0.0 HB3 53 
   826 4.487 0.0 HA 69 
   346 2.141 0.0 HG2 31 
   1156 26.8 0.0 CD1 94 
   1192 3.921 0.0 HA 98 
   1097 26.006 0.0 CD2 90 
   1037 26.953 0.0 CB 85 
   1183 1.544 0.0 HG2 97 
   1196 3.595 0.0 HD3 98 
   166 57.361 0.0 CA 17 
   549 1.794 0.0 HB2 47 
   676 1.245 0.0 HG 56 
   161 2.001 0.0 HE2 17 
   820 58.094 0.0 CA 68 
   1250 6.476 0.0 HZ2 103 
   377 1.378 0.0 HG3 33 
   1259 121.776 0.0 CZ3 103 
   1060 4.191 0.0 HA 88 
   314 32.647 0.0 CB 28 
   795 1.403 0.0 HB2 67 
   140 63.455 0.0 CB 15 
   364 38.922 0.0 CB 32 
   687 0.068 0.0 HB3 57 
   546 111.628 0.0 N 46 
   631 1.861 0.0 HG2 52 
   867 1.671 0.0 HB 72 
   731 124.377 0.0 N 60 
   49 4.212 0.0 HA 7 
   844 0.118 0.0 HG21 70 
   945 0.692 0.0 HG13 79 
   1148 0.88 0.0 HD13 94 
   1221 1.459 0.0 HB3 101 
   911 4.276 0.0 HA2 76 
   923 0.824 0.0 HD21 77 
   453 0.769 0.0 HG11 40 
   535 52.068 0.0 CA 45 
   197 8.034 0.0 H 20 
   1013 1.467 0.0 HB2 84 
   878 38.256 0.0 CB 72 
   991 1.901 0.0 HB2 82 
   1098 26.895 0.0 CG 90 
   839 0.635 0.0 HD11 70 
   25 8.177 0.0 H 5 
   1313 1.807 0.0 HG2 108 
   1009 23.764 0.0 CG2 83 
   1133 0.068 0.0 HD23 93 
   1217 116.809 0.0 N 100 
   1140 25.6 0.0 CG 93 
   97 8.147 0.0 H 11 
   1169 36.454 0.0 CG 95 
   674 0.1 0.0 HD22 56 
   1030 3.622 0.0 HA 85 
   367 117.341 0.0 CE1 32 
   479 130.657 0.0 CE1 41 
   132 63.477 0.0 CB 14 
   1051 8.63 0.0 H 87 
   1243 4.036 0.0 HA 103 
   960 6.868 0.0 HD2 80 
   336 60.933 0.0 CA 30 
   635 43.598 0.0 CD 52 
   918 1.608 0.0 HB2 77 
   708 -0.209 0.0 HG21 59 
   1144 1.93 0.0 HB2 94 
   404 2.193 0.0 HG2 36 
   1320 8.467 0.0 H 109 
   579 0.789 0.0 HD21 49 
   1112 64.55 0.0 CA 91 
   167 31.857 0.0 CB 17 
   436 0.827 0.0 HD12 39 
   279 4.215 0.0 HB 26 
   1268 2.298 0.0 HE3 104 
   70 1.998 0.0 HB2 9 
   316 26.623 0.0 CG 28 
   788 57.206 0.0 CA 66 
   1010 115.091 0.0 N 83 
   117 8.142 0.0 H 13 
   813 1.901 0.0 HB2 68 
   890 4.309 0.0 HA 74 
   466 4.852 0.0 HA 41 
   971 8.68 0.0 H 81 
   348 174.131 0.0 C 31 
   925 0.824 0.0 HD23 77 
   996 59.66 0.0 CA 82 
   57 8.312 0.0 H 8 
   662 175.935 0.0 C 55 
   1028 116.818 0.0 N 84 
   629 3.283 0.0 HD2 52 
   1280 1.426 0.0 HB2 105 
   856 2.042 0.0 HB2 71 
   842 1.246 0.0 HG12 70 
   215 8.157 0.0 H 21 
   1180 1.643 0.0 HB3 97 
   420 0.713 0.0 HG11 38 
   854 8.778 0.0 H 71 
   899 31.733 0.0 CB 74 
   903 4.211 0.0 HA 75 
   738 8.104 0.0 H 62 
   513 54.59 0.0 CA 43 
   700 0.928 0.0 HB3 58 
   1115 28.558 0.0 CG1 91 
   462 21.236 0.0 CG1 40 
   210 42.252 0.0 CB 20 
   690 0.608 0.0 HG3 57 
   1229 1.65 0.0 HD2 102 
   382 130.005 0.0 N 33 
   1260 121.319 0.0 N 103 
   307 1.446 0.0 HB3 28 
   1067 0.83 0.0 HG23 88 
   1248 6.803 0.0 HE3 103 
   565 2.222 0.0 HG2 48 
   1222 181.335 0.0 C 101 
   1287 3.906 0.0 HA 106 
   1202 43.141 0.0 CD 98 
   190 2.638 0.0 HG3 19 
   130 175.451 0.0 C 14 
   322 171.729 0.0 C 29 
   299 56.06 0.0 CA 27 
   671 0.563 0.0 HD12 56 
   720 7.329 0.0 HD1 60 
   211 25.394 0.0 CD1 20 
   1263 3.644 0.0 HA 104 
   1299 2.411 0.0 HB2 107 
   616 176.043 0.0 C 51 
   1162 2.044 0.0 HB2 95 
   726 37.813 0.0 CB 60 
   787 175.329 0.0 C 66 
   664 42.87 0.0 CB 55 
   1104 0.62 0.0 HD12 91 
   1044 2.428 0.0 HG2 86 
   901 27.83 0.0 CG 74 
   252 119.302 0.0 N 23 
   137 3.912 0.0 HB3 15 
   1244 3.125 0.0 HB2 103 
   1026 22.07 0.0 CD2 84 
   183 4.2 0.0 HA 19 
   1166 176.559 0.0 C 95 
   937 170.501 0.0 C 78 
   480 130.657 0.0 CE2 41 
   337 34.762 0.0 CB 30 
   1207 3.902 0.0 HA3 99 
   952 21.455 0.0 CG1 79 
   564 1.672 0.0 HB3 48 
   1035 175.01 0.0 C 85 
   939 109.48 0.0 N 78 
   559 27.613 0.0 CG 47 
   811 7.214 0.0 H 68 
   403 1.619 0.0 HB3 36 
   618 43.776 0.0 CB 51 
   165 177.442 0.0 C 17 
   1340 1.398 0.0 HB1 110 
   329 0.252 0.0 HG11 30 
   804 174.721 0.0 C 67 
   308 3.145 0.0 HD2 28 
   976 6.984 0.0 HD2 81 
   1124 7.615 0.0 H 93 
   76 29.741 0.0 CB 9 
   160 2.001 0.0 HE1 17 
   1072 22.104 0.0 CG2 88 
   838 1.325 0.0 HB 70 
   1331 176.976 0.0 C 109 
   897 177.861 0.0 C 74 
   750 1.15 0.0 HG21 63 
   496 38.247 0.0 CB 42 
   756 111.934 0.0 N 63 
   1076 4.014 0.0 HB2 89 
   239 43.459 0.0 CD 22 
   988 126.963 0.0 N 81 
   611 7.186 0.0 HD1 51 
   233 3.132 0.0 HD3 22 
   902 7.893 0.0 H 75 
   221 2.215 0.0 HG3 21 
   954 116.911 0.0 N 79 
   555 174.209 0.0 C 47 
   695 109.665 0.0 NE2 57 
   710 -0.209 0.0 HG23 59 
   805 53.307 0.0 CA 67 
   600 175.125 0.0 C 50 
   1000 9.023 0.0 H 83 
   590 8.188 0.0 H 50 
   889 125.865 0.0 N 73 
   599 1.166 0.0 HG3 50 
   762 2.185 0.0 HG2 64 
   1290 2.19 0.0 HG2 106 
   486 0.685 0.0 HD11 42 
   110 1.37 0.0 HB1 12 
   1027 26.393 0.0 CG 84 
   152 30.165 0.0 CB 16 
   956 5.161 0.0 HA 80 
   859 2.053 0.0 HG3 71 
   189 2.505 0.0 HG2 19 
   1154 57.332 0.0 CA 94 
   289 4.249 0.0 HA 27 
   724 178.019 0.0 C 60 
   992 1.901 0.0 HB3 82 
   702 54.433 0.0 CA 58 
   1305 119.178 0.0 CD2 107 
   737 118.169 0.0 N 61 
   517 28.618 0.0 CG 43 
   588 27.673 0.0 CG 49 
   821 31.556 0.0 CB 68 
   953 22.452 0.0 CG2 79 
   949 171.397 0.0 C 79 
   729 118.264 0.0 CE1 60 
   563 1.791 0.0 HB2 48 
   713 68.111 0.0 CB 59 
   1077 3.766 0.0 HB3 89 
   812 4.191 0.0 HA 68 
   1209 45.495 0.0 CA 99 
   1346 127.482 0.0 N 110 
   11 32.91 0.0 CB 3 
   758 2.241 0.0 HB2 64 
   792 110.754 0.0 NE2 66 
   1106 1.169 0.0 HG12 91 
   59 2.776 0.0 HB2 8 
   449 122.144 0.0 N 39 
   678 52.687 0.0 CA 56 
   176 2.198 0.0 HG3 18 
   699 0.928 0.0 HB2 58 
   882 129.755 0.0 N 72 
   785 2.378 0.0 HG2 66 
