   578 0.712 0.0 HD13 49 
   603 29.631 0.0 CD 50 
   1154 57.332 0.0 CA 94 
   316 26.623 0.0 CG 28 
   126 8.165 0.0 H 14 
   7 2.532 0.0 HG2 3 
   942 1.744 0.0 HB 79 
   405 2.086 0.0 HG3 36 
   104 57.085 0.0 CA 11 
   213 26.891 0.0 CG 20 
   332 0.674 0.0 HG21 30 
   279 4.215 0.0 HB 26 
   183 4.2 0.0 HA 19 
   904 3.917 0.0 HB2 75 
   795 1.403 0.0 HB2 67 
   63 175.868 0.0 C 8 
   668 2.211 0.0 HB2 56 
   264 132.98 0.0 CD1 24 
   600 175.125 0.0 C 50 
   1164 2.524 0.0 HG2 95 
   1074 8.503 0.0 H 89 
   1103 0.62 0.0 HD11 91 
   31 0.884 0.0 HG21 5 
   974 2.775 0.0 HB3 81 
   1030 3.622 0.0 HA 85 
   449 122.144 0.0 N 39 
   1146 0.88 0.0 HD11 94 
   1259 121.776 0.0 CZ3 103 
   439 0.821 0.0 HG13 39 
   359 6.794 0.0 HD2 32 
   460 61.243 0.0 CA 40 
   905 3.917 0.0 HB3 75 
   1101 3.198 0.0 HA 91 
   1025 25.665 0.0 CD1 84 
   17 1.884 0.0 HB3 4 
   912 3.67 0.0 HA3 76 
   1240 24.762 0.0 CG 102 
   438 1.863 0.0 HG12 39 
   1178 4.322 0.0 HA 97 
   519 9.087 0.0 H 44 
   372 1.712 0.0 HB2 33 
   618 43.776 0.0 CB 51 
   856 2.042 0.0 HB2 71 
   233 3.132 0.0 HD3 22 
   572 9.364 0.0 H 49 
   127 4.342 0.0 HA 14 
   1163 2.236 0.0 HB3 95 
   798 -0.04 0.0 HD12 67 
   442 0.365 0.0 HG23 39 
   1100 7.464 0.0 H 91 
   1127 1.079 0.0 HB3 93 
   1128 -0.102 0.0 HD11 93 
   1061 1.943 0.0 HB 88 
   73 2.204 0.0 HG3 9 
   92 42.02 0.0 CB 10 
   751 1.15 0.0 HG22 63 
   833 28.69 0.0 CB 69 
   377 1.378 0.0 HG3 33 
   523 1.364 0.0 HB3 44 
   1255 127.212 0.0 CD1 103 
   682 26.691 0.0 CG 56 
   902 7.893 0.0 H 75 
   973 3.113 0.0 HB2 81 
   550 1.794 0.0 HB3 47 
   1274 15.91 0.0 CE 104 
   1196 3.595 0.0 HD3 98 
   98 4.131 0.0 HA 11 
   645 178.611 0.0 C 53 
   701 177.612 0.0 C 58 
   170 119.345 0.0 N 17 
   901 27.83 0.0 CG 74 
   788 57.206 0.0 CA 66 
   733 3.771 0.0 HA2 61 
   541 3.176 0.0 HB2 46 
   237 57.61 0.0 CA 22 
   153 43.249 0.0 CD 16 
   101 2.227 0.0 HG2 11 
   762 2.185 0.0 HG2 64 
   207 1.708 0.0 HG 20 
   587 23.991 0.0 CD2 49 
   781 4.059 0.0 HA 66 
   91 56.126 0.0 CA 10 
   436 0.827 0.0 HD12 39 
   354 9.231 0.0 H 32 
   282 1.162 0.0 HG23 26 
   113 178.397 0.0 C 12 
   1324 1.06 0.0 HD11 109 
   1001 3.987 0.0 HA 83 
   1073 121.549 0.0 N 88 
   49 4.212 0.0 HA 7 
   1053 2.584 0.0 HB2 87 
   610 2.552 0.0 HB3 51 
   602 35.539 0.0 CB 50 
   1107 0.614 0.0 HG13 91 
   305 4.445 0.0 HA 28 
   12 16.881 0.0 CE 3 
   754 67.952 0.0 CB 63 
   77 36.292 0.0 CG 9 
   594 1.556 0.0 HD2 50 
   383 3.616 0.0 HA 34 
   1279 1.426 0.0 HB1 105 
   1075 4.745 0.0 HA 89 
   718 3.132 0.0 HB2 60 
   843 0.613 0.0 HG13 70 
   1304 26.649 0.0 CB 107 
   522 1.364 0.0 HB2 44 
   1311 3.315 0.0 HD2 108 
   76 29.741 0.0 CB 9 
   1141 120.762 0.0 N 93 
   293 0.75 0.0 HD12 27 
   1080 64.469 0.0 CB 89 
   1353 121.137 0.0 N 111 
   776 59.383 0.0 CA 65 
   1077 3.766 0.0 HB3 89 
   128 3.873 0.0 HB2 14 
   348 174.131 0.0 C 31 
   1199 175.018 0.0 C 98 
   1111 177.553 0.0 C 91 
   260 6.701 0.0 HE2 24 
   271 4.022 0.0 HB2 25 
   312 176.07 0.0 C 28 
   1341 1.398 0.0 HB2 110 
   229 4.086 0.0 HA 22 
   908 64.358 0.0 CB 75 
   814 1.811 0.0 HB3 68 
   784 7.328 0.0 HE21 66 
   947 0.488 0.0 HG22 79 
   1227 1.826 0.0 HB2 102 
   854 8.778 0.0 H 71 
   646 65.032 0.0 CA 53 
   739 4.298 0.0 HA 62 
   945 0.692 0.0 HG13 79 
   770 3.908 0.0 HA 65 
   729 118.264 0.0 CE1 60 
   1273 33.268 0.0 CB 104 
   222 177.928 0.0 C 21 
   1297 7.064 0.0 H 107 
   622 131.675 0.0 CE2 51 
   576 0.712 0.0 HD11 49 
   158 2.044 0.0 HB2 17 
   580 0.789 0.0 HD22 49 
   402 2.002 0.0 HB2 36 
   667 4.636 0.0 HA 56 
   960 6.868 0.0 HD2 80 
   83 0.86 0.0 HD11 10 
   323 57.62 0.0 CA 29 
   1233 1.398 0.0 HG2 102 
   584 53.785 0.0 CA 49 
   242 7.95 0.0 H 23 
   962 6.559 0.0 HE2 80 
   809 25.235 0.0 CG 67 
   881 17.673 0.0 CG2 72 
   254 4.315 0.0 HA 24 
   812 4.191 0.0 HA 68 
   551 3.179 0.0 HD2 47 
   965 41.026 0.0 CB 80 
   1262 9.18 0.0 H 104 
   928 54.378 0.0 CA 77 
   1298 4.435 0.0 HA 107 
   302 26.014 0.0 CD2 27 
   811 7.214 0.0 H 68 
   1245 3.08 0.0 HB3 103 
   1119 3.827 0.0 HA2 92 
   468 2.612 0.0 HB3 41 
   931 23.53 0.0 CD2 77 
   692 28.159 0.0 CB 57 
   882 129.755 0.0 N 72 
   978 6.86 0.0 HE2 81 
   1232 2.947 0.0 HE3 102 
   1048 34.491 0.0 CB 86 
   1047 54.406 0.0 CA 86 
   1142 8.317 0.0 H 94 
   1158 26.897 0.0 CG 94 
   441 0.365 0.0 HG22 39 
   657 111.513 0.0 N 54 
   966 133.192 0.0 CD1 80 
   753 58.845 0.0 CA 63 
   72 2.204 0.0 HG2 9 
   411 7.908 0.0 H 37 
   1020 0.647 0.0 HD23 84 
   79 8.06 0.0 H 10 
   655 55.185 0.0 CA 54 
   56 126.064 0.0 N 7 
   338 20.464 0.0 CG1 30 
   200 1.476 0.0 HB3 20 
   1076 4.014 0.0 HB2 89 
   950 59.293 0.0 CA 79 
   1065 0.83 0.0 HG21 88 
   994 2.169 0.0 HG3 82 
   156 8.14 0.0 H 17 
   2 2.029 0.0 HB2 3 
   513 54.59 0.0 CA 43 
   35 62.128 0.0 CA 5 
   358 6.794 0.0 HD1 32 
   240 27.348 0.0 CG 22 
   724 178.019 0.0 C 60 
   19 2.199 0.0 HG3 4 
   1312 3.044 0.0 HD3 108 
   1272 60.65 0.0 CA 104 
   97 8.147 0.0 H 11 
   717 4.115 0.0 HA 60 
   1051 8.63 0.0 H 87 
   1092 1.466 0.0 HG 90 
   957 2.892 0.0 HB2 80 
   911 4.276 0.0 HA2 76 
   1066 0.83 0.0 HG22 88 
   1278 3.948 0.0 HA 105 
   643 2.087 0.0 HG2 53 
   845 0.118 0.0 HG22 70 
   1252 181.021 0.0 C 103 
   331 0.252 0.0 HG13 30 
   210 42.252 0.0 CB 20 
   1219 1.459 0.0 HB1 101 
   679 42.559 0.0 CB 56 
   256 2.791 0.0 HB3 24 
   663 55.404 0.0 CA 55 
   796 1.216 0.0 HB3 67 
   750 1.15 0.0 HG21 63 
   478 132.608 0.0 CD2 41 
   1112 64.55 0.0 CA 91 
   944 0.692 0.0 HG12 79 
   1206 3.902 0.0 HA2 99 
   836 7.957 0.0 H 70 
   964 55.493 0.0 CA 80 
   626 4.903 0.0 HA 52 
   47 119.949 0.0 N 6 
   1015 0.451 0.0 HD11 84 
   1207 3.902 0.0 HA3 99 
   971 8.68 0.0 H 81 
   46 64.02 0.0 CB 6 
   1085 1.073 0.0 HB3 90 
   874 1.167 0.0 HG22 72 
   557 30.762 0.0 CB 47 
   824 116.991 0.0 N 68 
   1225 8.543 0.0 H 102 
   188 2.03 0.0 HE3 19 
   996 59.66 0.0 CA 82 
   253 8.087 0.0 H 24 
   230 1.794 0.0 HB2 22 
   239 43.459 0.0 CD 22 
   1032 2.265 0.0 HB3 85 
   209 56.978 0.0 CA 20 
   880 28.809 0.0 CG1 72 
   1157 23.025 0.0 CD2 94 
   202 0.832 0.0 HD12 20 
   1011 6.473 0.0 H 84 
   1059 9.051 0.0 H 88 
   711 173.265 0.0 C 59 
   900 50.653 0.0 CD 74 
   139 59.384 0.0 CA 15 
   720 7.329 0.0 HD1 60 
   1185 174.894 0.0 C 97 
   725 60.827 0.0 CA 60 
   328 1.586 0.0 HB 30 
   712 59.886 0.0 CA 59 
   706 3.734 0.0 HA 59 
   1313 1.807 0.0 HG2 108 
   650 7.948 0.0 H 54 
   1082 8.799 0.0 H 90 
   1350 3.803 0.0 HB3 111 
   897 177.861 0.0 C 74 
   525 54.489 0.0 CA 44 
   308 3.145 0.0 HD2 28 
   469 7.257 0.0 HD1 41 
   1294 30.476 0.0 CB 106 
   1249 6.678 0.0 HH2 103 
   1216 64.391 0.0 CB 100 
   778 36.644 0.0 CG 65 
   764 179.483 0.0 C 64 
   301 26.22 0.0 CD1 27 
   923 0.824 0.0 HD21 77 
   794 4.296 0.0 HA 67 
   1277 7.659 0.0 H 105 
   756 111.934 0.0 N 63 
   810 117.57 0.0 N 67 
   688 7.208 0.0 HE21 57 
   324 64.918 0.0 CB 29 
   361 6.319 0.0 HE2 32 
   548 4.133 0.0 HA 47 
   636 27.315 0.0 CG 52 
   1194 2.763 0.0 HB3 98 
   817 1.801 0.0 HG2 68 
   867 1.671 0.0 HB 72 
   149 1.556 0.0 HG3 16 
   1003 1.317 0.0 HG21 83 
   166 57.361 0.0 CA 17 
   90 178.235 0.0 C 10 
   606 121.409 0.0 N 50 
   954 116.911 0.0 N 79 
   1096 23.032 0.0 CD1 90 
   748 4.522 0.0 HA 63 
   1130 -0.102 0.0 HD13 93 
   120 1.401 0.0 HB2 13 
   722 6.914 0.0 HE1 60 
   61 6.882 0.0 HD21 8 
   181 119.875 0.0 N 18 
   1307 117.066 0.0 N 107 
   117 8.142 0.0 H 13 
   1033 2.205 0.0 HG2 85 
   660 3.288 0.0 HB2 55 
   869 0.687 0.0 HD12 72 
   992 1.901 0.0 HB3 82 
   465 9.605 0.0 H 41 
   313 56.669 0.0 CA 28 
   381 26.709 0.0 CG 33 
   673 0.1 0.0 HD21 56 
   760 3.713 0.0 HD2 64 
   1244 3.125 0.0 HB2 103 
   23 36.128 0.0 CG 4 
   840 0.635 0.0 HD12 70 
   815 3.22 0.0 HD2 68 
   1098 26.895 0.0 CG 90 
   197 8.034 0.0 H 20 
   642 4.012 0.0 HD3 53 
   909 109.127 0.0 N 75 
   329 0.252 0.0 HG11 30 
   1060 4.191 0.0 HA 88 
   1201 31.248 0.0 CB 98 
   1173 3.752 0.0 HA3 96 
   261 175.685 0.0 C 24 
   715 99.63 0.0 N 59 
   687 0.068 0.0 HB3 57 
   765 65.999 0.0 CA 64 
   1149 0.839 0.0 HD21 94 
   52 1.354 0.0 HB3 7 
   604 41.911 0.0 CE 50 
   351 33.242 0.0 CG 31 
   852 18.6 0.0 CG2 70 
   892 1.915 0.0 HB3 74 
   664 42.87 0.0 CB 55 
   699 0.928 0.0 HB2 58 
   180 36.33 0.0 CG 18 
   768 28.234 0.0 CG 64 
   1029 7.848 0.0 H 85 
   1335 24.143 0.0 CD2 109 
   990 3.582 0.0 HA 82 
   195 32.102 0.0 CG 19 
   376 1.44 0.0 HG2 33 
   1314 1.807 0.0 HG3 108 
   1281 1.426 0.0 HB3 105 
   918 1.608 0.0 HB2 77 
   445 39.072 0.0 CB 39 
   589 125.107 0.0 N 49 
   107 120.956 0.0 N 11 
   399 121.527 0.0 N 35 
   624 119.432 0.0 N 51 
   745 20.267 0.0 CB 62 
   774 2.196 0.0 HG3 65 
   136 3.912 0.0 HB2 15 
   1145 1.482 0.0 HB3 94 
   473 6.866 0.0 HZ 41 
   1303 53.158 0.0 CA 107 
   378 54.137 0.0 CA 33 
   489 1.467 0.0 HG12 42 
   259 6.701 0.0 HE1 24 
   677 175.248 0.0 C 56 
   125 122.326 0.0 N 13 
   588 27.673 0.0 CG 49 
   641 3.873 0.0 HD2 53 
   414 174.303 0.0 C 37 
   1280 1.426 0.0 HB2 105 
   850 14.445 0.0 CD1 70 
   1000 9.023 0.0 H 83 
   25 8.177 0.0 H 5 
   327 4.941 0.0 HA 30 
   39 121.499 0.0 N 5 
   144 1.84 0.0 HB2 16 
   42 3.879 0.0 HB2 6 
   648 49.824 0.0 CD 53 
   1046 174.095 0.0 C 86 
   799 -0.04 0.0 HD13 67 
   529 4.564 0.0 HA 45 
   728 133.724 0.0 CD2 60 
   1161 4.384 0.0 HA 95 
   686 1.24 0.0 HB2 57 
   1108 0.555 0.0 HG21 91 
   16 1.968 0.0 HB2 4 
   1079 56.08 0.0 CA 89 
   542 2.79 0.0 HB3 46 
   1256 118.379 0.0 CE3 103 
   1290 2.19 0.0 HG2 106 
   537 114.155 0.0 N 45 
   356 2.875 0.0 HB2 32 
   872 0.696 0.0 HG13 72 
   194 17.023 0.0 CE 19 
   1155 41.391 0.0 CB 94 
   1095 42.674 0.0 CB 90 
   530 3.252 0.0 HB2 45 
   482 128.169 0.0 N 41 
   95 26.946 0.0 CG 10 
   1301 6.147 0.0 HD2 107 
   157 4.205 0.0 HA 17 
   270 4.133 0.0 HA 25 
   1156 26.8 0.0 CD1 94 
   435 0.827 0.0 HD11 39 
   860 175.775 0.0 C 71 
   838 1.325 0.0 HB 70 
   1009 23.764 0.0 CG2 83 
   666 7.22 0.0 H 56 
   192 57.55 0.0 CA 19 
   41 4.402 0.0 HA 6 
   426 173.629 0.0 C 38 
   509 0.797 0.0 HD22 43 
   1084 1.612 0.0 HB2 90 
   865 9.013 0.0 H 72 
   1083 3.798 0.0 HA 90 
   392 1.95 0.0 HB3 35 
   116 124.06 0.0 N 12 
   162 2.001 0.0 HE3 17 
   373 1.546 0.0 HB3 33 
   9 176.016 0.0 C 3 
   705 6.395 0.0 H 59 
   958 2.826 0.0 HB3 80 
   45 58.096 0.0 CA 6 
   853 125.545 0.0 N 70 
   28 0.883 0.0 HG11 5 
   347 2.215 0.0 HG3 31 
   1188 43.281 0.0 CD 97 
   1166 176.559 0.0 C 95 
   208 178.43 0.0 C 20 
   487 0.685 0.0 HD12 42 
   330 0.252 0.0 HG12 30 
   471 7.087 0.0 HE1 41 
   1062 0.724 0.0 HG11 88 
   123 53.303 0.0 CA 13 
   789 29.542 0.0 CB 66 
   1186 55.877 0.0 CA 97 
   440 0.365 0.0 HG21 39 
   1238 29.357 0.0 CD 102 
   761 3.801 0.0 HD3 64 
   967 133.192 0.0 CD2 80 
   981 57.116 0.0 CA 81 
   243 4.083 0.0 HA 23 
   433 4.323 0.0 HA 39 
   173 2.003 0.0 HB2 18 
   647 30.867 0.0 CB 53 
   1055 175.722 0.0 C 87 
   446 15.099 0.0 CD1 39 
   189 2.505 0.0 HG2 19 
   319 4.528 0.0 HA 29 
   1234 1.301 0.0 HG3 102 
   533 7.365 0.0 HD22 45 
   8 2.492 0.0 HG3 3 
   502 5.108 0.0 HA 43 
   1135 174.204 0.0 C 93 
   141 117.597 0.0 N 15 
   34 176.074 0.0 C 5 
   268 118.678 0.0 N 24 
   5 2.037 0.0 HE2 3 
   386 176.483 0.0 C 34 
   577 0.712 0.0 HD12 49 
   1348 4.214 0.0 HA 111 
   152 30.165 0.0 CB 16 
   1338 8.637 0.0 H 110 
   925 0.824 0.0 HD23 77 
   1247 9.086 0.0 HE1 103 
   767 49.993 0.0 CD 64 
   896 2.031 0.0 HG3 74 
   1162 2.044 0.0 HB2 95 
   1309 2.209 0.0 HB2 108 
   539 8.1 0.0 H 46 
   364 38.922 0.0 CB 32 
   834 35.395 0.0 CG 69 
   13 31.901 0.0 CG 3 
   1113 37.084 0.0 CB 91 
   495 61.316 0.0 CA 42 
   48 8.431 0.0 H 7 
   861 54.724 0.0 CA 71 
   916 7.499 0.0 H 77 
   466 4.852 0.0 HA 41 
   422 0.713 0.0 HG13 38 
   490 0.882 0.0 HG13 42 
   409 36.871 0.0 CG 36 
   424 0.574 0.0 HG22 38 
   568 54.347 0.0 CA 48 
   1339 4.335 0.0 HA 110 
   488 0.685 0.0 HD13 42 
   484 4.729 0.0 HA 42 
   1131 0.068 0.0 HD21 93 
   910 8.418 0.0 H 76 
   1144 1.93 0.0 HB2 94 
   491 0.921 0.0 HG21 42 
   1270 2.214 0.0 HG3 104 
   805 53.307 0.0 CA 67 
   1056 52.907 0.0 CA 87 
   475 56.064 0.0 CA 41 
   832 55.752 0.0 CA 69 
   669 1.046 0.0 HB3 56 
   286 22.829 0.0 CG2 26 
   1152 1.717 0.0 HG 94 
   684 7.214 0.0 H 57 
   839 0.635 0.0 HD11 70 
   1067 0.83 0.0 HG23 88 
   1223 56.234 0.0 CA 101 
   611 7.186 0.0 HD1 51 
   808 23.38 0.0 CD2 67 
   1192 3.921 0.0 HA 98 
   1102 1.437 0.0 HB 91 
   1150 0.839 0.0 HD22 94 
   1258 114.304 0.0 CZ2 103 
   875 1.167 0.0 HG23 72 
   859 2.053 0.0 HG3 71 
   719 2.799 0.0 HB3 60 
   434 1.87 0.0 HB 39 
   288 9.148 0.0 H 27 
   635 43.598 0.0 CD 52 
   1315 176.899 0.0 C 108 
   921 0.842 0.0 HD12 77 
   366 133.168 0.0 CD2 32 
   1195 3.779 0.0 HD2 98 
   938 45.05 0.0 CA 78 
   1040 6.636 0.0 H 86 
   248 176.858 0.0 C 23 
   524 176.981 0.0 C 44 
   337 34.762 0.0 CB 30 
   51 1.354 0.0 HB2 7 
   15 4.276 0.0 HA 4 
   225 33.973 0.0 CG 21 
   142 8.148 0.0 H 16 
   135 4.394 0.0 HA 15 
   1133 0.068 0.0 HD23 93 
   547 7.703 0.0 H 47 
   1117 116.561 0.0 N 91 
   1351 59.865 0.0 CA 111 
   283 174.498 0.0 C 26 
   1243 4.036 0.0 HA 103 
   430 18.467 0.0 CG2 38 
   10 55.604 0.0 CA 3 
   1271 178.325 0.0 C 104 
   1172 4.236 0.0 HA2 96 
   129 3.873 0.0 HB3 14 
   1299 2.411 0.0 HB2 107 
   889 125.865 0.0 N 73 
   498 28.39 0.0 CG1 42 
   497 13.076 0.0 CD1 42 
   415 46.016 0.0 CA 37 
   1283 54.605 0.0 CA 105 
   138 175.478 0.0 C 15 
   866 4.208 0.0 HA 72 
   345 7.418 0.0 HE21 31 
   1242 8.089 0.0 H 103 
   980 176.311 0.0 C 81 
   857 2.042 0.0 HB3 71 
   740 1.112 0.0 HB1 62 
   919 1.608 0.0 HB3 77 
   876 175.825 0.0 C 72 
   232 3.132 0.0 HD2 22 
   425 0.574 0.0 HG23 38 
   1288 1.513 0.0 HB2 106 
   730 118.264 0.0 CE2 60 
   265 132.98 0.0 CD2 24 
   884 4.521 0.0 HA 73 
   929 42.125 0.0 CB 77 
   581 0.789 0.0 HD23 49 
   317 123.653 0.0 N 28 
   397 28.457 0.0 CB 35 
   175 2.198 0.0 HG2 18 
   826 4.487 0.0 HA 69 
   899 31.733 0.0 CB 74 
   855 4.692 0.0 HA 71 
   659 4.94 0.0 HA 55 
   1340 1.398 0.0 HB1 110 
   161 2.001 0.0 HE2 17 
   88 0.81 0.0 HD23 10 
   275 64.876 0.0 CB 25 
   662 175.935 0.0 C 55 
   1078 175.634 0.0 C 89 
   1006 175.706 0.0 C 83 
   203 0.832 0.0 HD13 20 
   596 2.85 0.0 HE2 50 
   30 0.883 0.0 HG13 5 
   303 119.999 0.0 N 27 
   620 131.545 0.0 CD2 51 
   404 2.193 0.0 HG2 36 
   672 0.563 0.0 HD13 56 
   1004 1.317 0.0 HG22 83 
   480 130.657 0.0 CE2 41 
   280 1.162 0.0 HG21 26 
   1231 2.947 0.0 HE2 102 
   374 3.051 0.0 HD2 33 
   822 43.453 0.0 CD 68 
   448 19.58 0.0 CG2 39 
   1167 56.089 0.0 CA 95 
   634 28.313 0.0 CB 52 
   1213 4.108 0.0 HB2 100 
   1139 22.143 0.0 CD2 93 
   575 1.555 0.0 HB3 49 
   1323 1.528 0.0 HB3 109 
   984 131.99 0.0 CD2 81 
   420 0.713 0.0 HG11 38 
   946 0.488 0.0 HG21 79 
   1086 0.758 0.0 HD11 90 
   885 4.148 0.0 HB2 73 
   272 3.847 0.0 HB3 25 
   1352 64.896 0.0 CB 111 
   444 61.503 0.0 CA 39 
   371 4.439 0.0 HA 33 
   223 57.396 0.0 CA 21 
   516 24.929 0.0 CD2 43 
   461 33.244 0.0 CB 40 
   656 39.184 0.0 CB 54 
   493 0.921 0.0 HG23 42 
   1235 177.978 0.0 C 102 
   543 175.512 0.0 C 46 
   179 29.811 0.0 CB 18 
   782 2.243 0.0 HB2 66 
   1151 0.839 0.0 HD23 94 
   828 1.967 0.0 HB3 69 
   299 56.06 0.0 CA 27 
   85 0.86 0.0 HD13 10 
   1319 26.852 0.0 CG 108 
   172 4.121 0.0 HA 18 
   110 1.37 0.0 HB1 12 
   150 177.474 0.0 C 16 
   738 8.104 0.0 H 62 
   266 118.071 0.0 CE1 24 
   112 1.37 0.0 HB3 12 
   1169 36.454 0.0 CG 95 
   735 174.325 0.0 C 61 
   564 1.672 0.0 HB3 48 
   365 133.168 0.0 CD1 32 
   1264 2.067 0.0 HB2 104 
   1070 35.256 0.0 CB 88 
   131 59.538 0.0 CA 14 
   164 2.52 0.0 HG3 17 
   579 0.789 0.0 HD21 49 
   1148 0.88 0.0 HD13 94 
   1248 6.803 0.0 HE3 103 
   653 2.515 0.0 HB3 54 
   544 56.917 0.0 CA 46 
   1228 1.689 0.0 HB3 102 
   1250 6.476 0.0 HZ2 103 
   159 2.044 0.0 HB3 17 
   1072 22.104 0.0 CG2 88 
   204 0.854 0.0 HD21 20 
   1239 42.11 0.0 CE 102 
   697 3.592 0.0 HA 58 
   1057 44.193 0.0 CB 87 
   665 116.732 0.0 N 55 
   1153 178.947 0.0 C 94 
   1179 1.643 0.0 HB2 97 
   1306 134.424 0.0 CE1 107 
   21 56.669 0.0 CA 4 
   1184 1.434 0.0 HG3 97 
   759 1.816 0.0 HB3 64 
   972 4.47 0.0 HA 81 
   941 4.752 0.0 HA 79 
   29 0.883 0.0 HG12 5 
   1292 174.911 0.0 C 106 
   870 0.687 0.0 HD13 72 
   1087 0.758 0.0 HD12 90 
   118 4.218 0.0 HA 13 
   1212 4.419 0.0 HA 100 
   804 174.721 0.0 C 67 
   1330 1.647 0.0 HG 109 
   479 130.657 0.0 CE1 41 
   1022 175.527 0.0 C 84 
   742 1.112 0.0 HB3 62 
   43 3.824 0.0 HB3 6 
   410 115.94 0.0 N 36 
   1197 1.615 0.0 HG2 98 
   182 7.963 0.0 H 19 
   3 1.935 0.0 HB3 3 
   171 8.19 0.0 H 18 
   1334 24.954 0.0 CD1 109 
   627 2.135 0.0 HB2 52 
   55 19.004 0.0 CB 7 
   1343 176.868 0.0 C 110 
   1345 19.28 0.0 CB 110 
   227 111.873 0.0 NE2 21 
   296 0.897 0.0 HD22 27 
   1093 177.109 0.0 C 90 
   1176 107.323 0.0 N 96 
   483 9.051 0.0 H 42 
   394 2.204 0.0 HG3 35 
   236 178.223 0.0 C 22 
   741 1.112 0.0 HB2 62 
   1229 1.65 0.0 HD2 102 
   726 37.813 0.0 CB 60 
   515 25.078 0.0 CD1 43 
   278 4.43 0.0 HA 26 
   362 174.519 0.0 C 32 
   1180 1.643 0.0 HB3 97 
   199 1.86 0.0 HB2 20 
   375 2.833 0.0 HD3 33 
   628 1.678 0.0 HB3 52 
   1120 3.681 0.0 HA3 92 
   559 27.613 0.0 CG 47 
   277 7.753 0.0 H 26 
   995 178.206 0.0 C 82 
   400 7.08 0.0 H 36 
   807 25.787 0.0 CD1 67 
   318 7.994 0.0 H 29 
   591 5.454 0.0 HA 50 
   217 2.12 0.0 HB2 21 
   661 3.034 0.0 HB3 55 
   476 39.031 0.0 CB 41 
   998 35.923 0.0 CG 82 
   165 177.442 0.0 C 17 
   625 9.528 0.0 H 52 
   310 1.564 0.0 HG2 28 
   452 1.871 0.0 HB 40 
   70 1.998 0.0 HB2 9 
   145 1.84 0.0 HB3 16 
   1222 181.335 0.0 C 101 
   593 1.33 0.0 HB3 50 
   320 3.731 0.0 HB2 29 
   1331 176.976 0.0 C 109 
   528 7.355 0.0 H 45 
   943 0.692 0.0 HG11 79 
   298 175.89 0.0 C 27 
   307 1.446 0.0 HB3 28 
   1097 26.006 0.0 CD2 90 
   67 112.954 0.0 ND2 8 
   155 122.38 0.0 N 16 
   883 8.586 0.0 H 73 
   81 1.659 0.0 HB2 10 
   1168 29.663 0.0 CB 95 
   453 0.769 0.0 HG11 40 
   190 2.638 0.0 HG3 19 
   1132 0.068 0.0 HD22 93 
   174 2.003 0.0 HB3 18 
   456 0.737 0.0 HG21 40 
   219 7.622 0.0 HE21 21 
   915 109.752 0.0 N 76 
   160 2.001 0.0 HE1 17 
   1333 42.849 0.0 CB 109 
   1021 1.476 0.0 HG 84 
   214 121.295 0.0 N 20 
   785 2.378 0.0 HG2 66 
   124 18.835 0.0 CB 13 
   707 3.962 0.0 HB 59 
   933 115.627 0.0 N 77 
   325 111.229 0.0 N 29 
   54 53.151 0.0 CA 7 
   558 43.885 0.0 CD 47 
   234 1.658 0.0 HG2 22 
   250 30.144 0.0 CB 23 
   658 8.201 0.0 H 55 
   835 118.394 0.0 N 69 
   937 170.501 0.0 C 78 
   797 -0.04 0.0 HD11 67 
   474 174.17 0.0 C 41 
   1217 116.809 0.0 N 100 
   631 1.861 0.0 HG2 52 
   111 1.37 0.0 HB2 12 
   370 8.36 0.0 H 33 
   1110 0.555 0.0 HG23 91 
   1310 1.86 0.0 HB3 108 
   504 1.708 0.0 HB3 43 
   57 8.312 0.0 H 8 
   1160 7.738 0.0 H 95 
   1265 2.339 0.0 HB3 104 
   1260 121.319 0.0 N 103 
   96 121.828 0.0 N 10 
   1137 41.703 0.0 CB 93 
   710 -0.209 0.0 HG23 59 
   416 108.087 0.0 N 37 
   640 2.014 0.0 HB3 53 
   675 0.1 0.0 HD23 56 
   920 0.842 0.0 HD11 77 
   385 3.839 0.0 HB3 34 
   1320 8.467 0.0 H 109 
   1267 2.298 0.0 HE2 104 
   508 0.797 0.0 HD21 43 
   732 8.751 0.0 H 61 
   71 1.998 0.0 HB3 9 
   1317 32.352 0.0 CB 108 
   1124 7.615 0.0 H 93 
   326 8.245 0.0 H 30 
   505 0.893 0.0 HD11 43 
   873 1.167 0.0 HG21 72 
   1174 174.742 0.0 C 96 
   1063 0.724 0.0 HG12 88 
   1037 26.953 0.0 CB 85 
   1285 120.951 0.0 N 105 
   1104 0.62 0.0 HD12 91 
   583 175.439 0.0 C 49 
   997 30.452 0.0 CB 82 
   621 131.675 0.0 CE1 51 
   105 29.983 0.0 CB 11 
   512 178.81 0.0 C 43 
   671 0.563 0.0 HD12 56 
   454 0.769 0.0 HG12 40 
   450 8.934 0.0 H 40 
   758 2.241 0.0 HB2 64 
   975 6.984 0.0 HD1 81 
   292 0.75 0.0 HD11 27 
   793 7.132 0.0 H 67 
   702 54.433 0.0 CA 58 
   779 114.841 0.0 N 65 
   560 121.275 0.0 N 47 
   262 58.621 0.0 CA 24 
   1143 4.015 0.0 HA 94 
   322 171.729 0.0 C 29 
   934 7.647 0.0 H 78 
   1295 36.323 0.0 CG 106 
   1177 8.717 0.0 H 97 
   780 7.728 0.0 H 66 
   297 0.897 0.0 HD23 27 
   169 32.011 0.0 CG 17 
   1116 17.114 0.0 CG2 91 
   906 175.703 0.0 C 75 
   849 42.252 0.0 CB 70 
   244 1.795 0.0 HB2 23 
   1328 1.014 0.0 HD22 109 
   37 21.185 0.0 CG1 5 
   93 24.876 0.0 CD1 10 
   477 132.608 0.0 CD1 41 
   749 4.537 0.0 HB 63 
   755 21.938 0.0 CG2 63 
   300 43.838 0.0 CB 27 
   961 6.559 0.0 HE1 80 
   721 7.329 0.0 HD2 60 
   609 3.28 0.0 HB2 51 
   1326 1.06 0.0 HD13 109 
   103 177.123 0.0 C 11 
   122 178.794 0.0 C 13 
   443 174.355 0.0 C 39 
   837 4.508 0.0 HA 70 
   221 2.215 0.0 HG3 21 
   1191 7.999 0.0 H 98 
   1209 45.495 0.0 CA 99 
   349 54.359 0.0 CA 31 
   563 1.791 0.0 HB2 48 
   11 32.91 0.0 CB 3 
   306 1.556 0.0 HB2 28 
   1332 55.074 0.0 CA 109 
   267 118.071 0.0 CE2 24 
   818 1.681 0.0 HG3 68 
   258 7.074 0.0 HD2 24 
   734 3.361 0.0 HA3 61 
   1308 4.342 0.0 HA 108 
   887 57.766 0.0 CA 73 
   1089 0.902 0.0 HD21 90 
   75 57.507 0.0 CA 9 
   590 8.188 0.0 H 50 
   1347 7.888 0.0 H 111 
   727 133.724 0.0 CD1 60 
   352 122.553 0.0 N 31 
   517 28.618 0.0 CG 43 
   886 3.722 0.0 HB3 73 
   421 0.713 0.0 HG12 38 
   871 1.629 0.0 HG12 72 
   24 122.855 0.0 N 4 
   561 8.308 0.0 H 48 
   1041 4.768 0.0 HA 86 
   1099 129.702 0.0 N 90 
   1024 42.208 0.0 CB 84 
   1123 103.835 0.0 N 92 
   247 1.908 0.0 HG3 23 
   511 1.668 0.0 HG 43 
   829 2.202 0.0 HG2 69 
   206 0.854 0.0 HD23 20 
   341 8.341 0.0 H 31 
   1202 43.141 0.0 CD 98 
   803 1.287 0.0 HG 67 
   816 3.22 0.0 HD3 68 
   205 0.854 0.0 HD22 20 
   800 0.36 0.0 HD21 67 
   983 131.99 0.0 CD1 81 
   360 6.319 0.0 HE1 32 
   294 0.75 0.0 HD13 27 
   549 1.794 0.0 HB2 47 
   220 2.502 0.0 HG2 21 
   1293 55.883 0.0 CA 106 
   1094 57.642 0.0 CA 90 
   1 4.425 0.0 HA 3 
   455 0.769 0.0 HG13 40 
   53 178.059 0.0 C 7 
   1005 1.317 0.0 HG23 83 
   617 56.966 0.0 CA 51 
   289 4.249 0.0 HA 27 
   263 38.578 0.0 CB 24 
   703 20.052 0.0 CB 58 
   1208 171.528 0.0 C 99 
   1023 54.419 0.0 CA 84 
   367 117.341 0.0 CE1 32 
   907 58.685 0.0 CA 75 
   1114 13.047 0.0 CD1 91 
   917 4.552 0.0 HA 77 
   1081 120.776 0.0 N 89 
   249 57.172 0.0 CA 23 
   848 60.153 0.0 CA 70 
   982 38.413 0.0 CB 81 
   1220 1.459 0.0 HB2 101 
   831 174.904 0.0 C 69 
   1344 52.539 0.0 CA 110 
   1218 4.02 0.0 HA 101 
   830 2.202 0.0 HG3 69 
   1263 3.644 0.0 HA 104 
   951 34.536 0.0 CB 79 
   681 23.002 0.0 CD2 56 
   898 65.658 0.0 CA 74 
   470 7.257 0.0 HD2 41 
   6 2.037 0.0 HE3 3 
   184 2.117 0.0 HB2 19 
   1322 1.658 0.0 HB2 109 
   766 31.923 0.0 CB 64 
   714 19.939 0.0 CG2 59 
   4 2.037 0.0 HE1 3 
   1251 6.685 0.0 HZ3 103 
   74 177.247 0.0 C 9 
   1115 28.558 0.0 CG1 91 
   413 3.768 0.0 HA3 37 
   344 1.8 0.0 HB3 31 
   1327 1.014 0.0 HD21 109 
   14 8.628 0.0 H 4 
   1318 50.22 0.0 CD 108 
   1268 2.298 0.0 HE3 104 
   939 109.48 0.0 N 78 
   340 122.775 0.0 N 30 
   462 21.236 0.0 CG1 40 
   1316 62.878 0.0 CA 108 
   355 4.887 0.0 HA 32 
   683 118.239 0.0 N 56 
   545 39.065 0.0 CB 46 
   143 4.203 0.0 HA 16 
   825 7.852 0.0 H 69 
   599 1.166 0.0 HG3 50 
   1236 59.169 0.0 CA 102 
   507 0.893 0.0 HD13 43 
   1042 1.871 0.0 HB2 86 
   148 1.556 0.0 HG2 16 
   1325 1.06 0.0 HD12 109 
   847 174.815 0.0 C 70 
   1106 1.169 0.0 HG12 91 
   987 127.489 0.0 CZ 81 
   32 0.884 0.0 HG22 5 
   1054 2.509 0.0 HB3 87 
   1275 32.912 0.0 CG 104 
   1215 58.114 0.0 CA 100 
   154 27.325 0.0 CG 16 
   1028 116.818 0.0 N 84 
   398 36.377 0.0 CG 35 
   1035 175.01 0.0 C 85 
   315 43.794 0.0 CD 28 
   463 21.935 0.0 CG2 40 
   62 7.585 0.0 HD22 8 
   868 0.687 0.0 HD11 72 
   196 119.142 0.0 N 19 
   689 1.708 0.0 HG2 57 
   704 116.752 0.0 N 58 
   1302 7.911 0.0 HE1 107 
   391 1.95 0.0 HB2 35 
   428 35.509 0.0 CB 38 
   464 126.626 0.0 N 40 
