   275 64.876 0.0 CB 25 
   1293 55.883 0.0 CA 106 
   992 1.901 0.0 HB3 82 
   616 176.043 0.0 C 51 
   625 9.528 0.0 H 52 
   1109 0.555 0.0 HG22 91 
   31 0.884 0.0 HG21 5 
   236 178.223 0.0 C 22 
   746 123.335 0.0 N 62 
   576 0.712 0.0 HD11 49 
   271 4.022 0.0 HB2 25 
   1146 0.88 0.0 HD11 94 
   1322 1.658 0.0 HB2 109 
   825 7.852 0.0 H 69 
   792 110.754 0.0 NE2 66 
   742 1.112 0.0 HB3 62 
   1274 15.91 0.0 CE 104 
   1339 4.335 0.0 HA 110 
   544 56.917 0.0 CA 46 
   732 8.751 0.0 H 61 
   1267 2.298 0.0 HE2 104 
   72 2.204 0.0 HG2 9 
   898 65.658 0.0 CA 74 
   1348 4.214 0.0 HA 111 
   52 1.354 0.0 HB3 7 
   1134 1.465 0.0 HG 93 
   665 116.732 0.0 N 55 
   646 65.032 0.0 CA 53 
   543 175.512 0.0 C 46 
   152 30.165 0.0 CB 16 
   588 27.673 0.0 CG 49 
   71 1.998 0.0 HB3 9 
   224 28.59 0.0 CB 21 
   971 8.68 0.0 H 81 
   912 3.67 0.0 HA3 76 
   354 9.231 0.0 H 32 
   1285 120.951 0.0 N 105 
   1112 64.55 0.0 CA 91 
   1056 52.907 0.0 CA 87 
   682 26.691 0.0 CG 56 
   776 59.383 0.0 CA 65 
   1077 3.766 0.0 HB3 89 
   922 0.842 0.0 HD13 77 
   388 62.613 0.0 CB 34 
   813 1.901 0.0 HB2 68 
   626 4.903 0.0 HA 52 
   1313 1.807 0.0 HG2 108 
   132 63.477 0.0 CB 14 
   499 17.509 0.0 CG2 42 
   914 45.558 0.0 CA 76 
   893 3.803 0.0 HD2 74 
   1104 0.62 0.0 HD12 91 
   692 28.159 0.0 CB 57 
   728 133.724 0.0 CD2 60 
   146 3.165 0.0 HD2 16 
   1017 0.451 0.0 HD13 84 
   295 0.897 0.0 HD21 27 
   881 17.673 0.0 CG2 72 
   158 2.044 0.0 HB2 17 
   431 105.549 0.0 N 38 
   649 28.552 0.0 CG 53 
   493 0.921 0.0 HG23 42 
   662 175.935 0.0 C 55 
   328 1.586 0.0 HB 30 
   241 119.729 0.0 N 22 
   760 3.713 0.0 HD2 64 
   459 174.702 0.0 C 40 
   220 2.502 0.0 HG2 21 
   138 175.478 0.0 C 15 
   1350 3.803 0.0 HB3 111 
   939 109.48 0.0 N 78 
   788 57.206 0.0 CA 66 
   1257 124.8 0.0 CH2 103 
   1018 0.647 0.0 HD21 84 
   696 8.306 0.0 H 58 
   803 1.287 0.0 HG 67 
   488 0.685 0.0 HD13 42 
   296 0.897 0.0 HD22 27 
   810 117.57 0.0 N 67 
   495 61.316 0.0 CA 42 
   1276 117.096 0.0 N 104 
   392 1.95 0.0 HB3 35 
   934 7.647 0.0 H 78 
   201 0.832 0.0 HD11 20 
   1148 0.88 0.0 HD13 94 
   42 3.879 0.0 HB2 6 
   541 3.176 0.0 HB2 46 
   622 131.675 0.0 CE2 51 
   973 3.113 0.0 HB2 81 
   1307 117.066 0.0 N 107 
   1235 177.978 0.0 C 102 
   695 109.665 0.0 NE2 57 
   282 1.162 0.0 HG23 26 
   961 6.559 0.0 HE1 80 
   471 7.087 0.0 HE1 41 
   314 32.647 0.0 CB 28 
   470 7.257 0.0 HD2 41 
   1119 3.827 0.0 HA2 92 
   978 6.86 0.0 HE2 81 
   694 124.612 0.0 N 57 
   494 176.006 0.0 C 42 
   1025 25.665 0.0 CD1 84 
   181 119.875 0.0 N 18 
   1069 61.447 0.0 CA 88 
   1214 4.42 0.0 HB3 100 
   527 122.697 0.0 N 44 
   1253 62.775 0.0 CA 103 
   529 4.564 0.0 HA 45 
   1188 43.281 0.0 CD 97 
   699 0.928 0.0 HB2 58 
   911 4.276 0.0 HA2 76 
   637 125.064 0.0 N 52 
   45 58.096 0.0 CA 6 
   1106 1.169 0.0 HG12 91 
   36 32.906 0.0 CB 5 
   1281 1.426 0.0 HB3 105 
   865 9.013 0.0 H 72 
   418 4.915 0.0 HA 38 
   257 7.074 0.0 HD1 24 
   913 174.359 0.0 C 76 
   1032 2.265 0.0 HB3 85 
   650 7.948 0.0 H 54 
   276 113.556 0.0 N 25 
   707 3.962 0.0 HB 59 
   932 26.477 0.0 CG 77 
   442 0.365 0.0 HG23 39 
   1349 3.803 0.0 HB2 111 
   498 28.39 0.0 CG1 42 
   1051 8.63 0.0 H 87 
   821 31.556 0.0 CB 68 
   480 130.657 0.0 CE2 41 
   1320 8.467 0.0 H 109 
   1152 1.717 0.0 HG 94 
   235 1.535 0.0 HG3 22 
   269 7.403 0.0 H 25 
