   615 7.149 0.0 HZ 51 
   530 3.252 0.0 HB2 45 
   986 130.512 0.0 CE2 81 
   258 7.074 0.0 HD2 24 
   1344 52.539 0.0 CA 110 
   1232 2.947 0.0 HE3 102 
   159 2.044 0.0 HB3 17 
   1247 9.086 0.0 HE1 103 
   294 0.75 0.0 HD13 27 
   478 132.608 0.0 CD2 41 
   1188 43.281 0.0 CD 97 
   911 4.276 0.0 HA2 76 
   848 60.153 0.0 CA 70 
   554 1.442 0.0 HG3 47 
   1112 64.55 0.0 CA 91 
   929 42.125 0.0 CB 77 
   752 1.15 0.0 HG23 63 
   160 2.001 0.0 HE1 17 
   163 2.46 0.0 HG2 17 
   1342 1.398 0.0 HB3 110 
   1339 4.335 0.0 HA 110 
   1054 2.509 0.0 HB3 87 
   583 175.439 0.0 C 49 
   98 4.131 0.0 HA 11 
   498 28.39 0.0 CG1 42 
   261 175.685 0.0 C 24 
   736 45.0 0.0 CA 61 
   672 0.563 0.0 HD13 56 
   226 118.077 0.0 N 21 
   106 36.09 0.0 CG 11 
   485 1.815 0.0 HB 42 
   174 2.003 0.0 HB3 18 
   1086 0.758 0.0 HD11 90 
   1285 120.951 0.0 N 105 
   1160 7.738 0.0 H 95 
   513 54.59 0.0 CA 43 
   1090 0.902 0.0 HD22 90 
   825 7.852 0.0 H 69 
   211 25.394 0.0 CD1 20 
   1091 0.902 0.0 HD23 90 
   308 3.145 0.0 HD2 28 
   713 68.111 0.0 CB 59 
   140 63.455 0.0 CB 15 
   799 -0.04 0.0 HD13 67 
   75 57.507 0.0 CA 9 
   805 53.307 0.0 CA 67 
   374 3.051 0.0 HD2 33 
   563 1.791 0.0 HB2 48 
   977 6.86 0.0 HE1 81 
   831 174.904 0.0 C 69 
   1335 24.143 0.0 CD2 109 
   475 56.064 0.0 CA 41 
   806 41.98 0.0 CB 67 
   386 176.483 0.0 C 34 
   245 1.795 0.0 HB3 23 
   1298 4.435 0.0 HA 107 
   894 3.907 0.0 HD3 74 
   836 7.957 0.0 H 70 
   1068 174.389 0.0 C 88 
   305 4.445 0.0 HA 28 
   811 7.214 0.0 H 68 
   955 8.83 0.0 H 80 
   859 2.053 0.0 HG3 71 
   364 38.922 0.0 CB 32 
   903 4.211 0.0 HA 75 
   622 131.675 0.0 CE2 51 
   901 27.83 0.0 CG 74 
   72 2.204 0.0 HG2 9 
   832 55.752 0.0 CA 69 
   1138 24.399 0.0 CD1 93 
   19 2.199 0.0 HG3 4 
   1012 4.131 0.0 HA 84 
   358 6.794 0.0 HD1 32 
   1259 121.776 0.0 CZ3 103 
   1071 21.209 0.0 CG1 88 
   961 6.559 0.0 HE1 80 
   240 27.348 0.0 CG 22 
   940 8.683 0.0 H 79 
   1215 58.114 0.0 CA 100 
   1280 1.426 0.0 HB2 105 
   899 31.733 0.0 CB 74 
   134 8.205 0.0 H 15 
   467 3.304 0.0 HB2 41 
   270 4.133 0.0 HA 25 
   216 4.037 0.0 HA 21 
   355 4.887 0.0 HA 32 
   244 1.795 0.0 HB2 23 
   990 3.582 0.0 HA 82 
   608 4.974 0.0 HA 51 
   337 34.762 0.0 CB 30 
   1220 1.459 0.0 HB2 101 
   709 -0.209 0.0 HG22 59 
   882 129.755 0.0 N 72 
   1143 4.015 0.0 HA 94 
   197 8.034 0.0 H 20 
   441 0.365 0.0 HG22 39 
   714 19.939 0.0 CG2 59 
   205 0.854 0.0 HD22 20 
   401 4.289 0.0 HA 36 
   347 2.215 0.0 HG3 31 
   387 61.518 0.0 CA 34 
   406 176.435 0.0 C 36 
   274 58.413 0.0 CA 25 
   114 53.207 0.0 CA 12 
   462 21.236 0.0 CG1 40 
   916 7.499 0.0 H 77 
   122 178.794 0.0 C 13 
   870 0.687 0.0 HD13 72 
   744 52.177 0.0 CA 62 
   1345 19.28 0.0 CB 110 
   127 4.342 0.0 HA 14 
   895 2.112 0.0 HG2 74 
   586 25.513 0.0 CD1 49 
   813 1.901 0.0 HB2 68 
   1352 64.896 0.0 CB 111 
   807 25.787 0.0 CD1 67 
   45 58.096 0.0 CA 6 
   613 7.022 0.0 HE1 51 
   486 0.685 0.0 HD11 42 
   1313 1.807 0.0 HG2 108 
   769 8.522 0.0 H 65 
   357 2.697 0.0 HB3 32 
   992 1.901 0.0 HB3 82 
   555 174.209 0.0 C 47 
   194 17.023 0.0 CE 19 
   293 0.75 0.0 HD12 27 
   457 0.737 0.0 HG22 40 
   476 39.031 0.0 CB 41 
   710 -0.209 0.0 HG23 59 
   1279 1.426 0.0 HB1 105 
   742 1.112 0.0 HB3 62 
   928 54.378 0.0 CA 77 
   449 122.144 0.0 N 39 
   1003 1.317 0.0 HG21 83 
   578 0.712 0.0 HD13 49 
