   1319 26.852 0.0 CG 108 
   190 2.638 0.0 HG3 19 
   1261 129.285 0.0 NE1 103 
   1222 181.335 0.0 C 101 
   212 23.311 0.0 CD2 20 
   234 1.658 0.0 HG2 22 
   151 57.826 0.0 CA 16 
   717 4.115 0.0 HA 60 
   842 1.246 0.0 HG12 70 
   686 1.24 0.0 HB2 57 
   916 7.499 0.0 H 77 
   498 28.39 0.0 CG1 42 
   249 57.172 0.0 CA 23 
   647 30.867 0.0 CB 53 
   1247 9.086 0.0 HE1 103 
   1064 0.724 0.0 HG13 88 
   874 1.167 0.0 HG22 72 
   910 8.418 0.0 H 76 
   951 34.536 0.0 CB 79 
   92 42.02 0.0 CB 10 
   676 1.245 0.0 HG 56 
   351 33.242 0.0 CG 31 
   400 7.08 0.0 H 36 
   172 4.121 0.0 HA 18 
   345 7.418 0.0 HE21 31 
   103 177.123 0.0 C 11 
   302 26.014 0.0 CD2 27 
   1167 56.089 0.0 CA 95 
   205 0.854 0.0 HD22 20 
   1012 4.131 0.0 HA 84 
   1109 0.555 0.0 HG22 91 
   273 172.134 0.0 C 25 
   182 7.963 0.0 H 19 
   651 4.702 0.0 HA 54 
   204 0.854 0.0 HD21 20 
   1038 37.004 0.0 CG 85 
   760 3.713 0.0 HD2 64 
   1141 120.762 0.0 N 93 
   448 19.58 0.0 CG2 39 
   1111 177.553 0.0 C 91 
   177 176.883 0.0 C 18 
   1351 59.865 0.0 CA 111 
   1246 7.018 0.0 HD1 103 
   471 7.087 0.0 HE1 41 
   213 26.891 0.0 CG 20 
   336 60.933 0.0 CA 30 
   613 7.022 0.0 HE1 51 
   113 178.397 0.0 C 12 
   541 3.176 0.0 HB2 46 
   56 126.064 0.0 N 7 
   518 128.415 0.0 N 43 
   1095 42.674 0.0 CB 90 
   692 28.159 0.0 CB 57 
   1027 26.393 0.0 CG 84 
   1188 43.281 0.0 CD 97 
   830 2.202 0.0 HG3 69 
   148 1.556 0.0 HG2 16 
   16 1.968 0.0 HB2 4 
   675 0.1 0.0 HD23 56 
   281 1.162 0.0 HG22 26 
   666 7.22 0.0 H 56 
   664 42.87 0.0 CB 55 
   974 2.775 0.0 HB3 81 
   463 21.935 0.0 CG2 40 
   158 2.044 0.0 HB2 17 
   967 133.192 0.0 CD2 80 
   862 32.946 0.0 CB 71 
   730 118.264 0.0 CE2 60 
   288 9.148 0.0 H 27 
   616 176.043 0.0 C 51 
   772 1.946 0.0 HB3 65 
   1156 26.8 0.0 CD1 94 
   198 4.193 0.0 HA 20 
   1182 3.087 0.0 HD3 97 
   811 7.214 0.0 H 68 
   1221 1.459 0.0 HB3 101 
   179 29.811 0.0 CB 18 
   226 118.077 0.0 N 21 
   60 2.712 0.0 HB3 8 
   445 39.072 0.0 CB 39 
   525 54.489 0.0 CA 44 
   1335 24.143 0.0 CD2 109 
   156 8.14 0.0 H 17 
   826 4.487 0.0 HA 69 
   586 25.513 0.0 CD1 49 
   229 4.086 0.0 HA 22 
   944 0.692 0.0 HG12 79 
   280 1.162 0.0 HG21 26 
   197 8.034 0.0 H 20 
   1045 2.116 0.0 HG3 86 
   1032 2.265 0.0 HB3 85 
   948 0.488 0.0 HG23 79 
   1350 3.803 0.0 HB3 111 
   775 178.76 0.0 C 65 
   658 8.201 0.0 H 55 
   562 5.281 0.0 HA 48 
   620 131.545 0.0 CD2 51 
   1330 1.647 0.0 HG 109 
   933 115.627 0.0 N 77 
   779 114.841 0.0 N 65 
   57 8.312 0.0 H 8 
   1019 0.647 0.0 HD22 84 
   1248 6.803 0.0 HE3 103 
   1087 0.758 0.0 HD12 90 
   37 21.185 0.0 CG1 5 
   714 19.939 0.0 CG2 59 
   822 43.453 0.0 CD 68 
   220 2.502 0.0 HG2 21 
   1349 3.803 0.0 HB2 111 
   801 0.36 0.0 HD22 67 
   81 1.659 0.0 HB2 10 
   3 1.935 0.0 HB3 3 
   639 2.014 0.0 HB2 53 
   851 26.419 0.0 CG1 70 
   824 116.991 0.0 N 68 
   325 111.229 0.0 N 29 
   810 117.57 0.0 N 67 
   108 8.113 0.0 H 12 
   537 114.155 0.0 N 45 
   922 0.842 0.0 HD13 77 
   1089 0.902 0.0 HD21 90 
   1290 2.19 0.0 HG2 106 
   404 2.193 0.0 HG2 36 
   669 1.046 0.0 HB3 56 
   1135 174.204 0.0 C 93 
   955 8.83 0.0 H 80 
   73 2.204 0.0 HG3 9 
   729 118.264 0.0 CE1 60 
   1223 56.234 0.0 CA 101 
   1079 56.08 0.0 CA 89 
   710 -0.209 0.0 HG23 59 
   322 171.729 0.0 C 29 
   372 1.712 0.0 HB2 33 
   1249 6.678 0.0 HH2 103 
   937 170.501 0.0 C 78 
