   1022 175.527 0.0 C 84 
   1065 0.83 0.0 HG21 88 
   843 0.613 0.0 HG13 70 
   771 1.946 0.0 HB2 65 
   126 8.165 0.0 H 14 
   373 1.546 0.0 HB3 33 
   407 56.237 0.0 CA 36 
   997 30.452 0.0 CB 82 
   1248 6.803 0.0 HE3 103 
   299 56.06 0.0 CA 27 
   271 4.022 0.0 HB2 25 
   887 57.766 0.0 CA 73 
   212 23.311 0.0 CD2 20 
   170 119.345 0.0 N 17 
   1352 64.896 0.0 CB 111 
   1217 116.809 0.0 N 100 
   578 0.712 0.0 HD13 49 
   553 1.653 0.0 HG2 47 
   839 0.635 0.0 HD11 70 
   1036 57.064 0.0 CA 85 
   1117 116.561 0.0 N 91 
   823 27.438 0.0 CG 68 
   1353 121.137 0.0 N 111 
   640 2.014 0.0 HB3 53 
   894 3.907 0.0 HD3 74 
   1007 65.351 0.0 CA 83 
   740 1.112 0.0 HB1 62 
   961 6.559 0.0 HE1 80 
   562 5.281 0.0 HA 48 
   1291 1.91 0.0 HG3 106 
   774 2.196 0.0 HG3 65 
   1158 26.897 0.0 CG 94 
   411 7.908 0.0 H 37 
   108 8.113 0.0 H 12 
   1009 23.764 0.0 CG2 83 
   606 121.409 0.0 N 50 
   695 109.665 0.0 NE2 57 
   398 36.377 0.0 CG 35 
   1192 3.921 0.0 HA 98 
   643 2.087 0.0 HG2 53 
   1129 -0.102 0.0 HD12 93 
   217 2.12 0.0 HB2 21 
   734 3.361 0.0 HA3 61 
   29 0.883 0.0 HG12 5 
   350 32.865 0.0 CB 31 
   960 6.868 0.0 HD2 80 
   12 16.881 0.0 CE 3 
   1311 3.315 0.0 HD2 108 
   1270 2.214 0.0 HG3 104 
   499 17.509 0.0 CG2 42 
   714 19.939 0.0 CG2 59 
   1231 2.947 0.0 HE2 102 
   1135 174.204 0.0 C 93 
   489 1.467 0.0 HG12 42 
   693 31.891 0.0 CG 57 
   972 4.47 0.0 HA 81 
   704 116.752 0.0 N 58 
   646 65.032 0.0 CA 53 
   8 2.492 0.0 HG3 3 
   465 9.605 0.0 H 41 
   164 2.52 0.0 HG3 17 
   1076 4.014 0.0 HB2 89 
   852 18.6 0.0 CG2 70 
   40 8.389 0.0 H 6 
   413 3.768 0.0 HA3 37 
   410 115.94 0.0 N 36 
   632 1.861 0.0 HG3 52 
   294 0.75 0.0 HD13 27 
   252 119.302 0.0 N 23 
   1255 127.212 0.0 CD1 103 
   941 4.752 0.0 HA 79 
   303 119.999 0.0 N 27 
   1319 26.852 0.0 CG 108 
   899 31.733 0.0 CB 74 
   322 171.729 0.0 C 29 
   644 1.601 0.0 HG3 53 
   654 175.841 0.0 C 54 
   1214 4.42 0.0 HB3 100 
   336 60.933 0.0 CA 30 
   453 0.769 0.0 HG11 40 
   71 1.998 0.0 HB3 9 
   648 49.824 0.0 CD 53 
   444 61.503 0.0 CA 39 
   371 4.439 0.0 HA 33 
   1300 1.173 0.0 HB3 107 
   408 32.757 0.0 CB 36 
   1242 8.089 0.0 H 103 
   109 4.201 0.0 HA 12 
   906 175.703 0.0 C 75 
   1164 2.524 0.0 HG2 95 
   522 1.364 0.0 HB2 44 
   93 24.876 0.0 CD1 10 
   210 42.252 0.0 CB 20 
   355 4.887 0.0 HA 32 
   1077 3.766 0.0 HB3 89 
   347 2.215 0.0 HG3 31 
   815 3.22 0.0 HD2 68 
   1040 6.636 0.0 H 86 
   428 35.509 0.0 CB 38 
   910 8.418 0.0 H 76 
   1207 3.902 0.0 HA3 99 
   1299 2.411 0.0 HB2 107 
   530 3.252 0.0 HB2 45 
   259 6.701 0.0 HE1 24 
   1083 3.798 0.0 HA 90 
   931 23.53 0.0 CD2 77 
   207 1.708 0.0 HG 20 
   1073 121.549 0.0 N 88 
   1137 41.703 0.0 CB 93 
   724 178.019 0.0 C 60 
   700 0.928 0.0 HB3 58 
   1122 47.672 0.0 CA 92 
   976 6.984 0.0 HD2 81 
   1093 177.109 0.0 C 90 
   216 4.037 0.0 HA 21 
   214 121.295 0.0 N 20 
   194 17.023 0.0 CE 19 
   141 117.597 0.0 N 15 
   986 130.512 0.0 CE2 81 
   698 0.928 0.0 HB1 58 
   1257 124.8 0.0 CH2 103 
   790 34.742 0.0 CG 66 
   1161 4.384 0.0 HA 95 
   1346 127.482 0.0 N 110 
   840 0.635 0.0 HD12 70 
   443 174.355 0.0 C 39 
   111 1.37 0.0 HB2 12 
   351 33.242 0.0 CG 31 
   1160 7.738 0.0 H 95 
   129 3.873 0.0 HB3 14 
   950 59.293 0.0 CA 79 
   328 1.586 0.0 HB 30 
   624 119.432 0.0 N 51 
   764 179.483 0.0 C 64 
   730 118.264 0.0 CE2 60 
   44 174.496 0.0 C 6 
   1123 103.835 0.0 N 92 
   174 2.003 0.0 HB3 18 
   628 1.678 0.0 HB3 52 
   415 46.016 0.0 CA 37 
   504 1.708 0.0 HB3 43 
   160 2.001 0.0 HE1 17 
   974 2.775 0.0 HB3 81 
   314 32.647 0.0 CB 28 
   807 25.787 0.0 CD1 67 
   249 57.172 0.0 CA 23 
   282 1.162 0.0 HG23 26 
   828 1.967 0.0 HB3 69 
   947 0.488 0.0 HG22 79 
   657 111.513 0.0 N 54 
   835 118.394 0.0 N 69 
   452 1.871 0.0 HB 40 
   1066 0.83 0.0 HG22 88 
   1241 119.022 0.0 N 102 
   455 0.769 0.0 HG13 40 
   386 176.483 0.0 C 34 
   312 176.07 0.0 C 28 
   1173 3.752 0.0 HA3 96 
   780 7.728 0.0 H 66 
   472 7.087 0.0 HE2 41 
   983 131.99 0.0 CD1 81 
   1090 0.902 0.0 HD22 90 
   192 57.55 0.0 CA 19 
   256 2.791 0.0 HB3 24 
   1000 9.023 0.0 H 83 
   512 178.81 0.0 C 43 
   359 6.794 0.0 HD2 32 
   1218 4.02 0.0 HA 101 
   189 2.505 0.0 HG2 19 
   874 1.167 0.0 HG22 72 
   702 54.433 0.0 CA 58 
   1072 22.104 0.0 CG2 88 
   360 6.319 0.0 HE1 32 
   985 130.512 0.0 CE1 81 
   339 23.077 0.0 CG2 30 
   479 130.657 0.0 CE1 41 
   970 126.853 0.0 N 80 
   62 7.585 0.0 HD22 8 
   1106 1.169 0.0 HG12 91 
   236 178.223 0.0 C 22 
   896 2.031 0.0 HG3 74 
   279 4.215 0.0 HB 26 
   784 7.328 0.0 HE21 66 
   357 2.697 0.0 HB3 32 
   56 126.064 0.0 N 7 
   387 61.518 0.0 CA 34 
   1327 1.014 0.0 HD21 109 
   15 4.276 0.0 HA 4 
   827 1.967 0.0 HB2 69 
   919 1.608 0.0 HB3 77 
   516 24.929 0.0 CD2 43 
   1140 25.6 0.0 CG 93 
   791 117.742 0.0 N 66 
   449 122.144 0.0 N 39 
   824 116.991 0.0 N 68 
   92 42.02 0.0 CB 10 
   893 3.803 0.0 HD2 74 
   956 5.161 0.0 HA 80 
   432 9.458 0.0 H 39 
   993 2.169 0.0 HG2 82 
   877 61.763 0.0 CA 72 
   1246 7.018 0.0 HD1 103 
   1056 52.907 0.0 CA 87 
   309 3.084 0.0 HD3 28 
   503 2.221 0.0 HB2 43 
   1308 4.342 0.0 HA 108 
   330 0.252 0.0 HG12 30 
   871 1.629 0.0 HG12 72 
   862 32.946 0.0 CB 71 
   776 59.383 0.0 CA 65 
   1105 0.62 0.0 HD13 91 
   1054 2.509 0.0 HB3 87 
   686 1.24 0.0 HB2 57 
   128 3.873 0.0 HB2 14 
   237 57.61 0.0 CA 22 
   1269 2.941 0.0 HG2 104 
   133 114.553 0.0 N 14 
   786 2.098 0.0 HG3 66 
   206 0.854 0.0 HD23 20 
   82 1.543 0.0 HB3 10 
   781 4.059 0.0 HA 66 
   610 2.552 0.0 HB3 51 
   142 8.148 0.0 H 16 
   459 174.702 0.0 C 40 
   78 121.267 0.0 N 9 
   1222 181.335 0.0 C 101 
   1038 37.004 0.0 CG 85 
   1102 1.437 0.0 HB 91 
   804 174.721 0.0 C 67 
   457 0.737 0.0 HG22 40 
   1162 2.044 0.0 HB2 95 
   422 0.713 0.0 HG13 38 
   54 53.151 0.0 CA 7 
   723 6.914 0.0 HE2 60 
   186 2.03 0.0 HE1 19 
   929 42.125 0.0 CB 77 
   748 4.522 0.0 HA 63 
   377 1.378 0.0 HG3 33 
   487 0.685 0.0 HD12 42 
   523 1.364 0.0 HB3 44 
   1285 120.951 0.0 N 105 
   84 0.86 0.0 HD12 10 
   620 131.545 0.0 CD2 51 
   559 27.613 0.0 CG 47 
   1325 1.06 0.0 HD12 109 
   270 4.133 0.0 HA 25 
   123 53.303 0.0 CA 13 
   318 7.994 0.0 H 29 
   665 116.732 0.0 N 55 
   898 65.658 0.0 CA 74 
   725 60.827 0.0 CA 60 
   96 121.828 0.0 N 10 
   789 29.542 0.0 CB 66 
   987 127.489 0.0 CZ 81 
   949 171.397 0.0 C 79 
   477 132.608 0.0 CD1 41 
   39 121.499 0.0 N 5 
   14 8.628 0.0 H 4 
   1227 1.826 0.0 HB2 102 
   540 4.13 0.0 HA 46 
   743 177.761 0.0 C 62 
   868 0.687 0.0 HD11 72 
   64 53.841 0.0 CA 8 
   738 8.104 0.0 H 62 
   697 3.592 0.0 HA 58 
   888 62.669 0.0 CB 73 
   1191 7.999 0.0 H 98 
   749 4.537 0.0 HB 63 
   1032 2.265 0.0 HB3 85 
   761 3.801 0.0 HD3 64 
   1324 1.06 0.0 HD11 109 
   418 4.915 0.0 HA 38 
   964 55.493 0.0 CA 80 
   105 29.983 0.0 CB 11 
   726 37.813 0.0 CB 60 
   37 21.185 0.0 CG1 5 
   420 0.713 0.0 HG11 38 
   863 35.813 0.0 CG 71 
   298 175.89 0.0 C 27 
   1212 4.419 0.0 HA 100 
   65 38.639 0.0 CB 8 
   914 45.558 0.0 CA 76 
   1230 1.624 0.0 HD3 102 
   770 3.908 0.0 HA 65 
   1043 1.238 0.0 HB3 86 
   792 110.754 0.0 NE2 66 
   368 117.341 0.0 CE2 32 
   1034 2.094 0.0 HG3 85 
   775 178.76 0.0 C 65 
   1119 3.827 0.0 HA2 92 
   1315 176.899 0.0 C 108 
   750 1.15 0.0 HG21 63 
   694 124.612 0.0 N 57 
   300 43.838 0.0 CB 27 
   320 3.731 0.0 HB2 29 
   581 0.789 0.0 HD23 49 
   1345 19.28 0.0 CB 110 
   69 4.162 0.0 HA 9 
   1235 177.978 0.0 C 102 
   471 7.087 0.0 HE1 41 
   895 2.112 0.0 HG2 74 
   1002 4.209 0.0 HB 83 
   165 177.442 0.0 C 17 
   248 176.858 0.0 C 23 
   162 2.001 0.0 HE3 17 
   1189 27.707 0.0 CG 97 
   617 56.966 0.0 CA 51 
   1289 1.513 0.0 HB3 106 
   106 36.09 0.0 CG 11 
   380 43.753 0.0 CD 33 
   1343 176.868 0.0 C 110 
   75 57.507 0.0 CA 9 
   520 3.968 0.0 HA 44 
   1202 43.141 0.0 CD 98 
   1213 4.108 0.0 HB2 100 
   1080 64.469 0.0 CB 89 
   962 6.559 0.0 HE2 80 
   231 1.794 0.0 HB3 22 
   51 1.354 0.0 HB2 7 
   257 7.074 0.0 HD1 24 
   689 1.708 0.0 HG2 57 
   243 4.083 0.0 HA 23 
   1068 174.389 0.0 C 88 
   290 1.67 0.0 HB2 27 
   1331 176.976 0.0 C 109 
   144 1.84 0.0 HB2 16 
   1268 2.298 0.0 HE3 104 
   607 8.847 0.0 H 51 
   647 30.867 0.0 CB 53 
   638 4.146 0.0 HA 53 
   34 176.074 0.0 C 5 
   363 57.485 0.0 CA 32 
   845 0.118 0.0 HG22 70 
   296 0.897 0.0 HD22 27 
   679 42.559 0.0 CB 56 
   122 178.794 0.0 C 13 
   280 1.162 0.0 HG21 26 
   245 1.795 0.0 HB3 23 
   511 1.668 0.0 HG 43 
   1107 0.614 0.0 HG13 91 
   720 7.329 0.0 HD1 60 
   46 64.02 0.0 CB 6 
   1114 13.047 0.0 CD1 91 
   971 8.68 0.0 H 81 
   1075 4.745 0.0 HA 89 
   1154 57.332 0.0 CA 94 
   1328 1.014 0.0 HD22 109 
   1204 125.256 0.0 N 98 
   998 35.923 0.0 CG 82 
   758 2.241 0.0 HB2 64 
   250 30.144 0.0 CB 23 
   901 27.83 0.0 CG 74 
   779 114.841 0.0 N 65 
   228 7.939 0.0 H 22 
   1060 4.191 0.0 HA 88 
   773 2.328 0.0 HG2 65 
   763 1.792 0.0 HG3 64 
   409 36.871 0.0 CG 36 
   310 1.564 0.0 HG2 28 
   1292 174.911 0.0 C 106 
   942 1.744 0.0 HB 79 
   633 55.616 0.0 CA 52 
   980 176.311 0.0 C 81 
   668 2.211 0.0 HB2 56 
   163 2.46 0.0 HG2 17 
   332 0.674 0.0 HG21 30 
   484 4.729 0.0 HA 42 
   613 7.022 0.0 HE1 51 
   334 0.674 0.0 HG23 30 
   1130 -0.102 0.0 HD13 93 
   209 56.978 0.0 CA 20 
   920 0.842 0.0 HD11 77 
   930 26.039 0.0 CD1 77 
   532 6.441 0.0 HD21 45 
   1297 7.064 0.0 H 107 
   1183 1.544 0.0 HG2 97 
   321 3.555 0.0 HB3 29 
   1010 115.091 0.0 N 83 
   995 178.206 0.0 C 82 
   826 4.487 0.0 HA 69 
   1133 0.068 0.0 HD23 93 
   1229 1.65 0.0 HD2 102 
   311 1.421 0.0 HG3 28 
   1074 8.503 0.0 H 89 
   869 0.687 0.0 HD12 72 
   1046 174.095 0.0 C 86 
   414 174.303 0.0 C 37 
   574 1.727 0.0 HB2 49 
   865 9.013 0.0 H 72 
   260 6.701 0.0 HE2 24 
   392 1.95 0.0 HB3 35 
   768 28.234 0.0 CG 64 
   1342 1.398 0.0 HB3 110 
   352 122.553 0.0 N 31 
   580 0.789 0.0 HD22 49 
   1194 2.763 0.0 HB3 98 
   1256 118.379 0.0 CE3 103 
   112 1.37 0.0 HB3 12 
   718 3.132 0.0 HB2 60 
   63 175.868 0.0 C 8 
   766 31.923 0.0 CB 64 
   886 3.722 0.0 HB3 73 
   550 1.794 0.0 HB3 47 
   783 1.925 0.0 HB3 66 
   1151 0.839 0.0 HD23 94 
   1244 3.125 0.0 HB2 103 
   1208 171.528 0.0 C 99 
   86 0.81 0.0 HD21 10 
   1067 0.83 0.0 HG23 88 
   1335 24.143 0.0 CD2 109 
   1316 62.878 0.0 CA 108 
   833 28.69 0.0 CB 69 
   1309 2.209 0.0 HB2 108 
   1026 22.07 0.0 CD2 84 
   1096 23.032 0.0 CD1 90 
   849 42.252 0.0 CB 70 
   1 4.425 0.0 HA 3 
   19 2.199 0.0 HG3 4 
   1287 3.906 0.0 HA 106 
   127 4.342 0.0 HA 14 
   963 175.006 0.0 C 80 
   555 174.209 0.0 C 47 
   273 172.134 0.0 C 25 
   854 8.778 0.0 H 71 
   468 2.612 0.0 HB3 41 
   1132 0.068 0.0 HD22 93 
   32 0.884 0.0 HG22 5 
   594 1.556 0.0 HD2 50 
   1283 54.605 0.0 CA 105 
   157 4.205 0.0 HA 17 
   1171 7.722 0.0 H 96 
   417 6.622 0.0 H 38 
   23 36.128 0.0 CG 4 
   59 2.776 0.0 HB2 8 
   820 58.094 0.0 CA 68 
   83 0.86 0.0 HD11 10 
   796 1.216 0.0 HB3 67 
   660 3.288 0.0 HB2 55 
   653 2.515 0.0 HB3 54 
   121 1.401 0.0 HB3 13 
   727 133.724 0.0 CD1 60 
   1086 0.758 0.0 HD11 90 
   1232 2.947 0.0 HE3 102 
   678 52.687 0.0 CA 56 
   722 6.914 0.0 HE1 60 
   1193 1.534 0.0 HB2 98 
   38 20.453 0.0 CG2 5 
   469 7.257 0.0 HD1 41 
   625 9.528 0.0 H 52 
   267 118.071 0.0 CE2 24 
   831 174.904 0.0 C 69 
   921 0.842 0.0 HD12 77 
   2 2.029 0.0 HB2 3 
   1041 4.768 0.0 HA 86 
   478 132.608 0.0 CD2 41 
   1252 181.021 0.0 C 103 
   130 175.451 0.0 C 14 
   137 3.912 0.0 HB3 15 
   492 0.921 0.0 HG22 42 
   446 15.099 0.0 CD1 39 
   475 56.064 0.0 CA 41 
   1251 6.685 0.0 HZ3 103 
   629 3.283 0.0 HD2 52 
   1169 36.454 0.0 CG 95 
   316 26.623 0.0 CG 28 
   291 1.158 0.0 HB3 27 
   944 0.692 0.0 HG12 79 
   427 58.127 0.0 CA 38 
   187 2.03 0.0 HE2 19 
   1271 178.325 0.0 C 104 
   397 28.457 0.0 CB 35 
   258 7.074 0.0 HD2 24 
   794 4.296 0.0 HA 67 
   1198 1.141 0.0 HG3 98 
   1288 1.513 0.0 HB2 106 
   1172 4.236 0.0 HA2 96 
   1301 6.147 0.0 HD2 107 
   609 3.28 0.0 HB2 51 
   1019 0.647 0.0 HD22 84 
   161 2.001 0.0 HE2 17 
   705 6.395 0.0 H 59 
   799 -0.04 0.0 HD13 67 
   1021 1.476 0.0 HG 84 
   269 7.403 0.0 H 25 
   975 6.984 0.0 HD1 81 
   524 176.981 0.0 C 44 
   1284 17.87 0.0 CB 105 
   66 116.954 0.0 N 8 
   367 117.341 0.0 CE1 32 
   1339 4.335 0.0 HA 110 
   1182 3.087 0.0 HD3 97 
   1091 0.902 0.0 HD23 90 
   232 3.132 0.0 HD2 22 
   1089 0.902 0.0 HD21 90 
   190 2.638 0.0 HG3 19 
   441 0.365 0.0 HG22 39 
   498 28.39 0.0 CG1 42 
   120 1.401 0.0 HB2 13 
   1001 3.987 0.0 HA 83 
   813 1.901 0.0 HB2 68 
   1323 1.528 0.0 HB3 109 
   483 9.051 0.0 H 42 
   146 3.165 0.0 HD2 16 
   4 2.037 0.0 HE1 3 
   288 9.148 0.0 H 27 
   1033 2.205 0.0 HG2 85 
   1305 119.178 0.0 CD2 107 
   118 4.218 0.0 HA 13 
   348 174.131 0.0 C 31 
   801 0.36 0.0 HD22 67 
   1125 3.727 0.0 HA 93 
   149 1.556 0.0 HG3 16 
   1124 7.615 0.0 H 93 
   1131 0.068 0.0 HD21 93 
   182 7.963 0.0 H 19 
   616 176.043 0.0 C 51 
   1190 122.473 0.0 N 97 
   691 59.107 0.0 CA 57 
   733 3.771 0.0 HA2 61 
   488 0.685 0.0 HD13 42 
   902 7.893 0.0 H 75 
   586 25.513 0.0 CD1 49 
   6 2.037 0.0 HE3 3 
   10 55.604 0.0 CA 3 
   1165 2.274 0.0 HG3 95 
   48 8.431 0.0 H 7 
   636 27.315 0.0 CG 52 
   223 57.396 0.0 CA 21 
   713 68.111 0.0 CB 59 
   1145 1.482 0.0 HB3 94 
   1265 2.339 0.0 HB3 104 
   276 113.556 0.0 N 25 
   626 4.903 0.0 HA 52 
   735 174.325 0.0 C 61 
   590 8.188 0.0 H 50 
   1264 2.067 0.0 HB2 104 
   1290 2.19 0.0 HG2 106 
   1262 9.18 0.0 H 104 
   193 32.162 0.0 CB 19 
   588 27.673 0.0 CG 49 
   202 0.832 0.0 HD12 20 
   1027 26.393 0.0 CG 84 
   690 0.608 0.0 HG3 57 
   682 26.691 0.0 CG 56 
   1310 1.86 0.0 HB3 108 
   549 1.794 0.0 HB2 47 
   603 29.631 0.0 CD 50 
   645 178.611 0.0 C 53 
   531 2.661 0.0 HB3 45 
   670 0.563 0.0 HD11 56 
   861 54.724 0.0 CA 71 
   235 1.535 0.0 HG3 22 
   538 106.735 0.0 ND2 45 
   989 7.466 0.0 H 82 
   915 109.752 0.0 N 76 
   21 56.669 0.0 CA 4 
   1200 56.621 0.0 CA 98 
   79 8.06 0.0 H 10 
   337 34.762 0.0 CB 30 
   753 58.845 0.0 CA 63 
   184 2.117 0.0 HB2 19 
   226 118.077 0.0 N 21 
   655 55.185 0.0 CA 54 
   1341 1.398 0.0 HB2 110 
   1116 17.114 0.0 CG2 91 
   1170 117.117 0.0 N 95 
   1055 175.722 0.0 C 87 
   759 1.816 0.0 HB3 64 
   429 21.782 0.0 CG1 38 
   1211 8.646 0.0 H 100 
   70 1.998 0.0 HB2 9 
   787 175.329 0.0 C 66 
   732 8.751 0.0 H 61 
   924 0.824 0.0 HD22 77 
   635 43.598 0.0 CD 52 
   1030 3.622 0.0 HA 85 
   49 4.212 0.0 HA 7 
   378 54.137 0.0 CA 33 
   661 3.034 0.0 HB3 55 
   818 1.681 0.0 HG3 68 
   145 1.84 0.0 HB3 16 
   390 4.039 0.0 HA 35 
   1215 58.114 0.0 CA 100 
   525 54.489 0.0 CA 44 
   872 0.696 0.0 HG13 72 
   482 128.169 0.0 N 41 
   808 23.38 0.0 CD2 67 
   596 2.85 0.0 HE2 50 
   585 44.054 0.0 CB 49 
   287 104.093 0.0 N 26 
   506 0.893 0.0 HD12 43 
   306 1.556 0.0 HB2 28 
   882 129.755 0.0 N 72 
   634 28.313 0.0 CB 52 
   546 111.628 0.0 N 46 
   554 1.442 0.0 HG3 47 
   263 38.578 0.0 CB 24 
   1174 174.742 0.0 C 96 
   589 125.107 0.0 N 49 
   639 2.014 0.0 HB2 53 
   534 175.729 0.0 C 45 
   362 174.519 0.0 C 32 
   277 7.753 0.0 H 26 
   675 0.1 0.0 HD23 56 
   860 175.775 0.0 C 71 
   45 58.096 0.0 CA 6 
   181 119.875 0.0 N 18 
   1313 1.807 0.0 HG2 108 
   978 6.86 0.0 HE2 81 
   1031 2.094 0.0 HB2 85 
   510 0.797 0.0 HD23 43 
   611 7.186 0.0 HD1 51 
   1344 52.539 0.0 CA 110 
   481 128.301 0.0 CZ 41 
   1005 1.317 0.0 HG23 83 
   1104 0.62 0.0 HD12 91 
   358 6.794 0.0 HD1 32 
   391 1.95 0.0 HB2 35 
   1312 3.044 0.0 HD3 108 
   308 3.145 0.0 HD2 28 
   731 124.377 0.0 N 60 
   442 0.365 0.0 HG23 39 
   812 4.191 0.0 HA 68 
   476 39.031 0.0 CB 41 
   973 3.113 0.0 HB2 81 
   1304 26.649 0.0 CB 107 
   715 99.63 0.0 N 59 
   171 8.19 0.0 H 18 
   239 43.459 0.0 CD 22 
   866 4.208 0.0 HA 72 
   1259 121.776 0.0 CZ3 103 
   20 176.331 0.0 C 4 
   746 123.335 0.0 N 62 
   338 20.464 0.0 CG1 30 
   361 6.319 0.0 HE2 32 
   1115 28.558 0.0 CG1 91 
   1245 3.08 0.0 HB3 103 
   1337 122.868 0.0 N 109 
   47 119.949 0.0 N 6 
   393 2.263 0.0 HG2 35 
   822 43.453 0.0 CD 68 
   369 124.536 0.0 N 32 
   327 4.941 0.0 HA 30 
   431 105.549 0.0 N 38 
   394 2.204 0.0 HG3 35 
   215 8.157 0.0 H 21 
   136 3.912 0.0 HB2 15 
   1052 5.547 0.0 HA 87 
   42 3.879 0.0 HB2 6 
   325 111.229 0.0 N 29 
   579 0.789 0.0 HD21 49 
   198 4.193 0.0 HA 20 
   533 7.365 0.0 HD22 45 
   77 36.292 0.0 CG 9 
   1128 -0.102 0.0 HD11 93 
   755 21.938 0.0 CG2 63 
   955 8.83 0.0 H 80 
   346 2.141 0.0 HG2 31 
   491 0.921 0.0 HG21 42 
   681 23.002 0.0 CD2 56 
   91 56.126 0.0 CA 10 
   1016 0.451 0.0 HD12 84 
   514 42.395 0.0 CB 43 
   73 2.204 0.0 HG3 9 
   1079 56.08 0.0 CA 89 
   864 126.24 0.0 N 71 
   462 21.236 0.0 CG1 40 
   925 0.824 0.0 HD23 77 
   1209 45.495 0.0 CA 99 
   1273 33.268 0.0 CB 104 
   57 8.312 0.0 H 8 
   1070 35.256 0.0 CB 88 
   1039 114.551 0.0 N 85 
   1044 2.428 0.0 HG2 86 
   1101 3.198 0.0 HA 91 
   664 42.87 0.0 CB 55 
   323 57.62 0.0 CA 29 
   1110 0.555 0.0 HG23 91 
   535 52.068 0.0 CA 45 
   671 0.563 0.0 HD12 56 
   939 109.48 0.0 N 78 
   426 173.629 0.0 C 38 
   9 176.016 0.0 C 3 
   456 0.737 0.0 HG21 40 
   116 124.06 0.0 N 12 
   673 0.1 0.0 HD21 56 
   1307 117.066 0.0 N 107 
   1201 31.248 0.0 CB 98 
   25 8.177 0.0 H 5 
   696 8.306 0.0 H 58 
   957 2.892 0.0 HB2 80 
   658 8.201 0.0 H 55 
   1006 175.706 0.0 C 83 
   151 57.826 0.0 CA 16 
   33 0.884 0.0 HG23 5 
   1159 119.88 0.0 N 94 
   932 26.477 0.0 CG 77 
   928 54.378 0.0 CA 77 
   100 1.977 0.0 HB3 11 
   1317 32.352 0.0 CB 108 
   247 1.908 0.0 HG3 23 
   853 125.545 0.0 N 70 
   1127 1.079 0.0 HB3 93 
   797 -0.04 0.0 HD11 67 
   143 4.203 0.0 HA 16 
   1103 0.62 0.0 HD11 91 
   1223 56.234 0.0 CA 101 
   1233 1.398 0.0 HG2 102 
   275 64.876 0.0 CB 25 
   131 59.538 0.0 CA 14 
   1196 3.595 0.0 HD3 98 
   225 33.973 0.0 CG 21 
   172 4.121 0.0 HA 18 
   837 4.508 0.0 HA 70 
   992 1.901 0.0 HB3 82 
   1156 26.8 0.0 CD1 94 
   1351 59.865 0.0 CA 111 
   572 9.364 0.0 H 49 
   150 177.474 0.0 C 16 
   602 35.539 0.0 CB 50 
   836 7.957 0.0 H 70 
   1180 1.643 0.0 HB3 97 
   412 3.965 0.0 HA2 37 
   685 2.151 0.0 HA 57 
   94 23.445 0.0 CD2 10 
   1020 0.647 0.0 HD23 84 
   183 4.2 0.0 HA 19 
   22 29.994 0.0 CB 4 
   229 4.086 0.0 HA 22 
   115 18.829 0.0 CB 12 
   1138 24.399 0.0 CD1 93 
   684 7.214 0.0 H 57 
   353 111.73 0.0 NE2 31 
   977 6.86 0.0 HE1 81 
   281 1.162 0.0 HG22 26 
   1321 4.315 0.0 HA 109 
   518 128.415 0.0 N 43 
   769 8.522 0.0 H 65 
   832 55.752 0.0 CA 69 
   659 4.94 0.0 HA 55 
   1175 45.733 0.0 CA 96 
   597 2.649 0.0 HE3 50 
   1139 22.143 0.0 CD2 93 
   1013 1.467 0.0 HB2 84 
   637 125.064 0.0 N 52 
   692 28.159 0.0 CB 57 
   349 54.359 0.0 CA 31 
   196 119.142 0.0 N 19 
   175 2.198 0.0 HG2 18 
   536 37.016 0.0 CB 45 
   1184 1.434 0.0 HG3 97 
   904 3.917 0.0 HB2 75 
   966 133.192 0.0 CD1 80 
   829 2.202 0.0 HG2 69 
   301 26.22 0.0 CD1 27 
   1181 3.087 0.0 HD2 97 
   107 120.956 0.0 N 11 
   608 4.974 0.0 HA 51 
   159 2.044 0.0 HB3 17 
   26 4.098 0.0 HA 5 
   1210 105.916 0.0 N 99 
   195 32.102 0.0 CG 19 
   289 4.249 0.0 HA 27 
   667 4.636 0.0 HA 56 
   60 2.712 0.0 HB3 8 
   926 1.474 0.0 HG 77 
   383 3.616 0.0 HA 34 
   788 57.206 0.0 CA 66 
   366 133.168 0.0 CD2 32 
   747 8.206 0.0 H 63 
   268 118.678 0.0 N 24 
   266 118.071 0.0 CE1 24 
   885 4.148 0.0 HB2 73 
   255 2.895 0.0 HB2 24 
   785 2.378 0.0 HG2 66 
   1042 1.871 0.0 HB2 86 
   302 26.014 0.0 CD2 27 
   253 8.087 0.0 H 24 
   1097 26.006 0.0 CD2 90 
   1179 1.643 0.0 HB2 97 
   916 7.499 0.0 H 77 
   1237 32.751 0.0 CB 102 
   401 4.289 0.0 HA 36 
   1234 1.301 0.0 HG3 102 
   922 0.842 0.0 HD13 77 
   501 9.031 0.0 H 43 
   557 30.762 0.0 CB 47 
   1121 176.157 0.0 C 92 
   719 2.799 0.0 HB3 60 
   721 7.329 0.0 HD2 60 
   838 1.325 0.0 HB 70 
   716 7.089 0.0 H 60 
   707 3.962 0.0 HB 59 
   709 -0.209 0.0 HG22 59 
   1047 54.406 0.0 CA 86 
   254 4.315 0.0 HA 24 
   74 177.247 0.0 C 9 
   627 2.135 0.0 HB2 52 
   496 38.247 0.0 CB 42 
   416 108.087 0.0 N 37 
   395 177.168 0.0 C 35 
   946 0.488 0.0 HG21 79 
   539 8.1 0.0 H 46 
   736 45.0 0.0 CA 61 
   855 4.692 0.0 HA 71 
   1254 29.069 0.0 CB 103 
   80 4.197 0.0 HA 10 
   923 0.824 0.0 HD21 77 
   132 63.477 0.0 CB 14 
   370 8.36 0.0 H 33 
   451 4.77 0.0 HA 40 
   1263 3.644 0.0 HA 104 
   208 178.43 0.0 C 20 
   945 0.692 0.0 HG13 79 
   599 1.166 0.0 HG3 50 
   844 0.118 0.0 HG21 70 
   3 1.935 0.0 HB3 3 
   742 1.112 0.0 HB3 62 
   1330 1.647 0.0 HG 109 
   199 1.86 0.0 HB2 20 
   272 3.847 0.0 HB3 25 
   329 0.252 0.0 HG11 30 
   403 1.619 0.0 HB3 36 
   384 3.925 0.0 HB2 34 
   1261 129.285 0.0 NE1 103 
   364 38.922 0.0 CB 32 
   1272 60.65 0.0 CA 104 
   765 65.999 0.0 CA 64 
   850 14.445 0.0 CD1 70 
   244 1.795 0.0 HB2 23 
   220 2.502 0.0 HG2 21 
   618 43.776 0.0 CB 51 
   1150 0.839 0.0 HD22 94 
   28 0.883 0.0 HG11 5 
   261 175.685 0.0 C 24 
   622 131.675 0.0 CE2 51 
   1188 43.281 0.0 CD 97 
   1247 9.086 0.0 HE1 103 
   1099 129.702 0.0 N 90 
   598 1.28 0.0 HG2 50 
   846 0.118 0.0 HG23 70 
   211 25.394 0.0 CD1 20 
   437 0.827 0.0 HD13 39 
   30 0.883 0.0 HG13 5 
   908 64.358 0.0 CB 75 
   1239 42.11 0.0 CE 102 
   372 1.712 0.0 HB2 33 
   677 175.248 0.0 C 56 
   315 43.794 0.0 CD 28 
   246 1.981 0.0 HG2 23 
   809 25.235 0.0 CG 67 
   979 6.755 0.0 HZ 81 
   1298 4.435 0.0 HA 107 
   1276 117.096 0.0 N 104 
   1253 62.775 0.0 CA 103 
   1168 29.663 0.0 CB 95 
   467 3.304 0.0 HB2 41 
   240 27.348 0.0 CG 22 
   1167 56.089 0.0 CA 95 
   650 7.948 0.0 H 54 
   41 4.402 0.0 HA 6 
   847 174.815 0.0 C 70 
   1238 29.357 0.0 CD 102 
   806 41.98 0.0 CB 67 
   666 7.22 0.0 H 56 
   674 0.1 0.0 HD22 56 
   241 119.729 0.0 N 22 
   448 19.58 0.0 CG2 39 
   953 22.452 0.0 CG2 79 
   988 126.963 0.0 N 81 
   1081 120.776 0.0 N 89 
   125 122.326 0.0 N 13 
   1147 0.88 0.0 HD12 94 
   1025 25.665 0.0 CD1 84 
   1260 121.319 0.0 N 103 
   404 2.193 0.0 HG2 36 
   1011 6.473 0.0 H 84 
   576 0.712 0.0 HD11 49 
   878 38.256 0.0 CB 72 
   1334 24.954 0.0 CD1 109 
   495 61.316 0.0 CA 42 
   1012 4.131 0.0 HA 84 
   859 2.053 0.0 HG3 71 
   464 126.626 0.0 N 40 
   31 0.884 0.0 HG21 5 
   967 133.192 0.0 CD2 80 
   619 131.545 0.0 CD1 51 
   663 55.404 0.0 CA 55 
   751 1.15 0.0 HG22 63 
   517 28.618 0.0 CG 43 
   230 1.794 0.0 HB2 22 
   1149 0.839 0.0 HD21 94 
   570 36.376 0.0 CG 48 
   379 30.12 0.0 CB 33 
   76 29.741 0.0 CB 9 
   1177 8.717 0.0 H 97 
   490 0.882 0.0 HG13 42 
   994 2.169 0.0 HG3 82 
   515 25.078 0.0 CD1 43 
   1029 7.848 0.0 H 85 
   140 63.455 0.0 CB 15 
   1118 7.314 0.0 H 92 
   1004 1.317 0.0 HG22 83 
   176 2.198 0.0 HG3 18 
   631 1.861 0.0 HG2 52 
   319 4.528 0.0 HA 29 
   1296 114.241 0.0 N 106 
   173 2.003 0.0 HB2 18 
   830 2.202 0.0 HG3 69 
   571 120.823 0.0 N 48 
   1166 176.559 0.0 C 95 
   5 2.037 0.0 HE2 3 
   463 21.935 0.0 CG2 40 
   331 0.252 0.0 HG13 30 
   1163 2.236 0.0 HB3 95 
   1113 37.084 0.0 CB 91 
   982 38.413 0.0 CB 81 
   1092 1.466 0.0 HG 90 
   652 2.966 0.0 HB2 54 
   1048 34.491 0.0 CB 86 
   1148 0.88 0.0 HD13 94 
   669 1.046 0.0 HB3 56 
   772 1.946 0.0 HB3 65 
   649 28.552 0.0 CG 53 
   795 1.403 0.0 HB2 67 
   566 1.94 0.0 HG3 48 
   1280 1.426 0.0 HB2 105 
   708 -0.209 0.0 HG21 59 
   1250 6.476 0.0 HZ2 103 
   197 8.034 0.0 H 20 
   927 176.209 0.0 C 77 
   911 4.276 0.0 HA2 76 
   61 6.882 0.0 HD21 8 
   436 0.827 0.0 HD12 39 
   641 3.873 0.0 HD2 53 
   1329 1.014 0.0 HD23 109 
   304 9.619 0.0 H 28 
   1303 53.158 0.0 CA 107 
   421 0.713 0.0 HG12 38 
   600 175.125 0.0 C 50 
   883 8.586 0.0 H 73 
   224 28.59 0.0 CB 21 
   1185 174.894 0.0 C 97 
   729 118.264 0.0 CE1 60 
   642 4.012 0.0 HD3 53 
   435 0.827 0.0 HD11 39 
   1338 8.637 0.0 H 110 
   969 117.499 0.0 CE2 80 
   201 0.832 0.0 HD11 20 
   470 7.257 0.0 HD2 41 
   135 4.394 0.0 HA 15 
   1275 32.912 0.0 CG 104 
   680 24.042 0.0 CD1 56 
   816 3.22 0.0 HD3 68 
   1293 55.883 0.0 CA 106 
   1144 1.93 0.0 HB2 94 
   27 2.016 0.0 HB 5 
   43 3.824 0.0 HB3 6 
   486 0.685 0.0 HD11 42 
   800 0.36 0.0 HD21 67 
   354 9.231 0.0 H 32 
   936 4.045 0.0 HA3 78 
   124 18.835 0.0 CB 13 
   222 177.928 0.0 C 21 
   103 177.123 0.0 C 11 
   937 170.501 0.0 C 78 
   1347 7.888 0.0 H 111 
   461 33.244 0.0 CB 40 
   221 2.215 0.0 HG3 21 
   324 64.918 0.0 CB 29 
   1258 114.304 0.0 CZ2 103 
   264 132.98 0.0 CD1 24 
   565 2.222 0.0 HG2 48 
   50 1.354 0.0 HB1 7 
   178 58.414 0.0 CA 18 
   419 1.757 0.0 HB 38 
   389 9.379 0.0 H 35 
   805 53.307 0.0 CA 67 
   1221 1.459 0.0 HB3 101 
   917 4.552 0.0 HA 77 
   739 4.298 0.0 HA 62 
   856 2.042 0.0 HB2 71 
   1336 27.041 0.0 CG 109 
   445 39.072 0.0 CB 39 
   1035 175.01 0.0 C 85 
   97 8.147 0.0 H 11 
   873 1.167 0.0 HG21 72 
   466 4.852 0.0 HA 41 
   958 2.826 0.0 HB3 80 
   909 109.127 0.0 N 75 
   284 59.488 0.0 CA 26 
   72 2.204 0.0 HG2 9 
   1314 1.807 0.0 HG3 108 
   1228 1.689 0.0 HB3 102 
   204 0.854 0.0 HD21 20 
   1348 4.214 0.0 HA 111 
   251 35.763 0.0 CG 23 
   439 0.821 0.0 HG13 39 
   563 1.791 0.0 HB2 48 
   1294 30.476 0.0 CB 106 
   101 2.227 0.0 HG2 11 
   1243 4.036 0.0 HA 103 
   1050 114.682 0.0 N 86 
   1186 55.877 0.0 CA 97 
   218 1.928 0.0 HB3 21 
   935 4.601 0.0 HA2 78 
   798 -0.04 0.0 HD12 67 
   656 39.184 0.0 CB 54 
   155 122.38 0.0 N 16 
   943 0.692 0.0 HG11 79 
   857 2.042 0.0 HB3 71 
   1071 21.209 0.0 CG1 88 
   568 54.347 0.0 CA 48 
   342 4.566 0.0 HA 31 
   494 176.006 0.0 C 42 
   1206 3.902 0.0 HA2 99 
   1155 41.391 0.0 CB 94 
   584 53.785 0.0 CA 49 
   356 2.875 0.0 HB2 32 
   548 4.133 0.0 HA 47 
   1187 28.806 0.0 CB 97 
   592 1.613 0.0 HB2 50 
   1061 1.943 0.0 HB 88 
   117 8.142 0.0 H 13 
   278 4.43 0.0 HA 26 
   842 1.246 0.0 HG12 70 
   513 54.59 0.0 CA 43 
   1008 68.085 0.0 CB 83 
   343 1.96 0.0 HB2 31 
   573 4.681 0.0 HA 49 
   688 7.208 0.0 HE21 57 
   293 0.75 0.0 HD12 27 
   139 59.384 0.0 CA 15 
   615 7.149 0.0 HZ 51 
   88 0.81 0.0 HD23 10 
   545 39.065 0.0 CB 46 
   375 2.833 0.0 HD3 33 
   180 36.33 0.0 CG 18 
   18 2.199 0.0 HG2 4 
   1295 36.323 0.0 CG 106 
   543 175.512 0.0 C 46 
   345 7.418 0.0 HE21 31 
   938 45.05 0.0 CA 78 
   227 111.873 0.0 NE2 21 
   662 175.935 0.0 C 55 
   90 178.235 0.0 C 10 
   474 174.17 0.0 C 41 
   485 1.815 0.0 HB 42 
   752 1.15 0.0 HG23 63 
   614 7.022 0.0 HE2 51 
   305 4.445 0.0 HA 28 
   55 19.004 0.0 CB 7 
   238 30.597 0.0 CB 22 
   745 20.267 0.0 CB 62 
   1286 6.969 0.0 H 106 
   912 3.67 0.0 HA3 76 
   119 1.401 0.0 HB1 13 
   185 2.046 0.0 HB3 19 
   717 4.115 0.0 HA 60 
   1069 61.447 0.0 CA 88 
   1178 4.322 0.0 HA 97 
   879 13.45 0.0 CD1 72 
   551 3.179 0.0 HD2 47 
   567 176.225 0.0 C 48 
   500 123.192 0.0 N 42 
   1023 54.419 0.0 CA 84 
   991 1.901 0.0 HB2 82 
   537 114.155 0.0 N 45 
   892 1.915 0.0 HB3 74 
   905 3.917 0.0 HB3 75 
   508 0.797 0.0 HD21 43 
   438 1.863 0.0 HG12 39 
   262 58.621 0.0 CA 24 
   552 3.068 0.0 HD3 47 
   1224 17.772 0.0 CB 101 
   1063 0.724 0.0 HG12 88 
   509 0.797 0.0 HD22 43 
   683 118.239 0.0 N 56 
   1111 177.553 0.0 C 91 
   1197 1.615 0.0 HG2 98 
   575 1.555 0.0 HB3 49 
   1064 0.724 0.0 HG13 88 
   385 3.839 0.0 HB3 34 
   884 4.521 0.0 HA 73 
   1153 178.947 0.0 C 94 
   876 175.825 0.0 C 72 
   1216 64.391 0.0 CB 100 
   1176 107.323 0.0 N 96 
   762 2.185 0.0 HG2 64 
   191 177.964 0.0 C 19 
   621 131.675 0.0 CE1 51 
   897 177.861 0.0 C 74 
   848 60.153 0.0 CA 70 
   200 1.476 0.0 HB3 20 
   870 0.687 0.0 HD13 72 
   593 1.33 0.0 HB3 50 
   1051 8.63 0.0 H 87 
   138 175.478 0.0 C 15 
   710 -0.209 0.0 HG23 59 
   623 129.351 0.0 CZ 51 
   104 57.085 0.0 CA 11 
   434 1.87 0.0 HB 39 
   382 130.005 0.0 N 33 
   858 2.203 0.0 HG2 71 
   1084 1.612 0.0 HB2 90 
   219 7.622 0.0 HE21 21 
   1302 7.911 0.0 HE1 107 
   948 0.488 0.0 HG23 79 
   582 1.602 0.0 HG 49 
   1136 58.032 0.0 CA 93 
   1126 1.663 0.0 HB2 93 
   583 175.439 0.0 C 49 
   405 2.086 0.0 HG3 36 
   147 3.165 0.0 HD3 16 
   587 23.991 0.0 CD2 49 
   867 1.671 0.0 HB 72 
   1078 175.634 0.0 C 89 
   810 117.57 0.0 N 67 
   399 121.527 0.0 N 35 
   95 26.946 0.0 CG 10 
   875 1.167 0.0 HG23 72 
   841 0.635 0.0 HD13 70 
   1219 1.459 0.0 HB1 101 
   1094 57.642 0.0 CA 90 
   984 131.99 0.0 CD2 81 
   1274 15.91 0.0 CE 104 
   307 1.446 0.0 HB3 28 
   913 174.359 0.0 C 76 
   156 8.14 0.0 H 17 
   502 5.108 0.0 HA 43 
   286 22.829 0.0 CG2 26 
   326 8.245 0.0 H 30 
   292 0.75 0.0 HD11 27 
   712 59.886 0.0 CA 59 
   605 26.043 0.0 CG 50 
   903 4.211 0.0 HA 75 
   676 1.245 0.0 HG 56 
   521 1.364 0.0 HB1 44 
   819 177.1 0.0 C 68 
   687 0.068 0.0 HB3 57 
   154 27.325 0.0 CG 16 
   952 21.455 0.0 CG1 79 
   16 1.968 0.0 HB2 4 
   703 20.052 0.0 CB 58 
   756 111.934 0.0 N 63 
   447 29.191 0.0 CG1 39 
   1266 2.298 0.0 HE1 104 
   169 32.011 0.0 CG 17 
   99 1.977 0.0 HB2 11 
   933 115.627 0.0 N 77 
   1306 134.424 0.0 CE1 107 
   1098 26.895 0.0 CG 90 
   907 58.685 0.0 CA 75 
   651 4.702 0.0 HA 54 
   89 1.587 0.0 HG 10 
   1236 59.169 0.0 CA 102 
   564 1.672 0.0 HB3 48 
   1340 1.398 0.0 HB1 110 
   1267 2.298 0.0 HE2 104 
   519 9.087 0.0 H 44 
   1332 55.074 0.0 CA 109 
   1134 1.465 0.0 HG 93 
   7 2.532 0.0 HG2 3 
   1003 1.317 0.0 HG21 83 
   505 0.893 0.0 HD11 43 
   1157 23.025 0.0 CD2 94 
   388 62.613 0.0 CB 34 
   1220 1.459 0.0 HB2 101 
   782 2.243 0.0 HB2 66 
   981 57.116 0.0 CA 81 
   110 1.37 0.0 HB1 12 
   205 0.854 0.0 HD22 20 
   699 0.928 0.0 HB2 58 
   1057 44.193 0.0 CB 87 
   556 57.292 0.0 CA 47 
   803 1.287 0.0 HG 67 
   577 0.712 0.0 HD12 49 
   1085 1.073 0.0 HB3 90 
   335 173.89 0.0 C 30 
   1326 1.06 0.0 HD13 109 
   711 173.265 0.0 C 59 
   114 53.207 0.0 CA 12 
   1205 7.684 0.0 H 99 
   595 1.556 0.0 HD3 50 
   558 43.885 0.0 CD 47 
   560 121.275 0.0 N 47 
   1088 0.758 0.0 HD13 90 
   450 8.934 0.0 H 40 
   297 0.897 0.0 HD23 27 
   1059 9.051 0.0 H 88 
   1024 42.208 0.0 CB 84 
   168 16.963 0.0 CE 17 
   493 0.921 0.0 HG23 42 
   1318 50.22 0.0 CD 108 
   67 112.954 0.0 ND2 8 
   1112 64.55 0.0 CA 91 
   423 0.574 0.0 HG21 38 
   179 29.811 0.0 CB 18 
   934 7.647 0.0 H 78 
   87 0.81 0.0 HD22 10 
   612 7.186 0.0 HD2 51 
   1045 2.116 0.0 HG3 86 
   1082 8.799 0.0 H 90 
   542 2.79 0.0 HB3 46 
   274 58.413 0.0 CA 25 
   951 34.536 0.0 CB 79 
   1018 0.647 0.0 HD21 84 
   1278 3.948 0.0 HA 105 
   167 31.857 0.0 CB 17 
   454 0.769 0.0 HG12 40 
   1017 0.451 0.0 HD13 84 
   1142 8.317 0.0 H 94 
   402 2.002 0.0 HB2 36 
   541 3.176 0.0 HB2 46 
   1141 120.762 0.0 N 93 
   424 0.574 0.0 HG22 38 
   1277 7.659 0.0 H 105 
