   1215 58.114 0.0 CA 100 
   9 176.016 0.0 C 3 
   1150 0.839 0.0 HD22 94 
   76 29.741 0.0 CB 9 
   774 2.196 0.0 HG3 65 
   1045 2.116 0.0 HG3 86 
   849 42.252 0.0 CB 70 
   387 61.518 0.0 CA 34 
   611 7.186 0.0 HD1 51 
   922 0.842 0.0 HD13 77 
   212 23.311 0.0 CD2 20 
   1177 8.717 0.0 H 97 
   333 0.674 0.0 HG22 30 
   562 5.281 0.0 HA 48 
   282 1.162 0.0 HG23 26 
   28 0.883 0.0 HG11 5 
   260 6.701 0.0 HE2 24 
   325 111.229 0.0 N 29 
   467 3.304 0.0 HB2 41 
   403 1.619 0.0 HB3 36 
   308 3.145 0.0 HD2 28 
   936 4.045 0.0 HA3 78 
   355 4.887 0.0 HA 32 
   111 1.37 0.0 HB2 12 
   231 1.794 0.0 HB3 22 
   498 28.39 0.0 CG1 42 
   953 22.452 0.0 CG2 79 
   1147 0.88 0.0 HD12 94 
   618 43.776 0.0 CB 51 
   891 2.382 0.0 HB2 74 
   163 2.46 0.0 HG2 17 
   1213 4.108 0.0 HB2 100 
   127 4.342 0.0 HA 14 
   507 0.893 0.0 HD13 43 
   752 1.15 0.0 HG23 63 
   866 4.208 0.0 HA 72 
   142 8.148 0.0 H 16 
   295 0.897 0.0 HD21 27 
   436 0.827 0.0 HD12 39 
   651 4.702 0.0 HA 54 
   900 50.653 0.0 CD 74 
   95 26.946 0.0 CG 10 
   175 2.198 0.0 HG2 18 
   479 130.657 0.0 CE1 41 
   167 31.857 0.0 CB 17 
   88 0.81 0.0 HD23 10 
   656 39.184 0.0 CB 54 
   381 26.709 0.0 CG 33 
   1346 127.482 0.0 N 110 
   422 0.713 0.0 HG13 38 
   254 4.315 0.0 HA 24 
   1132 0.068 0.0 HD22 93 
   874 1.167 0.0 HG22 72 
   907 58.685 0.0 CA 75 
   1302 7.911 0.0 HE1 107 
   912 3.67 0.0 HA3 76 
   1022 175.527 0.0 C 84 
   1185 174.894 0.0 C 97 
   972 4.47 0.0 HA 81 
   759 1.816 0.0 HB3 64 
   838 1.325 0.0 HB 70 
   1043 1.238 0.0 HB3 86 
   229 4.086 0.0 HA 22 
   544 56.917 0.0 CA 46 
   246 1.981 0.0 HG2 23 
   470 7.257 0.0 HD2 41 
   93 24.876 0.0 CD1 10 
   40 8.389 0.0 H 6 
   1152 1.717 0.0 HG 94 
   20 176.331 0.0 C 4 
   438 1.863 0.0 HG12 39 
   552 3.068 0.0 HD3 47 
   361 6.319 0.0 HE2 32 
   1105 0.62 0.0 HD13 91 
   1038 37.004 0.0 CG 85 
   309 3.084 0.0 HD3 28 
   332 0.674 0.0 HG21 30 
   155 122.38 0.0 N 16 
   1158 26.897 0.0 CG 94 
   987 127.489 0.0 CZ 81 
   160 2.001 0.0 HE1 17 
   1187 28.806 0.0 CB 97 
   889 125.865 0.0 N 73 
   486 0.685 0.0 HD11 42 
   1106 1.169 0.0 HG12 91 
   1129 -0.102 0.0 HD12 93 
   1321 4.315 0.0 HA 109 
   99 1.977 0.0 HB2 11 
   1245 3.08 0.0 HB3 103 
   401 4.289 0.0 HA 36 
   799 -0.04 0.0 HD13 67 
   318 7.994 0.0 H 29 
   614 7.022 0.0 HE2 51 
   877 61.763 0.0 CA 72 
   699 0.928 0.0 HB2 58 
   583 175.439 0.0 C 49 
   135 4.394 0.0 HA 15 
   53 178.059 0.0 C 7 
   442 0.365 0.0 HG23 39 
   145 1.84 0.0 HB3 16 
   70 1.998 0.0 HB2 9 
   466 4.852 0.0 HA 41 
   1285 120.951 0.0 N 105 
   1200 56.621 0.0 CA 98 
   1060 4.191 0.0 HA 88 
   1195 3.779 0.0 HD2 98 
   825 7.852 0.0 H 69 
   1275 32.912 0.0 CG 104 
   230 1.794 0.0 HB2 22 
   1054 2.509 0.0 HB3 87 
   225 33.973 0.0 CG 21 
   1110 0.555 0.0 HG23 91 
   834 35.395 0.0 CG 69 
   685 2.151 0.0 HA 57 
   1202 43.141 0.0 CD 98 
   709 -0.209 0.0 HG22 59 
   335 173.89 0.0 C 30 
   390 4.039 0.0 HA 35 
   1121 176.157 0.0 C 92 
   255 2.895 0.0 HB2 24 
   1169 36.454 0.0 CG 95 
   1208 171.528 0.0 C 99 
   574 1.727 0.0 HB2 49 
   729 118.264 0.0 CE1 60 
   291 1.158 0.0 HB3 27 
   931 23.53 0.0 CD2 77 
   554 1.442 0.0 HG3 47 
   984 131.99 0.0 CD2 81 
   787 175.329 0.0 C 66 
   138 175.478 0.0 C 15 
   1188 43.281 0.0 CD 97 
   251 35.763 0.0 CG 23 
   508 0.797 0.0 HD21 43 
   283 174.498 0.0 C 26 
   1065 0.83 0.0 HG21 88 
   537 114.155 0.0 N 45 
   420 0.713 0.0 HG11 38 
   962 6.559 0.0 HE2 80 
   655 55.185 0.0 CA 54 
   940 8.683 0.0 H 79 
   1034 2.094 0.0 HG3 85 
   1090 0.902 0.0 HD22 90 
   165 177.442 0.0 C 17 
   273 172.134 0.0 C 25 
   1336 27.041 0.0 CG 109 
   433 4.323 0.0 HA 39 
   51 1.354 0.0 HB2 7 
   635 43.598 0.0 CD 52 
   120 1.401 0.0 HB2 13 
   1071 21.209 0.0 CG1 88 
   591 5.454 0.0 HA 50 
   810 117.57 0.0 N 67 
   480 130.657 0.0 CE2 41 
   755 21.938 0.0 CG2 63 
   1179 1.643 0.0 HB2 97 
   454 0.769 0.0 HG12 40 
   615 7.149 0.0 HZ 51 
   477 132.608 0.0 CD1 41 
   1350 3.803 0.0 HB3 111 
   428 35.509 0.0 CB 38 
   821 31.556 0.0 CB 68 
   1092 1.466 0.0 HG 90 
   587 23.991 0.0 CD2 49 
   540 4.13 0.0 HA 46 
   905 3.917 0.0 HB3 75 
   1301 6.147 0.0 HD2 107 
   1156 26.8 0.0 CD1 94 
   693 31.891 0.0 CG 57 
   469 7.257 0.0 HD1 41 
   929 42.125 0.0 CB 77 
   1163 2.236 0.0 HB3 95 
   5 2.037 0.0 HE2 3 
   118 4.218 0.0 HA 13 
   753 58.845 0.0 CA 63 
   788 57.206 0.0 CA 66 
   1194 2.763 0.0 HB3 98 
   391 1.95 0.0 HB2 35 
   556 57.292 0.0 CA 47 
   1254 29.069 0.0 CB 103 
   1027 26.393 0.0 CG 84 
   153 43.249 0.0 CD 16 
   1303 53.158 0.0 CA 107 
   329 0.252 0.0 HG11 30 
   397 28.457 0.0 CB 35 
   1293 55.883 0.0 CA 106 
   793 7.132 0.0 H 67 
   140 63.455 0.0 CB 15 
   1172 4.236 0.0 HA2 96 
   1011 6.473 0.0 H 84 
   551 3.179 0.0 HD2 47 
   144 1.84 0.0 HB2 16 
   1211 8.646 0.0 H 100 
   447 29.191 0.0 CG1 39 
   546 111.628 0.0 N 46 
   961 6.559 0.0 HE1 80 
   172 4.121 0.0 HA 18 
   107 120.956 0.0 N 11 
   579 0.789 0.0 HD21 49 
   440 0.365 0.0 HG21 39 
   356 2.875 0.0 HB2 32 
   1058 121.904 0.0 N 87 
   757 3.427 0.0 HA 64 
   126 8.165 0.0 H 14 
   1030 3.622 0.0 HA 85 
   623 129.351 0.0 CZ 51 
   131 59.538 0.0 CA 14 
   177 176.883 0.0 C 18 
   1133 0.068 0.0 HD23 93 
   327 4.941 0.0 HA 30 
   645 178.611 0.0 C 53 
   530 3.252 0.0 HB2 45 
   1036 57.064 0.0 CA 85 
   1224 17.772 0.0 CB 101 
   386 176.483 0.0 C 34 
   101 2.227 0.0 HG2 11 
   1306 134.424 0.0 CE1 107 
   976 6.984 0.0 HD2 81 
   515 25.078 0.0 CD1 43 
   601 55.26 0.0 CA 50 
   968 117.499 0.0 CE1 80 
   223 57.396 0.0 CA 21 
   214 121.295 0.0 N 20 
   598 1.28 0.0 HG2 50 
   435 0.827 0.0 HD11 39 
   560 121.275 0.0 N 47 
   1130 -0.102 0.0 HD13 93 
   722 6.914 0.0 HE1 60 
   948 0.488 0.0 HG23 79 
   538 106.735 0.0 ND2 45 
   364 38.922 0.0 CB 32 
   114 53.207 0.0 CA 12 
   1112 64.55 0.0 CA 91 
   930 26.039 0.0 CD1 77 
   375 2.833 0.0 HD3 33 
   809 25.235 0.0 CG 67 
   836 7.957 0.0 H 70 
   1287 3.906 0.0 HA 106 
   1249 6.678 0.0 HH2 103 
   1170 117.117 0.0 N 95 
   286 22.829 0.0 CG2 26 
   500 123.192 0.0 N 42 
   1240 24.762 0.0 CG 102 
   32 0.884 0.0 HG22 5 
   1311 3.315 0.0 HD2 108 
   1063 0.724 0.0 HG12 88 
   723 6.914 0.0 HE2 60 
   830 2.202 0.0 HG3 69 
   908 64.358 0.0 CB 75 
   166 57.361 0.0 CA 17 
   1220 1.459 0.0 HB2 101 
   853 125.545 0.0 N 70 
   1061 1.943 0.0 HB 88 
   1273 33.268 0.0 CB 104 
   321 3.555 0.0 HB3 29 
   178 58.414 0.0 CA 18 
   797 -0.04 0.0 HD11 67 
   925 0.824 0.0 HD23 77 
   85 0.86 0.0 HD13 10 
   992 1.901 0.0 HB3 82 
   1297 7.064 0.0 H 107 
   517 28.618 0.0 CG 43 
   294 0.75 0.0 HD13 27 
   1333 42.849 0.0 CB 109 
   125 122.326 0.0 N 13 
   55 19.004 0.0 CB 7 
   624 119.432 0.0 N 51 
   427 58.127 0.0 CA 38 
   914 45.558 0.0 CA 76 
   82 1.543 0.0 HB3 10 
   1181 3.087 0.0 HD2 97 
   412 3.965 0.0 HA2 37 
   374 3.051 0.0 HD2 33 
   725 60.827 0.0 CA 60 
   1118 7.314 0.0 H 92 
   989 7.466 0.0 H 82 
   1312 3.044 0.0 HD3 108 
   98 4.131 0.0 HA 11 
   62 7.585 0.0 HD22 8 
   405 2.086 0.0 HG3 36 
   764 179.483 0.0 C 64 
   899 31.733 0.0 CB 74 
   947 0.488 0.0 HG22 79 
   12 16.881 0.0 CE 3 
   919 1.608 0.0 HB3 77 
   1070 35.256 0.0 CB 88 
   250 30.144 0.0 CB 23 
   345 7.418 0.0 HE21 31 
   857 2.042 0.0 HB3 71 
   67 112.954 0.0 ND2 8 
   676 1.245 0.0 HG 56 
   192 57.55 0.0 CA 19 
   193 32.162 0.0 CB 19 
   4 2.037 0.0 HE1 3 
   58 4.571 0.0 HA 8 
   239 43.459 0.0 CD 22 
   658 8.201 0.0 H 55 
   3 1.935 0.0 HB3 3 
   64 53.841 0.0 CA 8 
   769 8.522 0.0 H 65 
   543 175.512 0.0 C 46 
   48 8.431 0.0 H 7 
   343 1.96 0.0 HB2 31 
   1238 29.357 0.0 CD 102 
   609 3.28 0.0 HB2 51 
   644 1.601 0.0 HG3 53 
   630 3.332 0.0 HD3 52 
   188 2.03 0.0 HE3 19 
   1136 58.032 0.0 CA 93 
   1206 3.902 0.0 HA2 99 
   313 56.669 0.0 CA 28 
   1042 1.871 0.0 HB2 86 
   943 0.692 0.0 HG11 79 
   513 54.59 0.0 CA 43 
   1125 3.727 0.0 HA 93 
   1088 0.758 0.0 HD13 90 
   1096 23.032 0.0 CD1 90 
   969 117.499 0.0 CE2 80 
   1148 0.88 0.0 HD13 94 
   148 1.556 0.0 HG2 16 
   613 7.022 0.0 HE1 51 
   1227 1.826 0.0 HB2 102 
   1128 -0.102 0.0 HD11 93 
   491 0.921 0.0 HG21 42 
   916 7.499 0.0 H 77 
   1290 2.19 0.0 HG2 106 
   1057 44.193 0.0 CB 87 
   290 1.67 0.0 HB2 27 
   740 1.112 0.0 HB1 62 
   956 5.161 0.0 HA 80 
   1153 178.947 0.0 C 94 
   1284 17.87 0.0 CB 105 
   557 30.762 0.0 CB 47 
   514 42.395 0.0 CB 43 
   642 4.012 0.0 HD3 53 
   1197 1.615 0.0 HG2 98 
   636 27.315 0.0 CG 52 
   1107 0.614 0.0 HG13 91 
   1099 129.702 0.0 N 90 
   1086 0.758 0.0 HD11 90 
   463 21.935 0.0 CG2 40 
   91 56.126 0.0 CA 10 
   370 8.36 0.0 H 33 
   782 2.243 0.0 HB2 66 
   978 6.86 0.0 HE2 81 
   657 111.513 0.0 N 54 
   1184 1.434 0.0 HG3 97 
   670 0.563 0.0 HD11 56 
   347 2.215 0.0 HG3 31 
   981 57.116 0.0 CA 81 
   732 8.751 0.0 H 61 
   683 118.239 0.0 N 56 
   910 8.418 0.0 H 76 
   187 2.03 0.0 HE2 19 
   1289 1.513 0.0 HB3 106 
   35 62.128 0.0 CA 5 
   991 1.901 0.0 HB2 82 
   323 57.62 0.0 CA 29 
   1031 2.094 0.0 HB2 85 
   867 1.671 0.0 HB 72 
   179 29.811 0.0 CB 18 
   887 57.766 0.0 CA 73 
   975 6.984 0.0 HD1 81 
   47 119.949 0.0 N 6 
   441 0.365 0.0 HG22 39 
   762 2.185 0.0 HG2 64 
   1012 4.131 0.0 HA 84 
   495 61.316 0.0 CA 42 
   668 2.211 0.0 HB2 56 
   1095 42.674 0.0 CB 90 
   360 6.319 0.0 HE1 32 
   1123 103.835 0.0 N 92 
   1137 41.703 0.0 CB 93 
   954 116.911 0.0 N 79 
   352 122.553 0.0 N 31 
   159 2.044 0.0 HB3 17 
   1047 54.406 0.0 CA 86 
   958 2.826 0.0 HB3 80 
   570 36.376 0.0 CG 48 
   1078 175.634 0.0 C 89 
   452 1.871 0.0 HB 40 
   1314 1.807 0.0 HG3 108 
   553 1.653 0.0 HG2 47 
   1223 56.234 0.0 CA 101 
   649 28.552 0.0 CG 53 
   935 4.601 0.0 HA2 78 
   266 118.071 0.0 CE1 24 
   173 2.003 0.0 HB2 18 
   437 0.827 0.0 HD13 39 
   713 68.111 0.0 CB 59 
   758 2.241 0.0 HB2 64 
   675 0.1 0.0 HD23 56 
   523 1.364 0.0 HB3 44 
   902 7.893 0.0 H 75 
   379 30.12 0.0 CB 33 
   610 2.552 0.0 HB3 51 
   865 9.013 0.0 H 72 
   488 0.685 0.0 HD13 42 
   599 1.166 0.0 HG3 50 
   1180 1.643 0.0 HB3 97 
   1233 1.398 0.0 HG2 102 
   808 23.38 0.0 CD2 67 
   74 177.247 0.0 C 9 
   923 0.824 0.0 HD21 77 
   439 0.821 0.0 HG13 39 
   1231 2.947 0.0 HE2 102 
   241 119.729 0.0 N 22 
   270 4.133 0.0 HA 25 
   202 0.832 0.0 HD12 20 
   1013 1.467 0.0 HB2 84 
   413 3.768 0.0 HA3 37 
   143 4.203 0.0 HA 16 
   904 3.917 0.0 HB2 75 
   678 52.687 0.0 CA 56 
   446 15.099 0.0 CD1 39 
   109 4.201 0.0 HA 12 
   967 133.192 0.0 CD2 80 
   1157 23.025 0.0 CD2 94 
   561 8.308 0.0 H 48 
   604 41.911 0.0 CE 50 
   545 39.065 0.0 CB 46 
   582 1.602 0.0 HG 49 
   1209 45.495 0.0 CA 99 
   879 13.45 0.0 CD1 72 
   1296 114.241 0.0 N 106 
   218 1.928 0.0 HB3 21 
   1138 24.399 0.0 CD1 93 
   139 59.384 0.0 CA 15 
   892 1.915 0.0 HB3 74 
   132 63.477 0.0 CB 14 
   269 7.403 0.0 H 25 
   648 49.824 0.0 CD 53 
   36 32.906 0.0 CB 5 
   990 3.582 0.0 HA 82 
   798 -0.04 0.0 HD12 67 
   813 1.901 0.0 HB2 68 
   408 32.757 0.0 CB 36 
   43 3.824 0.0 HB3 6 
   643 2.087 0.0 HG2 53 
   415 46.016 0.0 CA 37 
   354 9.231 0.0 H 32 
   394 2.204 0.0 HG3 35 
   1108 0.555 0.0 HG21 91 
   133 114.553 0.0 N 14 
   888 62.669 0.0 CB 73 
   66 116.954 0.0 N 8 
   1295 36.323 0.0 CG 106 
   1207 3.902 0.0 HA3 99 
   104 57.085 0.0 CA 11 
   1332 55.074 0.0 CA 109 
   46 64.02 0.0 CB 6 
   317 123.653 0.0 N 28 
   711 173.265 0.0 C 59 
   1037 26.953 0.0 CB 85 
   417 6.622 0.0 H 38 
   856 2.042 0.0 HB2 71 
   183 4.2 0.0 HA 19 
   1226 3.979 0.0 HA 102 
   407 56.237 0.0 CA 36 
   577 0.712 0.0 HD12 49 
   1203 29.125 0.0 CG 98 
   1005 1.317 0.0 HG23 83 
   453 0.769 0.0 HG11 40 
   496 38.247 0.0 CB 42 
   1199 175.018 0.0 C 98 
   346 2.141 0.0 HG2 31 
   625 9.528 0.0 H 52 
   1162 2.044 0.0 HB2 95 
   959 6.868 0.0 HD1 80 
   499 17.509 0.0 CG2 42 
   227 111.873 0.0 NE2 21 
   1248 6.803 0.0 HE3 103 
   411 7.908 0.0 H 37 
   105 29.983 0.0 CB 11 
   71 1.998 0.0 HB3 9 
   110 1.37 0.0 HB1 12 
   400 7.08 0.0 H 36 
   1335 24.143 0.0 CD2 109 
   50 1.354 0.0 HB1 7 
   704 116.752 0.0 N 58 
   608 4.974 0.0 HA 51 
   481 128.301 0.0 CZ 41 
   638 4.146 0.0 HA 53 
   896 2.031 0.0 HG3 74 
   484 4.729 0.0 HA 42 
   816 3.22 0.0 HD3 68 
   1141 120.762 0.0 N 93 
   677 175.248 0.0 C 56 
   1309 2.209 0.0 HB2 108 
   627 2.135 0.0 HB2 52 
   1080 64.469 0.0 CB 89 
   965 41.026 0.0 CB 80 
   606 121.409 0.0 N 50 
   388 62.613 0.0 CB 34 
   57 8.312 0.0 H 8 
   357 2.697 0.0 HB3 32 
   619 131.545 0.0 CD1 51 
   1193 1.534 0.0 HB2 98 
   1304 26.649 0.0 CB 107 
   56 126.064 0.0 N 7 
   341 8.341 0.0 H 31 
   659 4.94 0.0 HA 55 
   219 7.622 0.0 HE21 21 
   233 3.132 0.0 HD3 22 
   1257 124.8 0.0 CH2 103 
   339 23.077 0.0 CG2 30 
   1149 0.839 0.0 HD21 94 
   653 2.515 0.0 HB3 54 
   247 1.908 0.0 HG3 23 
   850 14.445 0.0 CD1 70 
   289 4.249 0.0 HA 27 
   571 120.823 0.0 N 48 
   1131 0.068 0.0 HD21 93 
   847 174.815 0.0 C 70 
   1097 26.006 0.0 CD2 90 
   86 0.81 0.0 HD21 10 
   840 0.635 0.0 HD12 70 
   1216 64.391 0.0 CB 100 
   149 1.556 0.0 HG3 16 
   602 35.539 0.0 CB 50 
   382 130.005 0.0 N 33 
   1324 1.06 0.0 HD11 109 
   1279 1.426 0.0 HB1 105 
   277 7.753 0.0 H 26 
   1328 1.014 0.0 HD22 109 
   687 0.068 0.0 HB3 57 
   209 56.978 0.0 CA 20 
   918 1.608 0.0 HB2 77 
   1182 3.087 0.0 HD3 97 
   626 4.903 0.0 HA 52 
   1230 1.624 0.0 HD3 102 
   280 1.162 0.0 HG21 26 
   384 3.925 0.0 HB2 34 
   162 2.001 0.0 HE3 17 
   1282 179.136 0.0 C 105 
   263 38.578 0.0 CB 24 
   971 8.68 0.0 H 81 
   366 133.168 0.0 CD2 32 
   1135 174.204 0.0 C 93 
   65 38.639 0.0 CB 8 
   224 28.59 0.0 CB 21 
   772 1.946 0.0 HB3 65 
   924 0.824 0.0 HD22 77 
   960 6.868 0.0 HD2 80 
   164 2.52 0.0 HG3 17 
   1104 0.62 0.0 HD12 91 
   689 1.708 0.0 HG2 57 
   988 126.963 0.0 N 81 
   320 3.731 0.0 HB2 29 
   1192 3.921 0.0 HA 98 
   1263 3.644 0.0 HA 104 
   1075 4.745 0.0 HA 89 
   735 174.325 0.0 C 61 
   566 1.94 0.0 HG3 48 
   1278 3.948 0.0 HA 105 
   823 27.438 0.0 CG 68 
   897 177.861 0.0 C 74 
   349 54.359 0.0 CA 31 
   253 8.087 0.0 H 24 
   708 -0.209 0.0 HG21 59 
   982 38.413 0.0 CB 81 
   1183 1.544 0.0 HG2 97 
   842 1.246 0.0 HG12 70 
   1262 9.18 0.0 H 104 
   628 1.678 0.0 HB3 52 
   1308 4.342 0.0 HA 108 
   522 1.364 0.0 HB2 44 
   337 34.762 0.0 CB 30 
   773 2.328 0.0 HG2 65 
   1032 2.265 0.0 HB3 85 
   646 65.032 0.0 CA 53 
   353 111.73 0.0 NE2 31 
   1083 3.798 0.0 HA 90 
   431 105.549 0.0 N 38 
   1068 174.389 0.0 C 88 
   665 116.732 0.0 N 55 
   605 26.043 0.0 CG 50 
   527 122.697 0.0 N 44 
   1236 59.169 0.0 CA 102 
   81 1.659 0.0 HB2 10 
   1076 4.014 0.0 HB2 89 
   73 2.204 0.0 HG3 9 
   156 8.14 0.0 H 17 
   647 30.867 0.0 CB 53 
   284 59.488 0.0 CA 26 
   933 115.627 0.0 N 77 
   701 177.612 0.0 C 58 
   1337 122.868 0.0 N 109 
   367 117.341 0.0 CE1 32 
   1234 1.301 0.0 HG3 102 
   763 1.792 0.0 HG3 64 
   368 117.341 0.0 CE2 32 
   1010 115.091 0.0 N 83 
   516 24.929 0.0 CD2 43 
   1274 15.91 0.0 CE 104 
   365 133.168 0.0 CD1 32 
   220 2.502 0.0 HG2 21 
   1217 116.809 0.0 N 100 
   917 4.552 0.0 HA 77 
   418 4.915 0.0 HA 38 
   716 7.089 0.0 H 60 
   996 59.66 0.0 CA 82 
   730 118.264 0.0 CE2 60 
   398 36.377 0.0 CG 35 
   1143 4.015 0.0 HA 94 
   1161 4.384 0.0 HA 95 
   569 32.524 0.0 CB 48 
   906 175.703 0.0 C 75 
   369 124.536 0.0 N 32 
   1087 0.758 0.0 HD12 90 
   410 115.94 0.0 N 36 
   196 119.142 0.0 N 19 
   1241 119.022 0.0 N 102 
   475 56.064 0.0 CA 41 
   1085 1.073 0.0 HB3 90 
   1041 4.768 0.0 HA 86 
   737 118.169 0.0 N 61 
   1214 4.42 0.0 HB3 100 
   258 7.074 0.0 HD2 24 
   966 133.192 0.0 CD1 80 
   894 3.907 0.0 HD3 74 
   314 32.647 0.0 CB 28 
   691 59.107 0.0 CA 57 
   789 29.542 0.0 CB 66 
   822 43.453 0.0 CD 68 
   471 7.087 0.0 HE1 41 
   794 4.296 0.0 HA 67 
   714 19.939 0.0 CG2 59 
   1151 0.839 0.0 HD23 94 
   1323 1.528 0.0 HB3 109 
   710 -0.209 0.0 HG23 59 
   702 54.433 0.0 CA 58 
   1166 176.559 0.0 C 95 
   550 1.794 0.0 HB3 47 
   472 7.087 0.0 HE2 41 
   14 8.628 0.0 H 4 
   715 99.63 0.0 N 59 
   195 32.102 0.0 CG 19 
   122 178.794 0.0 C 13 
   667 4.636 0.0 HA 56 
   203 0.832 0.0 HD13 20 
   1186 55.877 0.0 CA 97 
   17 1.884 0.0 HB3 4 
   292 0.75 0.0 HD11 27 
   1196 3.595 0.0 HD3 98 
   1191 7.999 0.0 H 98 
   512 178.81 0.0 C 43 
   1310 1.86 0.0 HB3 108 
   425 0.574 0.0 HG23 38 
   1313 1.807 0.0 HG2 108 
   448 19.58 0.0 CG2 39 
   234 1.658 0.0 HG2 22 
   1116 17.114 0.0 CG2 91 
   1004 1.317 0.0 HG22 83 
   1139 22.143 0.0 CD2 93 
   743 177.761 0.0 C 62 
   1103 0.62 0.0 HD11 91 
   780 7.728 0.0 H 66 
   662 175.935 0.0 C 55 
   288 9.148 0.0 H 27 
   549 1.794 0.0 HB2 47 
   652 2.966 0.0 HB2 54 
   393 2.263 0.0 HG2 35 
   802 0.36 0.0 HD23 67 
   92 42.02 0.0 CB 10 
   818 1.681 0.0 HG3 68 
   754 67.952 0.0 CB 63 
   796 1.216 0.0 HB3 67 
   521 1.364 0.0 HB1 44 
   765 65.999 0.0 CA 64 
   94 23.445 0.0 CD2 10 
   1242 8.089 0.0 H 103 
   222 177.928 0.0 C 21 
   281 1.162 0.0 HG22 26 
   350 32.865 0.0 CB 31 
   134 8.205 0.0 H 15 
   1247 9.086 0.0 HE1 103 
