   1139 22.143 0.0 CD2 93 
   933 115.627 0.0 N 77 
   1005 1.317 0.0 HG23 83 
   975 6.984 0.0 HD1 81 
   97 8.147 0.0 H 11 
   293 0.75 0.0 HD12 27 
   836 7.957 0.0 H 70 
   465 9.605 0.0 H 41 
   50 1.354 0.0 HB1 7 
   1207 3.902 0.0 HA3 99 
   71 1.998 0.0 HB3 9 
   363 57.485 0.0 CA 32 
   407 56.237 0.0 CA 36 
   55 19.004 0.0 CB 7 
   628 1.678 0.0 HB3 52 
   209 56.978 0.0 CA 20 
   129 3.873 0.0 HB3 14 
   807 25.787 0.0 CD1 67 
   656 39.184 0.0 CB 54 
   481 128.301 0.0 CZ 41 
   30 0.883 0.0 HG13 5 
   1214 4.42 0.0 HB3 100 
   456 0.737 0.0 HG21 40 
   1041 4.768 0.0 HA 86 
   976 6.984 0.0 HD2 81 
   715 99.63 0.0 N 59 
   177 176.883 0.0 C 18 
   228 7.939 0.0 H 22 
   870 0.687 0.0 HD13 72 
   674 0.1 0.0 HD22 56 
   385 3.839 0.0 HB3 34 
   665 116.732 0.0 N 55 
   444 61.503 0.0 CA 39 
   735 174.325 0.0 C 61 
   98 4.131 0.0 HA 11 
   45 58.096 0.0 CA 6 
   1263 3.644 0.0 HA 104 
   240 27.348 0.0 CG 22 
   269 7.403 0.0 H 25 
   475 56.064 0.0 CA 41 
   464 126.626 0.0 N 40 
   706 3.734 0.0 HA 59 
   906 175.703 0.0 C 75 
   531 2.661 0.0 HB3 45 
   1077 3.766 0.0 HB3 89 
   736 45.0 0.0 CA 61 
   82 1.543 0.0 HB3 10 
   27 2.016 0.0 HB 5 
   983 131.99 0.0 CD1 81 
   543 175.512 0.0 C 46 
   78 121.267 0.0 N 9 
   1132 0.068 0.0 HD22 93 
   393 2.263 0.0 HG2 35 
   881 17.673 0.0 CG2 72 
   1175 45.733 0.0 CA 96 
   1136 58.032 0.0 CA 93 
   1151 0.839 0.0 HD23 94 
   421 0.713 0.0 HG12 38 
   232 3.132 0.0 HD2 22 
   1322 1.658 0.0 HB2 109 
   571 120.823 0.0 N 48 
   328 1.586 0.0 HB 30 
   121 1.401 0.0 HB3 13 
   918 1.608 0.0 HB2 77 
   1328 1.014 0.0 HD22 109 
   415 46.016 0.0 CA 37 
   369 124.536 0.0 N 32 
   1271 178.325 0.0 C 104 
   1095 42.674 0.0 CB 90 
   60 2.712 0.0 HB3 8 
   1004 1.317 0.0 HG22 83 
   1288 1.513 0.0 HB2 106 
   686 1.24 0.0 HB2 57 
   742 1.112 0.0 HB3 62 
   468 2.612 0.0 HB3 41 
   1309 2.209 0.0 HB2 108 
   139 59.384 0.0 CA 15 
   5 2.037 0.0 HE2 3 
   8 2.492 0.0 HG3 3 
   762 2.185 0.0 HG2 64 
   911 4.276 0.0 HA2 76 
   957 2.892 0.0 HB2 80 
   959 6.868 0.0 HD1 80 
   949 171.397 0.0 C 79 
   1118 7.314 0.0 H 92 
   2 2.029 0.0 HB2 3 
   268 118.678 0.0 N 24 
   1063 0.724 0.0 HG12 88 
   355 4.887 0.0 HA 32 
   489 1.467 0.0 HG12 42 
   915 109.752 0.0 N 76 
   999 124.087 0.0 N 82 
   1185 174.894 0.0 C 97 
   828 1.967 0.0 HB3 69 
   345 7.418 0.0 HE21 31 
   823 27.438 0.0 CG 68 
   837 4.508 0.0 HA 70 
   818 1.681 0.0 HG3 68 
   574 1.727 0.0 HB2 49 
   582 1.602 0.0 HG 49 
   335 173.89 0.0 C 30 
   917 4.552 0.0 HA 77 
   1121 176.157 0.0 C 92 
   545 39.065 0.0 CB 46 
   106 36.09 0.0 CG 11 
   928 54.378 0.0 CA 77 
   1349 3.803 0.0 HB2 111 
   255 2.895 0.0 HB2 24 
   899 31.733 0.0 CB 74 
   126 8.165 0.0 H 14 
   594 1.556 0.0 HD2 50 
   220 2.502 0.0 HG2 21 
   1198 1.141 0.0 HG3 98 
   951 34.536 0.0 CB 79 
   52 1.354 0.0 HB3 7 
   765 65.999 0.0 CA 64 
   898 65.658 0.0 CA 74 
   159 2.044 0.0 HB3 17 
   1238 29.357 0.0 CD 102 
   819 177.1 0.0 C 68 
   534 175.729 0.0 C 45 
   1128 -0.102 0.0 HD11 93 
   480 130.657 0.0 CE2 41 
   971 8.68 0.0 H 81 
   1191 7.999 0.0 H 98 
   110 1.37 0.0 HB1 12 
   1186 55.877 0.0 CA 97 
   1122 47.672 0.0 CA 92 
   797 -0.04 0.0 HD11 67 
   362 174.519 0.0 C 32 
   414 174.303 0.0 C 37 
   986 130.512 0.0 CE2 81 
   1002 4.209 0.0 HB 83 
   962 6.559 0.0 HE2 80 
   901 27.83 0.0 CG 74 
   1188 43.281 0.0 CD 97 
   235 1.535 0.0 HG3 22 
   782 2.243 0.0 HB2 66 
   482 128.169 0.0 N 41 
   472 7.087 0.0 HE2 41 
   515 25.078 0.0 CD1 43 
   39 121.499 0.0 N 5 
   147 3.165 0.0 HD3 16 
   506 0.893 0.0 HD12 43 
   717 4.115 0.0 HA 60 
   73 2.204 0.0 HG3 9 
   326 8.245 0.0 H 30 
   732 8.751 0.0 H 61 
   211 25.394 0.0 CD1 20 
   996 59.66 0.0 CA 82 
   729 118.264 0.0 CE1 60 
   1166 176.559 0.0 C 95 
   63 175.868 0.0 C 8 
   1108 0.555 0.0 HG21 91 
   9 176.016 0.0 C 3 
   486 0.685 0.0 HD11 42 
   454 0.769 0.0 HG12 40 
   820 58.094 0.0 CA 68 
   991 1.901 0.0 HB2 82 
   1086 0.758 0.0 HD11 90 
   992 1.901 0.0 HB3 82 
   580 0.789 0.0 HD22 49 
   843 0.613 0.0 HG13 70 
   1265 2.339 0.0 HB3 104 
   795 1.403 0.0 HB2 67 
   1070 35.256 0.0 CB 88 
   1043 1.238 0.0 HB3 86 
   151 57.826 0.0 CA 16 
   166 57.361 0.0 CA 17 
   739 4.298 0.0 HA 62 
   1022 175.527 0.0 C 84 
   610 2.552 0.0 HB3 51 
   150 177.474 0.0 C 16 
   1050 114.682 0.0 N 86 
   154 27.325 0.0 CG 16 
   466 4.852 0.0 HA 41 
   889 125.865 0.0 N 73 
   980 176.311 0.0 C 81 
   289 4.249 0.0 HA 27 
   1283 54.605 0.0 CA 105 
   1293 55.883 0.0 CA 106 
   1033 2.205 0.0 HG2 85 
   1047 54.406 0.0 CA 86 
   517 28.618 0.0 CG 43 
   977 6.86 0.0 HE1 81 
   1071 21.209 0.0 CG1 88 
   107 120.956 0.0 N 11 
   280 1.162 0.0 HG21 26 
   375 2.833 0.0 HD3 33 
   493 0.921 0.0 HG23 42 
   1138 24.399 0.0 CD1 93 
   295 0.897 0.0 HD21 27 
   965 41.026 0.0 CB 80 
   264 132.98 0.0 CD1 24 
   366 133.168 0.0 CD2 32 
   1069 61.447 0.0 CA 88 
   655 55.185 0.0 CA 54 
   875 1.167 0.0 HG23 72 
   54 53.151 0.0 CA 7 
   760 3.713 0.0 HD2 64 
   365 133.168 0.0 CD1 32 
   1208 171.528 0.0 C 99 
   311 1.421 0.0 HG3 28 
   53 178.059 0.0 C 7 
   740 1.112 0.0 HB1 62 
   701 177.612 0.0 C 58 
   24 122.855 0.0 N 4 
   36 32.906 0.0 CB 5 
   641 3.873 0.0 HD2 53 
   1123 103.835 0.0 N 92 
   916 7.499 0.0 H 77 
   422 0.713 0.0 HG13 38 
   637 125.064 0.0 N 52 
   691 59.107 0.0 CA 57 
   216 4.037 0.0 HA 21 
   842 1.246 0.0 HG12 70 
   1291 1.91 0.0 HG3 106 
   1313 1.807 0.0 HG2 108 
   994 2.169 0.0 HG3 82 
   451 4.77 0.0 HA 40 
   518 128.415 0.0 N 43 
   386 176.483 0.0 C 34 
   648 49.824 0.0 CD 53 
   834 35.395 0.0 CG 69 
   1206 3.902 0.0 HA2 99 
   716 7.089 0.0 H 60 
   270 4.133 0.0 HA 25 
   1351 59.865 0.0 CA 111 
   832 55.752 0.0 CA 69 
   548 4.133 0.0 HA 47 
   787 175.329 0.0 C 66 
   1048 34.491 0.0 CB 86 
   64 53.841 0.0 CA 8 
   1101 3.198 0.0 HA 91 
   1144 1.93 0.0 HB2 94 
   841 0.635 0.0 HD13 70 
   1331 176.976 0.0 C 109 
   914 45.558 0.0 CA 76 
   448 19.58 0.0 CG2 39 
   429 21.782 0.0 CG1 38 
   359 6.794 0.0 HD2 32 
   1314 1.807 0.0 HG3 108 
   131 59.538 0.0 CA 14 
   299 56.06 0.0 CA 27 
   102 2.197 0.0 HG3 11 
   1226 3.979 0.0 HA 102 
   936 4.045 0.0 HA3 78 
   11 32.91 0.0 CB 3 
   788 57.206 0.0 CA 66 
   51 1.354 0.0 HB2 7 
   853 125.545 0.0 N 70 
   1242 8.089 0.0 H 103 
   168 16.963 0.0 CE 17 
   436 0.827 0.0 HD12 39 
   1209 45.495 0.0 CA 99 
   883 8.586 0.0 H 73 
   1045 2.116 0.0 HG3 86 
   786 2.098 0.0 HG3 66 
   844 0.118 0.0 HG21 70 
   1110 0.555 0.0 HG23 91 
   1347 7.888 0.0 H 111 
   471 7.087 0.0 HE1 41 
   808 23.38 0.0 CD2 67 
   127 4.342 0.0 HA 14 
   583 175.439 0.0 C 49 
   588 27.673 0.0 CG 49 
   1302 7.911 0.0 HE1 107 
   754 67.952 0.0 CB 63 
   1105 0.62 0.0 HD13 91 
   1246 7.018 0.0 HD1 103 
   771 1.946 0.0 HB2 65 
   81 1.659 0.0 HB2 10 
   599 1.166 0.0 HG3 50 
   700 0.928 0.0 HB3 58 
   180 36.33 0.0 CG 18 
   227 111.873 0.0 NE2 21 
   58 4.571 0.0 HA 8 
   76 29.741 0.0 CB 9 
   943 0.692 0.0 HG11 79 
   867 1.671 0.0 HB 72 
   1164 2.524 0.0 HG2 95 
   1194 2.763 0.0 HB3 98 
   569 32.524 0.0 CB 48 
   671 0.563 0.0 HD12 56 
   1320 8.467 0.0 H 109 
   530 3.252 0.0 HB2 45 
   1173 3.752 0.0 HA3 96 
   1159 119.88 0.0 N 94 
   368 117.341 0.0 CE2 32 
   301 26.22 0.0 CD1 27 
   555 174.209 0.0 C 47 
   1032 2.265 0.0 HB3 85 
   550 1.794 0.0 HB3 47 
   1036 57.064 0.0 CA 85 
   1012 4.131 0.0 HA 84 
   1311 3.315 0.0 HD2 108 
   336 60.933 0.0 CA 30 
   339 23.077 0.0 CG2 30 
   1145 1.482 0.0 HB3 94 
   882 129.755 0.0 N 72 
   1009 23.764 0.0 CG2 83 
   173 2.003 0.0 HB2 18 
   1300 1.173 0.0 HB3 107 
   108 8.113 0.0 H 12 
   1 4.425 0.0 HA 3 
   1184 1.434 0.0 HG3 97 
   767 49.993 0.0 CD 64 
   467 3.304 0.0 HB2 41 
   678 52.687 0.0 CA 56 
   866 4.208 0.0 HA 72 
   379 30.12 0.0 CB 33 
   314 32.647 0.0 CB 28 
   1326 1.06 0.0 HD13 109 
   124 18.835 0.0 CB 13 
   631 1.861 0.0 HG2 52 
   1162 2.044 0.0 HB2 95 
   1277 7.659 0.0 H 105 
   244 1.795 0.0 HB2 23 
   1338 8.637 0.0 H 110 
   213 26.891 0.0 CG 20 
   913 174.359 0.0 C 76 
   812 4.191 0.0 HA 68 
   428 35.509 0.0 CB 38 
   308 3.145 0.0 HD2 28 
   567 176.225 0.0 C 48 
   524 176.981 0.0 C 44 
   460 61.243 0.0 CA 40 
   1215 58.114 0.0 CA 100 
   982 38.413 0.0 CB 81 
   291 1.158 0.0 HB3 27 
   892 1.915 0.0 HB3 74 
   1060 4.191 0.0 HA 88 
   731 124.377 0.0 N 60 
   61 6.882 0.0 HD21 8 
   1341 1.398 0.0 HB2 110 
   651 4.702 0.0 HA 54 
   950 59.293 0.0 CA 79 
   702 54.433 0.0 CA 58 
   989 7.466 0.0 H 82 
   75 57.507 0.0 CA 9 
   1073 121.549 0.0 N 88 
   1243 4.036 0.0 HA 103 
   696 8.306 0.0 H 58 
   635 43.598 0.0 CD 52 
   560 121.275 0.0 N 47 
   708 -0.209 0.0 HG21 59 
   682 26.691 0.0 CG 56 
   191 177.964 0.0 C 19 
   805 53.307 0.0 CA 67 
   744 52.177 0.0 CA 62 
   1018 0.647 0.0 HD21 84 
   1169 36.454 0.0 CG 95 
   741 1.112 0.0 HB2 62 
   38 20.453 0.0 CG2 5 
   174 2.003 0.0 HB3 18 
   395 177.168 0.0 C 35 
   1111 177.553 0.0 C 91 
   290 1.67 0.0 HB2 27 
   357 2.697 0.0 HB3 32 
   288 9.148 0.0 H 27 
   568 54.347 0.0 CA 48 
   105 29.983 0.0 CB 11 
   67 112.954 0.0 ND2 8 
   508 0.797 0.0 HD21 43 
   809 25.235 0.0 CG 67 
   236 178.223 0.0 C 22 
   513 54.59 0.0 CA 43 
   1062 0.724 0.0 HG11 88 
   192 57.55 0.0 CA 19 
   6 2.037 0.0 HE3 3 
   1342 1.398 0.0 HB3 110 
   434 1.87 0.0 HB 39 
   523 1.364 0.0 HB3 44 
   1319 26.852 0.0 CG 108 
   358 6.794 0.0 HD1 32 
   1064 0.724 0.0 HG13 88 
   398 36.377 0.0 CG 35 
   1171 7.722 0.0 H 96 
   1011 6.473 0.0 H 84 
   70 1.998 0.0 HB2 9 
   399 121.527 0.0 N 35 
   509 0.797 0.0 HD22 43 
   377 1.378 0.0 HG3 33 
   1054 2.509 0.0 HB3 87 
   640 2.014 0.0 HB3 53 
   310 1.564 0.0 HG2 28 
   1161 4.384 0.0 HA 95 
   969 117.499 0.0 CE2 80 
   142 8.148 0.0 H 16 
   620 131.545 0.0 CD2 51 
   547 7.703 0.0 H 47 
   1345 19.28 0.0 CB 110 
   495 61.316 0.0 CA 42 
   861 54.724 0.0 CA 71 
   31 0.884 0.0 HG21 5 
   963 175.006 0.0 C 80 
   223 57.396 0.0 CA 21 
   778 36.644 0.0 CG 65 
   91 56.126 0.0 CA 10 
   450 8.934 0.0 H 40 
   1273 33.268 0.0 CB 104 
   539 8.1 0.0 H 46 
   1280 1.426 0.0 HB2 105 
   155 122.38 0.0 N 16 
   239 43.459 0.0 CD 22 
   988 126.963 0.0 N 81 
   670 0.563 0.0 HD11 56 
   630 3.332 0.0 HD3 52 
   587 23.991 0.0 CD2 49 
   850 14.445 0.0 CD1 70 
   1076 4.014 0.0 HB2 89 
   1348 4.214 0.0 HA 111 
   1035 175.01 0.0 C 85 
   849 42.252 0.0 CB 70 
   890 4.309 0.0 HA 74 
   272 3.847 0.0 HB3 25 
   1082 8.799 0.0 H 90 
   43 3.824 0.0 HB3 6 
   410 115.94 0.0 N 36 
   1203 29.125 0.0 CG 98 
   446 15.099 0.0 CD1 39 
   103 177.123 0.0 C 11 
   1192 3.921 0.0 HA 98 
   532 6.441 0.0 HD21 45 
   488 0.685 0.0 HD13 42 
   1336 27.041 0.0 CG 109 
   453 0.769 0.0 HG11 40 
   563 1.791 0.0 HB2 48 
   770 3.908 0.0 HA 65 
   1275 32.912 0.0 CG 104 
   1000 9.023 0.0 H 83 
   202 0.832 0.0 HD12 20 
   305 4.445 0.0 HA 28 
   872 0.696 0.0 HG13 72 
   912 3.67 0.0 HA3 76 
   178 58.414 0.0 CA 18 
   1257 124.8 0.0 CH2 103 
   1168 29.663 0.0 CB 95 
   537 114.155 0.0 N 45 
   1083 3.798 0.0 HA 90 
   1147 0.88 0.0 HD12 94 
   1318 50.22 0.0 CD 108 
   346 2.141 0.0 HG2 31 
   1189 27.707 0.0 CG 97 
   654 175.841 0.0 C 54 
   10 55.604 0.0 CA 3 
   28 0.883 0.0 HG11 5 
   667 4.636 0.0 HA 56 
   445 39.072 0.0 CB 39 
   1067 0.83 0.0 HG23 88 
   948 0.488 0.0 HG23 79 
   250 30.144 0.0 CB 23 
   133 114.553 0.0 N 14 
   122 178.794 0.0 C 13 
   1001 3.987 0.0 HA 83 
   549 1.794 0.0 HB2 47 
   347 2.215 0.0 HG3 31 
   29 0.883 0.0 HG12 5 
   321 3.555 0.0 HB3 29 
   1167 56.089 0.0 CA 95 
   199 1.86 0.0 HB2 20 
   161 2.001 0.0 HE2 17 
   627 2.135 0.0 HB2 52 
   100 1.977 0.0 HB3 11 
   1088 0.758 0.0 HD13 90 
   62 7.585 0.0 HD22 8 
   1200 56.621 0.0 CA 98 
   195 32.102 0.0 CG 19 
   677 175.248 0.0 C 56 
   1237 32.751 0.0 CB 102 
   1190 122.473 0.0 N 97 
   459 174.702 0.0 C 40 
   895 2.112 0.0 HG2 74 
   964 55.493 0.0 CA 80 
   320 3.731 0.0 HB2 29 
   276 113.556 0.0 N 25 
   282 1.162 0.0 HG23 26 
   315 43.794 0.0 CD 28 
   256 2.791 0.0 HB3 24 
   179 29.811 0.0 CB 18 
   417 6.622 0.0 H 38 
   1034 2.094 0.0 HG3 85 
   697 3.592 0.0 HA 58 
   615 7.149 0.0 HZ 51 
   426 173.629 0.0 C 38 
   281 1.162 0.0 HG22 26 
   388 62.613 0.0 CB 34 
   645 178.611 0.0 C 53 
   650 7.948 0.0 H 54 
   503 2.221 0.0 HB2 43 
   1229 1.65 0.0 HD2 102 
   92 42.02 0.0 CB 10 
   284 59.488 0.0 CA 26 
   400 7.08 0.0 H 36 
   945 0.692 0.0 HG13 79 
   712 59.886 0.0 CA 59 
   565 2.222 0.0 HG2 48 
   1103 0.62 0.0 HD11 91 
   557 30.762 0.0 CB 47 
   1163 2.236 0.0 HB3 95 
   1059 9.051 0.0 H 88 
   1134 1.465 0.0 HG 93 
   262 58.621 0.0 CA 24 
   405 2.086 0.0 HG3 36 
   233 3.132 0.0 HD3 22 
   538 106.735 0.0 ND2 45 
   372 1.712 0.0 HB2 33 
   1295 36.323 0.0 CG 106 
   521 1.364 0.0 HB1 44 
   752 1.15 0.0 HG23 63 
   114 53.207 0.0 CA 12 
   1289 1.513 0.0 HB3 106 
   1329 1.014 0.0 HD23 109 
   1052 5.547 0.0 HA 87 
   791 117.742 0.0 N 66 
   709 -0.209 0.0 HG22 59 
   1267 2.298 0.0 HE2 104 
   93 24.876 0.0 CD1 10 
   598 1.28 0.0 HG2 50 
   1224 17.772 0.0 CB 101 
   1113 37.084 0.0 CB 91 
   993 2.169 0.0 HG2 82 
   522 1.364 0.0 HB2 44 
   83 0.86 0.0 HD11 10 
   208 178.43 0.0 C 20 
   1297 7.064 0.0 H 107 
   373 1.546 0.0 HB3 33 
   623 129.351 0.0 CZ 51 
   902 7.893 0.0 H 75 
   1305 119.178 0.0 CD2 107 
   502 5.108 0.0 HA 43 
   109 4.201 0.0 HA 12 
   811 7.214 0.0 H 68 
   66 116.954 0.0 N 8 
   487 0.685 0.0 HD12 42 
   470 7.257 0.0 HD2 41 
   611 7.186 0.0 HD1 51 
   1125 3.727 0.0 HA 93 
   332 0.674 0.0 HG21 30 
   141 117.597 0.0 N 15 
   338 20.464 0.0 CG1 30 
   1180 1.643 0.0 HB3 97 
   978 6.86 0.0 HE2 81 
   458 0.737 0.0 HG23 40 
   201 0.832 0.0 HD11 20 
   370 8.36 0.0 H 33 
   551 3.179 0.0 HD2 47 
   672 0.563 0.0 HD13 56 
   546 111.628 0.0 N 46 
   865 9.013 0.0 H 72 
   483 9.051 0.0 H 42 
   1129 -0.102 0.0 HD12 93 
   136 3.912 0.0 HB2 15 
   1284 17.87 0.0 CB 105 
   838 1.325 0.0 HB 70 
   877 61.763 0.0 CA 72 
   341 8.341 0.0 H 31 
   800 0.36 0.0 HD21 67 
   271 4.022 0.0 HB2 25 
   1225 8.543 0.0 H 102 
   661 3.034 0.0 HB3 55 
   496 38.247 0.0 CB 42 
   442 0.365 0.0 HG23 39 
   634 28.313 0.0 CB 52 
   561 8.308 0.0 H 48 
   384 3.925 0.0 HB2 34 
   214 121.295 0.0 N 20 
   1268 2.298 0.0 HE3 104 
   802 0.36 0.0 HD23 67 
   1228 1.689 0.0 HB3 102 
   4 2.037 0.0 HE1 3 
   425 0.574 0.0 HG23 38 
   1201 31.248 0.0 CB 98 
   26 4.098 0.0 HA 5 
   572 9.364 0.0 H 49 
   676 1.245 0.0 HG 56 
   845 0.118 0.0 HG22 70 
   12 16.881 0.0 CE 3 
   789 29.542 0.0 CB 66 
   953 22.452 0.0 CG2 79 
   440 0.365 0.0 HG21 39 
   1339 4.335 0.0 HA 110 
   1212 4.419 0.0 HA 100 
   430 18.467 0.0 CG2 38 
   1179 1.643 0.0 HB2 97 
   745 20.267 0.0 CB 62 
   215 8.157 0.0 H 21 
   69 4.162 0.0 HA 9 
   815 3.22 0.0 HD2 68 
   392 1.95 0.0 HB3 35 
   104 57.085 0.0 CA 11 
   424 0.574 0.0 HG22 38 
   1057 44.193 0.0 CB 87 
   910 8.418 0.0 H 76 
   617 56.966 0.0 CA 51 
   1299 2.411 0.0 HB2 107 
   479 130.657 0.0 CE1 41 
   1116 17.114 0.0 CG2 91 
   1049 33.733 0.0 CG 86 
   929 42.125 0.0 CB 77 
   298 175.89 0.0 C 27 
   1142 8.317 0.0 H 94 
   733 3.771 0.0 HA2 61 
   703 20.052 0.0 CB 58 
   391 1.95 0.0 HB2 35 
   437 0.827 0.0 HD13 39 
   817 1.801 0.0 HG2 68 
   163 2.46 0.0 HG2 17 
   1176 107.323 0.0 N 96 
   1170 117.117 0.0 N 95 
   101 2.227 0.0 HG2 11 
   1028 116.818 0.0 N 84 
   184 2.117 0.0 HB2 19 
   89 1.587 0.0 HG 10 
   1292 174.911 0.0 C 106 
   642 4.012 0.0 HD3 53 
   242 7.95 0.0 H 23 
   206 0.854 0.0 HD23 20 
   84 0.86 0.0 HD12 10 
   1030 3.622 0.0 HA 85 
   1248 6.803 0.0 HE3 103 
   279 4.215 0.0 HB 26 
   1232 2.947 0.0 HE3 102 
   681 23.002 0.0 CD2 56 
   1235 177.978 0.0 C 102 
   937 170.501 0.0 C 78 
   504 1.708 0.0 HB3 43 
   939 109.48 0.0 N 78 
   553 1.653 0.0 HG2 47 
   621 131.675 0.0 CE1 51 
   1068 174.389 0.0 C 88 
   172 4.121 0.0 HA 18 
   1202 43.141 0.0 CD 98 
   1119 3.827 0.0 HA2 92 
   418 4.915 0.0 HA 38 
   1285 120.951 0.0 N 105 
   1058 121.904 0.0 N 87 
   511 1.668 0.0 HG 43 
   1183 1.544 0.0 HG2 97 
   378 54.137 0.0 CA 33 
   934 7.647 0.0 H 78 
   420 0.713 0.0 HG11 38 
   246 1.981 0.0 HG2 23 
   747 8.206 0.0 H 63 
   34 176.074 0.0 C 5 
   1290 2.19 0.0 HG2 106 
   1245 3.08 0.0 HB3 103 
   56 126.064 0.0 N 7 
   1253 62.775 0.0 CA 103 
   193 32.162 0.0 CB 19 
   181 119.875 0.0 N 18 
   22 29.994 0.0 CB 4 
   1025 25.665 0.0 CD1 84 
   632 1.861 0.0 HG3 52 
   1146 0.88 0.0 HD11 94 
   1092 1.466 0.0 HG 90 
   855 4.692 0.0 HA 71 
   750 1.15 0.0 HG21 63 
   1346 127.482 0.0 N 110 
   625 9.528 0.0 H 52 
   1124 7.615 0.0 H 93 
   194 17.023 0.0 CE 19 
   1321 4.315 0.0 HA 109 
   390 4.039 0.0 HA 35 
   432 9.458 0.0 H 39 
   47 119.949 0.0 N 6 
   714 19.939 0.0 CG2 59 
   212 23.311 0.0 CD2 20 
   140 63.455 0.0 CB 15 
   1154 57.332 0.0 CA 94 
   597 2.649 0.0 HE3 50 
   1102 1.437 0.0 HB 91 
   1324 1.06 0.0 HD11 109 
   13 31.901 0.0 CG 3 
   608 4.974 0.0 HA 51 
   1115 28.558 0.0 CG1 91 
   48 8.431 0.0 H 7 
   854 8.778 0.0 H 71 
   613 7.022 0.0 HE1 51 
   37 21.185 0.0 CG1 5 
   455 0.769 0.0 HG13 40 
   799 -0.04 0.0 HD13 67 
   544 56.917 0.0 CA 46 
   893 3.803 0.0 HD2 74 
   1335 24.143 0.0 CD2 109 
   584 53.785 0.0 CA 49 
   259 6.701 0.0 HE1 24 
   68 8.245 0.0 H 9 
   1017 0.451 0.0 HD13 84 
   86 0.81 0.0 HD21 10 
   738 8.104 0.0 H 62 
   285 72.209 0.0 CB 26 
   1197 1.615 0.0 HG2 98 
   143 4.203 0.0 HA 16 
   856 2.042 0.0 HB2 71 
   743 177.761 0.0 C 62 
   497 13.076 0.0 CD1 42 
   1099 129.702 0.0 N 90 
   1247 9.086 0.0 HE1 103 
   111 1.37 0.0 HB2 12 
   596 2.85 0.0 HE2 50 
   498 28.39 0.0 CG1 42 
   77 36.292 0.0 CG 9 
   966 133.192 0.0 CD1 80 
   1174 174.742 0.0 C 96 
   1255 127.212 0.0 CD1 103 
   657 111.513 0.0 N 54 
   187 2.03 0.0 HE2 19 
   758 2.241 0.0 HB2 64 
   528 7.355 0.0 H 45 
   974 2.775 0.0 HB3 81 
   389 9.379 0.0 H 35 
   312 176.07 0.0 C 28 
   1195 3.779 0.0 HD2 98 
   1227 1.826 0.0 HB2 102 
   931 23.53 0.0 CD2 77 
   652 2.966 0.0 HB2 54 
   1294 30.476 0.0 CB 106 
   1250 6.476 0.0 HZ2 103 
   402 2.002 0.0 HB2 36 
   313 56.669 0.0 CA 28 
   848 60.153 0.0 CA 70 
   783 1.925 0.0 HB3 66 
   153 43.249 0.0 CD 16 
   1251 6.685 0.0 HZ3 103 
   798 -0.04 0.0 HD12 67 
   452 1.871 0.0 HB 40 
   801 0.36 0.0 HD22 67 
   636 27.315 0.0 CG 52 
   344 1.8 0.0 HB3 31 
   724 178.019 0.0 C 60 
   210 42.252 0.0 CB 20 
   99 1.977 0.0 HB2 11 
   225 33.973 0.0 CG 21 
   748 4.522 0.0 HA 63 
   540 4.13 0.0 HA 46 
   137 3.912 0.0 HB3 15 
   1114 13.047 0.0 CD1 91 
   792 110.754 0.0 NE2 66 
   833 28.69 0.0 CB 69 
   1210 105.916 0.0 N 99 
   157 4.205 0.0 HA 17 
   340 122.775 0.0 N 30 
   985 130.512 0.0 CE1 81 
   1353 121.137 0.0 N 111 
   130 175.451 0.0 C 14 
   265 132.98 0.0 CD2 24 
   1014 1.467 0.0 HB3 84 
   1135 174.204 0.0 C 93 
   1252 181.021 0.0 C 103 
   1056 52.907 0.0 CA 87 
   409 36.871 0.0 CG 36 
   278 4.43 0.0 HA 26 
   793 7.132 0.0 H 67 
   921 0.842 0.0 HD12 77 
   529 4.564 0.0 HA 45 
   761 3.801 0.0 HD3 64 
   1296 114.241 0.0 N 106 
   607 8.847 0.0 H 51 
   874 1.167 0.0 HG22 72 
   734 3.361 0.0 HA3 61 
   1038 37.004 0.0 CG 85 
   1021 1.476 0.0 HG 84 
   995 178.206 0.0 C 82 
   1330 1.647 0.0 HG 109 
   1117 116.561 0.0 N 91 
   1218 4.02 0.0 HA 101 
   1222 181.335 0.0 C 101 
   112 1.37 0.0 HB3 12 
   675 0.1 0.0 HD23 56 
   160 2.001 0.0 HE1 17 
   252 119.302 0.0 N 23 
   644 1.601 0.0 HG3 53 
   666 7.22 0.0 H 56 
   41 4.402 0.0 HA 6 
   1220 1.459 0.0 HB2 101 
   356 2.875 0.0 HB2 32 
   566 1.94 0.0 HG3 48 
   1081 120.776 0.0 N 89 
   115 18.829 0.0 CB 12 
   408 32.757 0.0 CB 36 
   690 0.608 0.0 HG3 57 
   525 54.489 0.0 CA 44 
   49 4.212 0.0 HA 7 
   772 1.946 0.0 HB3 65 
   1256 118.379 0.0 CE3 103 
   1231 2.947 0.0 HE2 102 
   1029 7.848 0.0 H 85 
   316 26.623 0.0 CG 28 
   309 3.084 0.0 HD3 28 
   360 6.319 0.0 HE1 32 
   1298 4.435 0.0 HA 107 
   728 133.724 0.0 CD2 60 
   87 0.81 0.0 HD22 10 
   491 0.921 0.0 HG21 42 
   182 7.963 0.0 H 19 
   1333 42.849 0.0 CB 109 
   1008 68.085 0.0 CB 83 
   1040 6.636 0.0 H 86 
   600 175.125 0.0 C 50 
   277 7.753 0.0 H 26 
   1187 28.806 0.0 CB 97 
   40 8.389 0.0 H 6 
   955 8.83 0.0 H 80 
   411 7.908 0.0 H 37 
   755 21.938 0.0 CG2 63 
   1270 2.214 0.0 HG3 104 
   1104 0.62 0.0 HD12 91 
   96 121.828 0.0 N 10 
   726 37.813 0.0 CB 60 
   283 174.498 0.0 C 26 
   248 176.858 0.0 C 23 
   847 174.815 0.0 C 70 
   1260 121.319 0.0 N 103 
   1301 6.147 0.0 HD2 107 
   494 176.006 0.0 C 42 
   909 109.127 0.0 N 75 
   575 1.555 0.0 HB3 49 
   492 0.921 0.0 HG22 42 
   17 1.884 0.0 HB3 4 
   559 27.613 0.0 CG 47 
   1109 0.555 0.0 HG22 91 
   510 0.797 0.0 HD23 43 
   1334 24.954 0.0 CD1 109 
   1340 1.398 0.0 HB1 110 
   1096 23.032 0.0 CD1 90 
   629 3.283 0.0 HD2 52 
   581 0.789 0.0 HD23 49 
   423 0.574 0.0 HG21 38 
   1026 22.07 0.0 CD2 84 
   826 4.487 0.0 HA 69 
   406 176.435 0.0 C 36 
   689 1.708 0.0 HG2 57 
   589 125.107 0.0 N 49 
   200 1.476 0.0 HB3 20 
   507 0.893 0.0 HD13 43 
   1155 41.391 0.0 CB 94 
   185 2.046 0.0 HB3 19 
   751 1.15 0.0 HG22 63 
   775 178.76 0.0 C 65 
   1165 2.274 0.0 HG3 95 
   167 31.857 0.0 CB 17 
   1350 3.803 0.0 HB3 111 
   44 174.496 0.0 C 6 
   165 177.442 0.0 C 17 
   397 28.457 0.0 CB 35 
   1153 178.947 0.0 C 94 
   614 7.022 0.0 HE2 51 
   296 0.897 0.0 HD22 27 
   1137 41.703 0.0 CB 93 
   1027 26.393 0.0 CG 84 
   387 61.518 0.0 CA 34 
   1249 6.678 0.0 HH2 103 
   441 0.365 0.0 HG22 39 
   814 1.811 0.0 HB3 68 
   90 178.235 0.0 C 10 
   958 2.826 0.0 HB3 80 
   297 0.897 0.0 HD23 27 
   794 4.296 0.0 HA 67 
   354 9.231 0.0 H 32 
   749 4.537 0.0 HB 63 
   1204 125.256 0.0 N 98 
   721 7.329 0.0 HD2 60 
   1141 120.762 0.0 N 93 
   835 118.394 0.0 N 69 
   1258 114.304 0.0 CZ2 103 
   1024 42.208 0.0 CB 84 
   413 3.768 0.0 HA3 37 
   810 117.57 0.0 N 67 
   258 7.074 0.0 HD2 24 
   719 2.799 0.0 HB3 60 
   1100 7.464 0.0 H 91 
   590 8.188 0.0 H 50 
   699 0.928 0.0 HB2 58 
   243 4.083 0.0 HA 23 
   337 34.762 0.0 CB 30 
   33 0.884 0.0 HG23 5 
   769 8.522 0.0 H 65 
   505 0.893 0.0 HD11 43 
   1094 57.642 0.0 CA 90 
   1281 1.426 0.0 HB3 105 
   897 177.861 0.0 C 74 
   862 32.946 0.0 CB 71 
   852 18.6 0.0 CG2 70 
   263 38.578 0.0 CB 24 
   95 26.946 0.0 CG 10 
   891 2.382 0.0 HB2 74 
   514 42.395 0.0 CB 43 
   1312 3.044 0.0 HD3 108 
   476 39.031 0.0 CB 41 
   1307 117.066 0.0 N 107 
   19 2.199 0.0 HG3 4 
   968 117.499 0.0 CE1 80 
   94 23.445 0.0 CD2 10 
   556 57.292 0.0 CA 47 
   1216 64.391 0.0 CB 100 
   1196 3.595 0.0 HD3 98 
   1264 2.067 0.0 HB2 104 
   1205 7.684 0.0 H 99 
   230 1.794 0.0 HB2 22 
   825 7.852 0.0 H 69 
   237 57.61 0.0 CA 22 
   1046 174.095 0.0 C 86 
   292 0.75 0.0 HD11 27 
   21 56.669 0.0 CA 4 
   351 33.242 0.0 CG 31 
   753 58.845 0.0 CA 63 
   222 177.928 0.0 C 21 
   942 1.744 0.0 HB 79 
   132 63.477 0.0 CB 14 
   1217 116.809 0.0 N 100 
   926 1.474 0.0 HG 77 
   776 59.383 0.0 CA 65 
   831 174.904 0.0 C 69 
   224 28.59 0.0 CB 21 
   668 2.211 0.0 HB2 56 
   979 6.755 0.0 HZ 81 
   967 133.192 0.0 CD2 80 
   1007 65.351 0.0 CA 83 
   705 6.395 0.0 H 59 
   1193 1.534 0.0 HB2 98 
   639 2.014 0.0 HB2 53 
   317 123.653 0.0 N 28 
   586 25.513 0.0 CD1 49 
   1131 0.068 0.0 HD21 93 
   79 8.06 0.0 H 10 
   673 0.1 0.0 HD21 56 
   658 8.201 0.0 H 55 
   85 0.86 0.0 HD13 10 
   74 177.247 0.0 C 9 
   878 38.256 0.0 CB 72 
   1087 0.758 0.0 HD12 90 
   1149 0.839 0.0 HD21 94 
   443 174.355 0.0 C 39 
   186 2.03 0.0 HE1 19 
   879 13.45 0.0 CD1 72 
   763 1.792 0.0 HG3 64 
   603 29.631 0.0 CD 50 
   730 118.264 0.0 CE2 60 
   1344 52.539 0.0 CA 110 
   922 0.842 0.0 HD13 77 
   535 52.068 0.0 CA 45 
   1106 1.169 0.0 HG12 91 
   756 111.934 0.0 N 63 
   868 0.687 0.0 HD11 72 
   25 8.177 0.0 H 5 
   896 2.031 0.0 HG3 74 
