   53 178.059 0.0 C 7 
   902 7.893 0.0 H 75 
   346 2.141 0.0 HG2 31 
   705 6.395 0.0 H 59 
   405 2.086 0.0 HG3 36 
   452 1.871 0.0 HB 40 
   925 0.824 0.0 HD23 77 
   1164 2.524 0.0 HG2 95 
   1137 41.703 0.0 CB 93 
   586 25.513 0.0 CD1 49 
   449 122.144 0.0 N 39 
   25 8.177 0.0 H 5 
   74 177.247 0.0 C 9 
   896 2.031 0.0 HG3 74 
   836 7.957 0.0 H 70 
   232 3.132 0.0 HD2 22 
   164 2.52 0.0 HG3 17 
   1194 2.763 0.0 HB3 98 
   129 3.873 0.0 HB3 14 
   898 65.658 0.0 CA 74 
   1311 3.315 0.0 HD2 108 
   280 1.162 0.0 HG21 26 
   840 0.635 0.0 HD12 70 
   24 122.855 0.0 N 4 
   441 0.365 0.0 HG22 39 
   1286 6.969 0.0 H 106 
   1007 65.351 0.0 CA 83 
   1128 -0.102 0.0 HD11 93 
   380 43.753 0.0 CD 33 
   75 57.507 0.0 CA 9 
   963 175.006 0.0 C 80 
   598 1.28 0.0 HG2 50 
   158 2.044 0.0 HB2 17 
   1079 56.08 0.0 CA 89 
   928 54.378 0.0 CA 77 
   351 33.242 0.0 CG 31 
   1122 47.672 0.0 CA 92 
   141 117.597 0.0 N 15 
   72 2.204 0.0 HG2 9 
   750 1.15 0.0 HG21 63 
   1106 1.169 0.0 HG12 91 
   446 15.099 0.0 CD1 39 
   959 6.868 0.0 HD1 80 
   215 8.157 0.0 H 21 
   478 132.608 0.0 CD2 41 
   730 118.264 0.0 CE2 60 
   322 171.729 0.0 C 29 
   848 60.153 0.0 CA 70 
   1338 8.637 0.0 H 110 
   784 7.328 0.0 HE21 66 
   1070 35.256 0.0 CB 88 
   190 2.638 0.0 HG3 19 
   897 177.861 0.0 C 74 
   456 0.737 0.0 HG21 40 
   1123 103.835 0.0 N 92 
   1336 27.041 0.0 CG 109 
   1043 1.238 0.0 HB3 86 
   617 56.966 0.0 CA 51 
   815 3.22 0.0 HD2 68 
   294 0.75 0.0 HD13 27 
   852 18.6 0.0 CG2 70 
   516 24.929 0.0 CD2 43 
   183 4.2 0.0 HA 19 
   517 28.618 0.0 CG 43 
   541 3.176 0.0 HB2 46 
   116 124.06 0.0 N 12 
   1217 116.809 0.0 N 100 
   427 58.127 0.0 CA 38 
   84 0.86 0.0 HD12 10 
   47 119.949 0.0 N 6 
   457 0.737 0.0 HG22 40 
   527 122.697 0.0 N 44 
   52 1.354 0.0 HB3 7 
   42 3.879 0.0 HB2 6 
   1307 117.066 0.0 N 107 
   826 4.487 0.0 HA 69 
   1019 0.647 0.0 HD22 84 
   93 24.876 0.0 CD1 10 
   1055 175.722 0.0 C 87 
   140 63.455 0.0 CB 15 
   1154 57.332 0.0 CA 94 
   576 0.712 0.0 HD11 49 
   289 4.249 0.0 HA 27 
   569 32.524 0.0 CB 48 
   1210 105.916 0.0 N 99 
   1143 4.015 0.0 HA 94 
   175 2.198 0.0 HG2 18 
   261 175.685 0.0 C 24 
   974 2.775 0.0 HB3 81 
   700 0.928 0.0 HB3 58 
   146 3.165 0.0 HD2 16 
   971 8.68 0.0 H 81 
   1226 3.979 0.0 HA 102 
   476 39.031 0.0 CB 41 
   1093 177.109 0.0 C 90 
   82 1.543 0.0 HB3 10 
   123 53.303 0.0 CA 13 
   596 2.85 0.0 HE2 50 
   1233 1.398 0.0 HG2 102 
   1179 1.643 0.0 HB2 97 
   464 126.626 0.0 N 40 
   944 0.692 0.0 HG12 79 
   361 6.319 0.0 HE2 32 
   1278 3.948 0.0 HA 105 
   1005 1.317 0.0 HG23 83 
   1020 0.647 0.0 HD23 84 
   670 0.563 0.0 HD11 56 
   832 55.752 0.0 CA 69 
   415 46.016 0.0 CA 37 
   448 19.58 0.0 CG2 39 
   424 0.574 0.0 HG22 38 
   8 2.492 0.0 HG3 3 
   480 130.657 0.0 CE2 41 
   336 60.933 0.0 CA 30 
   284 59.488 0.0 CA 26 
   1200 56.621 0.0 CA 98 
   122 178.794 0.0 C 13 
   1068 174.389 0.0 C 88 
   787 175.329 0.0 C 66 
   56 126.064 0.0 N 7 
   942 1.744 0.0 HB 79 
   1177 8.717 0.0 H 97 
   1246 7.018 0.0 HD1 103 
   1187 28.806 0.0 CB 97 
   317 123.653 0.0 N 28 
   374 3.051 0.0 HD2 33 
   1033 2.205 0.0 HG2 85 
   542 2.79 0.0 HB3 46 
   195 32.102 0.0 CG 19 
   435 0.827 0.0 HD11 39 
   803 1.287 0.0 HG 67 
   546 111.628 0.0 N 46 
   1099 129.702 0.0 N 90 
   618 43.776 0.0 CB 51 
   1243 4.036 0.0 HA 103 
   625 9.528 0.0 H 52 
   1209 45.495 0.0 CA 99 
   679 42.559 0.0 CB 56 
   742 1.112 0.0 HB3 62 
   695 109.665 0.0 NE2 57 
   1045 2.116 0.0 HG3 86 
   1129 -0.102 0.0 HD12 93 
   736 45.0 0.0 CA 61 
   1320 8.467 0.0 H 109 
   182 7.963 0.0 H 19 
   880 28.809 0.0 CG1 72 
   1175 45.733 0.0 CA 96 
   327 4.941 0.0 HA 30 
   1216 64.391 0.0 CB 100 
   686 1.24 0.0 HB2 57 
   108 8.113 0.0 H 12 
   691 59.107 0.0 CA 57 
   383 3.616 0.0 HA 34 
   431 105.549 0.0 N 38 
   1173 3.752 0.0 HA3 96 
   416 108.087 0.0 N 37 
   1139 22.143 0.0 CD2 93 
   850 14.445 0.0 CD1 70 
   924 0.824 0.0 HD22 77 
   171 8.19 0.0 H 18 
   1189 27.707 0.0 CG 97 
   1289 1.513 0.0 HB3 106 
   350 32.865 0.0 CB 31 
   763 1.792 0.0 HG3 64 
   753 58.845 0.0 CA 63 
   26 4.098 0.0 HA 5 
   794 4.296 0.0 HA 67 
   778 36.644 0.0 CG 65 
   1076 4.014 0.0 HB2 89 
   1063 0.724 0.0 HG12 88 
   1159 119.88 0.0 N 94 
   386 176.483 0.0 C 34 
   732 8.751 0.0 H 61 
   1319 26.852 0.0 CG 108 
   362 174.519 0.0 C 32 
   258 7.074 0.0 HD2 24 
   946 0.488 0.0 HG21 79 
   774 2.196 0.0 HG3 65 
   882 129.755 0.0 N 72 
   309 3.084 0.0 HD3 28 
   1041 4.768 0.0 HA 86 
   186 2.03 0.0 HE1 19 
   1225 8.543 0.0 H 102 
   630 3.332 0.0 HD3 52 
   1133 0.068 0.0 HD23 93 
   547 7.703 0.0 H 47 
   1096 23.032 0.0 CD1 90 
   820 58.094 0.0 CA 68 
   506 0.893 0.0 HD12 43 
   1161 4.384 0.0 HA 95 
   666 7.22 0.0 H 56 
   1165 2.274 0.0 HG3 95 
   1152 1.717 0.0 HG 94 
   895 2.112 0.0 HG2 74 
   599 1.166 0.0 HG3 50 
   95 26.946 0.0 CG 10 
   1310 1.86 0.0 HB3 108 
   892 1.915 0.0 HB3 74 
   1314 1.807 0.0 HG3 108 
   217 2.12 0.0 HB2 21 
   1002 4.209 0.0 HB 83 
   935 4.601 0.0 HA2 78 
   94 23.445 0.0 CD2 10 
   768 28.234 0.0 CG 64 
   771 1.946 0.0 HB2 65 
   559 27.613 0.0 CG 47 
   727 133.724 0.0 CD1 60 
   291 1.158 0.0 HB3 27 
   303 119.999 0.0 N 27 
   55 19.004 0.0 CB 7 
   463 21.935 0.0 CG2 40 
   328 1.586 0.0 HB 30 
   553 1.653 0.0 HG2 47 
   680 24.042 0.0 CD1 56 
   208 178.43 0.0 C 20 
   937 170.501 0.0 C 78 
   33 0.884 0.0 HG23 5 
   1105 0.62 0.0 HD13 91 
   401 4.289 0.0 HA 36 
   1015 0.451 0.0 HD11 84 
   1014 1.467 0.0 HB3 84 
   906 175.703 0.0 C 75 
   1008 68.085 0.0 CB 83 
   1050 114.682 0.0 N 86 
   79 8.06 0.0 H 10 
   117 8.142 0.0 H 13 
   1295 36.323 0.0 CG 106 
   762 2.185 0.0 HG2 64 
   1160 7.738 0.0 H 95 
   370 8.36 0.0 H 33 
   467 3.304 0.0 HB2 41 
   397 28.457 0.0 CB 35 
   77 36.292 0.0 CG 9 
   645 178.611 0.0 C 53 
   1065 0.83 0.0 HG21 88 
   474 174.17 0.0 C 41 
   1205 7.684 0.0 H 99 
   63 175.868 0.0 C 8 
   145 1.84 0.0 HB3 16 
   917 4.552 0.0 HA 77 
   1334 24.954 0.0 CD1 109 
   501 9.031 0.0 H 43 
   660 3.288 0.0 HB2 55 
   807 25.787 0.0 CD1 67 
   854 8.778 0.0 H 71 
   124 18.835 0.0 CB 13 
   89 1.587 0.0 HG 10 
   610 2.552 0.0 HB3 51 
   1260 121.319 0.0 N 103 
   767 49.993 0.0 CD 64 
   713 68.111 0.0 CB 59 
   505 0.893 0.0 HD11 43 
   364 38.922 0.0 CB 32 
   1151 0.839 0.0 HD23 94 
   314 32.647 0.0 CB 28 
   789 29.542 0.0 CB 66 
   210 42.252 0.0 CB 20 
   624 119.432 0.0 N 51 
   813 1.901 0.0 HB2 68 
   752 1.15 0.0 HG23 63 
   941 4.752 0.0 HA 79 
   862 32.946 0.0 CB 71 
   61 6.882 0.0 HD21 8 
   243 4.083 0.0 HA 23 
   702 54.433 0.0 CA 58 
   40 8.389 0.0 H 6 
   502 5.108 0.0 HA 43 
   6 2.037 0.0 HE3 3 
   193 32.162 0.0 CB 19 
   15 4.276 0.0 HA 4 
   614 7.022 0.0 HE2 51 
   438 1.863 0.0 HG12 39 
   342 4.566 0.0 HA 31 
   867 1.671 0.0 HB 72 
   765 65.999 0.0 CA 64 
   17 1.884 0.0 HB3 4 
   874 1.167 0.0 HG22 72 
   411 7.908 0.0 H 37 
   993 2.169 0.0 HG2 82 
   682 26.691 0.0 CG 56 
   655 55.185 0.0 CA 54 
   1328 1.014 0.0 HD22 109 
   256 2.791 0.0 HB3 24 
   1032 2.265 0.0 HB3 85 
   85 0.86 0.0 HD13 10 
   825 7.852 0.0 H 69 
   1351 59.865 0.0 CA 111 
   395 177.168 0.0 C 35 
   37 21.185 0.0 CG1 5 
   878 38.256 0.0 CB 72 
   822 43.453 0.0 CD 68 
   1142 8.317 0.0 H 94 
   926 1.474 0.0 HG 77 
   1148 0.88 0.0 HD13 94 
   863 35.813 0.0 CG 71 
   687 0.068 0.0 HB3 57 
   57 8.312 0.0 H 8 
   343 1.96 0.0 HB2 31 
   240 27.348 0.0 CG 22 
   899 31.733 0.0 CB 74 
   960 6.868 0.0 HD2 80 
   387 61.518 0.0 CA 34 
   851 26.419 0.0 CG1 70 
   500 123.192 0.0 N 42 
   1268 2.298 0.0 HE3 104 
   718 3.132 0.0 HB2 60 
   890 4.309 0.0 HA 74 
   31 0.884 0.0 HG21 5 
   21 56.669 0.0 CA 4 
   486 0.685 0.0 HD11 42 
   144 1.84 0.0 HB2 16 
   2 2.029 0.0 HB2 3 
   1223 56.234 0.0 CA 101 
   1272 60.65 0.0 CA 104 
   1080 64.469 0.0 CB 89 
   1166 176.559 0.0 C 95 
   1085 1.073 0.0 HB3 90 
   143 4.203 0.0 HA 16 
   353 111.73 0.0 NE2 31 
   1317 32.352 0.0 CB 108 
   1321 4.315 0.0 HA 109 
   135 4.394 0.0 HA 15 
   755 21.938 0.0 CG2 63 
   949 171.397 0.0 C 79 
   703 20.052 0.0 CB 58 
   520 3.968 0.0 HA 44 
   697 3.592 0.0 HA 58 
   115 18.829 0.0 CB 12 
   304 9.619 0.0 H 28 
   556 57.292 0.0 CA 47 
   621 131.675 0.0 CE1 51 
   1230 1.624 0.0 HD3 102 
   544 56.917 0.0 CA 46 
   323 57.62 0.0 CA 29 
   307 1.446 0.0 HB3 28 
   384 3.925 0.0 HB2 34 
   908 64.358 0.0 CB 75 
   242 7.95 0.0 H 23 
   976 6.984 0.0 HD2 81 
   611 7.186 0.0 HD1 51 
   87 0.81 0.0 HD22 10 
   1280 1.426 0.0 HB2 105 
   402 2.002 0.0 HB2 36 
   522 1.364 0.0 HB2 44 
   496 38.247 0.0 CB 42 
   999 124.087 0.0 N 82 
   699 0.928 0.0 HB2 58 
   605 26.043 0.0 CG 50 
   772 1.946 0.0 HB3 65 
   798 -0.04 0.0 HD12 67 
   106 36.09 0.0 CG 11 
   973 3.113 0.0 HB2 81 
   142 8.148 0.0 H 16 
   16 1.968 0.0 HB2 4 
   901 27.83 0.0 CG 74 
   277 7.753 0.0 H 26 
   1103 0.62 0.0 HD11 91 
   1292 174.911 0.0 C 106 
   1293 55.883 0.0 CA 106 
   609 3.28 0.0 HB2 51 
   1325 1.06 0.0 HD12 109 
   410 115.94 0.0 N 36 
   685 2.151 0.0 HA 57 
   790 34.742 0.0 CG 66 
   490 0.882 0.0 HG13 42 
   97 8.147 0.0 H 11 
   1186 55.877 0.0 CA 97 
   418 4.915 0.0 HA 38 
   891 2.382 0.0 HB2 74 
   980 176.311 0.0 C 81 
   157 4.205 0.0 HA 17 
   712 59.886 0.0 CA 59 
   1290 2.19 0.0 HG2 106 
   481 128.301 0.0 CZ 41 
   360 6.319 0.0 HE1 32 
   223 57.396 0.0 CA 21 
   970 126.853 0.0 N 80 
   608 4.974 0.0 HA 51 
   795 1.403 0.0 HB2 67 
   1078 175.634 0.0 C 89 
   1017 0.451 0.0 HD13 84 
   344 1.8 0.0 HB3 31 
   757 3.427 0.0 HA 64 
   1231 2.947 0.0 HE2 102 
   166 57.361 0.0 CA 17 
   13 31.901 0.0 CG 3 
   739 4.298 0.0 HA 62 
   606 121.409 0.0 N 50 
   947 0.488 0.0 HG22 79 
   311 1.421 0.0 HG3 28 
   62 7.585 0.0 HD22 8 
   86 0.81 0.0 HD21 10 
   1162 2.044 0.0 HB2 95 
   1302 7.911 0.0 HE1 107 
   1318 50.22 0.0 CD 108 
   241 119.729 0.0 N 22 
   1000 9.023 0.0 H 83 
   483 9.051 0.0 H 42 
   396 59.18 0.0 CA 35 
   403 1.619 0.0 HB3 36 
   758 2.241 0.0 HB2 64 
   1181 3.087 0.0 HD2 97 
   967 133.192 0.0 CD2 80 
   247 1.908 0.0 HG3 23 
   1331 176.976 0.0 C 109 
   651 4.702 0.0 HA 54 
   1084 1.612 0.0 HB2 90 
   443 174.355 0.0 C 39 
   1192 3.921 0.0 HA 98 
   539 8.1 0.0 H 46 
   835 118.394 0.0 N 69 
   188 2.03 0.0 HE3 19 
   1036 57.064 0.0 CA 85 
   786 2.098 0.0 HG3 66 
   819 177.1 0.0 C 68 
   828 1.967 0.0 HB3 69 
   990 3.582 0.0 HA 82 
   69 4.162 0.0 HA 9 
   1127 1.079 0.0 HB3 93 
   67 112.954 0.0 ND2 8 
   919 1.608 0.0 HB3 77 
   91 56.126 0.0 CA 10 
   809 25.235 0.0 CG 67 
   922 0.842 0.0 HD13 77 
   246 1.981 0.0 HG2 23 
   301 26.22 0.0 CD1 27 
   230 1.794 0.0 HB2 22 
   1220 1.459 0.0 HB2 101 
   1347 7.888 0.0 H 111 
   471 7.087 0.0 HE1 41 
   776 59.383 0.0 CA 65 
   709 -0.209 0.0 HG22 59 
   198 4.193 0.0 HA 20 
   339 23.077 0.0 CG2 30 
   1352 64.896 0.0 CB 111 
   1254 29.069 0.0 CB 103 
   229 4.086 0.0 HA 22 
   587 23.991 0.0 CD2 49 
   706 3.734 0.0 HA 59 
   1219 1.459 0.0 HB1 101 
   48 8.431 0.0 H 7 
   1082 8.799 0.0 H 90 
   169 32.011 0.0 CG 17 
   857 2.042 0.0 HB3 71 
   694 124.612 0.0 N 57 
   788 57.206 0.0 CA 66 
   46 64.02 0.0 CB 6 
   1087 0.758 0.0 HD12 90 
   222 177.928 0.0 C 21 
   615 7.149 0.0 HZ 51 
   473 6.866 0.0 HZ 41 
   265 132.98 0.0 CD2 24 
   1234 1.301 0.0 HG3 102 
   66 116.954 0.0 N 8 
   806 41.98 0.0 CB 67 
   199 1.86 0.0 HB2 20 
   600 175.125 0.0 C 50 
   295 0.897 0.0 HD21 27 
   777 28.454 0.0 CB 65 
   958 2.826 0.0 HB3 80 
   508 0.797 0.0 HD21 43 
   1163 2.236 0.0 HB3 95 
   975 6.984 0.0 HD1 81 
   458 0.737 0.0 HG23 40 
   741 1.112 0.0 HB2 62 
   356 2.875 0.0 HB2 32 
   659 4.94 0.0 HA 55 
   839 0.635 0.0 HD11 70 
   1119 3.827 0.0 HA2 92 
   50 1.354 0.0 HB1 7 
   300 43.838 0.0 CB 27 
   378 54.137 0.0 CA 33 
   408 32.757 0.0 CB 36 
   513 54.59 0.0 CA 43 
   409 36.871 0.0 CG 36 
   1273 33.268 0.0 CB 104 
   134 8.205 0.0 H 15 
   514 42.395 0.0 CB 43 
   689 1.708 0.0 HG2 57 
   398 36.377 0.0 CG 35 
   858 2.203 0.0 HG2 71 
   879 13.45 0.0 CD1 72 
   562 5.281 0.0 HA 48 
   1003 1.317 0.0 HG21 83 
   1308 4.342 0.0 HA 108 
   503 2.221 0.0 HB2 43 
   1075 4.745 0.0 HA 89 
   640 2.014 0.0 HB3 53 
   875 1.167 0.0 HG23 72 
   285 72.209 0.0 CB 26 
   326 8.245 0.0 H 30 
   748 4.522 0.0 HA 63 
   688 7.208 0.0 HE21 57 
   1057 44.193 0.0 CB 87 
   462 21.236 0.0 CG1 40 
   550 1.794 0.0 HB3 47 
   1118 7.314 0.0 H 92 
   918 1.608 0.0 HB2 77 
   864 126.24 0.0 N 71 
   253 8.087 0.0 H 24 
   869 0.687 0.0 HD12 72 
   499 17.509 0.0 CG2 42 
   1333 42.849 0.0 CB 109 
   1222 181.335 0.0 C 101 
   524 176.981 0.0 C 44 
   305 4.445 0.0 HA 28 
   1247 9.086 0.0 HE1 103 
   329 0.252 0.0 HG11 30 
   868 0.687 0.0 HD11 72 
   432 9.458 0.0 H 39 
   672 0.563 0.0 HD13 56 
   633 55.616 0.0 CA 52 
   714 19.939 0.0 CG2 59 
   613 7.022 0.0 HE1 51 
   321 3.555 0.0 HB3 29 
   1271 178.325 0.0 C 104 
   148 1.556 0.0 HG2 16 
   275 64.876 0.0 CB 25 
   1264 2.067 0.0 HB2 104 
   838 1.325 0.0 HB 70 
   1146 0.88 0.0 HD11 94 
   11 32.91 0.0 CB 3 
   38 20.453 0.0 CG2 5 
   1102 1.437 0.0 HB 91 
   270 4.133 0.0 HA 25 
   554 1.442 0.0 HG3 47 
   1130 -0.102 0.0 HD13 93 
   1081 120.776 0.0 N 89 
   1117 116.561 0.0 N 91 
   834 35.395 0.0 CG 69 
   1315 176.899 0.0 C 108 
   538 106.735 0.0 ND2 45 
   751 1.15 0.0 HG22 63 
   760 3.713 0.0 HD2 64 
   677 175.248 0.0 C 56 
   1047 54.406 0.0 CA 86 
   1339 4.335 0.0 HA 110 
   308 3.145 0.0 HD2 28 
   583 175.439 0.0 C 49 
   64 53.841 0.0 CA 8 
   847 174.815 0.0 C 70 
   400 7.08 0.0 H 36 
   32 0.884 0.0 HG22 5 
   1098 26.895 0.0 CG 90 
   965 41.026 0.0 CB 80 
   267 118.071 0.0 CE2 24 
   1124 7.615 0.0 H 93 
   981 57.116 0.0 CA 81 
   312 176.07 0.0 C 28 
   929 42.125 0.0 CB 77 
   827 1.967 0.0 HB2 69 
   936 4.045 0.0 HA3 78 
   252 119.302 0.0 N 23 
   41 4.402 0.0 HA 6 
   437 0.827 0.0 HD13 39 
   297 0.897 0.0 HD23 27 
   127 4.342 0.0 HA 14 
   779 114.841 0.0 N 65 
   1169 36.454 0.0 CG 95 
   797 -0.04 0.0 HD11 67 
   805 53.307 0.0 CA 67 
   425 0.574 0.0 HG23 38 
   1240 24.762 0.0 CG 102 
   1213 4.108 0.0 HB2 100 
   745 20.267 0.0 CB 62 
   504 1.708 0.0 HB3 43 
   1066 0.83 0.0 HG22 88 
   279 4.215 0.0 HB 26 
   200 1.476 0.0 HB3 20 
   363 57.485 0.0 CA 32 
   921 0.842 0.0 HD12 77 
   1167 56.089 0.0 CA 95 
   319 4.528 0.0 HA 29 
   1125 3.727 0.0 HA 93 
   907 58.685 0.0 CA 75 
   1297 7.064 0.0 H 107 
   649 28.552 0.0 CG 53 
   698 0.928 0.0 HB1 58 
   519 9.087 0.0 H 44 
   472 7.087 0.0 HE2 41 
   934 7.647 0.0 H 78 
   644 1.601 0.0 HG3 53 
   1188 43.281 0.0 CD 97 
   650 7.948 0.0 H 54 
   1206 3.902 0.0 HA2 99 
   488 0.685 0.0 HD13 42 
   152 30.165 0.0 CB 16 
   30 0.883 0.0 HG13 5 
   1229 1.65 0.0 HD2 102 
   310 1.564 0.0 HG2 28 
   107 120.956 0.0 N 11 
   373 1.546 0.0 HB3 33 
   391 1.95 0.0 HB2 35 
   333 0.674 0.0 HG22 30 
   548 4.133 0.0 HA 47 
   495 61.316 0.0 CA 42 
   701 177.612 0.0 C 58 
   643 2.087 0.0 HG2 53 
   717 4.115 0.0 HA 60 
   1171 7.722 0.0 H 96 
   916 7.499 0.0 H 77 
   406 176.435 0.0 C 36 
   439 0.821 0.0 HG13 39 
   1028 116.818 0.0 N 84 
   379 30.12 0.0 CB 33 
   572 9.364 0.0 H 49 
   555 174.209 0.0 C 47 
   27 2.016 0.0 HB 5 
   523 1.364 0.0 HB3 44 
   355 4.887 0.0 HA 32 
   58 4.571 0.0 HA 8 
   664 42.87 0.0 CB 55 
   707 3.962 0.0 HB 59 
   1284 17.87 0.0 CB 105 
   1250 6.476 0.0 HZ2 103 
   1059 9.051 0.0 H 88 
   113 178.397 0.0 C 12 
   663 55.404 0.0 CA 55 
   1114 13.047 0.0 CD1 91 
   292 0.75 0.0 HD11 27 
   469 7.257 0.0 HD1 41 
   531 2.661 0.0 HB3 45 
   1121 176.157 0.0 C 92 
   274 58.413 0.0 CA 25 
   366 133.168 0.0 CD2 32 
   90 178.235 0.0 C 10 
   804 174.721 0.0 C 67 
   160 2.001 0.0 HE1 17 
   100 1.977 0.0 HB3 11 
   721 7.329 0.0 HD2 60 
   766 31.923 0.0 CB 64 
   1054 2.509 0.0 HB3 87 
   1263 3.644 0.0 HA 104 
   251 35.763 0.0 CG 23 
   530 3.252 0.0 HB2 45 
   567 176.225 0.0 C 48 
   985 130.512 0.0 CE1 81 
   884 4.521 0.0 HA 73 
   710 -0.209 0.0 HG23 59 
   622 131.675 0.0 CE2 51 
   893 3.803 0.0 HD2 74 
   7 2.532 0.0 HG2 3 
   979 6.755 0.0 HZ 81 
   1236 59.169 0.0 CA 102 
   20 176.331 0.0 C 4 
   923 0.824 0.0 HD21 77 
   260 6.701 0.0 HE2 24 
   855 4.692 0.0 HA 71 
   996 59.66 0.0 CA 82 
   619 131.545 0.0 CD1 51 
   1335 24.143 0.0 CD2 109 
   19 2.199 0.0 HG3 4 
   912 3.67 0.0 HA3 76 
   574 1.727 0.0 HB2 49 
   43 3.824 0.0 HB3 6 
   249 57.172 0.0 CA 23 
   1326 1.06 0.0 HD13 109 
   470 7.257 0.0 HD2 41 
   507 0.893 0.0 HD13 43 
   423 0.574 0.0 HG21 38 
   627 2.135 0.0 HB2 52 
   545 39.065 0.0 CB 46 
   518 128.415 0.0 N 43 
   392 1.95 0.0 HB3 35 
   136 3.912 0.0 HB2 15 
   137 3.912 0.0 HB3 15 
   420 0.713 0.0 HG11 38 
   245 1.795 0.0 HB3 23 
   4 2.037 0.0 HE1 3 
   943 0.692 0.0 HG11 79 
   549 1.794 0.0 HB2 47 
   1337 122.868 0.0 N 109 
   1097 26.006 0.0 CD2 90 
   561 8.308 0.0 H 48 
   669 1.046 0.0 HB3 56 
   1056 52.907 0.0 CA 87 
   1208 171.528 0.0 C 99 
   733 3.771 0.0 HA2 61 
   1062 0.724 0.0 HG11 88 
   728 133.724 0.0 CD2 60 
   1061 1.943 0.0 HB 88 
   399 121.527 0.0 N 35 
   1275 32.912 0.0 CG 104 
   780 7.728 0.0 H 66 
   138 175.478 0.0 C 15 
   450 8.934 0.0 H 40 
   1300 1.173 0.0 HB3 107 
   255 2.895 0.0 HB2 24 
   1004 1.317 0.0 HG22 83 
   512 178.81 0.0 C 43 
   810 117.57 0.0 N 67 
   1135 174.204 0.0 C 93 
   886 3.722 0.0 HB3 73 
   904 3.917 0.0 HB2 75 
   1353 121.137 0.0 N 111 
   1193 1.534 0.0 HB2 98 
   216 4.037 0.0 HA 21 
   23 36.128 0.0 CG 4 
   652 2.966 0.0 HB2 54 
   1276 117.096 0.0 N 104 
   12 16.881 0.0 CE 3 
   558 43.885 0.0 CD 47 
   802 0.36 0.0 HD23 67 
   1306 134.424 0.0 CE1 107 
   631 1.861 0.0 HG2 52 
   648 49.824 0.0 CD 53 
   250 30.144 0.0 CB 23 
   430 18.467 0.0 CG2 38 
   1 4.425 0.0 HA 3 
   887 57.766 0.0 CA 73 
   564 1.672 0.0 HB3 48 
   102 2.197 0.0 HG3 11 
   675 0.1 0.0 HD23 56 
   176 2.198 0.0 HG3 18 
   203 0.832 0.0 HD13 20 
   785 2.378 0.0 HG2 66 
   994 2.169 0.0 HG3 82 
   724 178.019 0.0 C 60 
   170 119.345 0.0 N 17 
   262 58.621 0.0 CA 24 
   1031 2.094 0.0 HB2 85 
   734 3.361 0.0 HA3 61 
   187 2.03 0.0 HE2 19 
   1156 26.8 0.0 CD1 94 
   735 174.325 0.0 C 61 
   1072 22.104 0.0 CG2 88 
   1199 175.018 0.0 C 98 
   352 122.553 0.0 N 31 
   455 0.769 0.0 HG13 40 
   29 0.883 0.0 HG12 5 
   641 3.873 0.0 HD2 53 
   133 114.553 0.0 N 14 
   961 6.559 0.0 HE1 80 
   1026 22.07 0.0 CD2 84 
   268 118.678 0.0 N 24 
   1021 1.476 0.0 HG 84 
   811 7.214 0.0 H 68 
   296 0.897 0.0 HD22 27 
   248 176.858 0.0 C 23 
   1025 25.665 0.0 CD1 84 
   147 3.165 0.0 HD3 16 
   404 2.193 0.0 HG2 36 
   853 125.545 0.0 N 70 
   1281 1.426 0.0 HB3 105 
   492 0.921 0.0 HG22 42 
   92 42.02 0.0 CB 10 
   112 1.37 0.0 HB3 12 
   731 124.377 0.0 N 60 
   661 3.034 0.0 HB3 55 
   218 1.928 0.0 HB3 21 
   573 4.681 0.0 HA 49 
   783 1.925 0.0 HB3 66 
   938 45.05 0.0 CA 78 
   1132 0.068 0.0 HD22 93 
   451 4.77 0.0 HA 40 
   632 1.861 0.0 HG3 52 
   1170 117.117 0.0 N 95 
   10 55.604 0.0 CA 3 
   369 124.536 0.0 N 32 
   671 0.563 0.0 HD12 56 
   911 4.276 0.0 HA2 76 
   320 3.731 0.0 HB2 29 
   453 0.769 0.0 HG11 40 
   829 2.202 0.0 HG2 69 
   1172 4.236 0.0 HA2 96 
   168 16.963 0.0 CE 17 
   601 55.26 0.0 CA 50 
   1158 26.897 0.0 CG 94 
   837 4.508 0.0 HA 70 
   263 38.578 0.0 CB 24 
   634 28.313 0.0 CB 52 
   859 2.053 0.0 HG3 71 
   846 0.118 0.0 HG23 70 
   646 65.032 0.0 CA 53 
   460 61.243 0.0 CA 40 
   257 7.074 0.0 HD1 24 
   629 3.283 0.0 HD2 52 
   883 8.586 0.0 H 73 
   28 0.883 0.0 HG11 5 
   334 0.674 0.0 HG23 30 
   729 118.264 0.0 CE1 60 
   1249 6.678 0.0 HH2 103 
   1111 177.553 0.0 C 91 
   348 174.131 0.0 C 31 
   818 1.681 0.0 HG3 68 
   388 62.613 0.0 CB 34 
   931 23.53 0.0 CD2 77 
   816 3.22 0.0 HD3 68 
   526 17.978 0.0 CB 44 
   889 125.865 0.0 N 73 
   781 4.059 0.0 HA 66 
   1304 26.649 0.0 CB 107 
   1067 0.83 0.0 HG23 88 
   749 4.537 0.0 HB 63 
   914 45.558 0.0 CA 76 
   1030 3.622 0.0 HA 85 
   708 -0.209 0.0 HG21 59 
   130 175.451 0.0 C 14 
   1265 2.339 0.0 HB3 104 
   1204 125.256 0.0 N 98 
   5 2.037 0.0 HE2 3 
   894 3.907 0.0 HD3 74 
   1060 4.191 0.0 HA 88 
   844 0.118 0.0 HG21 70 
   775 178.76 0.0 C 65 
   740 1.112 0.0 HB1 62 
   989 7.466 0.0 H 82 
   1237 32.751 0.0 CB 102 
   436 0.827 0.0 HD12 39 
   984 131.99 0.0 CD2 81 
   1182 3.087 0.0 HD3 97 
   1144 1.93 0.0 HB2 94 
   489 1.467 0.0 HG12 42 
   1212 4.419 0.0 HA 100 
   9 176.016 0.0 C 3 
   233 3.132 0.0 HD3 22 
   1344 52.539 0.0 CA 110 
   746 123.335 0.0 N 62 
   955 8.83 0.0 H 80 
   972 4.47 0.0 HA 81 
   1048 34.491 0.0 CB 86 
   1316 62.878 0.0 CA 108 
   493 0.921 0.0 HG23 42 
   638 4.146 0.0 HA 53 
   681 23.002 0.0 CD2 56 
   290 1.67 0.0 HB2 27 
   440 0.365 0.0 HG21 39 
   1343 176.868 0.0 C 110 
   1224 17.772 0.0 CB 101 
   831 174.904 0.0 C 69 
   552 3.068 0.0 HD3 47 
   1001 3.987 0.0 HA 83 
   657 111.513 0.0 N 54 
   1049 33.733 0.0 CG 86 
   849 42.252 0.0 CB 70 
   1052 5.547 0.0 HA 87 
   498 28.39 0.0 CG1 42 
   950 59.293 0.0 CA 79 
   690 0.608 0.0 HG3 57 
   60 2.712 0.0 HB3 8 
   417 6.622 0.0 H 38 
   244 1.795 0.0 HB2 23 
   593 1.33 0.0 HB3 50 
   1178 4.322 0.0 HA 97 
   1191 7.999 0.0 H 98 
   426 173.629 0.0 C 38 
   1332 55.074 0.0 CA 109 
   536 37.016 0.0 CB 45 
   1126 1.663 0.0 HB2 93 
   1116 17.114 0.0 CG2 91 
   119 1.401 0.0 HB1 13 
   843 0.613 0.0 HG13 70 
   205 0.854 0.0 HD22 20 
   365 133.168 0.0 CD1 32 
   266 118.071 0.0 CE1 24 
   639 2.014 0.0 HB2 53 
   428 35.509 0.0 CB 38 
   1069 61.447 0.0 CA 88 
   239 43.459 0.0 CD 22 
   1313 1.807 0.0 HG2 108 
   1303 53.158 0.0 CA 107 
   372 1.712 0.0 HB2 33 
   952 21.455 0.0 CG1 79 
   978 6.86 0.0 HE2 81 
   104 57.085 0.0 CA 11 
   1034 2.094 0.0 HG3 85 
   1145 1.482 0.0 HB3 94 
   557 30.762 0.0 CB 47 
   347 2.215 0.0 HG3 31 
   354 9.231 0.0 H 32 
   1197 1.615 0.0 HG2 98 
   1218 4.02 0.0 HA 101 
   594 1.556 0.0 HD2 50 
   842 1.246 0.0 HG12 70 
   1006 175.706 0.0 C 83 
   184 2.117 0.0 HB2 19 
   254 4.315 0.0 HA 24 
   487 0.685 0.0 HD12 42 
   154 27.325 0.0 CG 16 
   345 7.418 0.0 HE21 31 
   623 129.351 0.0 CZ 51 
   1058 121.904 0.0 N 87 
   909 109.127 0.0 N 75 
   1327 1.014 0.0 HD21 109 
   628 1.678 0.0 HB3 52 
   1023 54.419 0.0 CA 84 
   338 20.464 0.0 CG1 30 
   1092 1.466 0.0 HG 90 
   696 8.306 0.0 H 58 
   1089 0.902 0.0 HD21 90 
   139 59.384 0.0 CA 15 
   197 8.034 0.0 H 20 
   636 27.315 0.0 CG 52 
   491 0.921 0.0 HG21 42 
   743 177.761 0.0 C 62 
   515 25.078 0.0 CD1 43 
   293 0.75 0.0 HD12 27 
   1258 114.304 0.0 CZ2 103 
   65 38.639 0.0 CB 8 
   273 172.134 0.0 C 25 
   73 2.204 0.0 HG3 9 
   201 0.832 0.0 HD11 20 
   225 33.973 0.0 CG 21 
   1112 64.55 0.0 CA 91 
   341 8.341 0.0 H 31 
   584 53.785 0.0 CA 49 
   109 4.201 0.0 HA 12 
   299 56.06 0.0 CA 27 
   913 174.359 0.0 C 76 
   582 1.602 0.0 HG 49 
   340 122.775 0.0 N 30 
   393 2.263 0.0 HG2 35 
   1242 8.089 0.0 H 103 
   956 5.161 0.0 HA 80 
   414 174.303 0.0 C 37 
   45 58.096 0.0 CA 6 
   34 176.074 0.0 C 5 
   590 8.188 0.0 H 50 
   793 7.132 0.0 H 67 
   932 26.477 0.0 CG 77 
   773 2.328 0.0 HG2 65 
   856 2.042 0.0 HB2 71 
   1140 25.6 0.0 CG 93 
   737 118.169 0.0 N 61 
   220 2.502 0.0 HG2 21 
   998 35.923 0.0 CG 82 
   1104 0.62 0.0 HD12 91 
   1046 174.095 0.0 C 86 
   719 2.799 0.0 HB3 60 
   465 9.605 0.0 H 41 
   1215 58.114 0.0 CA 100 
   99 1.977 0.0 HB2 11 
   860 175.775 0.0 C 71 
   841 0.635 0.0 HD13 70 
   80 4.197 0.0 HA 10 
   930 26.039 0.0 CD1 77 
   571 120.823 0.0 N 48 
   1257 124.8 0.0 CH2 103 
   817 1.801 0.0 HG2 68 
   866 4.208 0.0 HA 72 
   39 121.499 0.0 N 5 
   22 29.994 0.0 CB 4 
   1108 0.555 0.0 HG21 91 
   313 56.669 0.0 CA 28 
   977 6.86 0.0 HE1 81 
   390 4.039 0.0 HA 35 
   177 176.883 0.0 C 18 
   720 7.329 0.0 HD1 60 
   1221 1.459 0.0 HB3 101 
   592 1.613 0.0 HB2 50 
   954 116.911 0.0 N 79 
   1283 54.605 0.0 CA 105 
   782 2.243 0.0 HB2 66 
   213 26.891 0.0 CG 20 
   528 7.355 0.0 H 45 
   551 3.179 0.0 HD2 47 
   799 -0.04 0.0 HD13 67 
   770 3.908 0.0 HA 65 
   668 2.211 0.0 HB2 56 
   1131 0.068 0.0 HD21 93 
   484 4.729 0.0 HA 42 
   566 1.94 0.0 HG3 48 
   368 117.341 0.0 CE2 32 
   429 21.782 0.0 CG1 38 
   231 1.794 0.0 HB3 22 
   155 122.38 0.0 N 16 
   1010 115.091 0.0 N 83 
   579 0.789 0.0 HD21 49 
   385 3.839 0.0 HB3 34 
   278 4.43 0.0 HA 26 
   324 64.918 0.0 CB 29 
   888 62.669 0.0 CB 73 
   282 1.162 0.0 HG23 26 
   118 4.218 0.0 HA 13 
   1261 129.285 0.0 NE1 103 
   1323 1.528 0.0 HB3 109 
   1035 175.01 0.0 C 85 
   192 57.55 0.0 CA 19 
   103 177.123 0.0 C 11 
   529 4.564 0.0 HA 45 
   1340 1.398 0.0 HB1 110 
   597 2.649 0.0 HE3 50 
   1214 4.42 0.0 HB3 100 
   1013 1.467 0.0 HB2 84 
   1038 37.004 0.0 CG 85 
   647 30.867 0.0 CB 53 
   603 29.631 0.0 CD 50 
   830 2.202 0.0 HG3 69 
   1176 107.323 0.0 N 96 
   269 7.403 0.0 H 25 
   620 131.545 0.0 CD2 51 
   149 1.556 0.0 HG3 16 
   1251 6.685 0.0 HZ3 103 
   185 2.046 0.0 HB3 19 
   59 2.776 0.0 HB2 8 
   692 28.159 0.0 CB 57 
   202 0.832 0.0 HD12 20 
   543 175.512 0.0 C 46 
   845 0.118 0.0 HG22 70 
   948 0.488 0.0 HG23 79 
   602 35.539 0.0 CB 50 
   224 28.59 0.0 CB 21 
   933 115.627 0.0 N 77 
   1073 121.549 0.0 N 88 
   306 1.556 0.0 HB2 28 
   151 57.826 0.0 CA 16 
   1024 42.208 0.0 CB 84 
   1155 41.391 0.0 CB 94 
   376 1.44 0.0 HG2 33 
   318 7.994 0.0 H 29 
   581 0.789 0.0 HD23 49 
   1211 8.646 0.0 H 100 
   997 30.452 0.0 CB 82 
   1040 6.636 0.0 H 86 
   1330 1.647 0.0 HG 109 
   693 31.891 0.0 CG 57 
   604 41.911 0.0 CE 50 
   951 34.536 0.0 CB 79 
   219 7.622 0.0 HE21 21 
   1345 19.28 0.0 CB 110 
   214 121.295 0.0 N 20 
   153 43.249 0.0 CD 16 
   14 8.628 0.0 H 4 
   535 52.068 0.0 CA 45 
   1291 1.91 0.0 HG3 106 
   711 173.265 0.0 C 59 
   126 8.165 0.0 H 14 
   288 9.148 0.0 H 27 
   1107 0.614 0.0 HG13 91 
   234 1.658 0.0 HG2 22 
   876 175.825 0.0 C 72 
   1294 30.476 0.0 CB 106 
   349 54.359 0.0 CA 31 
   900 50.653 0.0 CD 74 
   1301 6.147 0.0 HD2 107 
   120 1.401 0.0 HB2 13 
   521 1.364 0.0 HB1 44 
   565 2.222 0.0 HG2 48 
   653 2.515 0.0 HB3 54 
   626 4.903 0.0 HA 52 
   808 23.38 0.0 CD2 67 
   1198 1.141 0.0 HG3 98 
   442 0.365 0.0 HG23 39 
   196 119.142 0.0 N 19 
   1241 119.022 0.0 N 102 
   678 52.687 0.0 CA 56 
   150 177.474 0.0 C 16 
   302 26.014 0.0 CD2 27 
   791 117.742 0.0 N 66 
   335 173.89 0.0 C 30 
   756 111.934 0.0 N 63 
   1074 8.503 0.0 H 89 
   1012 4.131 0.0 HA 84 
   221 2.215 0.0 HG3 21 
   723 6.914 0.0 HE2 60 
   161 2.001 0.0 HE2 17 
   616 176.043 0.0 C 51 
   1269 2.941 0.0 HG2 104 
   1185 174.894 0.0 C 97 
   49 4.212 0.0 HA 7 
   191 177.964 0.0 C 19 
   1235 177.978 0.0 C 102 
   1174 174.742 0.0 C 96 
   769 8.522 0.0 H 65 
   485 1.815 0.0 HB 42 
   1287 3.906 0.0 HA 106 
   1094 57.642 0.0 CA 90 
   459 174.702 0.0 C 40 
   76 29.741 0.0 CB 9 
   1239 42.11 0.0 CE 102 
   995 178.206 0.0 C 82 
   101 2.227 0.0 HG2 11 
   422 0.713 0.0 HG13 38 
   132 63.477 0.0 CB 14 
   568 54.347 0.0 CA 48 
   194 17.023 0.0 CE 19 
   1134 1.465 0.0 HG 93 
   525 54.489 0.0 CA 44 
   1270 2.214 0.0 HG3 104 
   654 175.841 0.0 C 54 
   421 0.713 0.0 HG12 38 
   1168 29.663 0.0 CB 95 
