   809 25.235 0.0 CG 67 
   724 178.019 0.0 C 60 
   529 4.564 0.0 HA 45 
   554 1.442 0.0 HG3 47 
   607 8.847 0.0 H 51 
   9 176.016 0.0 C 3 
   373 1.546 0.0 HB3 33 
   213 26.891 0.0 CG 20 
   67 112.954 0.0 ND2 8 
   857 2.042 0.0 HB3 71 
   778 36.644 0.0 CG 65 
   1177 8.717 0.0 H 97 
   1184 1.434 0.0 HG3 97 
   435 0.827 0.0 HD11 39 
   1194 2.763 0.0 HB3 98 
   975 6.984 0.0 HD1 81 
   212 23.311 0.0 CD2 20 
   378 54.137 0.0 CA 33 
   203 0.832 0.0 HD13 20 
   316 26.623 0.0 CG 28 
   797 -0.04 0.0 HD11 67 
   1222 181.335 0.0 C 101 
   1060 4.191 0.0 HA 88 
   430 18.467 0.0 CG2 38 
   254 4.315 0.0 HA 24 
   307 1.446 0.0 HB3 28 
   619 131.545 0.0 CD1 51 
   625 9.528 0.0 H 52 
   1210 105.916 0.0 N 99 
   375 2.833 0.0 HD3 33 
   190 2.638 0.0 HG3 19 
   1093 177.109 0.0 C 90 
   65 38.639 0.0 CB 8 
   292 0.75 0.0 HD11 27 
   804 174.721 0.0 C 67 
   980 176.311 0.0 C 81 
   150 177.474 0.0 C 16 
   502 5.108 0.0 HA 43 
   282 1.162 0.0 HG23 26 
   780 7.728 0.0 H 66 
   727 133.724 0.0 CD1 60 
   523 1.364 0.0 HB3 44 
   410 115.94 0.0 N 36 
   1116 17.114 0.0 CG2 91 
   492 0.921 0.0 HG22 42 
   995 178.206 0.0 C 82 
   881 17.673 0.0 CG2 72 
   1092 1.466 0.0 HG 90 
   73 2.204 0.0 HG3 9 
   1320 8.467 0.0 H 109 
   970 126.853 0.0 N 80 
   398 36.377 0.0 CG 35 
   1351 59.865 0.0 CA 111 
   308 3.145 0.0 HD2 28 
   217 2.12 0.0 HB2 21 
   896 2.031 0.0 HG3 74 
   1267 2.298 0.0 HE2 104 
   1048 34.491 0.0 CB 86 
   792 110.754 0.0 NE2 66 
   245 1.795 0.0 HB3 23 
   1259 121.776 0.0 CZ3 103 
   242 7.95 0.0 H 23 
   372 1.712 0.0 HB2 33 
   1130 -0.102 0.0 HD13 93 
   1145 1.482 0.0 HB3 94 
   417 6.622 0.0 H 38 
   1277 7.659 0.0 H 105 
   968 117.499 0.0 CE1 80 
   935 4.601 0.0 HA2 78 
   929 42.125 0.0 CB 77 
   630 3.332 0.0 HD3 52 
   448 19.58 0.0 CG2 39 
   640 2.014 0.0 HB3 53 
   761 3.801 0.0 HD3 64 
   1348 4.214 0.0 HA 111 
   1325 1.06 0.0 HD12 109 
   891 2.382 0.0 HB2 74 
   830 2.202 0.0 HG3 69 
   653 2.515 0.0 HB3 54 
   97 8.147 0.0 H 11 
   115 18.829 0.0 CB 12 
   1314 1.807 0.0 HG3 108 
   359 6.794 0.0 HD2 32 
   558 43.885 0.0 CD 47 
   664 42.87 0.0 CB 55 
   40 8.389 0.0 H 6 
   1306 134.424 0.0 CE1 107 
   458 0.737 0.0 HG23 40 
   617 56.966 0.0 CA 51 
   163 2.46 0.0 HG2 17 
   1224 17.772 0.0 CB 101 
   958 2.826 0.0 HB3 80 
   629 3.283 0.0 HD2 52 
   1089 0.902 0.0 HD21 90 
   330 0.252 0.0 HG12 30 
   1195 3.779 0.0 HD2 98 
   311 1.421 0.0 HG3 28 
   1187 28.806 0.0 CB 97 
   827 1.967 0.0 HB2 69 
   902 7.893 0.0 H 75 
   1119 3.827 0.0 HA2 92 
   1273 33.268 0.0 CB 104 
   1244 3.125 0.0 HB2 103 
   816 3.22 0.0 HD3 68 
   934 7.647 0.0 H 78 
   147 3.165 0.0 HD3 16 
   306 1.556 0.0 HB2 28 
   988 126.963 0.0 N 81 
   202 0.832 0.0 HD12 20 
   283 174.498 0.0 C 26 
   44 174.496 0.0 C 6 
   528 7.355 0.0 H 45 
   953 22.452 0.0 CG2 79 
   882 129.755 0.0 N 72 
   240 27.348 0.0 CG 22 
   736 45.0 0.0 CA 61 
   251 35.763 0.0 CG 23 
   419 1.757 0.0 HB 38 
   672 0.563 0.0 HD13 56 
   550 1.794 0.0 HB3 47 
   1241 119.022 0.0 N 102 
   1165 2.274 0.0 HG3 95 
   641 3.873 0.0 HD2 53 
   566 1.94 0.0 HG3 48 
   771 1.946 0.0 HB2 65 
   880 28.809 0.0 CG1 72 
   1164 2.524 0.0 HG2 95 
   1341 1.398 0.0 HB2 110 
   632 1.861 0.0 HG3 52 
   738 8.104 0.0 H 62 
   15 4.276 0.0 HA 4 
   533 7.365 0.0 HD22 45 
   1167 56.089 0.0 CA 95 
   1009 23.764 0.0 CG2 83 
   111 1.37 0.0 HB2 12 
   1176 107.323 0.0 N 96 
   1043 1.238 0.0 HB3 86 
   1079 56.08 0.0 CA 89 
   127 4.342 0.0 HA 14 
   1143 4.015 0.0 HA 94 
   82 1.543 0.0 HB3 10 
   862 32.946 0.0 CB 71 
   598 1.28 0.0 HG2 50 
   440 0.365 0.0 HG21 39 
   686 1.24 0.0 HB2 57 
   1095 42.674 0.0 CB 90 
   295 0.897 0.0 HD21 27 
   329 0.252 0.0 HG11 30 
   540 4.13 0.0 HA 46 
   1168 29.663 0.0 CB 95 
   734 3.361 0.0 HA3 61 
   815 3.22 0.0 HD2 68 
   1238 29.357 0.0 CD 102 
   561 8.308 0.0 H 48 
   335 173.89 0.0 C 30 
   463 21.935 0.0 CG2 40 
   584 53.785 0.0 CA 49 
   1005 1.317 0.0 HG23 83 
   746 123.335 0.0 N 62 
   866 4.208 0.0 HA 72 
   757 3.427 0.0 HA 64 
   47 119.949 0.0 N 6 
   570 36.376 0.0 CG 48 
   826 4.487 0.0 HA 69 
   480 130.657 0.0 CE2 41 
   942 1.744 0.0 HB 79 
   178 58.414 0.0 CA 18 
   1300 1.173 0.0 HB3 107 
   457 0.737 0.0 HG22 40 
   1215 58.114 0.0 CA 100 
   1083 3.798 0.0 HA 90 
   200 1.476 0.0 HB3 20 
   84 0.86 0.0 HD12 10 
   1239 42.11 0.0 CE 102 
   786 2.098 0.0 HG3 66 
   850 14.445 0.0 CD1 70 
   131 59.538 0.0 CA 14 
   1294 30.476 0.0 CB 106 
   1125 3.727 0.0 HA 93 
   545 39.065 0.0 CB 46 
   544 56.917 0.0 CA 46 
   893 3.803 0.0 HD2 74 
   899 31.733 0.0 CB 74 
   252 119.302 0.0 N 23 
   965 41.026 0.0 CB 80 
   31 0.884 0.0 HG21 5 
   708 -0.209 0.0 HG21 59 
   98 4.131 0.0 HA 11 
   1037 26.953 0.0 CB 85 
   1183 1.544 0.0 HG2 97 
   1350 3.803 0.0 HB3 111 
   670 0.563 0.0 HD11 56 
   1225 8.543 0.0 H 102 
   1346 127.482 0.0 N 110 
   667 4.636 0.0 HA 56 
   1342 1.398 0.0 HB3 110 
   1269 2.941 0.0 HG2 104 
   161 2.001 0.0 HE2 17 
   900 50.653 0.0 CD 74 
   791 117.742 0.0 N 66 
   1117 116.561 0.0 N 91 
   517 28.618 0.0 CG 43 
   991 1.901 0.0 HB2 82 
   586 25.513 0.0 CD1 49 
   603 29.631 0.0 CD 50 
   729 118.264 0.0 CE1 60 
   141 117.597 0.0 N 15 
   581 0.789 0.0 HD23 49 
   1328 1.014 0.0 HD22 109 
   690 0.608 0.0 HG3 57 
   74 177.247 0.0 C 9 
   659 4.94 0.0 HA 55 
   302 26.014 0.0 CD2 27 
   160 2.001 0.0 HE1 17 
   525 54.489 0.0 CA 44 
   20 176.331 0.0 C 4 
   249 57.172 0.0 CA 23 
   859 2.053 0.0 HG3 71 
   744 52.177 0.0 CA 62 
   465 9.605 0.0 H 41 
   294 0.75 0.0 HD13 27 
   92 42.02 0.0 CB 10 
   1121 176.157 0.0 C 92 
   709 -0.209 0.0 HG22 59 
   1063 0.724 0.0 HG12 88 
   236 178.223 0.0 C 22 
   396 59.18 0.0 CA 35 
   824 116.991 0.0 N 68 
   732 8.751 0.0 H 61 
   683 118.239 0.0 N 56 
   1133 0.068 0.0 HD23 93 
   446 15.099 0.0 CD1 39 
   1087 0.758 0.0 HD12 90 
   391 1.95 0.0 HB2 35 
   567 176.225 0.0 C 48 
   33 0.884 0.0 HG23 5 
   796 1.216 0.0 HB3 67 
   543 175.512 0.0 C 46 
   470 7.257 0.0 HD2 41 
   1071 21.209 0.0 CG1 88 
   937 170.501 0.0 C 78 
   1160 7.738 0.0 H 95 
   305 4.445 0.0 HA 28 
   579 0.789 0.0 HD21 49 
   61 6.882 0.0 HD21 8 
   546 111.628 0.0 N 46 
   52 1.354 0.0 HB3 7 
   1199 175.018 0.0 C 98 
   1140 25.6 0.0 CG 93 
   189 2.505 0.0 HG2 19 
   1200 56.621 0.0 CA 98 
   1146 0.88 0.0 HD11 94 
   886 3.722 0.0 HB3 73 
   129 3.873 0.0 HB3 14 
   606 121.409 0.0 N 50 
   565 2.222 0.0 HG2 48 
   181 119.875 0.0 N 18 
   825 7.852 0.0 H 69 
   205 0.854 0.0 HD22 20 
   130 175.451 0.0 C 14 
   923 0.824 0.0 HD21 77 
   85 0.86 0.0 HD13 10 
   962 6.559 0.0 HE2 80 
   583 175.439 0.0 C 49 
   11 32.91 0.0 CB 3 
   1299 2.411 0.0 HB2 107 
   604 41.911 0.0 CE 50 
   551 3.179 0.0 HD2 47 
   1094 57.642 0.0 CA 90 
   844 0.118 0.0 HG21 70 
