   750 1.15 0.0 HG21 63 
   544 56.917 0.0 CA 46 
   618 43.776 0.0 CB 51 
   804 174.721 0.0 C 67 
   510 0.797 0.0 HD23 43 
   604 41.911 0.0 CE 50 
   1048 34.491 0.0 CB 86 
   1170 117.117 0.0 N 95 
   1350 3.803 0.0 HB3 111 
   954 116.911 0.0 N 79 
   726 37.813 0.0 CB 60 
   155 122.38 0.0 N 16 
   747 8.206 0.0 H 63 
   34 176.074 0.0 C 5 
   231 1.794 0.0 HB3 22 
   589 125.107 0.0 N 49 
   167 31.857 0.0 CB 17 
   116 124.06 0.0 N 12 
   789 29.542 0.0 CB 66 
   177 176.883 0.0 C 18 
   634 28.313 0.0 CB 52 
   23 36.128 0.0 CG 4 
   614 7.022 0.0 HE2 51 
   509 0.797 0.0 HD22 43 
   276 113.556 0.0 N 25 
   562 5.281 0.0 HA 48 
   560 121.275 0.0 N 47 
   1074 8.503 0.0 H 89 
   221 2.215 0.0 HG3 21 
   899 31.733 0.0 CB 74 
   541 3.176 0.0 HB2 46 
   1 4.425 0.0 HA 3 
   1248 6.803 0.0 HE3 103 
   1110 0.555 0.0 HG23 91 
   1078 175.634 0.0 C 89 
   285 72.209 0.0 CB 26 
   289 4.249 0.0 HA 27 
   49 4.212 0.0 HA 7 
   756 111.934 0.0 N 63 
   626 4.903 0.0 HA 52 
   475 56.064 0.0 CA 41 
   35 62.128 0.0 CA 5 
   843 0.613 0.0 HG13 70 
   199 1.86 0.0 HB2 20 
   173 2.003 0.0 HB2 18 
   1146 0.88 0.0 HD11 94 
   232 3.132 0.0 HD2 22 
   278 4.43 0.0 HA 26 
   175 2.198 0.0 HG2 18 
   379 30.12 0.0 CB 33 
   133 114.553 0.0 N 14 
   432 9.458 0.0 H 39 
   342 4.566 0.0 HA 31 
   931 23.53 0.0 CD2 77 
   623 129.351 0.0 CZ 51 
   135 4.394 0.0 HA 15 
   953 22.452 0.0 CG2 79 
   243 4.083 0.0 HA 23 
   1004 1.317 0.0 HG22 83 
   988 126.963 0.0 N 81 
   999 124.087 0.0 N 82 
   1275 32.912 0.0 CG 104 
   1040 6.636 0.0 H 86 
   493 0.921 0.0 HG23 42 
   464 126.626 0.0 N 40 
   1335 24.143 0.0 CD2 109 
   1164 2.524 0.0 HG2 95 
   346 2.141 0.0 HG2 31 
   463 21.935 0.0 CG2 40 
   601 55.26 0.0 CA 50 
   568 54.347 0.0 CA 48 
   1349 3.803 0.0 HB2 111 
   339 23.077 0.0 CG2 30 
   693 31.891 0.0 CG 57 
   680 24.042 0.0 CD1 56 
   498 28.39 0.0 CG1 42 
   1197 1.615 0.0 HG2 98 
   1014 1.467 0.0 HB3 84 
   187 2.03 0.0 HE2 19 
   11 32.91 0.0 CB 3 
   314 32.647 0.0 CB 28 
   108 8.113 0.0 H 12 
   1060 4.191 0.0 HA 88 
   355 4.887 0.0 HA 32 
   1118 7.314 0.0 H 92 
   535 52.068 0.0 CA 45 
   981 57.116 0.0 CA 81 
   519 9.087 0.0 H 44 
   855 4.692 0.0 HA 71 
   1270 2.214 0.0 HG3 104 
   724 178.019 0.0 C 60 
   191 177.964 0.0 C 19 
   788 57.206 0.0 CA 66 
   428 35.509 0.0 CB 38 
   286 22.829 0.0 CG2 26 
   478 132.608 0.0 CD2 41 
   119 1.401 0.0 HB1 13 
   506 0.893 0.0 HD12 43 
   620 131.545 0.0 CD2 51 
   186 2.03 0.0 HE1 19 
   1222 181.335 0.0 C 101 
   503 2.221 0.0 HB2 43 
   371 4.439 0.0 HA 33 
   1191 7.999 0.0 H 98 
   287 104.093 0.0 N 26 
   641 3.873 0.0 HD2 53 
   815 3.22 0.0 HD2 68 
   1036 57.064 0.0 CA 85 
   443 174.355 0.0 C 39 
   796 1.216 0.0 HB3 67 
   903 4.211 0.0 HA 75 
   996 59.66 0.0 CA 82 
   932 26.477 0.0 CG 77 
   1254 29.069 0.0 CB 103 
   22 29.994 0.0 CB 4 
   1076 4.014 0.0 HB2 89 
   679 42.559 0.0 CB 56 
   599 1.166 0.0 HG3 50 
   632 1.861 0.0 HG3 52 
   409 36.871 0.0 CG 36 
   29 0.883 0.0 HG12 5 
   529 4.564 0.0 HA 45 
   710 -0.209 0.0 HG23 59 
   912 3.67 0.0 HA3 76 
   1320 8.467 0.0 H 109 
   1169 36.454 0.0 CG 95 
   1061 1.943 0.0 HB 88 
   354 9.231 0.0 H 32 
   1253 62.775 0.0 CA 103 
   1138 24.399 0.0 CD1 93 
   828 1.967 0.0 HB3 69 
   252 119.302 0.0 N 23 
   760 3.713 0.0 HD2 64 
   863 35.813 0.0 CG 71 
   1051 8.63 0.0 H 87 
