   86 0.81 0.0 HD21 10 
   789 29.542 0.0 CB 66 
   96 121.828 0.0 N 10 
   1252 181.021 0.0 C 103 
   722 6.914 0.0 HE1 60 
   667 4.636 0.0 HA 56 
   945 0.692 0.0 HG13 79 
   1090 0.902 0.0 HD22 90 
   127 4.342 0.0 HA 14 
   22 29.994 0.0 CB 4 
   462 21.236 0.0 CG1 40 
   73 2.204 0.0 HG3 9 
   420 0.713 0.0 HG11 38 
   235 1.535 0.0 HG3 22 
   705 6.395 0.0 H 59 
   1167 56.089 0.0 CA 95 
   724 178.019 0.0 C 60 
   601 55.26 0.0 CA 50 
   435 0.827 0.0 HD11 39 
   179 29.811 0.0 CB 18 
   613 7.022 0.0 HE1 51 
   1247 9.086 0.0 HE1 103 
   494 176.006 0.0 C 42 
   140 63.455 0.0 CB 15 
   472 7.087 0.0 HE2 41 
   1343 176.868 0.0 C 110 
   645 178.611 0.0 C 53 
   608 4.974 0.0 HA 51 
   411 7.908 0.0 H 37 
   669 1.046 0.0 HB3 56 
   671 0.563 0.0 HD12 56 
   639 2.014 0.0 HB2 53 
   38 20.453 0.0 CG2 5 
   782 2.243 0.0 HB2 66 
   520 3.968 0.0 HA 44 
   1348 4.214 0.0 HA 111 
   630 3.332 0.0 HD3 52 
   139 59.384 0.0 CA 15 
   1170 117.117 0.0 N 95 
   909 109.127 0.0 N 75 
   278 4.43 0.0 HA 26 
   1214 4.42 0.0 HB3 100 
   225 33.973 0.0 CG 21 
   72 2.204 0.0 HG2 9 
   380 43.753 0.0 CD 33 
   817 1.801 0.0 HG2 68 
   432 9.458 0.0 H 39 
   703 20.052 0.0 CB 58 
   797 -0.04 0.0 HD11 67 
   61 6.882 0.0 HD21 8 
   889 125.865 0.0 N 73 
   695 109.665 0.0 NE2 57 
   578 0.712 0.0 HD13 49 
   852 18.6 0.0 CG2 70 
   329 0.252 0.0 HG11 30 
   406 176.435 0.0 C 36 
   644 1.601 0.0 HG3 53 
   1256 118.379 0.0 CE3 103 
   921 0.842 0.0 HD12 77 
   1154 57.332 0.0 CA 94 
   1166 176.559 0.0 C 95 
   259 6.701 0.0 HE1 24 
   530 3.252 0.0 HB2 45 
   228 7.939 0.0 H 22 
   314 32.647 0.0 CB 28 
   1280 1.426 0.0 HB2 105 
   1302 7.911 0.0 HE1 107 
   1104 0.62 0.0 HD12 91 
   1204 125.256 0.0 N 98 
   1003 1.317 0.0 HG21 83 
   424 0.574 0.0 HG22 38 
   1213 4.108 0.0 HB2 100 
   708 -0.209 0.0 HG21 59 
   1087 0.758 0.0 HD12 90 
   410 115.94 0.0 N 36 
   347 2.215 0.0 HG3 31 
   883 8.586 0.0 H 73 
   282 1.162 0.0 HG23 26 
   1229 1.65 0.0 HD2 102 
   192 57.55 0.0 CA 19 
   1351 59.865 0.0 CA 111 
   370 8.36 0.0 H 33 
   761 3.801 0.0 HD3 64 
   425 0.574 0.0 HG23 38 
   700 0.928 0.0 HB3 58 
   402 2.002 0.0 HB2 36 
   375 2.833 0.0 HD3 33 
   1336 27.041 0.0 CG 109 
   293 0.75 0.0 HD12 27 
   248 176.858 0.0 C 23 
   24 122.855 0.0 N 4 
   1334 24.954 0.0 CD1 109 
   291 1.158 0.0 HB3 27 
   870 0.687 0.0 HD13 72 
   1153 178.947 0.0 C 94 
   1071 21.209 0.0 CG1 88 
   898 65.658 0.0 CA 74 
   1008 68.085 0.0 CB 83 
   153 43.249 0.0 CD 16 
   356 2.875 0.0 HB2 32 
   842 1.246 0.0 HG12 70 
   562 5.281 0.0 HA 48 
   934 7.647 0.0 H 78 
   1178 4.322 0.0 HA 97 
   1268 2.298 0.0 HE3 104 
   901 27.83 0.0 CG 74 
   988 126.963 0.0 N 81 
   582 1.602 0.0 HG 49 
   860 175.775 0.0 C 71 
   273 172.134 0.0 C 25 
   550 1.794 0.0 HB3 47 
   296 0.897 0.0 HD22 27 
   230 1.794 0.0 HB2 22 
   1181 3.087 0.0 HD2 97 
   696 8.306 0.0 H 58 
   40 8.389 0.0 H 6 
   443 174.355 0.0 C 39 
   1271 178.325 0.0 C 104 
   1073 121.549 0.0 N 88 
   1053 2.584 0.0 HB2 87 
   279 4.215 0.0 HB 26 
   888 62.669 0.0 CB 73 
   1182 3.087 0.0 HD3 97 
   364 38.922 0.0 CB 32 
   938 45.05 0.0 CA 78 
   928 54.378 0.0 CA 77 
   112 1.37 0.0 HB3 12 
   321 3.555 0.0 HB3 29 
   3 1.935 0.0 HB3 3 
   1156 26.8 0.0 CD1 94 
   878 38.256 0.0 CB 72 
   234 1.658 0.0 HG2 22 
   408 32.757 0.0 CB 36 
   851 26.419 0.0 CG1 70 
   944 0.692 0.0 HG12 79 
   628 1.678 0.0 HB3 52 
   854 8.778 0.0 H 71 
   137 3.912 0.0 HB3 15 
   1014 1.467 0.0 HB3 84 
   95 26.946 0.0 CG 10 
   197 8.034 0.0 H 20 
   739 4.298 0.0 HA 62 
   574 1.727 0.0 HB2 49 
   1110 0.555 0.0 HG23 91 
   884 4.521 0.0 HA 73 
   1300 1.173 0.0 HB3 107 
   120 1.401 0.0 HB2 13 
   649 28.552 0.0 CG 53 
   527 122.697 0.0 N 44 
   1297 7.064 0.0 H 107 
   288 9.148 0.0 H 27 
   1199 175.018 0.0 C 98 
   818 1.681 0.0 HG3 68 
   166 57.361 0.0 CA 17 
   413 3.768 0.0 HA3 37 
   1287 3.906 0.0 HA 106 
   1080 64.469 0.0 CB 89 
   1346 127.482 0.0 N 110 
   571 120.823 0.0 N 48 
   891 2.382 0.0 HB2 74 
   666 7.22 0.0 H 56 
   304 9.619 0.0 H 28 
   1115 28.558 0.0 CG1 91 
   522 1.364 0.0 HB2 44 
   641 3.873 0.0 HD2 53 
   85 0.86 0.0 HD13 10 
   1307 117.066 0.0 N 107 
   382 130.005 0.0 N 33 
   223 57.396 0.0 CA 21 
   947 0.488 0.0 HG22 79 
   299 56.06 0.0 CA 27 
   453 0.769 0.0 HG11 40 
   943 0.692 0.0 HG11 79 
   1267 2.298 0.0 HE2 104 
   1291 1.91 0.0 HG3 106 
   737 118.169 0.0 N 61 
   427 58.127 0.0 CA 38 
   1227 1.826 0.0 HB2 102 
   839 0.635 0.0 HD11 70 
   415 46.016 0.0 CA 37 
   576 0.712 0.0 HD11 49 
   78 121.267 0.0 N 9 
   504 1.708 0.0 HB3 43 
   83 0.86 0.0 HD11 10 
   709 -0.209 0.0 HG22 59 
   795 1.403 0.0 HB2 67 
   1296 114.241 0.0 N 106 
   982 38.413 0.0 CB 81 
   332 0.674 0.0 HG21 30 
   569 32.524 0.0 CB 48 
   1311 3.315 0.0 HD2 108 
   270 4.133 0.0 HA 25 
   1349 3.803 0.0 HB2 111 
   174 2.003 0.0 HB3 18 
   1082 8.799 0.0 H 90 
   167 31.857 0.0 CB 17 
   763 1.792 0.0 HG3 64 
   41 4.402 0.0 HA 6 
   780 7.728 0.0 H 66 
   215 8.157 0.0 H 21 
   814 1.811 0.0 HB3 68 
   1333 42.849 0.0 CB 109 
   1072 22.104 0.0 CG2 88 
   201 0.832 0.0 HD11 20 
   1159 119.88 0.0 N 94 
   514 42.395 0.0 CB 43 
   338 20.464 0.0 CG1 30 
   107 120.956 0.0 N 11 
   80 4.197 0.0 HA 10 
   1122 47.672 0.0 CA 92 
   374 3.051 0.0 HD2 33 
   895 2.112 0.0 HG2 74 
   776 59.383 0.0 CA 65 
   250 30.144 0.0 CB 23 
   1094 57.642 0.0 CA 90 
   991 1.901 0.0 HB2 82 
   493 0.921 0.0 HG23 42 
   253 8.087 0.0 H 24 
   635 43.598 0.0 CD 52 
   182 7.963 0.0 H 19 
   75 57.507 0.0 CA 9 
   903 4.211 0.0 HA 75 
   1250 6.476 0.0 HZ2 103 
   729 118.264 0.0 CE1 60 
   399 121.527 0.0 N 35 
   267 118.071 0.0 CE2 24 
   1063 0.724 0.0 HG12 88 
   1118 7.314 0.0 H 92 
   949 171.397 0.0 C 79 
   1016 0.451 0.0 HD12 84 
   688 7.208 0.0 HE21 57 
   804 174.721 0.0 C 67 
   1132 0.068 0.0 HD22 93 
   138 175.478 0.0 C 15 
   887 57.766 0.0 CA 73 
   1277 7.659 0.0 H 105 
   30 0.883 0.0 HG13 5 
   1262 9.18 0.0 H 104 
   995 178.206 0.0 C 82 
   496 38.247 0.0 CB 42 
   132 63.477 0.0 CB 14 
   1013 1.467 0.0 HB2 84 
   768 28.234 0.0 CG 64 
   378 54.137 0.0 CA 33 
   1168 29.663 0.0 CB 95 
   239 43.459 0.0 CD 22 
   37 21.185 0.0 CG1 5 
   593 1.33 0.0 HB3 50 
   306 1.556 0.0 HB2 28 
   1288 1.513 0.0 HB2 106 
   1048 34.491 0.0 CB 86 
   43 3.824 0.0 HB3 6 
   342 4.566 0.0 HA 31 
   486 0.685 0.0 HD11 42 
   359 6.794 0.0 HD2 32 
   702 54.433 0.0 CA 58 
   455 0.769 0.0 HG13 40 
   257 7.074 0.0 HD1 24 
   109 4.201 0.0 HA 12 
   32 0.884 0.0 HG22 5 
   274 58.413 0.0 CA 25 
   998 35.923 0.0 CG 82 
   875 1.167 0.0 HG23 72 
   651 4.702 0.0 HA 54 
   959 6.868 0.0 HD1 80 
   1018 0.647 0.0 HD21 84 
   784 7.328 0.0 HE21 66 
   303 119.999 0.0 N 27 
   936 4.045 0.0 HA3 78 
   395 177.168 0.0 C 35 
