   1000 9.023 0.0 H 83 
   916 7.499 0.0 H 77 
   387 61.518 0.0 CA 34 
   608 4.974 0.0 HA 51 
   880 28.809 0.0 CG1 72 
   618 43.776 0.0 CB 51 
   794 4.296 0.0 HA 67 
   898 65.658 0.0 CA 74 
   242 7.95 0.0 H 23 
   650 7.948 0.0 H 54 
   642 4.012 0.0 HD3 53 
   1007 65.351 0.0 CA 83 
   367 117.341 0.0 CE1 32 
   1269 2.941 0.0 HG2 104 
   858 2.203 0.0 HG2 71 
   1339 4.335 0.0 HA 110 
   523 1.364 0.0 HB3 44 
   812 4.191 0.0 HA 68 
   977 6.86 0.0 HE1 81 
   76 29.741 0.0 CB 9 
   57 8.312 0.0 H 8 
   595 1.556 0.0 HD3 50 
   333 0.674 0.0 HG22 30 
   56 126.064 0.0 N 7 
   209 56.978 0.0 CA 20 
   228 7.939 0.0 H 22 
   676 1.245 0.0 HG 56 
   310 1.564 0.0 HG2 28 
   846 0.118 0.0 HG23 70 
   1176 107.323 0.0 N 96 
   361 6.319 0.0 HE2 32 
   769 8.522 0.0 H 65 
   1242 8.089 0.0 H 103 
   137 3.912 0.0 HB3 15 
   867 1.671 0.0 HB 72 
   49 4.212 0.0 HA 7 
   1243 4.036 0.0 HA 103 
   1192 3.921 0.0 HA 98 
   307 1.446 0.0 HB3 28 
   54 53.151 0.0 CA 7 
   372 1.712 0.0 HB2 33 
   373 1.546 0.0 HB3 33 
   311 1.421 0.0 HG3 28 
   915 109.752 0.0 N 76 
   1065 0.83 0.0 HG21 88 
   1062 0.724 0.0 HG11 88 
   150 177.474 0.0 C 16 
   704 116.752 0.0 N 58 
   1299 2.411 0.0 HB2 107 
   95 26.946 0.0 CG 10 
   1330 1.647 0.0 HG 109 
   3 1.935 0.0 HB3 3 
   689 1.708 0.0 HG2 57 
   1150 0.839 0.0 HD22 94 
   1082 8.799 0.0 H 90 
   909 109.127 0.0 N 75 
   556 57.292 0.0 CA 47 
   269 7.403 0.0 H 25 
   954 116.911 0.0 N 79 
   911 4.276 0.0 HA2 76 
   1312 3.044 0.0 HD3 108 
   555 174.209 0.0 C 47 
   1189 27.707 0.0 CG 97 
   746 123.335 0.0 N 62 
   1323 1.528 0.0 HB3 109 
   575 1.555 0.0 HB3 49 
   1222 181.335 0.0 C 101 
   1245 3.08 0.0 HB3 103 
   1288 1.513 0.0 HB2 106 
   998 35.923 0.0 CG 82 
   1247 9.086 0.0 HE1 103 
   1168 29.663 0.0 CB 95 
   1207 3.902 0.0 HA3 99 
   1156 26.8 0.0 CD1 94 
   966 133.192 0.0 CD1 80 
   943 0.692 0.0 HG11 79 
   350 32.865 0.0 CB 31 
   14 8.628 0.0 H 4 
   727 133.724 0.0 CD1 60 
   278 4.43 0.0 HA 26 
   1196 3.595 0.0 HD3 98 
   163 2.46 0.0 HG2 17 
   253 8.087 0.0 H 24 
   403 1.619 0.0 HB3 36 
   407 56.237 0.0 CA 36 
   418 4.915 0.0 HA 38 
   662 175.935 0.0 C 55 
   1261 129.285 0.0 NE1 103 
   1277 7.659 0.0 H 105 
   1325 1.06 0.0 HD12 109 
   758 2.241 0.0 HB2 64 
   237 57.61 0.0 CA 22 
   484 4.729 0.0 HA 42 
   856 2.042 0.0 HB2 71 
   180 36.33 0.0 CG 18 
   991 1.901 0.0 HB2 82 
   783 1.925 0.0 HB3 66 
   18 2.199 0.0 HG2 4 
   169 32.011 0.0 CG 17 
   430 18.467 0.0 CG2 38 
   131 59.538 0.0 CA 14 
   1147 0.88 0.0 HD12 94 
   231 1.794 0.0 HB3 22 
   702 54.433 0.0 CA 58 
   160 2.001 0.0 HE1 17 
   1143 4.015 0.0 HA 94 
   1111 177.553 0.0 C 91 
   5 2.037 0.0 HE2 3 
   1311 3.315 0.0 HD2 108 
   226 118.077 0.0 N 21 
   376 1.44 0.0 HG2 33 
   824 116.991 0.0 N 68 
   200 1.476 0.0 HB3 20 
   83 0.86 0.0 HD11 10 
   579 0.789 0.0 HD21 49 
   267 118.071 0.0 CE2 24 
   1224 17.772 0.0 CB 101 
   719 2.799 0.0 HB3 60 
   2 2.029 0.0 HB2 3 
   427 58.127 0.0 CA 38 
   1349 3.803 0.0 HB2 111 
   857 2.042 0.0 HB3 71 
   52 1.354 0.0 HB3 7 
   687 0.068 0.0 HB3 57 
   885 4.148 0.0 HB2 73 
   738 8.104 0.0 H 62 
   638 4.146 0.0 HA 53 
   129 3.873 0.0 HB3 14 
   921 0.842 0.0 HD12 77 
   540 4.13 0.0 HA 46 
   77 36.292 0.0 CG 9 
   194 17.023 0.0 CE 19 
   605 26.043 0.0 CG 50 
   262 58.621 0.0 CA 24 
   241 119.729 0.0 N 22 
   903 4.211 0.0 HA 75 
   958 2.826 0.0 HB3 80 
   890 4.309 0.0 HA 74 
   924 0.824 0.0 HD22 77 
   287 104.093 0.0 N 26 
   116 124.06 0.0 N 12 
   442 0.365 0.0 HG23 39 
   429 21.782 0.0 CG1 38 
   1351 59.865 0.0 CA 111 
   1344 52.539 0.0 CA 110 
   639 2.014 0.0 HB2 53 
   973 3.113 0.0 HB2 81 
   610 2.552 0.0 HB3 51 
   125 122.326 0.0 N 13 
   306 1.556 0.0 HB2 28 
   396 59.18 0.0 CA 35 
   29 0.883 0.0 HG12 5 
   933 115.627 0.0 N 77 
   299 56.06 0.0 CA 27 
   1153 178.947 0.0 C 94 
   569 32.524 0.0 CB 48 
   1302 7.911 0.0 HE1 107 
   1027 26.393 0.0 CG 84 
   677 175.248 0.0 C 56 
   1256 118.379 0.0 CE3 103 
   1029 7.848 0.0 H 85 
   598 1.28 0.0 HG2 50 
   945 0.692 0.0 HG13 79 
   620 131.545 0.0 CD2 51 
   319 4.528 0.0 HA 29 
   1038 37.004 0.0 CG 85 
   720 7.329 0.0 HD1 60 
   184 2.117 0.0 HB2 19 
   13 31.901 0.0 CG 3 
   665 116.732 0.0 N 55 
   288 9.148 0.0 H 27 
   459 174.702 0.0 C 40 
   508 0.797 0.0 HD21 43 
   265 132.98 0.0 CD2 24 
   1259 121.776 0.0 CZ3 103 
   98 4.131 0.0 HA 11 
   1087 0.758 0.0 HD12 90 
   193 32.162 0.0 CB 19 
   1079 56.08 0.0 CA 89 
   871 1.629 0.0 HG12 72 
   1350 3.803 0.0 HB3 111 
   1180 1.643 0.0 HB3 97 
   962 6.559 0.0 HE2 80 
   356 2.875 0.0 HB2 32 
   922 0.842 0.0 HD13 77 
   838 1.325 0.0 HB 70 
   510 0.797 0.0 HD23 43 
   580 0.789 0.0 HD22 49 
   206 0.854 0.0 HD23 20 
   395 177.168 0.0 C 35 
   1100 7.464 0.0 H 91 
   684 7.214 0.0 H 57 
   1315 176.899 0.0 C 108 
   533 7.365 0.0 HD22 45 
   486 0.685 0.0 HD11 42 
   36 32.906 0.0 CB 5 
   626 4.903 0.0 HA 52 
   1331 176.976 0.0 C 109 
   678 52.687 0.0 CA 56 
   1296 114.241 0.0 N 106 
   1035 175.01 0.0 C 85 
   1020 0.647 0.0 HD23 84 
   1338 8.637 0.0 H 110 
   1227 1.826 0.0 HB2 102 
   330 0.252 0.0 HG12 30 
   1044 2.428 0.0 HG2 86 
   114 53.207 0.0 CA 12 
   1101 3.198 0.0 HA 91 
   742 1.112 0.0 HB3 62 
   1024 42.208 0.0 CB 84 
   703 20.052 0.0 CB 58 
   1272 60.65 0.0 CA 104 
   338 20.464 0.0 CG1 30 
   671 0.563 0.0 HD12 56 
   1039 114.551 0.0 N 85 
   1052 5.547 0.0 HA 87 
   212 23.311 0.0 CD2 20 
   982 38.413 0.0 CB 81 
   1235 177.978 0.0 C 102 
   250 30.144 0.0 CB 23 
   221 2.215 0.0 HG3 21 
   770 3.908 0.0 HA 65 
   875 1.167 0.0 HG23 72 
   1230 1.624 0.0 HD3 102 
   658 8.201 0.0 H 55 
   949 171.397 0.0 C 79 
   1140 25.6 0.0 CG 93 
   891 2.382 0.0 HB2 74 
   537 114.155 0.0 N 45 
   383 3.616 0.0 HA 34 
   176 2.198 0.0 HG3 18 
   45 58.096 0.0 CA 6 
   388 62.613 0.0 CB 34 
   1188 43.281 0.0 CD 97 
   1170 117.117 0.0 N 95 
   643 2.087 0.0 HG2 53 
   207 1.708 0.0 HG 20 
   748 4.522 0.0 HA 63 
   503 2.221 0.0 HB2 43 
   1063 0.724 0.0 HG12 88 
   904 3.917 0.0 HB2 75 
   398 36.377 0.0 CG 35 
   232 3.132 0.0 HD2 22 
   970 126.853 0.0 N 80 
   978 6.86 0.0 HE2 81 
   751 1.15 0.0 HG22 63 
   434 1.87 0.0 HB 39 
   1025 25.665 0.0 CD1 84 
   1238 29.357 0.0 CD 102 
   1047 54.406 0.0 CA 86 
   932 26.477 0.0 CG 77 
   1208 171.528 0.0 C 99 
   159 2.044 0.0 HB3 17 
   913 174.359 0.0 C 76 
   869 0.687 0.0 HD12 72 
   58 4.571 0.0 HA 8 
   248 176.858 0.0 C 23 
   995 178.206 0.0 C 82 
   256 2.791 0.0 HB3 24 
   1297 7.064 0.0 H 107 
   695 109.665 0.0 NE2 57 
   469 7.257 0.0 HD1 41 
   286 22.829 0.0 CG2 26 
   139 59.384 0.0 CA 15 
   458 0.737 0.0 HG23 40 
   1011 6.473 0.0 H 84 
   1345 19.28 0.0 CB 110 
   745 20.267 0.0 CB 62 
   873 1.167 0.0 HG21 72 
   46 64.02 0.0 CB 6 
   362 174.519 0.0 C 32 
   825 7.852 0.0 H 69 
   624 119.432 0.0 N 51 
   123 53.303 0.0 CA 13 
   471 7.087 0.0 HE1 41 
   152 30.165 0.0 CB 16 
   797 -0.04 0.0 HD11 67 
   1210 105.916 0.0 N 99 
   521 1.364 0.0 HB1 44 
   1203 29.125 0.0 CG 98 
   1164 2.524 0.0 HG2 95 
   80 4.197 0.0 HA 10 
   171 8.19 0.0 H 18 
   1190 122.473 0.0 N 97 
   1030 3.622 0.0 HA 85 
   788 57.206 0.0 CA 66 
   1051 8.63 0.0 H 87 
   39 121.499 0.0 N 5 
   86 0.81 0.0 HD21 10 
   842 1.246 0.0 HG12 70 
   574 1.727 0.0 HB2 49 
   808 23.38 0.0 CD2 67 
   815 3.22 0.0 HD2 68 
   621 131.675 0.0 CE1 51 
   850 14.445 0.0 CD1 70 
   612 7.186 0.0 HD2 51 
   868 0.687 0.0 HD11 72 
   1237 32.751 0.0 CB 102 
   972 4.47 0.0 HA 81 
   936 4.045 0.0 HA3 78 
   640 2.014 0.0 HB3 53 
   48 8.431 0.0 H 7 
   803 1.287 0.0 HG 67 
   557 30.762 0.0 CB 47 
   34 176.074 0.0 C 5 
   501 9.031 0.0 H 43 
   836 7.957 0.0 H 70 
   773 2.328 0.0 HG2 65 
   950 59.293 0.0 CA 79 
   281 1.162 0.0 HG22 26 
   902 7.893 0.0 H 75 
   455 0.769 0.0 HG13 40 
   980 176.311 0.0 C 81 
   4 2.037 0.0 HE1 3 
   79 8.06 0.0 H 10 
   1084 1.612 0.0 HB2 90 
   614 7.022 0.0 HE2 51 
   340 122.775 0.0 N 30 
   308 3.145 0.0 HD2 28 
   1267 2.298 0.0 HE2 104 
   967 133.192 0.0 CD2 80 
   304 9.619 0.0 H 28 
   1181 3.087 0.0 HD2 97 
   920 0.842 0.0 HD11 77 
   1279 1.426 0.0 HB1 105 
   386 176.483 0.0 C 34 
   1054 2.509 0.0 HB3 87 
   732 8.751 0.0 H 61 
   432 9.458 0.0 H 39 
   771 1.946 0.0 HB2 65 
   332 0.674 0.0 HG21 30 
   1045 2.116 0.0 HG3 86 
   1234 1.301 0.0 HG3 102 
   247 1.908 0.0 HG3 23 
   1236 59.169 0.0 CA 102 
   472 7.087 0.0 HE2 41 
   1090 0.902 0.0 HD22 90 
   342 4.566 0.0 HA 31 
   355 4.887 0.0 HA 32 
   1194 2.763 0.0 HB3 98 
   781 4.059 0.0 HA 66 
   337 34.762 0.0 CB 30 
   249 57.172 0.0 CA 23 
   632 1.861 0.0 HG3 52 
   759 1.816 0.0 HB3 64 
   53 178.059 0.0 C 7 
   31 0.884 0.0 HG21 5 
   1255 127.212 0.0 CD1 103 
   554 1.442 0.0 HG3 47 
   32 0.884 0.0 HG22 5 
   436 0.827 0.0 HD12 39 
   749 4.537 0.0 HB 63 
   305 4.445 0.0 HA 28 
   635 43.598 0.0 CD 52 
   450 8.934 0.0 H 40 
   696 8.306 0.0 H 58 
   1264 2.067 0.0 HB2 104 
   1195 3.779 0.0 HD2 98 
   947 0.488 0.0 HG22 79 
   119 1.401 0.0 HB1 13 
   1122 47.672 0.0 CA 92 
   729 118.264 0.0 CE1 60 
   335 173.89 0.0 C 30 
   1032 2.265 0.0 HB3 85 
   1183 1.544 0.0 HG2 97 
   1193 1.534 0.0 HB2 98 
   25 8.177 0.0 H 5 
   1105 0.62 0.0 HD13 91 
   766 31.923 0.0 CB 64 
   1124 7.615 0.0 H 93 
   504 1.708 0.0 HB3 43 
   633 55.616 0.0 CA 52 
   894 3.907 0.0 HD3 74 
   717 4.115 0.0 HA 60 
   135 4.394 0.0 HA 15 
   258 7.074 0.0 HD2 24 
   24 122.855 0.0 N 4 
   1085 1.073 0.0 HB3 90 
   585 44.054 0.0 CB 49 
   1019 0.647 0.0 HD22 84 
   191 177.964 0.0 C 19 
   38 20.453 0.0 CG2 5 
   1151 0.839 0.0 HD23 94 
   433 4.323 0.0 HA 39 
   274 58.413 0.0 CA 25 
   217 2.12 0.0 HB2 21 
   691 59.107 0.0 CA 57 
   881 17.673 0.0 CG2 72 
   707 3.962 0.0 HB 59 
   622 131.675 0.0 CE2 51 
   101 2.227 0.0 HG2 11 
   1246 7.018 0.0 HD1 103 
   895 2.112 0.0 HG2 74 
   724 178.019 0.0 C 60 
   309 3.084 0.0 HD3 28 
   1081 120.776 0.0 N 89 
   1139 22.143 0.0 CD2 93 
   752 1.15 0.0 HG23 63 
   1285 120.951 0.0 N 105 
   992 1.901 0.0 HB3 82 
   89 1.587 0.0 HG 10 
   134 8.205 0.0 H 15 
   1342 1.398 0.0 HB3 110 
   584 53.785 0.0 CA 49 
   823 27.438 0.0 CG 68 
   1249 6.678 0.0 HH2 103 
   477 132.608 0.0 CD1 41 
   994 2.169 0.0 HG3 82 
   292 0.75 0.0 HD11 27 
   1053 2.584 0.0 HB2 87 
   577 0.712 0.0 HD12 49 
   830 2.202 0.0 HG3 69 
   389 9.379 0.0 H 35 
   784 7.328 0.0 HE21 66 
   105 29.983 0.0 CB 11 
   1146 0.88 0.0 HD11 94 
   1175 45.733 0.0 CA 96 
   592 1.613 0.0 HB2 50 
   607 8.847 0.0 H 51 
   1284 17.87 0.0 CB 105 
   1076 4.014 0.0 HB2 89 
   1136 58.032 0.0 CA 93 
   368 117.341 0.0 CE2 32 
   1260 121.319 0.0 N 103 
   1157 23.025 0.0 CD2 94 
   1064 0.724 0.0 HG13 88 
   627 2.135 0.0 HB2 52 
   1229 1.65 0.0 HD2 102 
   940 8.683 0.0 H 79 
   1115 28.558 0.0 CG1 91 
   312 176.07 0.0 C 28 
   7 2.532 0.0 HG2 3 
   498 28.39 0.0 CG1 42 
   196 119.142 0.0 N 19 
   1173 3.752 0.0 HA3 96 
   509 0.797 0.0 HD22 43 
   670 0.563 0.0 HD11 56 
   1209 45.495 0.0 CA 99 
   492 0.921 0.0 HG22 42 
   316 26.623 0.0 CG 28 
   1127 1.079 0.0 HB3 93 
   466 4.852 0.0 HA 41 
   780 7.728 0.0 H 66 
   594 1.556 0.0 HD2 50 
   353 111.73 0.0 NE2 31 
   1070 35.256 0.0 CB 88 
   240 27.348 0.0 CG 22 
   1258 114.304 0.0 CZ2 103 
   1022 175.527 0.0 C 84 
   1214 4.42 0.0 HB3 100 
   762 2.185 0.0 HG2 64 
   1137 41.703 0.0 CB 93 
   1318 50.22 0.0 CD 108 
   1130 -0.102 0.0 HD13 93 
   841 0.635 0.0 HD13 70 
   853 125.545 0.0 N 70 
   327 4.941 0.0 HA 30 
   10 55.604 0.0 CA 3 
   81 1.659 0.0 HB2 10 
   1134 1.465 0.0 HG 93 
   809 25.235 0.0 CG 67 
   1091 0.902 0.0 HD23 90 
   718 3.132 0.0 HB2 60 
   185 2.046 0.0 HB3 19 
   515 25.078 0.0 CD1 43 
   75 57.507 0.0 CA 9 
   519 9.087 0.0 H 44 
   776 59.383 0.0 CA 65 
   996 59.66 0.0 CA 82 
   238 30.597 0.0 CB 22 
   757 3.427 0.0 HA 64 
   339 23.077 0.0 CG2 30 
   280 1.162 0.0 HG21 26 
   1185 174.894 0.0 C 97 
   876 175.825 0.0 C 72 
   572 9.364 0.0 H 49 
   480 130.657 0.0 CE2 41 
   1145 1.482 0.0 HB3 94 
   688 7.208 0.0 HE21 57 
   839 0.635 0.0 HD11 70 
   1050 114.682 0.0 N 86 
   1013 1.467 0.0 HB2 84 
   120 1.401 0.0 HB2 13 
   571 120.823 0.0 N 48 
   410 115.94 0.0 N 36 
   446 15.099 0.0 CD1 39 
   440 0.365 0.0 HG21 39 
   277 7.753 0.0 H 26 
   984 131.99 0.0 CD2 81 
   468 2.612 0.0 HB3 41 
   1017 0.451 0.0 HD13 84 
   805 53.307 0.0 CA 67 
   1078 175.634 0.0 C 89 
   772 1.946 0.0 HB3 65 
   942 1.744 0.0 HB 79 
   205 0.854 0.0 HD22 20 
   641 3.873 0.0 HD2 53 
   167 31.857 0.0 CB 17 
   1204 125.256 0.0 N 98 
   1303 53.158 0.0 CA 107 
   892 1.915 0.0 HB3 74 
   381 26.709 0.0 CG 33 
   334 0.674 0.0 HG23 30 
   800 0.36 0.0 HD21 67 
   51 1.354 0.0 HB2 7 
   357 2.697 0.0 HB3 32 
   16 1.968 0.0 HB2 4 
   976 6.984 0.0 HD2 81 
   1191 7.999 0.0 H 98 
   690 0.608 0.0 HG3 57 
   378 54.137 0.0 CA 33 
   637 125.064 0.0 N 52 
   411 7.908 0.0 H 37 
   1155 41.391 0.0 CB 94 
   251 35.763 0.0 CG 23 
   1109 0.555 0.0 HG22 91 
   837 4.508 0.0 HA 70 
   1252 181.021 0.0 C 103 
   774 2.196 0.0 HG3 65 
   528 7.355 0.0 H 45 
   1129 -0.102 0.0 HD12 93 
   792 110.754 0.0 NE2 66 
   1187 28.806 0.0 CB 97 
   654 175.841 0.0 C 54 
   1121 176.157 0.0 C 92 
   539 8.1 0.0 H 46 
   713 68.111 0.0 CB 59 
   211 25.394 0.0 CD1 20 
   674 0.1 0.0 HD22 56 
   1212 4.419 0.0 HA 100 
   279 4.215 0.0 HB 26 
   476 39.031 0.0 CB 41 
   417 6.622 0.0 H 38 
   257 7.074 0.0 HD1 24 
   65 38.639 0.0 CB 8 
   1295 36.323 0.0 CG 106 
   644 1.601 0.0 HG3 53 
   303 119.999 0.0 N 27 
   181 119.875 0.0 N 18 
   153 43.249 0.0 CD 16 
   628 1.678 0.0 HB3 52 
   1057 44.193 0.0 CB 87 
   496 38.247 0.0 CB 42 
   59 2.776 0.0 HB2 8 
   166 57.361 0.0 CA 17 
   1133 0.068 0.0 HD23 93 
   526 17.978 0.0 CB 44 
   208 178.43 0.0 C 20 
   694 124.612 0.0 N 57 
   591 5.454 0.0 HA 50 
   441 0.365 0.0 HG22 39 
   1149 0.839 0.0 HD21 94 
   590 8.188 0.0 H 50 
   716 7.089 0.0 H 60 
   651 4.702 0.0 HA 54 
   532 6.441 0.0 HD21 45 
   602 35.539 0.0 CB 50 
   143 4.203 0.0 HA 16 
   744 52.177 0.0 CA 62 
   1058 121.904 0.0 N 87 
   700 0.928 0.0 HB3 58 
   616 176.043 0.0 C 51 
   197 8.034 0.0 H 20 
   698 0.928 0.0 HB1 58 
   392 1.95 0.0 HB3 35 
   371 4.439 0.0 HA 33 
   910 8.418 0.0 H 76 
   893 3.803 0.0 HD2 74 
   541 3.176 0.0 HB2 46 
   870 0.687 0.0 HD13 72 
   1324 1.06 0.0 HD11 109 
   270 4.133 0.0 HA 25 
   961 6.559 0.0 HE1 80 
   322 171.729 0.0 C 29 
   760 3.713 0.0 HD2 64 
   860 175.775 0.0 C 71 
   1158 26.897 0.0 CG 94 
   1097 26.006 0.0 CD2 90 
   117 8.142 0.0 H 13 
   154 27.325 0.0 CG 16 
   882 129.755 0.0 N 72 
   983 131.99 0.0 CD1 81 
   1110 0.555 0.0 HG23 91 
   1316 62.878 0.0 CA 108 
   520 3.968 0.0 HA 44 
   215 8.157 0.0 H 21 
   1126 1.663 0.0 HB2 93 
   148 1.556 0.0 HG2 16 
   198 4.193 0.0 HA 20 
   775 178.76 0.0 C 65 
   566 1.94 0.0 HG3 48 
   297 0.897 0.0 HD23 27 
   216 4.037 0.0 HA 21 
   819 177.1 0.0 C 68 
   619 131.545 0.0 CD1 51 
   1346 127.482 0.0 N 110 
   284 59.488 0.0 CA 26 
   531 2.661 0.0 HB3 45 
   1292 174.911 0.0 C 106 
   190 2.638 0.0 HG3 19 
   1179 1.643 0.0 HB2 97 
   478 132.608 0.0 CD2 41 
   473 6.866 0.0 HZ 41 
   657 111.513 0.0 N 54 
   384 3.925 0.0 HB2 34 
   146 3.165 0.0 HD2 16 
   666 7.22 0.0 H 56 
   1002 4.209 0.0 HB 83 
   260 6.701 0.0 HE2 24 
   291 1.158 0.0 HB3 27 
   1075 4.745 0.0 HA 89 
   1241 119.022 0.0 N 102 
   495 61.316 0.0 CA 42 
   404 2.193 0.0 HG2 36 
   1012 4.131 0.0 HA 84 
   652 2.966 0.0 HB2 54 
   43 3.824 0.0 HB3 6 
   400 7.08 0.0 H 36 
   914 45.558 0.0 CA 76 
   106 36.09 0.0 CG 11 
   300 43.838 0.0 CB 27 
   505 0.893 0.0 HD11 43 
   70 1.998 0.0 HB2 9 
   630 3.332 0.0 HD3 52 
   1341 1.398 0.0 HB2 110 
   952 21.455 0.0 CG1 79 
   561 8.308 0.0 H 48 
   1197 1.615 0.0 HG2 98 
   615 7.149 0.0 HZ 51 
   551 3.179 0.0 HD2 47 
   1348 4.214 0.0 HA 111 
   956 5.161 0.0 HA 80 
   923 0.824 0.0 HD21 77 
   377 1.378 0.0 HG3 33 
   1177 8.717 0.0 H 97 
   439 0.821 0.0 HG13 39 
   831 174.904 0.0 C 69 
   661 3.034 0.0 HB3 55 
   1265 2.339 0.0 HB3 104 
   121 1.401 0.0 HB3 13 
   548 4.133 0.0 HA 47 
   138 175.478 0.0 C 15 
   1041 4.768 0.0 HA 86 
   811 7.214 0.0 H 68 
   835 118.394 0.0 N 69 
   1169 36.454 0.0 CG 95 
   1309 2.209 0.0 HB2 108 
   791 117.742 0.0 N 66 
   1286 6.969 0.0 H 106 
   261 175.685 0.0 C 24 
   397 28.457 0.0 CB 35 
   183 4.2 0.0 HA 19 
   951 34.536 0.0 CB 79 
   149 1.556 0.0 HG3 16 
   467 3.304 0.0 HB2 41 
   969 117.499 0.0 CE2 80 
   268 118.678 0.0 N 24 
   1166 176.559 0.0 C 95 
   475 56.064 0.0 CA 41 
   581 0.789 0.0 HD23 49 
   255 2.895 0.0 HB2 24 
   136 3.912 0.0 HB2 15 
   94 23.445 0.0 CD2 10 
   1152 1.717 0.0 HG 94 
   777 28.454 0.0 CB 65 
   1069 61.447 0.0 CA 88 
   488 0.685 0.0 HD13 42 
   364 38.922 0.0 CB 32 
   188 2.03 0.0 HE3 19 
   336 60.933 0.0 CA 30 
   513 54.59 0.0 CA 43 
   1048 34.491 0.0 CB 86 
   290 1.67 0.0 HB2 27 
   968 117.499 0.0 CE1 80 
   1226 3.979 0.0 HA 102 
   795 1.403 0.0 HB2 67 
   96 121.828 0.0 N 10 
   67 112.954 0.0 ND2 8 
   901 27.83 0.0 CG 74 
   659 4.94 0.0 HA 55 
   986 130.512 0.0 CE2 81 
   549 1.794 0.0 HB2 47 
   971 8.68 0.0 H 81 
   681 23.002 0.0 CD2 56 
   390 4.039 0.0 HA 35 
   326 8.245 0.0 H 30 
   40 8.389 0.0 H 6 
   1178 4.322 0.0 HA 97 
   233 3.132 0.0 HD3 22 
   740 1.112 0.0 HB1 62 
   928 54.378 0.0 CA 77 
   1005 1.317 0.0 HG23 83 
   1186 55.877 0.0 CA 97 
   499 17.509 0.0 CG2 42 
   254 4.315 0.0 HA 24 
   636 27.315 0.0 CG 52 
   62 7.585 0.0 HD22 8 
   1257 124.8 0.0 CH2 103 
   113 178.397 0.0 C 12 
   454 0.769 0.0 HG12 40 
   731 124.377 0.0 N 60 
   1114 13.047 0.0 CD1 91 
   273 172.134 0.0 C 25 
   625 9.528 0.0 H 52 
   1119 3.827 0.0 HA2 92 
   1248 6.803 0.0 HE3 103 
   1128 -0.102 0.0 HD11 93 
   672 0.563 0.0 HD13 56 
   234 1.658 0.0 HG2 22 
   692 28.159 0.0 CB 57 
   1080 64.469 0.0 CB 89 
   817 1.801 0.0 HG2 68 
   1328 1.014 0.0 HD22 109 
   1066 0.83 0.0 HG22 88 
   736 45.0 0.0 CA 61 
   382 130.005 0.0 N 33 
   108 8.113 0.0 H 12 
   448 19.58 0.0 CG2 39 
   1163 2.236 0.0 HB3 95 
   351 33.242 0.0 CG 31 
   296 0.897 0.0 HD22 27 
   1138 24.399 0.0 CD1 93 
   235 1.535 0.0 HG3 22 
   565 2.222 0.0 HG2 48 
   1322 1.658 0.0 HB2 109 
   1107 0.614 0.0 HG13 91 
   798 -0.04 0.0 HD12 67 
   165 177.442 0.0 C 17 
   294 0.75 0.0 HD13 27 
   485 1.815 0.0 HB 42 
   522 1.364 0.0 HB2 44 
   1321 4.315 0.0 HA 109 
   1253 62.775 0.0 CA 103 
   912 3.67 0.0 HA3 76 
   369 124.536 0.0 N 32 
   343 1.96 0.0 HB2 31 
   130 175.451 0.0 C 14 
   264 132.98 0.0 CD1 24 
   617 56.966 0.0 CA 51 
   1088 0.758 0.0 HD13 90 
   648 49.824 0.0 CD 53 
   879 13.45 0.0 CD1 72 
   275 64.876 0.0 CB 25 
   172 4.121 0.0 HA 18 
   474 174.17 0.0 C 41 
   785 2.378 0.0 HG2 66 
   1112 64.55 0.0 CA 91 
   721 7.329 0.0 HD2 60 
   1071 21.209 0.0 CG1 88 
   767 49.993 0.0 CD 64 
   1141 120.762 0.0 N 93 
   1274 15.91 0.0 CE 104 
   370 8.36 0.0 H 33 
   1217 116.809 0.0 N 100 
   23 36.128 0.0 CG 4 
   100 1.977 0.0 HB3 11 
   444 61.503 0.0 CA 39 
   379 30.12 0.0 CB 33 
   158 2.044 0.0 HB2 17 
   147 3.165 0.0 HD3 16 
   1327 1.014 0.0 HD21 109 
   91 56.126 0.0 CA 10 
   186 2.03 0.0 HE1 19 
   109 4.201 0.0 HA 12 
   195 32.102 0.0 CG 19 
   202 0.832 0.0 HD12 20 
   483 9.051 0.0 H 42 
   349 54.359 0.0 CA 31 
   266 118.071 0.0 CE1 24 
   801 0.36 0.0 HD22 67 
   965 41.026 0.0 CB 80 
   886 3.722 0.0 HB3 73 
   511 1.668 0.0 HG 43 
   802 0.36 0.0 HD23 67 
   1089 0.902 0.0 HD21 90 
   320 3.731 0.0 HB2 29 
   726 37.813 0.0 CB 60 
   906 175.703 0.0 C 75 
   864 126.24 0.0 N 71 
   393 2.263 0.0 HG2 35 
   245 1.795 0.0 HB3 23 
   1202 43.141 0.0 CD 98 
   210 42.252 0.0 CB 20 
   1223 56.234 0.0 CA 101 
   1287 3.906 0.0 HA 106 
   73 2.204 0.0 HG3 9 
   862 32.946 0.0 CB 71 
   1171 7.722 0.0 H 96 
   818 1.681 0.0 HG3 68 
   929 42.125 0.0 CB 77 
   133 114.553 0.0 N 14 
   161 2.001 0.0 HE2 17 
   344 1.8 0.0 HB3 31 
   907 58.685 0.0 CA 75 
   438 1.863 0.0 HG12 39 
   1254 29.069 0.0 CB 103 
   402 2.002 0.0 HB2 36 
   714 19.939 0.0 CG2 59 
   606 121.409 0.0 N 50 
   1333 42.849 0.0 CB 109 
   8 2.492 0.0 HG3 3 
   1040 6.636 0.0 H 86 
   611 7.186 0.0 HD1 51 
   646 65.032 0.0 CA 53 
   1004 1.317 0.0 HG22 83 
   847 174.815 0.0 C 70 
   675 0.1 0.0 HD23 56 
   1018 0.647 0.0 HD21 84 
   1135 174.204 0.0 C 93 
   583 175.439 0.0 C 49 
   874 1.167 0.0 HG22 72 
   124 18.835 0.0 CB 13 
   1304 26.649 0.0 CB 107 
   465 9.605 0.0 H 41 
   948 0.488 0.0 HG23 79 
   6 2.037 0.0 HE3 3 
   224 28.59 0.0 CB 21 
   1106 1.169 0.0 HG12 91 
   743 177.761 0.0 C 62 
   925 0.824 0.0 HD23 77 
   878 38.256 0.0 CB 72 
   669 1.046 0.0 HB3 56 
   999 124.087 0.0 N 82 
   1148 0.88 0.0 HD13 94 
   1118 7.314 0.0 H 92 
   899 31.733 0.0 CB 74 
   599 1.166 0.0 HG3 50 
   568 54.347 0.0 CA 48 
   214 121.295 0.0 N 20 
   285 72.209 0.0 CB 26 
   26 4.098 0.0 HA 5 
   1073 121.549 0.0 N 88 
   289 4.249 0.0 HA 27 
   244 1.795 0.0 HB2 23 
   93 24.876 0.0 CD1 10 
   865 9.013 0.0 H 72 
   753 58.845 0.0 CA 63 
   314 32.647 0.0 CB 28 
   115 18.829 0.0 CB 12 
   213 26.891 0.0 CG 20 
   1067 0.83 0.0 HG23 88 
   151 57.826 0.0 CA 16 
   937 170.501 0.0 C 78 
   1037 26.953 0.0 CB 85 
   656 39.184 0.0 CB 54 
   416 108.087 0.0 N 37 
   1219 1.459 0.0 HB1 101 
   896 2.031 0.0 HG3 74 
   331 0.252 0.0 HG13 30 
   359 6.794 0.0 HD2 32 
   189 2.505 0.0 HG2 19 
   1266 2.298 0.0 HE1 104 
   1317 32.352 0.0 CB 108 
   897 177.861 0.0 C 74 
   807 25.787 0.0 CD1 67 
   919 1.608 0.0 HB3 77 
   110 1.37 0.0 HB1 12 
   733 3.771 0.0 HA2 61 
   1271 178.325 0.0 C 104 
   1262 9.18 0.0 H 104 
   399 121.527 0.0 N 35 
   128 3.873 0.0 HB2 14 
   553 1.653 0.0 HG2 47 
   1026 22.07 0.0 CD2 84 
   542 2.79 0.0 HB3 46 
   722 6.914 0.0 HE1 60 
   132 63.477 0.0 CB 14 
   1314 1.807 0.0 HG3 108 
   126 8.165 0.0 H 14 
   494 176.006 0.0 C 42 
   461 33.244 0.0 CB 40 
   833 28.69 0.0 CB 69 
   443 174.355 0.0 C 39 
   813 1.901 0.0 HB2 68 
   173 2.003 0.0 HB2 18 
   855 4.692 0.0 HA 71 
   283 174.498 0.0 C 26 
   103 177.123 0.0 C 11 
   609 3.28 0.0 HB2 51 
   664 42.87 0.0 CB 55 
   789 29.542 0.0 CB 66 
   979 6.755 0.0 HZ 81 
   1232 2.947 0.0 HE3 102 
   1034 2.094 0.0 HG3 85 
   425 0.574 0.0 HG23 38 
   1154 57.332 0.0 CA 94 
   1033 2.205 0.0 HG2 85 
   711 173.265 0.0 C 59 
   464 126.626 0.0 N 40 
   679 42.559 0.0 CB 56 
   506 0.893 0.0 HD12 43 
   735 174.325 0.0 C 61 
   140 63.455 0.0 CB 15 
   631 1.861 0.0 HG2 52 
   470 7.257 0.0 HD2 41 
   449 122.144 0.0 N 39 
   834 35.395 0.0 CG 69 
   710 -0.209 0.0 HG23 59 
   1340 1.398 0.0 HB1 110 
   107 120.956 0.0 N 11 
   21 56.669 0.0 CA 4 
   1199 175.018 0.0 C 98 
   926 1.474 0.0 HG 77 
   750 1.15 0.0 HG21 63 
   341 8.341 0.0 H 31 
   985 130.512 0.0 CE1 81 
   321 3.555 0.0 HB3 29 
   1182 3.087 0.0 HD3 97 
   187 2.03 0.0 HE2 19 
   1270 2.214 0.0 HG3 104 
   754 67.952 0.0 CB 63 
   111 1.37 0.0 HB2 12 
   559 27.613 0.0 CG 47 
   593 1.33 0.0 HB3 50 
   182 7.963 0.0 H 19 
   360 6.319 0.0 HE1 32 
   1332 55.074 0.0 CA 109 
   481 128.301 0.0 CZ 41 
   1275 32.912 0.0 CG 104 
   104 57.085 0.0 CA 11 
   85 0.86 0.0 HD13 10 
   1046 174.095 0.0 C 86 
   236 178.223 0.0 C 22 
   1049 33.733 0.0 CG 86 
   953 22.452 0.0 CG2 79 
   840 0.635 0.0 HD12 70 
   263 38.578 0.0 CB 24 
   693 31.891 0.0 CG 57 
   989 7.466 0.0 H 82 
   974 2.775 0.0 HB3 81 
   1280 1.426 0.0 HB2 105 
   374 3.051 0.0 HD2 33 
   512 178.81 0.0 C 43 
   723 6.914 0.0 HE2 60 
   413 3.768 0.0 HA3 37 
   1108 0.555 0.0 HG21 91 
   37 21.185 0.0 CG1 5 
   346 2.141 0.0 HG2 31 
   1161 4.384 0.0 HA 95 
   1144 1.93 0.0 HB2 94 
   1162 2.044 0.0 HB2 95 
   144 1.84 0.0 HB2 16 
   600 175.125 0.0 C 50 
   102 2.197 0.0 HG3 11 
   787 175.329 0.0 C 66 
   663 55.404 0.0 CA 55 
   162 2.001 0.0 HE3 17 
   1201 31.248 0.0 CB 98 
   1165 2.274 0.0 HG3 95 
   457 0.737 0.0 HG22 40 
   1198 1.141 0.0 HG3 98 
   524 176.981 0.0 C 44 
   74 177.247 0.0 C 9 
   799 -0.04 0.0 HD13 67 
   325 111.229 0.0 N 29 
   765 65.999 0.0 CA 64 
   313 56.669 0.0 CA 28 
   796 1.216 0.0 HB3 67 
   1167 56.089 0.0 CA 95 
   1015 0.451 0.0 HD11 84 
   1283 54.605 0.0 CA 105 
   1014 1.467 0.0 HB3 84 
   667 4.636 0.0 HA 56 
   507 0.893 0.0 HD13 43 
   1042 1.871 0.0 HB2 86 
   1278 3.948 0.0 HA 105 
   578 0.712 0.0 HD13 49 
   178 58.414 0.0 CA 18 
   538 106.735 0.0 ND2 45 
   1307 117.066 0.0 N 107 
   489 1.467 0.0 HG12 42 
   1120 3.681 0.0 HA3 92 
   1117 116.561 0.0 N 91 
   1092 1.466 0.0 HG 90 
   1294 30.476 0.0 CB 106 
   282 1.162 0.0 HG23 26 
   1125 3.727 0.0 HA 93 
   87 0.81 0.0 HD22 10 
   408 32.757 0.0 CB 36 
   225 33.973 0.0 CG 21 
   1132 0.068 0.0 HD22 93 
   1008 68.085 0.0 CB 83 
   1218 4.02 0.0 HA 101 
   141 117.597 0.0 N 15 
   41 4.402 0.0 HA 6 
   1113 37.084 0.0 CB 91 
   405 2.086 0.0 HG3 36 
   47 119.949 0.0 N 6 
   1095 42.674 0.0 CB 90 
   1215 58.114 0.0 CA 100 
   908 64.358 0.0 CB 75 
   941 4.752 0.0 HA 79 
   545 39.065 0.0 CB 46 
   1083 3.798 0.0 HA 90 
   816 3.22 0.0 HD3 68 
   1205 7.684 0.0 H 99 
   1308 4.342 0.0 HA 108 
   905 3.917 0.0 HB3 75 
   352 122.553 0.0 N 31 
   829 2.202 0.0 HG2 69 
   72 2.204 0.0 HG2 9 
   1343 176.868 0.0 C 110 
   647 30.867 0.0 CB 53 
   832 55.752 0.0 CA 69 
   421 0.713 0.0 HG12 38 
   99 1.977 0.0 HB2 11 
   527 122.697 0.0 N 44 
   175 2.198 0.0 HG2 18 
   563 1.791 0.0 HB2 48 
   1172 4.236 0.0 HA2 96 
   955 8.83 0.0 H 80 
   460 61.243 0.0 CA 40 
   42 3.879 0.0 HB2 6 
   1016 0.451 0.0 HD12 84 
   222 177.928 0.0 C 21 
   866 4.208 0.0 HA 72 
   562 5.281 0.0 HA 48 
   747 8.206 0.0 H 63 
   293 0.75 0.0 HD12 27 
   426 173.629 0.0 C 38 
   701 177.612 0.0 C 58 
   420 0.713 0.0 HG11 38 
   887 57.766 0.0 CA 73 
   990 3.582 0.0 HA 82 
   1301 6.147 0.0 HD2 107 
   1273 33.268 0.0 CB 104 
   1313 1.807 0.0 HG2 108 
   1305 119.178 0.0 CD2 107 
   1268 2.298 0.0 HE3 104 
   603 29.631 0.0 CD 50 
   1036 57.064 0.0 CA 85 
   11 32.91 0.0 CB 3 
   88 0.81 0.0 HD23 10 
   629 3.283 0.0 HD2 52 
   401 4.289 0.0 HA 36 
   768 28.234 0.0 CG 64 
   493 0.921 0.0 HG23 42 
   845 0.118 0.0 HG22 70 
   613 7.022 0.0 HE1 51 
   1055 175.722 0.0 C 87 
   730 118.264 0.0 CE2 60 
   500 123.192 0.0 N 42 
   883 8.586 0.0 H 73 
   576 0.712 0.0 HD11 49 
   1291 1.91 0.0 HG3 106 
   323 57.62 0.0 CA 29 
   1326 1.06 0.0 HD13 109 
   66 116.954 0.0 N 8 
   347 2.215 0.0 HG3 31 
   1233 1.398 0.0 HG2 102 
   479 130.657 0.0 CE1 41 
   668 2.211 0.0 HB2 56 
   20 176.331 0.0 C 4 
   1072 22.104 0.0 CG2 88 
   927 176.209 0.0 C 77 
   9 176.016 0.0 C 3 
   456 0.737 0.0 HG21 40 
   715 99.63 0.0 N 59 
   1231 2.947 0.0 HE2 102 
   12 16.881 0.0 CE 3 
   315 43.794 0.0 CD 28 
   365 133.168 0.0 CD1 32 
   168 16.963 0.0 CE 17 
   1099 129.702 0.0 N 90 
   560 121.275 0.0 N 47 
   177 176.883 0.0 C 18 
   1216 64.391 0.0 CB 100 
   673 0.1 0.0 HD21 56 
   272 3.847 0.0 HB3 25 
   1228 1.689 0.0 HB3 102 
   763 1.792 0.0 HG3 64 
   145 1.84 0.0 HB3 16 
   810 117.57 0.0 N 67 
   179 29.811 0.0 CB 18 
   1336 27.041 0.0 CG 109 
   259 6.701 0.0 HE1 24 
   1300 1.173 0.0 HB3 107 
   543 175.512 0.0 C 46 
   317 123.653 0.0 N 28 
   487 0.685 0.0 HD12 42 
   419 1.757 0.0 HB 38 
   497 13.076 0.0 CD1 42 
