   769 8.522 0.0 H 65 
   1219 1.459 0.0 HB1 101 
   200 1.476 0.0 HB3 20 
   98 4.131 0.0 HA 11 
   1083 3.798 0.0 HA 90 
   586 25.513 0.0 CD1 49 
   909 109.127 0.0 N 75 
   956 5.161 0.0 HA 80 
   658 8.201 0.0 H 55 
   288 9.148 0.0 H 27 
   923 0.824 0.0 HD21 77 
   4 2.037 0.0 HE1 3 
   423 0.574 0.0 HG21 38 
   1018 0.647 0.0 HD21 84 
   498 28.39 0.0 CG1 42 
   40 8.389 0.0 H 6 
   1154 57.332 0.0 CA 94 
   179 29.811 0.0 CB 18 
   1322 1.658 0.0 HB2 109 
   602 35.539 0.0 CB 50 
   493 0.921 0.0 HG23 42 
   119 1.401 0.0 HB1 13 
   839 0.635 0.0 HD11 70 
   1195 3.779 0.0 HD2 98 
   962 6.559 0.0 HE2 80 
   130 175.451 0.0 C 14 
   237 57.61 0.0 CA 22 
   446 15.099 0.0 CD1 39 
   276 113.556 0.0 N 25 
   233 3.132 0.0 HD3 22 
   708 -0.209 0.0 HG21 59 
   756 111.934 0.0 N 63 
   671 0.563 0.0 HD12 56 
   1255 127.212 0.0 CD1 103 
   666 7.22 0.0 H 56 
   302 26.014 0.0 CD2 27 
   1286 6.969 0.0 H 106 
   500 123.192 0.0 N 42 
   937 170.501 0.0 C 78 
   543 175.512 0.0 C 46 
   951 34.536 0.0 CB 79 
   111 1.37 0.0 HB2 12 
   494 176.006 0.0 C 42 
   1279 1.426 0.0 HB1 105 
   999 124.087 0.0 N 82 
   605 26.043 0.0 CG 50 
   1304 26.649 0.0 CB 107 
   448 19.58 0.0 CG2 39 
   1167 56.089 0.0 CA 95 
   1109 0.555 0.0 HG22 91 
   735 174.325 0.0 C 61 
   980 176.311 0.0 C 81 
   1281 1.426 0.0 HB3 105 
   236 178.223 0.0 C 22 
   1067 0.83 0.0 HG23 88 
   11 32.91 0.0 CB 3 
   1106 1.169 0.0 HG12 91 
   145 1.84 0.0 HB3 16 
   113 178.397 0.0 C 12 
   823 27.438 0.0 CG 68 
   850 14.445 0.0 CD1 70 
   131 59.538 0.0 CA 14 
   433 4.323 0.0 HA 39 
   267 118.071 0.0 CE2 24 
   1171 7.722 0.0 H 96 
   578 0.712 0.0 HD13 49 
   775 178.76 0.0 C 65 
   777 28.454 0.0 CB 65 
   1094 57.642 0.0 CA 90 
   739 4.298 0.0 HA 62 
   5 2.037 0.0 HE2 3 
   726 37.813 0.0 CB 60 
   846 0.118 0.0 HG23 70 
   21 56.669 0.0 CA 4 
   412 3.965 0.0 HA2 37 
   600 175.125 0.0 C 50 
   295 0.897 0.0 HD21 27 
   912 3.67 0.0 HA3 76 
   1007 65.351 0.0 CA 83 
   745 20.267 0.0 CB 62 
   333 0.674 0.0 HG22 30 
   976 6.984 0.0 HD2 81 
   127 4.342 0.0 HA 14 
   204 0.854 0.0 HD21 20 
   517 28.618 0.0 CG 43 
   942 1.744 0.0 HB 79 
   266 118.071 0.0 CE1 24 
   107 120.956 0.0 N 11 
   352 122.553 0.0 N 31 
   827 1.967 0.0 HB2 69 
   699 0.928 0.0 HB2 58 
   34 176.074 0.0 C 5 
   535 52.068 0.0 CA 45 
   489 1.467 0.0 HG12 42 
   274 58.413 0.0 CA 25 
   71 1.998 0.0 HB3 9 
   530 3.252 0.0 HB2 45 
   794 4.296 0.0 HA 67 
   1049 33.733 0.0 CG 86 
   243 4.083 0.0 HA 23 
   1342 1.398 0.0 HB3 110 
   924 0.824 0.0 HD22 77 
   1220 1.459 0.0 HB2 101 
   989 7.466 0.0 H 82 
   982 38.413 0.0 CB 81 
   1061 1.943 0.0 HB 88 
   42 3.879 0.0 HB2 6 
   926 1.474 0.0 HG 77 
   443 174.355 0.0 C 39 
   575 1.555 0.0 HB3 49 
   310 1.564 0.0 HG2 28 
   435 0.827 0.0 HD11 39 
   1350 3.803 0.0 HB3 111 
   1150 0.839 0.0 HD22 94 
   1346 127.482 0.0 N 110 
   1012 4.131 0.0 HA 84 
   263 38.578 0.0 CB 24 
   874 1.167 0.0 HG22 72 
   1158 26.897 0.0 CG 94 
   496 38.247 0.0 CB 42 
   48 8.431 0.0 H 7 
   378 54.137 0.0 CA 33 
   720 7.329 0.0 HD1 60 
   1130 -0.102 0.0 HD13 93 
   440 0.365 0.0 HG21 39 
   954 116.911 0.0 N 79 
   914 45.558 0.0 CA 76 
   833 28.69 0.0 CB 69 
   1097 26.006 0.0 CD2 90 
   268 118.678 0.0 N 24 
   1177 8.717 0.0 H 97 
   1070 35.256 0.0 CB 88 
   862 32.946 0.0 CB 71 
   31 0.884 0.0 HG21 5 
   461 33.244 0.0 CB 40 
   1086 0.758 0.0 HD11 90 
   634 28.313 0.0 CB 52 
   1349 3.803 0.0 HB2 111 
   1274 15.91 0.0 CE 104 
   312 176.07 0.0 C 28 
   419 1.757 0.0 HB 38 
   1249 6.678 0.0 HH2 103 
   193 32.162 0.0 CB 19 
   262 58.621 0.0 CA 24 
   537 114.155 0.0 N 45 
   163 2.46 0.0 HG2 17 
   672 0.563 0.0 HD13 56 
   694 124.612 0.0 N 57 
   132 63.477 0.0 CB 14 
   860 175.775 0.0 C 71 
   194 17.023 0.0 CE 19 
   203 0.832 0.0 HD13 20 
   1040 6.636 0.0 H 86 
   1300 1.173 0.0 HB3 107 
   548 4.133 0.0 HA 47 
   1272 60.65 0.0 CA 104 
   1254 29.069 0.0 CB 103 
   345 7.418 0.0 HE21 31 
   1280 1.426 0.0 HB2 105 
   558 43.885 0.0 CD 47 
   747 8.206 0.0 H 63 
   356 2.875 0.0 HB2 32 
   964 55.493 0.0 CA 80 
   844 0.118 0.0 HG21 70 
   1020 0.647 0.0 HD23 84 
   445 39.072 0.0 CB 39 
   863 35.813 0.0 CG 71 
   226 118.077 0.0 N 21 
   597 2.649 0.0 HE3 50 
   450 8.934 0.0 H 40 
   388 62.613 0.0 CB 34 
   1268 2.298 0.0 HE3 104 
   334 0.674 0.0 HG23 30 
   952 21.455 0.0 CG1 79 
   717 4.115 0.0 HA 60 
   1159 119.88 0.0 N 94 
   681 23.002 0.0 CD2 56 
   351 33.242 0.0 CG 31 
   710 -0.209 0.0 HG23 59 
   831 174.904 0.0 C 69 
   1344 52.539 0.0 CA 110 
   417 6.622 0.0 H 38 
   1072 22.104 0.0 CG2 88 
   818 1.681 0.0 HG3 68 
   234 1.658 0.0 HG2 22 
   1053 2.584 0.0 HB2 87 
   953 22.452 0.0 CG2 79 
   78 121.267 0.0 N 9 
   805 53.307 0.0 CA 67 
   325 111.229 0.0 N 29 
   828 1.967 0.0 HB3 69 
   1247 9.086 0.0 HE1 103 
   983 131.99 0.0 CD1 81 
   254 4.315 0.0 HA 24 
   1037 26.953 0.0 CB 85 
   1223 56.234 0.0 CA 101 
   218 1.928 0.0 HB3 21 
   678 52.687 0.0 CA 56 
   1038 37.004 0.0 CG 85 
   307 1.446 0.0 HB3 28 
   1269 2.941 0.0 HG2 104 
   639 2.014 0.0 HB2 53 
   409 36.871 0.0 CG 36 
   1186 55.877 0.0 CA 97 
   1161 4.384 0.0 HA 95 
   30 0.883 0.0 HG13 5 
   260 6.701 0.0 HE2 24 
   354 9.231 0.0 H 32 
   185 2.046 0.0 HB3 19 
   1246 7.018 0.0 HD1 103 
   482 128.169 0.0 N 41 
   499 17.509 0.0 CG2 42 
   908 64.358 0.0 CB 75 
   473 6.866 0.0 HZ 41 
   405 2.086 0.0 HG3 36 
   776 59.383 0.0 CA 65 
   1141 120.762 0.0 N 93 
   864 126.24 0.0 N 71 
   884 4.521 0.0 HA 73 
   335 173.89 0.0 C 30 
   72 2.204 0.0 HG2 9 
   521 1.364 0.0 HB1 44 
   393 2.263 0.0 HG2 35 
   341 8.341 0.0 H 31 
   1026 22.07 0.0 CD2 84 
   466 4.852 0.0 HA 41 
   670 0.563 0.0 HD11 56 
   330 0.252 0.0 HG12 30 
   542 2.79 0.0 HB3 46 
   320 3.731 0.0 HB2 29 
   249 57.172 0.0 CA 23 
   932 26.477 0.0 CG 77 
   336 60.933 0.0 CA 30 
   190 2.638 0.0 HG3 19 
   479 130.657 0.0 CE1 41 
   327 4.941 0.0 HA 30 
   822 43.453 0.0 CD 68 
   957 2.892 0.0 HB2 80 
   314 32.647 0.0 CB 28 
   565 2.222 0.0 HG2 48 
   167 31.857 0.0 CB 17 
   1311 3.315 0.0 HD2 108 
   1031 2.094 0.0 HB2 85 
   984 131.99 0.0 CD2 81 
   866 4.208 0.0 HA 72 
   1027 26.393 0.0 CG 84 
   734 3.361 0.0 HA3 61 
   1155 41.391 0.0 CB 94 
   919 1.608 0.0 HB3 77 
   868 0.687 0.0 HD11 72 
   45 58.096 0.0 CA 6 
   1142 8.317 0.0 H 94 
   654 175.841 0.0 C 54 
   724 178.019 0.0 C 60 
   1153 178.947 0.0 C 94 
   192 57.55 0.0 CA 19 
   372 1.712 0.0 HB2 33 
   723 6.914 0.0 HE2 60 
   309 3.084 0.0 HD3 28 
   878 38.256 0.0 CB 72 
   1047 54.406 0.0 CA 86 
   27 2.016 0.0 HB 5 
   997 30.452 0.0 CB 82 
   349 54.359 0.0 CA 31 
   1228 1.689 0.0 HB3 102 
   442 0.365 0.0 HG23 39 
   1112 64.55 0.0 CA 91 
   1000 9.023 0.0 H 83 
   651 4.702 0.0 HA 54 
   158 2.044 0.0 HB2 17 
   51 1.354 0.0 HB2 7 
   1095 42.674 0.0 CB 90 
   561 8.308 0.0 H 48 
   1100 7.464 0.0 H 91 
   713 68.111 0.0 CB 59 
   357 2.697 0.0 HB3 32 
   590 8.188 0.0 H 50 
   360 6.319 0.0 HE1 32 
   598 1.28 0.0 HG2 50 
   931 23.53 0.0 CD2 77 
   280 1.162 0.0 HG21 26 
   516 24.929 0.0 CD2 43 
   109 4.201 0.0 HA 12 
   695 109.665 0.0 NE2 57 
   638 4.146 0.0 HA 53 
   157 4.205 0.0 HA 17 
   316 26.623 0.0 CG 28 
   945 0.692 0.0 HG13 79 
   53 178.059 0.0 C 7 
   564 1.672 0.0 HB3 48 
   462 21.236 0.0 CG1 40 
   911 4.276 0.0 HA2 76 
   1337 122.868 0.0 N 109 
   39 121.499 0.0 N 5 
   963 175.006 0.0 C 80 
   315 43.794 0.0 CD 28 
   719 2.799 0.0 HB3 60 
   940 8.683 0.0 H 79 
   1136 58.032 0.0 CA 93 
   100 1.977 0.0 HB3 11 
   652 2.966 0.0 HB2 54 
   1303 53.158 0.0 CA 107 
   975 6.984 0.0 HD1 81 
   50 1.354 0.0 HB1 7 
   221 2.215 0.0 HG3 21 
   662 175.935 0.0 C 55 
   992 1.901 0.0 HB3 82 
   810 117.57 0.0 N 67 
   303 119.999 0.0 N 27 
   987 127.489 0.0 CZ 81 
   1192 3.921 0.0 HA 98 
   231 1.794 0.0 HB3 22 
   969 117.499 0.0 CE2 80 
   250 30.144 0.0 CB 23 
   54 53.151 0.0 CA 7 
   160 2.001 0.0 HE1 17 
   99 1.977 0.0 HB2 11 
   925 0.824 0.0 HD23 77 
   946 0.488 0.0 HG21 79 
   1351 59.865 0.0 CA 111 
   1317 32.352 0.0 CB 108 
   1008 68.085 0.0 CB 83 
   143 4.203 0.0 HA 16 
   1135 174.204 0.0 C 93 
   1068 174.389 0.0 C 88 
   1133 0.068 0.0 HD23 93 
   1176 107.323 0.0 N 96 
   816 3.22 0.0 HD3 68 
   921 0.842 0.0 HD12 77 
   1310 1.86 0.0 HB3 108 
   118 4.218 0.0 HA 13 
   1299 2.411 0.0 HB2 107 
   800 0.36 0.0 HD21 67 
   1045 2.116 0.0 HG3 86 
   255 2.895 0.0 HB2 24 
   14 8.628 0.0 H 4 
   889 125.865 0.0 N 73 
   627 2.135 0.0 HB2 52 
   1353 121.137 0.0 N 111 
   432 9.458 0.0 H 39 
   1016 0.451 0.0 HD12 84 
   269 7.403 0.0 H 25 
   1165 2.274 0.0 HG3 95 
   852 18.6 0.0 CG2 70 
   606 121.409 0.0 N 50 
   757 3.427 0.0 HA 64 
   223 57.396 0.0 CA 21 
   398 36.377 0.0 CG 35 
   583 175.439 0.0 C 49 
   458 0.737 0.0 HG23 40 
   853 125.545 0.0 N 70 
   346 2.141 0.0 HG2 31 
   287 104.093 0.0 N 26 
   557 30.762 0.0 CB 47 
   973 3.113 0.0 HB2 81 
   563 1.791 0.0 HB2 48 
   475 56.064 0.0 CA 41 
   629 3.283 0.0 HD2 52 
   337 34.762 0.0 CB 30 
   1339 4.335 0.0 HA 110 
   410 115.94 0.0 N 36 
   1147 0.88 0.0 HD12 94 
   1179 1.643 0.0 HB2 97 
   855 4.692 0.0 HA 71 
   865 9.013 0.0 H 72 
   1207 3.902 0.0 HA3 99 
   1113 37.084 0.0 CB 91 
   1301 6.147 0.0 HD2 107 
   895 2.112 0.0 HG2 74 
   722 6.914 0.0 HE1 60 
   996 59.66 0.0 CA 82 
   205 0.854 0.0 HD22 20 
   648 49.824 0.0 CD 53 
   1241 119.022 0.0 N 102 
   659 4.94 0.0 HA 55 
   95 26.946 0.0 CG 10 
   392 1.95 0.0 HB3 35 
   431 105.549 0.0 N 38 
   311 1.421 0.0 HG3 28 
   36 32.906 0.0 CB 5 
   408 32.757 0.0 CB 36 
   762 2.185 0.0 HG2 64 
   1264 2.067 0.0 HB2 104 
   3 1.935 0.0 HB3 3 
   904 3.917 0.0 HB2 75 
   618 43.776 0.0 CB 51 
   680 24.042 0.0 CD1 56 
   843 0.613 0.0 HG13 70 
   1143 4.015 0.0 HA 94 
   898 65.658 0.0 CA 74 
   1312 3.044 0.0 HD3 108 
   371 4.439 0.0 HA 33 
   251 35.763 0.0 CG 23 
   1104 0.62 0.0 HD12 91 
   732 8.751 0.0 H 61 
   1051 8.63 0.0 H 87 
   1235 177.978 0.0 C 102 
   264 132.98 0.0 CD1 24 
   788 57.206 0.0 CA 66 
   733 3.771 0.0 HA2 61 
   230 1.794 0.0 HB2 22 
   663 55.404 0.0 CA 55 
   1090 0.902 0.0 HD22 90 
   271 4.022 0.0 HB2 25 
   1131 0.068 0.0 HD21 93 
   1180 1.643 0.0 HB3 97 
   692 28.159 0.0 CB 57 
   806 41.98 0.0 CB 67 
   513 54.59 0.0 CA 43 
   170 119.345 0.0 N 17 
   495 61.316 0.0 CA 42 
   623 129.351 0.0 CZ 51 
   522 1.364 0.0 HB2 44 
   454 0.769 0.0 HG12 40 
   1244 3.125 0.0 HB2 103 
   1129 -0.102 0.0 HD12 93 
   1273 33.268 0.0 CB 104 
   447 29.191 0.0 CG1 39 
   743 177.761 0.0 C 62 
   129 3.873 0.0 HB3 14 
   902 7.893 0.0 H 75 
   928 54.378 0.0 CA 77 
   892 1.915 0.0 HB3 74 
   1259 121.776 0.0 CZ3 103 
   197 8.034 0.0 H 20 
   547 7.703 0.0 H 47 
   545 39.065 0.0 CB 46 
   1258 114.304 0.0 CZ2 103 
   820 58.094 0.0 CA 68 
   933 115.627 0.0 N 77 
   79 8.06 0.0 H 10 
   1019 0.647 0.0 HD22 84 
   520 3.968 0.0 HA 44 
   971 8.68 0.0 H 81 
   464 126.626 0.0 N 40 
   1320 8.467 0.0 H 109 
   1316 62.878 0.0 CA 108 
   28 0.883 0.0 HG11 5 
   26 4.098 0.0 HA 5 
   1124 7.615 0.0 H 93 
   151 57.826 0.0 CA 16 
   534 175.729 0.0 C 45 
   625 9.528 0.0 H 52 
   721 7.329 0.0 HD2 60 
   1315 176.899 0.0 C 108 
   292 0.75 0.0 HD11 27 
   1078 175.634 0.0 C 89 
   1173 3.752 0.0 HA3 96 
   219 7.622 0.0 HE21 21 
   555 174.209 0.0 C 47 
   1110 0.555 0.0 HG23 91 
   469 7.257 0.0 HD1 41 
   507 0.893 0.0 HD13 43 
   470 7.257 0.0 HD2 41 
   1079 56.08 0.0 CA 89 
   206 0.854 0.0 HD23 20 
   706 3.734 0.0 HA 59 
   270 4.133 0.0 HA 25 
   1082 8.799 0.0 H 90 
   480 130.657 0.0 CE2 41 
   326 8.245 0.0 H 30 
   702 54.433 0.0 CA 58 
   1275 32.912 0.0 CG 104 
   394 2.204 0.0 HG3 35 
   873 1.167 0.0 HG21 72 
   718 3.132 0.0 HB2 60 
   1075 4.745 0.0 HA 89 
   995 178.206 0.0 C 82 
   559 27.613 0.0 CG 47 
   1005 1.317 0.0 HG23 83 
   1233 1.398 0.0 HG2 102 
   1162 2.044 0.0 HB2 95 
   599 1.166 0.0 HG3 50 
   582 1.602 0.0 HG 49 
   803 1.287 0.0 HG 67 
   981 57.116 0.0 CA 81 
   256 2.791 0.0 HB3 24 
   1032 2.265 0.0 HB3 85 
   171 8.19 0.0 H 18 
   384 3.925 0.0 HB2 34 
   701 177.612 0.0 C 58 
   857 2.042 0.0 HB3 71 
   181 119.875 0.0 N 18 
   1091 0.902 0.0 HD23 90 
   790 34.742 0.0 CG 66 
   849 42.252 0.0 CB 70 
   321 3.555 0.0 HB3 29 
   148 1.556 0.0 HG2 16 
   1215 58.114 0.0 CA 100 
   1039 114.551 0.0 N 85 
   328 1.586 0.0 HB 30 
   123 53.303 0.0 CA 13 
   626 4.903 0.0 HA 52 
   140 63.455 0.0 CB 15 
   1111 177.553 0.0 C 91 
   279 4.215 0.0 HB 26 
   1152 1.717 0.0 HG 94 
   918 1.608 0.0 HB2 77 
   80 4.197 0.0 HA 10 
   491 0.921 0.0 HG21 42 
   869 0.687 0.0 HD12 72 
   323 57.62 0.0 CA 29 
   77 36.292 0.0 CG 9 
   712 59.886 0.0 CA 59 
   871 1.629 0.0 HG12 72 
   1210 105.916 0.0 N 99 
   819 177.1 0.0 C 68 
   978 6.86 0.0 HE2 81 
   761 3.801 0.0 HD3 64 
   1028 116.818 0.0 N 84 
   752 1.15 0.0 HG23 63 
   750 1.15 0.0 HG21 63 
   1298 4.435 0.0 HA 107 
   572 9.364 0.0 H 49 
   457 0.737 0.0 HG22 40 
   1160 7.738 0.0 H 95 
   1347 7.888 0.0 H 111 
   640 2.014 0.0 HB3 53 
   1323 1.528 0.0 HB3 109 
   239 43.459 0.0 CD 22 
   832 55.752 0.0 CA 69 
   428 35.509 0.0 CB 38 
   222 177.928 0.0 C 21 
   991 1.901 0.0 HB2 82 
   261 175.685 0.0 C 24 
   915 109.752 0.0 N 76 
   1193 1.534 0.0 HB2 98 
   591 5.454 0.0 HA 50 
   1103 0.62 0.0 HD11 91 
   994 2.169 0.0 HG3 82 
   361 6.319 0.0 HE2 32 
   986 130.512 0.0 CE2 81 
   927 176.209 0.0 C 77 
   277 7.753 0.0 H 26 
   1224 17.772 0.0 CB 101 
   18 2.199 0.0 HG2 4 
   61 6.882 0.0 HD21 8 
   282 1.162 0.0 HG23 26 
   834 35.395 0.0 CG 69 
   1139 22.143 0.0 CD2 93 
   1073 121.549 0.0 N 88 
   411 7.908 0.0 H 37 
   358 6.794 0.0 HD1 32 
   728 133.724 0.0 CD2 60 
   465 9.605 0.0 H 41 
   742 1.112 0.0 HB3 62 
   383 3.616 0.0 HA 34 
   768 28.234 0.0 CG 64 
   631 1.861 0.0 HG2 52 
   252 119.302 0.0 N 23 
   136 3.912 0.0 HB2 15 
   1041 4.768 0.0 HA 86 
   1318 50.22 0.0 CD 108 
   377 1.378 0.0 HG3 33 
   778 36.644 0.0 CG 65 
   546 111.628 0.0 N 46 
   348 174.131 0.0 C 31 
   1033 2.205 0.0 HG2 85 
   1267 2.298 0.0 HE2 104 
   1058 121.904 0.0 N 87 
   259 6.701 0.0 HE1 24 
   403 1.619 0.0 HB3 36 
   1333 42.849 0.0 CB 109 
   1265 2.339 0.0 HB3 104 
   1034 2.094 0.0 HG3 85 
   108 8.113 0.0 H 12 
   211 25.394 0.0 CD1 20 
   296 0.897 0.0 HD22 27 
   329 0.252 0.0 HG11 30 
   551 3.179 0.0 HD2 47 
   12 16.881 0.0 CE 3 
   1313 1.807 0.0 HG2 108 
   1285 120.951 0.0 N 105 
   758 2.241 0.0 HB2 64 
   70 1.998 0.0 HB2 9 
   614 7.022 0.0 HE2 51 
   213 26.891 0.0 CG 20 
   691 59.107 0.0 CA 57 
   291 1.158 0.0 HB3 27 
   960 6.868 0.0 HD2 80 
   414 174.303 0.0 C 37 
   413 3.768 0.0 HA3 37 
   882 129.755 0.0 N 72 
   854 8.778 0.0 H 71 
   856 2.042 0.0 HB2 71 
   340 122.775 0.0 N 30 
   122 178.794 0.0 C 13 
   1340 1.398 0.0 HB1 110 
   1036 57.064 0.0 CA 85 
   125 122.326 0.0 N 13 
   774 2.196 0.0 HG3 65 
   355 4.887 0.0 HA 32 
   785 2.378 0.0 HG2 66 
   619 131.545 0.0 CD1 51 
   529 4.564 0.0 HA 45 
   893 3.803 0.0 HD2 74 
   293 0.75 0.0 HD12 27 
   550 1.794 0.0 HB3 47 
   1074 8.503 0.0 H 89 
   365 133.168 0.0 CD1 32 
   102 2.197 0.0 HG3 11 
   1023 54.419 0.0 CA 84 
   430 18.467 0.0 CG2 38 
   1017 0.451 0.0 HD13 84 
   1187 28.806 0.0 CB 97 
   246 1.981 0.0 HG2 23 
   707 3.962 0.0 HB 59 
   210 42.252 0.0 CB 20 
   1270 2.214 0.0 HG3 104 
   556 57.292 0.0 CA 47 
   876 175.825 0.0 C 72 
   1138 24.399 0.0 CD1 93 
   703 20.052 0.0 CB 58 
   607 8.847 0.0 H 51 
   483 9.051 0.0 H 42 
   94 23.445 0.0 CD2 10 
   128 3.873 0.0 HB2 14 
   209 56.978 0.0 CA 20 
   497 13.076 0.0 CD1 42 
   993 2.169 0.0 HG2 82 
   1088 0.758 0.0 HD13 90 
   15 4.276 0.0 HA 4 
   1261 129.285 0.0 NE1 103 
   347 2.215 0.0 HG3 31 
   881 17.673 0.0 CG2 72 
   397 28.457 0.0 CB 35 
   632 1.861 0.0 HG3 52 
   29 0.883 0.0 HG12 5 
   22 29.994 0.0 CB 4 
   1119 3.827 0.0 HA2 92 
   705 6.395 0.0 H 59 
   183 4.2 0.0 HA 19 
   1024 42.208 0.0 CB 84 
   958 2.826 0.0 HB3 80 
   939 109.48 0.0 N 78 
   1054 2.509 0.0 HB3 87 
   1263 3.644 0.0 HA 104 
   872 0.696 0.0 HG13 72 
   811 7.214 0.0 H 68 
   19 2.199 0.0 HG3 4 
   656 39.184 0.0 CB 54 
   382 130.005 0.0 N 33 
   1294 30.476 0.0 CB 106 
   1252 181.021 0.0 C 103 
   697 3.592 0.0 HA 58 
   1170 117.117 0.0 N 95 
   87 0.81 0.0 HD22 10 
   175 2.198 0.0 HG2 18 
   836 7.957 0.0 H 70 
   184 2.117 0.0 HB2 19 
   861 54.724 0.0 CA 71 
   519 9.087 0.0 H 44 
   455 0.769 0.0 HG13 40 
   1076 4.014 0.0 HB2 89 
   1250 6.476 0.0 HZ2 103 
   738 8.104 0.0 H 62 
   1352 64.896 0.0 CB 111 
   150 177.474 0.0 C 16 
   344 1.8 0.0 HB3 31 
   485 1.815 0.0 HB 42 
   1101 3.198 0.0 HA 91 
   1237 32.751 0.0 CB 102 
   979 6.755 0.0 HZ 81 
   370 8.36 0.0 H 33 
   751 1.15 0.0 HG22 63 
   460 61.243 0.0 CA 40 
   595 1.556 0.0 HD3 50 
   749 4.537 0.0 HB 63 
   257 7.074 0.0 HD1 24 
   228 7.939 0.0 H 22 
   944 0.692 0.0 HG12 79 
   746 123.335 0.0 N 62 
   584 53.785 0.0 CA 49 
   248 176.858 0.0 C 23 
   972 4.47 0.0 HA 81 
   683 118.239 0.0 N 56 
