   277 7.753 0.0 H 26 
   898 65.658 0.0 CA 74 
   74 177.247 0.0 C 9 
   938 45.05 0.0 CA 78 
   906 175.703 0.0 C 75 
   343 1.96 0.0 HB2 31 
   1308 4.342 0.0 HA 108 
   1189 27.707 0.0 CG 97 
   916 7.499 0.0 H 77 
   1161 4.384 0.0 HA 95 
   1038 37.004 0.0 CG 85 
   360 6.319 0.0 HE1 32 
   465 9.605 0.0 H 41 
   390 4.039 0.0 HA 35 
   72 2.204 0.0 HG2 9 
   492 0.921 0.0 HG22 42 
   242 7.95 0.0 H 23 
   54 53.151 0.0 CA 7 
   1226 3.979 0.0 HA 102 
   1078 175.634 0.0 C 89 
   5 2.037 0.0 HE2 3 
   151 57.826 0.0 CA 16 
   1150 0.839 0.0 HD22 94 
   480 130.657 0.0 CE2 41 
   1066 0.83 0.0 HG22 88 
   375 2.833 0.0 HD3 33 
   748 4.522 0.0 HA 63 
   69 4.162 0.0 HA 9 
   43 3.824 0.0 HB3 6 
   1337 122.868 0.0 N 109 
   563 1.791 0.0 HB2 48 
   1179 1.643 0.0 HB2 97 
   110 1.37 0.0 HB1 12 
   658 8.201 0.0 H 55 
   703 20.052 0.0 CB 58 
   794 4.296 0.0 HA 67 
   1077 3.766 0.0 HB3 89 
   1071 21.209 0.0 CG1 88 
   19 2.199 0.0 HG3 4 
   764 179.483 0.0 C 64 
   133 114.553 0.0 N 14 
   89 1.587 0.0 HG 10 
   238 30.597 0.0 CB 22 
   1245 3.08 0.0 HB3 103 
   760 3.713 0.0 HD2 64 
   91 56.126 0.0 CA 10 
   747 8.206 0.0 H 63 
   510 0.797 0.0 HD23 43 
   176 2.198 0.0 HG3 18 
   342 4.566 0.0 HA 31 
   142 8.148 0.0 H 16 
   1287 3.906 0.0 HA 106 
   403 1.619 0.0 HB3 36 
   981 57.116 0.0 CA 81 
   1304 26.649 0.0 CB 107 
   651 4.702 0.0 HA 54 
   112 1.37 0.0 HB3 12 
   435 0.827 0.0 HD11 39 
   1314 1.807 0.0 HG3 108 
   579 0.789 0.0 HD21 49 
   174 2.003 0.0 HB3 18 
   757 3.427 0.0 HA 64 
   922 0.842 0.0 HD13 77 
   1124 7.615 0.0 H 93 
   668 2.211 0.0 HB2 56 
   1267 2.298 0.0 HE2 104 
   1127 1.079 0.0 HB3 93 
   421 0.713 0.0 HG12 38 
   636 27.315 0.0 CG 52 
   1224 17.772 0.0 CB 101 
   966 133.192 0.0 CD1 80 
   858 2.203 0.0 HG2 71 
   889 125.865 0.0 N 73 
   588 27.673 0.0 CG 49 
   111 1.37 0.0 HB2 12 
   1159 119.88 0.0 N 94 
   904 3.917 0.0 HB2 75 
   335 173.89 0.0 C 30 
   210 42.252 0.0 CB 20 
   1204 125.256 0.0 N 98 
   1051 8.63 0.0 H 87 
   908 64.358 0.0 CB 75 
   931 23.53 0.0 CD2 77 
   1221 1.459 0.0 HB3 101 
   572 9.364 0.0 H 49 
   45 58.096 0.0 CA 6 
   915 109.752 0.0 N 76 
   470 7.257 0.0 HD2 41 
   1347 7.888 0.0 H 111 
   1213 4.108 0.0 HB2 100 
   596 2.85 0.0 HE2 50 
   707 3.962 0.0 HB 59 
   965 41.026 0.0 CB 80 
   814 1.811 0.0 HB3 68 
   123 53.303 0.0 CA 13 
   1163 2.236 0.0 HB3 95 
   438 1.863 0.0 HG12 39 
   1259 121.776 0.0 CZ3 103 
   413 3.768 0.0 HA3 37 
   351 33.242 0.0 CG 31 
   83 0.86 0.0 HD11 10 
   834 35.395 0.0 CG 69 
   778 36.644 0.0 CG 65 
   577 0.712 0.0 HD12 49 
   955 8.83 0.0 H 80 
   245 1.795 0.0 HB3 23 
   405 2.086 0.0 HG3 36 
   998 35.923 0.0 CG 82 
   1256 118.379 0.0 CE3 103 
   592 1.613 0.0 HB2 50 
   1 4.425 0.0 HA 3 
   1230 1.624 0.0 HD3 102 
   574 1.727 0.0 HB2 49 
   482 128.169 0.0 N 41 
   478 132.608 0.0 CD2 41 
   645 178.611 0.0 C 53 
   534 175.729 0.0 C 45 
   912 3.67 0.0 HA3 76 
   745 20.267 0.0 CB 62 
   679 42.559 0.0 CB 56 
   459 174.702 0.0 C 40 
   1012 4.131 0.0 HA 84 
   642 4.012 0.0 HD3 53 
   607 8.847 0.0 H 51 
   514 42.395 0.0 CB 43 
   122 178.794 0.0 C 13 
   715 99.63 0.0 N 59 
   188 2.03 0.0 HE3 19 
   98 4.131 0.0 HA 11 
   53 178.059 0.0 C 7 
   1009 23.764 0.0 CG2 83 
   619 131.545 0.0 CD1 51 
   1238 29.357 0.0 CD 102 
   905 3.917 0.0 HB3 75 
   855 4.692 0.0 HA 71 
