   1537 4.86 0.0 HA 138 
   1787 0.42 0.0 HG23 158 
   695 1.69 0.0 HD2 68 
   1592 -0.51 0.0 HD12 142 
   1694 27.2 0.0 CD2 150 
   925 4.52 0.0 HA 86 
   111 0.18 0.0 HG22 21 
   467 1.95 0.0 HB2 49 
   1819 1.91 0.0 HG 161 
   1776 57.3 0.0 CA 157 
   1909 40.7 0.0 CB 167 
   1453 30.7 0.0 CB 131 
   1216 1.6 0.0 HB2 110 
   386 4.33 0.0 HA 43 
   346 0.96 0.0 HG 40 
   273 0.91 0.0 HD12 35 
   167 1.76 0.0 HB3 25 
   1638 121.2 0.0 N 145 
   792 2.95 0.0 HE2 76 
   1809 4.33 0.0 HA 160 
   201 4.74 0.0 HA 28 
   1553 1.46 0.0 HG3 139 
   1355 37.5 0.0 CB 123 
   350 0.86 0.0 HD21 40 
   1629 -0.05 0.0 HD13 145 
   1265 58.4 0.0 CA 114 
   1247 1.3 0.0 HG2 113 
   875 3.58 0.0 HA 83 
   26 4.2 0.0 HB 14 
   1073 1.17 0.0 HG22 97 
   592 54.1 0.0 CA 60 
   978 1.02 0.0 HG21 90 
   254 27.3 0.0 CG 33 
   420 34.2 0.0 CG 45 
   1669 43.3 0.0 CB 148 
   1933 30.1 0.0 CB 169 
   1498 18.5 0.0 CB 134 
   723 1.1 0.0 HG21 71 
   393 34.7 0.0 CG 43 
   419 28.3 0.0 CB 45 
   31 68.6 0.0 CB 14 
   929 7.33 0.0 HD2 86 
   1347 0.7 0.0 HG13 123 
   1372 0.13 0.0 HD11 125 
   1338 32.9 0.0 CB 122 
   612 121.9 0.0 N 61 
   1300 132.5 0.0 CD1 118 
   3 2.76 0.0 HB3 11 
   74 8.12 0.0 H 18 
   542 1.59 0.0 HG3 55 
   1401 7.93 0.0 H 128 
   1399 40.2 0.0 CB 127 
   8 2.03 0.0 HB2 12 
   2003 56.0 0.0 CA 175 
   67 1.1 0.0 HG22 17 
   1614 3.34 0.0 HB3 144 
   743 8.77 0.0 H 73 
   1940 1.38 0.0 HG2 170 
   1677 45.7 0.0 CA 149 
   1389 1.41 0.0 HG23 126 
   660 24.2 0.0 CD2 64 
   186 65.4 0.0 CA 26 
   707 2.1 0.0 HB2 69 
   1447 2.29 0.0 HB3 131 
   1930 2.88 0.0 HB3 169 
   745 1.04 0.0 HB2 73 
   564 4.51 0.0 HA 57 
   1316 120.9 0.0 N 119 
   189 121.3 0.0 N 26 
   607 128.3 0.0 CD1 61 
   1775 1.28 0.0 HG3 157 
   909 4.75 0.0 HA 85 
   1769 113.1 0.0 N 156 
   1903 0.95 0.0 HG22 167 
   930 6.77 0.0 HE1 86 
   1960 36.0 0.0 CG 171 
   1761 0.75 0.0 HG13 156 
   212 107.0 0.0 N 29 
   670 36.3 0.0 CG 65 
   486 58.8 0.0 CA 50 
   1637 23.3 0.0 CD2 145 
   1779 117.5 0.0 N 157 
   1460 1.53 0.0 HG 132 
   1465 1.04 0.0 HD22 132 
   1599 26.2 0.0 CG 142 
   187 68.1 0.0 CB 26 
   71 21.1 0.0 CG1 17 
   288 7.34 0.0 HD1 36 
   1672 22.7 0.0 CD2 148 
   94 116.9 0.0 N 19 
   580 2.37 0.0 HB2 59 
   534 36.9 0.0 CB 54 
   443 42.7 0.0 CB 47 
   1463 0.93 0.0 HD13 132 
   466 4.23 0.0 HA 49 
   1635 26.4 0.0 CG 145 
   1822 0.66 0.0 HD13 161 
   1602 125.0 0.0 N 142 
   1801 2.05 0.0 HG3 159 
   1263 1.17 0.0 HG22 114 
   1706 3.08 0.0 HD2 152 
   1359 117.1 0.0 N 123 
   1346 0.57 0.0 HG12 123 
   1756 6.91 0.0 H 156 
   5 40.9 0.0 CB 11 
   714 115.4 0.0 N 69 
   1492 8.33 0.0 H 134 
   1904 0.95 0.0 HG23 167 
   892 4.47 0.0 HA 84 
   1632 0.45 0.0 HD23 145 
   1518 7.29 0.0 HD22 136 
   991 5.29 0.0 HA 91 
   586 116.4 0.0 N 59 
   645 8.7 0.0 H 64 
   1170 124.1 0.0 N 105 
   750 7.02 0.0 HZ2 73 
   1195 2.4 0.0 HB3 108 
   265 36.3 0.0 CG 34 
   1231 7.36 0.0 H 111 
   675 2.44 0.0 HB3 66 
   1609 18.0 0.0 CB 143 
   581 2.76 0.0 HB3 59 
   1467 57.9 0.0 CA 132 
   429 62.7 0.0 CB 46 
   753 55.4 0.0 CA 73 
   286 3.29 0.0 HB2 36 
   170 1.6 0.0 HD2 25 
   1032 0.45 0.0 HD11 94 
   1402 4.57 0.0 HA 128 
   775 130.0 0.0 CE1 74 
   1028 2.13 0.0 HG13 94 
   162 25.5 0.0 CD2 24 
   1448 1.99 0.0 HG2 131 
   895 1.54 0.0 HG 84 
   855 17.1 0.0 CG2 80 
   1990 6.91 0.0 HD22 174 
   2002 6.84 0.0 HE22 175 
   1079 7.67 0.0 H 98 
   133 8.04 0.0 H 23 
   699 59.8 0.0 CA 68 
   566 1.5 0.0 HB2 57 
   1155 3.79 0.0 HA 105 
   267 8.01 0.0 H 35 
   884 0.77 0.0 HD23 83 
   388 2.34 0.0 HB3 43 
   56 30.2 0.0 CB 16 
   103 36.3 0.0 CG 20 
   1527 0.66 0.0 HG12 137 
   1890 1.0 0.0 HG22 166 
   729 107.9 0.0 N 71 
   906 24.8 0.0 CD2 84 
   220 63.2 0.0 CA 30 
   1188 58.3 0.0 CA 107 
   1947 33.5 0.0 CB 170 
   1435 1.73 0.0 HD2 130 
   802 2.94 0.0 HB2 77 
   1591 -0.51 0.0 HD11 142 
   950 5.09 0.0 HA 88 
   1303 117.4 0.0 CE2 118 
   1099 3.44 0.0 HD2 99 
   1800 1.71 0.0 HG2 159 
   1080 4.69 0.0 HA 98 
   1340 28.9 0.0 CD 122 
   448 8.86 0.0 H 48 
   365 1.74 0.0 HD2 41 
   1645 57.0 0.0 CA 146 
   1528 0.66 0.0 HG13 137 
   1203 49.8 0.0 CD 108 
   911 1.74 0.0 HB3 85 
   1314 27.1 0.0 CG 119 
   391 58.5 0.0 CA 43 
   198 128.7 0.0 N 27 
   565 1.5 0.0 HB1 57 
   1699 49.3 0.0 CA 151 
   1226 42.1 0.0 CB 110 
   846 0.64 0.0 HG21 80 
   1732 3.58 0.0 HA 154 
   1416 7.05 0.0 HD1 129 
   1038 16.8 0.0 CG2 94 
   936 117.5 0.0 CE1 86 
   1620 136.3 0.0 CE1 144 
   1788 0.18 0.0 HD11 158 
   204 1.47 0.0 HB3 28 
   1025 4.37 0.0 HA 94 
   1879 3.97 0.0 HA2 165 
   1159 0.67 0.0 HG21 105 
   1260 4.63 0.0 HA 114 
   1651 1.22 0.0 HB1 147 
   1551 1.6 0.0 HB3 139 
   1891 1.0 0.0 HG23 166 
   999 117.4 0.0 N 91 
   371 25.0 0.0 CG 41 
   1360 7.71 0.0 H 124 
   899 0.64 0.0 HD21 84 
   1058 0.98 0.0 HG22 96 
   511 2.31 0.0 HG2 52 
   1906 0.85 0.0 HD12 167 
   1922 54.4 0.0 CA 168 
   1679 7.83 0.0 H 150 
   1002 2.77 0.0 HB2 92 
   1979 4.42 0.0 HA 173 
   1668 54.5 0.0 CA 148 
   1315 42.9 0.0 CD 119 
   303 7.5 0.0 H 37 
   60 7.9 0.0 H 17 
   1419 6.99 0.0 HE2 129 
   1178 128.8 0.0 N 106 
   571 7.96 0.0 H 58 
   1312 57.4 0.0 CA 119 
   1511 43.4 0.0 CD 135 
   343 3.56 0.0 HA 40 
   241 55.0 0.0 CA 32 
   1765 63.4 0.0 CA 156 
   1569 6.2 0.0 HD2 140 
   1313 30.5 0.0 CB 119 
   693 1.46 0.0 HG2 68 
   1398 56.8 0.0 CA 127 
   412 2.23 0.0 HB2 45 
   1432 2.04 0.0 HB3 130 
   842 5.13 0.0 HA 80 
   61 3.95 0.0 HA 17 
   1266 68.6 0.0 CB 114 
   50 1.9 0.0 HB3 16 
   364 1.73 0.0 HG3 41 
   1713 4.06 0.0 HA 153 
   1843 65.1 0.0 CA 162 
   1113 21.6 0.0 CG2 100 
   502 67.2 0.0 CA 51 
   700 31.8 0.0 CB 68 
   217 1.44 0.0 HG3 30 
   1270 4.47 0.0 HA 115 
   882 0.77 0.0 HD21 83 
   58 43.2 0.0 CD 16 
   188 22.0 0.0 CG2 26 
   781 4.31 0.0 HA3 75 
   1935 122.1 0.0 N 169 
   1881 45.6 0.0 CA 165 
   1279 2.0 0.0 HB2 116 
   236 116.8 0.0 N 31 
   489 131.7 0.0 CD2 50 
   1296 6.74 0.0 HE1 118 
   51 1.6 0.0 HG2 16 
   886 39.8 0.0 CB 83 
   256 121.0 0.0 N 33 
   373 42.2 0.0 CE 41 
   877 2.1 0.0 HB3 83 
   931 6.77 0.0 HE2 86 
   1718 7.08 0.0 HE3 153 
   1030 0.7 0.0 HG22 94 
   1343 7.91 0.0 H 123 
   1895 21.8 0.0 CG2 166 
   811 7.03 0.0 HD1 78 
   540 1.91 0.0 HB3 55 
   1284 2.3 0.0 HG2 117 
   1932 57.3 0.0 CA 169 
   1354 61.9 0.0 CA 123 
   330 8.2 0.0 H 39 
   1199 3.77 0.0 HD3 108 
   850 0.82 0.0 HD12 80 
   485 6.97 0.0 HE2 50 
   200 7.02 0.0 H 28 
   655 0.91 0.0 HD23 64 
   590 2.19 0.0 HB2 60 
   88 8.07 0.0 H 19 
   812 10.66 0.0 HE1 78 
   1996 4.26 0.0 HA 175 
   1941 1.38 0.0 HG3 170 
   1986 4.67 0.0 HA 174 
   995 2.13 0.0 HG3 91 
   1805 30.6 0.0 CB 159 
   1104 49.5 0.0 CD 99 
   1606 1.04 0.0 HB2 143 
   1122 69.9 0.0 CB 101 
   2001 7.5 0.0 HE21 175 
   1062 0.87 0.0 HD13 96 
   867 9.03 0.0 H 82 
   923 121.7 0.0 N 85 
   430 114.9 0.0 N 46 
   281 22.8 0.0 CD1 35 
   969 2.91 0.0 HB3 89 
   1834 1.39 0.0 HB 162 
   778 117.0 0.0 N 74 
   518 4.48 0.0 HA 53 
   1210 58.3 0.0 CA 109 
   117 39.1 0.0 CB 21 
   1450 3.64 0.0 HD2 131 
   1397 2.68 0.0 HB3 127 
   1582 5.14 0.0 HA2 141 
   1956 2.2 0.0 HG2 171 
   233 29.5 0.0 CB 31 
   628 133.7 0.0 CE2 62 
   287 3.79 0.0 HB3 36 
   1952 8.55 0.0 H 171 
   47 8.18 0.0 H 16 
   1863 4.19 0.0 HA 164 
   1806 28.7 0.0 CG 159 
   1069 7.01 0.0 H 97 
   490 118.8 0.0 CE1 50 
   1426 129.8 0.0 CE2 129 
   1084 7.38 0.0 HD2 98 
   1676 3.16 0.0 HA3 149 
   285 4.72 0.0 HA 36 
   1753 53.8 0.0 CA 155 
   292 7.51 0.0 HZ3 36 
   1849 8.1 0.0 H 163 
   1472 119.9 0.0 N 132 
   1331 1.04 0.0 HG2 122 
   431 8.42 0.0 H 47 
   1230 116.5 0.0 N 110 
   494 3.25 0.0 HA 51 
   1832 8.16 0.0 H 162 
   1611 7.37 0.0 H 144 
   1662 0.8 0.0 HD11 148 
   339 29.8 0.0 CB 39 
   1742 57.8 0.0 CA 154 
   1108 1.25 0.0 HG21 100 
   663 4.51 0.0 HA 65 
   1167 27.6 0.0 CG1 105 
   426 3.98 0.0 HB3 46 
   597 2.65 0.0 HB2 61 
   1092 116.0 0.0 CE2 98 
   1850 4.04 0.0 HA 163 
   42 58.2 0.0 CA 15 
   1874 26.3 0.0 CG 164 
   964 128.3 0.0 CZ 88 
   786 1.44 0.0 HB2 76 
   928 7.33 0.0 HD1 86 
   840 121.1 0.0 N 79 
   1004 6.51 0.0 HD1 92 
   1774 0.82 0.0 HG2 157 
   498 0.78 0.0 HG13 51 
   918 56.1 0.0 CA 85 
   815 6.61 0.0 HZ3 78 
   34 8.07 0.0 H 15 
   1228 25.1 0.0 CD1 110 
   996 55.2 0.0 CA 91 
   1684 0.87 0.0 HD11 150 
   1479 7.41 0.0 HE3 133 
   1783 0.82 0.0 HG12 158 
   1310 3.21 0.0 HD2 119 
   1130 49.7 0.0 CA 102 
   1304 8.4 0.0 H 119 
   1077 22.0 0.0 CG2 97 
   1647 32.2 0.0 CG 146 
   1817 1.16 0.0 HB2 161 
   1442 29.4 0.0 CD 130 
   1833 3.68 0.0 HA 162 
   963 129.6 0.0 CE2 88 
   1193 4.13 0.0 HA 108 
   724 1.1 0.0 HG22 71 
   797 29.6 0.0 CD 76 
   1220 0.5 0.0 HD12 110 
   1861 111.2 0.0 NE2 163 
   1715 3.56 0.0 HB3 153 
   1882 108.0 0.0 N 165 
   1096 2.2 0.0 HB3 99 
   1478 9.6 0.0 HE1 133 
   1780 7.94 0.0 H 158 
   1152 35.9 0.0 CG 104 
   16 8.44 0.0 H 13 
   1251 3.12 0.0 HE2 113 
   193 3.25 0.0 HB3 27 
   219 3.47 0.0 HD3 30 
   639 7.37 0.0 HE 63 
   1920 6.76 0.0 HE21 168 
   21 54.2 0.0 CA 13 
   731 5.02 0.0 HA 72 
   1642 2.46 0.0 HB3 146 
   1363 2.78 0.0 HB3 124 
   666 1.89 0.0 HG2 65 
   779 8.54 0.0 H 75 
   1131 15.4 0.0 CB 102 
   1839 0.81 0.0 HG23 162 
   1921 7.47 0.0 HE22 168 
   1802 3.0 0.0 HD2 159 
   839 117.3 0.0 CE2 79 
   480 3.32 0.0 HB2 50 
   510 2.21 0.0 HB3 52 
   1799 2.07 0.0 HB3 159 
   1972 56.3 0.0 CA 172 
   319 2.23 0.0 HB2 38 
   1915 4.83 0.0 HA 168 
   161 27.0 0.0 CD1 24 
   1884 4.04 0.0 HA 166 
   1427 129.2 0.0 CZ 129 
   701 24.4 0.0 CG 68 
   528 4.38 0.0 HA 54 
   1733 1.24 0.0 HB2 154 
   758 120.1 0.0 CZ3 73 
   1325 45.6 0.0 CA 121 
   1729 118.4 0.0 N 153 
   1798 1.66 0.0 HB2 159 
   1243 8.33 0.0 H 113 
   1146 1.71 0.0 HB2 104 
   843 1.63 0.0 HB 80 
   1526 0.66 0.0 HG11 137 
   377 2.27 0.0 HB2 42 
   1552 1.26 0.0 HG2 139 
   504 23.6 0.0 CG1 51 
   1289 36.0 0.0 CG 117 
   63 1.01 0.0 HG11 17 
