   58 43.2 0.0 CD 16 
   167 1.76 0.0 HB3 25 
   1822 0.66 0.0 HD13 161 
   279 42.7 0.0 CB 35 
   19 1.47 0.0 HB2 13 
   10 2.32 0.0 HG2 12 
   239 3.17 0.0 HB2 32 
   1423 131.7 0.0 CD1 129 
   1449 2.12 0.0 HG3 131 
   400 7.33 0.0 HD2 44 
   113 -0.19 0.0 HD11 21 
   1360 7.71 0.0 H 124 
   494 3.25 0.0 HA 51 
   1205 4.3 0.0 HA 109 
   1664 0.8 0.0 HD13 148 
   496 0.78 0.0 HG11 51 
   291 7.92 0.0 HZ2 36 
   1783 0.82 0.0 HG12 158 
   1988 2.83 0.0 HB3 174 
   53 3.21 0.0 HD2 16 
   1626 1.11 0.0 HG 145 
   889 22.5 0.0 CD2 83 
   1607 1.04 0.0 HB3 143 
   1821 0.66 0.0 HD12 161 
   564 4.51 0.0 HA 57 
   1855 7.42 0.0 HE21 163 
   1992 38.6 0.0 CB 174 
   707 2.1 0.0 HB2 69 
   982 0.71 0.0 HD12 90 
   759 123.7 0.0 CH2 73 
   340 26.9 0.0 CG 39 
   308 0.99 0.0 HG13 37 
   50 1.9 0.0 HB3 16 
   1249 1.6 0.0 HD2 113 
   493 8.77 0.0 H 51 
   1583 4.14 0.0 HA3 141 
   538 3.93 0.0 HA 55 
   743 8.77 0.0 H 73 
   1484 27.6 0.0 CB 133 
   899 0.64 0.0 HD21 84 
   1609 18.0 0.0 CB 143 
   1294 7.0 0.0 HD1 118 
   74 8.12 0.0 H 18 
   323 6.95 0.0 HE21 38 
   1989 7.61 0.0 HD21 174 
   1827 41.4 0.0 CB 161 
   1721 6.62 0.0 HH2 153 
   328 118.6 0.0 N 38 
   984 58.5 0.0 CA 90 
   1478 9.6 0.0 HE1 133 
   125 2.1 0.0 HG2 22 
   1165 62.8 0.0 CA 105 
   217 1.44 0.0 HG3 30 
   1377 0.33 0.0 HD23 125 
   211 44.9 0.0 CA 29 
   1101 62.8 0.0 CA 99 
   1919 2.35 0.0 HG3 168 
   1560 25.7 0.0 CG 139 
   446 23.9 0.0 CD2 47 
   890 108.0 0.0 N 83 
   1358 13.5 0.0 CD1 123 
   1421 62.4 0.0 CA 129 
   122 4.51 0.0 HA 22 
   1689 1.16 0.0 HD23 150 
   1942 1.6 0.0 HD2 170 
   855 17.1 0.0 CG2 80 
   823 123.5 0.0 CH2 78 
   56 30.2 0.0 CB 16 
   191 4.6 0.0 HA 27 
   862 7.19 0.0 HD2 81 
   8 2.03 0.0 HB2 12 
   1491 130.6 0.0 NE1 133 
   483 7.26 0.0 HD2 50 
   1153 119.5 0.0 N 104 
   1598 40.4 0.0 CB 142 
   1391 69.5 0.0 CB 126 
   359 7.57 0.0 H 41 
   1010 40.4 0.0 CB 92 
   1451 3.77 0.0 HD3 131 
   61 3.95 0.0 HA 17 
   1596 0.37 0.0 HD23 142 
   62 2.21 0.0 HB 17 
   1361 4.44 0.0 HA 124 
   1847 14.9 0.0 CD1 162 
   460 37.8 0.0 CB 48 
   1276 128.2 0.0 N 115 
   148 4.56 0.0 HA 24 
   310 1.13 0.0 HG22 37 
   686 37.3 0.0 CB 67 
   1713 4.06 0.0 HA 153 
   396 4.5 0.0 HA 44 
   478 8.25 0.0 H 50 
   337 2.71 0.0 HD3 39 
   68 1.1 0.0 HG23 17 
   1963 4.4 0.0 HA 172 
   165 4.41 0.0 HA 25 
   332 1.78 0.0 HB2 39 
   1707 3.6 0.0 HD3 152 
   1724 127.0 0.0 CD1 153 
   1000 8.46 0.0 H 92 
   596 4.27 0.0 HA 61 
   1653 1.22 0.0 HB3 147 
   327 33.3 0.0 CG 38 
   1755 115.0 0.0 N 155 
   1895 21.8 0.0 CG2 166 
   1433 1.42 0.0 HG2 130 
   154 1.0 0.0 HD13 24 
   1144 8.6 0.0 H 104 
   1510 27.0 0.0 CG 135 
   281 22.8 0.0 CD1 35 
   1177 21.6 0.0 CB 106 
   1615 5.82 0.0 HD2 144 
   1089 132.8 0.0 CD1 98 
   212 107.0 0.0 N 29 
   1737 0.88 0.0 HD12 154 
   774 131.7 0.0 CD2 74 
   501 0.8 0.0 HG23 51 
   1644 2.21 0.0 HG3 146 
   1756 6.91 0.0 H 156 
   650 0.91 0.0 HD11 64 
   1938 1.7 0.0 HB2 170 
   981 0.71 0.0 HD11 90 
   587 110.7 0.0 ND2 59 
   318 4.09 0.0 HA 38 
   12 58.2 0.0 CA 12 
   1324 3.93 0.0 HA3 121 
   1933 30.1 0.0 CB 169 
   703 41.8 0.0 CE 68 
   1431 1.96 0.0 HB2 130 
   1146 1.71 0.0 HB2 104 
   1542 3.23 0.0 HD2 138 
   1119 1.08 0.0 HG22 101 
   93 63.2 0.0 CB 19 
   1425 129.8 0.0 CE1 129 
   551 41.8 0.0 CE 55 
   1681 1.36 0.0 HB2 150 
   1492 8.33 0.0 H 134 
   913 1.18 0.0 HG3 85 
   1914 8.64 0.0 H 168 
   1158 1.15 0.0 HG13 105 
   534 36.9 0.0 CB 54 
   335 1.47 0.0 HG3 39 
   1179 8.02 0.0 H 107 
   87 118.3 0.0 N 18 
   1157 0.33 0.0 HG12 105 
   1927 8.65 0.0 H 169 
   1550 1.74 0.0 HB2 139 
   1656 120.5 0.0 N 147 
   826 9.23 0.0 H 79 
   1272 1.43 0.0 HB2 115 
   1385 4.28 0.0 HA 126 
   959 42.6 0.0 CB 88 
   684 6.71 0.0 HD22 67 
   1546 24.1 0.0 CG 138 
   100 2.4 0.0 HG3 20 
   649 1.83 0.0 HG 64 
   247 2.12 0.0 HB3 33 
   1897 6.85 0.0 H 167 
   1856 6.84 0.0 HE22 163 
   1001 4.95 0.0 HA 92 
   402 6.81 0.0 HE2 44 
   1998 2.08 0.0 HB3 175 
   1450 3.64 0.0 HD2 131 
   481 3.32 0.0 HB3 50 
   438 0.93 0.0 HD13 47 
   1668 54.5 0.0 CA 148 
   1876 41.8 0.0 CE 164 
   741 43.1 0.0 CD 72 
   568 51.2 0.0 CA 57 
   482 7.26 0.0 HD1 50 
   1343 7.91 0.0 H 123 
   1517 6.92 0.0 HD21 136 
   14 35.9 0.0 CG 12 
   837 131.9 0.0 CD2 79 
   705 8.77 0.0 H 69 
   1834 1.39 0.0 HB 162 
   1863 4.19 0.0 HA 164 
   1697 3.12 0.0 HA2 151 
   1616 7.71 0.0 HE1 144 
   461 29.8 0.0 CG1 48 
   527 8.75 0.0 H 54 
   1298 53.1 0.0 CA 118 
   1111 67.1 0.0 CA 100 
   1049 32.4 0.0 CB 95 
   1041 4.62 0.0 HA 95 
   369 60.1 0.0 CA 41 
   1930 2.88 0.0 HB3 169 
   1950 41.8 0.0 CE 170 
   521 7.98 0.0 HD21 53 
   160 31.1 0.0 CG 24 
   882 0.77 0.0 HD21 83 
   673 4.75 0.0 HA 66 
   1266 68.6 0.0 CB 114 
   1248 1.36 0.0 HG3 113 
   875 3.58 0.0 HA 83 
   1810 2.55 0.0 HB2 160 
   1427 129.2 0.0 CZ 129 
   449 3.79 0.0 HA 48 
   1444 118.4 0.0 N 130 
   1026 2.04 0.0 HB 94 
   1176 50.2 0.0 CA 106 
   753 55.4 0.0 CA 73 
   1808 6.55 0.0 H 160 
   1446 1.83 0.0 HB2 131 
   1241 45.8 0.0 CA 112 
   954 7.16 0.0 HD2 88 
   623 57.0 0.0 CA 62 
   1890 1.0 0.0 HG22 166 
   1968 1.65 0.0 HD2 172 
   781 4.31 0.0 HA3 75 
   49 1.9 0.0 HB2 16 
   1801 2.05 0.0 HG3 159 
   1539 1.47 0.0 HB3 138 
   618 5.47 0.0 HD1 62 
   1334 1.73 0.0 HD3 122 
   1802 3.0 0.0 HD2 159 
   1726 113.9 0.0 CZ2 153 
   1323 3.93 0.0 HA2 121 
   1568 6.2 0.0 HD1 140 
   1027 1.78 0.0 HG12 94 
   856 12.7 0.0 CD1 80 
   1709 32.1 0.0 CB 152 
   1121 59.6 0.0 CA 101 
   1754 18.2 0.0 CB 155 
   579 5.05 0.0 HA 59 
   1076 67.7 0.0 CB 97 
   1986 4.67 0.0 HA 174 
   1477 6.93 0.0 HD1 133 
   314 21.0 0.0 CG1 37 
   1420 6.93 0.0 HZ 129 
   1830 22.9 0.0 CD2 161 
   1993 121.0 0.0 N 174 
   634 1.82 0.0 HB3 63 
   1676 3.16 0.0 HA3 149 
   1833 3.68 0.0 HA 162 
   1805 30.6 0.0 CB 159 
   1163 0.43 0.0 HD12 105 
   544 1.6 0.0 HD3 55 
   1285 2.4 0.0 HG3 117 
   720 8.33 0.0 H 71 
   525 119.5 0.0 N 53 
   820 119.9 0.0 CE3 78 
   1858 27.9 0.0 CB 163 
   514 29.2 0.0 CB 52 
   769 7.0 0.0 HE2 74 
   1505 1.72 0.0 HG3 135 
   348 0.84 0.0 HD12 40 
   228 1.58 0.0 HG2 31 
   1811 2.55 0.0 HB3 160 
   1317 8.98 0.0 H 120 
   718 46.2 0.0 CA 70 
   704 123.1 0.0 N 68 
   1717 9.7 0.0 HE1 153 
   394 120.6 0.0 N 43 
   1044 1.84 0.0 HG2 95 
   869 2.25 0.0 HB2 82 
   1306 1.79 0.0 HB2 119 
   1065 27.8 0.0 CG1 96 
   176 24.6 0.0 CG 25 
   1618 29.7 0.0 CB 144 
   85 21.7 0.0 CG1 18 
   386 4.33 0.0 HA 43 
   1883 7.79 0.0 H 166 
   36 1.87 0.0 HB2 15 
   757 113.1 0.0 CZ2 73 
   1515 0.92 0.0 HB2 136 
   1844 38.3 0.0 CB 162 
   691 1.81 0.0 HB2 68 
   1445 4.38 0.0 HA 131 
   558 7.75 0.0 HD22 56 
   1373 0.13 0.0 HD12 125 
   1894 21.8 0.0 CG1 166 
   629 131.9 0.0 CZ 62 
   466 4.23 0.0 HA 49 
   1369 1.43 0.0 HB2 125 
   1270 4.47 0.0 HA 115 
   1959 31.0 0.0 CB 171 
   960 131.7 0.0 CD1 88 
   1899 1.86 0.0 HB 167 
   126 2.1 0.0 HG3 22 
   1375 0.33 0.0 HD21 125 
   1750 1.43 0.0 HB1 155 
   303 7.5 0.0 H 37 
   812 10.66 0.0 HE1 78 
   1562 41.9 0.0 CE 139 
   451 1.26 0.0 HG12 48 
   1535 22.9 0.0 CG2 137 
   1331 1.04 0.0 HG2 122 
   654 0.91 0.0 HD22 64 
   1048 62.1 0.0 CA 95 
   1038 16.8 0.0 CG2 94 
   1867 1.66 0.0 HG3 164 
   1261 4.2 0.0 HB 114 
   1978 8.4 0.0 H 173 
   1145 4.26 0.0 HA 104 
   838 117.3 0.0 CE1 79 
   307 0.99 0.0 HG12 37 
   209 3.95 0.0 HA2 29 
   1364 57.6 0.0 CA 124 
   942 1.9 0.0 HB3 87 
   1296 6.74 0.0 HE1 118 
   1815 7.82 0.0 H 161 
   1506 3.11 0.0 HD2 135 
   518 4.48 0.0 HA 53 
   1326 107.3 0.0 N 121 
   964 128.3 0.0 CZ 88 
   1110 1.25 0.0 HG23 100 
   522 6.74 0.0 HD22 53 
   1936 8.48 0.0 H 170 
   351 0.86 0.0 HD22 40 
   375 7.68 0.0 H 42 
   594 120.0 0.0 N 60 
   1059 0.98 0.0 HG23 96 
   1577 129.7 0.0 CE1 140 
   908 8.45 0.0 H 85 
   722 4.57 0.0 HB 71 
   2000 2.31 0.0 HG3 175 
   620 5.55 0.0 HE1 62 
   1502 1.71 0.0 HB2 135 
   866 126.2 0.0 N 81 
   1769 113.1 0.0 N 156 
   1460 1.53 0.0 HG 132 
   1553 1.46 0.0 HG3 139 
   983 0.71 0.0 HD13 90 
   689 8.83 0.0 H 68 
   1655 20.6 0.0 CB 147 
   1208 2.43 0.0 HG2 109 
   1408 30.4 0.0 CB 128 
   1501 4.14 0.0 HA 135 
   1122 69.9 0.0 CB 101 
   1166 38.7 0.0 CB 105 
   1551 1.6 0.0 HB3 139 
   928 7.33 0.0 HD1 86 
   1412 7.96 0.0 H 129 
   250 3.34 0.0 HD2 33 
   1877 115.9 0.0 N 164 
   1960 36.0 0.0 CG 171 
   44 27.3 0.0 CG 15 
   1291 4.86 0.0 HA 118 
   512 2.42 0.0 HG3 52 
   404 37.9 0.0 CB 44 
   1778 34.2 0.0 CG 157 
   692 1.89 0.0 HB3 68 
   1128 0.01 0.0 HB2 102 
   1357 17.0 0.0 CG2 123 
   737 3.19 0.0 HD3 72 
   486 58.8 0.0 CA 50 
   336 2.71 0.0 HD2 39 
   601 7.9 0.0 HE3 61 
   857 128.9 0.0 N 80 
   922 41.3 0.0 CE 85 
   1123 21.0 0.0 CG2 101 
   1432 2.04 0.0 HB3 130 
   178 41.8 0.0 CE 25 
   789 1.57 0.0 HG3 76 
   350 0.86 0.0 HD21 40 
   885 57.1 0.0 CA 83 
   860 2.85 0.0 HB2 81 
   1253 56.4 0.0 CA 113 
   1882 108.0 0.0 N 165 
   1826 57.4 0.0 CA 161 
   1175 1.34 0.0 HB3 106 
   1715 3.56 0.0 HB3 153 
   537 8.89 0.0 H 55 
   408 117.8 0.0 CE2 44 
   519 3.0 0.0 HB2 53 
   52 1.6 0.0 HG3 16 
   159 41.3 0.0 CB 24 
   1768 21.8 0.0 CG2 156 
   1591 -0.51 0.0 HD11 142 
   1526 0.66 0.0 HG11 137 
   299 120.3 0.0 CZ3 36 
   1210 58.3 0.0 CA 109 
   727 69.3 0.0 CB 71 
   1540 1.25 0.0 HG2 138 
   96 4.35 0.0 HA 20 
   257 9.25 0.0 H 34 
   1191 22.2 0.0 CG2 107 
   498 0.78 0.0 HG13 51 
   1619 115.6 0.0 CD2 144 
   1339 25.6 0.0 CG 122 
   380 2.69 0.0 HG3 42 
   1435 1.73 0.0 HD2 130 
   1023 118.3 0.0 N 93 
   1559 32.6 0.0 CB 139 
   936 117.5 0.0 CE1 86 
   450 1.98 0.0 HB 48 
   1671 26.1 0.0 CD1 148 
   849 0.82 0.0 HD11 80 
   1604 3.75 0.0 HA 143 
   1454 27.9 0.0 CG 131 
   1314 27.1 0.0 CG 119 
   1509 30.1 0.0 CB 135 
   242 40.8 0.0 CB 32 
   51 1.6 0.0 HG2 16 
   945 54.3 0.0 CA 87 
   842 5.13 0.0 HA 80 
   1853 2.49 0.0 HG2 163 
   1813 41.7 0.0 CB 160 
   1902 0.95 0.0 HG21 167 
   1275 18.9 0.0 CB 115 
