   930 6.77 0.0 HE1 86 
   155 1.18 0.0 HD21 24 
   1244 4.41 0.0 HA 113 
   1731 8.68 0.0 H 154 
   1833 3.68 0.0 HA 162 
   55 57.8 0.0 CA 16 
   755 123.5 0.0 CD1 73 
   215 1.42 0.0 HB3 30 
   173 2.92 0.0 HE3 25 
   1404 3.23 0.0 HB3 128 
   45 43.1 0.0 CD 15 
   1442 29.4 0.0 CD 130 
   1667 0.92 0.0 HD23 148 
   449 3.79 0.0 HA 48 
   33 113.2 0.0 N 14 
   1164 0.43 0.0 HD13 105 
   1923 31.6 0.0 CB 168 
   118 27.5 0.0 CG1 21 
   1626 1.11 0.0 HG 145 
   1466 1.04 0.0 HD23 132 
   381 59.1 0.0 CA 42 
   1139 3.85 0.0 HD3 103 
   138 0.96 0.0 HG13 23 
   182 3.96 0.0 HB 26 
   1247 1.3 0.0 HG2 113 
   1922 54.4 0.0 CA 168 
   760 125.1 0.0 N 73 
   1510 27.0 0.0 CG 135 
   440 0.98 0.0 HD22 47 
   1051 50.6 0.0 CD 95 
   1052 8.69 0.0 H 96 
   804 55.2 0.0 CA 77 
   142 61.6 0.0 CA 23 
   300 122.2 0.0 CH2 36 
   1389 1.41 0.0 HG23 126 
   728 23.0 0.0 CG2 71 
   694 1.46 0.0 HG3 68 
   1859 33.7 0.0 CG 163 
   1129 0.01 0.0 HB3 102 
   1987 2.77 0.0 HB2 174 
   1624 1.42 0.0 HB2 145 
   25 4.07 0.0 HA 14 
   1749 3.86 0.0 HA 155 
   409 118.4 0.0 N 44 
   158 56.0 0.0 CA 24 
   1473 8.49 0.0 H 133 
   588 8.49 0.0 H 60 
   290 7.31 0.0 HE3 36 
   476 42.2 0.0 CD 49 
   1341 41.8 0.0 CE 122 
   1838 0.81 0.0 HG22 162 
   1950 41.8 0.0 CE 170 
   739 32.8 0.0 CB 72 
   1776 57.3 0.0 CA 157 
   354 41.3 0.0 CB 40 
   1190 20.0 0.0 CG1 107 
   174 57.0 0.0 CA 25 
   1261 4.2 0.0 HB 114 
   946 34.7 0.0 CB 87 
   1899 1.86 0.0 HB 167 
   1029 0.7 0.0 HG21 94 
   1463 0.93 0.0 HD13 132 
   1680 4.08 0.0 HA 150 
   1168 17.5 0.0 CG2 105 
   1002 2.77 0.0 HB2 92 
   1235 56.4 0.0 CA 111 
   1725 119.6 0.0 CE3 153 
   1229 22.5 0.0 CD2 110 
   294 58.7 0.0 CA 36 
   1643 2.21 0.0 HG2 146 
   810 3.29 0.0 HB3 78 
   1934 120.5 0.0 CD2 169 
   1117 3.67 0.0 HB 101 
   257 9.25 0.0 H 34 
   652 0.91 0.0 HD13 64 
   662 8.9 0.0 H 65 
   1384 8.22 0.0 H 126 
   1309 1.68 0.0 HG3 119 
   1298 53.1 0.0 CA 118 
   1874 26.3 0.0 CG 164 
   373 42.2 0.0 CE 41 
   1851 2.24 0.0 HB2 163 
   241 55.0 0.0 CA 32 
   1603 9.24 0.0 H 143 
   1985 8.55 0.0 H 174 
   923 121.7 0.0 N 85 
   1319 3.69 0.0 HA3 120 
   1819 1.91 0.0 HG 161 
   841 8.07 0.0 H 80 
   1995 8.36 0.0 H 175 
   1254 33.3 0.0 CB 113 
   1635 26.4 0.0 CG 145 
   1665 0.92 0.0 HD21 148 
   1926 112.3 0.0 NE2 168 
   664 1.55 0.0 HB2 65 
   1858 27.9 0.0 CB 163 
   744 4.72 0.0 HA 73 
   1898 4.64 0.0 HA 167 
   1931 7.31 0.0 HD2 169 
   1497 54.7 0.0 CA 134 
   11 2.32 0.0 HG3 12 
   1850 4.04 0.0 HA 163 
   1157 0.33 0.0 HG12 105 
   393 34.7 0.0 CG 43 
   1426 129.8 0.0 CE2 129 
   80 1.01 0.0 HG21 18 
   1954 1.93 0.0 HB2 171 
   425 3.98 0.0 HB2 46 
   825 131.3 0.0 NE1 78 
   248 1.72 0.0 HG2 33 
   1487 113.9 0.0 CZ2 133 
   1855 7.42 0.0 HE21 163 
   873 131.6 0.0 N 82 
   1053 3.78 0.0 HA 96 
   510 2.21 0.0 HB3 52 
   507 8.37 0.0 H 52 
   793 2.95 0.0 HE3 76 
   113 -0.19 0.0 HD11 21 
   1056 1.48 0.0 HG13 96 
   1830 22.9 0.0 CD2 161 
   572 4.38 0.0 HA 58 
   613 127.8 0.0 NE1 61 
   1567 2.06 0.0 HB3 140 
   1075 60.5 0.0 CA 97 
   1217 1.6 0.0 HB3 110 
   1161 0.67 0.0 HG23 105 
   434 2.21 0.0 HB3 47 
   771 54.9 0.0 CA 74 
   504 23.6 0.0 CG1 51 
   1353 -0.19 0.0 HD13 123 
   1789 0.18 0.0 HD12 158 
   872 39.0 0.0 CB 82 
   1074 1.17 0.0 HG23 97 
   1410 136.2 0.0 CE1 128 
   112 0.18 0.0 HG23 21 
   1001 4.95 0.0 HA 92 
   779 8.54 0.0 H 75 
   665 1.81 0.0 HB3 65 
   1739 1.14 0.0 HD21 154 
   1060 0.87 0.0 HD11 96 
   1304 8.4 0.0 H 119 
   1348 -0.36 0.0 HG21 123 
   926 2.88 0.0 HB2 86 
   716 4.53 0.0 HA2 70 
   404 37.9 0.0 CB 44 
   1188 58.3 0.0 CA 107 
   1256 29.1 0.0 CD 113 
   22 18.5 0.0 CB 13 
   1420 6.93 0.0 HZ 129 
   1539 1.47 0.0 HB3 138 
   1391 69.5 0.0 CB 126 
   797 29.6 0.0 CD 76 
   2002 6.84 0.0 HE22 175 
   1566 1.98 0.0 HB2 140 
   990 8.61 0.0 H 91 
   1502 1.71 0.0 HB2 135 
   1224 0.68 0.0 HD23 110 
   1203 49.8 0.0 CD 108 
   96 4.35 0.0 HA 20 
   1299 39.5 0.0 CB 118 
   1678 107.1 0.0 N 149 
   1500 7.5 0.0 H 135 
   813 7.27 0.0 HE3 78 
   1019 2.51 0.0 HB2 93 
   1924 33.7 0.0 CG 168 
   382 29.2 0.0 CB 42 
   1055 1.32 0.0 HG12 96 
   1946 56.7 0.0 CA 170 
   1050 27.0 0.0 CG 95 
   1590 1.64 0.0 HG 142 
   1962 8.44 0.0 H 172 
   1333 1.6 0.0 HD2 122 
   1663 0.8 0.0 HD12 148 
   362 2.06 0.0 HB3 41 
   1846 16.7 0.0 CG2 162 
   309 1.13 0.0 HG21 37 
   116 59.2 0.0 CA 21 
   443 42.7 0.0 CB 47 
   327 33.3 0.0 CG 38 
   1826 57.4 0.0 CA 161 
   955 7.18 0.0 HE1 88 
   1282 29.0 0.0 CB 116 
   505 21.0 0.0 CG2 51 
   1279 2.0 0.0 HB2 116 
   1138 2.95 0.0 HD2 103 
   1610 120.1 0.0 N 143 
   1337 55.1 0.0 CA 122 
   998 35.4 0.0 CG 91 
   1343 7.91 0.0 H 123 
   157 1.18 0.0 HD23 24 
   789 1.57 0.0 HG3 76 
   462 17.0 0.0 CG2 48 
   1801 2.05 0.0 HG3 159 
   265 36.3 0.0 CG 34 
   979 1.02 0.0 HG22 90 
   674 0.91 0.0 HB2 66 
   1327 7.0 0.0 H 122 
   1741 1.14 0.0 HD23 154 
   1067 13.2 0.0 CD1 96 
   1292 2.84 0.0 HB2 118 
   1085 6.93 0.0 HE1 98 
   35 4.1 0.0 HA 15 
   868 4.02 0.0 HA 82 
   312 66.4 0.0 CA 37 
   448 8.86 0.0 H 48 
   741 43.1 0.0 CD 72 
   802 2.94 0.0 HB2 77 
   303 7.5 0.0 H 37 
   735 1.63 0.0 HG3 72 
   666 1.89 0.0 HG2 65 
   719 107.1 0.0 N 70 
   1709 32.1 0.0 CB 152 
   1806 28.7 0.0 CG 159 
   149 1.51 0.0 HB2 24 
   614 6.81 0.0 H 62 
   655 0.91 0.0 HD23 64 
   1575 127.3 0.0 CD1 140 
   3 2.76 0.0 HB3 11 
   839 117.3 0.0 CE2 79 
   109 1.61 0.0 HG13 21 
   1003 3.68 0.0 HB3 92 
   1345 0.37 0.0 HB 123 
   695 1.69 0.0 HD2 68 
   1494 1.5 0.0 HB1 134 
   1132 126.2 0.0 N 102 
   211 44.9 0.0 CA 29 
   1340 28.9 0.0 CD 122 
   1943 1.6 0.0 HD3 170 
   1020 2.67 0.0 HB3 93 
   742 123.7 0.0 N 72 
   37 1.87 0.0 HB3 15 
   406 131.7 0.0 CD2 44 
   821 114.1 0.0 CZ2 78 
   642 26.9 0.0 CG 63 
   1825 0.73 0.0 HD23 161 
   1272 1.43 0.0 HB2 115 
   377 2.27 0.0 HB2 42 
   734 1.5 0.0 HG2 72 
   205 51.9 0.0 CA 28 
   1140 61.6 0.0 CA 103 
   1296 6.74 0.0 HE1 118 
   800 9.17 0.0 H 77 
   737 3.19 0.0 HD3 72 
   1757 3.87 0.0 HA 156 
   1131 15.4 0.0 CB 102 
   283 119.1 0.0 N 35 
   1746 27.6 0.0 CD2 154 
   644 118.8 0.0 N 63 
   454 0.97 0.0 HG22 48 
   1278 4.0 0.0 HA 116 
   2003 56.0 0.0 CA 175 
   1346 0.57 0.0 HG12 123 
   769 7.0 0.0 HE2 74 
   818 32.6 0.0 CB 78 
   1481 7.04 0.0 HZ3 133 
   54 3.21 0.0 HD3 16 
   1356 24.8 0.0 CG1 123 
   186 65.4 0.0 CA 26 
   19 1.47 0.0 HB2 13 
   273 0.91 0.0 HD12 35 
   100 2.4 0.0 HG3 20 
   1886 1.0 0.0 HG11 166 
   915 1.28 0.0 HD3 85 
   965 121.3 0.0 N 88 
   107 1.29 0.0 HB 21 
   421 117.4 0.0 N 45 
   1471 26.2 0.0 CD2 132 
   1921 7.47 0.0 HE22 168 
   1685 0.87 0.0 HD12 150 
   691 1.81 0.0 HB2 68 
   594 120.0 0.0 N 60 
   1673 110.9 0.0 N 148 
   133 8.04 0.0 H 23 
   1338 32.9 0.0 CB 122 
   353 57.5 0.0 CA 40 
   1013 129.9 0.0 CE1 92 
   497 0.78 0.0 HG12 51 
   1592 -0.51 0.0 HD12 142 
   1158 1.15 0.0 HG13 105 
   534 36.9 0.0 CB 54 
   590 2.19 0.0 HB2 60 
   32 22.0 0.0 CG2 14 
   227 2.02 0.0 HB3 31 
   2004 29.2 0.0 CB 175 
   991 5.29 0.0 HA 91 
   1205 4.3 0.0 HA 109 
   1267 20.7 0.0 CG2 114 
   388 2.34 0.0 HB3 43 
   669 34.1 0.0 CB 65 
   1569 6.2 0.0 HD2 140 
   304 3.36 0.0 HA 37 
   876 1.57 0.0 HB2 83 
   1769 113.1 0.0 N 156 
   1597 57.5 0.0 CA 142 
   240 3.09 0.0 HB3 32 
   939 8.12 0.0 H 87 
   855 17.1 0.0 CG2 80 
   405 131.7 0.0 CD1 44 
   720 8.33 0.0 H 71 
   730 7.61 0.0 H 72 
   757 113.1 0.0 CZ2 73 
   1961 119.4 0.0 N 171 
   1130 49.7 0.0 CA 102 
   1598 40.4 0.0 CB 142 
   1975 29.1 0.0 CD 172 
   618 5.47 0.0 HD1 62 
   847 0.64 0.0 HG22 80 
   346 0.96 0.0 HG 40 
   1870 2.92 0.0 HE2 164 
   1511 43.4 0.0 CD 135 
   1733 1.24 0.0 HB2 154 
   1012 131.3 0.0 CD2 92 
   750 7.02 0.0 HZ2 73 
   1233 2.6 0.0 HB2 111 
   279 42.7 0.0 CB 35 
   324 8.08 0.0 HE22 38 
   718 46.2 0.0 CA 70 
   1408 30.4 0.0 CB 128 
   1234 2.72 0.0 HB3 111 
   1798 1.66 0.0 HB2 159 
   46 121.6 0.0 N 15 
   191 4.6 0.0 HA 27 
   387 2.22 0.0 HB2 43 
   1236 41.0 0.0 CB 111 
   675 2.44 0.0 HB3 66 
   249 1.85 0.0 HG3 33 
   1417 7.05 0.0 HD2 129 
   992 2.07 0.0 HB2 91 
   783 107.1 0.0 N 75 
   1562 41.9 0.0 CE 139 
   207 123.5 0.0 N 28 
   1981 2.88 0.0 HB3 173 
   651 0.91 0.0 HD12 64 
   1857 58.8 0.0 CA 163 
   188 22.0 0.0 CG2 26 
   392 28.4 0.0 CB 43 
   95 7.79 0.0 H 20 
   1591 -0.51 0.0 HD11 142 
   1220 0.5 0.0 HD12 110 
   491 118.8 0.0 CE2 50 
   1061 0.87 0.0 HD12 96 
   1198 3.48 0.0 HD2 108 
   74 8.12 0.0 H 18 
   168 1.29 0.0 HG2 25 
   1708 64.6 0.0 CA 152 
   1106 4.12 0.0 HA 100 
   252 58.8 0.0 CA 33 
   1110 1.25 0.0 HG23 100 
   200 7.02 0.0 H 28 
   357 24.3 0.0 CD2 40 
   296 127.0 0.0 CD1 36 
   1474 3.57 0.0 HA 133 
   292 7.51 0.0 HZ3 36 
   513 59.7 0.0 CA 52 
   202 1.47 0.0 HB1 28 
   1246 1.82 0.0 HB3 113 
   1424 131.7 0.0 CD2 129 
   1813 41.7 0.0 CB 160 
   898 0.41 0.0 HD13 84 
   1300 132.5 0.0 CD1 118 
   190 9.34 0.0 H 27 
   1832 8.16 0.0 H 162 
   879 0.82 0.0 HD11 83 
   339 29.8 0.0 CB 39 
   63 1.01 0.0 HG11 17 
   135 2.37 0.0 HB 23 
   1713 4.06 0.0 HA 153 
   358 120.3 0.0 N 40 
   214 1.05 0.0 HB2 30 
   1257 42.5 0.0 CE 113 
   1854 2.49 0.0 HG3 163 
   341 121.0 0.0 N 39 
   1493 4.17 0.0 HA 134 
   622 5.65 0.0 HZ 62 
   247 2.12 0.0 HB3 33 
   256 121.0 0.0 N 33 
   886 39.8 0.0 CB 83 
   307 0.99 0.0 HG12 37 
   1264 1.17 0.0 HG23 114 
   1548 8.76 0.0 H 139 
   833 6.69 0.0 HE2 79 
   1058 0.98 0.0 HG22 96 
   803 3.39 0.0 HB3 77 
   1238 8.62 0.0 H 112 
   1397 2.68 0.0 HB3 127 
   1893 32.2 0.0 CB 166 
   515 36.4 0.0 CG 52 
   1552 1.26 0.0 HG2 139 
   343 3.56 0.0 HA 40 
   1861 111.2 0.0 NE2 163 
   1382 22.6 0.0 CD2 125 
   853 38.1 0.0 CB 80 
   1123 21.0 0.0 CG2 101 
   1619 115.6 0.0 CD2 144 
   1930 2.88 0.0 HB3 169 
   503 31.5 0.0 CB 51 
   1062 0.87 0.0 HD13 96 
   1703 2.44 0.0 HB3 152 
   1722 62.3 0.0 CA 153 
   638 3.25 0.0 HD3 63 
   1016 112.7 0.0 N 92 
   114 -0.19 0.0 HD12 21 
   1076 67.7 0.0 CB 97 
   378 2.71 0.0 HB3 42 
   1092 116.0 0.0 CE2 98 
   62 2.21 0.0 HB 17 
   17 4.21 0.0 HA 13 
   645 8.7 0.0 H 64 
   1472 119.9 0.0 N 132 
   962 129.6 0.0 CE1 88 
   316 116.1 0.0 N 37 
   1005 6.51 0.0 HD2 92 
   910 1.51 0.0 HB2 85 
   1501 4.14 0.0 HA 135 
   1895 21.8 0.0 CG2 166 
   878 1.45 0.0 HG 83 
   115 -0.19 0.0 HD13 21 
   1121 59.6 0.0 CA 101 
   1637 23.3 0.0 CD2 145 
   1560 25.7 0.0 CG 139 
   335 1.47 0.0 HG3 39 
   1812 57.2 0.0 CA 160 
   1107 4.44 0.0 HB 100 
   94 116.9 0.0 N 19 
   688 110.7 0.0 ND2 67 
   1165 62.8 0.0 CA 105 
   16 8.44 0.0 H 13 
   10 2.32 0.0 HG2 12 
   370 32.0 0.0 CB 41 
   1965 1.85 0.0 HB3 172 
   1135 2.45 0.0 HB3 103 
   201 4.74 0.0 HA 28 
   1022 43.0 0.0 CB 93 
   458 0.92 0.0 HD13 48 
   153 1.0 0.0 HD12 24 
   1817 1.16 0.0 HB2 161 
   1763 0.93 0.0 HG22 156 
   838 117.3 0.0 CE1 79 
   229 1.65 0.0 HG3 31 
   1911 18.1 0.0 CG2 167 
   1342 118.4 0.0 N 122 
   1942 1.6 0.0 HD2 170 
   427 5.22 0.0 HG 46 
   1368 4.45 0.0 HA 125 
   576 39.1 0.0 CB 58 
   1088 42.0 0.0 CB 98 
   1412 7.96 0.0 H 129 
   796 24.8 0.0 CG 76 
   1387 1.41 0.0 HG21 126 
   670 36.3 0.0 CG 65 
   1179 8.02 0.0 H 107 
   1631 0.45 0.0 HD22 145 
   1086 7.33 0.0 HE2 98 
   1572 6.2 0.0 HZ 140 
   1369 1.43 0.0 HB2 125 
   163 126.3 0.0 N 24 
   484 6.97 0.0 HE1 50 
   172 2.92 0.0 HE2 25 
   1520 40.4 0.0 CB 136 
   860 2.85 0.0 HB2 81 
   1896 115.2 0.0 N 166 
   1540 1.25 0.0 HG2 138 
   724 1.1 0.0 HG22 71 
   1114 122.2 0.0 N 100 
   786 1.44 0.0 HB2 76 
   1026 2.04 0.0 HB 94 
   1375 0.33 0.0 HD21 125 
   1451 3.77 0.0 HD3 131 
   1043 2.39 0.0 HB3 95 
   966 8.46 0.0 H 89 
   178 41.8 0.0 CE 25 
   650 0.91 0.0 HD11 64 
   1078 103.6 0.0 N 97 
   792 2.95 0.0 HE2 76 
   254 27.3 0.0 CG 33 
   1852 2.24 0.0 HB3 163 
   1330 1.47 0.0 HB3 122 
   179 116.8 0.0 N 25 
   330 8.2 0.0 H 39 
   1290 18.0 0.0 CE 117 
   1479 7.41 0.0 HE3 133 
   124 2.46 0.0 HB3 22 
   51 1.6 0.0 HG2 16 
   1273 1.43 0.0 HB3 115 
   1445 4.38 0.0 HA 131 
   1037 26.8 0.0 CG1 94 
   1293 3.08 0.0 HB3 118 
   259 2.16 0.0 HB2 34 
   1218 1.35 0.0 HG 110 
   1004 6.51 0.0 HD1 92 
   1765 63.4 0.0 CA 156 
   1701 4.25 0.0 HA 152 
   1419 6.99 0.0 HE2 129 
   1359 117.1 0.0 N 123 
   1329 1.25 0.0 HB2 122 
   139 1.13 0.0 HG21 23 
   1839 0.81 0.0 HG23 162 
   171 1.6 0.0 HD3 25 
   1751 1.43 0.0 HB2 155 
   106 4.14 0.0 HA 21 
   1780 7.94 0.0 H 158 
   679 8.15 0.0 H 67 
   709 2.34 0.0 HG2 69 
   2005 33.7 0.0 CG 175 
   983 0.71 0.0 HD13 90 
   772 40.5 0.0 CB 74 
   103 36.3 0.0 CG 20 
   1583 4.14 0.0 HA3 141 
   752 6.46 0.0 HH2 73 
   564 4.51 0.0 HA 57 
   110 0.18 0.0 HG21 21 
   1802 3.0 0.0 HD2 159 
   2006 120.6 0.0 N 175 
   1808 6.55 0.0 H 160 
   1054 1.9 0.0 HB 96 
   90 3.98 0.0 HB2 19 
   430 114.9 0.0 N 46 
   754 30.6 0.0 CB 73 
   1762 0.93 0.0 HG21 156 
   342 8.86 0.0 H 40 
   494 3.25 0.0 HA 51 
   4 54.1 0.0 CA 11 
   548 32.2 0.0 CB 55 
   198 128.7 0.0 N 27 
   81 1.01 0.0 HG22 18 
   291 7.92 0.0 HZ2 36 
   1323 3.93 0.0 HA2 121 
   543 1.6 0.0 HD2 55 
   1103 25.1 0.0 CG 99 
   598 4.08 0.0 HB3 61 
   31 68.6 0.0 CB 14 
   1143 49.2 0.0 CD 103 
   570 121.1 0.0 N 57 
   20 1.47 0.0 HB3 13 
   203 1.47 0.0 HB2 28 
   1618 29.7 0.0 CB 144 
   531 4.55 0.0 HD21 54 
   456 0.92 0.0 HD11 48 
   1880 4.11 0.0 HA3 165 
   654 0.91 0.0 HD22 64 
   963 129.6 0.0 CE2 88 
   1702 1.82 0.0 HB2 152 
   314 21.0 0.0 CG1 37 
   1957 2.2 0.0 HG3 171 
   89 4.33 0.0 HA 19 
   1049 32.4 0.0 CB 95 
   6 8.75 0.0 H 12 
   289 9.86 0.0 HE1 36 
   287 3.79 0.0 HB3 36 
   1358 13.5 0.0 CD1 123 
   1332 1.23 0.0 HG3 122 
   24 7.95 0.0 H 14 
   756 119.8 0.0 CE3 73 
   1245 1.76 0.0 HB2 113 
   1176 50.2 0.0 CA 106 
   747 6.4 0.0 HD1 73 
   1925 121.6 0.0 N 168 
   908 8.45 0.0 H 85 
   766 6.87 0.0 HD1 74 
   970 54.7 0.0 CA 89 
   1949 29.2 0.0 CD 170 
   862 7.19 0.0 HD2 81 
   677 66.8 0.0 CB 66 
   400 7.33 0.0 HD2 44 
   682 3.59 0.0 HB3 67 
   999 117.4 0.0 N 91 
   284 8.01 0.0 H 36 
   1202 27.1 0.0 CG 108 
   989 113.7 0.0 N 90 
   1437 2.99 0.0 HE2 130 
   1546 24.1 0.0 CG 138 
   1166 38.7 0.0 CB 105 
   972 122.9 0.0 N 89 
   1878 7.93 0.0 H 165 
   927 3.29 0.0 HB3 86 
   823 123.5 0.0 CH2 78 
   442 58.8 0.0 CA 47 
   1207 2.39 0.0 HB3 109 
   1033 0.45 0.0 HD12 94 
   776 130.0 0.0 CE2 74 
   928 7.33 0.0 HD1 86 
   1606 1.04 0.0 HB2 143 
   555 2.93 0.0 HB2 56 
   1478 9.6 0.0 HE1 133 
   731 5.02 0.0 HA 72 
   322 2.45 0.0 HG3 38 
   1555 1.62 0.0 HD3 139 
   984 58.5 0.0 CA 90 
   1553 1.46 0.0 HG3 139 
   1467 57.9 0.0 CA 132 
   78 0.94 0.0 HG12 18 
   1399 40.2 0.0 CB 127 
   1251 3.12 0.0 HE2 113 
   1902 0.95 0.0 HG21 167 
   836 131.9 0.0 CD1 79 
   1446 1.83 0.0 HB2 131 
   93 63.2 0.0 CB 19 
   1939 1.7 0.0 HB3 170 
   859 4.82 0.0 HA 81 
   1628 -0.05 0.0 HD12 145 
   1683 1.88 0.0 HG 150 
   1581 9.74 0.0 H 141 
