   160 31.1 0.0 CG 24 
   968 2.72 0.0 HB2 89 
   1380 26.3 0.0 CG 125 
   1954 1.93 0.0 HB2 171 
   202 1.47 0.0 HB1 28 
   715 7.82 0.0 H 70 
   31 68.6 0.0 CB 14 
   598 4.08 0.0 HB3 61 
   1532 60.5 0.0 CA 137 
   429 62.7 0.0 CB 46 
   1244 4.41 0.0 HA 113 
   1471 26.2 0.0 CD2 132 
   1598 40.4 0.0 CB 142 
   1251 3.12 0.0 HE2 113 
   54 3.21 0.0 HD3 16 
   1172 5.09 0.0 HA 106 
   837 131.9 0.0 CD2 79 
   38 1.59 0.0 HG2 15 
   744 4.72 0.0 HA 73 
   138 0.96 0.0 HG13 23 
   941 1.9 0.0 HB2 87 
   1833 3.68 0.0 HA 162 
   200 7.02 0.0 H 28 
   284 8.01 0.0 H 36 
   554 4.54 0.0 HA 56 
   1098 1.77 0.0 HG3 99 
   1618 29.7 0.0 CB 144 
   1911 18.1 0.0 CG2 167 
   1626 1.11 0.0 HG 145 
   994 2.13 0.0 HG2 91 
   18 1.47 0.0 HB1 13 
   1263 1.17 0.0 HG22 114 
   1399 40.2 0.0 CB 127 
   497 0.78 0.0 HG12 51 
   1146 1.71 0.0 HB2 104 
   270 1.81 0.0 HB3 35 
   1188 58.3 0.0 CA 107 
   440 0.98 0.0 HD22 47 
   1056 1.48 0.0 HG13 96 
   1708 64.6 0.0 CA 152 
   353 57.5 0.0 CA 40 
   544 1.6 0.0 HD3 55 
   647 1.83 0.0 HB2 64 
   666 1.89 0.0 HG2 65 
   417 6.94 0.0 HE22 45 
   487 38.5 0.0 CB 50 
   1451 3.77 0.0 HD3 131 
   156 1.18 0.0 HD22 24 
   757 113.1 0.0 CZ2 73 
   1897 6.85 0.0 H 167 
   1096 2.2 0.0 HB3 99 
   462 17.0 0.0 CG2 48 
   965 121.3 0.0 N 88 
   1456 6.93 0.0 H 132 
   1412 7.96 0.0 H 129 
   596 4.27 0.0 HA 61 
   1155 3.79 0.0 HA 105 
   1987 2.77 0.0 HB2 174 
   1690 57.9 0.0 CA 150 
   77 0.94 0.0 HG11 18 
   1786 0.42 0.0 HG22 158 
   1670 27.0 0.0 CG 148 
   1520 40.4 0.0 CB 136 
   455 0.97 0.0 HG23 48 
   355 26.0 0.0 CG 40 
   1288 1.89 0.0 HE3 117 
   439 0.98 0.0 HD21 47 
   174 57.0 0.0 CA 25 
   1946 56.7 0.0 CA 170 
   1493 4.17 0.0 HA 134 
   162 25.5 0.0 CD2 24 
   235 43.1 0.0 CD 31 
   1630 0.45 0.0 HD21 145 
   20 1.47 0.0 HB3 13 
   1 4.65 0.0 HA 11 
   1339 25.6 0.0 CG 122 
   281 22.8 0.0 CD1 35 
   1594 0.37 0.0 HD21 142 
   1682 2.33 0.0 HB3 150 
   1638 121.2 0.0 N 145 
   706 4.19 0.0 HA 69 
   705 8.77 0.0 H 69 
   1994 112.7 0.0 ND2 174 
   1544 64.6 0.0 CA 138 
   1925 121.6 0.0 N 168 
   561 118.9 0.0 N 56 
   1112 67.9 0.0 CB 100 
   651 0.91 0.0 HD12 64 
   3 2.76 0.0 HB3 11 
   1383 126.2 0.0 N 125 
   639 7.37 0.0 HE 63 
   118 27.5 0.0 CG1 21 
   430 114.9 0.0 N 46 
   212 107.0 0.0 N 29 
   1054 1.9 0.0 HB 96 
   1259 7.31 0.0 H 114 
   283 119.1 0.0 N 35 
   1774 0.82 0.0 HG2 157 
   1959 31.0 0.0 CB 171 
   839 117.3 0.0 CE2 79 
   1402 4.57 0.0 HA 128 
   925 4.52 0.0 HA 86 
   1233 2.6 0.0 HB2 111 
   636 1.74 0.0 HG3 63 
   1438 2.99 0.0 HE3 130 
   1724 127.0 0.0 CD1 153 
   1715 3.56 0.0 HB3 153 
   2002 6.84 0.0 HE22 175 
   581 2.76 0.0 HB3 59 
   206 24.4 0.0 CB 28 
   1057 0.98 0.0 HG21 96 
   830 6.96 0.0 HD1 79 
   650 0.91 0.0 HD11 64 
   1175 1.34 0.0 HB3 106 
   899 0.64 0.0 HD21 84 
   549 25.6 0.0 CG 55 
   16 8.44 0.0 H 13 
   692 1.89 0.0 HB3 68 
   1116 4.28 0.0 HA 101 
   1689 1.16 0.0 HD23 150 
   605 56.9 0.0 CA 61 
   555 2.93 0.0 HB2 56 
   911 1.74 0.0 HB3 85 
   91 3.98 0.0 HB3 19 
   1650 4.49 0.0 HA 147 
   1220 0.5 0.0 HD12 110 
   1673 110.9 0.0 N 148 
   66 1.1 0.0 HG21 17 
   655 0.91 0.0 HD23 64 
   954 7.16 0.0 HD2 88 
   1400 122.0 0.0 N 127 
   68 1.1 0.0 HG23 17 
   713 37.3 0.0 CG 69 
   1452 65.5 0.0 CA 131 
   1941 1.38 0.0 HG3 170 
   1648 117.1 0.0 N 146 
   1697 3.12 0.0 HA2 151 
   1314 27.1 0.0 CG 119 
   40 3.21 0.0 HD2 15 
   1589 1.6 0.0 HB3 142 
   1231 7.36 0.0 H 111 
   136 0.96 0.0 HG11 23 
   277 1.01 0.0 HD23 35 
   183 1.25 0.0 HG21 26 
   895 1.54 0.0 HG 84 
   570 121.1 0.0 N 57 
   1335 2.91 0.0 HE2 122 
   778 117.0 0.0 N 74 
   1011 131.3 0.0 CD1 92 
   595 7.49 0.0 H 61 
   838 117.3 0.0 CE1 79 
   124 2.46 0.0 HB3 22 
   916 2.27 0.0 HE2 85 
   135 2.37 0.0 HB 23 
   1307 1.79 0.0 HB3 119 
   1888 1.0 0.0 HG13 166 
   1171 8.88 0.0 H 106 
   1727 119.6 0.0 CZ3 153 
   489 131.7 0.0 CD2 50 
   41 3.21 0.0 HD3 15 
   1325 45.6 0.0 CA 121 
   292 7.51 0.0 HZ3 36 
   1656 120.5 0.0 N 147 
   404 37.9 0.0 CB 44 
   745 1.04 0.0 HB2 73 
   261 2.42 0.0 HG2 34 
   1876 41.8 0.0 CE 164 
   1485 126.6 0.0 CD1 133 
   1508 57.0 0.0 CA 135 
   1004 6.51 0.0 HD1 92 
   1587 3.92 0.0 HA 142 
   456 0.92 0.0 HD11 48 
   812 10.66 0.0 HE1 78 
   189 121.3 0.0 N 26 
   1196 1.88 0.0 HG2 108 
   772 40.5 0.0 CB 74 
   929 7.33 0.0 HD2 86 
   1803 3.0 0.0 HD3 159 
   981 0.71 0.0 HD11 90 
   1137 1.47 0.0 HG3 103 
   295 29.5 0.0 CB 36 
   14 35.9 0.0 CG 12 
   1401 7.93 0.0 H 128 
   114 -0.19 0.0 HD12 21 
   305 2.2 0.0 HB 37 
   971 41.3 0.0 CB 89 
   1246 1.82 0.0 HB3 113 
   1756 6.91 0.0 H 156 
   164 8.31 0.0 H 25 
   1962 8.44 0.0 H 172 
   704 123.1 0.0 N 68 
   866 126.2 0.0 N 81 
   45 43.1 0.0 CD 15 
   6 8.75 0.0 H 12 
   1848 120.1 0.0 N 162 
   265 36.3 0.0 CG 34 
   1404 3.23 0.0 HB3 128 
   1906 0.85 0.0 HD12 167 
   1502 1.71 0.0 HB2 135 
   110 0.18 0.0 HG21 21 
   413 2.34 0.0 HB3 45 
   1052 8.69 0.0 H 96 
   1553 1.46 0.0 HG3 139 
   1969 1.65 0.0 HD3 172 
   1132 126.2 0.0 N 102 
   219 3.47 0.0 HD3 30 
   237 8.17 0.0 H 32 
   474 29.4 0.0 CB 49 
   1141 31.9 0.0 CB 103 
   524 37.4 0.0 CB 53 
   331 4.12 0.0 HA 39 
   1961 119.4 0.0 N 171 
   701 24.4 0.0 CG 68 
   999 117.4 0.0 N 91 
   1870 2.92 0.0 HE2 164 
   1770 7.92 0.0 H 157 
   1283 119.1 0.0 N 116 
   882 0.77 0.0 HD21 83 
   919 34.2 0.0 CB 85 
   660 24.2 0.0 CD2 64 
   448 8.86 0.0 H 48 
   1852 2.24 0.0 HB3 163 
   938 129.3 0.0 N 86 
   644 118.8 0.0 N 63 
   573 2.55 0.0 HB2 58 
   992 2.07 0.0 HB2 91 
   322 2.45 0.0 HG3 38 
   1761 0.75 0.0 HG13 156 
   1107 4.44 0.0 HB 100 
   1352 -0.19 0.0 HD12 123 
   421 117.4 0.0 N 45 
   205 51.9 0.0 CA 28 
   1014 129.9 0.0 CE2 92 
   260 2.16 0.0 HB3 34 
   1769 113.1 0.0 N 156 
   1028 2.13 0.0 HG13 94 
   1043 2.39 0.0 HB3 95 
   1127 0.01 0.0 HB1 102 
   1084 7.38 0.0 HD2 98 
   1872 56.9 0.0 CA 164 
   1775 1.28 0.0 HG3 157 
   50 1.9 0.0 HB3 16 
   21 54.2 0.0 CA 13 
   1529 1.08 0.0 HG21 137 
   1944 2.96 0.0 HE2 170 
   475 26.1 0.0 CG 49 
   286 3.29 0.0 HB2 36 
   1001 4.95 0.0 HA 92 
   1578 129.7 0.0 CE2 140 
   1998 2.08 0.0 HB3 175 
   1354 61.9 0.0 CA 123 
   1242 115.0 0.0 N 112 
   1215 4.34 0.0 HA 110 
   59 120.5 0.0 N 16 
   1240 3.79 0.0 HA3 112 
   956 7.18 0.0 HE2 88 
   1816 3.88 0.0 HA 161 
   1825 0.73 0.0 HD23 161 
   861 3.25 0.0 HB3 81 
   1454 27.9 0.0 CG 131 
   1497 54.7 0.0 CA 134 
   1967 1.43 0.0 HG3 172 
   1130 49.7 0.0 CA 102 
   1077 22.0 0.0 CG2 97 
   750 7.02 0.0 HZ2 73 
   496 0.78 0.0 HG11 51 
   1820 0.66 0.0 HD11 161 
   849 0.82 0.0 HD11 80 
   271 1.77 0.0 HG 35 
   532 7.24 0.0 HD22 54 
   30 64.2 0.0 CA 14 
   1691 42.2 0.0 CB 150 
   1364 57.6 0.0 CA 124 
   85 21.7 0.0 CG1 18 
   62 2.21 0.0 HB 17 
   374 118.4 0.0 N 41 
   178 41.8 0.0 CE 25 
   653 0.91 0.0 HD21 64 
   412 2.23 0.0 HB2 45 
   1466 1.04 0.0 HD23 132 
   885 57.1 0.0 CA 83 
   227 2.02 0.0 HB3 31 
   1447 2.29 0.0 HB3 131 
   1974 24.7 0.0 CG 172 
   55 57.8 0.0 CA 16 
   442 58.8 0.0 CA 47 
   1669 43.3 0.0 CB 148 
   362 2.06 0.0 HB3 41 
   1085 6.93 0.0 HE1 98 
   501 0.8 0.0 HG23 51 
   1785 0.42 0.0 HG21 158 
   1525 1.75 0.0 HB 137 
   1091 118.2 0.0 CE1 98 
   1908 59.4 0.0 CA 167 
   579 5.05 0.0 HA 59 
   1018 5.58 0.0 HA 93 
   1947 33.5 0.0 CB 170 
   516 119.7 0.0 N 52 
   1449 2.12 0.0 HG3 131 
   1500 7.5 0.0 H 135 
   966 8.46 0.0 H 89 
   467 1.95 0.0 HB2 49 
   924 9.53 0.0 H 86 
   1702 1.82 0.0 HB2 152 
   963 129.6 0.0 CE2 88 
   818 32.6 0.0 CB 78 
   107 1.29 0.0 HB 21 
   685 51.6 0.0 CA 67 
   1212 36.8 0.0 CG 109 
   1611 7.37 0.0 H 144 
   211 44.9 0.0 CA 29 
   1563 122.6 0.0 N 139 
   350 0.86 0.0 HD21 40 
   1489 123.1 0.0 CH2 133 
   1406 8.19 0.0 HE1 128 
   425 3.98 0.0 HB2 46 
   1591 -0.51 0.0 HD11 142 
   461 29.8 0.0 CG1 48 
   354 41.3 0.0 CB 40 
   203 1.47 0.0 HB2 28 
   569 19.0 0.0 CB 57 
   1491 130.6 0.0 NE1 133 
   1248 1.36 0.0 HG3 113 
   1099 3.44 0.0 HD2 99 
   28 1.24 0.0 HG22 14 
   1347 0.7 0.0 HG13 123 
   1652 1.22 0.0 HB2 147 
   1293 3.08 0.0 HB3 118 
   1762 0.93 0.0 HG21 156 
   695 1.69 0.0 HD2 68 
   646 5.07 0.0 HA 64 
   1189 31.4 0.0 CB 107 
   1893 32.2 0.0 CB 166 
   1983 27.8 0.0 CB 173 
   1238 8.62 0.0 H 112 
   517 8.47 0.0 H 53 
   492 119.9 0.0 N 50 
   1153 119.5 0.0 N 104 
   917 2.37 0.0 HE3 85 
   259 2.16 0.0 HB2 34 
   1387 1.41 0.0 HG21 126 
   1225 53.9 0.0 CA 110 
   511 2.31 0.0 HG2 52 
   601 7.9 0.0 HE3 61 
   1752 1.43 0.0 HB3 155 
   1036 36.4 0.0 CB 94 
   1606 1.04 0.0 HB2 143 
   782 45.8 0.0 CA 75 
   1934 120.5 0.0 CD2 169 
   1517 6.92 0.0 HD21 136 
   1721 6.62 0.0 HH2 153 
   2001 7.5 0.0 HE21 175 
   654 0.91 0.0 HD22 64 
   1167 27.6 0.0 CG1 105 
   970 54.7 0.0 CA 89 
   1239 4.25 0.0 HA2 112 
   712 29.6 0.0 CB 69 
   96 4.35 0.0 HA 20 
   278 56.6 0.0 CA 35 
   9 2.03 0.0 HB3 12 
   1975 29.1 0.0 CD 172 
   795 38.2 0.0 CB 76 
   571 7.96 0.0 H 58 
   553 8.2 0.0 H 56 
   520 3.26 0.0 HB3 53 
   603 6.87 0.0 HZ3 61 
   833 6.69 0.0 HE2 79 
   1005 6.51 0.0 HD2 92 
   793 2.95 0.0 HE3 76 
   1623 4.15 0.0 HA 145 
   1074 1.17 0.0 HG23 97 
   1492 8.33 0.0 H 134 
   1459 1.92 0.0 HB3 132 
   1193 4.13 0.0 HA 108 
   729 107.9 0.0 N 71 
   1433 1.42 0.0 HG2 130 
   1360 7.71 0.0 H 124 
   493 8.77 0.0 H 51 
   1287 1.89 0.0 HE2 117 
   1900 0.81 0.0 HG12 167 
   1114 122.2 0.0 N 100 
   1495 1.5 0.0 HB2 134 
   1899 1.86 0.0 HB 167 
   909 4.75 0.0 HA 85 
   1895 21.8 0.0 CG2 166 
   764 3.1 0.0 HB2 74 
   109 1.61 0.0 HG13 21 
   1033 0.45 0.0 HD12 94 
   1460 1.53 0.0 HG 132 
   1588 0.74 0.0 HB2 142 
   665 1.81 0.0 HB3 65 
   1838 0.81 0.0 HG22 162 
   17 4.21 0.0 HA 13 
   287 3.79 0.0 HB3 36 
   334 1.47 0.0 HG2 39 
   775 130.0 0.0 CE1 74 
   901 0.64 0.0 HD23 84 
   1145 4.26 0.0 HA 104 
   1763 0.93 0.0 HG22 156 
   1540 1.25 0.0 HG2 138 
   1864 1.76 0.0 HB2 164 
   679 8.15 0.0 H 67 
   1663 0.8 0.0 HD12 148 
   1778 34.2 0.0 CG 157 
   193 3.25 0.0 HB3 27 
   643 42.6 0.0 CD 63 
   1351 -0.19 0.0 HD11 123 
   1981 2.88 0.0 HB3 173 
   1173 1.34 0.0 HB1 106 
   1083 7.86 0.0 HD1 98 
   910 1.51 0.0 HB2 85 
   1823 0.73 0.0 HD21 161 
   721 4.41 0.0 HA 71 
   624 40.9 0.0 CB 62 
   979 1.02 0.0 HG22 90 
   1281 56.2 0.0 CA 116 
   1749 3.86 0.0 HA 155 
   1621 115.4 0.0 N 144 
   1375 0.33 0.0 HD21 125 
   447 120.8 0.0 N 47 
   1143 49.2 0.0 CD 103 
   1357 17.0 0.0 CG2 123 
   1073 1.17 0.0 HG22 97 
   710 2.54 0.0 HG3 69 
   1949 29.2 0.0 CD 170 
   625 132.0 0.0 CD1 62 
   1586 10.28 0.0 H 142 
   289 9.86 0.0 HE1 36 
   367 2.96 0.0 HE2 41 
   35 4.1 0.0 HA 15 
   352 0.86 0.0 HD23 40 
   263 59.6 0.0 CA 34 
   1062 0.87 0.0 HD13 96 
   1878 7.93 0.0 H 165 
   1677 45.7 0.0 CA 149 
   1276 128.2 0.0 N 115 
   1822 0.66 0.0 HD13 161 
   673 4.75 0.0 HA 66 
   1718 7.08 0.0 HE3 153 
   1013 129.9 0.0 CE1 92 
   953 7.16 0.0 HD1 88 
   788 1.43 0.0 HG2 76 
   267 8.01 0.0 H 35 
   1726 113.9 0.0 CZ2 153 
   358 120.3 0.0 N 40 
   1392 21.7 0.0 CG2 126 
   1174 1.34 0.0 HB2 106 
   1487 113.9 0.0 CZ2 133 
   993 2.38 0.0 HB3 91 
   626 132.0 0.0 CD2 62 
   1685 0.87 0.0 HD12 150 
   445 25.4 0.0 CD1 47 
   510 2.21 0.0 HB3 52 
   1719 7.16 0.0 HZ2 153 
   1178 128.8 0.0 N 106 
   154 1.0 0.0 HD13 24 
   1147 1.85 0.0 HB3 104 
   976 0.84 0.0 HG12 90 
   1583 4.14 0.0 HA3 141 
   148 4.56 0.0 HA 24 
   1713 4.06 0.0 HA 153 
   1605 1.04 0.0 HB1 143 
   1592 -0.51 0.0 HD12 142 
   151 1.7 0.0 HG 24 
   244 8.58 0.0 H 33 
   727 69.3 0.0 CB 71 
   716 4.53 0.0 HA2 70 
   731 5.02 0.0 HA 72 
   940 5.28 0.0 HA 87 
   1285 2.4 0.0 HG3 117 
   32 22.0 0.0 CG2 14 
   1159 0.67 0.0 HG21 105 
   698 3.0 0.0 HE3 68 
   423 8.3 0.0 H 46 
   298 114.2 0.0 CZ2 36 
   1575 127.3 0.0 CD1 140 
   361 2.06 0.0 HB2 41 
   398 3.25 0.0 HB3 44 
   1667 0.92 0.0 HD23 148 
   558 7.75 0.0 HD22 56 
   530 3.06 0.0 HB3 54 
   1403 3.23 0.0 HB2 128 
   486 58.8 0.0 CA 50 
   1111 67.1 0.0 CA 100 
   857 128.9 0.0 N 80 
   1327 7.0 0.0 H 122 
   485 6.97 0.0 HE2 50 
   431 8.42 0.0 H 47 
   1789 0.18 0.0 HD12 158 
   1237 119.9 0.0 N 111 
   1304 8.4 0.0 H 119 
   1853 2.49 0.0 HG2 163 
   814 7.17 0.0 HZ2 78 
   1015 127.8 0.0 CZ 92 
   533 55.3 0.0 CA 54 
   1567 2.06 0.0 HB3 140 
   1176 50.2 0.0 CA 106 
   402 6.81 0.0 HE2 44 
   1103 25.1 0.0 CG 99 
   675 2.44 0.0 HB3 66 
   1821 0.66 0.0 HD12 161 
   1515 0.92 0.0 HB2 136 
   1593 -0.51 0.0 HD13 142 
   1234 2.72 0.0 HB3 111 
   785 5.61 0.0 HA 76 
   360 4.16 0.0 HA 41 
   1050 27.0 0.0 CG 95 
   1781 3.54 0.0 HA 158 
   25 4.07 0.0 HA 14 
   1608 55.6 0.0 CA 143 
   1469 27.0 0.0 CG 132 
   1992 38.6 0.0 CB 174 
   1316 120.9 0.0 N 119 
   801 5.55 0.0 HA 77 
   752 6.46 0.0 HH2 73 
   384 119.4 0.0 N 42 
   1809 4.33 0.0 HA 160 
   1760 0.75 0.0 HG12 156 
   1548 8.76 0.0 H 139 
   541 1.31 0.0 HG2 55 
   452 1.86 0.0 HG13 48 
   1219 0.5 0.0 HD11 110 
   1163 0.43 0.0 HD12 105 
   1932 57.3 0.0 CA 169 
   1160 0.67 0.0 HG22 105 
   945 54.3 0.0 CA 87 
   221 31.7 0.0 CB 30 
   1665 0.92 0.0 HD21 148 
   652 0.91 0.0 HD13 64 
   931 6.77 0.0 HE2 86 
   1681 1.36 0.0 HB2 150 
   1505 1.72 0.0 HG3 135 
   241 55.0 0.0 CA 32 
   432 4.23 0.0 HA 47 
   865 119.9 0.0 CD2 81 
   383 35.5 0.0 CG 42 
   1716 7.36 0.0 HD1 153 
   528 4.38 0.0 HA 54 
   1693 23.0 0.0 CD1 150 
   468 2.07 0.0 HB3 49 
   268 4.34 0.0 HA 35 
   250 3.34 0.0 HD2 33 
   723 1.1 0.0 HG21 71 
   1256 29.1 0.0 CD 113 
   977 1.29 0.0 HG13 90 
   1635 26.4 0.0 CG 145 
   967 5.42 0.0 HA 89 
   57 27.3 0.0 CG 16 
   526 110.8 0.0 ND2 53 
   903 43.1 0.0 CB 84 
   1097 1.5 0.0 HG2 99 
   370 32.0 0.0 CB 41 
   762 8.53 0.0 H 74 
   339 29.8 0.0 CB 39 
   1389 1.41 0.0 HG23 126 
   1125 7.94 0.0 H 102 
   233 29.5 0.0 CB 31 
   1738 0.88 0.0 HD13 154 
   1842 0.01 0.0 HD13 162 
   1996 4.26 0.0 HA 175 
   980 1.02 0.0 HG23 90 
   927 3.29 0.0 HB3 86 
   734 1.5 0.0 HG2 72 
   472 3.42 0.0 HD3 49 
   1884 4.04 0.0 HA 166 
   1154 8.55 0.0 H 105 
   873 131.6 0.0 N 82 
   223 48.9 0.0 CD 30 
   471 3.37 0.0 HD2 49 
   1133 4.23 0.0 HA 103 
   683 7.79 0.0 HD21 67 
   536 104.6 0.0 ND2 54 
   1869 1.59 0.0 HD3 164 
   1228 25.1 0.0 CD1 110 
   589 4.4 0.0 HA 60 
   161 27.0 0.0 CD1 24 
   386 4.33 0.0 HA 43 
   1560 25.7 0.0 CG 139 
   1856 6.84 0.0 HE22 163 
   1894 21.8 0.0 CG1 166 
   933 39.5 0.0 CB 86 
   99 2.21 0.0 HG2 20 
   587 110.7 0.0 ND2 59 
   1717 9.7 0.0 HE1 153 
   356 24.3 0.0 CD1 40 
   1891 1.0 0.0 HG23 166 
   638 3.25 0.0 HD3 63 
   1245 1.76 0.0 HB2 113 
   1926 112.3 0.0 NE2 168 
   989 113.7 0.0 N 90 
   590 2.19 0.0 HB2 60 
   104 119.8 0.0 N 20 
   507 8.37 0.0 H 52 
   835 44.0 0.0 CB 79 
   1266 68.6 0.0 CB 114 
   1609 18.0 0.0 CB 143 
   1473 8.49 0.0 H 133 
   1209 2.43 0.0 HG3 109 
   797 29.6 0.0 CD 76 
   1572 6.2 0.0 HZ 140 
   574 3.11 0.0 HB3 58 
   1376 0.33 0.0 HD22 125 
   1613 2.35 0.0 HB2 144 
   310 1.13 0.0 HG22 37 
   137 0.96 0.0 HG12 23 
   1328 4.58 0.0 HA 122 
   477 119.0 0.0 N 49 
   318 4.09 0.0 HA 38 
   457 0.92 0.0 HD12 48 
   324 8.08 0.0 HE22 38 
   10 2.32 0.0 HG2 12 
   987 19.5 0.0 CG2 90 
   1647 32.2 0.0 CG 146 
   173 2.92 0.0 HE3 25 
   304 3.36 0.0 HA 37 
   378 2.71 0.0 HB3 42 
   372 29.5 0.0 CD 41 
   1960 36.0 0.0 CG 171 
   1661 1.64 0.0 HG 148 
   578 8.55 0.0 H 59 
   293 7.05 0.0 HH2 36 
   1349 -0.36 0.0 HG22 123 
   1684 0.87 0.0 HD11 150 
   1602 125.0 0.0 N 142 
   1453 30.7 0.0 CB 131 
   819 125.9 0.0 CD1 78 
   458 0.92 0.0 HD13 48 
   759 123.7 0.0 CH2 73 
   300 122.2 0.0 CH2 36 
   1885 2.17 0.0 HB 166 
   1058 0.98 0.0 HG22 96 
   1031 0.7 0.0 HG23 94 
   1394 8.77 0.0 H 127 
   939 8.12 0.0 H 87 
   1221 0.5 0.0 HD13 110 
   958 56.0 0.0 CA 88 
   1095 1.45 0.0 HB2 99 
   1134 0.87 0.0 HB2 103 
   49 1.9 0.0 HB2 16 
   661 123.1 0.0 N 64 
   1860 121.6 0.0 N 163 
   282 25.2 0.0 CD2 35 
   1363 2.78 0.0 HB3 124 
   15 122.1 0.0 N 12 
   408 117.8 0.0 CE2 44 
   44 27.3 0.0 CG 15 
   813 7.27 0.0 HE3 78 
   1420 6.93 0.0 HZ 129 
   824 117.5 0.0 N 78 
   780 4.93 0.0 HA2 75 
   1871 2.92 0.0 HE3 164 
   1041 4.62 0.0 HA 95 
   531 4.55 0.0 HD21 54 
   61 3.95 0.0 HA 17 
   1636 25.8 0.0 CD1 145 
   1730 127.7 0.0 NE1 153 
   1633 58.4 0.0 CA 145 
   1306 1.79 0.0 HB2 119 
   393 34.7 0.0 CG 43 
   479 4.78 0.0 HA 50 
   1595 0.37 0.0 HD22 142 
   684 6.71 0.0 HD22 67 
   878 1.45 0.0 HG 83 
   572 4.38 0.0 HA 58 
   199 107.7 0.0 ND2 27 
   984 58.5 0.0 CA 90 
   606 29.6 0.0 CB 61 
   158 56.0 0.0 CA 24 
   1061 0.87 0.0 HD12 96 
   986 25.7 0.0 CG1 90 
   1405 7.06 0.0 HD2 128 
   451 1.26 0.0 HG12 48 
   623 57.0 0.0 CA 62 
   1415 3.22 0.0 HB3 129 
   1710 28.3 0.0 CG 152 
   720 8.33 0.0 H 71 
   1815 7.82 0.0 H 161 
   1979 4.42 0.0 HA 173 
   594 120.0 0.0 N 60 
   773 131.7 0.0 CD1 74 
   1030 0.7 0.0 HG22 94 
   142 61.6 0.0 CA 23 
   176 24.6 0.0 CG 25 
   1291 4.86 0.0 HA 118 
   1740 1.14 0.0 HD22 154 
   252 58.8 0.0 CA 33 
   385 8.98 0.0 H 43 
   585 39.9 0.0 CB 59 
   718 46.2 0.0 CA 70 
   152 1.0 0.0 HD11 24 
   39 1.72 0.0 HG3 15 
   1290 18.0 0.0 CE 117 
   1534 20.4 0.0 CG1 137 
   1751 1.43 0.0 HB2 155 
   1333 1.6 0.0 HD2 122 
   1408 30.4 0.0 CB 128 
   1706 3.08 0.0 HD2 152 
   1915 4.83 0.0 HA 168 
   319 2.23 0.0 HB2 38 
   72 21.8 0.0 CG2 17 
   1437 2.99 0.0 HE2 130 
   473 57.4 0.0 CA 49 
   787 1.49 0.0 HB3 76 
   335 1.47 0.0 HG3 39 
   550 29.7 0.0 CD 55 
   11 2.32 0.0 HG3 12 
   568 51.2 0.0 CA 57 
   1480 7.26 0.0 HZ2 133 
   1642 2.46 0.0 HB3 146 
   851 0.82 0.0 HD13 80 
   315 22.1 0.0 CG2 37 
   89 4.33 0.0 HA 19 
   1766 33.1 0.0 CB 156 
   120 13.1 0.0 CD1 21 
   1355 37.5 0.0 CB 123 
   1195 2.4 0.0 HB3 108 
   1110 1.25 0.0 HG23 100 
   366 1.74 0.0 HD3 41 
   739 32.8 0.0 CB 72 
   1080 4.69 0.0 HA 98 
   1931 7.31 0.0 HD2 169 
   1965 1.85 0.0 HB3 172 
   325 58.3 0.0 CA 38 
   27 1.24 0.0 HG21 14 
   323 6.95 0.0 HE21 38 
   1817 1.16 0.0 HB2 161 
   1745 23.0 0.0 CD1 154 
   904 25.9 0.0 CG 84 
   1337 55.1 0.0 CA 122 
   1714 3.23 0.0 HB2 153 
   1810 2.55 0.0 HB2 160 
   1296 6.74 0.0 HE1 118 
   1512 113.5 0.0 N 135 
   1538 1.22 0.0 HB2 138 
   794 53.9 0.0 CA 76 
   1951 123.6 0.0 N 170 
   1744 26.8 0.0 CG 154 
   1021 52.0 0.0 CA 93 
   1348 -0.36 0.0 HG21 123 
   663 4.51 0.0 HA 65 
   983 0.71 0.0 HD13 90 
   149 1.51 0.0 HB2 24 
   311 1.13 0.0 HG23 37 
   768 7.0 0.0 HE1 74 
   506 118.9 0.0 N 51 
   26 4.2 0.0 HB 14 
   1190 20.0 0.0 CG1 107 
   850 0.82 0.0 HD12 80 
   1924 33.7 0.0 CG 168 
   1622 8.62 0.0 H 145 
   1346 0.57 0.0 HG12 123 
   1478 9.6 0.0 HE1 133 
   1488 123.0 0.0 CZ3 133 
   1559 32.6 0.0 CB 139 
   1279 2.0 0.0 HB2 116 
   226 1.82 0.0 HB2 31 
   1580 113.4 0.0 N 140 
   1531 1.08 0.0 HG23 137 
   672 7.8 0.0 H 66 
   100 2.4 0.0 HG3 20 
   988 14.6 0.0 CD1 90 
   1269 8.73 0.0 H 115 
   860 2.85 0.0 HB2 81 
   1440 29.7 0.0 CB 130 
   1570 6.77 0.0 HE1 140 
   214 1.05 0.0 HB2 30 
   460 37.8 0.0 CB 48 
   1203 49.8 0.0 CD 108 
   748 9.32 0.0 HE1 73 
   1857 58.8 0.0 CA 163 
   1948 24.8 0.0 CG 170 
   253 28.7 0.0 CB 33 
   689 8.83 0.0 H 68 
   732 1.63 0.0 HB2 72 
   961 131.7 0.0 CD2 88 
   740 27.4 0.0 CG 72 
   1267 20.7 0.0 CG2 114 
   996 55.2 0.0 CA 91 
   1227 26.9 0.0 CG 110 
   1318 4.1 0.0 HA2 120 
   852 59.6 0.0 CA 80 
   1344 3.77 0.0 HA 123 
   1381 25.2 0.0 CD1 125 
   518 4.48 0.0 HA 53 
   1152 35.9 0.0 CG 104 
   765 3.22 0.0 HB3 74 
   1794 18.6 0.0 CG2 158 
   1198 3.48 0.0 HD2 108 
   396 4.5 0.0 HA 44 
   1543 3.45 0.0 HD3 138 
   1019 2.51 0.0 HB2 93 
   566 1.5 0.0 HB2 57 
   126 2.1 0.0 HG3 22 
   1300 132.5 0.0 CD1 118 
   1022 43.0 0.0 CB 93 
   1191 22.2 0.0 CG2 107 
   1921 7.47 0.0 HE22 168 
   198 128.7 0.0 N 27 
   688 110.7 0.0 ND2 67 
   1737 0.88 0.0 HD12 154 
   1441 26.5 0.0 CG 130 
   410 8.21 0.0 H 45 
   821 114.1 0.0 CZ2 78 
   1909 40.7 0.0 CB 167 
   5 40.9 0.0 CB 11 
   858 9.14 0.0 H 81 
   856 12.7 0.0 CD1 80 
   327 33.3 0.0 CG 38 
   913 1.18 0.0 HG3 85 
   502 67.2 0.0 CA 51 
   862 7.19 0.0 HD2 81 
   75 3.81 0.0 HA 18 
   171 1.6 0.0 HD3 25 
   1087 58.3 0.0 CA 98 
   894 1.93 0.0 HB3 84 
   60 7.9 0.0 H 17 
   635 1.6 0.0 HG2 63 
   1646 31.6 0.0 CB 146 
   876 1.57 0.0 HB2 83 
   905 22.3 0.0 CD1 84 
   1324 3.93 0.0 HA3 121 
   1423 131.7 0.0 CD1 129 
   140 1.13 0.0 HG22 23 
   342 8.86 0.0 H 40 
   453 0.97 0.0 HG21 48 
   1342 118.4 0.0 N 122 
   1341 41.8 0.0 CE 122 
   1943 1.6 0.0 HD3 170 
   962 129.6 0.0 CE1 88 
   632 4.37 0.0 HA 63 
   405 131.7 0.0 CD1 44 
   1868 1.5 0.0 HD2 164 
   874 8.23 0.0 H 83 
   616 2.1 0.0 HB2 62 
   236 116.8 0.0 N 31 
   220 63.2 0.0 CA 30 
   737 3.19 0.0 HD3 72 
   1805 30.6 0.0 CB 159 
   76 2.19 0.0 HB 18 
   618 5.47 0.0 HD1 62 
   760 125.1 0.0 N 73 
   308 0.99 0.0 HG13 37 
   1976 41.8 0.0 CE 172 
   1791 63.4 0.0 CA 158 
   1772 0.27 0.0 HB2 157 
   583 7.7 0.0 HD22 59 
   513 59.7 0.0 CA 52 
   1674 7.41 0.0 H 149 
   1507 3.11 0.0 HD3 135 
   1214 7.93 0.0 H 110 
   1795 8.6 0.0 CD1 158 
   113 -0.19 0.0 HD11 21 
   670 36.3 0.0 CG 65 
   82 1.01 0.0 HG23 18 
   1695 125.1 0.0 N 150 
   539 1.91 0.0 HB2 55 
   1388 1.41 0.0 HG22 126 
   2 2.76 0.0 HB2 11 
   1654 55.8 0.0 CA 147 
   547 60.5 0.0 CA 55 
   1739 1.14 0.0 HD21 154 
   441 0.98 0.0 HD23 47 
   1273 1.43 0.0 HB3 115 
   186 65.4 0.0 CA 26 
   1568 6.2 0.0 HD1 140 
   1023 118.3 0.0 N 93 
   998 35.4 0.0 CG 91 
   215 1.42 0.0 HB3 30 
   1671 26.1 0.0 CD1 148 
   46 121.6 0.0 N 15 
   1265 58.4 0.0 CA 114 
   1268 110.1 0.0 N 114 
   65 1.01 0.0 HG13 17 
   181 3.89 0.0 HA 26 
   184 1.25 0.0 HG22 26 
   1298 53.1 0.0 CA 118 
   881 0.82 0.0 HD13 83 
   1142 27.9 0.0 CG 103 
   889 22.5 0.0 CD2 83 
   478 8.25 0.0 H 50 
   1836 1.33 0.0 HG13 162 
   1158 1.15 0.0 HG13 105 
   1655 20.6 0.0 CB 147 
   1668 54.5 0.0 CA 148 
   1839 0.81 0.0 HG23 162 
   1124 114.3 0.0 N 101 
   1699 49.3 0.0 CA 151 
   840 121.1 0.0 N 79 
   1883 7.79 0.0 H 166 
   1213 116.4 0.0 N 109 
   611 123.3 0.0 CH2 61 
   763 5.33 0.0 HA 74 
   1371 1.35 0.0 HG 125 
   1253 56.4 0.0 CA 113 
   1511 43.4 0.0 CD 135 
   514 29.2 0.0 CB 52 
   1506 3.11 0.0 HD2 135 
   823 123.5 0.0 CH2 78 
   630 115.3 0.0 N 62 
   168 1.29 0.0 HG2 25 
   1632 0.45 0.0 HD23 145 
   982 0.71 0.0 HD12 90 
   434 2.21 0.0 HB3 47 
   1928 4.05 0.0 HA 169 
   1292 2.84 0.0 HB2 118 
   450 1.98 0.0 HB 48 
   1249 1.6 0.0 HD2 113 
   1102 33.2 0.0 CB 99 
   1326 107.3 0.0 N 121 
   875 3.58 0.0 HA 83 
   1045 1.91 0.0 HG3 95 
   1683 1.88 0.0 HG 150 
   733 1.73 0.0 HB3 72 
   1250 1.6 0.0 HD3 113 
   1530 1.08 0.0 HG22 137 
   781 4.31 0.0 HA3 75 
   1462 0.93 0.0 HD12 132 
   1875 29.2 0.0 CD 164 
   1577 129.7 0.0 CE1 140 
   43 30.1 0.0 CB 15 
   997 33.5 0.0 CB 91 
   498 0.78 0.0 HG13 51 
   1474 3.57 0.0 HA 133 
   336 2.71 0.0 HD2 39 
   1367 8.42 0.0 H 125 
   649 1.83 0.0 HG 64 
   1513 7.18 0.0 H 136 
   1705 2.09 0.0 HG3 152 
   108 0.36 0.0 HG12 21 
   338 58.1 0.0 CA 39 
   548 32.2 0.0 CB 55 
   1722 62.3 0.0 CA 153 
   246 2.0 0.0 HB2 33 
   1051 50.6 0.0 CD 95 
   642 26.9 0.0 CG 63 
   789 1.57 0.0 HG3 76 
   719 107.1 0.0 N 70 
   817 56.7 0.0 CA 78 
   1286 1.89 0.0 HE1 117 
   155 1.18 0.0 HD21 24 
   1120 1.08 0.0 HG23 101 
   229 1.65 0.0 HG3 31 
   1923 31.6 0.0 CB 168 
   717 3.53 0.0 HA3 70 
   928 7.33 0.0 HD1 86 
   297 122.1 0.0 CE3 36 
   391 58.5 0.0 CA 43 
   1764 0.93 0.0 HG23 156 
   1332 1.23 0.0 HG3 122 
   1310 3.21 0.0 HD2 119 
   1053 3.78 0.0 HA 96 
   751 6.65 0.0 HZ3 73 
   612 121.9 0.0 N 61 
   132 50.7 0.0 CD 22 
   687 116.8 0.0 N 67 
   1121 59.6 0.0 CA 101 
   1918 2.32 0.0 HG2 168 
   1792 30.6 0.0 CB 158 
   1379 41.7 0.0 CB 125 
   1865 2.04 0.0 HB3 164 
   937 117.5 0.0 CE2 86 
   742 123.7 0.0 N 72 
   1929 2.59 0.0 HB2 169 
   535 122.2 0.0 N 54 
   480 3.32 0.0 HB2 50 
   537 8.89 0.0 H 55 
   863 55.6 0.0 CA 81 
   78 0.94 0.0 HG12 18 
   1686 0.87 0.0 HD13 150 
   1841 0.01 0.0 HD12 162 
   1879 3.97 0.0 HA2 165 
   645 8.7 0.0 H 64 
   828 3.01 0.0 HB2 79 
   798 42.2 0.0 CE 76 
   329 113.9 0.0 NE2 38 
   102 30.1 0.0 CB 20 
   80 1.01 0.0 HG21 18 
   1984 120.4 0.0 N 173 
   845 1.57 0.0 HG13 80 
   690 3.96 0.0 HA 68 
   1977 122.0 0.0 N 172 
   1526 0.66 0.0 HG11 137 
   1735 2.08 0.0 HG 154 
   1980 2.81 0.0 HB2 173 
   811 7.03 0.0 HD1 78 
   301 121.6 0.0 N 36 
   680 4.76 0.0 HA 67 
   842 5.13 0.0 HA 80 
   1528 0.66 0.0 HG13 137 
   779 8.54 0.0 H 75 
   853 38.1 0.0 CB 80 
   231 3.17 0.0 HD3 31 
   320 2.23 0.0 HB3 38 
   1903 0.95 0.0 HG22 167 
   633 1.82 0.0 HB2 63 
   678 111.7 0.0 N 66 
   1555 1.62 0.0 HD3 139 
   1027 1.78 0.0 HG12 94 
   1571 6.77 0.0 HE2 140 
   868 4.02 0.0 HA 82 
   505 21.0 0.0 CG2 51 
   796 24.8 0.0 CG 76 
   190 9.34 0.0 H 27 
   1625 2.33 0.0 HB3 145 
   1165 62.8 0.0 CA 105 
   1521 116.3 0.0 N 136 
   403 62.3 0.0 CA 44 
   1889 1.0 0.0 HG21 166 
   1688 1.16 0.0 HD22 150 
   217 1.44 0.0 HG3 30 
   1109 1.25 0.0 HG22 100 
   1479 7.41 0.0 HE3 133 
   256 121.0 0.0 N 33 
   1620 136.3 0.0 CE1 144 
   1729 118.4 0.0 N 153 
   1547 48.1 0.0 CD 138 
   1799 2.07 0.0 HB3 159 
   303 7.5 0.0 H 37 
   1164 0.43 0.0 HD13 105 
   182 3.96 0.0 HB 26 
   1309 1.68 0.0 HG3 119 
   591 2.96 0.0 HB3 60 
   97 1.96 0.0 HB2 20 
   1431 1.96 0.0 HB2 130 
   8 2.03 0.0 HB2 12 
   1463 0.93 0.0 HD13 132 
   414 2.54 0.0 HG2 45 
   1475 2.49 0.0 HB2 133 
   1180 4.9 0.0 HA 107 
   1552 1.26 0.0 HG2 139 
   437 0.93 0.0 HD12 47 
   195 7.45 0.0 HD22 27 
   756 119.8 0.0 CE3 73 
   567 1.5 0.0 HB3 57 
   416 7.61 0.0 HE21 45 
   1801 2.05 0.0 HG3 159 
   948 122.6 0.0 N 87 
   409 118.4 0.0 N 44 
   133 8.04 0.0 H 23 
   807 9.24 0.0 H 78 
   1470 23.5 0.0 CD1 132 
   1829 26.1 0.0 CD1 161 
   622 5.65 0.0 HZ 62 
   1698 3.72 0.0 HA3 151 
   540 1.91 0.0 HB3 55 
   783 107.1 0.0 N 75 
   912 1.18 0.0 HG2 85 
   791 1.68 0.0 HD3 76 
   753 55.4 0.0 CA 73 
   328 118.6 0.0 N 38 
   1930 2.88 0.0 HB3 169 
   634 1.82 0.0 HB3 63 
   923 121.7 0.0 N 85 
   194 6.5 0.0 HD21 27 
   803 3.39 0.0 HB3 77 
   1905 0.85 0.0 HD11 167 
   1565 4.03 0.0 HA 140 
   1200 66.4 0.0 CA 108 
   867 9.03 0.0 H 82 
   1953 4.39 0.0 HA 171 
   607 128.3 0.0 CD1 61 
   469 1.74 0.0 HG2 49 
   483 7.26 0.0 HD2 50 
   163 126.3 0.0 N 24 
   1345 0.37 0.0 HB 123 
   1846 16.7 0.0 CG2 162 
   1854 2.49 0.0 HG3 163 
   1272 1.43 0.0 HB2 115 
   1692 27.0 0.0 CG 150 
   671 122.0 0.0 N 65 
   1048 62.1 0.0 CA 95 
   128 4.08 0.0 HD3 22 
   1867 1.66 0.0 HG3 164 
   825 131.3 0.0 NE1 78 
   806 114.4 0.0 N 77 
   222 27.2 0.0 CG 30 
   676 55.8 0.0 CA 66 
   1798 1.66 0.0 HB2 159 
   1211 30.2 0.0 CB 109 
   1874 26.3 0.0 CG 164 
   1569 6.2 0.0 HD2 140 
   1849 8.1 0.0 H 163 
   1455 50.3 0.0 CD 131 
   629 131.9 0.0 CZ 62 
   1494 1.5 0.0 HB1 134 
   1277 8.32 0.0 H 116 
   1859 33.7 0.0 CG 163 
   1862 7.88 0.0 H 164 
   1720 6.36 0.0 HZ3 153 
   234 27.1 0.0 CG 31 
   1904 0.95 0.0 HG23 167 
   538 3.93 0.0 HA 55 
   1607 1.04 0.0 HB3 143 
   699 59.8 0.0 CA 68 
   790 1.55 0.0 HD2 76 
   800 9.17 0.0 H 77 
   1350 -0.36 0.0 HG23 123 
   1477 6.93 0.0 HD1 133 
   668 54.6 0.0 CA 65 
   560 38.1 0.0 CB 56 
   464 118.5 0.0 N 48 
   943 2.0 0.0 HG2 87 
   249 1.85 0.0 HG3 33 
   870 2.87 0.0 HB3 82 
   1457 3.95 0.0 HA 132 
   19 1.47 0.0 HB2 13 
   494 3.25 0.0 HA 51 
   204 1.47 0.0 HB3 28 
   686 37.3 0.0 CB 67 
   1812 57.2 0.0 CA 160 
   696 1.69 0.0 HD3 68 
   397 3.17 0.0 HB2 44 
   1202 27.1 0.0 CG 108 
   139 1.13 0.0 HG21 23 
   438 0.93 0.0 HD13 47 
   1464 1.04 0.0 HD21 132 
   1118 1.08 0.0 HG21 101 
   1536 122.5 0.0 N 137 
   1372 0.13 0.0 HD11 125 
   1599 26.2 0.0 CG 142 
   1426 129.8 0.0 CE2 129 
   1264 1.17 0.0 HG23 114 
   341 121.0 0.0 N 39 
   53 3.21 0.0 HD2 16 
   1851 2.24 0.0 HB2 163 
   1131 15.4 0.0 CB 102 
   67 1.1 0.0 HG22 17 
   804 55.2 0.0 CA 77 
   575 55.3 0.0 CA 58 
   390 2.75 0.0 HG3 43 
   1831 118.0 0.0 N 161 
   1369 1.43 0.0 HB2 125 
   1338 32.9 0.0 CB 122 
   1556 2.87 0.0 HE2 139 
   847 0.64 0.0 HG22 80 
   333 2.31 0.0 HB3 39 
   1017 8.57 0.0 H 93 
   950 5.09 0.0 HA 88 
   1550 1.74 0.0 HB2 139 
   208 8.82 0.0 H 29 
   1988 2.83 0.0 HB3 174 
   357 24.3 0.0 CD2 40 
   1847 14.9 0.0 CD1 162 
   648 1.86 0.0 HB3 64 
   64 1.01 0.0 HG12 17 
   1973 32.8 0.0 CB 172 
   172 2.92 0.0 HE2 25 
   1135 2.45 0.0 HB3 103 
   542 1.59 0.0 HG3 55 
   884 0.77 0.0 HD23 83 
   1694 27.2 0.0 CD2 150 
   1701 4.25 0.0 HA 152 
   747 6.4 0.0 HD1 73 
   1340 28.9 0.0 CD 122 
   1617 61.9 0.0 CA 144 
   890 108.0 0.0 N 83 
   786 1.44 0.0 HB2 76 
   1793 28.2 0.0 CG1 158 
   1800 1.71 0.0 HG2 159 
   1117 3.67 0.0 HB 101 
   1945 2.96 0.0 HE3 170 
   614 6.81 0.0 H 62 
   1425 129.8 0.0 CE1 129 
   1991 53.2 0.0 CA 174 
   87 118.3 0.0 N 18 
   1657 8.89 0.0 H 148 
   1329 1.25 0.0 HB2 122 
   317 7.16 0.0 H 38 
   700 31.8 0.0 CB 68 
   619 5.47 0.0 HD2 62 
   2006 120.6 0.0 N 175 
   942 1.9 0.0 HB3 87 
   1382 22.6 0.0 CD2 125 
   1748 7.31 0.0 H 155 
   348 0.84 0.0 HD12 40 
   228 1.58 0.0 HG2 31 
   826 9.23 0.0 H 79 
   94 116.9 0.0 N 19 
   1597 57.5 0.0 CA 142 
   1890 1.0 0.0 HG22 166 
   1274 52.6 0.0 CA 115 
   127 3.72 0.0 HD2 22 
   930 6.77 0.0 HE1 86 
   1952 8.55 0.0 H 171 
   1006 6.63 0.0 HE1 92 
   1773 0.96 0.0 HB3 157 
   1157 0.33 0.0 HG12 105 
   1672 22.7 0.0 CD2 148 
   1978 8.4 0.0 H 173 
   188 22.0 0.0 CG2 26 
   470 1.93 0.0 HG3 49 
   1601 22.0 0.0 CD2 142 
   1837 0.81 0.0 HG21 162 
   1419 6.99 0.0 HE2 129 
   848 0.64 0.0 HG23 80 
   47 8.18 0.0 H 16 
   674 0.91 0.0 HB2 66 
   1444 118.4 0.0 N 130 
   1898 4.64 0.0 HA 167 
   784 8.54 0.0 H 76 
   879 0.82 0.0 HD11 83 
   1448 1.99 0.0 HG2 131 
   1604 3.75 0.0 HA 143 
   1151 30.1 0.0 CB 104 
   1206 2.17 0.0 HB2 109 
   508 3.88 0.0 HA 52 
   1229 22.5 0.0 CD2 110 
   1711 51.4 0.0 CD 152 
   1832 8.16 0.0 H 162 
   1065 27.8 0.0 CG1 96 
   1064 37.7 0.0 CB 96 
   13 29.4 0.0 CB 12 
   709 2.34 0.0 HG2 69 
   274 0.91 0.0 HD13 35 
   1315 42.9 0.0 CD 119 
   1035 55.2 0.0 CA 94 
   230 3.17 0.0 HD2 31 
   907 121.8 0.0 N 84 
   658 27.3 0.0 CG 64 
   1247 1.3 0.0 HG2 113 
   810 3.29 0.0 HB3 78 
   1806 28.7 0.0 CG 159 
   1666 0.92 0.0 HD22 148 
   147 9.12 0.0 H 24 
   1863 4.19 0.0 HA 164 
   883 0.77 0.0 HD22 83 
   1429 8.59 0.0 H 130 
   1435 1.73 0.0 HD2 130 
   465 7.64 0.0 H 49 
   711 58.0 0.0 CA 69 
   74 8.12 0.0 H 18 
   1877 115.9 0.0 N 164 
   1824 0.73 0.0 HD22 161 
   1450 3.64 0.0 HD2 131 
   1024 8.43 0.0 H 94 
   1866 1.45 0.0 HG2 164 
   816 6.84 0.0 HH2 78 
   446 23.9 0.0 CD2 47 
   1086 7.33 0.0 HE2 98 
   1527 0.66 0.0 HG12 137 
   1653 1.22 0.0 HB3 147 
   95 7.79 0.0 H 20 
   1368 4.45 0.0 HA 125 
   758 120.1 0.0 CZ3 73 
   36 1.87 0.0 HB2 15 
   1278 4.0 0.0 HA 116 
   491 118.8 0.0 CE2 50 
   1612 3.57 0.0 HA 144 
   1140 61.6 0.0 CA 103 
   559 55.3 0.0 CA 56 
   1222 0.68 0.0 HD21 110 
   1255 25.6 0.0 CG 113 
   1733 1.24 0.0 HB2 154 
   459 65.0 0.0 CA 48 
   280 27.0 0.0 CG 35 
   1910 25.3 0.0 CG1 167 
   1199 3.77 0.0 HD3 108 
   1232 4.44 0.0 HA 111 
   1634 42.1 0.0 CB 145 
   509 2.1 0.0 HB2 52 
   1123 21.0 0.0 CG2 101 
   332 1.78 0.0 HB2 39 
   420 34.2 0.0 CG 45 
   918 56.1 0.0 CA 85 
   255 43.1 0.0 CD 33 
   1658 4.51 0.0 HA 148 
   400 7.33 0.0 HD2 44 
   1747 118.8 0.0 N 154 
   738 56.1 0.0 CA 72 
   1963 4.4 0.0 HA 172 
   201 4.74 0.0 HA 28 
   141 1.13 0.0 HG23 23 
   1939 1.7 0.0 HB3 170 
   435 1.91 0.0 HG 47 
   58 43.2 0.0 CD 16 
   522 6.74 0.0 HD22 53 
   1557 2.91 0.0 HE3 139 
   602 7.45 0.0 HZ2 61 
   822 120.5 0.0 CZ3 78 
   1504 1.59 0.0 HG2 135 
   418 59.3 0.0 CA 45 
   1446 1.83 0.0 HB2 131 
   411 4.15 0.0 HA 45 
   125 2.1 0.0 HG2 22 
   599 7.87 0.0 HD1 61 
   1966 1.35 0.0 HG2 172 
   248 1.72 0.0 HG2 33 
   7 4.11 0.0 HA 12 
   1629 -0.05 0.0 HD13 145 
   93 63.2 0.0 CB 19 
   131 27.7 0.0 CG 22 
   608 122.4 0.0 CE3 61 
   207 123.5 0.0 N 28 
   1094 3.55 0.0 HA 99 
   1783 0.82 0.0 HG12 158 
   406 131.7 0.0 CD2 44 
   1093 128.0 0.0 N 98 
   754 30.6 0.0 CB 73 
   1407 57.1 0.0 CA 128 
   613 127.8 0.0 NE1 61 
   218 2.45 0.0 HD2 30 
   776 130.0 0.0 CE2 74 
   1299 39.5 0.0 CB 118 
   1481 7.04 0.0 HZ3 133 
   1144 8.6 0.0 H 104 
   1986 4.67 0.0 HA 174 
   1373 0.13 0.0 HD12 125 
   725 1.1 0.0 HG23 71 
   908 8.45 0.0 H 85 
   586 116.4 0.0 N 59 
   275 1.01 0.0 HD21 35 
   722 4.57 0.0 HB 71 
   2005 33.7 0.0 CG 175 
   375 7.68 0.0 H 42 
   1149 2.24 0.0 HG3 104 
   1641 2.2 0.0 HB2 146 
   1398 56.8 0.0 CA 127 
   314 21.0 0.0 CG1 37 
   1413 4.07 0.0 HA 129 
   669 34.1 0.0 CB 65 
   313 31.3 0.0 CB 37 
   829 3.01 0.0 HB3 79 
   1384 8.22 0.0 H 126 
   436 0.93 0.0 HD11 47 
   1235 56.4 0.0 CA 111 
   1516 1.28 0.0 HB3 136 
   1223 0.68 0.0 HD22 110 
   316 116.1 0.0 N 37 
   1410 136.2 0.0 CE1 128 
   920 25.6 0.0 CG 85 
   1830 22.9 0.0 CD2 161 
   1892 63.3 0.0 CA 166 
   1108 1.25 0.0 HG21 100 
   1723 29.6 0.0 CB 153 
   1236 41.0 0.0 CB 111 
   170 1.6 0.0 HD2 25 
   1370 1.68 0.0 HB3 125 
   225 4.34 0.0 HA 31 
   1558 57.9 0.0 CA 139 
   177 29.2 0.0 CD 25 
   1042 1.84 0.0 HB2 95 
   932 57.5 0.0 CA 86 
   1434 1.72 0.0 HG3 130 
   1640 4.36 0.0 HA 146 
   23 122.6 0.0 N 13 
   63 1.01 0.0 HG11 17 
   1522 116.8 0.0 ND2 136 
   1436 1.74 0.0 HD3 130 
   243 119.3 0.0 N 32 
   902 53.6 0.0 CA 84 
   1003 3.68 0.0 HB3 92 
   490 118.8 0.0 CE1 50 
   1880 4.11 0.0 HA3 165 
   1678 107.1 0.0 N 149 
   1549 4.17 0.0 HA 139 
   1637 23.3 0.0 CD2 145 
   1076 67.7 0.0 CB 97 
   1709 32.1 0.0 CB 152 
   891 7.9 0.0 H 84 
   1600 23.0 0.0 CD1 142 
   1071 4.67 0.0 HB 97 
   364 1.73 0.0 HG3 41 
   693 1.46 0.0 HG2 68 
   1356 24.8 0.0 CG1 123 
   1501 4.14 0.0 HA 135 
   1955 2.09 0.0 HB3 171 
   1574 36.4 0.0 CB 140 
   615 4.91 0.0 HA 62 
   777 129.4 0.0 CZ 74 
   376 4.12 0.0 HA 42 
   1365 27.0 0.0 CB 124 
   769 7.0 0.0 HE2 74 
   1573 51.9 0.0 CA 140 
   392 28.4 0.0 CB 43 
   1353 -0.19 0.0 HD13 123 
   488 131.7 0.0 CD1 50 
   1704 1.84 0.0 HG2 152 
   1427 129.2 0.0 CZ 129 
   975 1.75 0.0 HB 90 
   1414 3.1 0.0 HB2 129 
   1066 18.1 0.0 CG2 96 
   419 28.3 0.0 CB 45 
   245 3.99 0.0 HA 33 
   272 0.91 0.0 HD11 35 
   1039 8.7 0.0 CD1 94 
   631 8.75 0.0 H 63 
   1644 2.21 0.0 HG3 146 
   380 2.69 0.0 HG3 42 
   1385 4.28 0.0 HA 126 
   1743 42.6 0.0 CB 154 
   1230 116.5 0.0 N 110 
   1482 7.06 0.0 HH2 133 
   266 121.5 0.0 N 34 
   990 8.61 0.0 H 91 
   1295 7.0 0.0 HD2 118 
   401 6.81 0.0 HE1 44 
   73 119.6 0.0 N 17 
   1079 7.67 0.0 H 98 
   395 8.83 0.0 H 44 
   1970 2.95 0.0 HE2 172 
   584 51.8 0.0 CA 59 
   1498 18.5 0.0 CB 134 
   1985 8.55 0.0 H 174 
   1136 1.32 0.0 HG2 103 
