   1126 3.87 0.0 HA 102 
   1881 45.6 0.0 CA 165 
   649 1.83 0.0 HG 64 
   785 5.61 0.0 HA 76 
   1761 0.75 0.0 HG13 156 
   939 8.12 0.0 H 87 
   1290 18.0 0.0 CE 117 
   1936 8.48 0.0 H 170 
   105 7.66 0.0 H 21 
   269 1.46 0.0 HB2 35 
   946 34.7 0.0 CB 87 
   382 29.2 0.0 CB 42 
   1469 27.0 0.0 CG 132 
   561 118.9 0.0 N 56 
   367 2.96 0.0 HE2 41 
   1906 0.85 0.0 HD12 167 
   1141 31.9 0.0 CB 103 
   1776 57.3 0.0 CA 157 
   902 53.6 0.0 CA 84 
   204 1.47 0.0 HB3 28 
   646 5.07 0.0 HA 64 
   1710 28.3 0.0 CG 152 
   659 24.3 0.0 CD1 64 
   395 8.83 0.0 H 44 
   1938 1.7 0.0 HB2 170 
   1676 3.16 0.0 HA3 149 
   886 39.8 0.0 CB 83 
   1995 8.36 0.0 H 175 
   1704 1.84 0.0 HG2 152 
   6 8.75 0.0 H 12 
   1425 129.8 0.0 CE1 129 
   1477 6.93 0.0 HD1 133 
   1077 22.0 0.0 CG2 97 
   329 113.9 0.0 NE2 38 
   1669 43.3 0.0 CB 148 
   1231 7.36 0.0 H 111 
   1153 119.5 0.0 N 104 
   1423 131.7 0.0 CD1 129 
   377 2.27 0.0 HB2 42 
   1212 36.8 0.0 CG 109 
   1521 116.3 0.0 N 136 
   1721 6.62 0.0 HH2 153 
   111 0.18 0.0 HG22 21 
   212 107.0 0.0 N 29 
   1159 0.67 0.0 HG21 105 
   1615 5.82 0.0 HD2 144 
   1457 3.95 0.0 HA 132 
   770 6.92 0.0 HZ 74 
   870 2.87 0.0 HB3 82 
   369 60.1 0.0 CA 41 
   584 51.8 0.0 CA 59 
   433 1.79 0.0 HB2 47 
   233 29.5 0.0 CB 31 
   823 123.5 0.0 CH2 78 
   1004 6.51 0.0 HD1 92 
   1409 120.2 0.0 CD2 128 
   497 0.78 0.0 HG12 51 
   1249 1.6 0.0 HD2 113 
   645 8.7 0.0 H 64 
   1183 0.58 0.0 HG12 107 
   277 1.01 0.0 HD23 35 
   1519 53.4 0.0 CA 136 
   1213 116.4 0.0 N 109 
   841 8.07 0.0 H 80 
   116 59.2 0.0 CA 21 
   1486 120.1 0.0 CE3 133 
   1586 10.28 0.0 H 142 
   1917 2.09 0.0 HB3 168 
   489 131.7 0.0 CD2 50 
   1028 2.13 0.0 HG13 94 
   1664 0.8 0.0 HD13 148 
   1063 64.5 0.0 CA 96 
   1042 1.84 0.0 HB2 95 
   312 66.4 0.0 CA 37 
   1810 2.55 0.0 HB2 160 
   1029 0.7 0.0 HG21 94 
   1961 119.4 0.0 N 171 
   1095 1.45 0.0 HB2 99 
   1165 62.8 0.0 CA 105 
   437 0.93 0.0 HD12 47 
   1123 21.0 0.0 CG2 101 
   824 117.5 0.0 N 78 
   1791 63.4 0.0 CA 158 
   1399 40.2 0.0 CB 127 
   1494 1.5 0.0 HB1 134 
   921 29.2 0.0 CD 85 
   701 24.4 0.0 CG 68 
   652 0.91 0.0 HD13 64 
   1327 7.0 0.0 H 122 
   275 1.01 0.0 HD21 35 
   541 1.31 0.0 HG2 55 
   1671 26.1 0.0 CD1 148 
   345 1.42 0.0 HB3 40 
   4 54.1 0.0 CA 11 
   1040 121.6 0.0 N 94 
   1759 0.75 0.0 HG11 156 
   439 0.98 0.0 HD21 47 
   1681 1.36 0.0 HB2 150 
   1893 32.2 0.0 CB 166 
   878 1.45 0.0 HG 83 
   1229 22.5 0.0 CD2 110 
   1308 1.58 0.0 HG2 119 
   1069 7.01 0.0 H 97 
   472 3.42 0.0 HD3 49 
   1522 116.8 0.0 ND2 136 
   817 56.7 0.0 CA 78 
   1527 0.66 0.0 HG12 137 
   234 27.1 0.0 CG 31 
   1359 117.1 0.0 N 123 
   883 0.77 0.0 HD22 83 
   1932 57.3 0.0 CA 169 
   1778 34.2 0.0 CG 157 
   880 0.82 0.0 HD12 83 
   1538 1.22 0.0 HB2 138 
   871 55.4 0.0 CA 82 
   1760 0.75 0.0 HG12 156 
   917 2.37 0.0 HE3 85 
   408 117.8 0.0 CE2 44 
   956 7.18 0.0 HE2 88 
   1969 1.65 0.0 HD3 172 
   1968 1.65 0.0 HD2 172 
   1855 7.42 0.0 HE21 163 
   1697 3.12 0.0 HA2 151 
   820 119.9 0.0 CE3 78 
   903 43.1 0.0 CB 84 
   1242 115.0 0.0 N 112 
   67 1.1 0.0 HG22 17 
   574 3.11 0.0 HB3 58 
   1547 48.1 0.0 CD 138 
   1788 0.18 0.0 HD11 158 
   1948 24.8 0.0 CG 170 
   167 1.76 0.0 HB3 25 
   771 54.9 0.0 CA 74 
   240 3.09 0.0 HB3 32 
   1456 6.93 0.0 H 132 
   391 58.5 0.0 CA 43 
   1757 3.87 0.0 HA 156 
   451 1.26 0.0 HG12 48 
   615 4.91 0.0 HA 62 
   1872 56.9 0.0 CA 164 
   1743 42.6 0.0 CB 154 
   1580 113.4 0.0 N 140 
   1484 27.6 0.0 CB 133 
   792 2.95 0.0 HE2 76 
   1621 115.4 0.0 N 144 
   522 6.74 0.0 HD22 53 
   492 119.9 0.0 N 50 
   1080 4.69 0.0 HA 98 
   1838 0.81 0.0 HG22 162 
   1334 1.73 0.0 HD3 122 
   932 57.5 0.0 CA 86 
   1666 0.92 0.0 HD22 148 
   9 2.03 0.0 HB3 12 
   1277 8.32 0.0 H 116 
   1737 0.88 0.0 HD12 154 
   21 54.2 0.0 CA 13 
   471 3.37 0.0 HD2 49 
   152 1.0 0.0 HD11 24 
   81 1.01 0.0 HG22 18 
   1979 4.42 0.0 HA 173 
   1928 4.05 0.0 HA 169 
   1088 42.0 0.0 CB 98 
   1751 1.43 0.0 HB2 155 
   1595 0.37 0.0 HD22 142 
   1272 1.43 0.0 HB2 115 
   775 130.0 0.0 CE1 74 
   540 1.91 0.0 HB3 55 
   679 8.15 0.0 H 67 
   1022 43.0 0.0 CB 93 
   526 110.8 0.0 ND2 53 
   831 6.96 0.0 HD2 79 
   91 3.98 0.0 HB3 19 
   873 131.6 0.0 N 82 
   1815 7.82 0.0 H 161 
   1203 49.8 0.0 CD 108 
   682 3.59 0.0 HB3 67 
   1064 37.7 0.0 CB 96 
   488 131.7 0.0 CD1 50 
   619 5.47 0.0 HD2 62 
   1626 1.11 0.0 HG 145 
   412 2.23 0.0 HB2 45 
   1703 2.44 0.0 HB3 152 
   685 51.6 0.0 CA 67 
   689 8.83 0.0 H 68 
   1316 120.9 0.0 N 119 
   1173 1.34 0.0 HB1 106 
   1904 0.95 0.0 HG23 167 
   877 2.1 0.0 HB3 83 
   1879 3.97 0.0 HA2 165 
   1688 1.16 0.0 HD22 150 
   1279 2.0 0.0 HB2 116 
   59 120.5 0.0 N 16 
   1541 1.72 0.0 HG3 138 
   1291 4.86 0.0 HA 118 
   79 0.94 0.0 HG13 18 
   1303 117.4 0.0 CE2 118 
   229 1.65 0.0 HG3 31 
   1756 6.91 0.0 H 156 
   788 1.43 0.0 HG2 76 
   479 4.78 0.0 HA 50 
   1585 112.9 0.0 N 141 
   144 18.2 0.0 CG1 23 
   1338 32.9 0.0 CB 122 
   1746 27.6 0.0 CD2 154 
   635 1.6 0.0 HG2 63 
   1880 4.11 0.0 HA3 165 
   179 116.8 0.0 N 25 
   467 1.95 0.0 HB2 49 
   1197 2.12 0.0 HG3 108 
   320 2.23 0.0 HB3 38 
   779 8.54 0.0 H 75 
   1177 21.6 0.0 CB 106 
   316 116.1 0.0 N 37 
   243 119.3 0.0 N 32 
   353 57.5 0.0 CA 40 
   1854 2.49 0.0 HG3 163 
   599 7.87 0.0 HD1 61 
   1672 22.7 0.0 CD2 148 
   608 122.4 0.0 CE3 61 
   18 1.47 0.0 HB1 13 
   905 22.3 0.0 CD1 84 
   190 9.34 0.0 H 27 
   863 55.6 0.0 CA 81 
   1297 6.74 0.0 HE2 118 
   449 3.79 0.0 HA 48 
   1190 20.0 0.0 CG1 107 
   283 119.1 0.0 N 35 
   1476 3.07 0.0 HB3 133 
   124 2.46 0.0 HB3 22 
   866 126.2 0.0 N 81 
   1525 1.75 0.0 HB 137 
   206 24.4 0.0 CB 28 
   583 7.7 0.0 HD22 59 
   1127 0.01 0.0 HB1 102 
   426 3.98 0.0 HB3 46 
   1637 23.3 0.0 CD2 145 
   900 0.64 0.0 HD22 84 
   1311 3.21 0.0 HD3 119 
   589 4.4 0.0 HA 60 
   907 121.8 0.0 N 84 
   1034 0.45 0.0 HD13 94 
   54 3.21 0.0 HD3 16 
   943 2.0 0.0 HG2 87 
   299 120.3 0.0 CZ3 36 
   805 32.7 0.0 CB 77 
   1427 129.2 0.0 CZ 129 
   1002 2.77 0.0 HB2 92 
   1667 0.92 0.0 HD23 148 
   698 3.0 0.0 HE3 68 
   517 8.47 0.0 H 53 
   453 0.97 0.0 HG21 48 
   1592 -0.51 0.0 HD12 142 
   1296 6.74 0.0 HE1 118 
   616 2.1 0.0 HB2 62 
   885 57.1 0.0 CA 83 
   1045 1.91 0.0 HG3 95 
   65 1.01 0.0 HG13 17 
   1636 25.8 0.0 CD1 145 
   1288 1.89 0.0 HE3 117 
   1779 117.5 0.0 N 157 
   1084 7.38 0.0 HD2 98 
   1644 2.21 0.0 HG3 146 
   1008 6.45 0.0 HZ 92 
   1546 24.1 0.0 CG 138 
   1925 121.6 0.0 N 168 
   1133 4.23 0.0 HA 103 
   593 40.5 0.0 CB 60 
   393 34.7 0.0 CG 43 
   560 38.1 0.0 CB 56 
   1534 20.4 0.0 CG1 137 
   1891 1.0 0.0 HG23 166 
   1226 42.1 0.0 CB 110 
   210 4.82 0.0 HA3 29 
   537 8.89 0.0 H 55 
   837 131.9 0.0 CD2 79 
   621 5.55 0.0 HE2 62 
   1349 -0.36 0.0 HG22 123 
   598 4.08 0.0 HB3 61 
   1572 6.2 0.0 HZ 140 
   324 8.08 0.0 HE22 38 
   1360 7.71 0.0 H 124 
   1070 4.43 0.0 HA 97 
   78 0.94 0.0 HG12 18 
   197 36.8 0.0 CB 27 
   285 4.72 0.0 HA 36 
   1943 1.6 0.0 HD3 170 
   368 2.96 0.0 HE3 41 
   88 8.07 0.0 H 19 
   338 58.1 0.0 CA 39 
   1896 115.2 0.0 N 166 
   954 7.16 0.0 HD2 88 
   687 116.8 0.0 N 67 
   1564 6.28 0.0 H 140 
   1483 61.0 0.0 CA 133 
   1052 8.69 0.0 H 96 
   1487 113.9 0.0 CZ2 133 
   1076 67.7 0.0 CB 97 
   555 2.93 0.0 HB2 56 
   1670 27.0 0.0 CG 148 
   1520 40.4 0.0 CB 136 
   524 37.4 0.0 CB 53 
   425 3.98 0.0 HB2 46 
   1304 8.4 0.0 H 119 
   173 2.92 0.0 HE3 25 
   308 0.99 0.0 HG13 37 
   132 50.7 0.0 CD 22 
   191 4.6 0.0 HA 27 
   1783 0.82 0.0 HG12 158 
   1902 0.95 0.0 HG21 167 
   765 3.22 0.0 HB3 74 
   1951 123.6 0.0 N 170 
   51 1.6 0.0 HG2 16 
   557 7.04 0.0 HD21 56 
   208 8.82 0.0 H 29 
   1493 4.17 0.0 HA 134 
   1461 0.93 0.0 HD11 132 
   1196 1.88 0.0 HG2 108 
   1590 1.64 0.0 HG 142 
   441 0.98 0.0 HD23 47 
   303 7.5 0.0 H 37 
   1967 1.43 0.0 HG3 172 
   1118 1.08 0.0 HG21 101 
   1659 1.74 0.0 HB2 148 
   1364 57.6 0.0 CA 124 
   1060 0.87 0.0 HD11 96 
   1835 0.32 0.0 HG12 162 
   727 69.3 0.0 CB 71 
   971 41.3 0.0 CB 89 
   575 55.3 0.0 CA 58 
   1578 129.7 0.0 CE2 140 
   1934 120.5 0.0 CD2 169 
   1414 3.1 0.0 HB2 129 
   72 21.8 0.0 CG2 17 
   1336 2.91 0.0 HE3 122 
   760 125.1 0.0 N 73 
   1617 61.9 0.0 CA 144 
   227 2.02 0.0 HB3 31 
   953 7.16 0.0 HD1 88 
   1684 0.87 0.0 HD11 150 
   383 35.5 0.0 CG 42 
   1996 4.26 0.0 HA 175 
   1325 45.6 0.0 CA 121 
   2001 7.5 0.0 HE21 175 
   1200 66.4 0.0 CA 108 
   739 32.8 0.0 CB 72 
   728 23.0 0.0 CG2 71 
   696 1.69 0.0 HD3 68 
   32 22.0 0.0 CG2 14 
   108 0.36 0.0 HG12 21 
   57 27.3 0.0 CG 16 
   1897 6.85 0.0 H 167 
   929 7.33 0.0 HD2 86 
   1417 7.05 0.0 HD2 129 
   97 1.96 0.0 HB2 20 
   743 8.77 0.0 H 73 
   484 6.97 0.0 HE1 50 
   684 6.71 0.0 HD22 67 
   1773 0.96 0.0 HB3 157 
   1263 1.17 0.0 HG22 114 
   875 3.58 0.0 HA 83 
   310 1.13 0.0 HG22 37 
   328 118.6 0.0 N 38 
   122 4.51 0.0 HA 22 
   1026 2.04 0.0 HB 94 
   1822 0.66 0.0 HD13 161 
   845 1.57 0.0 HG13 80 
   660 24.2 0.0 CD2 64 
   612 121.9 0.0 N 61 
   1591 -0.51 0.0 HD11 142 
   1332 1.23 0.0 HG3 122 
   1768 21.8 0.0 CG2 156 
   1066 18.1 0.0 CG2 96 
   1901 1.3 0.0 HG13 167 
   1652 1.22 0.0 HB2 147 
   1007 6.63 0.0 HE2 92 
   165 4.41 0.0 HA 25 
   264 28.8 0.0 CB 34 
   1852 2.24 0.0 HB3 163 
   1218 1.35 0.0 HG 110 
   1319 3.69 0.0 HA3 120 
   1512 113.5 0.0 N 135 
   143 32.8 0.0 CB 23 
   783 107.1 0.0 N 75 
   927 3.29 0.0 HB3 86 
   445 25.4 0.0 CD1 47 
   1958 55.9 0.0 CA 171 
   1658 4.51 0.0 HA 148 
   1828 26.2 0.0 CG 161 
   469 1.74 0.0 HG2 49 
   1463 0.93 0.0 HD13 132 
   1536 122.5 0.0 N 137 
   1176 50.2 0.0 CA 106 
   186 65.4 0.0 CA 26 
   1284 2.3 0.0 HG2 117 
   1139 3.85 0.0 HD3 103 
   1553 1.46 0.0 HG3 139 
   1584 44.0 0.0 CA 141 
   487 38.5 0.0 CB 50 
   1362 2.23 0.0 HB2 124 
   84 31.9 0.0 CB 18 
   1009 57.4 0.0 CA 92 
   1230 116.5 0.0 N 110 
   1403 3.23 0.0 HB2 128 
   1708 64.6 0.0 CA 152 
   1769 113.1 0.0 N 156 
   1205 4.3 0.0 HA 109 
   1189 31.4 0.0 CB 107 
   1910 25.3 0.0 CG1 167 
   1497 54.7 0.0 CA 134 
   294 58.7 0.0 CA 36 
   1442 29.4 0.0 CD 130 
   718 46.2 0.0 CA 70 
   364 1.73 0.0 HG3 41 
   1973 32.8 0.0 CB 172 
   360 4.16 0.0 HA 41 
   543 1.6 0.0 HD2 55 
   975 1.75 0.0 HB 90 
   947 37.4 0.0 CG 87 
   570 121.1 0.0 N 57 
   1877 115.9 0.0 N 164 
   1983 27.8 0.0 CB 173 
   11 2.32 0.0 HG3 12 
   576 39.1 0.0 CB 58 
   1549 4.17 0.0 HA 139 
   1373 0.13 0.0 HD12 125 
   1787 0.42 0.0 HG23 158 
   1250 1.6 0.0 HD3 113 
   1712 7.2 0.0 H 153 
   664 1.55 0.0 HB2 65 
   658 27.3 0.0 CG 64 
   1557 2.91 0.0 HE3 139 
   50 1.9 0.0 HB3 16 
   721 4.41 0.0 HA 71 
   1558 57.9 0.0 CA 139 
   187 68.1 0.0 CB 26 
   1568 6.2 0.0 HD1 140 
   1014 129.9 0.0 CE2 92 
   1816 3.88 0.0 HA 161 
   896 0.41 0.0 HD11 84 
   342 8.86 0.0 H 40 
   1285 2.4 0.0 HG3 117 
   683 7.79 0.0 HD21 67 
   1668 54.5 0.0 CA 148 
   1138 2.95 0.0 HD2 103 
   1458 1.61 0.0 HB2 132 
   1276 128.2 0.0 N 115 
   158 56.0 0.0 CA 24 
   1980 2.81 0.0 HB2 173 
   2006 120.6 0.0 N 175 
   1529 1.08 0.0 HG21 137 
   31 68.6 0.0 CB 14 
   394 120.6 0.0 N 43 
   464 118.5 0.0 N 48 
   1492 8.33 0.0 H 134 
   1413 4.07 0.0 HA 129 
   1333 1.6 0.0 HD2 122 
   1915 4.83 0.0 HA 168 
   1051 50.6 0.0 CD 95 
   803 3.39 0.0 HB3 77 
   371 25.0 0.0 CG 41 
   475 26.1 0.0 CG 49 
   95 7.79 0.0 H 20 
   891 7.9 0.0 H 84 
   801 5.55 0.0 HA 77 
   252 58.8 0.0 CA 33 
   374 118.4 0.0 N 41 
   209 3.95 0.0 HA2 29 
   446 23.9 0.0 CD2 47 
   633 1.82 0.0 HB2 63 
   1866 1.45 0.0 HG2 164 
   542 1.59 0.0 HG3 55 
   529 3.06 0.0 HB2 54 
   656 54.3 0.0 CA 64 
   944 2.0 0.0 HG3 87 
   843 1.63 0.0 HB 80 
   423 8.3 0.0 H 46 
   1758 1.8 0.0 HB 156 
   254 27.3 0.0 CG 33 
   1054 1.9 0.0 HB 96 
   757 113.1 0.0 CZ2 73 
   1560 25.7 0.0 CG 139 
   1269 8.73 0.0 H 115 
   463 13.2 0.0 CD1 48 
   15 122.1 0.0 N 12 
   1470 23.5 0.0 CD1 132 
   96 4.35 0.0 HA 20 
   821 114.1 0.0 CZ2 78 
   1496 1.5 0.0 HB3 134 
   797 29.6 0.0 CD 76 
   674 0.91 0.0 HB2 66 
   1725 119.6 0.0 CE3 153 
   942 1.9 0.0 HB3 87 
   483 7.26 0.0 HD2 50 
   793 2.95 0.0 HE3 76 
   592 54.1 0.0 CA 60 
   987 19.5 0.0 CG2 90 
   261 2.42 0.0 HG2 34 
   1656 120.5 0.0 N 147 
   1706 3.08 0.0 HD2 152 
   272 0.91 0.0 HD11 35 
   507 8.37 0.0 H 52 
   351 0.86 0.0 HD22 40 
   343 3.56 0.0 HA 40 
   450 1.98 0.0 HB 48 
   442 58.8 0.0 CA 47 
   399 7.33 0.0 HD1 44 
   1156 1.26 0.0 HB 105 
   518 4.48 0.0 HA 53 
   1392 21.7 0.0 CG2 126 
   1090 133.8 0.0 CD2 98 
   1449 2.12 0.0 HG3 131 
   1562 41.9 0.0 CE 139 
   737 3.19 0.0 HD3 72 
   1012 131.3 0.0 CD2 92 
   1078 103.6 0.0 N 97 
   1842 0.01 0.0 HD13 162 
   1169 14.7 0.0 CD1 105 
   480 3.32 0.0 HB2 50 
   241 55.0 0.0 CA 32 
   372 29.5 0.0 CD 41 
   854 27.8 0.0 CG1 80 
   709 2.34 0.0 HG2 69 
   1164 0.43 0.0 HD13 105 
   1869 1.59 0.0 HD3 164 
   839 117.3 0.0 CE2 79 
   1086 7.33 0.0 HE2 98 
   758 120.1 0.0 CZ3 73 
   284 8.01 0.0 H 36 
   1460 1.53 0.0 HG 132 
   962 129.6 0.0 CE1 88 
   978 1.02 0.0 HG21 90 
   86 22.0 0.0 CG2 18 
   1318 4.1 0.0 HA2 120 
   302 125.7 0.0 NE1 36 
   454 0.97 0.0 HG22 48 
   794 53.9 0.0 CA 76 
   1722 62.3 0.0 CA 153 
   417 6.94 0.0 HE22 45 
   1289 36.0 0.0 CG 117 
   591 2.96 0.0 HB3 60 
   1873 34.1 0.0 CB 164 
   846 0.64 0.0 HG21 80 
   301 121.6 0.0 N 36 
   387 2.22 0.0 HB2 43 
   503 31.5 0.0 CB 51 
   1845 29.2 0.0 CG1 162 
   1151 30.1 0.0 CB 104 
   825 131.3 0.0 NE1 78 
   407 117.8 0.0 CE1 44 
   1984 120.4 0.0 N 173 
   1266 68.6 0.0 CB 114 
   1920 6.76 0.0 HE21 168 
   49 1.9 0.0 HB2 16 
   713 37.3 0.0 CG 69 
   409 118.4 0.0 N 44 
   544 1.6 0.0 HD3 55 
   1055 1.32 0.0 HG12 96 
   1443 41.8 0.0 CE 130 
   456 0.92 0.0 HD11 48 
   711 58.0 0.0 CA 69 
   1997 1.94 0.0 HB2 175 
   427 5.22 0.0 HG 46 
   305 2.2 0.0 HB 37 
   1554 1.56 0.0 HD2 139 
   964 128.3 0.0 CZ 88 
   1430 3.99 0.0 HA 130 
   951 2.71 0.0 HB2 88 
   1690 57.9 0.0 CA 150 
   1257 42.5 0.0 CE 113 
   279 42.7 0.0 CB 35 
   970 54.7 0.0 CA 89 
   397 3.17 0.0 HB2 44 
   607 128.3 0.0 CD1 61 
   1357 17.0 0.0 CG2 123 
   1025 4.37 0.0 HA 94 
   263 59.6 0.0 CA 34 
   39 1.72 0.0 HG3 15 
   1583 4.14 0.0 HA3 141 
   174 57.0 0.0 CA 25 
   1233 2.6 0.0 HB2 111 
   1471 26.2 0.0 CD2 132 
   1960 36.0 0.0 CG 171 
   150 1.88 0.0 HB3 24 
   185 1.25 0.0 HG23 26 
   74 8.12 0.0 H 18 
   405 131.7 0.0 CD1 44 
   1954 1.93 0.0 HB2 171 
   1085 6.93 0.0 HE1 98 
   926 2.88 0.0 HB2 86 
   762 8.53 0.0 H 74 
   1033 0.45 0.0 HD12 94 
   1309 1.68 0.0 HG3 119 
   1432 2.04 0.0 HB3 130 
   1109 1.25 0.0 HG22 100 
   1724 127.0 0.0 CD1 153 
   784 8.54 0.0 H 76 
   1482 7.06 0.0 HH2 133 
   501 0.8 0.0 HG23 51 
   1518 7.29 0.0 HD22 136 
   3 2.76 0.0 HB3 11 
   1154 8.55 0.0 H 105 
   10 2.32 0.0 HG2 12 
   1363 2.78 0.0 HB3 124 
   102 30.1 0.0 CB 20 
   1462 0.93 0.0 HD12 132 
   1935 122.1 0.0 N 169 
   1160 0.67 0.0 HG22 105 
   769 7.0 0.0 HE2 74 
   1939 1.7 0.0 HB3 170 
   1766 33.1 0.0 CB 156 
   1320 45.5 0.0 CA 120 
   363 1.45 0.0 HG2 41 
   69 64.5 0.0 CA 17 
   1604 3.75 0.0 HA 143 
   271 1.77 0.0 HG 35 
   1794 18.6 0.0 CG2 158 
   494 3.25 0.0 HA 51 
   1258 117.5 0.0 N 113 
   43 30.1 0.0 CB 15 
   657 48.2 0.0 CB 64 
   1211 30.2 0.0 CB 109 
   1589 1.6 0.0 HB3 142 
   8 2.03 0.0 HB2 12 
   1293 3.08 0.0 HB3 118 
   1162 0.43 0.0 HD11 105 
   273 0.91 0.0 HD12 35 
   1641 2.2 0.0 HB2 146 
   1131 15.4 0.0 CB 102 
   2007 112.3 0.0 NE2 175 
   855 17.1 0.0 CG2 80 
   87 118.3 0.0 N 18 
   1803 3.0 0.0 HD3 159 
   628 133.7 0.0 CE2 62 
   819 125.9 0.0 CD1 78 
   98 2.19 0.0 HB3 20 
   431 8.42 0.0 H 47 
   1795 8.6 0.0 CD1 158 
   995 2.13 0.0 HG3 91 
   1421 62.4 0.0 CA 129 
   1342 118.4 0.0 N 122 
   1892 63.3 0.0 CA 166 
   304 3.36 0.0 HA 37 
   1130 49.7 0.0 CA 102 
   130 31.8 0.0 CB 22 
   1999 2.31 0.0 HG2 175 
   2 2.76 0.0 HB2 11 
   421 117.4 0.0 N 45 
   76 2.19 0.0 HB 18 
   270 1.81 0.0 HB3 35 
   1833 3.68 0.0 HA 162 
   177 29.2 0.0 CD 25 
   1398 56.8 0.0 CA 127 
   1774 0.82 0.0 HG2 157 
   967 5.42 0.0 HA 89 
   935 132.9 0.0 CD2 86 
   549 25.6 0.0 CG 55 
   1150 54.1 0.0 CA 104 
   1408 30.4 0.0 CB 128 
   499 0.8 0.0 HG21 51 
   406 131.7 0.0 CD2 44 
   861 3.25 0.0 HB3 81 
   1515 0.92 0.0 HB2 136 
   669 34.1 0.0 CB 65 
   1720 6.36 0.0 HZ3 153 
   874 8.23 0.0 H 83 
   1603 9.24 0.0 H 143 
   1832 8.16 0.0 H 162 
   643 42.6 0.0 CD 63 
   1942 1.6 0.0 HD2 170 
   356 24.3 0.0 CD1 40 
   2005 33.7 0.0 CG 175 
   1726 113.9 0.0 CZ2 153 
   938 129.3 0.0 N 86 
   1937 4.24 0.0 HA 170 
   362 2.06 0.0 HB3 41 
   834 57.7 0.0 CA 79 
   1115 7.25 0.0 H 101 
   1440 29.7 0.0 CB 130 
   1355 37.5 0.0 CB 123 
   1254 33.3 0.0 CB 113 
   1648 117.1 0.0 N 146 
   1174 1.34 0.0 HB2 106 
   1122 69.9 0.0 CB 101 
   1049 32.4 0.0 CB 95 
   47 8.18 0.0 H 16 
   121 122.5 0.0 N 21 
   1326 107.3 0.0 N 121 
   1699 49.3 0.0 CA 151 
   578 8.55 0.0 H 59 
   705 8.77 0.0 H 69 
   548 32.2 0.0 CB 55 
   470 1.93 0.0 HG3 49 
   1715 3.56 0.0 HB3 153 
   1686 0.87 0.0 HD13 150 
   950 5.09 0.0 HA 88 
   1798 1.66 0.0 HB2 159 
   1214 7.93 0.0 H 110 
   217 1.44 0.0 HG3 30 
   1576 127.3 0.0 CD2 140 
   1959 31.0 0.0 CB 171 
   1849 8.1 0.0 H 163 
   1733 1.24 0.0 HB2 154 
   1452 65.5 0.0 CA 131 
   723 1.1 0.0 HG21 71 
   1252 3.12 0.0 HE3 113 
   1365 27.0 0.0 CB 124 
   1907 0.85 0.0 HD13 167 
   281 22.8 0.0 CD1 35 
   1170 124.1 0.0 N 105 
   355 26.0 0.0 CG 40 
   1191 22.2 0.0 CG2 107 
   200 7.02 0.0 H 28 
   1148 2.07 0.0 HG2 104 
   265 36.3 0.0 CG 34 
   232 56.1 0.0 CA 31 
   1532 60.5 0.0 CA 137 
   153 1.0 0.0 HD12 24 
   1225 53.9 0.0 CA 110 
   732 1.63 0.0 HB2 72 
   876 1.57 0.0 HB2 83 
   1232 4.44 0.0 HA 111 
   961 131.7 0.0 CD2 88 
   1251 3.12 0.0 HE2 113 
   1000 8.46 0.0 H 92 
   1192 119.5 0.0 N 107 
   23 122.6 0.0 N 13 
   1533 33.3 0.0 CB 137 
   766 6.87 0.0 HD1 74 
   1831 118.0 0.0 N 161 
   45 43.1 0.0 CD 15 
   694 1.46 0.0 HG3 68 
   601 7.9 0.0 HE3 61 
   1023 118.3 0.0 N 93 
   137 0.96 0.0 HG12 23 
   63 1.01 0.0 HG11 17 
   892 4.47 0.0 HA 84 
   1836 1.33 0.0 HG13 162 
   915 1.28 0.0 HD3 85 
   1134 0.87 0.0 HB2 103 
   1451 3.77 0.0 HD3 131 
   1719 7.16 0.0 HZ2 153 
   533 55.3 0.0 CA 54 
   216 1.05 0.0 HG2 30 
   567 1.5 0.0 HB3 57 
   207 123.5 0.0 N 28 
   848 0.64 0.0 HG23 80 
   1805 30.6 0.0 CB 159 
   1024 8.43 0.0 H 94 
   300 122.2 0.0 CH2 36 
   930 6.77 0.0 HE1 86 
   525 119.5 0.0 N 53 
   1390 62.4 0.0 CA 126 
   1820 0.66 0.0 HD11 161 
   1149 2.24 0.0 HG3 104 
   699 59.8 0.0 CA 68 
   473 57.4 0.0 CA 49 
   579 5.05 0.0 HA 59 
   1716 7.36 0.0 HD1 153 
   1946 56.7 0.0 CA 170 
   556 2.93 0.0 HB3 56 
   806 114.4 0.0 N 77 
   976 0.84 0.0 HG12 90 
   142 61.6 0.0 CA 23 
   1383 126.2 0.0 N 125 
   1622 8.62 0.0 H 145 
   1489 123.1 0.0 CH2 133 
   654 0.91 0.0 HD22 64 
   605 56.9 0.0 CA 61 
   1753 53.8 0.0 CA 155 
   330 8.2 0.0 H 39 
   521 7.98 0.0 HD21 53 
   1010 40.4 0.0 CB 92 
   1982 58.6 0.0 CA 173 
   1204 9.68 0.0 H 109 
   64 1.01 0.0 HG12 17 
   725 1.1 0.0 HG23 71 
   1709 32.1 0.0 CB 152 
   1101 62.8 0.0 CA 99 
   867 9.03 0.0 H 82 
   46 121.6 0.0 N 15 
   735 1.63 0.0 HG3 72 
   1248 1.36 0.0 HG3 113 
   292 7.51 0.0 HZ3 36 
   1286 1.89 0.0 HE1 117 
   1275 18.9 0.0 CB 115 
   25 4.07 0.0 HA 14 
   298 114.2 0.0 CZ2 36 
   1378 54.2 0.0 CA 125 
   847 0.64 0.0 HG22 80 
   726 61.7 0.0 CA 71 
   219 3.47 0.0 HD3 30 
   1924 33.7 0.0 CG 168 
   94 116.9 0.0 N 19 
   1612 3.57 0.0 HA 144 
   581 2.76 0.0 HB3 59 
   1598 40.4 0.0 CB 142 
   1890 1.0 0.0 HG22 166 
   1856 6.84 0.0 HE22 163 
   1394 8.77 0.0 H 127 
   1145 4.26 0.0 HA 104 
   1635 26.4 0.0 CG 145 
   1638 121.2 0.0 N 145 
