   1538 1.22 0.0 HB2 138 
   1401 7.93 0.0 H 128 
   1584 44.0 0.0 CA 141 
   648 1.86 0.0 HB3 64 
   2001 7.5 0.0 HE21 175 
   1571 6.77 0.0 HE2 140 
   1293 3.08 0.0 HB3 118 
   206 24.4 0.0 CB 28 
   962 129.6 0.0 CE1 88 
   1583 4.14 0.0 HA3 141 
   649 1.83 0.0 HG 64 
   611 123.3 0.0 CH2 61 
   408 117.8 0.0 CE2 44 
   1597 57.5 0.0 CA 142 
   1190 20.0 0.0 CG1 107 
   598 4.08 0.0 HB3 61 
   1835 0.32 0.0 HG12 162 
   1687 1.16 0.0 HD21 150 
   1946 56.7 0.0 CA 170 
   74 8.12 0.0 H 18 
   1632 0.45 0.0 HD23 145 
   1324 3.93 0.0 HA3 121 
   641 33.8 0.0 CB 63 
   45 43.1 0.0 CD 15 
   1483 61.0 0.0 CA 133 
   385 8.98 0.0 H 43 
   587 110.7 0.0 ND2 59 
   1176 50.2 0.0 CA 106 
   481 3.32 0.0 HB3 50 
   1867 1.66 0.0 HG3 164 
   1697 3.12 0.0 HA2 151 
   343 3.56 0.0 HA 40 
   1235 56.4 0.0 CA 111 
   383 35.5 0.0 CG 42 
   65 1.01 0.0 HG13 17 
   597 2.65 0.0 HB2 61 
   902 53.6 0.0 CA 84 
   111 0.18 0.0 HG22 21 
   1421 62.4 0.0 CA 129 
   471 3.37 0.0 HD2 49 
   991 5.29 0.0 HA 91 
   1555 1.62 0.0 HD3 139 
   1238 8.62 0.0 H 112 
   1821 0.66 0.0 HD12 161 
   1548 8.76 0.0 H 139 
   1363 2.78 0.0 HB3 124 
   650 0.91 0.0 HD11 64 
   39 1.72 0.0 HG3 15 
   1095 1.45 0.0 HB2 99 
   1986 4.67 0.0 HA 174 
   360 4.16 0.0 HA 41 
   1677 45.7 0.0 CA 149 
   1037 26.8 0.0 CG1 94 
   1728 122.7 0.0 CH2 153 
   1253 56.4 0.0 CA 113 
   1989 7.61 0.0 HD21 174 
   366 1.74 0.0 HD3 41 
   646 5.07 0.0 HA 64 
   1628 -0.05 0.0 HD12 145 
   1913 112.3 0.0 N 167 
   734 1.5 0.0 HG2 72 
   331 4.12 0.0 HA 39 
   1376 0.33 0.0 HD22 125 
   376 4.12 0.0 HA 42 
   1949 29.2 0.0 CD 170 
   1567 2.06 0.0 HB3 140 
   1394 8.77 0.0 H 127 
   890 108.0 0.0 N 83 
   1625 2.33 0.0 HB3 145 
   1784 1.49 0.0 HG13 158 
   1294 7.0 0.0 HD1 118 
   94 116.9 0.0 N 19 
   952 3.07 0.0 HB3 88 
   1686 0.87 0.0 HD13 150 
   1424 131.7 0.0 CD2 129 
   1402 4.57 0.0 HA 128 
   556 2.93 0.0 HB3 56 
   1933 30.1 0.0 CB 169 
   132 50.7 0.0 CD 22 
   668 54.6 0.0 CA 65 
   147 9.12 0.0 H 24 
   1873 34.1 0.0 CB 164 
   939 8.12 0.0 H 87 
   510 2.21 0.0 HB3 52 
   27 1.24 0.0 HG21 14 
   1531 1.08 0.0 HG23 137 
   1730 127.7 0.0 NE1 153 
   326 28.0 0.0 CB 38 
   1551 1.6 0.0 HB3 139 
   325 58.3 0.0 CA 38 
   1118 1.08 0.0 HG21 101 
   1830 22.9 0.0 CD2 161 
   107 1.29 0.0 HB 21 
   690 3.96 0.0 HA 68 
   445 25.4 0.0 CD1 47 
   1897 6.85 0.0 H 167 
   929 7.33 0.0 HD2 86 
   548 32.2 0.0 CB 55 
   893 0.6 0.0 HB2 84 
   250 3.34 0.0 HD2 33 
   1864 1.76 0.0 HB2 164 
   1243 8.33 0.0 H 113 
   799 121.3 0.0 N 76 
   1121 59.6 0.0 CA 101 
   1920 6.76 0.0 HE21 168 
   1722 62.3 0.0 CA 153 
   1612 3.57 0.0 HA 144 
   1049 32.4 0.0 CB 95 
   1727 119.6 0.0 CZ3 153 
   1863 4.19 0.0 HA 164 
   930 6.77 0.0 HE1 86 
   712 29.6 0.0 CB 69 
   1899 1.86 0.0 HB 167 
   1490 120.6 0.0 N 133 
   144 18.2 0.0 CG1 23 
   1663 0.8 0.0 HD12 148 
   967 5.42 0.0 HA 89 
   981 0.71 0.0 HD11 90 
   146 116.5 0.0 N 23 
   1370 1.68 0.0 HB3 125 
   1525 1.75 0.0 HB 137 
   285 4.72 0.0 HA 36 
   683 7.79 0.0 HD21 67 
   1846 16.7 0.0 CG2 162 
   1024 8.43 0.0 H 94 
   1925 121.6 0.0 N 168 
   603 6.87 0.0 HZ3 61 
   1537 4.86 0.0 HA 138 
   1157 0.33 0.0 HG12 105 
   324 8.08 0.0 HE22 38 
   1248 1.36 0.0 HG3 113 
   2 2.76 0.0 HB2 11 
   1641 2.2 0.0 HB2 146 
   1022 43.0 0.0 CB 93 
   840 121.1 0.0 N 79 
   905 22.3 0.0 CD1 84 
   697 3.0 0.0 HE2 68 
   544 1.6 0.0 HD3 55 
   961 131.7 0.0 CD2 88 
   850 0.82 0.0 HD12 80 
   368 2.96 0.0 HE3 41 
   187 68.1 0.0 CB 26 
   933 39.5 0.0 CB 86 
   777 129.4 0.0 CZ 74 
   223 48.9 0.0 CD 30 
   776 130.0 0.0 CE2 74 
   1950 41.8 0.0 CE 170 
   56 30.2 0.0 CB 16 
   1404 3.23 0.0 HB3 128 
   444 27.4 0.0 CG 47 
   1593 -0.51 0.0 HD13 142 
   1111 67.1 0.0 CA 100 
   514 29.2 0.0 CB 52 
   623 57.0 0.0 CA 62 
   364 1.73 0.0 HG3 41 
   689 8.83 0.0 H 68 
   163 126.3 0.0 N 24 
   1968 1.65 0.0 HD2 172 
   1282 29.0 0.0 CB 116 
   803 3.39 0.0 HB3 77 
   1011 131.3 0.0 CD1 92 
   1069 7.01 0.0 H 97 
   780 4.93 0.0 HA2 75 
   454 0.97 0.0 HG22 48 
   1680 4.08 0.0 HA 150 
   1839 0.81 0.0 HG23 162 
   1219 0.5 0.0 HD11 110 
   289 9.86 0.0 HE1 36 
   506 118.9 0.0 N 51 
   1638 121.2 0.0 N 145 
   914 1.27 0.0 HD2 85 
   659 24.3 0.0 CD1 64 
   995 2.13 0.0 HG3 91 
   863 55.6 0.0 CA 81 
   131 27.7 0.0 CG 22 
   1787 0.42 0.0 HG23 158 
   1991 53.2 0.0 CA 174 
   559 55.3 0.0 CA 56 
   1218 1.35 0.0 HG 110 
   656 54.3 0.0 CA 64 
   1007 6.63 0.0 HE2 92 
   31 68.6 0.0 CB 14 
   1503 1.86 0.0 HB3 135 
   1904 0.95 0.0 HG23 167 
   731 5.02 0.0 HA 72 
   1371 1.35 0.0 HG 125 
   1411 114.8 0.0 N 128 
   207 123.5 0.0 N 28 
   713 37.3 0.0 CG 69 
   671 122.0 0.0 N 65 
   619 5.47 0.0 HD2 62 
   1570 6.77 0.0 HE1 140 
   78 0.94 0.0 HG12 18 
   879 0.82 0.0 HD11 83 
   284 8.01 0.0 H 36 
   1997 1.94 0.0 HB2 175 
   1212 36.8 0.0 CG 109 
   1128 0.01 0.0 HB2 102 
   1091 118.2 0.0 CE1 98 
   811 7.03 0.0 HD1 78 
