   279 42.7 0.0 CB 35 
   1293 3.08 0.0 HB3 118 
   1984 120.4 0.0 N 173 
   713 37.3 0.0 CG 69 
   106 4.14 0.0 HA 21 
   600 9.85 0.0 HE1 61 
   1345 0.37 0.0 HB 123 
   955 7.18 0.0 HE1 88 
   960 131.7 0.0 CD1 88 
   287 3.79 0.0 HB3 36 
   147 9.12 0.0 H 24 
   536 104.6 0.0 ND2 54 
   658 27.3 0.0 CG 64 
   405 131.7 0.0 CD1 44 
   1481 7.04 0.0 HZ3 133 
   246 2.0 0.0 HB2 33 
   473 57.4 0.0 CA 49 
   119 17.2 0.0 CG2 21 
   1740 1.14 0.0 HD22 154 
   518 4.48 0.0 HA 53 
   1811 2.55 0.0 HB3 160 
   1789 0.18 0.0 HD12 158 
   1786 0.42 0.0 HG22 158 
   1757 3.87 0.0 HA 156 
   1394 8.77 0.0 H 127 
   384 119.4 0.0 N 42 
   1056 1.48 0.0 HG13 96 
   1725 119.6 0.0 CE3 153 
   997 33.5 0.0 CB 91 
   1228 25.1 0.0 CD1 110 
   942 1.9 0.0 HB3 87 
   1944 2.96 0.0 HE2 170 
   1121 59.6 0.0 CA 101 
   1535 22.9 0.0 CG2 137 
   783 107.1 0.0 N 75 
   695 1.69 0.0 HD2 68 
   310 1.13 0.0 HG22 37 
   1339 25.6 0.0 CG 122 
   392 28.4 0.0 CB 43 
   741 43.1 0.0 CD 72 
   1163 0.43 0.0 HD12 105 
   1943 1.6 0.0 HD3 170 
   1130 49.7 0.0 CA 102 
   700 31.8 0.0 CB 68 
   170 1.6 0.0 HD2 25 
   2001 7.5 0.0 HE21 175 
   371 25.0 0.0 CG 41 
   1401 7.93 0.0 H 128 
   1103 25.1 0.0 CG 99 
   1180 4.9 0.0 HA 107 
   625 132.0 0.0 CD1 62 
   1300 132.5 0.0 CD1 118 
   346 0.96 0.0 HG 40 
   1956 2.2 0.0 HG2 171 
   1751 1.43 0.0 HB2 155 
   895 1.54 0.0 HG 84 
   239 3.17 0.0 HB2 32 
   83 64.2 0.0 CA 18 
   958 56.0 0.0 CA 88 
   1963 4.4 0.0 HA 172 
   63 1.01 0.0 HG11 17 
   1516 1.28 0.0 HB3 136 
   1872 56.9 0.0 CA 164 
   1822 0.66 0.0 HD13 161 
   1715 3.56 0.0 HB3 153 
   209 3.95 0.0 HA2 29 
   1902 0.95 0.0 HG21 167 
   830 6.96 0.0 HD1 79 
   110 0.18 0.0 HG21 21 
   1588 0.74 0.0 HB2 142 
   1358 13.5 0.0 CD1 123 
   1528 0.66 0.0 HG13 137 
   1901 1.3 0.0 HG13 167 
   1254 33.3 0.0 CB 113 
   1110 1.25 0.0 HG23 100 
   908 8.45 0.0 H 85 
   1105 8.2 0.0 H 100 
   1223 0.68 0.0 HD22 110 
   15 122.1 0.0 N 12 
   188 22.0 0.0 CG2 26 
   760 125.1 0.0 N 73 
   135 2.37 0.0 HB 23 
   163 126.3 0.0 N 24 
   532 7.24 0.0 HD22 54 
   1446 1.83 0.0 HB2 131 
   925 4.52 0.0 HA 86 
   1785 0.42 0.0 HG21 158 
   1654 55.8 0.0 CA 147 
   1765 63.4 0.0 CA 156 
   248 1.72 0.0 HG2 33 
   917 2.37 0.0 HE3 85 
   1830 22.9 0.0 CD2 161 
   869 2.25 0.0 HB2 82 
   617 2.5 0.0 HB3 62 
   1918 2.32 0.0 HG2 168 
   788 1.43 0.0 HG2 76 
   290 7.31 0.0 HE3 36 
   1677 45.7 0.0 CA 149 
   1272 1.43 0.0 HB2 115 
   1405 7.06 0.0 HD2 128 
   426 3.98 0.0 HB3 46 
   856 12.7 0.0 CD1 80 
   1552 1.26 0.0 HG2 139 
   1719 7.16 0.0 HZ2 153 
   1538 1.22 0.0 HB2 138 
   516 119.7 0.0 N 52 
   712 29.6 0.0 CB 69 
   1456 6.93 0.0 H 132 
   855 17.1 0.0 CG2 80 
   400 7.33 0.0 HD2 44 
   1491 130.6 0.0 NE1 133 
   1081 2.76 0.0 HB2 98 
   1474 3.57 0.0 HA 133 
   148 4.56 0.0 HA 24 
   1922 54.4 0.0 CA 168 
   413 2.34 0.0 HB3 45 
   1161 0.67 0.0 HG23 105 
   274 0.91 0.0 HD13 35 
   254 27.3 0.0 CG 33 
   1884 4.04 0.0 HA 166 
   706 4.19 0.0 HA 69 
   294 58.7 0.0 CA 36 
   126 2.1 0.0 HG3 22 
   124 2.46 0.0 HB3 22 
   1809 4.33 0.0 HA 160 
   1070 4.43 0.0 HA 97 
   1181 1.96 0.0 HB 107 
   1003 3.68 0.0 HB3 92 
   1202 27.1 0.0 CG 108 
   229 1.65 0.0 HG3 31 
   1942 1.6 0.0 HD2 170 
   1179 8.02 0.0 H 107 
   1504 1.59 0.0 HG2 135 
   272 0.91 0.0 HD11 35 
   1867 1.66 0.0 HG3 164 
   1203 49.8 0.0 CD 108 
   1857 58.8 0.0 CA 163 
   891 7.9 0.0 H 84 
   72 21.8 0.0 CG2 17 
   278 56.6 0.0 CA 35 
   1234 2.72 0.0 HB3 111 
   1271 1.43 0.0 HB1 115 
   1825 0.73 0.0 HD23 161 
   1685 0.87 0.0 HD12 150 
   1094 3.55 0.0 HA 99 
   1307 1.79 0.0 HB3 119 
   1329 1.25 0.0 HB2 122 
   1978 8.4 0.0 H 173 
   416 7.61 0.0 HE21 45 
   1567 2.06 0.0 HB3 140 
   450 1.98 0.0 HB 48 
   459 65.0 0.0 CA 48 
   1387 1.41 0.0 HG21 126 
   216 1.05 0.0 HG2 30 
   404 37.9 0.0 CB 44 
   434 2.21 0.0 HB3 47 
   1691 42.2 0.0 CB 150 
   1970 2.95 0.0 HE2 172 
   1212 36.8 0.0 CG 109 
   1360 7.71 0.0 H 124 
   64 1.01 0.0 HG12 17 
   481 3.32 0.0 HB3 50 
   1144 8.6 0.0 H 104 
   1261 4.2 0.0 HB 114 
   1793 28.2 0.0 CG1 158 
   1933 30.1 0.0 CB 169 
   849 0.82 0.0 HD11 80 
   365 1.74 0.0 HD2 41 
   773 131.7 0.0 CD1 74 
   200 7.02 0.0 H 28 
   317 7.16 0.0 H 38 
   213 2.52 0.0 HA 30 
   1175 1.34 0.0 HB3 106 
   1498 18.5 0.0 CB 134 
   1430 3.99 0.0 HA 130 
   724 1.1 0.0 HG22 71 
   1298 53.1 0.0 CA 118 
   1755 115.0 0.0 N 155 
   789 1.57 0.0 HG3 76 
   28 1.24 0.0 HG22 14 
   1598 40.4 0.0 CB 142 
   1422 39.5 0.0 CB 129 
   1697 3.12 0.0 HA2 151 
   504 23.6 0.0 CG1 51 
   316 116.1 0.0 N 37 
   1893 32.2 0.0 CB 166 
   514 29.2 0.0 CB 52 
   1220 0.5 0.0 HD12 110 
   1473 8.49 0.0 H 133 
   1924 33.7 0.0 CG 168 
   901 0.64 0.0 HD23 84 
   420 34.2 0.0 CG 45 
   1359 117.1 0.0 N 123 
   1726 113.9 0.0 CZ2 153 
   387 2.22 0.0 HB2 43 
   1495 1.5 0.0 HB2 134 
   1514 4.26 0.0 HA 136 
   735 1.63 0.0 HG3 72 
   548 32.2 0.0 CB 55 
   721 4.41 0.0 HA 71 
   1022 43.0 0.0 CB 93 
   1071 4.67 0.0 HB 97 
   328 118.6 0.0 N 38 
   169 1.29 0.0 HG3 25 
   112 0.18 0.0 HG23 21 
   462 17.0 0.0 CG2 48 
   1625 2.33 0.0 HB3 145 
   1034 0.45 0.0 HD13 94 
   876 1.57 0.0 HB2 83 
   138 0.96 0.0 HG13 23 
   672 7.8 0.0 H 66 
   1876 41.8 0.0 CE 164 
   685 51.6 0.0 CA 67 
   635 1.6 0.0 HG2 63 
   954 7.16 0.0 HD2 88 
   57 27.3 0.0 CG 16 
   45 43.1 0.0 CD 15 
   1309 1.68 0.0 HG3 119 
   154 1.0 0.0 HD13 24 
   1097 1.5 0.0 HG2 99 
   906 24.8 0.0 CD2 84 
   1477 6.93 0.0 HD1 133 
   863 55.6 0.0 CA 81 
   1148 2.07 0.0 HG2 104 
   464 118.5 0.0 N 48 
   218 2.45 0.0 HD2 30 
   1662 0.8 0.0 HD11 148 
   1410 136.2 0.0 CE1 128 
   65 1.01 0.0 HG13 17 
   1306 1.79 0.0 HB2 119 
   1347 0.7 0.0 HG13 123 
   149 1.51 0.0 HB2 24 
   1859 33.7 0.0 CG 163 
   121 122.5 0.0 N 21 
   1728 122.7 0.0 CH2 153 
   1152 35.9 0.0 CG 104 
   1687 1.16 0.0 HD21 150 
   478 8.25 0.0 H 50 
   1048 62.1 0.0 CA 95 
   1468 41.9 0.0 CB 132 
   1007 6.63 0.0 HE2 92 
   686 37.3 0.0 CB 67 
   2007 112.3 0.0 NE2 175 
   1201 32.3 0.0 CB 108 
   1381 25.2 0.0 CD1 125 
   1489 123.1 0.0 CH2 133 
   566 1.5 0.0 HB2 57 
   475 26.1 0.0 CG 49 
   1900 0.81 0.0 HG12 167 
   765 3.22 0.0 HB3 74 
   992 2.07 0.0 HB2 91 
   1938 1.7 0.0 HB2 170 
   1077 22.0 0.0 CG2 97 
   832 6.69 0.0 HE1 79 
   1954 1.93 0.0 HB2 171 
   502 67.2 0.0 CA 51 
   171 1.6 0.0 HD3 25 
   151 1.7 0.0 HG 24 
   1771 3.85 0.0 HA 157 
   19 1.47 0.0 HB2 13 
   727 69.3 0.0 CB 71 
   918 56.1 0.0 CA 85 
   1492 8.33 0.0 H 134 
   104 119.8 0.0 N 20 
   1891 1.0 0.0 HG23 166 
   1044 1.84 0.0 HG2 95 
   1351 -0.19 0.0 HD11 123 
   432 4.23 0.0 HA 47 
   111 0.18 0.0 HG22 21 
   183 1.25 0.0 HG21 26 
   91 3.98 0.0 HB3 19 
   1182 0.58 0.0 HG11 107 
   1996 4.26 0.0 HA 175 
   1862 7.88 0.0 H 164 
   1376 0.33 0.0 HD22 125 
   1856 6.84 0.0 HE22 163 
   401 6.81 0.0 HE1 44 
   1156 1.26 0.0 HB 105 
   1601 22.0 0.0 CD2 142 
   1409 120.2 0.0 CD2 128 
   1937 4.24 0.0 HA 170 
   1578 129.7 0.0 CE2 140 
   764 3.1 0.0 HB2 74 
   1703 2.44 0.0 HB3 152 
   1716 7.36 0.0 HD1 153 
   1395 4.38 0.0 HA 127 
   352 0.86 0.0 HD23 40 
   302 125.7 0.0 NE1 36 
   96 4.35 0.0 HA 20 
   676 55.8 0.0 CA 66 
   1684 0.87 0.0 HD11 150 
   477 119.0 0.0 N 49 
   643 42.6 0.0 CD 63 
   1585 112.9 0.0 N 141 
   1059 0.98 0.0 HG23 96 
   793 2.95 0.0 HE3 76 
   1508 57.0 0.0 CA 135 
   1926 112.3 0.0 NE2 168 
   79 0.94 0.0 HG13 18 
   388 2.34 0.0 HB3 43 
   90 3.98 0.0 HB2 19 
   819 125.9 0.0 CD1 78 
   69 64.5 0.0 CA 17 
   1294 7.0 0.0 HD1 118 
   1729 118.4 0.0 N 153 
   641 33.8 0.0 CB 63 
   1420 6.93 0.0 HZ 129 
   1372 0.13 0.0 HD11 125 
   1265 58.4 0.0 CA 114 
   1812 57.2 0.0 CA 160 
   924 9.53 0.0 H 86 
   1696 9.07 0.0 H 151 
   1607 1.04 0.0 HB3 143 
   100 2.4 0.0 HG3 20 
   1416 7.05 0.0 HD1 129 
   1939 1.7 0.0 HB3 170 
   1506 3.11 0.0 HD2 135 
   1092 116.0 0.0 CE2 98 
   1343 7.91 0.0 H 123 
   1690 57.9 0.0 CA 150 
   1777 29.2 0.0 CB 157 
   1499 117.9 0.0 N 134 
   1016 112.7 0.0 N 92 
   1230 116.5 0.0 N 110 
   336 2.71 0.0 HD2 39 
   102 30.1 0.0 CB 20 
   934 132.9 0.0 CD1 86 
   1365 27.0 0.0 CB 124 
   912 1.18 0.0 HG2 85 
   1571 6.77 0.0 HE2 140 
   684 6.71 0.0 HD22 67 
   933 39.5 0.0 CB 86 
   1262 1.17 0.0 HG21 114 
   6 8.75 0.0 H 12 
   1080 4.69 0.0 HA 98 
   1441 26.5 0.0 CG 130 
   722 4.57 0.0 HB 71 
   1037 26.8 0.0 CG1 94 
   881 0.82 0.0 HD13 83 
   1326 107.3 0.0 N 121 
   1240 3.79 0.0 HA3 112 
   1946 56.7 0.0 CA 170 
   1015 127.8 0.0 CZ 92 
   34 8.07 0.0 H 15 
   1088 42.0 0.0 CB 98 
   396 4.5 0.0 HA 44 
   1025 4.37 0.0 HA 94 
   978 1.02 0.0 HG21 90 
   1470 23.5 0.0 CD1 132 
   1233 2.6 0.0 HB2 111 
   1653 1.22 0.0 HB3 147 
   1046 3.51 0.0 HD2 95 
   866 126.2 0.0 N 81 
   257 9.25 0.0 H 34 
   1564 6.28 0.0 H 140 
   1583 4.14 0.0 HA3 141 
   1968 1.65 0.0 HD2 172 
   1268 110.1 0.0 N 114 
   1208 2.43 0.0 HG2 109 
   1459 1.92 0.0 HB3 132 
   1808 6.55 0.0 H 160 
   1913 112.3 0.0 N 167 
   493 8.77 0.0 H 51 
   181 3.89 0.0 HA 26 
   1964 1.72 0.0 HB2 172 
   704 123.1 0.0 N 68 
   1115 7.25 0.0 H 101 
   238 4.9 0.0 HA 32 
   511 2.31 0.0 HG2 52 
   1758 1.8 0.0 HB 156 
   39 1.72 0.0 HG3 15 
   985 42.8 0.0 CB 90 
   1478 9.6 0.0 HE1 133 
   1170 124.1 0.0 N 105 
   1853 2.49 0.0 HG2 163 
   1770 7.92 0.0 H 157 
   1914 8.64 0.0 H 168 
   1002 2.77 0.0 HB2 92 
   1736 0.88 0.0 HD11 154 
   485 6.97 0.0 HE2 50 
   145 22.0 0.0 CG2 23 
   197 36.8 0.0 CB 27 
   907 121.8 0.0 N 84 
   1466 1.04 0.0 HD23 132 
   1569 6.2 0.0 HD2 140 
   1116 4.28 0.0 HA 101 
   1827 41.4 0.0 CB 161 
   1364 57.6 0.0 CA 124 
   824 117.5 0.0 N 78 
   1995 8.36 0.0 H 175 
   1125 7.94 0.0 H 102 
   1556 2.87 0.0 HE2 139 
   1718 7.08 0.0 HE3 153 
   1531 1.08 0.0 HG23 137 
   852 59.6 0.0 CA 80 
   677 66.8 0.0 CB 66 
   1029 0.7 0.0 HG21 94 
   379 2.4 0.0 HG2 42 
   956 7.18 0.0 HE2 88 
   1803 3.0 0.0 HD3 159 
   1761 0.75 0.0 HG13 156 
   1449 2.12 0.0 HG3 131 
   1576 127.3 0.0 CD2 140 
   31 68.6 0.0 CB 14 
   1522 116.8 0.0 ND2 136 
   779 8.54 0.0 H 75 
   774 131.7 0.0 CD2 74 
   903 43.1 0.0 CB 84 
   1487 113.9 0.0 CZ2 133 
   1106 4.12 0.0 HA 100 
   60 7.9 0.0 H 17 
   1941 1.38 0.0 HG3 170 
   152 1.0 0.0 HD11 24 
   1835 0.32 0.0 HG12 162 
   698 3.0 0.0 HE3 68 
   457 0.92 0.0 HD12 48 
   1515 0.92 0.0 HB2 136 
   1131 15.4 0.0 CB 102 
   362 2.06 0.0 HB3 41 
   1138 2.95 0.0 HD2 103 
   708 2.23 0.0 HB3 69 
   1375 0.33 0.0 HD21 125 
   1868 1.5 0.0 HD2 164 
   571 7.96 0.0 H 58 
   1887 1.0 0.0 HG12 166 
   977 1.29 0.0 HG13 90 
   250 3.34 0.0 HD2 33 
   195 7.45 0.0 HD22 27 
   1990 6.91 0.0 HD22 174 
   550 29.7 0.0 CD 55 
   678 111.7 0.0 N 66 
   1720 6.36 0.0 HZ3 153 
   586 116.4 0.0 N 59 
   1043 2.39 0.0 HB3 95 
   133 8.04 0.0 H 23 
   1432 2.04 0.0 HB3 130 
   1592 -0.51 0.0 HD12 142 
   1371 1.35 0.0 HG 125 
   1977 122.0 0.0 N 172 
   1877 115.9 0.0 N 164 
   1411 114.8 0.0 N 128 
   61 3.95 0.0 HA 17 
   1610 120.1 0.0 N 143 
   1264 1.17 0.0 HG23 114 
   761 127.0 0.0 NE1 73 
   291 7.92 0.0 HZ2 36 
   223 48.9 0.0 CD 30 
   529 3.06 0.0 HB2 54 
   1245 1.76 0.0 HB2 113 
   1480 7.26 0.0 HZ2 133 
   89 4.33 0.0 HA 19 
   1199 3.77 0.0 HD3 108 
   394 120.6 0.0 N 43 
   630 115.3 0.0 N 62 
   1626 1.11 0.0 HG 145 
   1521 116.3 0.0 N 136 
   581 2.76 0.0 HB3 59 
   594 120.0 0.0 N 60 
   107 1.29 0.0 HB 21 
   1839 0.81 0.0 HG23 162 
   1722 62.3 0.0 CA 153 
   1511 43.4 0.0 CD 135 
   140 1.13 0.0 HG22 23 
   809 3.11 0.0 HB2 78 
   1763 0.93 0.0 HG22 156 
   1436 1.74 0.0 HD3 130 
   1882 108.0 0.0 N 165 
   1332 1.23 0.0 HG3 122 
   1183 0.58 0.0 HG12 107 
   256 121.0 0.0 N 33 
   705 8.77 0.0 H 69 
   230 3.17 0.0 HD2 31 
   1439 62.3 0.0 CA 130 
   921 29.2 0.0 CD 85 
   1438 2.99 0.0 HE3 130 
   1930 2.88 0.0 HB3 169 
   1639 7.93 0.0 H 146 
   40 3.21 0.0 HD2 15 
   1205 4.3 0.0 HA 109 
   521 7.98 0.0 HD21 53 
   570 121.1 0.0 N 57 
   1414 3.1 0.0 HB2 129 
   1424 131.7 0.0 CD2 129 
   870 2.87 0.0 HB3 82 
   1709 32.1 0.0 CB 152 
   417 6.94 0.0 HE22 45 
   1251 3.12 0.0 HE2 113 
   255 43.1 0.0 CD 33 
   373 42.2 0.0 CE 41 
   105 7.66 0.0 H 21 
   1169 14.7 0.0 CD1 105 
   619 5.47 0.0 HD2 62 
   374 118.4 0.0 N 41 
   737 3.19 0.0 HD3 72 
   313 31.3 0.0 CB 37 
   1975 29.1 0.0 CD 172 
   1828 26.2 0.0 CG 161 
   76 2.19 0.0 HB 18 
   1931 7.31 0.0 HD2 169 
   1621 115.4 0.0 N 144 
   447 120.8 0.0 N 47 
   1084 7.38 0.0 HD2 98 
   1520 40.4 0.0 CB 136 
   825 131.3 0.0 NE1 78 
   572 4.38 0.0 HA 58 
   314 21.0 0.0 CG1 37 
   1537 4.86 0.0 HA 138 
   1927 8.65 0.0 H 169 
   26 4.2 0.0 HB 14 
   1972 56.3 0.0 CA 172 
   359 7.57 0.0 H 41 
   1557 2.91 0.0 HE3 139 
   1915 4.83 0.0 HA 168 
   1442 29.4 0.0 CD 130 
   453 0.97 0.0 HG21 48 
   1744 26.8 0.0 CG 154 
   324 8.08 0.0 HE22 38 
   1120 1.08 0.0 HG23 101 
   595 7.49 0.0 H 61 
   153 1.0 0.0 HD12 24 
   818 32.6 0.0 CB 78 
   378 2.71 0.0 HB3 42 
   823 123.5 0.0 CH2 78 
   1057 0.98 0.0 HG21 96 
   568 51.2 0.0 CA 57 
   1311 3.21 0.0 HD3 119 
   451 1.26 0.0 HG12 48 
   623 57.0 0.0 CA 62 
   1454 27.9 0.0 CG 131 
   164 8.31 0.0 H 25 
   14 35.9 0.0 CG 12 
   206 24.4 0.0 CB 28 
   780 4.93 0.0 HA2 75 
   1128 0.01 0.0 HB2 102 
   834 57.7 0.0 CA 79 
   193 3.25 0.0 HB3 27 
   854 27.8 0.0 CG1 80 
   270 1.81 0.0 HB3 35 
   487 38.5 0.0 CB 50 
   1129 0.01 0.0 HB3 102 
   646 5.07 0.0 HA 64 
   1324 3.93 0.0 HA3 121 
   406 131.7 0.0 CD2 44 
   1590 1.64 0.0 HG 142 
   1762 0.93 0.0 HG21 156 
   990 8.61 0.0 H 91 
   1551 1.6 0.0 HB3 139 
   1532 60.5 0.0 CA 137 
   1146 1.71 0.0 HB2 104 
   1909 40.7 0.0 CB 167 
   141 1.13 0.0 HG23 23 
   1919 2.35 0.0 HG3 168 
   454 0.97 0.0 HG22 48 
   1292 2.84 0.0 HB2 118 
   25 4.07 0.0 HA 14 
   232 56.1 0.0 CA 31 
   311 1.13 0.0 HG23 37 
   588 8.49 0.0 H 60 
   496 0.78 0.0 HG11 51 
   1711 51.4 0.0 CD 152 
   1134 0.87 0.0 HB2 103 
   795 38.2 0.0 CB 76 
   281 22.8 0.0 CD1 35 
   1586 10.28 0.0 H 142 
   1403 3.23 0.0 HB2 128 
   1568 6.2 0.0 HD1 140 
   1563 122.6 0.0 N 139 
   914 1.27 0.0 HD2 85 
   1224 0.68 0.0 HD23 110 
   807 9.24 0.0 H 78 
   1053 3.78 0.0 HA 96 
   1712 7.2 0.0 H 153 
   422 111.4 0.0 NE2 45 
   1663 0.8 0.0 HD12 148 
   1352 -0.19 0.0 HD12 123 
   440 0.98 0.0 HD22 47 
   1241 45.8 0.0 CA 112 
   1143 49.2 0.0 CD 103 
   47 8.18 0.0 H 16 
   1983 27.8 0.0 CB 173 
   1154 8.55 0.0 H 105 
   1838 0.81 0.0 HG22 162 
   275 1.01 0.0 HD21 35 
   1651 1.22 0.0 HB1 147 
   993 2.38 0.0 HB3 91 
   539 1.91 0.0 HB2 55 
   80 1.01 0.0 HG21 18 
   1087 58.3 0.0 CA 98 
   707 2.1 0.0 HB2 69 
   975 1.75 0.0 HB 90 
   221 31.7 0.0 CB 30 
   329 113.9 0.0 NE2 38 
   746 2.21 0.0 HB3 73 
   873 131.6 0.0 N 82 
   919 34.2 0.0 CB 85 
   970 54.7 0.0 CA 89 
   1437 2.99 0.0 HE2 130 
   375 7.68 0.0 H 42 
   1661 1.64 0.0 HG 148 
   344 0.97 0.0 HB2 40 
   742 123.7 0.0 N 72 
   222 27.2 0.0 CG 30 
   304 3.36 0.0 HA 37 
   1216 1.6 0.0 HB2 110 
   1767 21.1 0.0 CG1 156 
   489 131.7 0.0 CD2 50 
   460 37.8 0.0 CB 48 
   210 4.82 0.0 HA3 29 
   101 56.0 0.0 CA 20 
   1305 4.25 0.0 HA 119 
   986 25.7 0.0 CG1 90 
   1318 4.1 0.0 HA2 120 
   299 120.3 0.0 CZ3 36 
   1276 128.2 0.0 N 115 
   1633 58.4 0.0 CA 145 
   1346 0.57 0.0 HG12 123 
   892 4.47 0.0 HA 84 
   1747 118.8 0.0 N 154 
   886 39.8 0.0 CB 83 
   1415 3.22 0.0 HB3 129 
   1766 33.1 0.0 CB 156 
   759 123.7 0.0 CH2 73 
   1530 1.08 0.0 HG22 137 
   415 2.64 0.0 HG3 45 
   1841 0.01 0.0 HD12 162 
   1681 1.36 0.0 HB2 150 
   1323 3.93 0.0 HA2 121 
   1099 3.44 0.0 HD2 99 
   1277 8.32 0.0 H 116 
   338 58.1 0.0 CA 39 
   1658 4.51 0.0 HA 148 
   1646 31.6 0.0 CB 146 
   1807 49.4 0.0 CD 159 
   1078 103.6 0.0 N 97 
   1994 112.7 0.0 ND2 174 
   1894 21.8 0.0 CG1 166 
   1327 7.0 0.0 H 122 
   1127 0.01 0.0 HB1 102 
   957 7.05 0.0 HZ 88 
   709 2.34 0.0 HG2 69 
   1040 121.6 0.0 N 94 
   320 2.23 0.0 HB3 38 
   1289 36.0 0.0 CG 117 
   965 121.3 0.0 N 88 
   951 2.71 0.0 HB2 88 
   398 3.25 0.0 HB3 44 
   1948 24.8 0.0 CG 170 
   1950 41.8 0.0 CE 170 
   259 2.16 0.0 HB2 34 
   815 6.61 0.0 HZ3 78 
   701 24.4 0.0 CG 68 
   929 7.33 0.0 HD2 86 
   1124 114.3 0.0 N 101 
   983 0.71 0.0 HD13 90 
   43 30.1 0.0 CB 15 
   1369 1.43 0.0 HB2 125 
   1650 4.49 0.0 HA 147 
   1561 29.3 0.0 CD 139 
   215 1.42 0.0 HB3 30 
   1217 1.6 0.0 HB3 110 
   1069 7.01 0.0 H 97 
   1934 120.5 0.0 CD2 169 
   1139 3.85 0.0 HD3 103 
   666 1.89 0.0 HG2 65 
   5 40.9 0.0 CB 11 
   1367 8.42 0.0 H 125 
   1444 118.4 0.0 N 130 
   1419 6.99 0.0 HE2 129 
   622 5.65 0.0 HZ 62 
   618 5.47 0.0 HD1 62 
   289 9.86 0.0 HE1 36 
   909 4.75 0.0 HA 85 
   1721 6.62 0.0 HH2 153 
   1197 2.12 0.0 HG3 108 
   143 32.8 0.0 CB 23 
   1032 0.45 0.0 HD11 94 
   966 8.46 0.0 H 89 
   1065 27.8 0.0 CG1 96 
   470 1.93 0.0 HG3 49 
   267 8.01 0.0 H 35 
   575 55.3 0.0 CA 58 
   930 6.77 0.0 HE1 86 
   513 59.7 0.0 CA 52 
   36 1.87 0.0 HB2 15 
   78 0.94 0.0 HG12 18 
   1383 126.2 0.0 N 125 
   1723 29.6 0.0 CB 153 
   1881 45.6 0.0 CA 165 
   13 29.4 0.0 CB 12 
   1039 8.7 0.0 CD1 94 
   884 0.77 0.0 HD23 83 
   776 130.0 0.0 CE2 74 
   1695 125.1 0.0 N 150 
   837 131.9 0.0 CD2 79 
   421 117.4 0.0 N 45 
   607 128.3 0.0 CD1 61 
   293 7.05 0.0 HH2 36 
   1606 1.04 0.0 HB2 143 
   710 2.54 0.0 HG3 69 
   237 8.17 0.0 H 32 
   1929 2.59 0.0 HB2 169 
   717 3.53 0.0 HA3 70 
   1174 1.34 0.0 HB2 106 
   1819 1.91 0.0 HG 161 
   407 117.8 0.0 CE1 44 
   846 0.64 0.0 HG21 80 
   1001 4.95 0.0 HA 92 
   24 7.95 0.0 H 14 
   883 0.77 0.0 HD22 83 
   564 4.51 0.0 HA 57 
   331 4.12 0.0 HA 39 
   1866 1.45 0.0 HG2 164 
   158 56.0 0.0 CA 24 
   602 7.45 0.0 HZ2 61 
   449 3.79 0.0 HA 48 
   1296 6.74 0.0 HE1 118 
   541 1.31 0.0 HG2 55 
   1243 8.33 0.0 H 113 
   763 5.33 0.0 HA 74 
   50 1.9 0.0 HB3 16 
   802 2.94 0.0 HB2 77 
   367 2.96 0.0 HE2 41 
   537 8.89 0.0 H 55 
   350 0.86 0.0 HD21 40 
   1455 50.3 0.0 CD 131 
   393 34.7 0.0 CG 43 
   1526 0.66 0.0 HG11 137 
   173 2.92 0.0 HE3 25 
   612 121.9 0.0 N 61 
   217 1.44 0.0 HG3 30 
   1630 0.45 0.0 HD21 145 
   733 1.73 0.0 HB3 72 
   2006 120.6 0.0 N 175 
   587 110.7 0.0 ND2 59 
   936 117.5 0.0 CE1 86 
   857 128.9 0.0 N 80 
   435 1.91 0.0 HG 47 
   1055 1.32 0.0 HG12 96 
   382 29.2 0.0 CB 42 
   963 129.6 0.0 CE2 88 
   1694 27.2 0.0 CD2 150 
   663 4.51 0.0 HA 65 
   597 2.65 0.0 HB2 61 
   1190 20.0 0.0 CG1 107 
   1333 1.6 0.0 HD2 122 
   54 3.21 0.0 HD3 16 
   1788 0.18 0.0 HD11 158 
   1524 4.01 0.0 HA 137 
   1027 1.78 0.0 HG12 94 
   582 6.69 0.0 HD21 59 
   1112 67.9 0.0 CB 100 
   1038 16.8 0.0 CG2 94 
   1883 7.79 0.0 H 166 
   182 3.96 0.0 HB 26 
   1472 119.9 0.0 N 132 
   716 4.53 0.0 HA2 70 
   306 0.99 0.0 HG11 37 
   1620 136.3 0.0 CE1 144 
   1164 0.43 0.0 HD13 105 
   21 54.2 0.0 CA 13 
   98 2.19 0.0 HB3 20 
   418 59.3 0.0 CA 45 
   479 4.78 0.0 HA 50 
   1555 1.62 0.0 HD3 139 
   1256 29.1 0.0 CD 113 
   1980 2.81 0.0 HB2 173 
   757 113.1 0.0 CZ2 73 
   1906 0.85 0.0 HD12 167 
   1021 52.0 0.0 CA 93 
   1368 4.45 0.0 HA 125 
   1959 31.0 0.0 CB 171 
   853 38.1 0.0 CB 80 
   1158 1.15 0.0 HG13 105 
   1239 4.25 0.0 HA2 112 
   728 23.0 0.0 CG2 71 
   584 51.8 0.0 CA 59 
   482 7.26 0.0 HD1 50 
   1475 2.49 0.0 HB2 133 
   1753 53.8 0.0 CA 155 
   820 119.9 0.0 CE3 78 
   7 4.11 0.0 HA 12 
   1191 22.2 0.0 CG2 107 
   1453 30.7 0.0 CB 131 
   1680 4.08 0.0 HA 150 
   987 19.5 0.0 CG2 90 
   2005 33.7 0.0 CG 175 
   389 2.14 0.0 HG2 43 
   265 36.3 0.0 CG 34 
   1845 29.2 0.0 CG1 162 
   1615 5.82 0.0 HD2 144 
   1796 115.7 0.0 N 158 
   1463 0.93 0.0 HD13 132 
   872 39.0 0.0 CB 82 
   9 2.03 0.0 HB3 12 
   1692 27.0 0.0 CG 150 
   500 0.8 0.0 HG22 51 
   611 123.3 0.0 CH2 61 
   935 132.9 0.0 CD2 86 
   1018 5.58 0.0 HA 93 
   189 121.3 0.0 N 26 
   1780 7.94 0.0 H 158 
   1363 2.78 0.0 HB3 124 
