   1225 53.9 0.0 CA 110 
   1534 20.4 0.0 CG1 137 
   1595 0.37 0.0 HD22 142 
   922 41.3 0.0 CE 85 
   919 34.2 0.0 CB 85 
   1234 2.72 0.0 HB3 111 
   557 7.04 0.0 HD21 56 
   462 17.0 0.0 CG2 48 
   1295 7.0 0.0 HD2 118 
   930 6.77 0.0 HE1 86 
   1867 1.66 0.0 HG3 164 
   1951 123.6 0.0 N 170 
   1516 1.28 0.0 HB3 136 
   200 7.02 0.0 H 28 
   1575 127.3 0.0 CD1 140 
   1599 26.2 0.0 CG 142 
   1374 0.13 0.0 HD13 125 
   12 58.2 0.0 CA 12 
   1627 -0.05 0.0 HD11 145 
   1028 2.13 0.0 HG13 94 
   763 5.33 0.0 HA 74 
   1588 0.74 0.0 HB2 142 
   1136 1.32 0.0 HG2 103 
   1636 25.8 0.0 CD1 145 
   655 0.91 0.0 HD23 64 
   1364 57.6 0.0 CA 124 
   1020 2.67 0.0 HB3 93 
   1339 25.6 0.0 CG 122 
   1456 6.93 0.0 H 132 
   1291 4.86 0.0 HA 118 
   310 1.13 0.0 HG22 37 
   1544 64.6 0.0 CA 138 
   1822 0.66 0.0 HD13 161 
   60 7.9 0.0 H 17 
   311 1.13 0.0 HG23 37 
   1878 7.93 0.0 H 165 
   1767 21.1 0.0 CG1 156 
   1437 2.99 0.0 HE2 130 
   827 4.84 0.0 HA 79 
   972 122.9 0.0 N 89 
   1779 117.5 0.0 N 157 
   1214 7.93 0.0 H 110 
   495 2.1 0.0 HB 51 
   193 3.25 0.0 HB3 27 
   356 24.3 0.0 CD1 40 
   396 4.5 0.0 HA 44 
   148 4.56 0.0 HA 24 
   1961 119.4 0.0 N 171 
   1494 1.5 0.0 HB1 134 
   280 27.0 0.0 CG 35 
   1992 38.6 0.0 CB 174 
   1938 1.7 0.0 HB2 170 
   1247 1.3 0.0 HG2 113 
   1411 114.8 0.0 N 128 
   1576 127.3 0.0 CD2 140 
   1935 122.1 0.0 N 169 
   1074 1.17 0.0 HG23 97 
   1366 121.7 0.0 N 124 
   886 39.8 0.0 CB 83 
   645 8.7 0.0 H 64 
   425 3.98 0.0 HB2 46 
   14 35.9 0.0 CG 12 
   331 4.12 0.0 HA 39 
   1748 7.31 0.0 H 155 
   1317 8.98 0.0 H 120 
   701 24.4 0.0 CG 68 
   455 0.97 0.0 HG23 48 
   723 1.1 0.0 HG21 71 
   326 28.0 0.0 CB 38 
   733 1.73 0.0 HB3 72 
   383 35.5 0.0 CG 42 
   31 68.6 0.0 CB 14 
   707 2.1 0.0 HB2 69 
   801 5.55 0.0 HA 77 
   555 2.93 0.0 HB2 56 
   284 8.01 0.0 H 36 
   864 34.3 0.0 CB 81 
   775 130.0 0.0 CE1 74 
   95 7.79 0.0 H 20 
   1121 59.6 0.0 CA 101 
   1423 131.7 0.0 CD1 129 
   548 32.2 0.0 CB 55 
   787 1.49 0.0 HB3 76 
   1989 7.61 0.0 HD21 174 
   689 8.83 0.0 H 68 
   946 34.7 0.0 CB 87 
   480 3.32 0.0 HB2 50 
   911 1.74 0.0 HB3 85 
   44 27.3 0.0 CG 15 
   362 2.06 0.0 HB3 41 
   1218 1.35 0.0 HG 110 
   423 8.3 0.0 H 46 
   1526 0.66 0.0 HG11 137 
   1166 38.7 0.0 CB 105 
   547 60.5 0.0 CA 55 
   770 6.92 0.0 HZ 74 
   1414 3.1 0.0 HB2 129 
   509 2.1 0.0 HB2 52 
   1519 53.4 0.0 CA 136 
   1335 2.91 0.0 HE2 122 
   676 55.8 0.0 CA 66 
   1952 8.55 0.0 H 171 
   866 126.2 0.0 N 81 
   417 6.94 0.0 HE22 45 
   1359 117.1 0.0 N 123 
   255 43.1 0.0 CD 33 
   1957 2.2 0.0 HG3 171 
   1018 5.58 0.0 HA 93 
   1099 3.44 0.0 HD2 99 
   1658 4.51 0.0 HA 148 
   1591 -0.51 0.0 HD11 142 
   1572 6.2 0.0 HZ 140 
   1590 1.64 0.0 HG 142 
   283 119.1 0.0 N 35 
   1904 0.95 0.0 HG23 167 
   521 7.98 0.0 HD21 53 
   1473 8.49 0.0 H 133 
   810 3.29 0.0 HB3 78 
   42 58.2 0.0 CA 15 
   1153 119.5 0.0 N 104 
   153 1.0 0.0 HD12 24 
   210 4.82 0.0 HA3 29 
   187 68.1 0.0 CB 26 
   1185 0.93 0.0 HG21 107 
   913 1.18 0.0 HG3 85 
   797 29.6 0.0 CD 76 
   739 32.8 0.0 CB 72 
   759 123.7 0.0 CH2 73 
   724 1.1 0.0 HG22 71 
   1843 65.1 0.0 CA 162 
   1908 59.4 0.0 CA 167 
   607 128.3 0.0 CD1 61 
   246 2.0 0.0 HB2 33 
   92 60.1 0.0 CA 19 
   1466 1.04 0.0 HD23 132 
   308 0.99 0.0 HG13 37 
   567 1.5 0.0 HB3 57 
   644 118.8 0.0 N 63 
   507 8.37 0.0 H 52 
   1069 7.01 0.0 H 97 
   947 37.4 0.0 CG 87 
   1598 40.4 0.0 CB 142 
   1304 8.4 0.0 H 119 
   1353 -0.19 0.0 HD13 123 
   367 2.96 0.0 HE2 41 
   597 2.65 0.0 HB2 61 
   588 8.49 0.0 H 60 
   1791 63.4 0.0 CA 158 
   1000 8.46 0.0 H 92 
   1205 4.3 0.0 HA 109 
   891 7.9 0.0 H 84 
   87 118.3 0.0 N 18 
   442 58.8 0.0 CA 47 
   169 1.29 0.0 HG3 25 
   734 1.5 0.0 HG2 72 
   1777 29.2 0.0 CB 157 
   1634 42.1 0.0 CB 145 
   1490 120.6 0.0 N 133 
   1266 68.6 0.0 CB 114 
   143 32.8 0.0 CB 23 
   1468 41.9 0.0 CB 132 
   219 3.47 0.0 HD3 30 
   1944 2.96 0.0 HE2 170 
   1657 8.89 0.0 H 148 
   908 8.45 0.0 H 85 
   1270 4.47 0.0 HA 115 
   1052 8.69 0.0 H 96 
   531 4.55 0.0 HD21 54 
   1879 3.97 0.0 HA2 165 
   517 8.47 0.0 H 53 
   157 1.18 0.0 HD23 24 
   1406 8.19 0.0 HE1 128 
   1818 1.9 0.0 HB3 161 
   1373 0.13 0.0 HD12 125 
   1786 0.42 0.0 HG22 158 
   1095 1.45 0.0 HB2 99 
   1230 116.5 0.0 N 110 
   1655 20.6 0.0 CB 147 
   1888 1.0 0.0 HG13 166 
   205 51.9 0.0 CA 28 
   243 119.3 0.0 N 32 
   1226 42.1 0.0 CB 110 
   1389 1.41 0.0 HG23 126 
   1372 0.13 0.0 HD11 125 
   493 8.77 0.0 H 51 
   792 2.95 0.0 HE2 76 
   803 3.39 0.0 HB3 77 
   189 121.3 0.0 N 26 
   347 0.84 0.0 HD11 40 
   1463 0.93 0.0 HD13 132 
   900 0.64 0.0 HD22 84 
   594 120.0 0.0 N 60 
   524 37.4 0.0 CB 53 
   587 110.7 0.0 ND2 59 
   638 3.25 0.0 HD3 63 
   479 4.78 0.0 HA 50 
   69 64.5 0.0 CA 17 
   1889 1.0 0.0 HG21 166 
   128 4.08 0.0 HD3 22 
   1311 3.21 0.0 HD3 119 
   1244 4.41 0.0 HA 113 
   1884 4.04 0.0 HA 166 
   1550 1.74 0.0 HB2 139 
   722 4.57 0.0 HB 71 
   583 7.7 0.0 HD22 59 
   1980 2.81 0.0 HB2 173 
   1853 2.49 0.0 HG2 163 
   1829 26.1 0.0 CD1 161 
   802 2.94 0.0 HB2 77 
   1156 1.26 0.0 HB 105 
   1562 41.9 0.0 CE 139 
   1481 7.04 0.0 HZ3 133 
   824 117.5 0.0 N 78 
   1262 1.17 0.0 HG21 114 
   761 127.0 0.0 NE1 73 
   1650 4.49 0.0 HA 147 
   1368 4.45 0.0 HA 125 
   1277 8.32 0.0 H 116 
   1607 1.04 0.0 HB3 143 
   791 1.68 0.0 HD3 76 
   1547 48.1 0.0 CD 138 
   846 0.64 0.0 HG21 80 
   1548 8.76 0.0 H 139 
   378 2.71 0.0 HB3 42 
   1128 0.01 0.0 HB2 102 
   925 4.52 0.0 HA 86 
   1916 1.92 0.0 HB2 168 
   351 0.86 0.0 HD22 40 
   450 1.98 0.0 HB 48 
   665 1.81 0.0 HB3 65 
   1249 1.6 0.0 HD2 113 
   395 8.83 0.0 H 44 
   525 119.5 0.0 N 53 
   1985 8.55 0.0 H 174 
   1735 2.08 0.0 HG 154 
   213 2.52 0.0 HA 30 
   1851 2.24 0.0 HB2 163 
   274 0.91 0.0 HD13 35 
   725 1.1 0.0 HG23 71 
   1641 2.2 0.0 HB2 146 
   1107 4.44 0.0 HB 100 
   1529 1.08 0.0 HG21 137 
   1546 24.1 0.0 CG 138 
   59 120.5 0.0 N 16 
   1913 112.3 0.0 N 167 
   470 1.93 0.0 HG3 49 
   1233 2.6 0.0 HB2 111 
   1834 1.39 0.0 HB 162 
   1286 1.89 0.0 HE1 117 
   406 131.7 0.0 CD2 44 
   915 1.28 0.0 HD3 85 
   578 8.55 0.0 H 59 
   1960 36.0 0.0 CG 171 
   1316 120.9 0.0 N 119 
   386 4.33 0.0 HA 43 
   1728 122.7 0.0 CH2 153 
   1744 26.8 0.0 CG 154 
   1769 113.1 0.0 N 156 
   211 44.9 0.0 CA 29 
   294 58.7 0.0 CA 36 
   596 4.27 0.0 HA 61 
   131 27.7 0.0 CG 22 
   1288 1.89 0.0 HE3 117 
   1450 3.64 0.0 HD2 131 
   957 7.05 0.0 HZ 88 
   1741 1.14 0.0 HD23 154 
   489 131.7 0.0 CD2 50 
   1710 28.3 0.0 CG 152 
   577 116.9 0.0 N 58 
   1239 4.25 0.0 HA2 112 
   375 7.68 0.0 H 42 
   409 118.4 0.0 N 44 
   1874 26.3 0.0 CG 164 
   1022 43.0 0.0 CB 93 
   103 36.3 0.0 CG 20 
   277 1.01 0.0 HD23 35 
   1041 4.62 0.0 HA 95 
   620 5.55 0.0 HE1 62 
   1716 7.36 0.0 HD1 153 
   1075 60.5 0.0 CA 97 
   1023 118.3 0.0 N 93 
   1793 28.2 0.0 CG1 158 
   1179 8.02 0.0 H 107 
   669 34.1 0.0 CB 65 
   441 0.98 0.0 HD23 47 
   1303 117.4 0.0 CE2 118 
   889 22.5 0.0 CD2 83 
   1559 32.6 0.0 CB 139 
   1102 33.2 0.0 CB 99 
   1646 31.6 0.0 CB 146 
   574 3.11 0.0 HB3 58 
   580 2.37 0.0 HB2 59 
   77 0.94 0.0 HG11 18 
   612 121.9 0.0 N 61 
   1464 1.04 0.0 HD21 132 
   1216 1.6 0.0 HB2 110 
   1552 1.26 0.0 HG2 139 
   1106 4.12 0.0 HA 100 
   17 4.21 0.0 HA 13 
   1696 9.07 0.0 H 151 
   1524 4.01 0.0 HA 137 
   1345 0.37 0.0 HB 123 
   579 5.05 0.0 HA 59 
   902 53.6 0.0 CA 84 
   1165 62.8 0.0 CA 105 
   888 25.2 0.0 CD1 83 
   1149 2.24 0.0 HG3 104 
   15 122.1 0.0 N 12 
   971 41.3 0.0 CB 89 
   648 1.86 0.0 HB3 64 
   1139 3.85 0.0 HD3 103 
   691 1.81 0.0 HB2 68 
   1541 1.72 0.0 HG3 138 
   1223 0.68 0.0 HD22 110 
   212 107.0 0.0 N 29 
   1493 4.17 0.0 HA 134 
   1051 50.6 0.0 CD 95 
   615 4.91 0.0 HA 62 
   10 2.32 0.0 HG2 12 
   688 110.7 0.0 ND2 67 
   659 24.3 0.0 CD1 64 
   343 3.56 0.0 HA 40 
   237 8.17 0.0 H 32 
   1489 123.1 0.0 CH2 133 
   1586 10.28 0.0 H 142 
   1312 57.4 0.0 CA 119 
   46 121.6 0.0 N 15 
   350 0.86 0.0 HD21 40 
   289 9.86 0.0 HE1 36 
   1362 2.23 0.0 HB2 124 
   1204 9.68 0.0 H 109 
   562 112.3 0.0 ND2 56 
   345 1.42 0.0 HB3 40 
   1307 1.79 0.0 HB3 119 
   196 51.1 0.0 CA 27 
   443 42.7 0.0 CB 47 
   1467 57.9 0.0 CA 132 
   939 8.12 0.0 H 87 
   1585 112.9 0.0 N 141 
   941 1.9 0.0 HB2 87 
   1580 113.4 0.0 N 140 
   20 1.47 0.0 HB3 13 
   1065 27.8 0.0 CG1 96 
   1320 45.5 0.0 CA 120 
   66 1.1 0.0 HG21 17 
   833 6.69 0.0 HE2 79 
   329 113.9 0.0 NE2 38 
   97 1.96 0.0 HB2 20 
   602 7.45 0.0 HZ2 61 
   487 38.5 0.0 CB 50 
   1164 0.43 0.0 HD13 105 
   1258 117.5 0.0 N 113 
   1252 3.12 0.0 HE3 113 
   353 57.5 0.0 CA 40 
   1049 32.4 0.0 CB 95 
   904 25.9 0.0 CG 84 
   1807 49.4 0.0 CD 159 
   2003 56.0 0.0 CA 175 
   1683 1.88 0.0 HG 150 
   765 3.22 0.0 HB3 74 
   1573 51.9 0.0 CA 140 
   799 121.3 0.0 N 76 
   1996 4.26 0.0 HA 175 
   424 4.12 0.0 HA 46 
   1687 1.16 0.0 HD21 150 
   983 0.71 0.0 HD13 90 
   1111 67.1 0.0 CA 100 
   1015 127.8 0.0 CZ 92 
   313 31.3 0.0 CB 37 
   1734 2.04 0.0 HB3 154 
   1666 0.92 0.0 HD22 148 
   76 2.19 0.0 HB 18 
   1742 57.8 0.0 CA 154 
   608 122.4 0.0 CE3 61 
   64 1.01 0.0 HG12 17 
   1054 1.9 0.0 HB 96 
   190 9.34 0.0 H 27 
   478 8.25 0.0 H 50 
   136 0.96 0.0 HG11 23 
   1800 1.71 0.0 HG2 159 
   1739 1.14 0.0 HD21 154 
   1096 2.2 0.0 HB3 99 
   1512 113.5 0.0 N 135 
   35 4.1 0.0 HA 15 
   541 1.31 0.0 HG2 55 
   1629 -0.05 0.0 HD13 145 
   1358 13.5 0.0 CD1 123 
   764 3.1 0.0 HB2 74 
   1479 7.41 0.0 HE3 133 
   1862 7.88 0.0 H 164 
   1638 121.2 0.0 N 145 
   1440 29.7 0.0 CB 130 
   275 1.01 0.0 HD21 35 
   1894 21.8 0.0 CG1 166 
   1556 2.87 0.0 HE2 139 
   499 0.8 0.0 HG21 51 
   1705 2.09 0.0 HG3 152 
   116 59.2 0.0 CA 21 
   1686 0.87 0.0 HD13 150 
   1644 2.21 0.0 HG3 146 
   1543 3.45 0.0 HD3 138 
   1279 2.0 0.0 HB2 116 
   302 125.7 0.0 NE1 36 
   1171 8.88 0.0 H 106 
   1058 0.98 0.0 HG22 96 
   934 132.9 0.0 CD1 86 
   1844 38.3 0.0 CB 162 
   1235 56.4 0.0 CA 111 
   123 1.93 0.0 HB2 22 
   1236 41.0 0.0 CB 111 
   1737 0.88 0.0 HD12 154 
   1384 8.22 0.0 H 126 
   287 3.79 0.0 HB3 36 
   1507 3.11 0.0 HD3 135 
   708 2.23 0.0 HB3 69 
   1927 8.65 0.0 H 169 
   81 1.01 0.0 HG22 18 
   440 0.98 0.0 HD22 47 
   1029 0.7 0.0 HG21 94 
   1159 0.67 0.0 HG21 105 
   1138 2.95 0.0 HD2 103 
   529 3.06 0.0 HB2 54 
   328 118.6 0.0 N 38 
   663 4.51 0.0 HA 65 
   30 64.2 0.0 CA 14 
   614 6.81 0.0 H 62 
   86 22.0 0.0 CG2 18 
   282 25.2 0.0 CD2 35 
   1643 2.21 0.0 HG2 146 
   166 1.76 0.0 HB2 25 
   618 5.47 0.0 HD1 62 
   1050 27.0 0.0 CG 95 
   699 59.8 0.0 CA 68 
   1912 14.6 0.0 CD1 167 
   1596 0.37 0.0 HD23 142 
   137 0.96 0.0 HG12 23 
   38 1.59 0.0 HG2 15 
   1080 4.69 0.0 HA 98 
   542 1.59 0.0 HG3 55 
   646 5.07 0.0 HA 64 
   445 25.4 0.0 CD1 47 
   1914 8.64 0.0 H 168 
   1719 7.16 0.0 HZ2 153 
   1457 3.95 0.0 HA 132 
   626 132.0 0.0 CD2 62 
   276 1.01 0.0 HD22 35 
   47 8.18 0.0 H 16 
   1881 45.6 0.0 CA 165 
   828 3.01 0.0 HB2 79 
   981 0.71 0.0 HD11 90 
   678 111.7 0.0 N 66 
   1819 1.91 0.0 HG 161 
   809 3.11 0.0 HB2 78 
   79 0.94 0.0 HG13 18 
   1104 49.5 0.0 CD 99 
   1367 8.42 0.0 H 125 
   1892 63.3 0.0 CA 166 
   364 1.73 0.0 HG3 41 
   1401 7.93 0.0 H 128 
   745 1.04 0.0 HB2 73 
   526 110.8 0.0 ND2 53 
   933 39.5 0.0 CB 86 
   1637 23.3 0.0 CD2 145 
   1341 41.8 0.0 CE 122 
   160 31.1 0.0 CG 24 
   191 4.6 0.0 HA 27 
   1724 127.0 0.0 CD1 153 
   155 1.18 0.0 HD21 24 
   815 6.61 0.0 HZ3 78 
   460 37.8 0.0 CB 48 
   1424 131.7 0.0 CD2 129 
   1407 57.1 0.0 CA 128 
   6 8.75 0.0 H 12 
   1858 27.9 0.0 CB 163 
   240 3.09 0.0 HB3 32 
   291 7.92 0.0 HZ2 36 
   1934 120.5 0.0 CD2 169 
   664 1.55 0.0 HB2 65 
   1506 3.11 0.0 HD2 135 
   1661 1.64 0.0 HG 148 
   654 0.91 0.0 HD22 64 
   318 4.09 0.0 HA 38 
   1110 1.25 0.0 HG23 100 
   522 6.74 0.0 HD22 53 
   1842 0.01 0.0 HD13 162 
   1220 0.5 0.0 HD12 110 
   492 119.9 0.0 N 50 
   175 35.9 0.0 CB 25 
   849 0.82 0.0 HD11 80 
   1391 69.5 0.0 CB 126 
   1083 7.86 0.0 HD1 98 
   106 4.14 0.0 HA 21 
   1448 1.99 0.0 HG2 131 
   735 1.63 0.0 HG3 72 
   402 6.81 0.0 HE2 44 
   1749 3.86 0.0 HA 155 
   414 2.54 0.0 HG2 45 
   1640 4.36 0.0 HA 146 
   1560 25.7 0.0 CG 139 
   700 31.8 0.0 CB 68 
   1261 4.2 0.0 HB 114 
   325 58.3 0.0 CA 38 
   1799 2.07 0.0 HB3 159 
   1073 1.17 0.0 HG22 97 
   1078 103.6 0.0 N 97 
   1758 1.8 0.0 HB 156 
   1062 0.87 0.0 HD13 96 
   1048 62.1 0.0 CA 95 
   1740 1.14 0.0 HD22 154 
   1200 66.4 0.0 CA 108 
   1738 0.88 0.0 HD13 154 
   185 1.25 0.0 HG23 26 
   590 2.19 0.0 HB2 60 
   961 131.7 0.0 CD2 88 
   1152 35.9 0.0 CG 104 
   1116 4.28 0.0 HA 101 
   1511 43.4 0.0 CD 135 
   758 120.1 0.0 CZ3 73 
   317 7.16 0.0 H 38 
   227 2.02 0.0 HB3 31 
   718 46.2 0.0 CA 70 
   501 0.8 0.0 HG23 51 
   1168 17.5 0.0 CG2 105 
   1982 58.6 0.0 CA 173 
   955 7.18 0.0 HE1 88 
   1296 6.74 0.0 HE1 118 
   1344 3.77 0.0 HA 123 
   71 21.1 0.0 CG1 17 
   1508 57.0 0.0 CA 135 
   977 1.29 0.0 HG13 90 
   100 2.4 0.0 HG3 20 
   556 2.93 0.0 HB3 56 
   295 29.5 0.0 CB 36 
   1088 42.0 0.0 CB 98 
   1263 1.17 0.0 HG22 114 
   1745 23.0 0.0 CD1 154 
   1482 7.06 0.0 HH2 133 
   24 7.95 0.0 H 14 
   199 107.7 0.0 ND2 27 
   224 8.5 0.0 H 31 
   1684 0.87 0.0 HD11 150 
   1002 2.77 0.0 HB2 92 
   1678 107.1 0.0 N 149 
   1631 0.45 0.0 HD22 145 
   2001 7.5 0.0 HE21 175 
   1079 7.67 0.0 H 98 
   641 33.8 0.0 CB 63 
   1488 123.0 0.0 CZ3 133 
   1033 0.45 0.0 HD12 94 
   545 2.84 0.0 HE2 55 
   1365 27.0 0.0 CB 124 
   532 7.24 0.0 HD22 54 
   490 118.8 0.0 CE1 50 
   369 60.1 0.0 CA 41 
   872 39.0 0.0 CB 82 
   1626 1.11 0.0 HG 145 
   1902 0.95 0.0 HG21 167 
   1845 29.2 0.0 CG1 162 
   299 120.3 0.0 CZ3 36 
   1891 1.0 0.0 HG23 166 
   1331 1.04 0.0 HG2 122 
   1609 18.0 0.0 CB 143 
   1141 31.9 0.0 CB 103 
   70 32.2 0.0 CB 17 
   1630 0.45 0.0 HD21 145 
   1254 33.3 0.0 CB 113 
   1930 2.88 0.0 HB3 169 
   117 39.1 0.0 CB 21 
   1699 49.3 0.0 CA 151 
   1566 1.98 0.0 HB2 140 
   1198 3.48 0.0 HD2 108 
   99 2.21 0.0 HG2 20 
   1396 2.61 0.0 HB2 127 
   23 122.6 0.0 N 13 
   1674 7.41 0.0 H 149 
   1652 1.22 0.0 HB2 147 
   680 4.76 0.0 HA 67 
   1966 1.35 0.0 HG2 172 
   865 119.9 0.0 CD2 81 
   11 2.32 0.0 HG3 12 
   1471 26.2 0.0 CD2 132 
   1183 0.58 0.0 HG12 107 
   1924 33.7 0.0 CG 168 
   1910 25.3 0.0 CG1 167 
   394 120.6 0.0 N 43 
   149 1.51 0.0 HB2 24 
   822 120.5 0.0 CZ3 78 
   174 57.0 0.0 CA 25 
   1370 1.68 0.0 HB3 125 
   1162 0.43 0.0 HD11 105 
   687 116.8 0.0 N 67 
   715 7.82 0.0 H 70 
   633 1.82 0.0 HB2 63 
   549 25.6 0.0 CG 55 
   181 3.89 0.0 HA 26 
   984 58.5 0.0 CA 90 
   145 22.0 0.0 CG2 23 
   1553 1.46 0.0 HG3 139 
   1694 27.2 0.0 CD2 150 
   728 23.0 0.0 CG2 71 
   1602 125.0 0.0 N 142 
   348 0.84 0.0 HD12 40 
   842 5.13 0.0 HA 80 
   1850 4.04 0.0 HA 163 
   1034 0.45 0.0 HD13 94 
   1537 4.86 0.0 HA 138 
   154 1.0 0.0 HD13 24 
   1756 6.91 0.0 H 156 
   1618 29.7 0.0 CB 144 
   1176 50.2 0.0 CA 106 
   1648 117.1 0.0 N 146 
   1046 3.51 0.0 HD2 95 
   838 117.3 0.0 CE1 79 
   670 36.3 0.0 CG 65 
   1040 121.6 0.0 N 94 
   1413 4.07 0.0 HA 129 
   250 3.34 0.0 HD2 33 
   1487 113.9 0.0 CZ2 133 
   173 2.92 0.0 HE3 25 
   1135 2.45 0.0 HB3 103 
   266 121.5 0.0 N 34 
   1114 122.2 0.0 N 100 
   884 0.77 0.0 HD23 83 
   897 0.41 0.0 HD12 84 
   650 0.91 0.0 HD11 64 
   513 59.7 0.0 CA 52 
   488 131.7 0.0 CD1 50 
   960 131.7 0.0 CD1 88 
   1118 1.08 0.0 HG21 101 
   559 55.3 0.0 CA 56 
   244 8.58 0.0 H 33 
   139 1.13 0.0 HG21 23 
   204 1.47 0.0 HB3 28 
   399 7.33 0.0 HD1 44 
   290 7.31 0.0 HE3 36 
   292 7.51 0.0 HZ3 36 
   241 55.0 0.0 CA 32 
   949 9.09 0.0 H 88 
   994 2.13 0.0 HG2 91 
   1533 33.3 0.0 CB 137 
   1186 0.93 0.0 HG22 107 
   332 1.78 0.0 HB2 39 
   1371 1.35 0.0 HG 125 
   1354 61.9 0.0 CA 123 
   778 117.0 0.0 N 74 
   37 1.87 0.0 HB3 15 
   666 1.89 0.0 HG2 65 
   90 3.98 0.0 HB2 19 
   1405 7.06 0.0 HD2 128 
   747 6.4 0.0 HD1 73 
   1820 0.66 0.0 HD11 161 
   371 25.0 0.0 CG 41 
   698 3.0 0.0 HE3 68 
   623 57.0 0.0 CA 62 
   18 1.47 0.0 HB1 13 
   502 67.2 0.0 CA 51 
   1750 1.43 0.0 HB1 155 
   1551 1.6 0.0 HB3 139 
   814 7.17 0.0 HZ2 78 
   91 3.98 0.0 HB3 19 
   729 107.9 0.0 N 71 
   1097 1.5 0.0 HG2 99 
   269 1.46 0.0 HB2 35 
   571 7.96 0.0 H 58 
   1434 1.72 0.0 HG3 130 
   937 117.5 0.0 CE2 86 
   516 119.7 0.0 N 52 
   418 59.3 0.0 CA 45 
   1649 8.35 0.0 H 147 
   109 1.61 0.0 HG13 21 
   1970 2.95 0.0 HE2 172 
   1942 1.6 0.0 HD2 170 
   1794 18.6 0.0 CG2 158 
   624 40.9 0.0 CB 62 
   642 26.9 0.0 CG 63 
   1108 1.25 0.0 HG21 100 
   622 5.65 0.0 HZ 62 
   1167 27.6 0.0 CG1 105 
   1425 129.8 0.0 CE1 129 
   869 2.25 0.0 HB2 82 
   1565 4.03 0.0 HA 140 
   1192 119.5 0.0 N 107 
   1119 1.08 0.0 HG22 101 
   170 1.6 0.0 HD2 25 
   845 1.57 0.0 HG13 80 
   338 58.1 0.0 CA 39 
   110 0.18 0.0 HG21 21 
   1915 4.83 0.0 HA 168 
   817 56.7 0.0 CA 78 
   870 2.87 0.0 HB3 82 
   812 10.66 0.0 HE1 78 
   1922 54.4 0.0 CA 168 
   172 2.92 0.0 HE2 25 
   505 21.0 0.0 CG2 51 
   825 131.3 0.0 NE1 78 
   1855 7.42 0.0 HE21 163 
   458 0.92 0.0 HD13 48 
   1242 115.0 0.0 N 112 
   1042 1.84 0.0 HB2 95 
   1610 120.1 0.0 N 143 
   1764 0.93 0.0 HG23 156 
   1949 29.2 0.0 CD 170 
   1398 56.8 0.0 CA 127 
   1268 110.1 0.0 N 114 
   260 2.16 0.0 HB3 34 
   4 54.1 0.0 CA 11 
   1011 131.3 0.0 CD1 92 
   966 8.46 0.0 H 89 
   1868 1.5 0.0 HD2 164 
   748 9.32 0.0 HE1 73 
   1486 120.1 0.0 CE3 133 
   1355 37.5 0.0 CB 123 
   621 5.55 0.0 HE2 62 
   1968 1.65 0.0 HD2 172 
   1825 0.73 0.0 HD23 161 
   1173 1.34 0.0 HB1 106 
   215 1.42 0.0 HB3 30 
   253 28.7 0.0 CB 33 
   1569 6.2 0.0 HD2 140 
   354 41.3 0.0 CB 40 
   862 7.19 0.0 HD2 81 
   1130 49.7 0.0 CA 102 
   1702 1.82 0.0 HB2 152 
   1343 7.91 0.0 H 123 
   1085 6.93 0.0 HE1 98 
   1010 40.4 0.0 CB 92 
   508 3.88 0.0 HA 52 
   561 118.9 0.0 N 56 
   358 120.3 0.0 N 40 
   1005 6.51 0.0 HD2 92 
   820 119.9 0.0 CE3 78 
   389 2.14 0.0 HG2 43 
   1833 3.68 0.0 HA 162 
   1994 112.7 0.0 ND2 174 
   305 2.2 0.0 HB 37 
   1917 2.09 0.0 HB3 168 
   740 27.4 0.0 CG 72 
   107 1.29 0.0 HB 21 
   1273 1.43 0.0 HB3 115 
   714 115.4 0.0 N 69 
   1282 29.0 0.0 CB 116 
   1024 8.43 0.0 H 94 
   194 6.5 0.0 HD21 27 
   427 5.22 0.0 HG 46 
   1133 4.23 0.0 HA 103 
   534 36.9 0.0 CB 54 
   34 8.07 0.0 H 15 
   909 4.75 0.0 HA 85 
   1227 26.9 0.0 CG 110 
   1622 8.62 0.0 H 145 
   970 54.7 0.0 CA 89 
   544 1.6 0.0 HD3 55 
   1037 26.8 0.0 CG1 94 
   74 8.12 0.0 H 18 
   1941 1.38 0.0 HG3 170 
   1191 22.2 0.0 CG2 107 
   550 29.7 0.0 CD 55 
   186 65.4 0.0 CA 26 
   772 40.5 0.0 CB 74 
   853 38.1 0.0 CB 80 
   785 5.61 0.0 HA 76 
   1447 2.29 0.0 HB3 131 
   514 29.2 0.0 CB 52 
   1774 0.82 0.0 HG2 157 
   868 4.02 0.0 HA 82 
   217 1.44 0.0 HG3 30 
   1014 129.9 0.0 CE2 92 
   2007 112.3 0.0 NE2 175 
   404 37.9 0.0 CB 44 
   1999 2.31 0.0 HG2 175 
   221 31.7 0.0 CB 30 
   1703 2.44 0.0 HB3 152 
   432 4.23 0.0 HA 47 
   1582 5.14 0.0 HA2 141 
   986 25.7 0.0 CG1 90 
   1348 -0.36 0.0 HG21 123 
   68 1.1 0.0 HG23 17 
   1076 67.7 0.0 CB 97 
   652 0.91 0.0 HD13 64 
   1709 32.1 0.0 CB 152 
   1608 55.6 0.0 CA 143 
   1701 4.25 0.0 HA 152 
   1137 1.47 0.0 HG3 103 
   1804 66.3 0.0 CA 159 
   1144 8.6 0.0 H 104 
   2 2.76 0.0 HB2 11 
   1899 1.86 0.0 HB 167 
   226 1.82 0.0 HB2 31 
   26 4.2 0.0 HB 14 
   474 29.4 0.0 CB 49 
   776 130.0 0.0 CE2 74 
   1854 2.49 0.0 HG3 163 
   449 3.79 0.0 HA 48 
   861 3.25 0.0 HB3 81 
   1157 0.33 0.0 HG12 105 
   43 30.1 0.0 CB 15 
   297 122.1 0.0 CE3 36 
   1016 112.7 0.0 N 92 
   258 4.24 0.0 HA 34 
   1633 58.4 0.0 CA 145 
   119 17.2 0.0 CG2 21 
   1094 3.55 0.0 HA 99 
   1140 61.6 0.0 CA 103 
   120 13.1 0.0 CD1 21 
   230 3.17 0.0 HD2 31 
   783 107.1 0.0 N 75 
   281 22.8 0.0 CD1 35 
   1615 5.82 0.0 HD2 144 
   1001 4.95 0.0 HA 92 
   914 1.27 0.0 HD2 85 
   926 2.88 0.0 HB2 86 
   261 2.42 0.0 HG2 34 
   300 122.2 0.0 CH2 36 
   997 33.5 0.0 CB 91 
   135 2.37 0.0 HB 23 
   1943 1.6 0.0 HD3 170 
   987 19.5 0.0 CG2 90 
   786 1.44 0.0 HB2 76 
   1574 36.4 0.0 CB 140 
   777 129.4 0.0 CZ 74 
   1256 29.1 0.0 CD 113 
   1410 136.2 0.0 CE1 128 
   1809 4.33 0.0 HA 160 
   1875 29.2 0.0 CD 164 
   1956 2.2 0.0 HG2 171 
   640 54.8 0.0 CA 63 
   1056 1.48 0.0 HG13 96 
   990 8.61 0.0 H 91 
   1416 7.05 0.0 HD1 129 
   1349 -0.36 0.0 HG22 123 
   858 9.14 0.0 H 81 
   1449 2.12 0.0 HG3 131 
   852 59.6 0.0 CA 80 
   403 62.3 0.0 CA 44 
   712 29.6 0.0 CB 69 
   826 9.23 0.0 H 79 
   979 1.02 0.0 HG22 90 
   1827 41.4 0.0 CB 161 
   1812 57.2 0.0 CA 160 
   1521 116.3 0.0 N 136 
   1386 4.54 0.0 HB 126 
   228 1.58 0.0 HG2 31 
   382 29.2 0.0 CB 42 
   321 2.45 0.0 HG2 38 
   1451 3.77 0.0 HD3 131 
   114 -0.19 0.0 HD12 21 
   483 7.26 0.0 HD2 50 
   744 4.72 0.0 HA 73 
   238 4.9 0.0 HA 32 
   1958 55.9 0.0 CA 171 
   208 8.82 0.0 H 29 
   271 1.77 0.0 HG 35 
   603 6.87 0.0 HZ3 61 
   848 0.64 0.0 HG23 80 
   1771 3.85 0.0 HA 157 
   1712 7.2 0.0 H 153 
   1250 1.6 0.0 HD3 113 
   751 6.65 0.0 HZ3 73 
   1919 2.35 0.0 HG3 168 
   352 0.86 0.0 HD23 40 
   1823 0.73 0.0 HD21 161 
   1856 6.84 0.0 HE22 163 
   1695 125.1 0.0 N 150 
   63 1.01 0.0 HG11 17 
   466 4.23 0.0 HA 49 
   1337 55.1 0.0 CA 122 
   1584 44.0 0.0 CA 141 
   1215 4.34 0.0 HA 110 
   535 122.2 0.0 N 54 
   130 31.8 0.0 CB 22 
   1390 62.4 0.0 CA 126 
   784 8.54 0.0 H 76 
   1510 27.0 0.0 CG 135 
   757 113.1 0.0 CZ2 73 
   1707 3.6 0.0 HD3 152 
   1933 30.1 0.0 CB 169 
   1918 2.32 0.0 HG2 168 
   1404 3.23 0.0 HB3 128 
   1954 1.93 0.0 HB2 171 
   1238 8.62 0.0 H 112 
   890 108.0 0.0 N 83 
   1380 26.3 0.0 CG 125 
   1500 7.5 0.0 H 135 
   1208 2.43 0.0 HG2 109 
   1600 23.0 0.0 CD1 142 
   1542 3.23 0.0 HD2 138 
   1462 0.93 0.0 HD12 132 
   448 8.86 0.0 H 48 
   1301 132.5 0.0 CD2 118 
   1688 1.16 0.0 HD22 150 
   1671 26.1 0.0 CD1 148 
   177 29.2 0.0 CD 25 
   945 54.3 0.0 CA 87 
   1830 22.9 0.0 CD2 161 
   1977 122.0 0.0 N 172 
   1376 0.33 0.0 HD22 125 
   464 118.5 0.0 N 48 
   1228 25.1 0.0 CD1 110 
   929 7.33 0.0 HD2 86 
   1412 7.96 0.0 H 129 
   1770 7.92 0.0 H 157 
   1498 18.5 0.0 CB 134 
   249 1.85 0.0 HG3 33 
   19 1.47 0.0 HB2 13 
   1693 23.0 0.0 CD1 150 
   447 120.8 0.0 N 47 
   1761 0.75 0.0 HG13 156 
   1973 32.8 0.0 CB 172 
   363 1.45 0.0 HG2 41 
   1587 3.92 0.0 HA 142 
   1838 0.81 0.0 HG22 162 
   306 0.99 0.0 HG11 37 
   684 6.71 0.0 HD22 67 
   391 58.5 0.0 CA 43 
   322 2.45 0.0 HG3 38 
   252 58.8 0.0 CA 33 
   1706 3.08 0.0 HD2 152 
   1824 0.73 0.0 HD22 161 
   3 2.76 0.0 HB3 11 
   553 8.2 0.0 H 56 
   546 2.84 0.0 HE3 55 
   1126 3.87 0.0 HA 102 
   1564 6.28 0.0 H 140 
   1757 3.87 0.0 HA 156 
   616 2.1 0.0 HB2 62 
   1619 115.6 0.0 CD2 144 
   1131 15.4 0.0 CB 102 
   952 3.07 0.0 HB3 88 
   1581 9.74 0.0 H 141 
   1517 6.92 0.0 HD21 136 
   1561 29.3 0.0 CD 139 
   251 3.34 0.0 HD3 33 
   716 4.53 0.0 HA2 70 
   850 0.82 0.0 HD12 80 
   195 7.45 0.0 HD22 27 
   1518 7.29 0.0 HD22 136 
   1782 1.56 0.0 HB 158 
   1604 3.75 0.0 HA 143 
   856 12.7 0.0 CD1 80 
   1055 1.32 0.0 HG12 96 
   876 1.57 0.0 HB2 83 
   854 27.8 0.0 CG1 80 
   1066 18.1 0.0 CG2 96 
   500 0.8 0.0 HG22 51 
   1986 4.67 0.0 HA 174 
   954 7.16 0.0 HD2 88 
   1429 8.59 0.0 H 130 
   159 41.3 0.0 CB 24 
   1663 0.8 0.0 HD12 148 
   836 131.9 0.0 CD1 79 
   1639 7.93 0.0 H 146 
   1872 56.9 0.0 CA 164 
   1442 29.4 0.0 CD 130 
   1422 39.5 0.0 CB 129 
   910 1.51 0.0 HB2 85 
   1554 1.56 0.0 HD2 139 
   938 129.3 0.0 N 86 
   1059 0.98 0.0 HG23 96 
   1375 0.33 0.0 HD21 125 
   1948 24.8 0.0 CG 170 
   576 39.1 0.0 CB 58 
   1393 111.5 0.0 N 126 
   1394 8.77 0.0 H 127 
   875 3.58 0.0 HA 83 
   1959 31.0 0.0 CB 171 
   303 7.5 0.0 H 37 
   334 1.47 0.0 HG2 39 
   788 1.43 0.0 HG2 76 
   1206 2.17 0.0 HB2 109 
   1647 32.2 0.0 CG 146 
   668 54.6 0.0 CA 65 
   1148 2.07 0.0 HG2 104 
   762 8.53 0.0 H 74 
   1115 7.25 0.0 H 101 
   819 125.9 0.0 CD1 78 
   695 1.69 0.0 HD2 68 
   1670 27.0 0.0 CG 148 
   1231 7.36 0.0 H 111 
   702 28.9 0.0 CD 68 
   1645 57.0 0.0 CA 146 
   8 2.03 0.0 HB2 12 
   1940 1.38 0.0 HG2 170 
   134 4.44 0.0 HA 23 
   969 2.91 0.0 HB3 89 
   1435 1.73 0.0 HD2 130 
   821 114.1 0.0 CZ2 78 
   1113 21.6 0.0 CG2 100 
   1965 1.85 0.0 HB3 172 
   881 0.82 0.0 HD13 83 
   1495 1.5 0.0 HB2 134 
   692 1.89 0.0 HB3 68 
   1363 2.78 0.0 HB3 124 
   1685 0.87 0.0 HD12 150 
   436 0.93 0.0 HD11 47 
   1043 2.39 0.0 HB3 95 
   779 8.54 0.0 H 75 
   892 4.47 0.0 HA 84 
   593 40.5 0.0 CB 60 
   1998 2.08 0.0 HB3 175 
   323 6.95 0.0 HE21 38 
   1697 3.12 0.0 HA2 151 
   1726 113.9 0.0 CZ2 153 
   477 119.0 0.0 N 49 
   1788 0.18 0.0 HD11 158 
   958 56.0 0.0 CA 88 
   643 42.6 0.0 CD 63 
   1583 4.14 0.0 HA3 141 
   898 0.41 0.0 HD13 84 
   835 44.0 0.0 CB 79 
   57 27.3 0.0 CG 16 
   1346 0.57 0.0 HG12 123 
   93 63.2 0.0 CB 19 
   1947 33.5 0.0 CB 170 
   1528 0.66 0.0 HG13 137 
   1849 8.1 0.0 H 163 
   56 30.2 0.0 CB 16 
   1336 2.91 0.0 HE3 122 
   1689 1.16 0.0 HD23 150 
   152 1.0 0.0 HD11 24 
   1778 34.2 0.0 CG 157 
   1438 2.99 0.0 HE3 130 
   1841 0.01 0.0 HD12 162 
   1870 2.92 0.0 HE2 164 
   554 4.54 0.0 HA 56 
   1520 40.4 0.0 CB 136 
   124 2.46 0.0 HB3 22 
   1732 3.58 0.0 HA 154 
   935 132.9 0.0 CD2 86 
   202 1.47 0.0 HB1 28 
   625 132.0 0.0 CD1 62 
   530 3.06 0.0 HB3 54 
   1038 16.8 0.0 CG2 94 
   634 1.82 0.0 HB3 63 
   1983 27.8 0.0 CB 173 
   1839 0.81 0.0 HG23 162 
   1847 14.9 0.0 CD1 162 
   1177 21.6 0.0 CB 106 
   1972 56.3 0.0 CA 172 
   661 123.1 0.0 N 64 
   1188 58.3 0.0 CA 107 
   192 2.32 0.0 HB2 27 
   1557 2.91 0.0 HE3 139 
   681 3.07 0.0 HB2 67 
   506 118.9 0.0 N 51 
   558 7.75 0.0 HD22 56 
   1338 32.9 0.0 CB 122 
   146 116.5 0.0 N 23 
   917 2.37 0.0 HE3 85 
   344 0.97 0.0 HB2 40 
   570 121.1 0.0 N 57 
   467 1.95 0.0 HB2 49 
   523 55.6 0.0 CA 53 
   496 0.78 0.0 HG11 51 
   1787 0.42 0.0 HG23 158 
   272 0.91 0.0 HD11 35 
   832 6.69 0.0 HE1 79 
   1087 58.3 0.0 CA 98 
   679 8.15 0.0 H 67 
   1772 0.27 0.0 HB2 157 
   48 4.19 0.0 HA 16 
   1417 7.05 0.0 HD2 129 
   575 55.3 0.0 CA 58 
   1974 24.7 0.0 CG 172 
   236 116.8 0.0 N 31 
   1212 36.8 0.0 CG 109 
   1975 29.1 0.0 CD 172 
   1967 1.43 0.0 HG3 172 
   2002 6.84 0.0 HE22 175 
   102 30.1 0.0 CB 20 
   1443 41.8 0.0 CE 130 
   808 6.21 0.0 HA 78 
   741 43.1 0.0 CD 72 
   1762 0.93 0.0 HG21 156 
   1768 21.8 0.0 CG2 156 
   683 7.79 0.0 HD21 67 
   359 7.57 0.0 H 41 
   1007 6.63 0.0 HE2 92 
   1601 22.0 0.0 CD2 142 
   1497 54.7 0.0 CA 134 
   1790 0.18 0.0 HD13 158 
   1158 1.15 0.0 HG13 105 
   53 3.21 0.0 HD2 16 
   164 8.31 0.0 H 25 
   1030 0.7 0.0 HG22 94 
   1395 4.38 0.0 HA 127 
   1195 2.4 0.0 HB3 108 
   1545 32.6 0.0 CB 138 
   257 9.25 0.0 H 34 
   940 5.28 0.0 HA 87 
   138 0.96 0.0 HG13 23 
   1665 0.92 0.0 HD21 148 
   1523 6.64 0.0 H 137 
   1781 3.54 0.0 HA 158 
   314 21.0 0.0 CG1 37 
   1826 57.4 0.0 CA 161 
   390 2.75 0.0 HG3 43 
   673 4.75 0.0 HA 66 
   1692 27.0 0.0 CG 150 
   392 28.4 0.0 CB 43 
   1525 1.75 0.0 HB 137 
   564 4.51 0.0 HA 57 
   805 32.7 0.0 CB 77 
   188 22.0 0.0 CG2 26 
   101 56.0 0.0 CA 20 
   1082 3.27 0.0 HB3 98 
   83 64.2 0.0 CA 18 
   1780 7.94 0.0 H 158 
   1112 67.9 0.0 CB 100 
   198 128.7 0.0 N 27 
   118 27.5 0.0 CG1 21 
   413 2.34 0.0 HB3 45 
   245 3.99 0.0 HA 33 
   1502 1.71 0.0 HB2 135 
   1656 120.5 0.0 N 147 
   1797 3.52 0.0 HA 159 
   1026 2.04 0.0 HB 94 
   1568 6.2 0.0 HD1 140 
   151 1.7 0.0 HG 24 
   879 0.82 0.0 HD11 83 
   1654 55.8 0.0 CA 147 
   1431 1.96 0.0 HB2 130 
   1057 0.98 0.0 HG21 96 
   1751 1.43 0.0 HB2 155 
   1840 0.01 0.0 HD11 162 
   1281 56.2 0.0 CA 116 
   1298 53.1 0.0 CA 118 
   1662 0.8 0.0 HD11 148 
   1021 52.0 0.0 CA 93 
   1976 41.8 0.0 CE 172 
   1319 3.69 0.0 HA3 120 
   1293 3.08 0.0 HB3 118 
   811 7.03 0.0 HD1 78 
   1906 0.85 0.0 HD12 167 
   774 131.7 0.0 CD2 74 
   1284 2.3 0.0 HG2 117 
   1752 1.43 0.0 HB3 155 
   1513 7.18 0.0 H 136 
   1475 2.49 0.0 HB2 133 
   605 56.9 0.0 CA 61 
   1103 25.1 0.0 CG 99 
   368 2.96 0.0 HE3 41 
   1871 2.92 0.0 HE3 164 
   1280 2.0 0.0 HB3 116 
   420 34.2 0.0 CG 45 
   696 1.69 0.0 HD3 68 
   527 8.75 0.0 H 54 
   609 113.7 0.0 CZ2 61 
   1169 14.7 0.0 CD1 105 
   408 117.8 0.0 CE2 44 
   1203 49.8 0.0 CD 108 
   789 1.57 0.0 HG3 76 
   1285 2.4 0.0 HG3 117 
   1616 7.71 0.0 HE1 144 
   671 122.0 0.0 N 65 
   617 2.5 0.0 HB3 62 
   709 2.34 0.0 HG2 69 
   794 53.9 0.0 CA 76 
   867 9.03 0.0 H 82 
   1213 116.4 0.0 N 109 
   407 117.8 0.0 CE1 44 
   405 131.7 0.0 CD1 44 
   89 4.33 0.0 HA 19 
   611 123.3 0.0 CH2 61 
   855 17.1 0.0 CG2 80 
   903 43.1 0.0 CB 84 
   912 1.18 0.0 HG2 85 
   183 1.25 0.0 HG21 26 
   1125 7.94 0.0 H 102 
   1187 0.93 0.0 HG23 107 
   793 2.95 0.0 HE3 76 
   1733 1.24 0.0 HB2 154 
   831 6.96 0.0 HD2 79 
   1538 1.22 0.0 HB2 138 
   1527 0.66 0.0 HG12 137 
   996 55.2 0.0 CA 91 
   901 0.64 0.0 HD23 84 
   365 1.74 0.0 HD2 41 
   1817 1.16 0.0 HB2 161 
   1730 127.7 0.0 NE1 153 
   657 48.2 0.0 CB 64 
   463 13.2 0.0 CD1 48 
   1222 0.68 0.0 HD21 110 
   932 57.5 0.0 CA 86 
   1485 126.6 0.0 CD1 133 
   78 0.94 0.0 HG12 18 
   319 2.23 0.0 HB2 38 
   1127 0.01 0.0 HB1 102 
   426 3.98 0.0 HB3 46 
   168 1.29 0.0 HG2 25 
   1299 39.5 0.0 CB 118 
   1606 1.04 0.0 HB2 143 
   1379 41.7 0.0 CB 125 
   1476 3.07 0.0 HB3 133 
   1313 30.5 0.0 CB 119 
   1539 1.47 0.0 HB3 138 
   1333 1.6 0.0 HD2 122 
   1882 108.0 0.0 N 165 
   656 54.3 0.0 CA 64 
   637 3.25 0.0 HD2 63 
   1563 122.6 0.0 N 139 
   285 4.72 0.0 HA 36 
   1848 120.1 0.0 N 162 
   585 39.9 0.0 CB 59 
   1718 7.08 0.0 HE3 153 
   256 121.0 0.0 N 33 
   873 131.6 0.0 N 82 
   1224 0.68 0.0 HD23 110 
   451 1.26 0.0 HG12 48 
   882 0.77 0.0 HD21 83 
   1624 1.42 0.0 HB2 145 
   1759 0.75 0.0 HG11 156 
   1322 8.15 0.0 H 121 
   309 1.13 0.0 HG21 37 
   430 114.9 0.0 N 46 
   273 0.91 0.0 HD12 35 
   1571 6.77 0.0 HE2 140 
   461 29.8 0.0 CG1 48 
   967 5.42 0.0 HA 89 
   320 2.23 0.0 HB3 38 
   1297 6.74 0.0 HE2 118 
   1501 4.14 0.0 HA 135 
   1084 7.38 0.0 HD2 98 
   1898 4.64 0.0 HA 167 
   316 116.1 0.0 N 37 
   342 8.86 0.0 H 40 
   27 1.24 0.0 HG21 14 
   1267 20.7 0.0 CG2 114 
   1221 0.5 0.0 HD13 110 
   234 27.1 0.0 CG 31 
   1329 1.25 0.0 HB2 122 
   895 1.54 0.0 HG 84 
   1072 1.17 0.0 HG21 97 
   431 8.42 0.0 H 47 
   1861 111.2 0.0 NE2 163 
   1089 132.8 0.0 CD1 98 
   357 24.3 0.0 CD2 40 
   601 7.9 0.0 HE3 61 
   1931 7.31 0.0 HD2 169 
   370 32.0 0.0 CB 41 
   1455 50.3 0.0 CD 131 
   279 42.7 0.0 CB 35 
   268 4.34 0.0 HA 35 
   1675 4.05 0.0 HA2 149 
   1264 1.17 0.0 HG23 114 
   1397 2.68 0.0 HB3 127 
   1381 25.2 0.0 CD1 125 
   924 9.53 0.0 H 86 
   1269 8.73 0.0 H 115 
   454 0.97 0.0 HG22 48 
   88 8.07 0.0 H 19 
   1361 4.44 0.0 HA 124 
   497 0.78 0.0 HG12 51 
   1472 119.9 0.0 N 132 
   1027 1.78 0.0 HG12 94 
   694 1.46 0.0 HG3 68 
   798 42.2 0.0 CE 76 
   1731 8.68 0.0 H 154 
   1145 4.26 0.0 HA 104 
   1460 1.53 0.0 HG 132 
   1189 31.4 0.0 CB 107 
   498 0.78 0.0 HG13 51 
   1465 1.04 0.0 HD22 132 
   2000 2.31 0.0 HG3 175 
   1955 2.09 0.0 HB3 171 
   381 59.1 0.0 CA 42 
   222 27.2 0.0 CG 30 
   1540 1.25 0.0 HG2 138 
   773 131.7 0.0 CD1 74 
   1570 6.77 0.0 HE1 140 
   61 3.95 0.0 HA 17 
   1190 20.0 0.0 CG1 107 
   956 7.18 0.0 HE2 88 
   1682 2.33 0.0 HB3 150 
   176 24.6 0.0 CG 25 
   1351 -0.19 0.0 HD11 123 
   1859 33.7 0.0 CG 163 
   883 0.77 0.0 HD22 83 
   639 7.37 0.0 HE 63 
   1496 1.5 0.0 HB3 134 
   948 122.6 0.0 N 87 
   7 4.11 0.0 HA 12 
   1660 2.08 0.0 HB3 148 
   844 0.96 0.0 HG12 80 
   1969 1.65 0.0 HD3 172 
   72 21.8 0.0 CG2 17 
   1081 2.76 0.0 HB2 98 
   1593 -0.51 0.0 HD13 142 
   1659 1.74 0.0 HB2 148 
   1098 1.77 0.0 HG3 99 
   1207 2.39 0.0 HB3 109 
   330 8.2 0.0 H 39 
   1257 42.5 0.0 CE 113 
   121 122.5 0.0 N 21 
   1963 4.4 0.0 HA 172 
   1342 118.4 0.0 N 122 
   239 3.17 0.0 HB2 32 
   1302 117.4 0.0 CE1 118 
   510 2.21 0.0 HB3 52 
   1086 7.33 0.0 HE2 98 
   738 56.1 0.0 CA 72 
   685 51.6 0.0 CA 67 
   1427 129.2 0.0 CZ 129 
   1621 115.4 0.0 N 144 
   1727 119.6 0.0 CZ3 153 
   1603 9.24 0.0 H 143 
   1253 56.4 0.0 CA 113 
   719 107.1 0.0 N 70 
   1594 0.37 0.0 HD21 142 
   1151 30.1 0.0 CB 104 
   595 7.49 0.0 H 61 
   991 5.29 0.0 HA 91 
   296 127.0 0.0 CD1 36 
   1903 0.95 0.0 HG22 167 
   1811 2.55 0.0 HB3 160 
   1681 1.36 0.0 HB2 150 
   749 7.03 0.0 HE3 73 
   1031 0.7 0.0 HG23 94 
   471 3.37 0.0 HD2 49 
   1241 45.8 0.0 CA 112 
   560 38.1 0.0 CB 56 
   150 1.88 0.0 HB3 24 
   438 0.93 0.0 HD13 47 
   1067 13.2 0.0 CD1 96 
   1469 27.0 0.0 CG 132 
   62 2.21 0.0 HB 17 
   1219 0.5 0.0 HD11 110 
   248 1.72 0.0 HG2 33 
   857 128.9 0.0 N 80 
   1321 113.5 0.0 N 120 
   1747 118.8 0.0 N 154 
   178 41.8 0.0 CE 25 
   209 3.95 0.0 HA2 29 
   1184 0.58 0.0 HG13 107 
   1962 8.44 0.0 H 172 
   1324 3.93 0.0 HA3 121 
   1978 8.4 0.0 H 173 
   1328 4.58 0.0 HA 122 
   1217 1.6 0.0 HB3 110 
   203 1.47 0.0 HB2 28 
   366 1.74 0.0 HD3 41 
   132 50.7 0.0 CD 22 
   324 8.08 0.0 HE22 38 
   1813 41.7 0.0 CB 160 
   242 40.8 0.0 CB 32 
   259 2.16 0.0 HB2 34 
   843 1.63 0.0 HB 80 
   737 3.19 0.0 HD3 72 
   630 115.3 0.0 N 62 
   1090 133.8 0.0 CD2 98 
   214 1.05 0.0 HB2 30 
   1318 4.1 0.0 HA2 120 
   988 14.6 0.0 CD1 90 
   528 4.38 0.0 HA 54 
   1174 1.34 0.0 HB2 106 
   1420 6.93 0.0 HZ 129 
   551 41.8 0.0 CE 55 
   1691 42.2 0.0 CB 150 
   1430 3.99 0.0 HA 130 
   439 0.98 0.0 HD21 47 
   943 2.0 0.0 HG2 87 
   1651 1.22 0.0 HB1 147 
   807 9.24 0.0 H 78 
   475 26.1 0.0 CG 49 
   111 0.18 0.0 HG22 21 
   94 116.9 0.0 N 19 
   520 3.26 0.0 HB3 53 
   398 3.25 0.0 HB3 44 
   1690 57.9 0.0 CA 150 
   1876 41.8 0.0 CE 164 
   1047 3.51 0.0 HD3 95 
   1981 2.88 0.0 HB3 173 
   1950 41.8 0.0 CE 170 
   1147 1.85 0.0 HB3 104 
   376 4.12 0.0 HA 42 
   1897 6.85 0.0 H 167 
   726 61.7 0.0 CA 71 
   1997 1.94 0.0 HB2 175 
   231 3.17 0.0 HD3 31 
   711 58.0 0.0 CA 69 
   45 43.1 0.0 CD 15 
   444 27.4 0.0 CG 47 
   476 42.2 0.0 CD 49 
   768 7.0 0.0 HE1 74 
   1134 0.87 0.0 HB2 103 
   753 55.4 0.0 CA 73 
   942 1.9 0.0 HB3 87 
   312 66.4 0.0 CA 37 
   1170 124.1 0.0 N 105 
   40 3.21 0.0 HD2 15 
   1921 7.47 0.0 HE22 168 
   125 2.1 0.0 HG2 22 
   1987 2.77 0.0 HB2 174 
   632 4.37 0.0 HA 63 
   1009 57.4 0.0 CA 92 
   1305 4.25 0.0 HA 119 
   1120 1.08 0.0 HG23 101 
   1763 0.93 0.0 HG22 156 
   1895 21.8 0.0 CG2 166 
   1453 30.7 0.0 CB 131 
   216 1.05 0.0 HG2 30 
   1039 8.7 0.0 CD1 94 
   482 7.26 0.0 HD1 50 
   494 3.25 0.0 HA 51 
   1589 1.6 0.0 HB3 142 
   1708 64.6 0.0 CA 152 
   1743 42.6 0.0 CB 154 
   540 1.91 0.0 HB3 55 
   1721 6.62 0.0 HH2 153 
   147 9.12 0.0 H 24 
   126 2.1 0.0 HG3 22 
   906 24.8 0.0 CD2 84 
   1536 122.5 0.0 N 137 
   1142 27.9 0.0 CG 103 
   703 41.8 0.0 CE 68 
   1946 56.7 0.0 CA 170 
   512 2.42 0.0 HG3 52 
   267 8.01 0.0 H 35 
   1808 6.55 0.0 H 160 
   573 2.55 0.0 HB2 58 
   1017 8.57 0.0 H 93 
   486 58.8 0.0 CA 50 
   1383 126.2 0.0 N 125 
   115 -0.19 0.0 HD13 21 
   1008 6.45 0.0 HZ 92 
   446 23.9 0.0 CD2 47 
   1403 3.23 0.0 HB2 128 
   543 1.6 0.0 HD2 55 
   336 2.71 0.0 HD2 39 
   896 0.41 0.0 HD11 84 
   677 66.8 0.0 CB 66 
   1092 116.0 0.0 CE2 98 
   1388 1.41 0.0 HG22 126 
   380 2.69 0.0 HG3 42 
   270 1.81 0.0 HB3 35 
   1461 0.93 0.0 HD11 132 
   1773 0.96 0.0 HB3 157 
   82 1.01 0.0 HG23 18 
   1612 3.57 0.0 HA 144 
   315 22.1 0.0 CG2 37 
   975 1.75 0.0 HB 90 
   1480 7.26 0.0 HZ2 133 
   98 2.19 0.0 HB3 20 
   1193 4.13 0.0 HA 108 
   1350 -0.36 0.0 HG23 123 
   647 1.83 0.0 HB2 64 
   1314 27.1 0.0 CG 119 
   1863 4.19 0.0 HA 164 
   1775 1.28 0.0 HG3 157 
   760 125.1 0.0 N 73 
   1926 112.3 0.0 NE2 168 
   766 6.87 0.0 HD1 74 
   518 4.48 0.0 HA 53 
   387 2.22 0.0 HB2 43 
   1160 0.67 0.0 HG22 105 
   537 8.89 0.0 H 55 
   339 29.8 0.0 CB 39 
   690 3.96 0.0 HA 68 
   1628 -0.05 0.0 HD12 145 
   1679 7.83 0.0 H 150 
   629 131.9 0.0 CZ 62 
   1835 0.32 0.0 HG12 162 
   1432 2.04 0.0 HB3 130 
   1132 126.2 0.0 N 102 
   421 117.4 0.0 N 45 
   1211 30.2 0.0 CB 109 
   780 4.93 0.0 HA2 75 
   1044 1.84 0.0 HG2 95 
   1201 32.3 0.0 CB 108 
   182 3.96 0.0 HB 26 
   1837 0.81 0.0 HG21 162 
   591 2.96 0.0 HB3 60 
   693 1.46 0.0 HG2 68 
   1873 34.1 0.0 CB 164 
   67 1.1 0.0 HG22 17 
   1246 1.82 0.0 HB3 113 
   25 4.07 0.0 HA 14 
   538 3.93 0.0 HA 55 
   491 118.8 0.0 CE2 50 
   28 1.24 0.0 HG22 14 
   1929 2.59 0.0 HB2 169 
   1532 60.5 0.0 CA 137 
   1477 6.93 0.0 HD1 133 
   1625 2.33 0.0 HB3 145 
   539 1.91 0.0 HB2 55 
   730 7.61 0.0 H 72 
   710 2.54 0.0 HG3 69 
   264 28.8 0.0 CB 34 
   635 1.6 0.0 HG2 63 
   592 54.1 0.0 CA 60 
   456 0.92 0.0 HD11 48 
   1883 7.79 0.0 H 166 
   225 4.34 0.0 HA 31 
   473 57.4 0.0 CA 49 
   976 0.84 0.0 HG12 90 
   1623 4.15 0.0 HA 145 
   1 4.65 0.0 HA 11 
   1896 115.2 0.0 N 166 
   340 26.9 0.0 CG 39 
   1199 3.77 0.0 HD3 108 
   1129 0.01 0.0 HB3 102 
   628 133.7 0.0 CE2 62 
   1754 18.2 0.0 CB 155 
   968 2.72 0.0 HB2 89 
   1932 57.3 0.0 CA 169 
   1019 2.51 0.0 HB2 93 
   1441 26.5 0.0 CG 130 
   1194 2.03 0.0 HB2 108 
   1209 2.43 0.0 HG3 109 
   412 2.23 0.0 HB2 45 
   533 55.3 0.0 CA 54 
   2006 120.6 0.0 N 175 
   13 29.4 0.0 CB 12 
   419 28.3 0.0 CB 45 
   1063 64.5 0.0 CA 96 
   1864 1.76 0.0 HB2 164 
   649 1.83 0.0 HG 64 
   1172 5.09 0.0 HA 106 
   1124 114.3 0.0 N 101 
   1722 62.3 0.0 CA 153 
   1400 122.0 0.0 N 127 
   1330 1.47 0.0 HB3 122 
   65 1.01 0.0 HG13 17 
   1053 3.78 0.0 HA 96 
   1444 118.4 0.0 N 130 
   818 32.6 0.0 CB 78 
   1426 129.8 0.0 CE2 129 
   887 26.8 0.0 CG 83 
   813 7.27 0.0 HE3 78 
   584 51.8 0.0 CA 59 
   278 56.6 0.0 CA 35 
   877 2.1 0.0 HB3 83 
   1101 62.8 0.0 CA 99 
   142 61.6 0.0 CA 23 
   756 119.8 0.0 CE3 73 
   1720 6.36 0.0 HZ3 153 
   1289 36.0 0.0 CG 117 
   651 0.91 0.0 HD12 64 
   1491 130.6 0.0 NE1 133 
   1122 69.9 0.0 CB 101 
   1613 2.35 0.0 HB2 144 
   974 5.66 0.0 HA 90 
   899 0.64 0.0 HD21 84 
   1597 57.5 0.0 CA 142 
   653 0.91 0.0 HD21 64 
   962 129.6 0.0 CE1 88 
   422 111.4 0.0 NE2 45 
   931 6.77 0.0 HE2 86 
   1558 57.9 0.0 CA 139 
   1549 4.17 0.0 HA 139 
   1664 0.8 0.0 HD13 148 
   1210 58.3 0.0 CA 109 
   1458 1.61 0.0 HB2 132 
   742 123.7 0.0 N 72 
   619 5.47 0.0 HD2 62 
   581 2.76 0.0 HB3 59 
   1676 3.16 0.0 HA3 149 
   1766 33.1 0.0 CB 156 
   1979 4.42 0.0 HA 173 
   1439 62.3 0.0 CA 130 
   36 1.87 0.0 HB2 15 
   1620 136.3 0.0 CE1 144 
   1077 22.0 0.0 CG2 97 
   662 8.9 0.0 H 65 
   720 8.33 0.0 H 71 
   1061 0.87 0.0 HD12 96 
   721 4.41 0.0 HA 71 
   374 118.4 0.0 N 41 
   1831 118.0 0.0 N 161 
   1155 3.79 0.0 HA 105 
   1504 1.59 0.0 HG2 135 
   1893 32.2 0.0 CB 166 
   894 1.93 0.0 HB3 84 
   129 63.3 0.0 CA 22 
   1866 1.45 0.0 HG2 164 
   112 0.18 0.0 HG23 21 
   465 7.64 0.0 H 49 
   158 56.0 0.0 CA 24 
   604 7.04 0.0 HH2 61 
   1592 -0.51 0.0 HD12 142 
   1150 54.1 0.0 CA 104 
   1070 4.43 0.0 HA 97 
   1503 1.86 0.0 HB3 135 
   839 117.3 0.0 CE2 79 
   1828 26.2 0.0 CG 161 
   1294 7.0 0.0 HD1 118 
   1161 0.67 0.0 HG23 105 
   1415 3.22 0.0 HB3 129 
   800 9.17 0.0 H 77 
   998 35.4 0.0 CG 91 
   675 2.44 0.0 HB3 66 
   52 1.6 0.0 HG3 16 
   1531 1.08 0.0 HG23 137 
   1611 7.37 0.0 H 144 
   1377 0.33 0.0 HD23 125 
   982 0.71 0.0 HD12 90 
   1292 2.84 0.0 HB2 118 
   229 1.65 0.0 HG3 31 
   73 119.6 0.0 N 17 
   610 120.2 0.0 CZ3 61 
   1816 3.88 0.0 HA 161 
   33 113.2 0.0 N 14 
   1433 1.42 0.0 HG2 130 
   1920 6.76 0.0 HE21 168 
   346 0.96 0.0 HG 40 
   1271 1.43 0.0 HB1 115 
   435 1.91 0.0 HG 47 
   1698 3.72 0.0 HA3 151 
   1792 30.6 0.0 CB 158 
   433 1.79 0.0 HB2 47 
   1555 1.62 0.0 HD3 139 
   144 18.2 0.0 CG1 23 
   1392 21.7 0.0 CG2 126 
   717 3.53 0.0 HA3 70 
   1255 25.6 0.0 CG 113 
   401 6.81 0.0 HE1 44 
   472 3.42 0.0 HD3 49 
   859 4.82 0.0 HA 81 
   1522 116.8 0.0 ND2 136 
   536 104.6 0.0 ND2 54 
   1668 54.5 0.0 CA 148 
   782 45.8 0.0 CA 75 
   1755 115.0 0.0 N 155 
   503 31.5 0.0 CB 51 
   916 2.27 0.0 HE2 85 
   1013 129.9 0.0 CE1 92 
   262 2.42 0.0 HG3 34 
   437 0.93 0.0 HD12 47 
   959 42.6 0.0 CB 88 
   713 37.3 0.0 CG 69 
   1483 61.0 0.0 CA 133 
   254 27.3 0.0 CG 33 
   511 2.31 0.0 HG2 52 
   1276 128.2 0.0 N 115 
   1577 129.7 0.0 CE1 140 
   162 25.5 0.0 CD2 24 
   743 8.77 0.0 H 73 
   201 4.74 0.0 HA 28 
   1865 2.04 0.0 HB3 164 
   468 2.07 0.0 HB3 49 
   1530 1.08 0.0 HG22 137 
   1729 118.4 0.0 N 153 
   1357 17.0 0.0 CG2 123 
   373 42.2 0.0 CE 41 
   1385 4.28 0.0 HA 126 
   1180 4.9 0.0 HA 107 
   830 6.96 0.0 HD1 79 
   286 3.29 0.0 HB2 36 
   568 51.2 0.0 CA 57 
   1306 1.79 0.0 HB2 119 
   84 31.9 0.0 CB 18 
   361 2.06 0.0 HB2 41 
   754 30.6 0.0 CB 73 
   75 3.81 0.0 HA 18 
   928 7.33 0.0 HD1 86 
   918 56.1 0.0 CA 85 
   104 119.8 0.0 N 20 
   1369 1.43 0.0 HB2 125 
   519 3.0 0.0 HB2 53 
   816 6.84 0.0 HH2 78 
   416 7.61 0.0 HE21 45 
   1796 115.7 0.0 N 158 
   847 0.64 0.0 HG22 80 
   179 116.8 0.0 N 25 
   1418 6.99 0.0 HE1 129 
   163 126.3 0.0 N 24 
   1795 8.6 0.0 CD1 158 
   682 3.59 0.0 HB3 67 
   1939 1.7 0.0 HB3 170 
   582 6.69 0.0 HD21 59 
   1499 117.9 0.0 N 134 
   697 3.0 0.0 HE2 68 
   878 1.45 0.0 HG 83 
   752 6.46 0.0 HH2 73 
   206 24.4 0.0 CB 28 
   1428 121.3 0.0 N 129 
   1399 40.2 0.0 CB 127 
   22 18.5 0.0 CB 13 
   41 3.21 0.0 HD3 15 
   985 42.8 0.0 CB 90 
   1260 4.63 0.0 HA 114 
   1446 1.83 0.0 HB2 131 
   1197 2.12 0.0 HG3 108 
   1798 1.66 0.0 HB2 159 
   944 2.0 0.0 HG3 87 
   874 8.23 0.0 H 83 
   1470 23.5 0.0 CD1 132 
   1509 30.1 0.0 CB 135 
   1068 118.2 0.0 N 96 
   434 2.21 0.0 HB3 47 
   1953 4.39 0.0 HA 171 
   767 6.87 0.0 HD2 74 
   1036 36.4 0.0 CB 94 
   1535 22.9 0.0 CG2 137 
   39 1.72 0.0 HG3 15 
   1175 1.34 0.0 HB3 106 
   1202 27.1 0.0 CG 108 
   1886 1.0 0.0 HG11 166 
   1347 0.7 0.0 HG13 123 
   837 131.9 0.0 CD2 79 
   218 2.45 0.0 HD2 30 
   1259 7.31 0.0 H 114 
   171 1.6 0.0 HD3 25 
   746 2.21 0.0 HB3 73 
   9 2.03 0.0 HB3 12 
   50 1.9 0.0 HB3 16 
   1714 3.23 0.0 HB2 153 
   1928 4.05 0.0 HA 169 
   29 1.24 0.0 HG23 14 
   1436 1.74 0.0 HD3 130 
   1045 1.91 0.0 HG3 95 
   1776 57.3 0.0 CA 157 
   484 6.97 0.0 HE1 50 
   1725 119.6 0.0 CE3 153 
   1229 22.5 0.0 CD2 110 
   180 10.39 0.0 H 26 
   1905 0.85 0.0 HD11 167 
   410 8.21 0.0 H 45 
   732 1.63 0.0 HB2 72 
   923 121.7 0.0 N 85 
   384 119.4 0.0 N 42 
   1032 0.45 0.0 HD11 94 
   1901 1.3 0.0 HG13 167 
   1382 22.6 0.0 CD2 125 
   863 55.6 0.0 CA 81 
   964 128.3 0.0 CZ 88 
   1290 18.0 0.0 CE 117 
   1071 4.67 0.0 HB 97 
   122 4.51 0.0 HA 22 
   1408 30.4 0.0 CB 128 
   1154 8.55 0.0 H 105 
   1100 3.8 0.0 HD3 99 
   1711 51.4 0.0 CD 152 
   58 43.2 0.0 CD 16 
   1445 4.38 0.0 HA 131 
   589 4.4 0.0 HA 60 
   247 2.12 0.0 HB3 33 
   790 1.55 0.0 HD2 76 
   1907 0.85 0.0 HD13 167 
   301 121.6 0.0 N 36 
   1988 2.83 0.0 HB3 174 
   1326 107.3 0.0 N 121 
   1669 43.3 0.0 CB 148 
   1784 1.49 0.0 HG13 158 
   1715 3.56 0.0 HB3 153 
   1911 18.1 0.0 CG2 167 
   606 29.6 0.0 CB 61 
   885 57.1 0.0 CA 83 
   133 8.04 0.0 H 23 
   1182 0.58 0.0 HG11 107 
   660 24.2 0.0 CD2 64 
   1700 105.7 0.0 N 151 
   337 2.71 0.0 HD3 39 
   1815 7.82 0.0 H 161 
   674 0.91 0.0 HB2 66 
   1265 58.4 0.0 CA 114 
   1887 1.0 0.0 HG12 166 
   731 5.02 0.0 HA 72 
   552 122.1 0.0 N 55 
   141 1.13 0.0 HG23 23 
   481 3.32 0.0 HB3 50 
   1243 8.33 0.0 H 113 
   1340 28.9 0.0 CD 122 
   16 8.44 0.0 H 13 
   1143 49.2 0.0 CD 103 
   161 27.0 0.0 CD1 24 
   469 1.74 0.0 HG2 49 
   105 7.66 0.0 H 21 
   599 7.87 0.0 HD1 61 
   1806 28.7 0.0 CG 159 
   1785 0.42 0.0 HG21 158 
   860 2.85 0.0 HB2 81 
   265 36.3 0.0 CG 34 
   1006 6.63 0.0 HE1 92 
   1091 118.2 0.0 CE1 98 
   1240 3.79 0.0 HA3 112 
   736 3.09 0.0 HD2 72 
   1093 128.0 0.0 N 98 
   167 1.76 0.0 HB3 25 
   1810 2.55 0.0 HB2 160 
   232 56.1 0.0 CA 31 
   1567 2.06 0.0 HB3 140 
   235 43.1 0.0 CD 31 
   293 7.05 0.0 HH2 36 
   1923 31.6 0.0 CB 168 
   85 21.7 0.0 CG1 18 
   963 129.6 0.0 CE2 88 
   2005 33.7 0.0 CG 175 
   5 40.9 0.0 CB 11 
   1937 4.24 0.0 HA 170 
   207 123.5 0.0 N 28 
   1109 1.25 0.0 HG22 100 
   96 4.35 0.0 HA 20 
   1232 4.44 0.0 HA 111 
   1287 1.89 0.0 HE2 117 
   1680 4.08 0.0 HA 150 
   769 7.0 0.0 HE2 74 
   1308 1.58 0.0 HG2 119 
   1163 0.43 0.0 HD12 105 
   1514 4.26 0.0 HA 136 
   841 8.07 0.0 H 80 
   1275 18.9 0.0 CB 115 
   965 121.3 0.0 N 88 
   727 69.3 0.0 CB 71 
   1832 8.16 0.0 H 162 
   49 1.9 0.0 HB2 16 
   1146 1.71 0.0 HB2 104 
   1352 -0.19 0.0 HD12 123 
   1945 2.96 0.0 HE3 170 
   1478 9.6 0.0 HE1 133 
   1667 0.92 0.0 HD23 148 
   1283 119.1 0.0 N 116 
   1387 1.41 0.0 HG21 126 
   1332 1.23 0.0 HG3 122 
   453 0.97 0.0 HG21 48 
   600 9.85 0.0 HE1 61 
   1880 4.11 0.0 HA3 165 
   223 48.9 0.0 CD 30 
   1789 0.18 0.0 HD12 158 
   795 38.2 0.0 CB 76 
   233 29.5 0.0 CB 31 
   631 8.75 0.0 H 63 
   667 2.03 0.0 HG3 65 
   1315 42.9 0.0 CD 119 
   1196 1.88 0.0 HG2 108 
   485 6.97 0.0 HE2 50 
   989 113.7 0.0 N 90 
   569 19.0 0.0 CB 57 
   1274 52.6 0.0 CA 115 
   951 2.71 0.0 HB2 88 
   108 0.36 0.0 HG12 21 
   1334 1.73 0.0 HD3 122 
   1060 0.87 0.0 HD11 96 
   263 59.6 0.0 CA 34 
   686 37.3 0.0 CB 67 
   920 25.6 0.0 CG 85 
   1325 45.6 0.0 CA 121 
   1900 0.81 0.0 HG12 167 
   1765 63.4 0.0 CA 156 
   927 3.29 0.0 HB3 86 
   804 55.2 0.0 CA 77 
   565 1.5 0.0 HB1 57 
   341 121.0 0.0 N 39 
   871 55.4 0.0 CA 82 
   1409 120.2 0.0 CD2 128 
   459 65.0 0.0 CA 48 
   1492 8.33 0.0 H 134 
   1360 7.71 0.0 H 124 
   165 4.41 0.0 HA 25 
   400 7.33 0.0 HD2 44 
   1356 24.8 0.0 CG1 123 
   586 116.4 0.0 N 59 
   393 34.7 0.0 CG 43 
   1003 3.68 0.0 HB3 92 
   1890 1.0 0.0 HG22 166 
   452 1.86 0.0 HG13 48 
   936 117.5 0.0 CE1 86 
   385 8.98 0.0 H 43 
   156 1.18 0.0 HD22 24 
   995 2.13 0.0 HG3 91 
   598 4.08 0.0 HB3 61 
   1783 0.82 0.0 HG12 158 
   572 4.38 0.0 HA 58 
   335 1.47 0.0 HG3 39 
   705 8.77 0.0 H 69 
   921 29.2 0.0 CD 85 
   806 114.4 0.0 N 77 
   1004 6.51 0.0 HD1 92 
   51 1.6 0.0 HG2 16 
   2004 29.2 0.0 CB 175 
   1064 37.7 0.0 CB 96 
   379 2.4 0.0 HG2 42 
   1860 121.6 0.0 N 163 
   1821 0.66 0.0 HD12 161 
   429 62.7 0.0 CB 46 
   1704 1.84 0.0 HG2 152 
   55 57.8 0.0 CA 16 
   1991 53.2 0.0 CA 174 
   1909 40.7 0.0 CB 167 
   658 27.3 0.0 CG 64 
   220 63.2 0.0 CA 30 
   1579 130.1 0.0 CZ 140 
   1459 1.92 0.0 HB3 132 
   1852 2.24 0.0 HB3 163 
   1746 27.6 0.0 CD2 154 
   1617 61.9 0.0 CA 144 
   372 29.5 0.0 CD 41 
   397 3.17 0.0 HB2 44 
   1323 3.93 0.0 HA2 121 
   1452 65.5 0.0 CA 131 
   1309 1.68 0.0 HG3 119 
   355 26.0 0.0 CG 40 
   1300 132.5 0.0 CD1 118 
   428 62.8 0.0 CA 46 
   1802 3.0 0.0 HD2 159 
   1869 1.59 0.0 HD3 164 
   834 57.7 0.0 CA 79 
   771 54.9 0.0 CA 74 
   1117 3.67 0.0 HB 101 
   999 117.4 0.0 N 91 
   1378 54.2 0.0 CA 125 
   1803 3.0 0.0 HD3 159 
   636 1.74 0.0 HG3 63 
   1402 4.57 0.0 HA 128 
   704 123.1 0.0 N 68 
   377 2.27 0.0 HB2 42 
   288 7.34 0.0 HD1 36 
   1181 1.96 0.0 HB 107 
   1419 6.99 0.0 HE2 129 
   840 121.1 0.0 N 79 
   1474 3.57 0.0 HA 133 
   880 0.82 0.0 HD12 83 
   333 2.31 0.0 HB3 39 
   307 0.99 0.0 HG12 37 
   127 3.72 0.0 HD2 22 
   1971 2.95 0.0 HE3 172 
   613 127.8 0.0 NE1 61 
   823 123.5 0.0 CH2 78 
   54 3.21 0.0 HD3 16 
   1805 30.6 0.0 CB 159 
   298 114.2 0.0 CZ2 36 
   907 121.8 0.0 N 84 
   1578 129.7 0.0 CE2 140 
   781 4.31 0.0 HA3 75 
   993 2.38 0.0 HB3 91 
   504 23.6 0.0 CG1 51 
   893 0.6 0.0 HB2 84 
   1035 55.2 0.0 CA 94 
   973 8.46 0.0 H 90 
   1025 4.37 0.0 HA 94 
   113 -0.19 0.0 HD11 21 
   1454 27.9 0.0 CG 131 
   1278 4.0 0.0 HA 116 
   851 0.82 0.0 HD13 80 
   415 2.64 0.0 HG3 45 
   829 3.01 0.0 HB3 79 
   349 0.84 0.0 HD13 40 
   411 4.15 0.0 HA 45 
   1995 8.36 0.0 H 175 
   360 4.16 0.0 HA 41 
   1801 2.05 0.0 HG3 159 
   1245 1.76 0.0 HB2 113 
   184 1.25 0.0 HG22 26 
   1814 115.9 0.0 N 160 
   1614 3.34 0.0 HB3 144 
   1713 4.06 0.0 HA 153 
   1857 58.8 0.0 CA 163 
   1964 1.72 0.0 HB2 172 
   627 133.7 0.0 CE1 62 
   980 1.02 0.0 HG23 90 
   563 7.52 0.0 H 57 
   1105 8.2 0.0 H 100 
   1723 29.6 0.0 CB 153 
   1877 115.9 0.0 N 164 
   1237 119.9 0.0 N 111 
   1310 3.21 0.0 HD2 119 
   1984 120.4 0.0 N 173 
   796 24.8 0.0 CG 76 
   1760 0.75 0.0 HG12 156 
   1653 1.22 0.0 HB3 147 
   304 3.36 0.0 HA 37 
   1753 53.8 0.0 CA 155 
   905 22.3 0.0 CD1 84 
   1012 131.3 0.0 CD2 92 
   1421 62.4 0.0 CA 129 
   140 1.13 0.0 HG22 23 
   1248 1.36 0.0 HG3 113 
   1327 7.0 0.0 H 122 
   566 1.5 0.0 HB2 57 
   1672 22.7 0.0 CD2 148 
   1505 1.72 0.0 HG3 135 
   1605 1.04 0.0 HB1 143 
   388 2.34 0.0 HB3 43 
   1717 9.7 0.0 HE1 153 
   706 4.19 0.0 HA 69 
   1925 121.6 0.0 N 168 
   1846 16.7 0.0 CG2 162 
   515 36.4 0.0 CG 52 
   750 7.02 0.0 HZ2 73 
   327 33.3 0.0 CG 38 
   1515 0.92 0.0 HB2 136 
   672 7.8 0.0 H 66 
   1484 27.6 0.0 CB 133 
   1990 6.91 0.0 HD22 174 
   1836 1.33 0.0 HG13 162 
   197 36.8 0.0 CB 27 
   1993 121.0 0.0 N 174 
   1178 128.8 0.0 N 106 
   755 123.5 0.0 CD1 73 
   978 1.02 0.0 HG21 90 
   1736 0.88 0.0 HD11 154 
   1936 8.48 0.0 H 170 
   1677 45.7 0.0 CA 149 
   1635 26.4 0.0 CG 145 
   992 2.07 0.0 HB2 91 
   1642 2.46 0.0 HB3 146 
   32 22.0 0.0 CG2 14 
   1673 110.9 0.0 N 148 
   1885 2.17 0.0 HB 166 
   21 54.2 0.0 CA 13 
   950 5.09 0.0 HA 88 
   953 7.16 0.0 HD1 88 
   1632 0.45 0.0 HD23 145 
   1251 3.12 0.0 HE2 113 
   1123 21.0 0.0 CG2 101 
   80 1.01 0.0 HG21 18 
   457 0.92 0.0 HD12 48 
   1272 1.43 0.0 HB2 115 
