   1155 3.79 0.0 HA 105 
   484 6.97 0.0 HE1 50 
   1450 3.64 0.0 HD2 131 
   606 29.6 0.0 CB 61 
   812 10.66 0.0 HE1 78 
   1206 2.17 0.0 HB2 109 
   195 7.45 0.0 HD22 27 
   529 3.06 0.0 HB2 54 
   408 117.8 0.0 CE2 44 
   198 128.7 0.0 N 27 
   166 1.76 0.0 HB2 25 
   269 1.46 0.0 HB2 35 
   34 8.07 0.0 H 15 
   1171 8.88 0.0 H 106 
   1494 1.5 0.0 HB1 134 
   256 121.0 0.0 N 33 
   1677 45.7 0.0 CA 149 
   1243 8.33 0.0 H 113 
   1273 1.43 0.0 HB3 115 
   174 57.0 0.0 CA 25 
   98 2.19 0.0 HB3 20 
   647 1.83 0.0 HB2 64 
   48 4.19 0.0 HA 16 
   1781 3.54 0.0 HA 158 
   680 4.76 0.0 HA 67 
   146 116.5 0.0 N 23 
   1009 57.4 0.0 CA 92 
   1981 2.88 0.0 HB3 173 
   871 55.4 0.0 CA 82 
   1905 0.85 0.0 HD11 167 
   1129 0.01 0.0 HB3 102 
   202 1.47 0.0 HB1 28 
   918 56.1 0.0 CA 85 
   1547 48.1 0.0 CD 138 
   839 117.3 0.0 CE2 79 
   88 8.07 0.0 H 19 
   706 4.19 0.0 HA 69 
   1811 2.55 0.0 HB3 160 
   1064 37.7 0.0 CB 96 
   102 30.1 0.0 CB 20 
   1667 0.92 0.0 HD23 148 
   671 122.0 0.0 N 65 
   1352 -0.19 0.0 HD12 123 
   702 28.9 0.0 CD 68 
   265 36.3 0.0 CG 34 
   429 62.7 0.0 CB 46 
   61 3.95 0.0 HA 17 
   296 127.0 0.0 CD1 36 
   1587 3.92 0.0 HA 142 
   1640 4.36 0.0 HA 146 
   1147 1.85 0.0 HB3 104 
   469 1.74 0.0 HG2 49 
   1534 20.4 0.0 CG1 137 
   1634 42.1 0.0 CB 145 
   747 6.4 0.0 HD1 73 
   1365 27.0 0.0 CB 124 
   1187 0.93 0.0 HG23 107 
   367 2.96 0.0 HE2 41 
   94 116.9 0.0 N 19 
   904 25.9 0.0 CG 84 
   24 7.95 0.0 H 14 
   1957 2.2 0.0 HG3 171 
   1204 9.68 0.0 H 109 
   1938 1.7 0.0 HB2 170 
   1391 69.5 0.0 CB 126 
   603 6.87 0.0 HZ3 61 
   895 1.54 0.0 HG 84 
   1327 7.0 0.0 H 122 
   368 2.96 0.0 HE3 41 
   63 1.01 0.0 HG11 17 
   1579 130.1 0.0 CZ 140 
   1349 -0.36 0.0 HG22 123 
   1213 116.4 0.0 N 109 
   214 1.05 0.0 HB2 30 
   967 5.42 0.0 HA 89 
   1850 4.04 0.0 HA 163 
   35 4.1 0.0 HA 15 
   1658 4.51 0.0 HA 148 
   73 119.6 0.0 N 17 
   1702 1.82 0.0 HB2 152 
   1319 3.69 0.0 HA3 120 
   1528 0.66 0.0 HG13 137 
   162 25.5 0.0 CD2 24 
   1459 1.92 0.0 HB3 132 
   4 54.1 0.0 CA 11 
   411 4.15 0.0 HA 45 
   595 7.49 0.0 H 61 
   156 1.18 0.0 HD22 24 
   1578 129.7 0.0 CE2 140 
   845 1.57 0.0 HG13 80 
   1000 8.46 0.0 H 92 
   1997 1.94 0.0 HB2 175 
   1433 1.42 0.0 HG2 130 
   25 4.07 0.0 HA 14 
   1151 30.1 0.0 CB 104 
   1136 1.32 0.0 HG2 103 
   1867 1.66 0.0 HG3 164 
   1864 1.76 0.0 HB2 164 
   331 4.12 0.0 HA 39 
   791 1.68 0.0 HD3 76 
   540 1.91 0.0 HB3 55 
   817 56.7 0.0 CA 78 
   1192 119.5 0.0 N 107 
   1524 4.01 0.0 HA 137 
   499 0.8 0.0 HG21 51 
   381 59.1 0.0 CA 42 
   391 58.5 0.0 CA 43 
   272 0.91 0.0 HD11 35 
   1226 42.1 0.0 CB 110 
   1330 1.47 0.0 HB3 122 
   288 7.34 0.0 HD1 36 
   137 0.96 0.0 HG12 23 
   1434 1.72 0.0 HG3 130 
   89 4.33 0.0 HA 19 
   356 24.3 0.0 CD1 40 
   1683 1.88 0.0 HG 150 
   847 0.64 0.0 HG22 80 
   1617 61.9 0.0 CA 144 
   558 7.75 0.0 HD22 56 
   1716 7.36 0.0 HD1 153 
   1681 1.36 0.0 HB2 150 
   1776 57.3 0.0 CA 157 
   908 8.45 0.0 H 85 
   607 128.3 0.0 CD1 61 
   1385 4.28 0.0 HA 126 
   1440 29.7 0.0 CB 130 
   229 1.65 0.0 HG3 31 
   1597 57.5 0.0 CA 142 
   289 9.86 0.0 HE1 36 
   1261 4.2 0.0 HB 114 
   1804 66.3 0.0 CA 159 
   1400 122.0 0.0 N 127 
   1871 2.92 0.0 HE3 164 
   346 0.96 0.0 HG 40 
   1612 3.57 0.0 HA 144 
   342 8.86 0.0 H 40 
   1089 132.8 0.0 CD1 98 
   333 2.31 0.0 HB3 39 
   1406 8.19 0.0 HE1 128 
   1859 33.7 0.0 CG 163 
   797 29.6 0.0 CD 76 
   1208 2.43 0.0 HG2 109 
   1072 1.17 0.0 HG21 97 
   1703 2.44 0.0 HB3 152 
   96 4.35 0.0 HA 20 
   1020 2.67 0.0 HB3 93 
   1126 3.87 0.0 HA 102 
   1989 7.61 0.0 HD21 174 
   1295 7.0 0.0 HD2 118 
   920 25.6 0.0 CG 85 
   953 7.16 0.0 HD1 88 
   556 2.93 0.0 HB3 56 
   313 31.3 0.0 CB 37 
   1533 33.3 0.0 CB 137 
   902 53.6 0.0 CA 84 
   314 21.0 0.0 CG1 37 
   1503 1.86 0.0 HB3 135 
   876 1.57 0.0 HB2 83 
   617 2.5 0.0 HB3 62 
   1267 20.7 0.0 CG2 114 
   1109 1.25 0.0 HG22 100 
   1810 2.55 0.0 HB2 160 
   80 1.01 0.0 HG21 18 
   1329 1.25 0.0 HB2 122 
   274 0.91 0.0 HD13 35 
   246 2.0 0.0 HB2 33 
   1284 2.3 0.0 HG2 117 
   1765 63.4 0.0 CA 156 
   900 0.64 0.0 HD22 84 
   200 7.02 0.0 H 28 
   1393 111.5 0.0 N 126 
   916 2.27 0.0 HE2 85 
   60 7.9 0.0 H 17 
   1209 2.43 0.0 HG3 109 
   1470 23.5 0.0 CD1 132 
   731 5.02 0.0 HA 72 
   566 1.5 0.0 HB2 57 
   1601 22.0 0.0 CD2 142 
   1001 4.95 0.0 HA 92 
   1050 27.0 0.0 CG 95 
   1697 3.12 0.0 HA2 151 
   1852 2.24 0.0 HB3 163 
   1574 36.4 0.0 CB 140 
   123 1.93 0.0 HB2 22 
   45 43.1 0.0 CD 15 
   1630 0.45 0.0 HD21 145 
   698 3.0 0.0 HE3 68 
   735 1.63 0.0 HG3 72 
   1773 0.96 0.0 HB3 157 
   624 40.9 0.0 CB 62 
   140 1.13 0.0 HG22 23 
   765 3.22 0.0 HB3 74 
   678 111.7 0.0 N 66 
   1971 2.95 0.0 HE3 172 
   90 3.98 0.0 HB2 19 
   1469 27.0 0.0 CG 132 
   1456 6.93 0.0 H 132 
   1367 8.42 0.0 H 125 
   1336 2.91 0.0 HE3 122 
   1498 18.5 0.0 CB 134 
   786 1.44 0.0 HB2 76 
   1755 115.0 0.0 N 155 
   1747 118.8 0.0 N 154 
   1062 0.87 0.0 HD13 96 
   899 0.64 0.0 HD21 84 
   1378 54.2 0.0 CA 125 
   605 56.9 0.0 CA 61 
   212 107.0 0.0 N 29 
   863 55.6 0.0 CA 81 
   1537 4.86 0.0 HA 138 
   1606 1.04 0.0 HB2 143 
   1015 127.8 0.0 CZ 92 
   1169 14.7 0.0 CD1 105 
   6 8.75 0.0 H 12 
   172 2.92 0.0 HE2 25 
   38 1.59 0.0 HG2 15 
   1623 4.15 0.0 HA 145 
   1490 120.6 0.0 N 133 
   1663 0.8 0.0 HD12 148 
   535 122.2 0.0 N 54 
   1331 1.04 0.0 HG2 122 
   473 57.4 0.0 CA 49 
   445 25.4 0.0 CD1 47 
   1967 1.43 0.0 HG3 172 
   1923 31.6 0.0 CB 168 
   170 1.6 0.0 HD2 25 
   1881 45.6 0.0 CA 165 
   1695 125.1 0.0 N 150 
   793 2.95 0.0 HE3 76 
   1035 55.2 0.0 CA 94 
   1701 4.25 0.0 HA 152 
   1954 1.93 0.0 HB2 171 
   135 2.37 0.0 HB 23 
   962 129.6 0.0 CE1 88 
   711 58.0 0.0 CA 69 
   1584 44.0 0.0 CA 141 
   374 118.4 0.0 N 41 
   199 107.7 0.0 ND2 27 
   1312 57.4 0.0 CA 119 
   504 23.6 0.0 CG1 51 
   183 1.25 0.0 HG21 26 
   64 1.01 0.0 HG12 17 
   714 115.4 0.0 N 69 
   536 104.6 0.0 ND2 54 
   1216 1.6 0.0 HB2 110 
   681 3.07 0.0 HB2 67 
   1177 21.6 0.0 CB 106 
   1324 3.93 0.0 HA3 121 
   596 4.27 0.0 HA 61 
   893 0.6 0.0 HB2 84 
   1313 30.5 0.0 CB 119 
   608 122.4 0.0 CE3 61 
   329 113.9 0.0 NE2 38 
   258 4.24 0.0 HA 34 
   983 0.71 0.0 HD13 90 
   1899 1.86 0.0 HB 167 
   1184 0.58 0.0 HG13 107 
   315 22.1 0.0 CG2 37 
   829 3.01 0.0 HB3 79 
   1018 5.58 0.0 HA 93 
   1668 54.5 0.0 CA 148 
   197 36.8 0.0 CB 27 
   912 1.18 0.0 HG2 85 
   1446 1.83 0.0 HB2 131 
   1021 52.0 0.0 CA 93 
   1317 8.98 0.0 H 120 
   1788 0.18 0.0 HD11 158 
   1569 6.2 0.0 HD2 140 
   1416 7.05 0.0 HD1 129 
   669 34.1 0.0 CB 65 
   358 120.3 0.0 N 40 
   1137 1.47 0.0 HG3 103 
   1103 25.1 0.0 CG 99 
   28 1.24 0.0 HG22 14 
   815 6.61 0.0 HZ3 78 
   1444 118.4 0.0 N 130 
   1909 40.7 0.0 CB 167 
   151 1.7 0.0 HG 24 
   1598 40.4 0.0 CB 142 
   1 4.65 0.0 HA 11 
   969 2.91 0.0 HB3 89 
   1994 112.7 0.0 ND2 174 
   1471 26.2 0.0 CD2 132 
   1389 1.41 0.0 HG23 126 
   1720 6.36 0.0 HZ3 153 
   1390 62.4 0.0 CA 126 
   205 51.9 0.0 CA 28 
   178 41.8 0.0 CE 25 
   1789 0.18 0.0 HD12 158 
   105 7.66 0.0 H 21 
   519 3.0 0.0 HB2 53 
   1973 32.8 0.0 CB 172 
   1949 29.2 0.0 CD 170 
   949 9.09 0.0 H 88 
   1529 1.08 0.0 HG21 137 
   57 27.3 0.0 CG 16 
   33 113.2 0.0 N 14 
   1190 20.0 0.0 CG1 107 
   1593 -0.51 0.0 HD13 142 
   366 1.74 0.0 HD3 41 
   1436 1.74 0.0 HD3 130 
   1819 1.91 0.0 HG 161 
   1358 13.5 0.0 CD1 123 
   1530 1.08 0.0 HG22 137 
   1919 2.35 0.0 HG3 168 
   785 5.61 0.0 HA 76 
   790 1.55 0.0 HD2 76 
   517 8.47 0.0 H 53 
   703 41.8 0.0 CE 68 
   1768 21.8 0.0 CG2 156 
   597 2.65 0.0 HB2 61 
   154 1.0 0.0 HD13 24 
   1715 3.56 0.0 HB3 153 
   886 39.8 0.0 CB 83 
   36 1.87 0.0 HB2 15 
   1991 53.2 0.0 CA 174 
   1237 119.9 0.0 N 111 
   219 3.47 0.0 HD3 30 
   1368 4.45 0.0 HA 125 
   1977 122.0 0.0 N 172 
   1571 6.77 0.0 HE2 140 
   1914 8.64 0.0 H 168 
   1632 0.45 0.0 HD23 145 
   189 121.3 0.0 N 26 
   520 3.26 0.0 HB3 53 
   989 113.7 0.0 N 90 
   337 2.71 0.0 HD3 39 
   530 3.06 0.0 HB3 54 
   986 25.7 0.0 CG1 90 
   44 27.3 0.0 CG 15 
   1756 6.91 0.0 H 156 
   1007 6.63 0.0 HE2 92 
   1468 41.9 0.0 CB 132 
   1953 4.39 0.0 HA 171 
   840 121.1 0.0 N 79 
   252 58.8 0.0 CA 33 
   1680 4.08 0.0 HA 150 
   952 3.07 0.0 HB3 88 
   155 1.18 0.0 HD21 24 
   996 55.2 0.0 CA 91 
   642 26.9 0.0 CG 63 
   1014 129.9 0.0 CE2 92 
   1964 1.72 0.0 HB2 172 
   525 119.5 0.0 N 53 
   309 1.13 0.0 HG21 37 
   783 107.1 0.0 N 75 
   1338 32.9 0.0 CB 122 
   1825 0.73 0.0 HD23 161 
   447 120.8 0.0 N 47 
   1780 7.94 0.0 H 158 
   628 133.7 0.0 CE2 62 
   1180 4.9 0.0 HA 107 
   1922 54.4 0.0 CA 168 
   674 0.91 0.0 HB2 66 
   828 3.01 0.0 HB2 79 
   649 1.83 0.0 HG 64 
   1704 1.84 0.0 HG2 152 
   1662 0.8 0.0 HD11 148 
   1550 1.74 0.0 HB2 139 
   1783 0.82 0.0 HG12 158 
   1895 21.8 0.0 CG2 166 
   810 3.29 0.0 HB3 78 
   921 29.2 0.0 CD 85 
   652 0.91 0.0 HD13 64 
   343 3.56 0.0 HA 40 
   236 116.8 0.0 N 31 
   697 3.0 0.0 HE2 68 
   204 1.47 0.0 HB3 28 
   541 1.31 0.0 HG2 55 
   984 58.5 0.0 CA 90 
   478 8.25 0.0 H 50 
   335 1.47 0.0 HG3 39 
   1862 7.88 0.0 H 164 
   1924 33.7 0.0 CG 168 
   559 55.3 0.0 CA 56 
   1097 1.5 0.0 HG2 99 
   1346 0.57 0.0 HG12 123 
   1653 1.22 0.0 HB3 147 
   1432 2.04 0.0 HB3 130 
   498 0.78 0.0 HG13 51 
   1092 116.0 0.0 CE2 98 
   1487 113.9 0.0 CZ2 133 
   448 8.86 0.0 H 48 
   1386 4.54 0.0 HB 126 
   1561 29.3 0.0 CD 139 
   1403 3.23 0.0 HB2 128 
   1853 2.49 0.0 HG2 163 
   872 39.0 0.0 CB 82 
   1886 1.0 0.0 HG11 166 
   1609 18.0 0.0 CB 143 
   1025 4.37 0.0 HA 94 
   41 3.21 0.0 HD3 15 
   497 0.78 0.0 HG12 51 
   456 0.92 0.0 HD11 48 
   667 2.03 0.0 HG3 65 
   1787 0.42 0.0 HG23 158 
   505 21.0 0.0 CG2 51 
   1605 1.04 0.0 HB1 143 
   1443 41.8 0.0 CE 130 
   524 37.4 0.0 CB 53 
   118 27.5 0.0 CG1 21 
   465 7.64 0.0 H 49 
   1340 28.9 0.0 CD 122 
   739 32.8 0.0 CB 72 
   1599 26.2 0.0 CG 142 
   1889 1.0 0.0 HG21 166 
   1241 45.8 0.0 CA 112 
   930 6.77 0.0 HE1 86 
   209 3.95 0.0 HA2 29 
   1809 4.33 0.0 HA 160 
   950 5.09 0.0 HA 88 
   1785 0.42 0.0 HG21 158 
   934 132.9 0.0 CD1 86 
   1418 6.99 0.0 HE1 129 
   700 31.8 0.0 CB 68 
   1998 2.08 0.0 HB3 175 
   352 0.86 0.0 HD23 40 
   454 0.97 0.0 HG22 48 
   1908 59.4 0.0 CA 167 
   56 30.2 0.0 CB 16 
   1476 3.07 0.0 HB3 133 
   1511 43.4 0.0 CD 135 
   1978 8.4 0.0 H 173 
   1754 18.2 0.0 CB 155 
   1063 64.5 0.0 CA 96 
   467 1.95 0.0 HB2 49 
   1142 27.9 0.0 CG 103 
   1553 1.46 0.0 HG3 139 
   1027 1.78 0.0 HG12 94 
   474 29.4 0.0 CB 49 
   1460 1.53 0.0 HG 132 
   1679 7.83 0.0 H 150 
   1856 6.84 0.0 HE22 163 
   864 34.3 0.0 CB 81 
   1955 2.09 0.0 HB3 171 
   1194 2.03 0.0 HB2 108 
   1711 51.4 0.0 CD 152 
   1454 27.9 0.0 CG 131 
   320 2.23 0.0 HB3 38 
   1225 53.9 0.0 CA 110 
   716 4.53 0.0 HA2 70 
   370 32.0 0.0 CB 41 
   1419 6.99 0.0 HE2 129 
   363 1.45 0.0 HG2 41 
   1410 136.2 0.0 CE1 128 
   1548 8.76 0.0 H 139 
   489 131.7 0.0 CD2 50 
   1066 18.1 0.0 CG2 96 
   1643 2.21 0.0 HG2 146 
   1611 7.37 0.0 H 144 
   139 1.13 0.0 HG21 23 
   93 63.2 0.0 CB 19 
   1726 113.9 0.0 CZ2 153 
   1222 0.68 0.0 HD21 110 
   1485 126.6 0.0 CD1 133 
   917 2.37 0.0 HE3 85 
   833 6.69 0.0 HE2 79 
   275 1.01 0.0 HD21 35 
   1797 3.52 0.0 HA 159 
   618 5.47 0.0 HD1 62 
   587 110.7 0.0 ND2 59 
   134 4.44 0.0 HA 23 
   111 0.18 0.0 HG22 21 
   1384 8.22 0.0 H 126 
   26 4.2 0.0 HB 14 
   1820 0.66 0.0 HD11 161 
   15 122.1 0.0 N 12 
   1896 115.2 0.0 N 166 
   2003 56.0 0.0 CA 175 
   251 3.34 0.0 HD3 33 
   405 131.7 0.0 CD1 44 
   103 36.3 0.0 CG 20 
   1309 1.68 0.0 HG3 119 
   66 1.1 0.0 HG21 17 
   1933 30.1 0.0 CB 169 
   1729 118.4 0.0 N 153 
   974 5.66 0.0 HA 90 
   215 1.42 0.0 HB3 30 
   637 3.25 0.0 HD2 63 
   789 1.57 0.0 HG3 76 
   1347 0.7 0.0 HG13 123 
   1210 58.3 0.0 CA 109 
   262 2.42 0.0 HG3 34 
   310 1.13 0.0 HG22 37 
   311 1.13 0.0 HG23 37 
   848 0.64 0.0 HG23 80 
   1294 7.0 0.0 HD1 118 
   777 129.4 0.0 CZ 74 
   887 26.8 0.0 CG 83 
   1861 111.2 0.0 NE2 163 
   1093 128.0 0.0 N 98 
   1160 0.67 0.0 HG22 105 
   1798 1.66 0.0 HB2 159 
   378 2.71 0.0 HB3 42 
   1525 1.75 0.0 HB 137 
   1408 30.4 0.0 CB 128 
   1988 2.83 0.0 HB3 174 
   160 31.1 0.0 CG 24 
   516 119.7 0.0 N 52 
   1350 -0.36 0.0 HG23 123 
   744 4.72 0.0 HA 73 
   574 3.11 0.0 HB3 58 
   892 4.47 0.0 HA 84 
   1545 32.6 0.0 CB 138 
   1248 1.36 0.0 HG3 113 
   1120 1.08 0.0 HG23 101 
   1732 3.58 0.0 HA 154 
   1990 6.91 0.0 HD22 174 
   1877 115.9 0.0 N 164 
   476 42.2 0.0 CD 49 
   390 2.75 0.0 HG3 43 
   1415 3.22 0.0 HB3 129 
   756 119.8 0.0 CE3 73 
   1541 1.72 0.0 HG3 138 
   1661 1.64 0.0 HG 148 
   379 2.4 0.0 HG2 42 
   491 118.8 0.0 CE2 50 
   1693 23.0 0.0 CD1 150 
   217 1.44 0.0 HG3 30 
   701 24.4 0.0 CG 68 
   945 54.3 0.0 CA 87 
   1263 1.17 0.0 HG22 114 
   1868 1.5 0.0 HD2 164 
   1077 22.0 0.0 CG2 97 
   1168 17.5 0.0 CG2 105 
   748 9.32 0.0 HE1 73 
   1442 29.4 0.0 CD 130 
   753 55.4 0.0 CA 73 
   1931 7.31 0.0 HD2 169 
   107 1.29 0.0 HB 21 
   779 8.54 0.0 H 75 
   400 7.33 0.0 HD2 44 
   1622 8.62 0.0 H 145 
   1590 1.64 0.0 HG 142 
   409 118.4 0.0 N 44 
   1595 0.37 0.0 HD22 142 
   1117 3.67 0.0 HB 101 
   584 51.8 0.0 CA 59 
   1449 2.12 0.0 HG3 131 
   1131 15.4 0.0 CB 102 
   1244 4.41 0.0 HA 113 
   1121 59.6 0.0 CA 101 
   349 0.84 0.0 HD13 40 
   1041 4.62 0.0 HA 95 
   1644 2.21 0.0 HG3 146 
   823 123.5 0.0 CH2 78 
   1478 9.6 0.0 HE1 133 
   1186 0.93 0.0 HG22 107 
   470 1.93 0.0 HG3 49 
   923 121.7 0.0 N 85 
   301 121.6 0.0 N 36 
   1854 2.49 0.0 HG3 163 
   117 39.1 0.0 CB 21 
   852 59.6 0.0 CA 80 
   338 58.1 0.0 CA 39 
   1890 1.0 0.0 HG22 166 
   114 -0.19 0.0 HD12 21 
   508 3.88 0.0 HA 52 
   580 2.37 0.0 HB2 59 
   1354 61.9 0.0 CA 123 
   1353 -0.19 0.0 HD13 123 
   1016 112.7 0.0 N 92 
   1542 3.23 0.0 HD2 138 
   201 4.74 0.0 HA 28 
   8 2.03 0.0 HB2 12 
   332 1.78 0.0 HB2 39 
   959 42.6 0.0 CB 88 
   376 4.12 0.0 HA 42 
   1566 1.98 0.0 HB2 140 
   142 61.6 0.0 CA 23 
   1388 1.41 0.0 HG22 126 
   1594 0.37 0.0 HD21 142 
   1203 49.8 0.0 CD 108 
   1959 31.0 0.0 CB 171 
   91 3.98 0.0 HB3 19 
   227 2.02 0.0 HB3 31 
   427 5.22 0.0 HG 46 
   578 8.55 0.0 H 59 
   843 1.63 0.0 HB 80 
   418 59.3 0.0 CA 45 
   285 4.72 0.0 HA 36 
   1421 62.4 0.0 CA 129 
   49 1.9 0.0 HB2 16 
   565 1.5 0.0 HB1 57 
   1879 3.97 0.0 HA2 165 
   720 8.33 0.0 H 71 
   1932 57.3 0.0 CA 169 
   1166 38.7 0.0 CB 105 
   1264 1.17 0.0 HG23 114 
   1532 60.5 0.0 CA 137 
   1030 0.7 0.0 HG22 94 
   625 132.0 0.0 CD1 62 
   143 32.8 0.0 CB 23 
   1364 57.6 0.0 CA 124 
   958 56.0 0.0 CA 88 
   157 1.18 0.0 HD23 24 
   1032 0.45 0.0 HD11 94 
   1040 121.6 0.0 N 94 
   1276 128.2 0.0 N 115 
   1762 0.93 0.0 HG21 156 
   108 0.36 0.0 HG12 21 
   733 1.73 0.0 HB3 72 
   1536 122.5 0.0 N 137 
   1791 63.4 0.0 CA 158 
   1266 68.6 0.0 CB 114 
   527 8.75 0.0 H 54 
   990 8.61 0.0 H 91 
   1543 3.45 0.0 HD3 138 
   1887 1.0 0.0 HG12 166 
   1256 29.1 0.0 CD 113 
   1132 126.2 0.0 N 102 
   1523 6.64 0.0 H 137 
   1122 69.9 0.0 CB 101 
   169 1.29 0.0 HG3 25 
   1200 66.4 0.0 CA 108 
   345 1.42 0.0 HB3 40 
   1355 37.5 0.0 CB 123 
   738 56.1 0.0 CA 72 
   1437 2.99 0.0 HE2 130 
   982 0.71 0.0 HD12 90 
   836 131.9 0.0 CD1 79 
   305 2.2 0.0 HB 37 
   545 2.84 0.0 HE2 55 
   181 3.89 0.0 HA 26 
   1836 1.33 0.0 HG13 162 
   471 3.37 0.0 HD2 49 
   132 50.7 0.0 CD 22 
   961 131.7 0.0 CD2 88 
   260 2.16 0.0 HB3 34 
   389 2.14 0.0 HG2 43 
   1858 27.9 0.0 CB 163 
   455 0.97 0.0 HG23 48 
   1387 1.41 0.0 HG21 126 
   1700 105.7 0.0 N 151 
   609 113.7 0.0 CZ2 61 
   82 1.01 0.0 HG23 18 
   971 41.3 0.0 CB 89 
   29 1.24 0.0 HG23 14 
   1960 36.0 0.0 CG 171 
   496 0.78 0.0 HG11 51 
   182 3.96 0.0 HB 26 
   1725 119.6 0.0 CE3 153 
   549 25.6 0.0 CG 55 
   1645 57.0 0.0 CA 146 
   1315 42.9 0.0 CD 119 
   1837 0.81 0.0 HG21 162 
   388 2.34 0.0 HB3 43 
   16 8.44 0.0 H 13 
   1022 43.0 0.0 CB 93 
   999 117.4 0.0 N 91 
   1769 113.1 0.0 N 156 
   1942 1.6 0.0 HD2 170 
   573 2.55 0.0 HB2 58 
   755 123.5 0.0 CD1 73 
   955 7.18 0.0 HE1 88 
   746 2.21 0.0 HB3 73 
   1076 67.7 0.0 CB 97 
   1464 1.04 0.0 HD21 132 
   666 1.89 0.0 HG2 65 
   1373 0.13 0.0 HD12 125 
   1398 56.8 0.0 CA 127 
   1538 1.22 0.0 HB2 138 
   1824 0.73 0.0 HD22 161 
   78 0.94 0.0 HG12 18 
   1152 35.9 0.0 CG 104 
   781 4.31 0.0 HA3 75 
   286 3.29 0.0 HB2 36 
   280 27.0 0.0 CG 35 
   927 3.29 0.0 HB3 86 
   364 1.73 0.0 HG3 41 
   1678 107.1 0.0 N 149 
   58 43.2 0.0 CD 16 
   1280 2.0 0.0 HB3 116 
   1749 3.86 0.0 HA 155 
   550 29.7 0.0 CD 55 
   764 3.1 0.0 HB2 74 
   1291 4.86 0.0 HA 118 
   816 6.84 0.0 HH2 78 
   259 2.16 0.0 HB2 34 
   304 3.36 0.0 HA 37 
   238 4.9 0.0 HA 32 
   221 31.7 0.0 CB 30 
   938 129.3 0.0 N 86 
   40 3.21 0.0 HD2 15 
   1510 27.0 0.0 CG 135 
   1311 3.21 0.0 HD3 119 
   730 7.61 0.0 H 72 
   947 37.4 0.0 CG 87 
   1071 4.67 0.0 HB 97 
   1816 3.88 0.0 HA 161 
   1917 2.09 0.0 HB3 168 
   1898 4.64 0.0 HA 167 
   548 32.2 0.0 CB 55 
   1262 1.17 0.0 HG21 114 
   1512 113.5 0.0 N 135 
   249 1.85 0.0 HG3 33 
   805 32.7 0.0 CB 77 
   1972 56.3 0.0 CA 172 
   481 3.32 0.0 HB3 50 
   1438 2.99 0.0 HE3 130 
   1453 30.7 0.0 CB 131 
   138 0.96 0.0 HG13 23 
   75 3.81 0.0 HA 18 
   1156 1.26 0.0 HB 105 
   1098 1.77 0.0 HG3 99 
   472 3.42 0.0 HD3 49 
   213 2.52 0.0 HA 30 
   1188 58.3 0.0 CA 107 
   1154 8.55 0.0 H 105 
   734 1.5 0.0 HG2 72 
   1087 58.3 0.0 CA 98 
   1714 3.23 0.0 HB2 153 
   173 2.92 0.0 HE3 25 
   1080 4.69 0.0 HA 98 
   216 1.05 0.0 HG2 30 
   1560 25.7 0.0 CG 139 
   579 5.05 0.0 HA 59 
   336 2.71 0.0 HD2 39 
   659 24.3 0.0 CD1 64 
   1562 41.9 0.0 CE 139 
   754 30.6 0.0 CB 73 
   235 43.1 0.0 CD 31 
   459 65.0 0.0 CA 48 
   233 29.5 0.0 CB 31 
   803 3.39 0.0 HB3 77 
   10 2.32 0.0 HG2 12 
   1010 40.4 0.0 CB 92 
   1642 2.46 0.0 HB3 146 
   328 118.6 0.0 N 38 
   1946 56.7 0.0 CA 170 
   657 48.2 0.0 CB 64 
   1636 25.8 0.0 CD1 145 
   147 9.12 0.0 H 24 
   1876 41.8 0.0 CE 164 
   1840 0.01 0.0 HD11 162 
   1452 65.5 0.0 CA 131 
   973 8.46 0.0 H 90 
   440 0.98 0.0 HD22 47 
   1475 2.49 0.0 HB2 133 
   1731 8.68 0.0 H 154 
   1163 0.43 0.0 HD12 105 
   1002 2.77 0.0 HB2 92 
   808 6.21 0.0 HA 78 
   940 5.28 0.0 HA 87 
   1745 23.0 0.0 CD1 154 
   1144 8.6 0.0 H 104 
   675 2.44 0.0 HB3 66 
   1211 30.2 0.0 CB 109 
   615 4.91 0.0 HA 62 
   1402 4.57 0.0 HA 128 
   344 0.97 0.0 HB2 40 
   928 7.33 0.0 HD1 86 
   18 1.47 0.0 HB1 13 
   1722 62.3 0.0 CA 153 
   495 2.1 0.0 HB 51 
   1592 -0.51 0.0 HD12 142 
   177 29.2 0.0 CD 25 
   771 54.9 0.0 CA 74 
   1356 24.8 0.0 CG1 123 
   494 3.25 0.0 HA 51 
   226 1.82 0.0 HB2 31 
   1090 133.8 0.0 CD2 98 
   2000 2.31 0.0 HG3 175 
   988 14.6 0.0 CD1 90 
   1215 4.34 0.0 HA 110 
   348 0.84 0.0 HD12 40 
   979 1.02 0.0 HG22 90 
   1235 56.4 0.0 CA 111 
   1650 4.49 0.0 HA 147 
   620 5.55 0.0 HE1 62 
   112 0.18 0.0 HG23 21 
   588 8.49 0.0 H 60 
   1515 0.92 0.0 HB2 136 
   569 19.0 0.0 CB 57 
   1556 2.87 0.0 HE2 139 
   589 4.4 0.0 HA 60 
   1828 26.2 0.0 CG 161 
   1831 118.0 0.0 N 161 
   684 6.71 0.0 HD22 67 
   271 1.77 0.0 HG 35 
   324 8.08 0.0 HE22 38 
   1091 118.2 0.0 CE1 98 
   371 25.0 0.0 CG 41 
   31 68.6 0.0 CB 14 
   511 2.31 0.0 HG2 52 
   626 132.0 0.0 CD2 62 
   1717 9.7 0.0 HE1 153 
   1045 1.91 0.0 HG3 95 
   220 63.2 0.0 CA 30 
   1303 117.4 0.0 CE2 118 
   890 108.0 0.0 N 83 
   339 29.8 0.0 CB 39 
   690 3.96 0.0 HA 68 
   901 0.64 0.0 HD23 84 
   1281 56.2 0.0 CA 116 
   1888 1.0 0.0 HG13 166 
   1500 7.5 0.0 H 135 
   1508 57.0 0.0 CA 135 
   924 9.53 0.0 H 86 
   600 9.85 0.0 HE1 61 
   1575 127.3 0.0 CD1 140 
   1882 108.0 0.0 N 165 
   1869 1.59 0.0 HD3 164 
   375 7.68 0.0 H 42 
   322 2.45 0.0 HG3 38 
   482 7.26 0.0 HD1 50 
   1287 1.89 0.0 HE2 117 
   67 1.1 0.0 HG22 17 
   1918 2.32 0.0 HG2 168 
   676 55.8 0.0 CA 66 
   323 6.95 0.0 HE21 38 
   1073 1.17 0.0 HG22 97 
   521 7.98 0.0 HD21 53 
   1252 3.12 0.0 HE3 113 
   234 27.1 0.0 CG 31 
   1332 1.23 0.0 HG3 122 
   1024 8.43 0.0 H 94 
   1563 122.6 0.0 N 139 
   1359 117.1 0.0 N 123 
   981 0.71 0.0 HD11 90 
   1138 2.95 0.0 HD2 103 
   906 24.8 0.0 CD2 84 
   514 29.2 0.0 CB 52 
   382 29.2 0.0 CB 42 
   357 24.3 0.0 CD2 40 
   420 34.2 0.0 CG 45 
   1843 65.1 0.0 CA 162 
   1838 0.81 0.0 HG22 162 
   293 7.05 0.0 HH2 36 
   1085 6.93 0.0 HE1 98 
   1335 2.91 0.0 HE2 122 
   1607 1.04 0.0 HB3 143 
   1053 3.78 0.0 HA 96 
   762 8.53 0.0 H 74 
   724 1.1 0.0 HG22 71 
   931 6.77 0.0 HE2 86 
   302 125.7 0.0 NE1 36 
   1626 1.11 0.0 HG 145 
   87 118.3 0.0 N 18 
   1104 49.5 0.0 CD 99 
   460 37.8 0.0 CB 48 
   705 8.77 0.0 H 69 
   903 43.1 0.0 CB 84 
   598 4.08 0.0 HB3 61 
   1233 2.6 0.0 HB2 111 
   1627 -0.05 0.0 HD11 145 
   1675 4.05 0.0 HA2 149 
   1815 7.82 0.0 H 161 
   1423 131.7 0.0 CD1 129 
   1296 6.74 0.0 HE1 118 
   1297 6.74 0.0 HE2 118 
   171 1.6 0.0 HD3 25 
   1916 1.92 0.0 HB2 168 
   1639 7.93 0.0 H 146 
   383 35.5 0.0 CG 42 
   487 38.5 0.0 CB 50 
   910 1.51 0.0 HB2 85 
   1800 1.71 0.0 HG2 159 
   688 110.7 0.0 ND2 67 
   689 8.83 0.0 H 68 
   77 0.94 0.0 HG11 18 
   627 133.7 0.0 CE1 62 
   1159 0.67 0.0 HG21 105 
   410 8.21 0.0 H 45 
   891 7.9 0.0 H 84 
   1004 6.51 0.0 HD1 92 
   1610 120.1 0.0 N 143 
   710 2.54 0.0 HG3 69 
   203 1.47 0.0 HB2 28 
   1099 3.44 0.0 HD2 99 
   1669 43.3 0.0 CB 148 
   196 51.1 0.0 CA 27 
   737 3.19 0.0 HD3 72 
   1342 118.4 0.0 N 122 
   719 107.1 0.0 N 70 
   50 1.9 0.0 HB3 16 
   575 55.3 0.0 CA 58 
   1017 8.57 0.0 H 93 
   1260 4.63 0.0 HA 114 
   1585 112.9 0.0 N 141 
   1214 7.93 0.0 H 110 
   1056 1.48 0.0 HG13 96 
   685 51.6 0.0 CA 67 
   462 17.0 0.0 CG2 48 
   1254 33.3 0.0 CB 113 
   1084 7.38 0.0 HD2 98 
   1568 6.2 0.0 HD1 140 
   9 2.03 0.0 HB3 12 
   752 6.46 0.0 HH2 73 
   922 41.3 0.0 CE 85 
   717 3.53 0.0 HA3 70 
   437 0.93 0.0 HD12 47 
   245 3.99 0.0 HA 33 
   1060 0.87 0.0 HD11 96 
   571 7.96 0.0 H 58 
   880 0.82 0.0 HD12 83 
   1786 0.42 0.0 HG22 158 
   211 44.9 0.0 CA 29 
   69 64.5 0.0 CA 17 
   622 5.65 0.0 HZ 62 
   543 1.6 0.0 HD2 55 
   1067 13.2 0.0 CD1 96 
   1101 62.8 0.0 CA 99 
   898 0.41 0.0 HD13 84 
   1993 121.0 0.0 N 174 
   1513 7.18 0.0 H 136 
   512 2.42 0.0 HG3 52 
   458 0.92 0.0 HD13 48 
   870 2.87 0.0 HB3 82 
   1044 1.84 0.0 HG2 95 
   1139 3.85 0.0 HD3 103 
   396 4.5 0.0 HA 44 
   1920 6.76 0.0 HE21 168 
   531 4.55 0.0 HD21 54 
   1583 4.14 0.0 HA3 141 
   71 21.1 0.0 CG1 17 
   656 54.3 0.0 CA 64 
   1118 1.08 0.0 HG21 101 
   373 42.2 0.0 CE 41 
   831 6.96 0.0 HD2 79 
   47 8.18 0.0 H 16 
   933 39.5 0.0 CB 86 
   708 2.23 0.0 HB3 69 
   109 1.61 0.0 HG13 21 
   1425 129.8 0.0 CE1 129 
   1488 123.0 0.0 CZ3 133 
   1379 41.7 0.0 CB 125 
   1318 4.1 0.0 HA2 120 
   718 46.2 0.0 CA 70 
   547 60.5 0.0 CA 55 
   591 2.96 0.0 HB3 60 
   1670 27.0 0.0 CG 148 
   1721 6.62 0.0 HH2 153 
   1430 3.99 0.0 HA 130 
   1283 119.1 0.0 N 116 
   1466 1.04 0.0 HD23 132 
   613 127.8 0.0 NE1 61 
   150 1.88 0.0 HB3 24 
   599 7.87 0.0 HD1 61 
   1043 2.39 0.0 HB3 95 
   1153 119.5 0.0 N 104 
   1807 49.4 0.0 CD 159 
   1463 0.93 0.0 HD13 132 
   1690 57.9 0.0 CA 150 
   749 7.03 0.0 HE3 73 
   231 3.17 0.0 HD3 31 
   632 4.37 0.0 HA 63 
   1986 4.67 0.0 HA 174 
   1559 32.6 0.0 CB 139 
   372 29.5 0.0 CD 41 
   1948 24.8 0.0 CG 170 
   1193 4.13 0.0 HA 108 
   1738 0.88 0.0 HD13 154 
   1604 3.75 0.0 HA 143 
   537 8.89 0.0 H 55 
   770 6.92 0.0 HZ 74 
   291 7.92 0.0 HZ2 36 
   835 44.0 0.0 CB 79 
   1255 25.6 0.0 CG 113 
   767 6.87 0.0 HD2 74 
   1286 1.89 0.0 HE1 117 
   1467 57.9 0.0 CA 132 
   1292 2.84 0.0 HB2 118 
   385 8.98 0.0 H 43 
   862 7.19 0.0 HD2 81 
   1652 1.22 0.0 HB2 147 
   62 2.21 0.0 HB 17 
   1300 132.5 0.0 CD1 118 
   832 6.69 0.0 HE1 79 
   1462 0.93 0.0 HD12 132 
   679 8.15 0.0 H 67 
   2005 33.7 0.0 CG 175 
   14 35.9 0.0 CG 12 
   572 4.38 0.0 HA 58 
   1983 27.8 0.0 CB 173 
   295 29.5 0.0 CB 36 
   515 36.4 0.0 CG 52 
   1465 1.04 0.0 HD22 132 
   634 1.82 0.0 HB3 63 
   65 1.01 0.0 HG13 17 
   1069 7.01 0.0 H 97 
   601 7.9 0.0 HE3 61 
   629 131.9 0.0 CZ 62 
   101 56.0 0.0 CA 20 
   1902 0.95 0.0 HG21 167 
   1894 21.8 0.0 CG1 166 
   1271 1.43 0.0 HB1 115 
   362 2.06 0.0 HB3 41 
   1290 18.0 0.0 CE 117 
   1006 6.63 0.0 HE1 92 
   1698 3.72 0.0 HA3 151 
   997 33.5 0.0 CB 91 
   1157 0.33 0.0 HG12 105 
   237 8.17 0.0 H 32 
   687 116.8 0.0 N 67 
   1372 0.13 0.0 HD11 125 
   1752 1.43 0.0 HB3 155 
   1728 122.7 0.0 CH2 153 
   1376 0.33 0.0 HD22 125 
   1341 41.8 0.0 CE 122 
   742 123.7 0.0 N 72 
   42 58.2 0.0 CA 15 
   83 64.2 0.0 CA 18 
   466 4.23 0.0 HA 49 
   1907 0.85 0.0 HD13 167 
   713 37.3 0.0 CG 69 
   424 4.12 0.0 HA 46 
   1377 0.33 0.0 HD23 125 
   1298 53.1 0.0 CA 118 
   636 1.74 0.0 HG3 63 
   1047 3.51 0.0 HD3 95 
   1165 62.8 0.0 CA 105 
   401 6.81 0.0 HE1 44 
   1968 1.65 0.0 HD2 172 
   526 110.8 0.0 ND2 53 
   1486 120.1 0.0 CE3 133 
   570 121.1 0.0 N 57 
   1051 50.6 0.0 CD 95 
   1660 2.08 0.0 HB3 148 
   1692 27.0 0.0 CG 150 
   468 2.07 0.0 HB3 49 
   284 8.01 0.0 H 36 
   276 1.01 0.0 HD22 35 
   32 22.0 0.0 CG2 14 
   1128 0.01 0.0 HB2 102 
   1250 1.6 0.0 HD3 113 
   354 41.3 0.0 CB 40 
   1885 2.17 0.0 HB 166 
   1794 18.6 0.0 CG2 158 
   857 128.9 0.0 N 80 
   1011 131.3 0.0 CD1 92 
   1880 4.11 0.0 HA3 165 
   1361 4.44 0.0 HA 124 
   1615 5.82 0.0 HD2 144 
   393 34.7 0.0 CG 43 
   513 59.7 0.0 CA 52 
   453 0.97 0.0 HG21 48 
   1417 7.05 0.0 HD2 129 
   759 123.7 0.0 CH2 73 
   1805 30.6 0.0 CB 159 
   55 57.8 0.0 CA 16 
   1625 2.33 0.0 HB3 145 
   186 65.4 0.0 CA 26 
   721 4.41 0.0 HA 71 
   144 18.2 0.0 CG1 23 
   277 1.01 0.0 HD23 35 
   99 2.21 0.0 HG2 20 
   119 17.2 0.0 CG2 21 
   567 1.5 0.0 HB3 57 
   278 56.6 0.0 CA 35 
   1743 42.6 0.0 CB 154 
   425 3.98 0.0 HB2 46 
   795 38.2 0.0 CB 76 
   92 60.1 0.0 CA 19 
   412 2.23 0.0 HB2 45 
   20 1.47 0.0 HB3 13 
   907 121.8 0.0 N 84 
   1380 26.3 0.0 CG 125 
   1019 2.51 0.0 HB2 93 
   1866 1.45 0.0 HG2 164 
   1646 31.6 0.0 CB 146 
   1526 0.66 0.0 HG11 137 
   1624 1.42 0.0 HB2 145 
   225 4.34 0.0 HA 31 
   672 7.8 0.0 H 66 
   1552 1.26 0.0 HG2 139 
   1422 39.5 0.0 CB 129 
   911 1.74 0.0 HB3 85 
   1428 121.3 0.0 N 129 
   104 119.8 0.0 N 20 
   1108 1.25 0.0 HG21 100 
   1608 55.6 0.0 CA 143 
   1740 1.14 0.0 HD22 154 
   2 2.76 0.0 HB2 11 
   881 0.82 0.0 HD13 83 
   116 59.2 0.0 CA 21 
   646 5.07 0.0 HA 64 
   851 0.82 0.0 HD13 80 
   1285 2.4 0.0 HG3 117 
   1198 3.48 0.0 HD2 108 
   1328 4.58 0.0 HA 122 
   772 40.5 0.0 CB 74 
   1414 3.1 0.0 HB2 129 
   1784 1.49 0.0 HG13 158 
   240 3.09 0.0 HB3 32 
   1426 129.8 0.0 CE2 129 
   37 1.87 0.0 HB3 15 
   1761 0.75 0.0 HG13 156 
   72 21.8 0.0 CG2 17 
   1474 3.57 0.0 HA 133 
   1775 1.28 0.0 HG3 157 
   648 1.86 0.0 HB3 64 
   1992 38.6 0.0 CB 174 
   1770 7.92 0.0 H 157 
   145 22.0 0.0 CG2 23 
   218 2.45 0.0 HD2 30 
   1742 57.8 0.0 CA 154 
   1065 27.8 0.0 CG1 96 
   1492 8.33 0.0 H 134 
   985 42.8 0.0 CB 90 
   799 121.3 0.0 N 76 
   965 121.3 0.0 N 88 
   164 8.31 0.0 H 25 
   1081 2.76 0.0 HB2 98 
   796 24.8 0.0 CG 76 
   1849 8.1 0.0 H 163 
   1577 129.7 0.0 CE1 140 
   1119 1.08 0.0 HG22 101 
   1316 120.9 0.0 N 119 
   1048 62.1 0.0 CA 95 
   1321 113.5 0.0 N 120 
   1399 40.2 0.0 CB 127 
   321 2.45 0.0 HG2 38 
   1395 4.38 0.0 HA 127 
   1005 6.51 0.0 HD2 92 
   868 4.02 0.0 HA 82 
   946 34.7 0.0 CB 87 
   451 1.26 0.0 HG12 48 
   1730 127.7 0.0 NE1 153 
   303 7.5 0.0 H 37 
   801 5.55 0.0 HA 77 
   1586 10.28 0.0 H 142 
   1150 54.1 0.0 CA 104 
   1621 115.4 0.0 N 144 
   1969 1.65 0.0 HD3 172 
   208 8.82 0.0 H 29 
   1863 4.19 0.0 HA 164 
   683 7.79 0.0 HD21 67 
   1448 1.99 0.0 HG2 131 
   1308 1.58 0.0 HG2 119 
   1750 1.43 0.0 HB1 155 
   1741 1.14 0.0 HD23 154 
   1238 8.62 0.0 H 112 
   757 113.1 0.0 CZ2 73 
   1616 7.71 0.0 HE1 144 
   1549 4.17 0.0 HA 139 
   1976 41.8 0.0 CE 172 
   523 55.6 0.0 CA 53 
   619 5.47 0.0 HD2 62 
   1921 7.47 0.0 HE22 168 
   682 3.59 0.0 HB3 67 
   1289 36.0 0.0 CG 117 
   1801 2.05 0.0 HG3 159 
   1227 26.9 0.0 CG 110 
   97 1.96 0.0 HB2 20 
   2001 7.5 0.0 HE21 175 
   725 1.1 0.0 HG23 71 
   267 8.01 0.0 H 35 
   1659 1.74 0.0 HB2 148 
   1111 67.1 0.0 CA 100 
   387 2.22 0.0 HB2 43 
   1207 2.39 0.0 HB3 109 
   1305 4.25 0.0 HA 119 
   563 7.52 0.0 H 57 
   1420 6.93 0.0 HZ 129 
   653 0.91 0.0 HD21 64 
   709 2.34 0.0 HG2 69 
   264 28.8 0.0 CB 34 
   937 117.5 0.0 CE2 86 
   122 4.51 0.0 HA 22 
   557 7.04 0.0 HD21 56 
   1633 58.4 0.0 CA 145 
   1231 7.36 0.0 H 111 
   1058 0.98 0.0 HG22 96 
   1181 1.96 0.0 HB 107 
   896 0.41 0.0 HD11 84 
   1239 4.25 0.0 HA2 112 
   948 122.6 0.0 N 87 
   1657 8.89 0.0 H 148 
   1278 4.0 0.0 HA 116 
   1845 29.2 0.0 CG1 162 
   113 -0.19 0.0 HD11 21 
   1441 26.5 0.0 CG 130 
   1489 123.1 0.0 CH2 133 
   430 114.9 0.0 N 46 
   1739 1.14 0.0 HD21 154 
   991 5.29 0.0 HA 91 
   1164 0.43 0.0 HD13 105 
   239 3.17 0.0 HB2 32 
   528 4.38 0.0 HA 54 
   59 120.5 0.0 N 16 
   1049 32.4 0.0 CB 95 
   813 7.27 0.0 HE3 78 
   1835 0.32 0.0 HG12 162 
   879 0.82 0.0 HD11 83 
   421 117.4 0.0 N 45 
   640 54.8 0.0 CA 63 
   655 0.91 0.0 HD23 64 
   1651 1.22 0.0 HB1 147 
   638 3.25 0.0 HD3 63 
   13 29.4 0.0 CB 12 
   1706 3.08 0.0 HD2 152 
   1411 114.8 0.0 N 128 
   1230 116.5 0.0 N 110 
   1435 1.73 0.0 HD2 130 
   905 22.3 0.0 CD1 84 
   972 122.9 0.0 N 89 
   1873 34.1 0.0 CB 164 
   914 1.27 0.0 HD2 85 
   407 117.8 0.0 CE1 44 
   644 118.8 0.0 N 63 
   1322 8.15 0.0 H 121 
   1145 4.26 0.0 HA 104 
   1170 124.1 0.0 N 105 
   1447 2.29 0.0 HB3 131 
   1892 63.3 0.0 CA 166 
   54 3.21 0.0 HD3 16 
   1841 0.01 0.0 HD12 162 
   841 8.07 0.0 H 80 
   877 2.1 0.0 HB3 83 
   365 1.74 0.0 HD2 41 
   1397 2.68 0.0 HB3 127 
   192 2.32 0.0 HB2 27 
   869 2.25 0.0 HB2 82 
   861 3.25 0.0 HB3 81 
   1581 9.74 0.0 H 141 
   242 40.8 0.0 CB 32 
   1557 2.91 0.0 HE3 139 
   1202 27.1 0.0 CG 108 
   1872 56.9 0.0 CA 164 
   641 33.8 0.0 CB 63 
   1665 0.92 0.0 HD21 148 
   1057 0.98 0.0 HG21 96 
   1429 8.59 0.0 H 130 
   695 1.69 0.0 HD2 68 
   266 121.5 0.0 N 34 
   1925 121.6 0.0 N 168 
   153 1.0 0.0 HD12 24 
   1718 7.08 0.0 HE3 153 
   340 26.9 0.0 CG 39 
   778 117.0 0.0 N 74 
   1961 119.4 0.0 N 171 
   1483 61.0 0.0 CA 133 
   954 7.16 0.0 HD2 88 
   1637 23.3 0.0 CD2 145 
   932 57.5 0.0 CA 86 
   86 22.0 0.0 CG2 18 
   1036 36.4 0.0 CB 94 
   84 31.9 0.0 CB 18 
   167 1.76 0.0 HB3 25 
   1736 0.88 0.0 HD11 154 
   976 0.84 0.0 HG12 90 
   897 0.41 0.0 HD12 84 
   52 1.6 0.0 HG3 16 
   316 116.1 0.0 N 37 
   161 27.0 0.0 CD1 24 
   1507 3.11 0.0 HD3 135 
   263 59.6 0.0 CA 34 
   347 0.84 0.0 HD11 40 
   1189 31.4 0.0 CB 107 
   1149 2.24 0.0 HG3 104 
   377 2.27 0.0 HB2 42 
   419 28.3 0.0 CB 45 
   1034 0.45 0.0 HD13 94 
   643 42.6 0.0 CD 63 
   1884 4.04 0.0 HA 166 
   1844 38.3 0.0 CB 162 
   1818 1.9 0.0 HB3 161 
   282 25.2 0.0 CD2 35 
   844 0.96 0.0 HG12 80 
   193 3.25 0.0 HB3 27 
   761 127.0 0.0 NE1 73 
   1746 27.6 0.0 CD2 154 
   399 7.33 0.0 HD1 44 
   593 40.5 0.0 CB 60 
   658 27.3 0.0 CG 64 
   507 8.37 0.0 H 52 
   168 1.29 0.0 HG2 25 
   290 7.31 0.0 HE3 36 
   360 4.16 0.0 HA 41 
   1737 0.88 0.0 HD12 154 
   1075 60.5 0.0 CA 97 
   780 4.93 0.0 HA2 75 
   842 5.13 0.0 HA 80 
   1325 45.6 0.0 CA 121 
   1293 3.08 0.0 HB3 118 
   885 57.1 0.0 CA 83 
   1629 -0.05 0.0 HD13 145 
   1883 7.79 0.0 H 166 
   760 125.1 0.0 N 73 
   1995 8.36 0.0 H 175 
   1501 4.14 0.0 HA 135 
   1613 2.35 0.0 HB2 144 
   1567 2.06 0.0 HB3 140 
   1555 1.62 0.0 HD3 139 
   330 8.2 0.0 H 39 
   1962 8.44 0.0 H 172 
   1979 4.42 0.0 HA 173 
   775 130.0 0.0 CE1 74 
   774 131.7 0.0 CD2 74 
   944 2.0 0.0 HG3 87 
   1439 62.3 0.0 CA 130 
   1930 2.88 0.0 HB3 169 
   250 3.34 0.0 HD2 33 
   1676 3.16 0.0 HA3 149 
   1806 28.7 0.0 CG 159 
   1897 6.85 0.0 H 167 
   308 0.99 0.0 HG13 37 
   353 57.5 0.0 CA 40 
   124 2.46 0.0 HB3 22 
   1635 26.4 0.0 CG 145 
   1205 4.3 0.0 HA 109 
   359 7.57 0.0 H 41 
   1984 120.4 0.0 N 173 
   1212 36.8 0.0 CG 109 
   1246 1.82 0.0 HB3 113 
   1666 0.92 0.0 HD22 148 
   190 9.34 0.0 H 27 
   1499 117.9 0.0 N 134 
   1140 61.6 0.0 CA 103 
   461 29.8 0.0 CG1 48 
   1374 0.13 0.0 HD13 125 
   1401 7.93 0.0 H 128 
   727 69.3 0.0 CB 71 
   1279 2.0 0.0 HB2 116 
   223 48.9 0.0 CD 30 
   554 4.54 0.0 HA 56 
   1249 1.6 0.0 HD2 113 
   1851 2.24 0.0 HB2 163 
   867 9.03 0.0 H 82 
   1472 119.9 0.0 N 132 
   1808 6.55 0.0 H 160 
   1821 0.66 0.0 HD12 161 
   106 4.14 0.0 HA 21 
   1314 27.1 0.0 CG 119 
   1240 3.79 0.0 HA3 112 
   1247 1.3 0.0 HG2 113 
   1619 115.6 0.0 CD2 144 
   1965 1.85 0.0 HB3 172 
   758 120.1 0.0 CZ3 73 
   1951 123.6 0.0 N 170 
   1817 1.16 0.0 HB2 161 
   691 1.81 0.0 HB2 68 
   1518 7.29 0.0 HD22 136 
   159 41.3 0.0 CB 24 
   1758 1.8 0.0 HB 156 
   830 6.96 0.0 HD1 79 
   1846 16.7 0.0 CG2 162 
   422 111.4 0.0 NE2 45 
   1220 0.5 0.0 HD12 110 
   1655 20.6 0.0 CB 147 
   1344 3.77 0.0 HA 123 
   1054 1.9 0.0 HB 96 
   1479 7.41 0.0 HE3 133 
   1904 0.95 0.0 HG23 167 
   1813 41.7 0.0 CB 160 
   1793 28.2 0.0 CG1 158 
   1258 117.5 0.0 N 113 
   1839 0.81 0.0 HG23 162 
   355 26.0 0.0 CG 40 
   95 7.79 0.0 H 20 
   1707 3.6 0.0 HD3 152 
   1764 0.93 0.0 HG23 156 
   561 118.9 0.0 N 56 
   438 0.93 0.0 HD13 47 
   995 2.13 0.0 HG3 91 
   129 63.3 0.0 CA 22 
   935 132.9 0.0 CD2 86 
   1477 6.93 0.0 HD1 133 
   1102 33.2 0.0 CB 99 
   241 55.0 0.0 CA 32 
   1223 0.68 0.0 HD22 110 
   3 2.76 0.0 HB3 11 
   1664 0.8 0.0 HD13 148 
   127 3.72 0.0 HD2 22 
   1952 8.55 0.0 H 171 
   1179 8.02 0.0 H 107 
   1903 0.95 0.0 HG22 167 
   1827 41.4 0.0 CB 161 
   1493 4.17 0.0 HA 134 
   1727 119.6 0.0 CZ3 153 
   980 1.02 0.0 HG23 90 
   110 0.18 0.0 HG21 21 
   436 0.93 0.0 HD11 47 
   1082 3.27 0.0 HB3 98 
   1591 -0.51 0.0 HD11 142 
   261 2.42 0.0 HG2 34 
   350 0.86 0.0 HD21 40 
   850 0.82 0.0 HD12 80 
   1158 1.15 0.0 HG13 105 
   488 131.7 0.0 CD1 50 
   299 120.3 0.0 CZ3 36 
   397 3.17 0.0 HB2 44 
   1199 3.77 0.0 HD3 108 
   493 8.77 0.0 H 51 
   978 1.02 0.0 HG21 90 
   248 1.72 0.0 HG2 33 
   1974 24.7 0.0 CG 172 
   1857 58.8 0.0 CA 163 
   1392 21.7 0.0 CG2 126 
   1277 8.32 0.0 H 116 
   1580 113.4 0.0 N 140 
   736 3.09 0.0 HD2 72 
   722 4.57 0.0 HB 71 
   1201 32.3 0.0 CB 108 
   960 131.7 0.0 CD1 88 
   1999 2.31 0.0 HG2 175 
   538 3.93 0.0 HA 55 
   1183 0.58 0.0 HG12 107 
   594 120.0 0.0 N 60 
   1348 -0.36 0.0 HG21 123 
   820 119.9 0.0 CE3 78 
   1326 107.3 0.0 N 121 
   802 2.94 0.0 HB2 77 
   987 19.5 0.0 CG2 90 
   1074 1.17 0.0 HG23 97 
   68 1.1 0.0 HG23 17 
   957 7.05 0.0 HZ 88 
   1514 4.26 0.0 HA 136 
   148 4.56 0.0 HA 24 
   1799 2.07 0.0 HB3 159 
   19 1.47 0.0 HB2 13 
   1926 112.3 0.0 NE2 168 
   1302 117.4 0.0 CE1 118 
   577 116.9 0.0 N 58 
   1539 1.47 0.0 HB3 138 
   1232 4.44 0.0 HA 111 
   651 0.91 0.0 HD12 64 
   1682 2.33 0.0 HB3 150 
   882 0.77 0.0 HD21 83 
   1602 125.0 0.0 N 142 
   163 126.3 0.0 N 24 
   1299 39.5 0.0 CB 118 
   874 8.23 0.0 H 83 
   1860 121.6 0.0 N 163 
   1394 8.77 0.0 H 127 
   1564 6.28 0.0 H 140 
   1649 8.35 0.0 H 147 
   875 3.58 0.0 HA 83 
   1070 4.43 0.0 HA 97 
   562 112.3 0.0 ND2 56 
   1688 1.16 0.0 HD22 150 
   865 119.9 0.0 CD2 81 
   1656 120.5 0.0 N 147 
   1939 1.7 0.0 HB3 170 
   1363 2.78 0.0 HB3 124 
   1531 1.08 0.0 HG23 137 
   1112 67.9 0.0 CB 100 
   859 4.82 0.0 HA 81 
   128 4.08 0.0 HD3 22 
   1878 7.93 0.0 H 165 
   386 4.33 0.0 HA 43 
   1842 0.01 0.0 HD13 162 
   1369 1.43 0.0 HB2 125 
   1744 26.8 0.0 CG 154 
   403 62.3 0.0 CA 44 
   878 1.45 0.0 HG 83 
   1927 8.65 0.0 H 169 
   312 66.4 0.0 CA 37 
   819 125.9 0.0 CD1 78 
   1114 122.2 0.0 N 100 
   568 51.2 0.0 CA 57 
   1134 0.87 0.0 HB2 103 
   884 0.77 0.0 HD23 83 
   464 118.5 0.0 N 48 
   452 1.86 0.0 HG13 48 
   79 0.94 0.0 HG13 18 
   188 22.0 0.0 CG2 26 
   1407 57.1 0.0 CA 128 
   1270 4.47 0.0 HA 115 
   1687 1.16 0.0 HD21 150 
   443 42.7 0.0 CB 47 
   1565 4.03 0.0 HA 140 
   1253 56.4 0.0 CA 113 
   12 58.2 0.0 CA 12 
   1576 127.3 0.0 CD2 140 
   616 2.1 0.0 HB2 62 
   1760 0.75 0.0 HG12 156 
   402 6.81 0.0 HE2 44 
   1229 22.5 0.0 CD2 110 
   175 35.9 0.0 CB 25 
   180 10.39 0.0 H 26 
   564 4.51 0.0 HA 57 
   1217 1.6 0.0 HB3 110 
   1038 16.8 0.0 CG2 94 
   1288 1.89 0.0 HE3 117 
   1236 41.0 0.0 CB 111 
   1033 0.45 0.0 HD12 94 
   592 54.1 0.0 CA 60 
   509 2.1 0.0 HB2 52 
   485 6.97 0.0 HE2 50 
   21 54.2 0.0 CA 13 
   141 1.13 0.0 HG23 23 
   1125 7.94 0.0 H 102 
   1052 8.69 0.0 H 96 
   1333 1.6 0.0 HD2 122 
   1360 7.71 0.0 H 124 
   1028 2.13 0.0 HG13 94 
   1257 42.5 0.0 CE 113 
   894 1.93 0.0 HB3 84 
   1554 1.56 0.0 HD2 139 
   951 2.71 0.0 HB2 88 
   334 1.47 0.0 HG2 39 
   2007 112.3 0.0 NE2 175 
   502 67.2 0.0 CA 51 
   1026 2.04 0.0 HB 94 
   534 36.9 0.0 CB 54 
   1719 7.16 0.0 HZ2 153 
   1110 1.25 0.0 HG23 100 
   913 1.18 0.0 HG3 85 
   1891 1.0 0.0 HG23 166 
   1094 3.55 0.0 HA 99 
   428 62.8 0.0 CA 46 
   751 6.65 0.0 HZ3 73 
   1589 1.6 0.0 HB3 142 
   860 2.85 0.0 HB2 81 
   228 1.58 0.0 HG2 31 
   255 43.1 0.0 CD 33 
   7 4.11 0.0 HA 12 
   1272 1.43 0.0 HB2 115 
   853 38.1 0.0 CB 80 
   1224 0.68 0.0 HD23 110 
   1195 2.4 0.0 HB3 108 
   268 4.34 0.0 HA 35 
   942 1.9 0.0 HB3 87 
   1008 6.45 0.0 HZ 92 
   699 59.8 0.0 CA 68 
   439 0.98 0.0 HD21 47 
   665 1.81 0.0 HB3 65 
   975 1.75 0.0 HB 90 
   1874 26.3 0.0 CG 164 
   963 129.6 0.0 CE2 88 
   1710 28.3 0.0 CG 152 
   1685 0.87 0.0 HD12 150 
   1848 120.1 0.0 N 162 
   1546 24.1 0.0 CG 138 
   1161 0.67 0.0 HG23 105 
   964 128.3 0.0 CZ 88 
   1734 2.04 0.0 HB3 154 
   1910 25.3 0.0 CG1 167 
   696 1.69 0.0 HD3 68 
   1875 29.2 0.0 CD 164 
   1228 25.1 0.0 CD1 110 
   1445 4.38 0.0 HA 131 
   1495 1.5 0.0 HB2 134 
   247 2.12 0.0 HB3 33 
   631 8.75 0.0 H 63 
   1823 0.73 0.0 HD21 161 
   1812 57.2 0.0 CA 160 
   1146 1.71 0.0 HB2 104 
   1357 17.0 0.0 CG2 123 
   1829 26.1 0.0 CD1 161 
   341 121.0 0.0 N 39 
   1855 7.42 0.0 HE21 163 
   1802 3.0 0.0 HD2 159 
   826 9.23 0.0 H 79 
   444 27.4 0.0 CG 47 
   1242 115.0 0.0 N 112 
   85 21.7 0.0 CG1 18 
   1116 4.28 0.0 HA 101 
   446 23.9 0.0 CD2 47 
   776 130.0 0.0 CE2 74 
   1427 129.2 0.0 CZ 129 
   768 7.0 0.0 HE1 74 
   1504 1.59 0.0 HG2 135 
   1712 7.2 0.0 H 153 
   1509 30.1 0.0 CB 135 
   553 8.2 0.0 H 56 
   1792 30.6 0.0 CB 158 
   152 1.0 0.0 HD11 24 
   1107 4.44 0.0 HB 100 
   809 3.11 0.0 HB2 78 
   5 40.9 0.0 CB 11 
   732 1.63 0.0 HB2 72 
   1383 126.2 0.0 N 125 
   1003 3.68 0.0 HB3 92 
   297 122.1 0.0 CE3 36 
   1782 1.56 0.0 HB 158 
   919 34.2 0.0 CB 85 
   426 3.98 0.0 HB3 46 
   1522 116.8 0.0 ND2 136 
   1178 128.8 0.0 N 106 
   1055 1.32 0.0 HG12 96 
   74 8.12 0.0 H 18 
   837 131.9 0.0 CD2 79 
   380 2.69 0.0 HG3 42 
   542 1.59 0.0 HG3 55 
   1413 4.07 0.0 HA 129 
   1572 6.2 0.0 HZ 140 
   661 123.1 0.0 N 64 
   1985 8.55 0.0 H 174 
   404 37.9 0.0 CB 44 
   586 116.4 0.0 N 59 
   81 1.01 0.0 HG22 18 
   1691 42.2 0.0 CB 150 
   968 2.72 0.0 HB2 89 
   1517 6.92 0.0 HD21 136 
   39 1.72 0.0 HG3 15 
   457 0.92 0.0 HD12 48 
   17 4.21 0.0 HA 13 
   121 122.5 0.0 N 21 
   1966 1.35 0.0 HG2 172 
   1822 0.66 0.0 HD13 161 
   1431 1.96 0.0 HB2 130 
   1115 7.25 0.0 H 101 
   326 28.0 0.0 CB 38 
   1558 57.9 0.0 CA 139 
   1481 7.04 0.0 HZ3 133 
   1723 29.6 0.0 CB 153 
   1046 3.51 0.0 HD2 95 
   849 0.82 0.0 HD11 80 
   1088 42.0 0.0 CB 98 
   1491 130.6 0.0 NE1 133 
   1535 22.9 0.0 CG2 137 
   741 43.1 0.0 CD 72 
   1713 4.06 0.0 HA 153 
   510 2.21 0.0 HB3 52 
   431 8.42 0.0 H 47 
   583 7.7 0.0 HD22 59 
   1751 1.43 0.0 HB2 155 
   1320 45.5 0.0 CA 120 
   926 2.88 0.0 HB2 86 
   1588 0.74 0.0 HB2 142 
   185 1.25 0.0 HG23 26 
   670 36.3 0.0 CG 65 
   1219 0.5 0.0 HD11 110 
   1023 118.3 0.0 N 93 
   184 1.25 0.0 HG22 26 
   1772 0.27 0.0 HB2 157 
   480 3.32 0.0 HB2 50 
   1480 7.26 0.0 HZ2 133 
   318 4.09 0.0 HA 38 
   546 2.84 0.0 HE3 55 
   1834 1.39 0.0 HB 162 
   1323 3.93 0.0 HA2 121 
   929 7.33 0.0 HD2 86 
   966 8.46 0.0 H 89 
   1774 0.82 0.0 HG2 157 
   1796 115.7 0.0 N 158 
   1912 14.6 0.0 CD1 167 
   1963 4.4 0.0 HA 172 
   27 1.24 0.0 HG21 14 
   413 2.34 0.0 HB3 45 
   1162 0.43 0.0 HD11 105 
   707 2.1 0.0 HB2 69 
   992 2.07 0.0 HB2 91 
   1705 2.09 0.0 HG3 152 
   1370 1.68 0.0 HB3 125 
   1777 29.2 0.0 CB 157 
   522 6.74 0.0 HD22 53 
   483 7.26 0.0 HD2 50 
   475 26.1 0.0 CG 49 
   1039 8.7 0.0 CD1 94 
   1185 0.93 0.0 HG21 107 
   22 18.5 0.0 CB 13 
   384 119.4 0.0 N 42 
   1947 33.5 0.0 CB 170 
   1980 2.81 0.0 HB2 173 
   1753 53.8 0.0 CA 155 
   1638 121.2 0.0 N 145 
   1173 1.34 0.0 HB1 106 
   1381 25.2 0.0 CD1 125 
   889 22.5 0.0 CD2 83 
   1958 55.9 0.0 CA 171 
   1218 1.35 0.0 HG 110 
   1496 1.5 0.0 HB3 134 
   822 120.5 0.0 CZ3 78 
   635 1.6 0.0 HG2 63 
   740 27.4 0.0 CG 72 
   292 7.51 0.0 HZ3 36 
   1176 50.2 0.0 CA 106 
   392 28.4 0.0 CB 43 
   477 119.0 0.0 N 49 
   1570 6.77 0.0 HE1 140 
   854 27.8 0.0 CG1 80 
   1304 8.4 0.0 H 119 
   1268 110.1 0.0 N 114 
   1095 1.45 0.0 HB2 99 
   994 2.13 0.0 HG2 91 
   614 6.81 0.0 H 62 
   1620 136.3 0.0 CE1 144 
   855 17.1 0.0 CG2 80 
   794 53.9 0.0 CA 76 
   1551 1.6 0.0 HB3 139 
   179 116.8 0.0 N 25 
   53 3.21 0.0 HD2 16 
   1100 3.8 0.0 HD3 99 
   1343 7.91 0.0 H 123 
   1833 3.68 0.0 HA 162 
   585 39.9 0.0 CB 59 
   1708 64.6 0.0 CA 152 
   165 4.41 0.0 HA 25 
   300 122.2 0.0 CH2 36 
   1870 2.92 0.0 HE2 164 
   1113 21.6 0.0 CG2 100 
   435 1.91 0.0 HG 47 
   1795 8.6 0.0 CD1 158 
   1941 1.38 0.0 HG3 170 
   1540 1.25 0.0 HG2 138 
   441 0.98 0.0 HD23 47 
   187 68.1 0.0 CB 26 
   804 55.2 0.0 CA 77 
   582 6.69 0.0 HD21 59 
   298 114.2 0.0 CZ2 36 
   398 3.25 0.0 HB3 44 
   1757 3.87 0.0 HA 156 
   287 3.79 0.0 HB3 36 
   1196 1.88 0.0 HG2 108 
   1672 22.7 0.0 CD2 148 
   1042 1.84 0.0 HB2 95 
   417 6.94 0.0 HE22 45 
   939 8.12 0.0 H 87 
   664 1.55 0.0 HB2 65 
   1631 0.45 0.0 HD22 145 
   1628 -0.05 0.0 HD12 145 
   1600 23.0 0.0 CD1 142 
   1936 8.48 0.0 H 170 
   766 6.87 0.0 HD1 74 
   1684 0.87 0.0 HD11 150 
   800 9.17 0.0 H 77 
   194 6.5 0.0 HD21 27 
   1310 3.21 0.0 HD2 119 
   1778 34.2 0.0 CG 157 
   1771 3.85 0.0 HA 157 
   501 0.8 0.0 HG23 51 
   257 9.25 0.0 H 34 
   888 25.2 0.0 CD1 83 
   784 8.54 0.0 H 76 
   1375 0.33 0.0 HD21 125 
   873 131.6 0.0 N 82 
   1987 2.77 0.0 HB2 174 
   1900 0.81 0.0 HG12 167 
   1724 127.0 0.0 CD1 153 
   11 2.32 0.0 HG3 12 
   654 0.91 0.0 HD22 64 
   858 9.14 0.0 H 81 
   788 1.43 0.0 HG2 76 
   1696 9.07 0.0 H 151 
   1029 0.7 0.0 HG21 94 
   176 24.6 0.0 CG 25 
   1269 8.73 0.0 H 115 
   824 117.5 0.0 N 78 
   915 1.28 0.0 HD3 85 
   1059 0.98 0.0 HG23 96 
   1573 51.9 0.0 CA 140 
   590 2.19 0.0 HB2 60 
   846 0.64 0.0 HG21 80 
   807 9.24 0.0 H 78 
   1603 9.24 0.0 H 143 
   821 114.1 0.0 CZ2 78 
   1127 0.01 0.0 HB1 102 
   993 2.38 0.0 HB3 91 
   406 131.7 0.0 CD2 44 
   1934 120.5 0.0 CD2 169 
   131 27.7 0.0 CG 22 
   479 4.78 0.0 HA 50 
   1371 1.35 0.0 HG 125 
   1913 112.3 0.0 N 167 
   492 119.9 0.0 N 50 
   1847 14.9 0.0 CD1 162 
   825 131.3 0.0 NE1 78 
   782 45.8 0.0 CA 75 
   1473 8.49 0.0 H 133 
   1182 0.58 0.0 HG11 107 
   306 0.99 0.0 HG11 37 
   712 29.6 0.0 CB 69 
   1148 2.07 0.0 HG2 104 
   1759 0.75 0.0 HG11 156 
   281 22.8 0.0 CD1 35 
   283 119.1 0.0 N 35 
   434 2.21 0.0 HB3 47 
   273 0.91 0.0 HD12 35 
   1086 7.33 0.0 HE2 98 
   611 123.3 0.0 CH2 61 
   1937 4.24 0.0 HA 170 
   210 4.82 0.0 HA3 29 
   1366 121.7 0.0 N 124 
   1647 32.2 0.0 CG 146 
   1382 22.6 0.0 CD2 125 
   1671 26.1 0.0 CD1 148 
   1928 4.05 0.0 HA 169 
   883 0.77 0.0 HD22 83 
   745 1.04 0.0 HB2 73 
   1686 0.87 0.0 HD13 150 
   503 31.5 0.0 CB 51 
   100 2.4 0.0 HG3 20 
   673 4.75 0.0 HA 66 
   623 57.0 0.0 CA 62 
   856 12.7 0.0 CD1 80 
   432 4.23 0.0 HA 47 
   1779 117.5 0.0 N 157 
   414 2.54 0.0 HG2 45 
   325 58.3 0.0 CA 38 
   1259 7.31 0.0 H 114 
   1950 41.8 0.0 CE 170 
   723 1.1 0.0 HG21 71 
   1733 1.24 0.0 HB2 154 
   1803 3.0 0.0 HD3 159 
   1197 2.12 0.0 HG3 108 
   792 2.95 0.0 HE2 76 
   76 2.19 0.0 HB 18 
   1105 8.2 0.0 H 100 
   539 1.91 0.0 HB2 55 
   307 0.99 0.0 HG12 37 
   1282 29.0 0.0 CB 116 
   1405 7.06 0.0 HD2 128 
   490 118.8 0.0 CE1 50 
   1826 57.4 0.0 CA 161 
   943 2.0 0.0 HG2 87 
   1409 120.2 0.0 CD2 128 
   750 7.02 0.0 HZ2 73 
   1641 2.2 0.0 HB2 146 
   1982 58.6 0.0 CA 173 
   1096 2.2 0.0 HB3 99 
   1544 64.6 0.0 CA 138 
   1748 7.31 0.0 H 155 
