   202 1.47 0.0 HB1 28 
   1376 0.33 0.0 HD22 125 
   469 1.74 0.0 HG2 49 
   1521 116.3 0.0 N 136 
   1472 119.9 0.0 N 132 
   1061 0.87 0.0 HD12 96 
   2004 29.2 0.0 CB 175 
   86 22.0 0.0 CG2 18 
   1602 125.0 0.0 N 142 
   1512 113.5 0.0 N 135 
   1673 110.9 0.0 N 148 
   1776 57.3 0.0 CA 157 
   1527 0.66 0.0 HG12 137 
   28 1.24 0.0 HG22 14 
   792 2.95 0.0 HE2 76 
   768 7.0 0.0 HE1 74 
   78 0.94 0.0 HG12 18 
   278 56.6 0.0 CA 35 
   1148 2.07 0.0 HG2 104 
   1679 7.83 0.0 H 150 
   925 4.52 0.0 HA 86 
   1980 2.81 0.0 HB2 173 
   317 7.16 0.0 H 38 
   332 1.78 0.0 HB2 39 
   636 1.74 0.0 HG3 63 
   29 1.24 0.0 HG23 14 
   747 6.4 0.0 HD1 73 
   416 7.61 0.0 HE21 45 
   1628 -0.05 0.0 HD12 145 
   1650 4.49 0.0 HA 147 
   1874 26.3 0.0 CG 164 
   1629 -0.05 0.0 HD13 145 
   143 32.8 0.0 CB 23 
   1317 8.98 0.0 H 120 
   736 3.09 0.0 HD2 72 
   510 2.21 0.0 HB3 52 
   305 2.2 0.0 HB 37 
   1430 3.99 0.0 HA 130 
   908 8.45 0.0 H 85 
   1623 4.15 0.0 HA 145 
   917 2.37 0.0 HE3 85 
   894 1.93 0.0 HB3 84 
   796 24.8 0.0 CG 76 
   1260 4.63 0.0 HA 114 
   1882 108.0 0.0 N 165 
   1390 62.4 0.0 CA 126 
   514 29.2 0.0 CB 52 
   6 8.75 0.0 H 12 
   1022 43.0 0.0 CB 93 
   1182 0.58 0.0 HG11 107 
   507 8.37 0.0 H 52 
   1124 114.3 0.0 N 101 
   231 3.17 0.0 HD3 31 
   1143 49.2 0.0 CD 103 
   1020 2.67 0.0 HB3 93 
   800 9.17 0.0 H 77 
   1207 2.39 0.0 HB3 109 
   1907 0.85 0.0 HD13 167 
   1850 4.04 0.0 HA 163 
   138 0.96 0.0 HG13 23 
   1271 1.43 0.0 HB1 115 
   777 129.4 0.0 CZ 74 
   1553 1.46 0.0 HG3 139 
   1845 29.2 0.0 CG1 162 
   125 2.1 0.0 HG2 22 
   841 8.07 0.0 H 80 
   1229 22.5 0.0 CD2 110 
   1186 0.93 0.0 HG22 107 
   427 5.22 0.0 HG 46 
   1572 6.2 0.0 HZ 140 
   1588 0.74 0.0 HB2 142 
   300 122.2 0.0 CH2 36 
   828 3.01 0.0 HB2 79 
   1862 7.88 0.0 H 164 
   850 0.82 0.0 HD12 80 
   1558 57.9 0.0 CA 139 
   274 0.91 0.0 HD13 35 
   1771 3.85 0.0 HA 157 
   1056 1.48 0.0 HG13 96 
   494 3.25 0.0 HA 51 
   701 24.4 0.0 CG 68 
   121 122.5 0.0 N 21 
   369 60.1 0.0 CA 41 
   668 54.6 0.0 CA 65 
   1518 7.29 0.0 HD22 136 
   1136 1.32 0.0 HG2 103 
   1277 8.32 0.0 H 116 
   408 117.8 0.0 CE2 44 
   39 1.72 0.0 HG3 15 
   356 24.3 0.0 CD1 40 
   186 65.4 0.0 CA 26 
   398 3.25 0.0 HB3 44 
   144 18.2 0.0 CG1 23 
   740 27.4 0.0 CG 72 
   35 4.1 0.0 HA 15 
   799 121.3 0.0 N 76 
   1829 26.1 0.0 CD1 161 
   1926 112.3 0.0 NE2 168 
   1821 0.66 0.0 HD12 161 
   624 40.9 0.0 CB 62 
   671 122.0 0.0 N 65 
   1583 4.14 0.0 HA3 141 
   1389 1.41 0.0 HG23 126 
   376 4.12 0.0 HA 42 
   1455 50.3 0.0 CD 131 
   208 8.82 0.0 H 29 
   1002 2.77 0.0 HB2 92 
   733 1.73 0.0 HB3 72 
   1789 0.18 0.0 HD12 158 
   536 104.6 0.0 ND2 54 
   1296 6.74 0.0 HE1 118 
   72 21.8 0.0 CG2 17 
   1503 1.86 0.0 HB3 135 
   959 42.6 0.0 CB 88 
   602 7.45 0.0 HZ2 61 
   1815 7.82 0.0 H 161 
   526 110.8 0.0 ND2 53 
   1768 21.8 0.0 CG2 156 
   1206 2.17 0.0 HB2 109 
   739 32.8 0.0 CB 72 
   49 1.9 0.0 HB2 16 
   185 1.25 0.0 HG23 26 
   1996 4.26 0.0 HA 175 
   973 8.46 0.0 H 90 
   95 7.79 0.0 H 20 
   1242 115.0 0.0 N 112 
   484 6.97 0.0 HE1 50 
   936 117.5 0.0 CE1 86 
   622 5.65 0.0 HZ 62 
   489 131.7 0.0 CD2 50 
   1822 0.66 0.0 HD13 161 
   804 55.2 0.0 CA 77 
   379 2.4 0.0 HG2 42 
   1662 0.8 0.0 HD11 148 
   598 4.08 0.0 HB3 61 
   1677 45.7 0.0 CA 149 
   1984 120.4 0.0 N 173 
   1387 1.41 0.0 HG21 126 
   1383 126.2 0.0 N 125 
   1841 0.01 0.0 HD12 162 
   1340 28.9 0.0 CD 122 
   568 51.2 0.0 CA 57 
   42 58.2 0.0 CA 15 
   955 7.18 0.0 HE1 88 
   653 0.91 0.0 HD21 64 
   581 2.76 0.0 HB3 59 
   1269 8.73 0.0 H 115 
   571 7.96 0.0 H 58 
   1385 4.28 0.0 HA 126 
   1799 2.07 0.0 HB3 159 
   1938 1.7 0.0 HB2 170 
   1165 62.8 0.0 CA 105 
   997 33.5 0.0 CB 91 
   196 51.1 0.0 CA 27 
   1212 36.8 0.0 CG 109 
   1303 117.4 0.0 CE2 118 
   1692 27.0 0.0 CG 150 
   1204 9.68 0.0 H 109 
   643 42.6 0.0 CD 63 
   1895 21.8 0.0 CG2 166 
   1991 53.2 0.0 CA 174 
   1298 53.1 0.0 CA 118 
   1393 111.5 0.0 N 126 
   1280 2.0 0.0 HB3 116 
   557 7.04 0.0 HD21 56 
   1743 42.6 0.0 CB 154 
   978 1.02 0.0 HG21 90 
   232 56.1 0.0 CA 31 
   219 3.47 0.0 HD3 30 
   1460 1.53 0.0 HG 132 
   1867 1.66 0.0 HG3 164 
   1088 42.0 0.0 CB 98 
   1607 1.04 0.0 HB3 143 
   1475 2.49 0.0 HB2 133 
   1199 3.77 0.0 HD3 108 
   574 3.11 0.0 HB3 58 
   439 0.98 0.0 HD21 47 
   932 57.5 0.0 CA 86 
   1581 9.74 0.0 H 141 
   1174 1.34 0.0 HB2 106 
   1150 54.1 0.0 CA 104 
   1045 1.91 0.0 HG3 95 
   1101 62.8 0.0 CA 99 
   689 8.83 0.0 H 68 
   1865 2.04 0.0 HB3 164 
   1085 6.93 0.0 HE1 98 
   1995 8.36 0.0 H 175 
   868 4.02 0.0 HA 82 
   1332 1.23 0.0 HG3 122 
   1772 0.27 0.0 HB2 157 
   1100 3.8 0.0 HD3 99 
   1210 58.3 0.0 CA 109 
   1422 39.5 0.0 CB 129 
   1123 21.0 0.0 CG2 101 
   1909 40.7 0.0 CB 167 
   845 1.57 0.0 HG13 80 
   567 1.5 0.0 HB3 57 
   1726 113.9 0.0 CZ2 153 
   70 32.2 0.0 CB 17 
   384 119.4 0.0 N 42 
   1255 25.6 0.0 CG 113 
   36 1.87 0.0 HB2 15 
   527 8.75 0.0 H 54 
   1645 57.0 0.0 CA 146 
   1754 18.2 0.0 CB 155 
   132 50.7 0.0 CD 22 
   307 0.99 0.0 HG12 37 
   421 117.4 0.0 N 45 
   1767 21.1 0.0 CG1 156 
   1797 3.52 0.0 HA 159 
   1569 6.2 0.0 HD2 140 
   344 0.97 0.0 HB2 40 
   255 43.1 0.0 CD 33 
   1656 120.5 0.0 N 147 
   105 7.66 0.0 H 21 
   808 6.21 0.0 HA 78 
   1452 65.5 0.0 CA 131 
   1775 1.28 0.0 HG3 157 
   291 7.92 0.0 HZ2 36 
   670 36.3 0.0 CG 65 
   1690 57.9 0.0 CA 150 
   1072 1.17 0.0 HG21 97 
   1474 3.57 0.0 HA 133 
   466 4.23 0.0 HA 49 
   1999 2.31 0.0 HG2 175 
   1657 8.89 0.0 H 148 
   347 0.84 0.0 HD11 40 
   198 128.7 0.0 N 27 
   1837 0.81 0.0 HG21 162 
   1129 0.01 0.0 HB3 102 
   225 4.34 0.0 HA 31 
   1371 1.35 0.0 HG 125 
   486 58.8 0.0 CA 50 
   204 1.47 0.0 HB3 28 
   1894 21.8 0.0 CG1 166 
   1267 20.7 0.0 CG2 114 
   877 2.1 0.0 HB3 83 
   1076 67.7 0.0 CB 97 
   715 7.82 0.0 H 70 
   1828 26.2 0.0 CG 161 
   1784 1.49 0.0 HG13 158 
   229 1.65 0.0 HG3 31 
   168 1.29 0.0 HG2 25 
   358 120.3 0.0 N 40 
   616 2.1 0.0 HB2 62 
   459 65.0 0.0 CA 48 
   188 22.0 0.0 CG2 26 
   386 4.33 0.0 HA 43 
   967 5.42 0.0 HA 89 
   1194 2.03 0.0 HB2 108 
   592 54.1 0.0 CA 60 
   1202 27.1 0.0 CG 108 
   1852 2.24 0.0 HB3 163 
   1263 1.17 0.0 HG22 114 
   1438 2.99 0.0 HE3 130 
   388 2.34 0.0 HB3 43 
   10 2.32 0.0 HG2 12 
   1921 7.47 0.0 HE22 168 
   15 122.1 0.0 N 12 
   1671 26.1 0.0 CD1 148 
   614 6.81 0.0 H 62 
   1099 3.44 0.0 HD2 99 
   1131 15.4 0.0 CB 102 
   329 113.9 0.0 NE2 38 
   399 7.33 0.0 HD1 44 
   541 1.31 0.0 HG2 55 
   883 0.77 0.0 HD22 83 
   1057 0.98 0.0 HG21 96 
   825 131.3 0.0 NE1 78 
   1339 25.6 0.0 CG 122 
   1549 4.17 0.0 HA 139 
   612 121.9 0.0 N 61 
   1578 129.7 0.0 CE2 140 
   1566 1.98 0.0 HB2 140 
   1780 7.94 0.0 H 158 
   871 55.4 0.0 CA 82 
   201 4.74 0.0 HA 28 
   258 4.24 0.0 HA 34 
   1915 4.83 0.0 HA 168 
   1092 116.0 0.0 CE2 98 
   381 59.1 0.0 CA 42 
   1880 4.11 0.0 HA3 165 
   897 0.41 0.0 HD12 84 
   1525 1.75 0.0 HB 137 
   1125 7.94 0.0 H 102 
   473 57.4 0.0 CA 49 
   508 3.88 0.0 HA 52 
   1079 7.67 0.0 H 98 
   1582 5.14 0.0 HA2 141 
   1506 3.11 0.0 HD2 135 
   1319 3.69 0.0 HA3 120 
   966 8.46 0.0 H 89 
   1191 22.2 0.0 CG2 107 
   115 -0.19 0.0 HD13 21 
   500 0.8 0.0 HG22 51 
   1027 1.78 0.0 HG12 94 
   325 58.3 0.0 CA 38 
   583 7.7 0.0 HD22 59 
   1735 2.08 0.0 HG 154 
   16 8.44 0.0 H 13 
   92 60.1 0.0 CA 19 
   1378 54.2 0.0 CA 125 
   167 1.76 0.0 HB3 25 
   656 54.3 0.0 CA 64 
   378 2.71 0.0 HB3 42 
   762 8.53 0.0 H 74 
   755 123.5 0.0 CD1 73 
   719 107.1 0.0 N 70 
   130 31.8 0.0 CB 22 
   606 29.6 0.0 CB 61 
   1496 1.5 0.0 HB3 134 
   1388 1.41 0.0 HG22 126 
   1746 27.6 0.0 CD2 154 
   91 3.98 0.0 HB3 19 
   7 4.11 0.0 HA 12 
   1320 45.5 0.0 CA 120 
   1591 -0.51 0.0 HD11 142 
   1668 54.5 0.0 CA 148 
   1315 42.9 0.0 CD 119 
   1713 4.06 0.0 HA 153 
   447 120.8 0.0 N 47 
   1219 0.5 0.0 HD11 110 
   1593 -0.51 0.0 HD13 142 
   193 3.25 0.0 HB3 27 
   1012 131.3 0.0 CD2 92 
   1156 1.26 0.0 HB 105 
   844 0.96 0.0 HG12 80 
   254 27.3 0.0 CG 33 
   1816 3.88 0.0 HA 161 
   346 0.96 0.0 HG 40 
   243 119.3 0.0 N 32 
   1940 1.38 0.0 HG2 170 
   1481 7.04 0.0 HZ3 133 
   1605 1.04 0.0 HB1 143 
   1717 9.7 0.0 HE1 153 
   101 56.0 0.0 CA 20 
   1592 -0.51 0.0 HD12 142 
   1087 58.3 0.0 CA 98 
   1429 8.59 0.0 H 130 
   1547 48.1 0.0 CD 138 
   824 117.5 0.0 N 78 
   1318 4.1 0.0 HA2 120 
   211 44.9 0.0 CA 29 
   523 55.6 0.0 CA 53 
   771 54.9 0.0 CA 74 
   942 1.9 0.0 HB3 87 
   1889 1.0 0.0 HG21 166 
   1211 30.2 0.0 CB 109 
   191 4.6 0.0 HA 27 
   1785 0.42 0.0 HG21 158 
   1122 69.9 0.0 CB 101 
   203 1.47 0.0 HB2 28 
   364 1.73 0.0 HG3 41 
   933 39.5 0.0 CB 86 
   943 2.0 0.0 HG2 87 
   433 1.79 0.0 HB2 47 
   814 7.17 0.0 HZ2 78 
   1977 122.0 0.0 N 172 
   389 2.14 0.0 HG2 43 
   1747 118.8 0.0 N 154 
   994 2.13 0.0 HG2 91 
   595 7.49 0.0 H 61 
   683 7.79 0.0 HD21 67 
   1305 4.25 0.0 HA 119 
   1698 3.72 0.0 HA3 151 
   1684 0.87 0.0 HD11 150 
   1646 31.6 0.0 CB 146 
   1864 1.76 0.0 HB2 164 
   807 9.24 0.0 H 78 
   80 1.01 0.0 HG21 18 
   632 4.37 0.0 HA 63 
   714 115.4 0.0 N 69 
   1802 3.0 0.0 HD2 159 
   1783 0.82 0.0 HG12 158 
   1470 23.5 0.0 CD1 132 
   1456 6.93 0.0 H 132 
   1861 111.2 0.0 NE2 163 
   621 5.55 0.0 HE2 62 
   205 51.9 0.0 CA 28 
   1723 29.6 0.0 CB 153 
   1443 41.8 0.0 CE 130 
   1969 1.65 0.0 HD3 172 
   235 43.1 0.0 CD 31 
   582 6.69 0.0 HD21 59 
   1873 34.1 0.0 CB 164 
   1431 1.96 0.0 HB2 130 
   1840 0.01 0.0 HD11 162 
   1173 1.34 0.0 HB1 106 
   73 119.6 0.0 N 17 
   1110 1.25 0.0 HG23 100 
   1276 128.2 0.0 N 115 
   1603 9.24 0.0 H 143 
   1113 21.6 0.0 CG2 100 
   945 54.3 0.0 CA 87 
   1394 8.77 0.0 H 127 
   1421 62.4 0.0 CA 129 
   1468 41.9 0.0 CB 132 
   1370 1.68 0.0 HB3 125 
   816 6.84 0.0 HH2 78 
   931 6.77 0.0 HE2 86 
   1832 8.16 0.0 H 162 
   1306 1.79 0.0 HB2 119 
   1254 33.3 0.0 CB 113 
   1781 3.54 0.0 HA 158 
   126 2.1 0.0 HG3 22 
   77 0.94 0.0 HG11 18 
   1742 57.8 0.0 CA 154 
   537 8.89 0.0 H 55 
   1052 8.69 0.0 H 96 
   460 37.8 0.0 CB 48 
   806 114.4 0.0 N 77 
   253 28.7 0.0 CB 33 
   445 25.4 0.0 CD1 47 
   409 118.4 0.0 N 44 
   350 0.86 0.0 HD21 40 
   1275 18.9 0.0 CB 115 
   1599 26.2 0.0 CG 142 
   1031 0.7 0.0 HG23 94 
   1239 4.25 0.0 HA2 112 
   374 118.4 0.0 N 41 
   302 125.7 0.0 NE1 36 
   1413 4.07 0.0 HA 129 
   1601 22.0 0.0 CD2 142 
   758 120.1 0.0 CZ3 73 
   363 1.45 0.0 HG2 41 
   1666 0.92 0.0 HD22 148 
   746 2.21 0.0 HB3 73 
   734 1.5 0.0 HG2 72 
   1634 42.1 0.0 CB 145 
   156 1.18 0.0 HD22 24 
   1501 4.14 0.0 HA 135 
   1337 55.1 0.0 CA 122 
   2005 33.7 0.0 CG 175 
   619 5.47 0.0 HD2 62 
   644 118.8 0.0 N 63 
   1800 1.71 0.0 HG2 159 
   1686 0.87 0.0 HD13 150 
   210 4.82 0.0 HA3 29 
   707 2.1 0.0 HB2 69 
   502 67.2 0.0 CA 51 
   764 3.1 0.0 HB2 74 
   635 1.6 0.0 HG2 63 
   1021 52.0 0.0 CA 93 
   487 38.5 0.0 CB 50 
   113 -0.19 0.0 HD11 21 
   1931 7.31 0.0 HD2 169 
   461 29.8 0.0 CG1 48 
   1217 1.6 0.0 HB3 110 
   1281 56.2 0.0 CA 116 
   34 8.07 0.0 H 15 
   916 2.27 0.0 HE2 85 
   1924 33.7 0.0 CG 168 
   1550 1.74 0.0 HB2 139 
   1523 6.64 0.0 H 137 
   1050 27.0 0.0 CG 95 
   1854 2.49 0.0 HG3 163 
   1764 0.93 0.0 HG23 156 
   1899 1.86 0.0 HB 167 
   1916 1.92 0.0 HB2 168 
   750 7.02 0.0 HZ2 73 
   483 7.26 0.0 HD2 50 
   1961 119.4 0.0 N 171 
   190 9.34 0.0 H 27 
   1126 3.87 0.0 HA 102 
   1160 0.67 0.0 HG22 105 
   1838 0.81 0.0 HG22 162 
   760 125.1 0.0 N 73 
   1765 63.4 0.0 CA 156 
   550 29.7 0.0 CD 55 
   1925 121.6 0.0 N 168 
   562 112.3 0.0 ND2 56 
   66 1.1 0.0 HG21 17 
   1932 57.3 0.0 CA 169 
   13 29.4 0.0 CB 12 
   145 22.0 0.0 CG2 23 
   1106 4.12 0.0 HA 100 
   1986 4.67 0.0 HA 174 
   812 10.66 0.0 HE1 78 
   847 0.64 0.0 HG22 80 
   920 25.6 0.0 CG 85 
   647 1.83 0.0 HB2 64 
   440 0.98 0.0 HD22 47 
   286 3.29 0.0 HB2 36 
   1653 1.22 0.0 HB3 147 
   1300 132.5 0.0 CD1 118 
   178 41.8 0.0 CE 25 
   99 2.21 0.0 HG2 20 
   699 59.8 0.0 CA 68 
   199 107.7 0.0 ND2 27 
   1633 58.4 0.0 CA 145 
   365 1.74 0.0 HD2 41 
   1336 2.91 0.0 HE3 122 
   1881 45.6 0.0 CA 165 
   1235 56.4 0.0 CA 111 
   1904 0.95 0.0 HG23 167 
   509 2.1 0.0 HB2 52 
   726 61.7 0.0 CA 71 
   789 1.57 0.0 HG3 76 
   462 17.0 0.0 CG2 48 
   430 114.9 0.0 N 46 
   1745 23.0 0.0 CD1 154 
   87 118.3 0.0 N 18 
   1062 0.87 0.0 HD13 96 
   338 58.1 0.0 CA 39 
   194 6.5 0.0 HD21 27 
   471 3.37 0.0 HD2 49 
   12 58.2 0.0 CA 12 
   2000 2.31 0.0 HG3 175 
   149 1.51 0.0 HB2 24 
   1876 41.8 0.0 CE 164 
   1898 4.64 0.0 HA 167 
   684 6.71 0.0 HD22 67 
   490 118.8 0.0 CE1 50 
   1351 -0.19 0.0 HD11 123 
   1172 5.09 0.0 HA 106 
   1570 6.77 0.0 HE1 140 
   1289 36.0 0.0 CG 117 
   529 3.06 0.0 HB2 54 
   1795 8.6 0.0 CD1 158 
   1069 7.01 0.0 H 97 
   988 14.6 0.0 CD1 90 
   1520 40.4 0.0 CB 136 
   1757 3.87 0.0 HA 156 
   1892 63.3 0.0 CA 166 
   657 48.2 0.0 CB 64 
   836 131.9 0.0 CD1 79 
   370 32.0 0.0 CB 41 
   1051 50.6 0.0 CD 95 
   227 2.02 0.0 HB3 31 
   3 2.76 0.0 HB3 11 
   512 2.42 0.0 HG3 52 
   1367 8.42 0.0 H 125 
   20 1.47 0.0 HB3 13 
   1639 7.93 0.0 H 146 
   1720 6.36 0.0 HZ3 153 
   918 56.1 0.0 CA 85 
   1952 8.55 0.0 H 171 
   266 121.5 0.0 N 34 
   1809 4.33 0.0 HA 160 
   810 3.29 0.0 HB3 78 
   891 7.9 0.0 H 84 
   1384 8.22 0.0 H 126 
   1415 3.22 0.0 HB3 129 
   1357 17.0 0.0 CG2 123 
   1218 1.35 0.0 HG 110 
   889 22.5 0.0 CD2 83 
   1465 1.04 0.0 HD22 132 
   1142 27.9 0.0 CG 103 
   1935 122.1 0.0 N 169 
   906 24.8 0.0 CD2 84 
   387 2.22 0.0 HB2 43 
   564 4.51 0.0 HA 57 
   909 4.75 0.0 HA 85 
   390 2.75 0.0 HG3 43 
   637 3.25 0.0 HD2 63 
   1328 4.58 0.0 HA 122 
   464 118.5 0.0 N 48 
   1091 118.2 0.0 CE1 98 
   1738 0.88 0.0 HD13 154 
   727 69.3 0.0 CB 71 
   1140 61.6 0.0 CA 103 
   1418 6.99 0.0 HE1 129 
   223 48.9 0.0 CD 30 
   1905 0.85 0.0 HD11 167 
   1830 22.9 0.0 CD2 161 
   169 1.29 0.0 HG3 25 
   1891 1.0 0.0 HG23 166 
   108 0.36 0.0 HG12 21 
   1564 6.28 0.0 H 140 
   1115 7.25 0.0 H 101 
   1884 4.04 0.0 HA 166 
   904 25.9 0.0 CG 84 
   1399 40.2 0.0 CB 127 
   611 123.3 0.0 CH2 61 
   1870 2.92 0.0 HE2 164 
   67 1.1 0.0 HG22 17 
   242 40.8 0.0 CB 32 
   676 55.8 0.0 CA 66 
   1936 8.48 0.0 H 170 
   882 0.77 0.0 HD21 83 
   41 3.21 0.0 HD3 15 
   1335 2.91 0.0 HE2 122 
   457 0.92 0.0 HD12 48 
   1292 2.84 0.0 HB2 118 
   1435 1.73 0.0 HD2 130 
   1721 6.62 0.0 HH2 153 
   11 2.32 0.0 HG3 12 
   1362 2.23 0.0 HB2 124 
   1978 8.4 0.0 H 173 
   638 3.25 0.0 HD3 63 
   926 2.88 0.0 HB2 86 
   687 116.8 0.0 N 67 
   479 4.78 0.0 HA 50 
   1445 4.38 0.0 HA 131 
   780 4.93 0.0 HA2 75 
   61 3.95 0.0 HA 17 
   19 1.47 0.0 HB2 13 
   1714 3.23 0.0 HB2 153 
   1504 1.59 0.0 HG2 135 
   355 26.0 0.0 CG 40 
   1618 29.7 0.0 CB 144 
   283 119.1 0.0 N 35 
   1516 1.28 0.0 HB3 136 
   892 4.47 0.0 HA 84 
   1227 26.9 0.0 CG 110 
   690 3.96 0.0 HA 68 
   1151 30.1 0.0 CB 104 
   1554 1.56 0.0 HD2 139 
   192 2.32 0.0 HB2 27 
   1247 1.3 0.0 HG2 113 
   454 0.97 0.0 HG22 48 
   1038 16.8 0.0 CG2 94 
   1928 4.05 0.0 HA 169 
   246 2.0 0.0 HB2 33 
   879 0.82 0.0 HD11 83 
   1511 43.4 0.0 CD 135 
   1369 1.43 0.0 HB2 125 
   1875 29.2 0.0 CD 164 
   1403 3.23 0.0 HB2 128 
   1849 8.1 0.0 H 163 
   927 3.29 0.0 HB3 86 
   280 27.0 0.0 CG 35 
   40 3.21 0.0 HD2 15 
   1322 8.15 0.0 H 121 
   1608 55.6 0.0 CA 143 
   641 33.8 0.0 CB 63 
   1903 0.95 0.0 HG22 167 
   1855 7.42 0.0 HE21 163 
   272 0.91 0.0 HD11 35 
   1552 1.26 0.0 HG2 139 
   1356 24.8 0.0 CG1 123 
   985 42.8 0.0 CB 90 
   64 1.01 0.0 HG12 17 
   441 0.98 0.0 HD23 47 
   18 1.47 0.0 HB1 13 
   620 5.55 0.0 HE1 62 
   326 28.0 0.0 CB 38 
   1631 0.45 0.0 HD22 145 
   1398 56.8 0.0 CA 127 
   817 56.7 0.0 CA 78 
   393 34.7 0.0 CG 43 
   809 3.11 0.0 HB2 78 
   413 2.34 0.0 HB3 45 
   1877 115.9 0.0 N 164 
   414 2.54 0.0 HG2 45 
   366 1.74 0.0 HD3 41 
   368 2.96 0.0 HE3 41 
   821 114.1 0.0 CZ2 78 
   244 8.58 0.0 H 33 
   1428 121.3 0.0 N 129 
   1181 1.96 0.0 HB 107 
   1440 29.7 0.0 CB 130 
   929 7.33 0.0 HD2 86 
   1109 1.25 0.0 HG22 100 
   137 0.96 0.0 HG12 23 
   1993 121.0 0.0 N 174 
   609 113.7 0.0 CZ2 61 
   1522 116.8 0.0 ND2 136 
   1929 2.59 0.0 HB2 169 
   775 130.0 0.0 CE1 74 
   1965 1.85 0.0 HB3 172 
   222 27.2 0.0 CG 30 
   1756 6.91 0.0 H 156 
   1648 117.1 0.0 N 146 
   1598 40.4 0.0 CB 142 
   1806 28.7 0.0 CG 159 
   1446 1.83 0.0 HB2 131 
   1391 69.5 0.0 CB 126 
   1755 115.0 0.0 N 155 
   1114 122.2 0.0 N 100 
   1410 136.2 0.0 CE1 128 
   354 41.3 0.0 CB 40 
   239 3.17 0.0 HB2 32 
   127 3.72 0.0 HD2 22 
   1825 0.73 0.0 HD23 161 
   1342 118.4 0.0 N 122 
   345 1.42 0.0 HB3 40 
   776 130.0 0.0 CE2 74 
   1273 1.43 0.0 HB3 115 
   589 4.4 0.0 HA 60 
   1086 7.33 0.0 HE2 98 
   1534 20.4 0.0 CG1 137 
   599 7.87 0.0 HD1 61 
   415 2.64 0.0 HG3 45 
   1433 1.42 0.0 HG2 130 
   89 4.33 0.0 HA 19 
   798 42.2 0.0 CE 76 
   1574 36.4 0.0 CB 140 
   693 1.46 0.0 HG2 68 
   1494 1.5 0.0 HB1 134 
   197 36.8 0.0 CB 27 
   1979 4.42 0.0 HA 173 
   660 24.2 0.0 CD2 64 
   1014 129.9 0.0 CE2 92 
   1678 107.1 0.0 N 149 
   1941 1.38 0.0 HG3 170 
   1230 116.5 0.0 N 110 
   1246 1.82 0.0 HB3 113 
   1293 3.08 0.0 HB3 118 
   1405 7.06 0.0 HD2 128 
   1215 4.34 0.0 HA 110 
   1270 4.47 0.0 HA 115 
   1192 119.5 0.0 N 107 
   625 132.0 0.0 CD1 62 
   1396 2.61 0.0 HB2 127 
   753 55.4 0.0 CA 73 
   1037 26.8 0.0 CG1 94 
   976 0.84 0.0 HG12 90 
   1758 1.8 0.0 HB 156 
   594 120.0 0.0 N 60 
   548 32.2 0.0 CB 55 
   1469 27.0 0.0 CG 132 
   142 61.6 0.0 CA 23 
   207 123.5 0.0 N 28 
   1451 3.77 0.0 HD3 131 
   970 54.7 0.0 CA 89 
   748 9.32 0.0 HE1 73 
   1177 21.6 0.0 CB 106 
   984 58.5 0.0 CA 90 
   1595 0.37 0.0 HD22 142 
   1847 14.9 0.0 CD1 162 
   1135 2.45 0.0 HB3 103 
   267 8.01 0.0 H 35 
   1381 25.2 0.0 CD1 125 
   744 4.72 0.0 HA 73 
   1910 25.3 0.0 CG1 167 
   1498 18.5 0.0 CB 134 
   919 34.2 0.0 CB 85 
   558 7.75 0.0 HD22 56 
   1609 18.0 0.0 CB 143 
   1890 1.0 0.0 HG22 166 
   717 3.53 0.0 HA3 70 
   979 1.02 0.0 HG22 90 
   442 58.8 0.0 CA 47 
   54 3.21 0.0 HD3 16 
   150 1.88 0.0 HB3 24 
   902 53.6 0.0 CA 84 
   1945 2.96 0.0 HE3 170 
   695 1.69 0.0 HD2 68 
   1823 0.73 0.0 HD21 161 
   1380 26.3 0.0 CG 125 
   1835 0.32 0.0 HG12 162 
   1939 1.7 0.0 HB3 170 
   818 32.6 0.0 CB 78 
   1185 0.93 0.0 HG21 107 
   1375 0.33 0.0 HD21 125 
   1526 0.66 0.0 HG11 137 
   1693 23.0 0.0 CD1 150 
   1958 55.9 0.0 CA 171 
   455 0.97 0.0 HG23 48 
   1266 68.6 0.0 CB 114 
   1083 7.86 0.0 HD1 98 
   50 1.9 0.0 HB3 16 
   400 7.33 0.0 HD2 44 
   991 5.29 0.0 HA 91 
   1153 119.5 0.0 N 104 
   640 54.8 0.0 CA 63 
   862 7.19 0.0 HD2 81 
   84 31.9 0.0 CB 18 
   1404 3.23 0.0 HB3 128 
   549 25.6 0.0 CG 55 
   478 8.25 0.0 H 50 
   890 108.0 0.0 N 83 
   1184 0.58 0.0 HG13 107 
   1664 0.8 0.0 HD13 148 
   1736 0.88 0.0 HD11 154 
   1007 6.63 0.0 HE2 92 
   391 58.5 0.0 CA 43 
   341 121.0 0.0 N 39 
   954 7.16 0.0 HD2 88 
   779 8.54 0.0 H 75 
   983 0.71 0.0 HD13 90 
   1338 32.9 0.0 CB 122 
   615 4.91 0.0 HA 62 
   1528 0.66 0.0 HG13 137 
   1409 120.2 0.0 CD2 128 
   1290 18.0 0.0 CE 117 
   1040 121.6 0.0 N 94 
   505 21.0 0.0 CG2 51 
   1176 50.2 0.0 CA 106 
   713 37.3 0.0 CG 69 
   2002 6.84 0.0 HE22 175 
   1760 0.75 0.0 HG12 156 
   1594 0.37 0.0 HD21 142 
   1896 115.2 0.0 N 166 
   1330 1.47 0.0 HB3 122 
   160 31.1 0.0 CG 24 
   1831 118.0 0.0 N 161 
   1197 2.12 0.0 HG3 108 
   1425 129.8 0.0 CE1 129 
   1312 57.4 0.0 CA 119 
   100 2.4 0.0 HG3 20 
   752 6.46 0.0 HH2 73 
   986 25.7 0.0 CG1 90 
   465 7.64 0.0 H 49 
   1039 8.7 0.0 CD1 94 
   1134 0.87 0.0 HB2 103 
   565 1.5 0.0 HB1 57 
   849 0.82 0.0 HD11 80 
   1906 0.85 0.0 HD12 167 
   1990 6.91 0.0 HD22 174 
   730 7.61 0.0 H 72 
   1326 107.3 0.0 N 121 
   885 57.1 0.0 CA 83 
   1343 7.91 0.0 H 123 
   517 8.47 0.0 H 53 
   1011 131.3 0.0 CD1 92 
   27 1.24 0.0 HG21 14 
   724 1.1 0.0 HG22 71 
   288 7.34 0.0 HD1 36 
   888 25.2 0.0 CD1 83 
   436 0.93 0.0 HD11 47 
   320 2.23 0.0 HB3 38 
   1476 3.07 0.0 HB3 133 
   1323 3.93 0.0 HA2 121 
   405 131.7 0.0 CD1 44 
   1137 1.47 0.0 HG3 103 
   1943 1.6 0.0 HD3 170 
   1887 1.0 0.0 HG12 166 
   1478 9.6 0.0 HE1 133 
   226 1.82 0.0 HB2 31 
   576 39.1 0.0 CB 58 
   1635 26.4 0.0 CG 145 
   1514 4.26 0.0 HA 136 
   1967 1.43 0.0 HG3 172 
   1046 3.51 0.0 HD2 95 
   23 122.6 0.0 N 13 
   1130 49.7 0.0 CA 102 
   756 119.8 0.0 CE3 73 
   968 2.72 0.0 HB2 89 
   446 23.9 0.0 CD2 47 
   1395 4.38 0.0 HA 127 
   1222 0.68 0.0 HD21 110 
   377 2.27 0.0 HB2 42 
   949 9.09 0.0 H 88 
   216 1.05 0.0 HG2 30 
   965 121.3 0.0 N 88 
   572 4.38 0.0 HA 58 
   1152 35.9 0.0 CG 104 
   1641 2.2 0.0 HB2 146 
   1112 67.9 0.0 CB 100 
   975 1.75 0.0 HB 90 
   360 4.16 0.0 HA 41 
   673 4.75 0.0 HA 66 
   1773 0.96 0.0 HB3 157 
   103 36.3 0.0 CG 20 
   1626 1.11 0.0 HG 145 
   1859 33.7 0.0 CG 163 
   1258 117.5 0.0 N 113 
   725 1.1 0.0 HG23 71 
   1813 41.7 0.0 CB 160 
   1047 3.51 0.0 HD3 95 
   1548 8.76 0.0 H 139 
   720 8.33 0.0 H 71 
   1327 7.0 0.0 H 122 
   1519 53.4 0.0 CA 136 
   774 131.7 0.0 CD2 74 
   694 1.46 0.0 HG3 68 
   189 121.3 0.0 N 26 
   852 59.6 0.0 CA 80 
   1449 2.12 0.0 HG3 131 
   1805 30.6 0.0 CB 159 
   290 7.31 0.0 HE3 36 
   546 2.84 0.0 HE3 55 
   1619 115.6 0.0 CD2 144 
   1888 1.0 0.0 HG13 166 
   570 121.1 0.0 N 57 
   915 1.28 0.0 HD3 85 
   482 7.26 0.0 HD1 50 
   811 7.03 0.0 HD1 78 
   1667 0.92 0.0 HD23 148 
   1286 1.89 0.0 HE1 117 
   803 3.39 0.0 HB3 77 
   1464 1.04 0.0 HD21 132 
   1183 0.58 0.0 HG12 107 
   1575 127.3 0.0 CD1 140 
   404 37.9 0.0 CB 44 
   802 2.94 0.0 HB2 77 
   993 2.38 0.0 HB3 91 
   506 118.9 0.0 N 51 
   1299 39.5 0.0 CB 118 
   1301 132.5 0.0 CD2 118 
   1948 24.8 0.0 CG 170 
   1966 1.35 0.0 HG2 172 
   1918 2.32 0.0 HG2 168 
   270 1.81 0.0 HB3 35 
   111 0.18 0.0 HG22 21 
   597 2.65 0.0 HB2 61 
   872 39.0 0.0 CB 82 
   1427 129.2 0.0 CZ 129 
   1974 24.7 0.0 CG 172 
   822 120.5 0.0 CZ3 78 
   495 2.1 0.0 HB 51 
   1223 0.68 0.0 HD22 110 
   335 1.47 0.0 HG3 39 
   1908 59.4 0.0 CA 167 
   481 3.32 0.0 HB3 50 
   634 1.82 0.0 HB3 63 
   1737 0.88 0.0 HD12 154 
   177 29.2 0.0 CD 25 
   520 3.26 0.0 HB3 53 
   1001 4.95 0.0 HA 92 
   230 3.17 0.0 HD2 31 
   1041 4.62 0.0 HA 95 
   336 2.71 0.0 HD2 39 
   995 2.13 0.0 HG3 91 
   75 3.81 0.0 HA 18 
   1240 3.79 0.0 HA3 112 
   607 128.3 0.0 CD1 61 
   1976 41.8 0.0 CE 172 
   786 1.44 0.0 HB2 76 
   842 5.13 0.0 HA 80 
   1922 54.4 0.0 CA 168 
   953 7.16 0.0 HD1 88 
   93 63.2 0.0 CB 19 
   1730 127.7 0.0 NE1 153 
   424 4.12 0.0 HA 46 
   618 5.47 0.0 HD1 62 
   731 5.02 0.0 HA 72 
   1508 57.0 0.0 CA 135 
   631 8.75 0.0 H 63 
   864 34.3 0.0 CB 81 
   937 117.5 0.0 CE2 86 
   218 2.45 0.0 HD2 30 
   1164 0.43 0.0 HD13 105 
   1955 2.09 0.0 HB3 171 
   1934 120.5 0.0 CD2 169 
   233 29.5 0.0 CB 31 
   2 2.76 0.0 HB2 11 
   1543 3.45 0.0 HD3 138 
   685 51.6 0.0 CA 67 
   1856 6.84 0.0 HE22 163 
   1515 0.92 0.0 HB2 136 
   1778 34.2 0.0 CG 157 
   361 2.06 0.0 HB2 41 
   629 131.9 0.0 CZ 62 
   608 122.4 0.0 CE3 61 
   135 2.37 0.0 HB 23 
   1291 4.86 0.0 HA 118 
   1448 1.99 0.0 HG2 131 
   538 3.93 0.0 HA 55 
   215 1.42 0.0 HB3 30 
   901 0.64 0.0 HD23 84 
   1373 0.13 0.0 HD12 125 
   249 1.85 0.0 HG3 33 
   118 27.5 0.0 CG1 21 
   303 7.5 0.0 H 37 
   1507 3.11 0.0 HD3 135 
   910 1.51 0.0 HB2 85 
   237 8.17 0.0 H 32 
   181 3.89 0.0 HA 26 
   140 1.13 0.0 HG22 23 
   1365 27.0 0.0 CB 124 
   1198 3.48 0.0 HD2 108 
   1080 4.69 0.0 HA 98 
   83 64.2 0.0 CA 18 
   265 36.3 0.0 CG 34 
   1193 4.13 0.0 HA 108 
   791 1.68 0.0 HD3 76 
   119 17.2 0.0 CG2 21 
   1683 1.88 0.0 HG 150 
   1089 132.8 0.0 CD1 98 
   1095 1.45 0.0 HB2 99 
   453 0.97 0.0 HG21 48 
   533 55.3 0.0 CA 54 
   532 7.24 0.0 HD22 54 
   899 0.64 0.0 HD21 84 
   1787 0.42 0.0 HG23 158 
   1975 29.1 0.0 CD 172 
   511 2.31 0.0 HG2 52 
   153 1.0 0.0 HD12 24 
   1010 40.4 0.0 CB 92 
   1133 4.23 0.0 HA 103 
   299 120.3 0.0 CZ3 36 
   881 0.82 0.0 HD13 83 
   90 3.98 0.0 HB2 19 
   1513 7.18 0.0 H 136 
   1701 4.25 0.0 HA 152 
   887 26.8 0.0 CG 83 
   772 40.5 0.0 CB 74 
   1161 0.67 0.0 HG23 105 
   1257 42.5 0.0 CE 113 
   1017 8.57 0.0 H 93 
   352 0.86 0.0 HD23 40 
   1397 2.68 0.0 HB3 127 
   1426 129.8 0.0 CE2 129 
   45 43.1 0.0 CD 15 
   886 39.8 0.0 CB 83 
   1066 18.1 0.0 CG2 96 
   515 36.4 0.0 CG 52 
   1642 2.46 0.0 HB3 146 
   396 4.5 0.0 HA 44 
   1416 7.05 0.0 HD1 129 
   22 18.5 0.0 CB 13 
   1663 0.8 0.0 HD12 148 
   787 1.49 0.0 HB3 76 
   1231 7.36 0.0 H 111 
   1287 1.89 0.0 HE2 117 
   1741 1.14 0.0 HD23 154 
   62 2.21 0.0 HB 17 
   1584 44.0 0.0 CA 141 
   781 4.31 0.0 HA3 75 
   1803 3.0 0.0 HD3 159 
   1637 23.3 0.0 CD2 145 
   569 19.0 0.0 CB 57 
   617 2.5 0.0 HB3 62 
   662 8.9 0.0 H 65 
   1432 2.04 0.0 HB3 130 
   104 119.8 0.0 N 20 
   81 1.01 0.0 HG22 18 
   1313 30.5 0.0 CB 119 
   1274 52.6 0.0 CA 115 
   930 6.77 0.0 HE1 86 
   148 4.56 0.0 HA 24 
   175 35.9 0.0 CB 25 
   1386 4.54 0.0 HB 126 
   1169 14.7 0.0 CD1 105 
   17 4.21 0.0 HA 13 
   765 3.22 0.0 HB3 74 
   187 68.1 0.0 CB 26 
   593 40.5 0.0 CB 60 
   738 56.1 0.0 CA 72 
   944 2.0 0.0 HG3 87 
   1617 61.9 0.0 CA 144 
   1774 0.82 0.0 HG2 157 
   1565 4.03 0.0 HA 140 
   282 25.2 0.0 CD2 35 
   989 113.7 0.0 N 90 
   743 8.77 0.0 H 73 
   659 24.3 0.0 CD1 64 
   58 43.2 0.0 CD 16 
   1499 117.9 0.0 N 134 
   1178 128.8 0.0 N 106 
   1377 0.33 0.0 HD23 125 
   492 119.9 0.0 N 50 
   493 8.77 0.0 H 51 
   700 31.8 0.0 CB 68 
   380 2.69 0.0 HG3 42 
   518 4.48 0.0 HA 53 
   443 42.7 0.0 CB 47 
   1770 7.92 0.0 H 157 
   146 116.5 0.0 N 23 
   1914 8.64 0.0 H 168 
   1544 64.6 0.0 CA 138 
   1004 6.51 0.0 HD1 92 
   48 4.19 0.0 HA 16 
   259 2.16 0.0 HB2 34 
   1162 0.43 0.0 HD11 105 
   763 5.33 0.0 HA 74 
   1359 117.1 0.0 N 123 
   832 6.69 0.0 HE1 79 
   1949 29.2 0.0 CD 170 
   1462 0.93 0.0 HD12 132 
   1128 0.01 0.0 HB2 102 
   475 26.1 0.0 CG 49 
   410 8.21 0.0 H 45 
   552 122.1 0.0 N 55 
   1450 3.64 0.0 HD2 131 
   1098 1.77 0.0 HG3 99 
   1883 7.79 0.0 H 166 
   898 0.41 0.0 HD13 84 
   311 1.13 0.0 HG23 37 
   1900 0.81 0.0 HG12 167 
   161 27.0 0.0 CD1 24 
   704 123.1 0.0 N 68 
   884 0.77 0.0 HD23 83 
   1096 2.2 0.0 HB3 99 
   829 3.01 0.0 HB3 79 
   784 8.54 0.0 H 76 
   212 107.0 0.0 N 29 
   1245 1.76 0.0 HB2 113 
   1283 119.1 0.0 N 116 
   472 3.42 0.0 HD3 49 
   1973 32.8 0.0 CB 172 
   990 8.61 0.0 H 91 
   754 30.6 0.0 CB 73 
   580 2.37 0.0 HB2 59 
   1660 2.08 0.0 HB3 148 
   1208 2.43 0.0 HG2 109 
   44 27.3 0.0 CG 15 
   846 0.64 0.0 HG21 80 
   1560 25.7 0.0 CG 139 
   147 9.12 0.0 H 24 
   1836 1.33 0.0 HG13 162 
   1505 1.72 0.0 HG3 135 
   134 4.44 0.0 HA 23 
   1843 65.1 0.0 CA 162 
   708 2.23 0.0 HB3 69 
   1353 -0.19 0.0 HD13 123 
   551 41.8 0.0 CE 55 
   903 43.1 0.0 CB 84 
   1879 3.97 0.0 HA2 165 
   1811 2.55 0.0 HB3 160 
   1711 51.4 0.0 CD 152 
   654 0.91 0.0 HD22 64 
   785 5.61 0.0 HA 76 
   1282 29.0 0.0 CB 116 
   1960 36.0 0.0 CG 171 
   1510 27.0 0.0 CG 135 
   1483 61.0 0.0 CA 133 
   252 58.8 0.0 CA 33 
   1458 1.61 0.0 HB2 132 
   535 122.2 0.0 N 54 
   2006 120.6 0.0 N 175 
   107 1.29 0.0 HB 21 
   1933 30.1 0.0 CB 169 
   706 4.19 0.0 HA 69 
   1744 26.8 0.0 CG 154 
   1082 3.27 0.0 HB3 98 
   297 122.1 0.0 CE3 36 
   450 1.98 0.0 HB 48 
   1308 1.58 0.0 HG2 119 
   499 0.8 0.0 HG21 51 
   1953 4.39 0.0 HA 171 
   1030 0.7 0.0 HG22 94 
   1542 3.23 0.0 HD2 138 
   650 0.91 0.0 HD11 64 
   321 2.45 0.0 HG2 38 
   1957 2.2 0.0 HG3 171 
   183 1.25 0.0 HG21 26 
   854 27.8 0.0 CG1 80 
   1857 58.8 0.0 CA 163 
   1093 128.0 0.0 N 98 
   1703 2.44 0.0 HB3 152 
   823 123.5 0.0 CH2 78 
   124 2.46 0.0 HB3 22 
   649 1.83 0.0 HG 64 
   349 0.84 0.0 HD13 40 
   1471 26.2 0.0 CD2 132 
   26 4.2 0.0 HB 14 
   1563 122.6 0.0 N 139 
   1026 2.04 0.0 HB 94 
   323 6.95 0.0 HE21 38 
   394 120.6 0.0 N 43 
   1157 0.33 0.0 HG12 105 
   783 107.1 0.0 N 75 
   257 9.25 0.0 H 34 
   195 7.45 0.0 HD22 27 
   866 126.2 0.0 N 81 
   1411 114.8 0.0 N 128 
   1655 20.6 0.0 CB 147 
   162 25.5 0.0 CD2 24 
   911 1.74 0.0 HB3 85 
   1224 0.68 0.0 HD23 110 
   1108 1.25 0.0 HG21 100 
   1962 8.44 0.0 H 172 
   794 53.9 0.0 CA 76 
   1846 16.7 0.0 CG2 162 
   331 4.12 0.0 HA 39 
   1759 0.75 0.0 HG11 156 
   96 4.35 0.0 HA 20 
   547 60.5 0.0 CA 55 
   163 126.3 0.0 N 24 
   873 131.6 0.0 N 82 
   1691 42.2 0.0 CB 150 
   1003 3.68 0.0 HB3 92 
   646 5.07 0.0 HA 64 
   1590 1.64 0.0 HG 142 
   516 119.7 0.0 N 52 
   987 19.5 0.0 CG2 90 
   907 121.8 0.0 N 84 
   633 1.82 0.0 HB2 63 
   855 17.1 0.0 CG2 80 
   1104 49.5 0.0 CD 99 
   1401 7.93 0.0 H 128 
   544 1.6 0.0 HD3 55 
   1249 1.6 0.0 HD2 113 
   1049 32.4 0.0 CB 95 
   645 8.7 0.0 H 64 
   874 8.23 0.0 H 83 
   941 1.9 0.0 HB2 87 
   51 1.6 0.0 HG2 16 
   1786 0.42 0.0 HG22 158 
   1166 38.7 0.0 CB 105 
   1596 0.37 0.0 HD23 142 
   1473 8.49 0.0 H 133 
   555 2.93 0.0 HB2 56 
   718 46.2 0.0 CA 70 
   1226 42.1 0.0 CB 110 
   1827 41.4 0.0 CB 161 
   1923 31.6 0.0 CB 168 
   1911 18.1 0.0 CG2 167 
   691 1.81 0.0 HB2 68 
   522 6.74 0.0 HD22 53 
   277 1.01 0.0 HD23 35 
   1048 62.1 0.0 CA 95 
   1127 0.01 0.0 HB1 102 
   1649 8.35 0.0 H 147 
   152 1.0 0.0 HD11 24 
   33 113.2 0.0 N 14 
   692 1.89 0.0 HB3 68 
   778 117.0 0.0 N 74 
   1917 2.09 0.0 HB3 168 
   1790 0.18 0.0 HD13 158 
   1798 1.66 0.0 HB2 159 
   434 2.21 0.0 HB3 47 
   1220 0.5 0.0 HD12 110 
   1491 130.6 0.0 NE1 133 
   1311 3.21 0.0 HD3 119 
   1729 118.4 0.0 N 153 
   838 117.3 0.0 CE1 79 
   1716 7.36 0.0 HD1 153 
   560 38.1 0.0 CB 56 
   1620 136.3 0.0 CE1 144 
