   921 29.2 0.0 CD 85 
   1004 6.51 0.0 HD1 92 
   1687 1.16 0.0 HD21 150 
   152 1.0 0.0 HD11 24 
   1726 113.9 0.0 CZ2 153 
   724 1.1 0.0 HG22 71 
   1363 2.78 0.0 HB3 124 
   725 1.1 0.0 HG23 71 
   1378 54.2 0.0 CA 125 
   1924 33.7 0.0 CG 168 
   435 1.91 0.0 HG 47 
   484 6.97 0.0 HE1 50 
   1648 117.1 0.0 N 146 
   1471 26.2 0.0 CD2 132 
   672 7.8 0.0 H 66 
   504 23.6 0.0 CG1 51 
   767 6.87 0.0 HD2 74 
   1166 38.7 0.0 CB 105 
   1590 1.64 0.0 HG 142 
   818 32.6 0.0 CB 78 
   1900 0.81 0.0 HG12 167 
   75 3.81 0.0 HA 18 
   834 57.7 0.0 CA 79 
   1343 7.91 0.0 H 123 
   225 4.34 0.0 HA 31 
   311 1.13 0.0 HG23 37 
   2006 120.6 0.0 N 175 
   863 55.6 0.0 CA 81 
   481 3.32 0.0 HB3 50 
   1263 1.17 0.0 HG22 114 
   1920 6.76 0.0 HE21 168 
   124 2.46 0.0 HB3 22 
   912 1.18 0.0 HG2 85 
   1811 2.55 0.0 HB3 160 
   642 26.9 0.0 CG 63 
   283 119.1 0.0 N 35 
   337 2.71 0.0 HD3 39 
   342 8.86 0.0 H 40 
   572 4.38 0.0 HA 58 
   643 42.6 0.0 CD 63 
   420 34.2 0.0 CG 45 
   1420 6.93 0.0 HZ 129 
   93 63.2 0.0 CB 19 
   562 112.3 0.0 ND2 56 
   1285 2.4 0.0 HG3 117 
   1708 64.6 0.0 CA 152 
   656 54.3 0.0 CA 64 
   1784 1.49 0.0 HG13 158 
   166 1.76 0.0 HB2 25 
   1308 1.58 0.0 HG2 119 
   522 6.74 0.0 HD22 53 
   474 29.4 0.0 CB 49 
   1312 57.4 0.0 CA 119 
   759 123.7 0.0 CH2 73 
   89 4.33 0.0 HA 19 
   1005 6.51 0.0 HD2 92 
   1307 1.79 0.0 HB3 119 
   1934 120.5 0.0 CD2 169 
   1045 1.91 0.0 HG3 95 
   691 1.81 0.0 HB2 68 
   543 1.6 0.0 HD2 55 
   844 0.96 0.0 HG12 80 
   992 2.07 0.0 HB2 91 
   271 1.77 0.0 HG 35 
   583 7.7 0.0 HD22 59 
   1829 26.1 0.0 CD1 161 
   999 117.4 0.0 N 91 
   196 51.1 0.0 CA 27 
   413 2.34 0.0 HB3 45 
   800 9.17 0.0 H 77 
   1137 1.47 0.0 HG3 103 
   890 108.0 0.0 N 83 
   706 4.19 0.0 HA 69 
   1774 0.82 0.0 HG2 157 
   588 8.49 0.0 H 60 
   24 7.95 0.0 H 14 
   1950 41.8 0.0 CE 170 
   1610 120.1 0.0 N 143 
   1580 113.4 0.0 N 140 
   494 3.25 0.0 HA 51 
   1978 8.4 0.0 H 173 
   1810 2.55 0.0 HB2 160 
   1264 1.17 0.0 HG23 114 
   1212 36.8 0.0 CG 109 
   1597 57.5 0.0 CA 142 
   503 31.5 0.0 CB 51 
   885 57.1 0.0 CA 83 
   639 7.37 0.0 HE 63 
   1768 21.8 0.0 CG2 156 
   650 0.91 0.0 HD11 64 
   666 1.89 0.0 HG2 65 
   843 1.63 0.0 HB 80 
   1331 1.04 0.0 HG2 122 
   1230 116.5 0.0 N 110 
   114 -0.19 0.0 HD12 21 
   308 0.99 0.0 HG13 37 
   1692 27.0 0.0 CG 150 
   221 31.7 0.0 CB 30 
   109 1.61 0.0 HG13 21 
   1852 2.24 0.0 HB3 163 
   1081 2.76 0.0 HB2 98 
   1922 54.4 0.0 CA 168 
   1675 4.05 0.0 HA2 149 
   1699 49.3 0.0 CA 151 
   874 8.23 0.0 H 83 
   1213 116.4 0.0 N 109 
   1550 1.74 0.0 HB2 139 
   1891 1.0 0.0 HG23 166 
   1017 8.57 0.0 H 93 
   1354 61.9 0.0 CA 123 
   1887 1.0 0.0 HG12 166 
   998 35.4 0.0 CG 91 
   143 32.8 0.0 CB 23 
   1179 8.02 0.0 H 107 
   106 4.14 0.0 HA 21 
   1994 112.7 0.0 ND2 174 
   176 24.6 0.0 CG 25 
   812 10.66 0.0 HE1 78 
   1907 0.85 0.0 HD13 167 
   976 0.84 0.0 HG12 90 
   609 113.7 0.0 CZ2 61 
   1276 128.2 0.0 N 115 
   1830 22.9 0.0 CD2 161 
   622 5.65 0.0 HZ 62 
   1416 7.05 0.0 HD1 129 
   1441 26.5 0.0 CG 130 
   1195 2.4 0.0 HB3 108 
   248 1.72 0.0 HG2 33 
   60 7.9 0.0 H 17 
   265 36.3 0.0 CG 34 
   1583 4.14 0.0 HA3 141 
   565 1.5 0.0 HB1 57 
   615 4.91 0.0 HA 62 
   962 129.6 0.0 CE1 88 
   1487 113.9 0.0 CZ2 133 
   949 9.09 0.0 H 88 
   1815 7.82 0.0 H 161 
   321 2.45 0.0 HG2 38 
   1717 9.7 0.0 HE1 153 
   380 2.69 0.0 HG3 42 
   1198 3.48 0.0 HD2 108 
   384 119.4 0.0 N 42 
   1508 57.0 0.0 CA 135 
   192 2.32 0.0 HB2 27 
   406 131.7 0.0 CD2 44 
   1076 67.7 0.0 CB 97 
   1174 1.34 0.0 HB2 106 
   446 23.9 0.0 CD2 47 
   1576 127.3 0.0 CD2 140 
   10 2.32 0.0 HG2 12 
   1369 1.43 0.0 HB2 125 
   409 118.4 0.0 N 44 
   1727 119.6 0.0 CZ3 153 
   830 6.96 0.0 HD1 79 
   629 131.9 0.0 CZ 62 
   1926 112.3 0.0 NE2 168 
   1411 114.8 0.0 N 128 
   270 1.81 0.0 HB3 35 
   1415 3.22 0.0 HB3 129 
   1823 0.73 0.0 HD21 161 
   946 34.7 0.0 CB 87 
   901 0.64 0.0 HD23 84 
   721 4.41 0.0 HA 71 
   1975 29.1 0.0 CD 172 
   1314 27.1 0.0 CG 119 
   78 0.94 0.0 HG12 18 
   1735 2.08 0.0 HG 154 
   125 2.1 0.0 HG2 22 
   100 2.4 0.0 HG3 20 
   1967 1.43 0.0 HG3 172 
   252 58.8 0.0 CA 33 
   1553 1.46 0.0 HG3 139 
   827 4.84 0.0 HA 79 
   970 54.7 0.0 CA 89 
   931 6.77 0.0 HE2 86 
   1624 1.42 0.0 HB2 145 
   1693 23.0 0.0 CD1 150 
   1115 7.25 0.0 H 101 
   1785 0.42 0.0 HG21 158 
   1256 29.1 0.0 CD 113 
   1287 1.89 0.0 HE2 117 
   1049 32.4 0.0 CB 95 
   1491 130.6 0.0 NE1 133 
   719 107.1 0.0 N 70 
   1406 8.19 0.0 HE1 128 
   300 122.2 0.0 CH2 36 
   1824 0.73 0.0 HD22 161 
   11 2.32 0.0 HG3 12 
   1902 0.95 0.0 HG21 167 
   907 121.8 0.0 N 84 
   1964 1.72 0.0 HB2 172 
   659 24.3 0.0 CD1 64 
   1982 58.6 0.0 CA 173 
   1093 128.0 0.0 N 98 
   1344 3.77 0.0 HA 123 
   1882 108.0 0.0 N 165 
   188 22.0 0.0 CG2 26 
   1858 27.9 0.0 CB 163 
   1257 42.5 0.0 CE 113 
   1452 65.5 0.0 CA 131 
   1751 1.43 0.0 HB2 155 
   206 24.4 0.0 CB 28 
   680 4.76 0.0 HA 67 
   775 130.0 0.0 CE1 74 
   909 4.75 0.0 HA 85 
   495 2.1 0.0 HB 51 
   1552 1.26 0.0 HG2 139 
   1839 0.81 0.0 HG23 162 
   763 5.33 0.0 HA 74 
   1289 36.0 0.0 CG 117 
   1192 119.5 0.0 N 107 
   1918 2.32 0.0 HG2 168 
   1956 2.2 0.0 HG2 171 
   871 55.4 0.0 CA 82 
   1548 8.76 0.0 H 139 
   521 7.98 0.0 HD21 53 
   1258 117.5 0.0 N 113 
   684 6.71 0.0 HD22 67 
   1104 49.5 0.0 CD 99 
   573 2.55 0.0 HB2 58 
   1965 1.85 0.0 HB3 172 
   613 127.8 0.0 NE1 61 
   1676 3.16 0.0 HA3 149 
   1748 7.31 0.0 H 155 
   664 1.55 0.0 HB2 65 
   1188 58.3 0.0 CA 107 
   359 7.57 0.0 H 41 
   1298 53.1 0.0 CA 118 
   1609 18.0 0.0 CB 143 
   594 120.0 0.0 N 60 
   1086 7.33 0.0 HE2 98 
   1959 31.0 0.0 CB 171 
   1568 6.2 0.0 HD1 140 
   1988 2.83 0.0 HB3 174 
   1056 1.48 0.0 HG13 96 
   1439 62.3 0.0 CA 130 
   306 0.99 0.0 HG11 37 
   1191 22.2 0.0 CG2 107 
   212 107.0 0.0 N 29 
   1515 0.92 0.0 HB2 136 
   510 2.21 0.0 HB3 52 
   1265 58.4 0.0 CA 114 
   1755 115.0 0.0 N 155 
   876 1.57 0.0 HB2 83 
   778 117.0 0.0 N 74 
   550 29.7 0.0 CD 55 
   395 8.83 0.0 H 44 
   636 1.74 0.0 HG3 63 
   84 31.9 0.0 CB 18 
   1863 4.19 0.0 HA 164 
   1032 0.45 0.0 HD11 94 
   1728 122.7 0.0 CH2 153 
   1329 1.25 0.0 HB2 122 
   880 0.82 0.0 HD12 83 
   958 56.0 0.0 CA 88 
   73 119.6 0.0 N 17 
   1281 56.2 0.0 CA 116 
   1537 4.86 0.0 HA 138 
   995 2.13 0.0 HG3 91 
   614 6.81 0.0 H 62 
   253 28.7 0.0 CB 33 
   662 8.9 0.0 H 65 
   1392 21.7 0.0 CG2 126 
   1705 2.09 0.0 HG3 152 
   146 116.5 0.0 N 23 
   714 115.4 0.0 N 69 
   757 113.1 0.0 CZ2 73 
   1637 23.3 0.0 CD2 145 
   463 13.2 0.0 CD1 48 
   462 17.0 0.0 CG2 48 
   443 42.7 0.0 CB 47 
   878 1.45 0.0 HG 83 
   1621 115.4 0.0 N 144 
   606 29.6 0.0 CB 61 
   1457 3.95 0.0 HA 132 
   803 3.39 0.0 HB3 77 
   1896 115.2 0.0 N 166 
   1747 118.8 0.0 N 154 
   772 40.5 0.0 CB 74 
   1318 4.1 0.0 HA2 120 
   235 43.1 0.0 CD 31 
   1628 -0.05 0.0 HD12 145 
   1438 2.99 0.0 HE3 130 
   1072 1.17 0.0 HG21 97 
   1077 22.0 0.0 CG2 97 
   1412 7.96 0.0 H 129 
   1567 2.06 0.0 HB3 140 
   966 8.46 0.0 H 89 
   1664 0.8 0.0 HD13 148 
   1496 1.5 0.0 HB3 134 
   790 1.55 0.0 HD2 76 
   1949 29.2 0.0 CD 170 
   1196 1.88 0.0 HG2 108 
   1731 8.68 0.0 H 154 
   1813 41.7 0.0 CB 160 
   603 6.87 0.0 HZ3 61 
   1927 8.65 0.0 H 169 
   1126 3.87 0.0 HA 102 
   91 3.98 0.0 HB3 19 
   332 1.78 0.0 HB2 39 
   88 8.07 0.0 H 19 
   1511 43.4 0.0 CD 135 
   1806 28.7 0.0 CG 159 
   1681 1.36 0.0 HB2 150 
   1712 7.2 0.0 H 153 
   99 2.21 0.0 HG2 20 
   115 -0.19 0.0 HD13 21 
   263 59.6 0.0 CA 34 
   1395 4.38 0.0 HA 127 
   1791 63.4 0.0 CA 158 
   700 31.8 0.0 CB 68 
   919 34.2 0.0 CB 85 
   1632 0.45 0.0 HD23 145 
   837 131.9 0.0 CD2 79 
   454 0.97 0.0 HG22 48 
   490 118.8 0.0 CE1 50 
   899 0.64 0.0 HD21 84 
   509 2.1 0.0 HB2 52 
   111 0.18 0.0 HG22 21 
   1757 3.87 0.0 HA 156 
   1211 30.2 0.0 CB 109 
   447 120.8 0.0 N 47 
   887 26.8 0.0 CG 83 
   169 1.29 0.0 HG3 25 
   1470 23.5 0.0 CD1 132 
   1786 0.42 0.0 HG22 158 
   1330 1.47 0.0 HB3 122 
   546 2.84 0.0 HE3 55 
   1572 6.2 0.0 HZ 140 
   1429 8.59 0.0 H 130 
   386 4.33 0.0 HA 43 
   1827 41.4 0.0 CB 161 
   846 0.64 0.0 HG21 80 
   508 3.88 0.0 HA 52 
   187 68.1 0.0 CB 26 
   491 118.8 0.0 CE2 50 
   302 125.7 0.0 NE1 36 
   46 121.6 0.0 N 15 
   1913 112.3 0.0 N 167 
   68 1.1 0.0 HG23 17 
   1659 1.74 0.0 HB2 148 
   168 1.29 0.0 HG2 25 
   617 2.5 0.0 HB3 62 
   994 2.13 0.0 HG2 91 
   826 9.23 0.0 H 79 
   1283 119.1 0.0 N 116 
   988 14.6 0.0 CD1 90 
   792 2.95 0.0 HE2 76 
   262 2.42 0.0 HG3 34 
   135 2.37 0.0 HB 23 
   150 1.88 0.0 HB3 24 
   1816 3.88 0.0 HA 161 
   893 0.6 0.0 HB2 84 
   375 7.68 0.0 H 42 
   975 1.75 0.0 HB 90 
   1561 29.3 0.0 CD 139 
   1044 1.84 0.0 HG2 95 
   797 29.6 0.0 CD 76 
   1722 62.3 0.0 CA 153 
   1686 0.87 0.0 HD13 150 
   275 1.01 0.0 HD21 35 
   2007 112.3 0.0 NE2 175 
   1640 4.36 0.0 HA 146 
   1319 3.69 0.0 HA3 120 
   1209 2.43 0.0 HG3 109 
   695 1.69 0.0 HD2 68 
   232 56.1 0.0 CA 31 
   432 4.23 0.0 HA 47 
   1481 7.04 0.0 HZ3 133 
   747 6.4 0.0 HD1 73 
   202 1.47 0.0 HB1 28 
   861 3.25 0.0 HB3 81 
   25 4.07 0.0 HA 14 
   117 39.1 0.0 CB 21 
   984 58.5 0.0 CA 90 
   1070 4.43 0.0 HA 97 
   1220 0.5 0.0 HD12 110 
   954 7.16 0.0 HD2 88 
   840 121.1 0.0 N 79 
   403 62.3 0.0 CA 44 
   1290 18.0 0.0 CE 117 
   227 2.02 0.0 HB3 31 
   160 31.1 0.0 CG 24 
   154 1.0 0.0 HD13 24 
   1375 0.33 0.0 HD21 125 
   132 50.7 0.0 CD 22 
   969 2.91 0.0 HB3 89 
   1352 -0.19 0.0 HD12 123 
   1128 0.01 0.0 HB2 102 
   83 64.2 0.0 CA 18 
   638 3.25 0.0 HD3 63 
   1304 8.4 0.0 H 119 
   1261 4.2 0.0 HB 114 
   828 3.01 0.0 HB2 79 
   230 3.17 0.0 HD2 31 
   1906 0.85 0.0 HD12 167 
   1711 51.4 0.0 CD 152 
   841 8.07 0.0 H 80 
   134 4.44 0.0 HA 23 
   1311 3.21 0.0 HD3 119 
   955 7.18 0.0 HE1 88 
   540 1.91 0.0 HB3 55 
   1998 2.08 0.0 HB3 175 
   1828 26.2 0.0 CG 161 
   378 2.71 0.0 HB3 42 
   1020 2.67 0.0 HB3 93 
   536 104.6 0.0 ND2 54 
   241 55.0 0.0 CA 32 
   1345 0.37 0.0 HB 123 
   1972 56.3 0.0 CA 172 
   1859 33.7 0.0 CG 163 
   810 3.29 0.0 HB3 78 
   1062 0.87 0.0 HD13 96 
   1534 20.4 0.0 CG1 137 
   1417 7.05 0.0 HD2 129 
   431 8.42 0.0 H 47 
   1657 8.89 0.0 H 148 
   692 1.89 0.0 HB3 68 
   1780 7.94 0.0 H 158 
   1942 1.6 0.0 HD2 170 
   1771 3.85 0.0 HA 157 
   465 7.64 0.0 H 49 
   1309 1.68 0.0 HG3 119 
   1844 38.3 0.0 CB 162 
   1993 121.0 0.0 N 174 
   236 116.8 0.0 N 31 
   433 1.79 0.0 HB2 47 
   1600 23.0 0.0 CD1 142 
   1564 6.28 0.0 H 140 
   159 41.3 0.0 CB 24 
   1895 21.8 0.0 CG2 166 
   340 26.9 0.0 CG 39 
   926 2.88 0.0 HB2 86 
   1970 2.95 0.0 HE2 172 
   1701 4.25 0.0 HA 152 
   1981 2.88 0.0 HB3 173 
   1078 103.6 0.0 N 97 
   1178 128.8 0.0 N 106 
   849 0.82 0.0 HD11 80 
   1958 55.9 0.0 CA 171 
   1149 2.24 0.0 HG3 104 
   726 61.7 0.0 CA 71 
   392 28.4 0.0 CB 43 
   1766 33.1 0.0 CB 156 
   641 33.8 0.0 CB 63 
   1303 117.4 0.0 CE2 118 
   1000 8.46 0.0 H 92 
   689 8.83 0.0 H 68 
   600 9.85 0.0 HE1 61 
   1262 1.17 0.0 HG21 114 
   1883 7.79 0.0 H 166 
   1203 49.8 0.0 CD 108 
   736 3.09 0.0 HD2 72 
   22 18.5 0.0 CB 13 
   1274 52.6 0.0 CA 115 
   1536 122.5 0.0 N 137 
   1201 32.3 0.0 CB 108 
   1333 1.6 0.0 HD2 122 
   558 7.75 0.0 HD22 56 
   1706 3.08 0.0 HD2 152 
   646 5.07 0.0 HA 64 
   282 25.2 0.0 CD2 35 
   37 1.87 0.0 HB3 15 
   858 9.14 0.0 H 81 
   567 1.5 0.0 HB3 57 
   1833 3.68 0.0 HA 162 
   1954 1.93 0.0 HB2 171 
   593 40.5 0.0 CB 60 
   1400 122.0 0.0 N 127 
   1326 107.3 0.0 N 121 
   817 56.7 0.0 CA 78 
   1385 4.28 0.0 HA 126 
   1651 1.22 0.0 HB1 147 
   1512 113.5 0.0 N 135 
   678 111.7 0.0 N 66 
   1134 0.87 0.0 HB2 103 
   581 2.76 0.0 HB3 59 
   1983 27.8 0.0 CB 173 
   1332 1.23 0.0 HG3 122 
   55 57.8 0.0 CA 16 
   231 3.17 0.0 HD3 31 
   273 0.91 0.0 HD12 35 
   1182 0.58 0.0 HG11 107 
   578 8.55 0.0 H 59 
   705 8.77 0.0 H 69 
   602 7.45 0.0 HZ2 61 
   990 8.61 0.0 H 91 
   95 7.79 0.0 H 20 
   1479 7.41 0.0 HE3 133 
   1348 -0.36 0.0 HG21 123 
   886 39.8 0.0 CB 83 
   467 1.95 0.0 HB2 49 
   1979 4.42 0.0 HA 173 
   234 27.1 0.0 CG 31 
   1520 40.4 0.0 CB 136 
   723 1.1 0.0 HG21 71 
   743 8.77 0.0 H 73 
   1015 127.8 0.0 CZ 92 
   215 1.42 0.0 HB3 30 
   704 123.1 0.0 N 68 
   1193 4.13 0.0 HA 108 
   1218 1.35 0.0 HG 110 
   1856 6.84 0.0 HE22 163 
   1843 65.1 0.0 CA 162 
   881 0.82 0.0 HD13 83 
   1433 1.42 0.0 HG2 130 
   1058 0.98 0.0 HG22 96 
   313 31.3 0.0 CB 37 
   605 56.9 0.0 CA 61 
   1238 8.62 0.0 H 112 
   1690 57.9 0.0 CA 150 
   513 59.7 0.0 CA 52 
   1173 1.34 0.0 HB1 106 
   811 7.03 0.0 HD1 78 
   1948 24.8 0.0 CG 170 
   1067 13.2 0.0 CD1 96 
   1939 1.7 0.0 HB3 170 
   1607 1.04 0.0 HB3 143 
   23 122.6 0.0 N 13 
   164 8.31 0.0 H 25 
   1228 25.1 0.0 CD1 110 
   1876 41.8 0.0 CE 164 
   1744 26.8 0.0 CG 154 
   1150 54.1 0.0 CA 104 
   825 131.3 0.0 NE1 78 
   832 6.69 0.0 HE1 79 
   897 0.41 0.0 HD12 84 
   1051 50.6 0.0 CD 95 
   625 132.0 0.0 CD1 62 
   330 8.2 0.0 H 39 
   1226 42.1 0.0 CB 110 
   685 51.6 0.0 CA 67 
   585 39.9 0.0 CB 59 
   1989 7.61 0.0 HD21 174 
   1502 1.71 0.0 HB2 135 
   368 2.96 0.0 HE3 41 
   1915 4.83 0.0 HA 168 
   635 1.6 0.0 HG2 63 
   408 117.8 0.0 CE2 44 
   1943 1.6 0.0 HD3 170 
   472 3.42 0.0 HD3 49 
   428 62.8 0.0 CA 46 
   963 129.6 0.0 CE2 88 
   213 2.52 0.0 HA 30 
   796 24.8 0.0 CG 76 
   943 2.0 0.0 HG2 87 
   951 2.71 0.0 HB2 88 
   1940 1.38 0.0 HG2 170 
   1853 2.49 0.0 HG2 163 
   1075 60.5 0.0 CA 97 
   266 121.5 0.0 N 34 
   250 3.34 0.0 HD2 33 
   1888 1.0 0.0 HG13 166 
   1653 1.22 0.0 HB3 147 
   1407 57.1 0.0 CA 128 
   19 1.47 0.0 HB2 13 
   1422 39.5 0.0 CB 129 
   1234 2.72 0.0 HB3 111 
   798 42.2 0.0 CE 76 
   1397 2.68 0.0 HB3 127 
   1297 6.74 0.0 HE2 118 
   1633 58.4 0.0 CA 145 
   1804 66.3 0.0 CA 159 
   1169 14.7 0.0 CD1 105 
   1194 2.03 0.0 HB2 108 
   343 3.56 0.0 HA 40 
   1170 124.1 0.0 N 105 
   442 58.8 0.0 CA 47 
   1419 6.99 0.0 HE2 129 
   799 121.3 0.0 N 76 
   204 1.47 0.0 HB3 28 
   750 7.02 0.0 HZ2 73 
   70 32.2 0.0 CB 17 
   1463 0.93 0.0 HD13 132 
   1436 1.74 0.0 HD3 130 
   1046 3.51 0.0 HD2 95 
   1499 117.9 0.0 N 134 
   882 0.77 0.0 HD21 83 
   948 122.6 0.0 N 87 
   1911 18.1 0.0 CG2 167 
   181 3.89 0.0 HA 26 
   1296 6.74 0.0 HE1 118 
   1787 0.42 0.0 HG23 158 
   1413 4.07 0.0 HA 129 
   318 4.09 0.0 HA 38 
   2005 33.7 0.0 CG 175 
   328 118.6 0.0 N 38 
   1528 0.66 0.0 HG13 137 
   1749 3.86 0.0 HA 155 
   402 6.81 0.0 HE2 44 
   1148 2.07 0.0 HG2 104 
   112 0.18 0.0 HG23 21 
   1894 21.8 0.0 CG1 166 
   1464 1.04 0.0 HD21 132 
   1204 9.68 0.0 H 109 
   869 2.25 0.0 HB2 82 
   1033 0.45 0.0 HD12 94 
   1382 22.6 0.0 CD2 125 
   1518 7.29 0.0 HD22 136 
   1869 1.59 0.0 HD3 164 
   1635 26.4 0.0 CG 145 
   137 0.96 0.0 HG12 23 
