   530 3.06 0.0 HB3 54 
   1123 21.0 0.0 CG2 101 
   818 32.6 0.0 CB 78 
   814 7.17 0.0 HZ2 78 
   103 36.3 0.0 CG 20 
   1501 4.14 0.0 HA 135 
   1779 117.5 0.0 N 157 
   1656 120.5 0.0 N 147 
   1950 41.8 0.0 CE 170 
   163 126.3 0.0 N 24 
   1485 126.6 0.0 CD1 133 
   21 54.2 0.0 CA 13 
   1666 0.92 0.0 HD22 148 
   197 36.8 0.0 CB 27 
   1503 1.86 0.0 HB3 135 
   1127 0.01 0.0 HB1 102 
   1003 3.68 0.0 HB3 92 
   1400 122.0 0.0 N 127 
   1048 62.1 0.0 CA 95 
   715 7.82 0.0 H 70 
   732 1.63 0.0 HB2 72 
   858 9.14 0.0 H 81 
   763 5.33 0.0 HA 74 
   1511 43.4 0.0 CD 135 
   1298 53.1 0.0 CA 118 
   9 2.03 0.0 HB3 12 
   1091 118.2 0.0 CE1 98 
   203 1.47 0.0 HB2 28 
   300 122.2 0.0 CH2 36 
   1513 7.18 0.0 H 136 
   20 1.47 0.0 HB3 13 
   1325 45.6 0.0 CA 121 
   905 22.3 0.0 CD1 84 
   1109 1.25 0.0 HG22 100 
   1225 53.9 0.0 CA 110 
   607 128.3 0.0 CD1 61 
   650 0.91 0.0 HD11 64 
   1522 116.8 0.0 ND2 136 
   333 2.31 0.0 HB3 39 
   1460 1.53 0.0 HG 132 
   1469 27.0 0.0 CG 132 
   1642 2.46 0.0 HB3 146 
   1490 120.6 0.0 N 133 
   831 6.96 0.0 HD2 79 
   1813 41.7 0.0 CB 160 
   303 7.5 0.0 H 37 
   1234 2.72 0.0 HB3 111 
   717 3.53 0.0 HA3 70 
   1862 7.88 0.0 H 164 
   1874 26.3 0.0 CG 164 
   88 8.07 0.0 H 19 
   936 117.5 0.0 CE1 86 
   310 1.13 0.0 HG22 37 
   804 55.2 0.0 CA 77 
   1991 53.2 0.0 CA 174 
   1504 1.59 0.0 HG2 135 
   819 125.9 0.0 CD1 78 
   505 21.0 0.0 CG2 51 
   747 6.4 0.0 HD1 73 
   712 29.6 0.0 CB 69 
   670 36.3 0.0 CG 65 
   706 4.19 0.0 HA 69 
   1049 32.4 0.0 CB 95 
   1396 2.61 0.0 HB2 127 
   153 1.0 0.0 HD12 24 
   1951 123.6 0.0 N 170 
   793 2.95 0.0 HE3 76 
   1310 3.21 0.0 HD2 119 
   1550 1.74 0.0 HB2 139 
   644 118.8 0.0 N 63 
   1112 67.9 0.0 CB 100 
   415 2.64 0.0 HG3 45 
   190 9.34 0.0 H 27 
   1502 1.71 0.0 HB2 135 
   251 3.34 0.0 HD3 33 
   1146 1.71 0.0 HB2 104 
   387 2.22 0.0 HB2 43 
   614 6.81 0.0 H 62 
   702 28.9 0.0 CD 68 
   1583 4.14 0.0 HA3 141 
   929 7.33 0.0 HD2 86 
   1871 2.92 0.0 HE3 164 
   1514 4.26 0.0 HA 136 
   66 1.1 0.0 HG21 17 
   1476 3.07 0.0 HB3 133 
   479 4.78 0.0 HA 50 
   811 7.03 0.0 HD1 78 
   1324 3.93 0.0 HA3 121 
   1928 4.05 0.0 HA 169 
   1410 136.2 0.0 CE1 128 
   1456 6.93 0.0 H 132 
   1183 0.58 0.0 HG12 107 
   45 43.1 0.0 CD 15 
   826 9.23 0.0 H 79 
   1056 1.48 0.0 HG13 96 
   1309 1.68 0.0 HG3 119 
   1541 1.72 0.0 HG3 138 
   894 1.93 0.0 HB3 84 
   27 1.24 0.0 HG21 14 
   1392 21.7 0.0 CG2 126 
   1623 4.15 0.0 HA 145 
   1593 -0.51 0.0 HD13 142 
   780 4.93 0.0 HA2 75 
   810 3.29 0.0 HB3 78 
   1009 57.4 0.0 CA 92 
   194 6.5 0.0 HD21 27 
   1266 68.6 0.0 CB 114 
   1846 16.7 0.0 CG2 162 
   1417 7.05 0.0 HD2 129 
   990 8.61 0.0 H 91 
   1851 2.24 0.0 HB2 163 
   1553 1.46 0.0 HG3 139 
   821 114.1 0.0 CZ2 78 
   1559 32.6 0.0 CB 139 
   1528 0.66 0.0 HG13 137 
   711 58.0 0.0 CA 69 
   83 64.2 0.0 CA 18 
   1864 1.76 0.0 HB2 164 
   1954 1.93 0.0 HB2 171 
   468 2.07 0.0 HB3 49 
   931 6.77 0.0 HE2 86 
   1934 120.5 0.0 CD2 169 
   1700 105.7 0.0 N 151 
   860 2.85 0.0 HB2 81 
   1609 18.0 0.0 CB 143 
   1158 1.15 0.0 HG13 105 
   759 123.7 0.0 CH2 73 
   792 2.95 0.0 HE2 76 
   1122 69.9 0.0 CB 101 
   1333 1.6 0.0 HD2 122 
   1816 3.88 0.0 HA 161 
   1472 119.9 0.0 N 132 
   619 5.47 0.0 HD2 62 
   1523 6.64 0.0 H 137 
   557 7.04 0.0 HD21 56 
   1137 1.47 0.0 HG3 103 
   1175 1.34 0.0 HB3 106 
   172 2.92 0.0 HE2 25 
   266 121.5 0.0 N 34 
   476 42.2 0.0 CD 49 
   590 2.19 0.0 HB2 60 
   1429 8.59 0.0 H 130 
   271 1.77 0.0 HG 35 
   1268 110.1 0.0 N 114 
   379 2.4 0.0 HG2 42 
   624 40.9 0.0 CB 62 
   1795 8.6 0.0 CD1 158 
   1793 28.2 0.0 CG1 158 
   1798 1.66 0.0 HB2 159 
   1054 1.9 0.0 HB 96 
   962 129.6 0.0 CE1 88 
   937 117.5 0.0 CE2 86 
   406 131.7 0.0 CD2 44 
   1434 1.72 0.0 HG3 130 
   1258 117.5 0.0 N 113 
   820 119.9 0.0 CE3 78 
   1829 26.1 0.0 CD1 161 
   1618 29.7 0.0 CB 144 
   1677 45.7 0.0 CA 149 
   1121 59.6 0.0 CA 101 
   645 8.7 0.0 H 64 
   964 128.3 0.0 CZ 88 
   545 2.84 0.0 HE2 55 
   12 58.2 0.0 CA 12 
   233 29.5 0.0 CB 31 
   176 24.6 0.0 CG 25 
   1809 4.33 0.0 HA 160 
   919 34.2 0.0 CB 85 
   1909 40.7 0.0 CB 167 
   1448 1.99 0.0 HG2 131 
   1471 26.2 0.0 CD2 132 
   1639 7.93 0.0 H 146 
   1412 7.96 0.0 H 129 
   679 8.15 0.0 H 67 
   1058 0.98 0.0 HG22 96 
   382 29.2 0.0 CB 42 
   1010 40.4 0.0 CB 92 
   500 0.8 0.0 HG22 51 
   1965 1.85 0.0 HB3 172 
   523 55.6 0.0 CA 53 
   1452 65.5 0.0 CA 131 
   1494 1.5 0.0 HB1 134 
   993 2.38 0.0 HB3 91 
   834 57.7 0.0 CA 79 
   85 21.7 0.0 CG1 18 
   274 0.91 0.0 HD13 35 
   1217 1.6 0.0 HB3 110 
   1825 0.73 0.0 HD23 161 
   786 1.44 0.0 HB2 76 
   389 2.14 0.0 HG2 43 
   305 2.2 0.0 HB 37 
   729 107.9 0.0 N 71 
   1722 62.3 0.0 CA 153 
   1177 21.6 0.0 CB 106 
   1822 0.66 0.0 HD13 161 
   1814 115.9 0.0 N 160 
   925 4.52 0.0 HA 86 
   622 5.65 0.0 HZ 62 
   1413 4.07 0.0 HA 129 
   1406 8.19 0.0 HE1 128 
   2001 7.5 0.0 HE21 175 
   480 3.32 0.0 HB2 50 
   1527 0.66 0.0 HG12 137 
   1849 8.1 0.0 H 163 
   1566 1.98 0.0 HB2 140 
   537 8.89 0.0 H 55 
   398 3.25 0.0 HB3 44 
   512 2.42 0.0 HG3 52 
   1664 0.8 0.0 HD13 148 
   413 2.34 0.0 HB3 45 
   653 0.91 0.0 HD21 64 
   1670 27.0 0.0 CG 148 
   1905 0.85 0.0 HD11 167 
   185 1.25 0.0 HG23 26 
   1078 103.6 0.0 N 97 
   1140 61.6 0.0 CA 103 
   784 8.54 0.0 H 76 
   1194 2.03 0.0 HB2 108 
   1898 4.64 0.0 HA 167 
   571 7.96 0.0 H 58 
   1360 7.71 0.0 H 124 
   1920 6.76 0.0 HE21 168 
   1785 0.42 0.0 HG21 158 
   1397 2.68 0.0 HB3 127 
   1484 27.6 0.0 CB 133 
   1540 1.25 0.0 HG2 138 
   79 0.94 0.0 HG13 18 
   1246 1.82 0.0 HB3 113 
   944 2.0 0.0 HG3 87 
   1474 3.57 0.0 HA 133 
   369 60.1 0.0 CA 41 
   1939 1.7 0.0 HB3 170 
   1449 2.12 0.0 HG3 131 
   1174 1.34 0.0 HB2 106 
   489 131.7 0.0 CD2 50 
   1918 2.32 0.0 HG2 168 
   1420 6.93 0.0 HZ 129 
   425 3.98 0.0 HB2 46 
   947 37.4 0.0 CG 87 
   1030 0.7 0.0 HG22 94 
   1701 4.25 0.0 HA 152 
   1442 29.4 0.0 CD 130 
   404 37.9 0.0 CB 44 
   685 51.6 0.0 CA 67 
   491 118.8 0.0 CE2 50 
   1678 107.1 0.0 N 149 
   567 1.5 0.0 HB3 57 
   33 113.2 0.0 N 14 
   284 8.01 0.0 H 36 
   1154 8.55 0.0 H 105 
   264 28.8 0.0 CB 34 
   1695 125.1 0.0 N 150 
   666 1.89 0.0 HG2 65 
   1215 4.34 0.0 HA 110 
   1116 4.28 0.0 HA 101 
   942 1.9 0.0 HB3 87 
   1617 61.9 0.0 CA 144 
   1128 0.01 0.0 HB2 102 
   1712 7.2 0.0 H 153 
   294 58.7 0.0 CA 36 
   538 3.93 0.0 HA 55 
   1202 27.1 0.0 CG 108 
   182 3.96 0.0 HB 26 
   1380 26.3 0.0 CG 125 
   1716 7.36 0.0 HD1 153 
   1883 7.79 0.0 H 166 
   559 55.3 0.0 CA 56 
   126 2.1 0.0 HG3 22 
   329 113.9 0.0 NE2 38 
   1759 0.75 0.0 HG11 156 
   772 40.5 0.0 CB 74 
   1650 4.49 0.0 HA 147 
   570 121.1 0.0 N 57 
   761 127.0 0.0 NE1 73 
   1919 2.35 0.0 HG3 168 
   459 65.0 0.0 CA 48 
   1658 4.51 0.0 HA 148 
   121 122.5 0.0 N 21 
   1463 0.93 0.0 HD13 132 
   1011 131.3 0.0 CD1 92 
   892 4.47 0.0 HA 84 
   524 37.4 0.0 CB 53 
   1179 8.02 0.0 H 107 
   472 3.42 0.0 HD3 49 
   689 8.83 0.0 H 68 
   733 1.73 0.0 HB3 72 
   1238 8.62 0.0 H 112 
   776 130.0 0.0 CE2 74 
   1327 7.0 0.0 H 122 
   930 6.77 0.0 HE1 86 
   1758 1.8 0.0 HB 156 
   1023 118.3 0.0 N 93 
   1505 1.72 0.0 HG3 135 
   1684 0.87 0.0 HD11 150 
   562 112.3 0.0 ND2 56 
   1889 1.0 0.0 HG21 166 
   1118 1.08 0.0 HG21 101 
   1165 62.8 0.0 CA 105 
   1917 2.09 0.0 HB3 168 
   1726 113.9 0.0 CZ2 153 
   1408 30.4 0.0 CB 128 
   1739 1.14 0.0 HD21 154 
   157 1.18 0.0 HD23 24 
   210 4.82 0.0 HA3 29 
   1200 66.4 0.0 CA 108 
   460 37.8 0.0 CB 48 
   1661 1.64 0.0 HG 148 
   1150 54.1 0.0 CA 104 
   256 121.0 0.0 N 33 
   829 3.01 0.0 HB3 79 
   757 113.1 0.0 CZ2 73 
   1976 41.8 0.0 CE 172 
   1606 1.04 0.0 HB2 143 
   173 2.92 0.0 HE3 25 
   1435 1.73 0.0 HD2 130 
   1901 1.3 0.0 HG13 167 
   1218 1.35 0.0 HG 110 
   1007 6.63 0.0 HE2 92 
   1416 7.05 0.0 HD1 129 
   100 2.4 0.0 HG3 20 
   984 58.5 0.0 CA 90 
   532 7.24 0.0 HD22 54 
   495 2.1 0.0 HB 51 
   59 120.5 0.0 N 16 
   572 4.38 0.0 HA 58 
   1303 117.4 0.0 CE2 118 
   212 107.0 0.0 N 29 
   1454 27.9 0.0 CG 131 
   422 111.4 0.0 NE2 45 
   995 2.13 0.0 HG3 91 
   263 59.6 0.0 CA 34 
   1947 33.5 0.0 CB 170 
   1290 18.0 0.0 CE 117 
   1648 117.1 0.0 N 146 
   1287 1.89 0.0 HE2 117 
   743 8.77 0.0 H 73 
   174 57.0 0.0 CA 25 
   923 121.7 0.0 N 85 
   420 34.2 0.0 CG 45 
   675 2.44 0.0 HB3 66 
   1915 4.83 0.0 HA 168 
   189 121.3 0.0 N 26 
   130 31.8 0.0 CB 22 
   98 2.19 0.0 HB3 20 
   1900 0.81 0.0 HG12 167 
   809 3.11 0.0 HB2 78 
   1704 1.84 0.0 HG2 152 
   1493 4.17 0.0 HA 134 
   1884 4.04 0.0 HA 166 
   972 122.9 0.0 N 89 
   1475 2.49 0.0 HB2 133 
   136 0.96 0.0 HG11 23 
   1977 122.0 0.0 N 172 
   1072 1.17 0.0 HG21 97 
   1775 1.28 0.0 HG3 157 
   527 8.75 0.0 H 54 
   1737 0.88 0.0 HD12 154 
   1424 131.7 0.0 CD2 129 
   1761 0.75 0.0 HG13 156 
   1223 0.68 0.0 HD22 110 
   1213 116.4 0.0 N 109 
   1441 26.5 0.0 CG 130 
   1057 0.98 0.0 HG21 96 
   1247 1.3 0.0 HG2 113 
   92 60.1 0.0 CA 19 
   1414 3.1 0.0 HB2 129 
   1343 7.91 0.0 H 123 
   839 117.3 0.0 CE2 79 
   997 33.5 0.0 CB 91 
   152 1.0 0.0 HD11 24 
   1610 120.1 0.0 N 143 
   1582 5.14 0.0 HA2 141 
   1390 62.4 0.0 CA 126 
   623 57.0 0.0 CA 62 
   783 107.1 0.0 N 75 
   262 2.42 0.0 HG3 34 
   1079 7.67 0.0 H 98 
   692 1.89 0.0 HB3 68 
   658 27.3 0.0 CG 64 
   1264 1.17 0.0 HG23 114 
   934 132.9 0.0 CD1 86 
   1169 14.7 0.0 CD1 105 
   677 66.8 0.0 CB 66 
   1418 6.99 0.0 HE1 129 
   1088 42.0 0.0 CB 98 
   1984 120.4 0.0 N 173 
   1563 122.6 0.0 N 139 
   1616 7.71 0.0 HE1 144 
   756 119.8 0.0 CE3 73 
   1077 22.0 0.0 CG2 97 
   1181 1.96 0.0 HB 107 
   817 56.7 0.0 CA 78 
   1095 1.45 0.0 HB2 99 
   407 117.8 0.0 CE1 44 
   1847 14.9 0.0 CD1 162 
   1987 2.77 0.0 HB2 174 
   848 0.64 0.0 HG23 80 
   788 1.43 0.0 HG2 76 
   1355 37.5 0.0 CB 123 
   1110 1.25 0.0 HG23 100 
   1329 1.25 0.0 HB2 122 
   1691 42.2 0.0 CB 150 
   1914 8.64 0.0 H 168 
   634 1.82 0.0 HB3 63 
   54 3.21 0.0 HD3 16 
   575 55.3 0.0 CA 58 
   1243 8.33 0.0 H 113 
   1340 28.9 0.0 CD 122 
   429 62.7 0.0 CB 46 
   110 0.18 0.0 HG21 21 
   928 7.33 0.0 HD1 86 
   1766 33.1 0.0 CB 156 
   1047 3.51 0.0 HD3 95 
   342 8.86 0.0 H 40 
   655 0.91 0.0 HD23 64 
   378 2.71 0.0 HB3 42 
   1204 9.68 0.0 H 109 
   694 1.46 0.0 HG3 68 
   727 69.3 0.0 CB 71 
   1854 2.49 0.0 HG3 163 
   1673 110.9 0.0 N 148 
   1597 57.5 0.0 CA 142 
   265 36.3 0.0 CG 34 
   735 1.63 0.0 HG3 72 
   662 8.9 0.0 H 65 
   1370 1.68 0.0 HB3 125 
   355 26.0 0.0 CG 40 
   502 67.2 0.0 CA 51 
   1910 25.3 0.0 CG1 167 
   596 4.27 0.0 HA 61 
   117 39.1 0.0 CB 21 
   1957 2.2 0.0 HG3 171 
   1307 1.79 0.0 HB3 119 
   627 133.7 0.0 CE1 62 
   426 3.98 0.0 HB3 46 
   869 2.25 0.0 HB2 82 
   1777 29.2 0.0 CB 157 
   845 1.57 0.0 HG13 80 
   1875 29.2 0.0 CD 164 
   1038 16.8 0.0 CG2 94 
   803 3.39 0.0 HB3 77 
   1944 2.96 0.0 HE2 170 
   1538 1.22 0.0 HB2 138 
   253 28.7 0.0 CB 33 
   1655 20.6 0.0 CB 147 
   1892 63.3 0.0 CA 166 
   1254 33.3 0.0 CB 113 
   198 128.7 0.0 N 27 
   283 119.1 0.0 N 35 
   1046 3.51 0.0 HD2 95 
   1482 7.06 0.0 HH2 133 
   1134 0.87 0.0 HB2 103 
   1969 1.65 0.0 HD3 172 
   1681 1.36 0.0 HB2 150 
   1197 2.12 0.0 HG3 108 
   1439 62.3 0.0 CA 130 
   840 121.1 0.0 N 79 
   1389 1.41 0.0 HG23 126 
   722 4.57 0.0 HB 71 
   828 3.01 0.0 HB2 79 
   1657 8.89 0.0 H 148 
   392 28.4 0.0 CB 43 
   302 125.7 0.0 NE1 36 
   903 43.1 0.0 CB 84 
   535 122.2 0.0 N 54 
   485 6.97 0.0 HE2 50 
   1688 1.16 0.0 HD22 150 
   1444 118.4 0.0 N 130 
   1455 50.3 0.0 CD 131 
   1886 1.0 0.0 HG11 166 
   1301 132.5 0.0 CD2 118 
   977 1.29 0.0 HG13 90 
   188 22.0 0.0 CG2 26 
   1017 8.57 0.0 H 93 
   935 132.9 0.0 CD2 86 
   226 1.82 0.0 HB2 31 
   585 39.9 0.0 CB 59 
   1995 8.36 0.0 H 175 
   883 0.77 0.0 HD22 83 
   1633 58.4 0.0 CA 145 
   872 39.0 0.0 CB 82 
   1508 57.0 0.0 CA 135 
   799 121.3 0.0 N 76 
   1653 1.22 0.0 HB3 147 
   231 3.17 0.0 HD3 31 
   395 8.83 0.0 H 44 
   1250 1.6 0.0 HD3 113 
   1873 34.1 0.0 CB 164 
   1025 4.37 0.0 HA 94 
   863 55.6 0.0 CA 81 
   408 117.8 0.0 CE2 44 
   1259 7.31 0.0 H 114 
   1719 7.16 0.0 HZ2 153 
   843 1.63 0.0 HB 80 
   503 31.5 0.0 CB 51 
   1575 127.3 0.0 CD1 140 
   1512 113.5 0.0 N 135 
   1580 113.4 0.0 N 140 
   1139 3.85 0.0 HD3 103 
   1749 3.86 0.0 HA 155 
   338 58.1 0.0 CA 39 
   260 2.16 0.0 HB3 34 
   1421 62.4 0.0 CA 129 
   2000 2.31 0.0 HG3 175 
   427 5.22 0.0 HG 46 
   1961 119.4 0.0 N 171 
   1090 133.8 0.0 CD2 98 
   397 3.17 0.0 HB2 44 
   1330 1.47 0.0 HB3 122 
   1042 1.84 0.0 HB2 95 
   1099 3.44 0.0 HD2 99 
   1730 127.7 0.0 NE1 153 
   1838 0.81 0.0 HG22 162 
   1415 3.22 0.0 HB3 129 
   836 131.9 0.0 CD1 79 
   1284 2.3 0.0 HG2 117 
   770 6.92 0.0 HZ 74 
   84 31.9 0.0 CB 18 
   599 7.87 0.0 HD1 61 
   1778 34.2 0.0 CG 157 
   1263 1.17 0.0 HG22 114 
   1366 121.7 0.0 N 124 
   754 30.6 0.0 CB 73 
   1556 2.87 0.0 HE2 139 
   1479 7.41 0.0 HE3 133 
   583 7.7 0.0 HD22 59 
   293 7.05 0.0 HH2 36 
   1365 27.0 0.0 CB 124 
   1008 6.45 0.0 HZ 92 
   1787 0.42 0.0 HG23 158 
   170 1.6 0.0 HD2 25 
   175 35.9 0.0 CB 25 
   221 31.7 0.0 CB 30 
   1866 1.45 0.0 HG2 164 
   1830 22.9 0.0 CD2 161 
   61 3.95 0.0 HA 17 
   2005 33.7 0.0 CG 175 
   907 121.8 0.0 N 84 
   324 8.08 0.0 HE22 38 
   753 55.4 0.0 CA 73 
   514 29.2 0.0 CB 52 
   971 41.3 0.0 CB 89 
   1913 112.3 0.0 N 167 
   1015 127.8 0.0 CZ 92 
   377 2.27 0.0 HB2 42 
   385 8.98 0.0 H 43 
   439 0.98 0.0 HD21 47 
   1662 0.8 0.0 HD11 148 
   1627 -0.05 0.0 HD11 145 
   1210 58.3 0.0 CA 109 
   1652 1.22 0.0 HB2 147 
   1552 1.26 0.0 HG2 139 
   394 120.6 0.0 N 43 
   992 2.07 0.0 HB2 91 
   1545 32.6 0.0 CB 138 
   447 120.8 0.0 N 47 
   1161 0.67 0.0 HG23 105 
   1986 4.67 0.0 HA 174 
   1018 5.58 0.0 HA 93 
   1811 2.55 0.0 HB3 160 
   347 0.84 0.0 HD11 40 
   926 2.88 0.0 HB2 86 
   201 4.74 0.0 HA 28 
   2003 56.0 0.0 CA 175 
   1153 119.5 0.0 N 104 
   1525 1.75 0.0 HB 137 
   331 4.12 0.0 HA 39 
   244 8.58 0.0 H 33 
   1725 119.6 0.0 CE3 153 
   1336 2.91 0.0 HE3 122 
   1422 39.5 0.0 CB 129 
   107 1.29 0.0 HB 21 
   1803 3.0 0.0 HD3 159 
   1927 8.65 0.0 H 169 
   1983 27.8 0.0 CB 173 
   419 28.3 0.0 CB 45 
   1952 8.55 0.0 H 171 
   1280 2.0 0.0 HB3 116 
   520 3.26 0.0 HB3 53 
   299 120.3 0.0 CZ3 36 
   1675 4.05 0.0 HA2 149 
   128 4.08 0.0 HD3 22 
   1173 1.34 0.0 HB1 106 
   790 1.55 0.0 HD2 76 
   504 23.6 0.0 CG1 51 
   1033 0.45 0.0 HD12 94 
   847 0.64 0.0 HG22 80 
   1196 1.88 0.0 HG2 108 
   1824 0.73 0.0 HD22 161 
   1516 1.28 0.0 HB3 136 
   1089 132.8 0.0 CD1 98 
   1026 2.04 0.0 HB 94 
   227 2.02 0.0 HB3 31 
   1974 24.7 0.0 CG 172 
   1037 26.8 0.0 CG1 94 
   384 119.4 0.0 N 42 
   102 30.1 0.0 CB 20 
   1337 55.1 0.0 CA 122 
   1774 0.82 0.0 HG2 157 
   1788 0.18 0.0 HD11 158 
   1288 1.89 0.0 HE3 117 
   104 119.8 0.0 N 20 
   1949 29.2 0.0 CD 170 
   1958 55.9 0.0 CA 171 
   673 4.75 0.0 HA 66 
   684 6.71 0.0 HD22 67 
   1531 1.08 0.0 HG23 137 
   957 7.05 0.0 HZ 88 
   187 68.1 0.0 CB 26 
   11 2.32 0.0 HG3 12 
   1457 3.95 0.0 HA 132 
   75 3.81 0.0 HA 18 
   1996 4.26 0.0 HA 175 
   1608 55.6 0.0 CA 143 
   1100 3.8 0.0 HD3 99 
   466 4.23 0.0 HA 49 
   1334 1.73 0.0 HD3 122 
   769 7.0 0.0 HE2 74 
   1019 2.51 0.0 HB2 93 
   515 36.4 0.0 CG 52 
   1594 0.37 0.0 HD21 142 
   867 9.03 0.0 H 82 
   1867 1.66 0.0 HG3 164 
   1562 41.9 0.0 CE 139 
   1013 129.9 0.0 CE1 92 
   292 7.51 0.0 HZ3 36 
   1373 0.13 0.0 HD12 125 
   1256 29.1 0.0 CD 113 
   718 46.2 0.0 CA 70 
   1567 2.06 0.0 HB3 140 
   510 2.21 0.0 HB3 52 
   301 121.6 0.0 N 36 
   1967 1.43 0.0 HG3 172 
   101 56.0 0.0 CA 20 
   600 9.85 0.0 HE1 61 
   1888 1.0 0.0 HG13 166 
   681 3.07 0.0 HB2 67 
   615 4.91 0.0 HA 62 
   1783 0.82 0.0 HG12 158 
   360 4.16 0.0 HA 41 
   1926 112.3 0.0 NE2 168 
   343 3.56 0.0 HA 40 
   1228 25.1 0.0 CD1 110 
   1411 114.8 0.0 N 128 
   1294 7.0 0.0 HD1 118 
   1922 54.4 0.0 CA 168 
   1547 48.1 0.0 CD 138 
   1674 7.41 0.0 H 149 
   1634 42.1 0.0 CB 145 
   762 8.53 0.0 H 74 
   1273 1.43 0.0 HB3 115 
   449 3.79 0.0 HA 48 
   1592 -0.51 0.0 HD12 142 
   578 8.55 0.0 H 59 
   914 1.27 0.0 HD2 85 
   1166 38.7 0.0 CB 105 
   801 5.55 0.0 HA 77 
   857 128.9 0.0 N 80 
   146 116.5 0.0 N 23 
   68 1.1 0.0 HG23 17 
   1955 2.09 0.0 HB3 171 
   1285 2.4 0.0 HG3 117 
   1237 119.9 0.0 N 111 
   81 1.01 0.0 HG22 18 
   228 1.58 0.0 HG2 31 
   1561 29.3 0.0 CD 139 
   375 7.68 0.0 H 42 
   1064 37.7 0.0 CB 96 
   654 0.91 0.0 HD22 64 
   551 41.8 0.0 CE 55 
   219 3.47 0.0 HD3 30 
   1676 3.16 0.0 HA3 149 
   751 6.65 0.0 HZ3 73 
   1102 33.2 0.0 CB 99 
   954 7.16 0.0 HD2 88 
   536 104.6 0.0 ND2 54 
   1544 64.6 0.0 CA 138 
   19 1.47 0.0 HB2 13 
   1209 2.43 0.0 HG3 109 
   1904 0.95 0.0 HG23 167 
   1270 4.47 0.0 HA 115 
   1451 3.77 0.0 HD3 131 
   473 57.4 0.0 CA 49 
   1667 0.92 0.0 HD23 148 
   1626 1.11 0.0 HG 145 
   14 35.9 0.0 CG 12 
   1637 23.3 0.0 CD2 145 
   463 13.2 0.0 CD1 48 
   1753 53.8 0.0 CA 155 
   734 1.5 0.0 HG2 72 
   626 132.0 0.0 CD2 62 
   1938 1.7 0.0 HB2 170 
   637 3.25 0.0 HD2 63 
   1086 7.33 0.0 HE2 98 
   1697 3.12 0.0 HA2 151 
   1948 24.8 0.0 CG 170 
   245 3.99 0.0 HA 33 
   1187 0.93 0.0 HG23 107 
   1641 2.2 0.0 HB2 146 
   1193 4.13 0.0 HA 108 
   1499 117.9 0.0 N 134 
   1060 0.87 0.0 HD11 96 
   713 37.3 0.0 CG 69 
   581 2.76 0.0 HB3 59 
   428 62.8 0.0 CA 46 
   1746 27.6 0.0 CD2 154 
   77 0.94 0.0 HG11 18 
   211 44.9 0.0 CA 29 
   940 5.28 0.0 HA 87 
   230 3.17 0.0 HD2 31 
   885 57.1 0.0 CA 83 
   1933 30.1 0.0 CB 169 
   372 29.5 0.0 CD 41 
   308 0.99 0.0 HG13 37 
   1992 38.6 0.0 CB 174 
   191 4.6 0.0 HA 27 
   1978 8.4 0.0 H 173 
   71 21.1 0.0 CG1 17 
   344 0.97 0.0 HB2 40 
   1395 4.38 0.0 HA 127 
   405 131.7 0.0 CD1 44 
   609 113.7 0.0 CZ2 61 
   1271 1.43 0.0 HB1 115 
   720 8.33 0.0 H 71 
   1921 7.47 0.0 HE22 168 
   1465 1.04 0.0 HD22 132 
   1993 121.0 0.0 N 174 
   1654 55.8 0.0 CA 147 
   1283 119.1 0.0 N 116 
   1931 7.31 0.0 HD2 169 
   1339 25.6 0.0 CG 122 
   111 0.18 0.0 HG22 21 
   791 1.68 0.0 HD3 76 
   1708 64.6 0.0 CA 152 
   424 4.12 0.0 HA 46 
   151 1.7 0.0 HG 24 
   1405 7.06 0.0 HD2 128 
   113 -0.19 0.0 HD11 21 
   1274 52.6 0.0 CA 115 
   74 8.12 0.0 H 18 
   577 116.9 0.0 N 58 
   1219 0.5 0.0 HD11 110 
   13 29.4 0.0 CB 12 
   682 3.59 0.0 HB3 67 
   752 6.46 0.0 HH2 73 
   214 1.05 0.0 HB2 30 
   483 7.26 0.0 HD2 50 
   701 24.4 0.0 CG 68 
   979 1.02 0.0 HG22 90 
   539 1.91 0.0 HB2 55 
   611 123.3 0.0 CH2 61 
   1261 4.2 0.0 HB 114 
   356 24.3 0.0 CD1 40 
   501 0.8 0.0 HG23 51 
   1073 1.17 0.0 HG22 97 
   325 58.3 0.0 CA 38 
   1293 3.08 0.0 HB3 118 
   558 7.75 0.0 HD22 56 
   686 37.3 0.0 CB 67 
   1198 3.48 0.0 HD2 108 
   437 0.93 0.0 HD12 47 
   1715 3.56 0.0 HB3 153 
   1052 8.69 0.0 H 96 
   1895 21.8 0.0 CG2 166 
   560 38.1 0.0 CB 56 
   341 121.0 0.0 N 39 
   1221 0.5 0.0 HD13 110 
   950 5.09 0.0 HA 88 
   1097 1.5 0.0 HG2 99 
   896 0.41 0.0 HD11 84 
   1757 3.87 0.0 HA 156 
   698 3.0 0.0 HE3 68 
   708 2.23 0.0 HB3 69 
   1743 42.6 0.0 CB 154 
   1680 4.08 0.0 HA 150 
   32 22.0 0.0 CG2 14 
   1236 41.0 0.0 CB 111 
   888 25.2 0.0 CD1 83 
   1767 21.1 0.0 CG1 156 
   1645 57.0 0.0 CA 146 
   904 25.9 0.0 CG 84 
   1745 23.0 0.0 CD1 154 
   1075 60.5 0.0 CA 97 
   1497 54.7 0.0 CA 134 
   171 1.6 0.0 HD3 25 
   1297 6.74 0.0 HE2 118 
   1302 117.4 0.0 CE1 118 
   1629 -0.05 0.0 HD13 145 
   481 3.32 0.0 HB3 50 
   213 2.52 0.0 HA 30 
   1255 25.6 0.0 CG 113 
   849 0.82 0.0 HD11 80 
   1960 36.0 0.0 CG 171 
   1036 36.4 0.0 CB 94 
   10 2.32 0.0 HG2 12 
   28 1.24 0.0 HG22 14 
   309 1.13 0.0 HG21 37 
   553 8.2 0.0 H 56 
   158 56.0 0.0 CA 24 
   1733 1.24 0.0 HB2 154 
   40 3.21 0.0 HD2 15 
   580 2.37 0.0 HB2 59 
   779 8.54 0.0 H 75 
   941 1.9 0.0 HB2 87 
   1131 15.4 0.0 CB 102 
   1157 0.33 0.0 HG12 105 
   334 1.47 0.0 HG2 39 
   647 1.83 0.0 HB2 64 
   76 2.19 0.0 HB 18 
   1970 2.95 0.0 HE2 172 
   388 2.34 0.0 HB3 43 
   781 4.31 0.0 HA3 75 
   1125 7.94 0.0 H 102 
   1252 3.12 0.0 HE3 113 
   1053 3.78 0.0 HA 96 
   1201 32.3 0.0 CB 108 
   339 29.8 0.0 CB 39 
   1587 3.92 0.0 HA 142 
   1349 -0.36 0.0 HG22 123 
   1172 5.09 0.0 HA 106 
   1770 7.92 0.0 H 157 
   1586 10.28 0.0 H 142 
   908 8.45 0.0 H 85 
   215 1.42 0.0 HB3 30 
   738 56.1 0.0 CA 72 
   665 1.81 0.0 HB3 65 
   915 1.28 0.0 HD3 85 
   1459 1.92 0.0 HB3 132 
   298 114.2 0.0 CZ2 36 
   812 10.66 0.0 HE1 78 
   1706 3.08 0.0 HD2 152 
   1001 4.95 0.0 HA 92 
   579 5.05 0.0 HA 59 
   112 0.18 0.0 HG23 21 
   785 5.61 0.0 HA 76 
   688 110.7 0.0 ND2 67 
   1971 2.95 0.0 HE3 172 
   899 0.64 0.0 HD21 84 
   1361 4.44 0.0 HA 124 
   597 2.65 0.0 HB2 61 
   1393 111.5 0.0 N 126 
   1445 4.38 0.0 HA 131 
   416 7.61 0.0 HE21 45 
   348 0.84 0.0 HD12 40 
   67 1.1 0.0 HG22 17 
   924 9.53 0.0 H 86 
   1903 0.95 0.0 HG22 167 
   63 1.01 0.0 HG11 17 
   961 131.7 0.0 CD2 88 
   364 1.73 0.0 HG3 41 
   1248 1.36 0.0 HG3 113 
   667 2.03 0.0 HG3 65 
   1989 7.61 0.0 HD21 174 
   270 1.81 0.0 HB3 35 
   400 7.33 0.0 HD2 44 
   304 3.36 0.0 HA 37 
   625 132.0 0.0 CD1 62 
   1827 41.4 0.0 CB 161 
   890 108.0 0.0 N 83 
   1748 7.31 0.0 H 155 
   1352 -0.19 0.0 HD12 123 
   1043 2.39 0.0 HB3 95 
   313 31.3 0.0 CB 37 
   728 23.0 0.0 CG2 71 
   195 7.45 0.0 HD22 27 
   832 6.69 0.0 HE1 79 
   927 3.29 0.0 HB3 86 
   1438 2.99 0.0 HE3 130 
   1016 112.7 0.0 N 92 
   349 0.84 0.0 HD13 40 
   51 1.6 0.0 HG2 16 
   564 4.51 0.0 HA 57 
   1810 2.55 0.0 HB2 160 
   1317 8.98 0.0 H 120 
   192 2.32 0.0 HB2 27 
   1724 127.0 0.0 CD1 153 
   1571 6.77 0.0 HE2 140 
   1588 0.74 0.0 HB2 142 
   1837 0.81 0.0 HG21 162 
   1029 0.7 0.0 HG21 94 
   149 1.51 0.0 HB2 24 
   350 0.86 0.0 HD21 40 
   606 29.6 0.0 CB 61 
   882 0.77 0.0 HD21 83 
   854 27.8 0.0 CG1 80 
   1279 2.0 0.0 HB2 116 
   866 126.2 0.0 N 81 
   1717 9.7 0.0 HE1 153 
   893 0.6 0.0 HB2 84 
   1840 0.01 0.0 HD11 162 
   873 131.6 0.0 N 82 
   1979 4.42 0.0 HA 173 
   287 3.79 0.0 HB3 36 
   316 116.1 0.0 N 37 
   603 6.87 0.0 HZ3 61 
   871 55.4 0.0 CA 82 
   1819 1.91 0.0 HG 161 
   295 29.5 0.0 CB 36 
   354 41.3 0.0 CB 40 
   1624 1.42 0.0 HB2 145 
   683 7.79 0.0 HD21 67 
   436 0.93 0.0 HD11 47 
   1126 3.87 0.0 HA 102 
   1841 0.01 0.0 HD12 162 
   1844 38.3 0.0 CB 162 
   978 1.02 0.0 HG21 90 
   563 7.52 0.0 H 57 
   1101 62.8 0.0 CA 99 
   224 8.5 0.0 H 31 
   1351 -0.19 0.0 HD11 123 
   775 130.0 0.0 CE1 74 
   496 0.78 0.0 HG11 51 
   1768 21.8 0.0 CG2 156 
   135 2.37 0.0 HB 23 
   1289 36.0 0.0 CG 117 
   1869 1.59 0.0 HD3 164 
   1990 6.91 0.0 HD22 174 
   774 131.7 0.0 CD2 74 
   1744 26.8 0.0 CG 154 
   969 2.91 0.0 HB3 89 
   506 118.9 0.0 N 51 
   1781 3.54 0.0 HA 158 
   1066 18.1 0.0 CG2 96 
   132 50.7 0.0 CD 22 
   1826 57.4 0.0 CA 161 
   410 8.21 0.0 H 45 
   421 117.4 0.0 N 45 
   862 7.19 0.0 HD2 81 
   1576 127.3 0.0 CD2 140 
   674 0.91 0.0 HB2 66 
   1319 3.69 0.0 HA3 120 
   1382 22.6 0.0 CD2 125 
   1509 30.1 0.0 CB 135 
   529 3.06 0.0 HB2 54 
   1050 27.0 0.0 CG 95 
   737 3.19 0.0 HD3 72 
   1022 43.0 0.0 CB 93 
   1296 6.74 0.0 HE1 118 
   1711 51.4 0.0 CD 152 
   1602 125.0 0.0 N 142 
   1039 8.7 0.0 CD1 94 
   1495 1.5 0.0 HB2 134 
   1605 1.04 0.0 HB1 143 
   435 1.91 0.0 HG 47 
   1878 7.93 0.0 H 165 
   1548 8.76 0.0 H 139 
   1581 9.74 0.0 H 141 
   1956 2.2 0.0 HG2 171 
   1233 2.6 0.0 HB2 111 
   1164 0.43 0.0 HD13 105 
   952 3.07 0.0 HB3 88 
   880 0.82 0.0 HD12 83 
   1985 8.55 0.0 H 174 
   782 45.8 0.0 CA 75 
   222 27.2 0.0 CG 30 
   376 4.12 0.0 HA 42 
   1789 0.18 0.0 HD12 158 
   1625 2.33 0.0 HB3 145 
   1160 0.67 0.0 HG22 105 
   1141 31.9 0.0 CB 103 
   705 8.77 0.0 H 69 
   431 8.42 0.0 H 47 
   1133 4.23 0.0 HA 103 
   1299 39.5 0.0 CB 118 
   1068 118.2 0.0 N 96 
   750 7.02 0.0 HZ2 73 
   1093 128.0 0.0 N 98 
   1269 8.73 0.0 H 115 
   199 107.7 0.0 ND2 27 
   1063 64.5 0.0 CA 96 
   202 1.47 0.0 HB1 28 
   1443 41.8 0.0 CE 130 
   1359 117.1 0.0 N 123 
   1286 1.89 0.0 HE1 117 
   15 122.1 0.0 N 12 
   1612 3.57 0.0 HA 144 
   956 7.18 0.0 HE2 88 
   411 4.15 0.0 HA 45 
   1659 1.74 0.0 HB2 148 
   484 6.97 0.0 HE1 50 
   207 123.5 0.0 N 28 
   5 40.9 0.0 CB 11 
   613 127.8 0.0 NE1 61 
   327 33.3 0.0 CG 38 
   1311 3.21 0.0 HD3 119 
   478 8.25 0.0 H 50 
   576 39.1 0.0 CB 58 
   680 4.76 0.0 HA 67 
   943 2.0 0.0 HG2 87 
   1578 129.7 0.0 CE2 140 
   552 122.1 0.0 N 55 
   1755 115.0 0.0 N 155 
   30 64.2 0.0 CA 14 
   508 3.88 0.0 HA 52 
   1409 120.2 0.0 CD2 128 
   1572 6.2 0.0 HZ 140 
   1731 8.68 0.0 H 154 
   482 7.26 0.0 HD1 50 
   1665 0.92 0.0 HD21 148 
   878 1.45 0.0 HG 83 
   444 27.4 0.0 CG 47 
   1669 43.3 0.0 CB 148 
   1533 33.3 0.0 CB 137 
   48 4.19 0.0 HA 16 
   1350 -0.36 0.0 HG23 123 
   357 24.3 0.0 CD2 40 
   1720 6.36 0.0 HZ3 153 
   259 2.16 0.0 HB2 34 
   540 1.91 0.0 HB3 55 
   1453 30.7 0.0 CB 131 
   434 2.21 0.0 HB3 47 
   1981 2.88 0.0 HB3 173 
   120 13.1 0.0 CD1 21 
   1997 1.94 0.0 HB2 175 
   1 4.65 0.0 HA 11 
   1524 4.01 0.0 HA 137 
   902 53.6 0.0 CA 84 
   668 54.6 0.0 CA 65 
   745 1.04 0.0 HB2 73 
   1651 1.22 0.0 HB1 147 
   1226 42.1 0.0 CB 110 
   742 123.7 0.0 N 72 
   648 1.86 0.0 HB3 64 
   1853 2.49 0.0 HG2 163 
   22 18.5 0.0 CB 13 
   42 58.2 0.0 CA 15 
   1006 6.63 0.0 HE1 92 
   471 3.37 0.0 HD2 49 
   140 1.13 0.0 HG22 23 
   1354 61.9 0.0 CA 123 
   996 55.2 0.0 CA 91 
   1937 4.24 0.0 HA 170 
   1083 7.86 0.0 HD1 98 
   1391 69.5 0.0 CB 126 
   1772 0.27 0.0 HB2 157 
   1797 3.52 0.0 HA 159 
   963 129.6 0.0 CE2 88 
   1379 41.7 0.0 CB 125 
   1214 7.93 0.0 H 110 
   1464 1.04 0.0 HD21 132 
   641 33.8 0.0 CB 63 
   1308 1.58 0.0 HG2 119 
   1000 8.46 0.0 H 92 
   370 32.0 0.0 CB 41 
   150 1.88 0.0 HB3 24 
   1519 53.4 0.0 CA 136 
   235 43.1 0.0 CD 31 
   768 7.0 0.0 HE1 74 
   1119 1.08 0.0 HG22 101 
   285 4.72 0.0 HA 36 
   154 1.0 0.0 HD13 24 
   1925 121.6 0.0 N 168 
   1358 13.5 0.0 CD1 123 
   521 7.98 0.0 HD21 53 
   353 57.5 0.0 CA 40 
   1776 57.3 0.0 CA 157 
   1062 0.87 0.0 HD13 96 
   1241 45.8 0.0 CA 112 
   1481 7.04 0.0 HZ3 133 
   1106 4.12 0.0 HA 100 
   1590 1.64 0.0 HG 142 
   632 4.37 0.0 HA 63 
   1401 7.93 0.0 H 128 
   1596 0.37 0.0 HD23 142 
   1163 0.43 0.0 HD12 105 
   1189 31.4 0.0 CB 107 
   345 1.42 0.0 HB3 40 
   129 63.3 0.0 CA 22 
   1565 4.03 0.0 HA 140 
   1732 3.58 0.0 HA 154 
   236 116.8 0.0 N 31 
   275 1.01 0.0 HD21 35 
   760 125.1 0.0 N 73 
   62 2.21 0.0 HB 17 
   138 0.96 0.0 HG13 23 
   948 122.6 0.0 N 87 
   56 30.2 0.0 CB 16 
   612 121.9 0.0 N 61 
   1703 2.44 0.0 HB3 152 
   1492 8.33 0.0 H 134 
   401 6.81 0.0 HE1 44 
   1709 32.1 0.0 CB 152 
   1316 120.9 0.0 N 119 
   1692 27.0 0.0 CG 150 
   638 3.25 0.0 HD3 63 
   841 8.07 0.0 H 80 
   380 2.69 0.0 HG3 42 
   258 4.24 0.0 HA 34 
   3 2.76 0.0 HB3 11 
   1815 7.82 0.0 H 161 
   707 2.1 0.0 HB2 69 
   477 119.0 0.0 N 49 
   1489 123.1 0.0 CH2 133 
   1470 23.5 0.0 CD1 132 
   205 51.9 0.0 CA 28 
   1756 6.91 0.0 H 156 
   1568 6.2 0.0 HD1 140 
   246 2.0 0.0 HB2 33 
   1812 57.2 0.0 CA 160 
   1945 2.96 0.0 HE3 170 
   1818 1.9 0.0 HB3 161 
   1821 0.66 0.0 HD12 161 
   1517 6.92 0.0 HD21 136 
   1115 7.25 0.0 H 101 
   1855 7.42 0.0 HE21 163 
   1959 31.0 0.0 CB 171 
   660 24.2 0.0 CD2 64 
   618 5.47 0.0 HD1 62 
   1458 1.61 0.0 HB2 132 
   1096 2.2 0.0 HB3 99 
   336 2.71 0.0 HD2 39 
   1129 0.01 0.0 HB3 102 
   1065 27.8 0.0 CG1 96 
   1705 2.09 0.0 HG3 152 
   165 4.41 0.0 HA 25 
   446 23.9 0.0 CD2 47 
   1113 21.6 0.0 CG2 100 
   373 42.2 0.0 CE 41 
   1322 8.15 0.0 H 121 
   1142 27.9 0.0 CG 103 
   910 1.51 0.0 HB2 85 
   897 0.41 0.0 HD12 84 
   1631 0.45 0.0 HD22 145 
   511 2.31 0.0 HG2 52 
   1331 1.04 0.0 HG2 122 
   1227 26.9 0.0 CG 110 
   966 8.46 0.0 H 89 
   109 1.61 0.0 HG13 21 
   454 0.97 0.0 HG22 48 
   8 2.03 0.0 HB2 12 
   1832 8.16 0.0 H 162 
   652 0.91 0.0 HD13 64 
   1845 29.2 0.0 CG1 162 
   509 2.1 0.0 HB2 52 
   196 51.1 0.0 CA 27 
   1760 0.75 0.0 HG12 156 
   282 25.2 0.0 CD2 35 
   649 1.83 0.0 HG 64 
   1107 4.44 0.0 HB 100 
   1419 6.99 0.0 HE2 129 
   220 63.2 0.0 CA 30 
   1082 3.27 0.0 HB3 98 
   1498 18.5 0.0 CB 134 
   1940 1.38 0.0 HG2 170 
   518 4.48 0.0 HA 53 
   383 35.5 0.0 CG 42 
   851 0.82 0.0 HD13 80 
   281 22.8 0.0 CD1 35 
   469 1.74 0.0 HG2 49 
   1747 118.8 0.0 N 154 
   1842 0.01 0.0 HD13 162 
   1111 67.1 0.0 CA 100 
   1613 2.35 0.0 HB2 144 
   1786 0.42 0.0 HG22 158 
   1646 31.6 0.0 CB 146 
   1897 6.85 0.0 H 167 
   569 19.0 0.0 CB 57 
   297 122.1 0.0 CE3 36 
   1203 49.8 0.0 CD 108 
   315 22.1 0.0 CG2 37 
   1363 2.78 0.0 HB3 124 
   229 1.65 0.0 HG3 31 
   700 31.8 0.0 CB 68 
   1207 2.39 0.0 HB3 109 
   541 1.31 0.0 HG2 55 
   2007 112.3 0.0 NE2 175 
   740 27.4 0.0 CG 72 
   1404 3.23 0.0 HB3 128 
   946 34.7 0.0 CB 87 
   1144 8.6 0.0 H 104 
   985 42.8 0.0 CB 90 
   1762 0.93 0.0 HG21 156 
   916 2.27 0.0 HE2 85 
   808 6.21 0.0 HA 78 
   1773 0.96 0.0 HB3 157 
   1313 30.5 0.0 CB 119 
   1876 41.8 0.0 CE 164 
   1002 2.77 0.0 HB2 92 
   967 5.42 0.0 HA 89 
   1679 7.83 0.0 H 150 
   1839 0.81 0.0 HG23 162 
   461 29.8 0.0 CG1 48 
   1368 4.45 0.0 HA 125 
   465 7.64 0.0 H 49 
   1780 7.94 0.0 H 158 
   232 56.1 0.0 CA 31 
   1312 57.4 0.0 CA 119 
   1644 2.21 0.0 HG3 146 
   1178 128.8 0.0 N 106 
   594 120.0 0.0 N 60 
   991 5.29 0.0 HA 91 
   746 2.21 0.0 HB3 73 
   1721 6.62 0.0 HH2 153 
   2006 120.6 0.0 N 175 
   591 2.96 0.0 HB3 60 
   566 1.5 0.0 HB2 57 
   223 48.9 0.0 CD 30 
   1619 115.6 0.0 CD2 144 
   1879 3.97 0.0 HA2 165 
   939 8.12 0.0 H 87 
   414 2.54 0.0 HG2 45 
   1718 7.08 0.0 HE3 153 
   833 6.69 0.0 HE2 79 
   1145 4.26 0.0 HA 104 
   322 2.45 0.0 HG3 38 
   26 4.2 0.0 HB 14 
   254 27.3 0.0 CG 33 
   1205 4.3 0.0 HA 109 
   807 9.24 0.0 H 78 
   598 4.08 0.0 HB3 61 
   1859 33.7 0.0 CG 163 
   1902 0.95 0.0 HG21 167 
   870 2.87 0.0 HB3 82 
   57 27.3 0.0 CG 16 
   1466 1.04 0.0 HD23 132 
   1074 1.17 0.0 HG23 97 
   1278 4.0 0.0 HA 116 
   1388 1.41 0.0 HG22 126 
   1791 63.4 0.0 CA 158 
   35 4.1 0.0 HA 15 
   988 14.6 0.0 CD1 90 
   1683 1.88 0.0 HG 150 
   853 38.1 0.0 CB 80 
   1367 8.42 0.0 H 125 
   725 1.1 0.0 HG23 71 
   1714 3.23 0.0 HB2 153 
   765 3.22 0.0 HB3 74 
   1911 18.1 0.0 CG2 167 
   868 4.02 0.0 HA 82 
   730 7.61 0.0 H 72 
   522 6.74 0.0 HD22 53 
   488 131.7 0.0 CD1 50 
   1557 2.91 0.0 HE3 139 
   1968 1.65 0.0 HD2 172 
   1573 51.9 0.0 CA 140 
   676 55.8 0.0 CA 66 
   1076 67.7 0.0 CB 97 
   225 4.34 0.0 HA 31 
   1999 2.31 0.0 HG2 175 
   238 4.9 0.0 HA 32 
   1570 6.77 0.0 HE1 140 
   240 3.09 0.0 HB3 32 
   827 4.84 0.0 HA 79 
   147 9.12 0.0 H 24 
   367 2.96 0.0 HE2 41 
   879 0.82 0.0 HD11 83 
   621 5.55 0.0 HE2 62 
   1087 58.3 0.0 CA 98 
   1212 36.8 0.0 CG 109 
   643 42.6 0.0 CD 63 
   824 117.5 0.0 N 78 
   1963 4.4 0.0 HA 172 
   1595 0.37 0.0 HD22 142 
   1764 0.93 0.0 HG23 156 
   2004 29.2 0.0 CB 175 
   661 123.1 0.0 N 64 
   1946 56.7 0.0 CA 170 
   159 41.3 0.0 CB 24 
   386 4.33 0.0 HA 43 
   1378 54.2 0.0 CA 125 
   1530 1.08 0.0 HG22 137 
   1021 52.0 0.0 CA 93 
   546 2.84 0.0 HE3 55 
   24 7.95 0.0 H 14 
   709 2.34 0.0 HG2 69 
   561 118.9 0.0 N 56 
   1784 1.49 0.0 HG13 158 
   1051 50.6 0.0 CD 95 
   1032 0.45 0.0 HD11 94 
   945 54.3 0.0 CA 87 
   118 27.5 0.0 CG1 21 
   1104 49.5 0.0 CD 99 
   911 1.74 0.0 HB3 85 
   2 2.76 0.0 HB2 11 
   1836 1.33 0.0 HG13 162 
   1488 123.0 0.0 CZ3 133 
   951 2.71 0.0 HB2 88 
   983 0.71 0.0 HD13 90 
   1272 1.43 0.0 HB2 115 
   1635 26.4 0.0 CG 145 
   573 2.55 0.0 HB2 58 
   1713 4.06 0.0 HA 153 
   1858 27.9 0.0 CB 163 
   797 29.6 0.0 CD 76 
   1636 25.8 0.0 CD1 145 
   4 54.1 0.0 CA 11 
   582 6.69 0.0 HD21 59 
   178 41.8 0.0 CE 25 
   1012 131.3 0.0 CD2 92 
   1045 1.91 0.0 HG3 95 
   280 27.0 0.0 CG 35 
   133 8.04 0.0 H 23 
   1149 2.24 0.0 HG3 104 
   1831 118.0 0.0 N 161 
   1487 113.9 0.0 CZ2 133 
   183 1.25 0.0 HG21 26 
   1510 27.0 0.0 CG 135 
   531 4.55 0.0 HD21 54 
   296 127.0 0.0 CD1 36 
   145 22.0 0.0 CG2 23 
   815 6.61 0.0 HZ3 78 
   721 4.41 0.0 HA 71 
   123 1.93 0.0 HB2 22 
   795 38.2 0.0 CB 76 
   1041 4.62 0.0 HA 95 
   78 0.94 0.0 HG12 18 
   1371 1.35 0.0 HG 125 
   630 115.3 0.0 N 62 
   1534 20.4 0.0 CG1 137 
   456 0.92 0.0 HD11 48 
   544 1.6 0.0 HD3 55 
   693 1.46 0.0 HG2 68 
   1638 121.2 0.0 N 145 
   1130 49.7 0.0 CA 102 
   1132 126.2 0.0 N 102 
   462 17.0 0.0 CG2 48 
   86 22.0 0.0 CG2 18 
   166 1.76 0.0 HB2 25 
   1253 56.4 0.0 CA 113 
   796 24.8 0.0 CG 76 
   1229 22.5 0.0 CD2 110 
   771 54.9 0.0 CA 74 
   1529 1.08 0.0 HG21 137 
   534 36.9 0.0 CB 54 
   1403 3.23 0.0 HB2 128 
   830 6.96 0.0 HD1 79 
   1891 1.0 0.0 HG23 166 
   1877 115.9 0.0 N 164 
   744 4.72 0.0 HA 73 
   1589 1.6 0.0 HB3 142 
   95 7.79 0.0 H 20 
   886 39.8 0.0 CB 83 
   1138 2.95 0.0 HD2 103 
   1383 126.2 0.0 N 125 
   1184 0.58 0.0 HG13 107 
   332 1.78 0.0 HB2 39 
   1085 6.93 0.0 HE1 98 
   739 32.8 0.0 CB 72 
   1427 129.2 0.0 CZ 129 
   881 0.82 0.0 HD13 83 
   1885 2.17 0.0 HB 166 
   749 7.03 0.0 HE3 73 
   1591 -0.51 0.0 HD11 142 
   179 116.8 0.0 N 25 
   1473 8.49 0.0 H 133 
   601 7.9 0.0 HE3 61 
   516 119.7 0.0 N 52 
   180 10.39 0.0 H 26 
   318 4.09 0.0 HA 38 
   1440 29.7 0.0 CB 130 
   52 1.6 0.0 HG3 16 
   34 8.07 0.0 H 15 
   1222 0.68 0.0 HD21 110 
   1865 2.04 0.0 HB3 164 
   148 4.56 0.0 HA 24 
   1257 42.5 0.0 CE 113 
   1335 2.91 0.0 HE2 122 
   1603 9.24 0.0 H 143 
   455 0.97 0.0 HG23 48 
   773 131.7 0.0 CD1 74 
   778 117.0 0.0 N 74 
   6 8.75 0.0 H 12 
   243 119.3 0.0 N 32 
   1069 7.01 0.0 H 97 
   1199 3.77 0.0 HD3 108 
   913 1.18 0.0 HG3 85 
   1988 2.83 0.0 HB3 174 
   1782 1.56 0.0 HB 158 
   816 6.84 0.0 HH2 78 
   1167 27.6 0.0 CG1 105 
   328 118.6 0.0 N 38 
   1734 2.04 0.0 HB3 154 
   1835 0.32 0.0 HG12 162 
   206 24.4 0.0 CB 28 
   593 40.5 0.0 CB 60 
   976 0.84 0.0 HG12 90 
   1735 2.08 0.0 HG 154 
   242 40.8 0.0 CB 32 
   340 26.9 0.0 CG 39 
   1105 8.2 0.0 H 100 
   105 7.66 0.0 H 21 
   906 24.8 0.0 CD2 84 
   1808 6.55 0.0 H 160 
   528 4.38 0.0 HA 54 
   900 0.64 0.0 HD22 84 
   1496 1.5 0.0 HB3 134 
   1848 120.1 0.0 N 162 
   1953 4.39 0.0 HA 171 
   981 0.71 0.0 HD11 90 
   137 0.96 0.0 HG12 23 
   1315 42.9 0.0 CD 119 
   1751 1.43 0.0 HB2 155 
   1912 14.6 0.0 CD1 167 
   134 4.44 0.0 HA 23 
   69 64.5 0.0 CA 17 
   1515 0.92 0.0 HB2 136 
   125 2.1 0.0 HG2 22 
   921 29.2 0.0 CD 85 
   269 1.46 0.0 HB2 35 
   272 0.91 0.0 HD11 35 
   636 1.74 0.0 HG3 63 
   1750 1.43 0.0 HB1 155 
   1428 121.3 0.0 N 129 
   141 1.13 0.0 HG23 23 
   1752 1.43 0.0 HB3 155 
   450 1.98 0.0 HB 48 
   1806 28.7 0.0 CG 159 
   217 1.44 0.0 HG3 30 
   39 1.72 0.0 HG3 15 
   802 2.94 0.0 HB2 77 
   861 3.25 0.0 HB3 81 
   741 43.1 0.0 CD 72 
   1554 1.56 0.0 HD2 139 
   452 1.86 0.0 HG13 48 
   124 2.46 0.0 HB3 22 
   1376 0.33 0.0 HD22 125 
   1546 24.1 0.0 CG 138 
   1326 107.3 0.0 N 121 
   160 31.1 0.0 CG 24 
   1235 56.4 0.0 CA 111 
   1338 32.9 0.0 CB 122 
   1615 5.82 0.0 HD2 144 
   311 1.13 0.0 HG23 37 
   1500 7.5 0.0 H 135 
   1742 57.8 0.0 CA 154 
   1430 3.99 0.0 HA 130 
   487 38.5 0.0 CB 50 
   73 119.6 0.0 N 17 
   1694 27.2 0.0 CD2 150 
   1966 1.35 0.0 HG2 172 
   1852 2.24 0.0 HB3 163 
   1861 111.2 0.0 NE2 163 
   1182 0.58 0.0 HG11 107 
   1239 4.25 0.0 HA2 112 
   2002 6.84 0.0 HE22 175 
   1004 6.51 0.0 HD1 92 
   474 29.4 0.0 CB 49 
   193 3.25 0.0 HB3 27 
   162 25.5 0.0 CD2 24 
   999 117.4 0.0 N 91 
   122 4.51 0.0 HA 22 
   1147 1.85 0.0 HB3 104 
   1899 1.86 0.0 HB 167 
   216 1.05 0.0 HG2 30 
   748 9.32 0.0 HE1 73 
   1860 121.6 0.0 N 163 
   320 2.23 0.0 HB3 38 
   1686 0.87 0.0 HD13 150 
   1763 0.93 0.0 HG22 156 
   1738 0.88 0.0 HD13 154 
   1216 1.6 0.0 HB2 110 
   1728 122.7 0.0 CH2 153 
   289 9.86 0.0 HE1 36 
   1569 6.2 0.0 HD2 140 
   451 1.26 0.0 HG12 48 
   1384 8.22 0.0 H 126 
   64 1.01 0.0 HG12 17 
   418 59.3 0.0 CA 45 
   1843 65.1 0.0 CA 162 
   1622 8.62 0.0 H 145 
   250 3.34 0.0 HD2 33 
   1059 0.98 0.0 HG23 96 
   25 4.07 0.0 HA 14 
   909 4.75 0.0 HA 85 
   18 1.47 0.0 HB1 13 
   106 4.14 0.0 HA 21 
   441 0.98 0.0 HD23 47 
   127 3.72 0.0 HD2 22 
   1834 1.39 0.0 HB 162 
   1244 4.41 0.0 HA 113 
   1804 66.3 0.0 CA 159 
   1736 0.88 0.0 HD11 154 
   1799 2.07 0.0 HB3 159 
   1185 0.93 0.0 HG21 107 
   1894 21.8 0.0 CG1 166 
   1672 22.7 0.0 CD2 148 
   1579 130.1 0.0 CZ 140 
   1870 2.92 0.0 HE2 164 
   255 43.1 0.0 CD 33 
   664 1.55 0.0 HB2 65 
   1640 4.36 0.0 HA 146 
   1014 129.9 0.0 CE2 92 
   1526 0.66 0.0 HG11 137 
   156 1.18 0.0 HD22 24 
   119 17.2 0.0 CG2 21 
   1710 28.3 0.0 CG 152 
   155 1.18 0.0 HD21 24 
   1282 29.0 0.0 CB 116 
   724 1.1 0.0 HG22 71 
   29 1.24 0.0 HG23 14 
   859 4.82 0.0 HA 81 
   499 0.8 0.0 HG21 51 
   307 0.99 0.0 HG12 37 
   1341 41.8 0.0 CE 122 
   1577 129.7 0.0 CE1 140 
   261 2.42 0.0 HG2 34 
   856 12.7 0.0 CD1 80 
   1574 36.4 0.0 CB 140 
   361 2.06 0.0 HB2 41 
   835 44.0 0.0 CB 79 
   1833 3.68 0.0 HA 162 
   764 3.1 0.0 HB2 74 
   1872 56.9 0.0 CA 164 
   1696 9.07 0.0 H 151 
   362 2.06 0.0 HB3 41 
   704 123.1 0.0 N 68 
   234 27.1 0.0 CG 31 
   922 41.3 0.0 CE 85 
   994 2.13 0.0 HG2 91 
   1437 2.99 0.0 HE2 130 
   1304 8.4 0.0 H 119 
   1856 6.84 0.0 HE22 163 
   475 26.1 0.0 CG 49 
   432 4.23 0.0 HA 47 
   1305 4.25 0.0 HA 119 
   1823 0.73 0.0 HD21 161 
   616 2.1 0.0 HB2 62 
   1480 7.26 0.0 HZ2 133 
   898 0.41 0.0 HD13 84 
   1206 2.17 0.0 HB2 109 
   1539 1.47 0.0 HB3 138 
   1660 2.08 0.0 HB3 148 
   604 7.04 0.0 HH2 61 
   1805 30.6 0.0 CB 159 
   248 1.72 0.0 HG2 33 
   1081 2.76 0.0 HB2 98 
   200 7.02 0.0 H 28 
   986 25.7 0.0 CG1 90 
   1796 115.7 0.0 N 158 
   608 122.4 0.0 CE3 61 
   391 58.5 0.0 CA 43 
   267 8.01 0.0 H 35 
   1211 30.2 0.0 CB 109 
   513 59.7 0.0 CA 52 
   1598 40.4 0.0 CB 142 
   1932 57.3 0.0 CA 169 
   1450 3.64 0.0 HD2 131 
   1604 3.75 0.0 HA 143 
   1893 32.2 0.0 CB 166 
   1506 3.11 0.0 HD2 135 
   1790 0.18 0.0 HD13 158 
   1890 1.0 0.0 HG22 166 
   1980 2.81 0.0 HB2 173 
   291 7.92 0.0 HZ2 36 
   602 7.45 0.0 HZ2 61 
   838 117.3 0.0 CE1 79 
   586 116.4 0.0 N 59 
   800 9.17 0.0 H 77 
   1754 18.2 0.0 CB 155 
   855 17.1 0.0 CG2 80 
   131 27.7 0.0 CG 22 
   1671 26.1 0.0 CD1 148 
   1689 1.16 0.0 HD23 150 
   1630 0.45 0.0 HD21 145 
   549 25.6 0.0 CG 55 
   1191 22.2 0.0 CG2 107 
   363 1.45 0.0 HG2 41 
   1461 0.93 0.0 HD11 132 
   37 1.87 0.0 HB3 15 
   237 8.17 0.0 H 32 
   887 26.8 0.0 CG 83 
   16 8.44 0.0 H 13 
   368 2.96 0.0 HE3 41 
   168 1.29 0.0 HG2 25 
   968 2.72 0.0 HB2 89 
   1155 3.79 0.0 HA 105 
   181 3.89 0.0 HA 26 
   1649 8.35 0.0 H 147 
   1061 0.87 0.0 HD12 96 
   1771 3.85 0.0 HA 157 
   1385 4.28 0.0 HA 126 
   314 21.0 0.0 CG1 37 
   1621 115.4 0.0 N 144 
   321 2.45 0.0 HG2 38 
   1896 115.2 0.0 N 166 
   767 6.87 0.0 HD2 74 
   1432 2.04 0.0 HB3 130 
   1188 58.3 0.0 CA 107 
   443 42.7 0.0 CB 47 
   218 2.45 0.0 HD2 30 
   467 1.95 0.0 HB2 49 
   91 3.98 0.0 HB3 19 
   1535 22.9 0.0 CG2 137 
   319 2.23 0.0 HB2 38 
   1881 45.6 0.0 CA 165 
   850 0.82 0.0 HD12 80 
   1387 1.41 0.0 HG21 126 
   663 4.51 0.0 HA 65 
   543 1.6 0.0 HD2 55 
   965 121.3 0.0 N 88 
   659 24.3 0.0 CD1 64 
   1277 8.32 0.0 H 116 
   825 131.3 0.0 NE1 78 
   920 25.6 0.0 CG 85 
   842 5.13 0.0 HA 80 
   1005 6.51 0.0 HD2 92 
   1536 122.5 0.0 N 137 
   1643 2.21 0.0 HG2 146 
   457 0.92 0.0 HD12 48 
   317 7.16 0.0 H 38 
   247 2.12 0.0 HB3 33 
   1080 4.69 0.0 HA 98 
   1907 0.85 0.0 HD13 167 
   875 3.58 0.0 HA 83 
   1941 1.38 0.0 HG3 170 
