   1517 6.92 0.0 HD21 136 
   869 2.25 0.0 HB2 82 
   885 57.1 0.0 CA 83 
   1154 8.55 0.0 H 105 
   1683 1.88 0.0 HG 150 
   1564 6.28 0.0 H 140 
   364 1.73 0.0 HG3 41 
   1346 0.57 0.0 HG12 123 
   778 117.0 0.0 N 74 
   1451 3.77 0.0 HD3 131 
   1546 24.1 0.0 CG 138 
   895 1.54 0.0 HG 84 
   1282 29.0 0.0 CB 116 
   212 107.0 0.0 N 29 
   1746 27.6 0.0 CD2 154 
   1925 121.6 0.0 N 168 
   967 5.42 0.0 HA 89 
   600 9.85 0.0 HE1 61 
   491 118.8 0.0 CE2 50 
   1853 2.49 0.0 HG2 163 
   93 63.2 0.0 CB 19 
   457 0.92 0.0 HD12 48 
   1669 43.3 0.0 CB 148 
   175 35.9 0.0 CB 25 
   473 57.4 0.0 CA 49 
   790 1.55 0.0 HD2 76 
   1633 58.4 0.0 CA 145 
   574 3.11 0.0 HB3 58 
   284 8.01 0.0 H 36 
   617 2.5 0.0 HB3 62 
   1008 6.45 0.0 HZ 92 
   1502 1.71 0.0 HB2 135 
   1933 30.1 0.0 CB 169 
   274 0.91 0.0 HD13 35 
   103 36.3 0.0 CG 20 
   295 29.5 0.0 CB 36 
   326 28.0 0.0 CB 38 
   978 1.02 0.0 HG21 90 
   886 39.8 0.0 CB 83 
   1431 1.96 0.0 HB2 130 
   1191 22.2 0.0 CG2 107 
   1478 9.6 0.0 HE1 133 
   1588 0.74 0.0 HB2 142 
   1076 67.7 0.0 CB 97 
   1697 3.12 0.0 HA2 151 
   630 115.3 0.0 N 62 
   246 2.0 0.0 HB2 33 
   968 2.72 0.0 HB2 89 
   51 1.6 0.0 HG2 16 
   872 39.0 0.0 CB 82 
   1275 18.9 0.0 CB 115 
   1016 112.7 0.0 N 92 
   122 4.51 0.0 HA 22 
   1053 3.78 0.0 HA 96 
   653 0.91 0.0 HD21 64 
   1563 122.6 0.0 N 139 
   1466 1.04 0.0 HD23 132 
   1482 7.06 0.0 HH2 133 
   68 1.1 0.0 HG23 17 
   73 119.6 0.0 N 17 
   1980 2.81 0.0 HB2 173 
   77 0.94 0.0 HG11 18 
   198 128.7 0.0 N 27 
   924 9.53 0.0 H 86 
   466 4.23 0.0 HA 49 
   203 1.47 0.0 HB2 28 
   1896 115.2 0.0 N 166 
   1989 7.61 0.0 HD21 174 
   531 4.55 0.0 HD21 54 
   530 3.06 0.0 HB3 54 
   355 26.0 0.0 CG 40 
   27 1.24 0.0 HG21 14 
   547 60.5 0.0 CA 55 
   514 29.2 0.0 CB 52 
   414 2.54 0.0 HG2 45 
   377 2.27 0.0 HB2 42 
   1874 26.3 0.0 CG 164 
   1586 10.28 0.0 H 142 
   1636 25.8 0.0 CD1 145 
   1552 1.26 0.0 HG2 139 
   1241 45.8 0.0 CA 112 
   901 0.64 0.0 HD23 84 
   657 48.2 0.0 CB 64 
   15 122.1 0.0 N 12 
   76 2.19 0.0 HB 18 
   558 7.75 0.0 HD22 56 
   584 51.8 0.0 CA 59 
   1313 30.5 0.0 CB 119 
   718 46.2 0.0 CA 70 
   1665 0.92 0.0 HD21 148 
   1071 4.67 0.0 HB 97 
   1312 57.4 0.0 CA 119 
   1724 127.0 0.0 CD1 153 
   1822 0.66 0.0 HD13 161 
   899 0.64 0.0 HD21 84 
   394 120.6 0.0 N 43 
   154 1.0 0.0 HD13 24 
   2000 2.31 0.0 HG3 175 
   1330 1.47 0.0 HB3 122 
   985 42.8 0.0 CB 90 
   1249 1.6 0.0 HD2 113 
   546 2.84 0.0 HE3 55 
   638 3.25 0.0 HD3 63 
   593 40.5 0.0 CB 60 
   1513 7.18 0.0 H 136 
   1454 27.9 0.0 CG 131 
   110 0.18 0.0 HG21 21 
   866 126.2 0.0 N 81 
   446 23.9 0.0 CD2 47 
   664 1.55 0.0 HB2 65 
   793 2.95 0.0 HE3 76 
   1044 1.84 0.0 HG2 95 
   61 3.95 0.0 HA 17 
   1494 1.5 0.0 HB1 134 
   1824 0.73 0.0 HD22 161 
   714 115.4 0.0 N 69 
   771 54.9 0.0 CA 74 
   220 63.2 0.0 CA 30 
   788 1.43 0.0 HG2 76 
   92 60.1 0.0 CA 19 
   761 127.0 0.0 NE1 73 
   1289 36.0 0.0 CG 117 
   669 34.1 0.0 CB 65 
   588 8.49 0.0 H 60 
   1095 1.45 0.0 HB2 99 
   647 1.83 0.0 HB2 64 
   1699 49.3 0.0 CA 151 
   1620 136.3 0.0 CE1 144 
   666 1.89 0.0 HG2 65 
   1930 2.88 0.0 HB3 169 
   299 120.3 0.0 CZ3 36 
   1100 3.8 0.0 HD3 99 
   1851 2.24 0.0 HB2 163 
   1380 26.3 0.0 CG 125 
   60 7.9 0.0 H 17 
   1485 126.6 0.0 CD1 133 
   1359 117.1 0.0 N 123 
   835 44.0 0.0 CB 79 
   1787 0.42 0.0 HG23 158 
   1309 1.68 0.0 HG3 119 
   522 6.74 0.0 HD22 53 
   1404 3.23 0.0 HB3 128 
   86 22.0 0.0 CG2 18 
   293 7.05 0.0 HH2 36 
   107 1.29 0.0 HB 21 
   975 1.75 0.0 HB 90 
   1378 54.2 0.0 CA 125 
   921 29.2 0.0 CD 85 
   468 2.07 0.0 HB3 49 
   597 2.65 0.0 HB2 61 
   1711 51.4 0.0 CD 152 
   184 1.25 0.0 HG22 26 
   1553 1.46 0.0 HG3 139 
   46 121.6 0.0 N 15 
   555 2.93 0.0 HB2 56 
   1786 0.42 0.0 HG22 158 
   840 121.1 0.0 N 79 
   1467 57.9 0.0 CA 132 
   118 27.5 0.0 CG1 21 
   342 8.86 0.0 H 40 
   1013 129.9 0.0 CE1 92 
   1619 115.6 0.0 CD2 144 
   168 1.29 0.0 HG2 25 
   1270 4.47 0.0 HA 115 
   1758 1.8 0.0 HB 156 
   1110 1.25 0.0 HG23 100 
   79 0.94 0.0 HG13 18 
   31 68.6 0.0 CB 14 
   794 53.9 0.0 CA 76 
   1037 26.8 0.0 CG1 94 
   663 4.51 0.0 HA 65 
   449 3.79 0.0 HA 48 
   1893 32.2 0.0 CB 166 
   622 5.65 0.0 HZ 62 
   1034 0.45 0.0 HD13 94 
   1182 0.58 0.0 HG11 107 
   1587 3.92 0.0 HA 142 
   570 121.1 0.0 N 57 
   811 7.03 0.0 HD1 78 
   1799 2.07 0.0 HB3 159 
   1368 4.45 0.0 HA 125 
   504 23.6 0.0 CG1 51 
   314 21.0 0.0 CG1 37 
   1184 0.58 0.0 HG13 107 
   1949 29.2 0.0 CD 170 
   1214 7.93 0.0 H 110 
   1190 20.0 0.0 CG1 107 
   19 1.47 0.0 HB2 13 
   2004 29.2 0.0 CB 175 
   1658 4.51 0.0 HA 148 
   1246 1.82 0.0 HB3 113 
   557 7.04 0.0 HD21 56 
   1492 8.33 0.0 H 134 
   609 113.7 0.0 CZ2 61 
   1018 5.58 0.0 HA 93 
   1286 1.89 0.0 HE1 117 
   1217 1.6 0.0 HB3 110 
   1701 4.25 0.0 HA 152 
   1840 0.01 0.0 HD11 162 
   455 0.97 0.0 HG23 48 
   1890 1.0 0.0 HG22 166 
   671 122.0 0.0 N 65 
   884 0.77 0.0 HD23 83 
   524 37.4 0.0 CB 53 
   1019 2.51 0.0 HB2 93 
   267 8.01 0.0 H 35 
   1611 7.37 0.0 H 144 
   32 22.0 0.0 CG2 14 
   566 1.5 0.0 HB2 57 
   418 59.3 0.0 CA 45 
   1900 0.81 0.0 HG12 167 
   1707 3.6 0.0 HD3 152 
   36 1.87 0.0 HB2 15 
   665 1.81 0.0 HB3 65 
   1351 -0.19 0.0 HD11 123 
   1888 1.0 0.0 HG13 166 
   465 7.64 0.0 H 49 
   186 65.4 0.0 CA 26 
   1288 1.89 0.0 HE3 117 
   1919 2.35 0.0 HG3 168 
   774 131.7 0.0 CD2 74 
   987 19.5 0.0 CG2 90 
   188 22.0 0.0 CG2 26 
   1519 53.4 0.0 CA 136 
   1124 114.3 0.0 N 101 
   1591 -0.51 0.0 HD11 142 
   1058 0.98 0.0 HG22 96 
   1033 0.45 0.0 HD12 94 
   641 33.8 0.0 CB 63 
   729 107.9 0.0 N 71 
   673 4.75 0.0 HA 66 
   1945 2.96 0.0 HE3 170 
   1994 112.7 0.0 ND2 174 
   928 7.33 0.0 HD1 86 
   251 3.34 0.0 HD3 33 
   440 0.98 0.0 HD22 47 
   1952 8.55 0.0 H 171 
   876 1.57 0.0 HB2 83 
   195 7.45 0.0 HD22 27 
   378 2.71 0.0 HB3 42 
   1032 0.45 0.0 HD11 94 
   1180 4.9 0.0 HA 107 
   1791 63.4 0.0 CA 158 
   1227 26.9 0.0 CG 110 
   602 7.45 0.0 HZ2 61 
   1531 1.08 0.0 HG23 137 
   1844 38.3 0.0 CB 162 
   598 4.08 0.0 HB3 61 
   213 2.52 0.0 HA 30 
   20 1.47 0.0 HB3 13 
   1429 8.59 0.0 H 130 
   783 107.1 0.0 N 75 
   461 29.8 0.0 CG1 48 
   1067 13.2 0.0 CD1 96 
   341 121.0 0.0 N 39 
   1990 6.91 0.0 HD22 174 
   350 0.86 0.0 HD21 40 
   1459 1.92 0.0 HB3 132 
   290 7.31 0.0 HE3 36 
   1407 57.1 0.0 CA 128 
   1350 -0.36 0.0 HG23 123 
   1144 8.6 0.0 H 104 
   1877 115.9 0.0 N 164 
   1022 43.0 0.0 CB 93 
   1814 115.9 0.0 N 160 
   579 5.05 0.0 HA 59 
   1369 1.43 0.0 HB2 125 
   904 25.9 0.0 CG 84 
   685 51.6 0.0 CA 67 
   1381 25.2 0.0 CD1 125 
   1923 31.6 0.0 CB 168 
   1871 2.92 0.0 HE3 164 
   249 1.85 0.0 HG3 33 
   1732 3.58 0.0 HA 154 
   1500 7.5 0.0 H 135 
   798 42.2 0.0 CE 76 
   710 2.54 0.0 HG3 69 
   740 27.4 0.0 CG 72 
   1097 1.5 0.0 HG2 99 
   309 1.13 0.0 HG21 37 
   649 1.83 0.0 HG 64 
   614 6.81 0.0 H 62 
   1956 2.2 0.0 HG2 171 
   1547 48.1 0.0 CD 138 
   297 122.1 0.0 CE3 36 
   615 4.91 0.0 HA 62 
   1266 68.6 0.0 CB 114 
   1795 8.6 0.0 CD1 158 
   786 1.44 0.0 HB2 76 
   692 1.89 0.0 HB3 68 
   1317 8.98 0.0 H 120 
   1458 1.61 0.0 HB2 132 
   480 3.32 0.0 HB2 50 
   1296 6.74 0.0 HE1 118 
   1686 0.87 0.0 HD13 150 
   1820 0.66 0.0 HD11 161 
   608 122.4 0.0 CE3 61 
   22 18.5 0.0 CB 13 
   1271 1.43 0.0 HB1 115 
   1781 3.54 0.0 HA 158 
   1274 52.6 0.0 CA 115 
   1939 1.7 0.0 HB3 170 
   1878 7.93 0.0 H 165 
   1248 1.36 0.0 HG3 113 
   773 131.7 0.0 CD1 74 
   1935 122.1 0.0 N 169 
   1501 4.14 0.0 HA 135 
   946 34.7 0.0 CB 87 
   436 0.93 0.0 HD11 47 
   1127 0.01 0.0 HB1 102 
   1480 7.26 0.0 HZ2 133 
   278 56.6 0.0 CA 35 
   1023 118.3 0.0 N 93 
   874 8.23 0.0 H 83 
   769 7.0 0.0 HE2 74 
   539 1.91 0.0 HB2 55 
   858 9.14 0.0 H 81 
   409 118.4 0.0 N 44 
   1831 118.0 0.0 N 161 
   211 44.9 0.0 CA 29 
   1590 1.64 0.0 HG 142 
   583 7.7 0.0 HD22 59 
   1253 56.4 0.0 CA 113 
   853 38.1 0.0 CB 80 
   662 8.9 0.0 H 65 
   1374 0.13 0.0 HD13 125 
   445 25.4 0.0 CD1 47 
   1449 2.12 0.0 HG3 131 
   842 5.13 0.0 HA 80 
   764 3.1 0.0 HB2 74 
   411 4.15 0.0 HA 45 
   1756 6.91 0.0 H 156 
   262 2.42 0.0 HG3 34 
   1946 56.7 0.0 CA 170 
   1430 3.99 0.0 HA 130 
   474 29.4 0.0 CB 49 
   1258 117.5 0.0 N 113 
   361 2.06 0.0 HB2 41 
   863 55.6 0.0 CA 81 
   970 54.7 0.0 CA 89 
   962 129.6 0.0 CE1 88 
   623 57.0 0.0 CA 62 
   640 54.8 0.0 CA 63 
   765 3.22 0.0 HB3 74 
   65 1.01 0.0 HG13 17 
   1392 21.7 0.0 CG2 126 
   1082 3.27 0.0 HB3 98 
   1941 1.38 0.0 HG3 170 
   890 108.0 0.0 N 83 
   1891 1.0 0.0 HG23 166 
   1901 1.3 0.0 HG13 167 
   292 7.51 0.0 HZ3 36 
   390 2.75 0.0 HG3 43 
   1754 18.2 0.0 CB 155 
   939 8.12 0.0 H 87 
   1326 107.3 0.0 N 121 
   1610 120.1 0.0 N 143 
   232 56.1 0.0 CA 31 
   697 3.0 0.0 HE2 68 
   1520 40.4 0.0 CB 136 
   516 119.7 0.0 N 52 
   2 2.76 0.0 HB2 11 
   253 28.7 0.0 CB 33 
   428 62.8 0.0 CA 46 
   1681 1.36 0.0 HB2 150 
   170 1.6 0.0 HD2 25 
   1411 114.8 0.0 N 128 
   1907 0.85 0.0 HD13 167 
   380 2.69 0.0 HG3 42 
   1584 44.0 0.0 CA 141 
   35 4.1 0.0 HA 15 
   1117 3.67 0.0 HB 101 
   1348 -0.36 0.0 HG21 123 
   1838 0.81 0.0 HG22 162 
   346 0.96 0.0 HG 40 
   1864 1.76 0.0 HB2 164 
   1256 29.1 0.0 CD 113 
   743 8.77 0.0 H 73 
   1657 8.89 0.0 H 148 
   247 2.12 0.0 HB3 33 
   1510 27.0 0.0 CG 135 
   1808 6.55 0.0 H 160 
   526 110.8 0.0 ND2 53 
   424 4.12 0.0 HA 46 
   425 3.98 0.0 HB2 46 
   269 1.46 0.0 HB2 35 
   24 7.95 0.0 H 14 
   909 4.75 0.0 HA 85 
   644 118.8 0.0 N 63 
   1469 27.0 0.0 CG 132 
   389 2.14 0.0 HG2 43 
   722 4.57 0.0 HB 71 
   181 3.89 0.0 HA 26 
   1731 8.68 0.0 H 154 
   1743 42.6 0.0 CB 154 
   1179 8.02 0.0 H 107 
   580 2.37 0.0 HB2 59 
   951 2.71 0.0 HB2 88 
   1987 2.77 0.0 HB2 174 
   554 4.54 0.0 HA 56 
   756 119.8 0.0 CE3 73 
   569 19.0 0.0 CB 57 
   1991 53.2 0.0 CA 174 
   34 8.07 0.0 H 15 
   1171 8.88 0.0 H 106 
   1418 6.99 0.0 HE1 129 
   63 1.01 0.0 HG11 17 
   1662 0.8 0.0 HD11 148 
   1716 7.36 0.0 HD1 153 
   481 3.32 0.0 HB3 50 
   1078 103.6 0.0 N 97 
   1924 33.7 0.0 CG 168 
   1177 21.6 0.0 CB 106 
   1691 42.2 0.0 CB 150 
   1064 37.7 0.0 CB 96 
   52 1.6 0.0 HG3 16 
   1912 14.6 0.0 CD1 167 
   244 8.58 0.0 H 33 
   1603 9.24 0.0 H 143 
   999 117.4 0.0 N 91 
   1920 6.76 0.0 HE21 168 
   1704 1.84 0.0 HG2 152 
   748 9.32 0.0 HE1 73 
   1048 62.1 0.0 CA 95 
   1985 8.55 0.0 H 174 
   452 1.86 0.0 HG13 48 
   2002 6.84 0.0 HE22 175 
   837 131.9 0.0 CD2 79 
   737 3.19 0.0 HD3 72 
   1978 8.4 0.0 H 173 
   402 6.81 0.0 HE2 44 
   581 2.76 0.0 HB3 59 
   1196 1.88 0.0 HG2 108 
   808 6.21 0.0 HA 78 
   353 57.5 0.0 CA 40 
   912 1.18 0.0 HG2 85 
   1511 43.4 0.0 CD 135 
   709 2.34 0.0 HG2 69 
   1733 1.24 0.0 HB2 154 
   1132 126.2 0.0 N 102 
   1295 7.0 0.0 HD2 118 
   807 9.24 0.0 H 78 
   276 1.01 0.0 HD22 35 
   1785 0.42 0.0 HG21 158 
   1121 59.6 0.0 CA 101 
   648 1.86 0.0 HB3 64 
   684 6.71 0.0 HD22 67 
   160 31.1 0.0 CG 24 
   1804 66.3 0.0 CA 159 
   1443 41.8 0.0 CE 130 
   493 8.77 0.0 H 51 
   1738 0.88 0.0 HD13 154 
   1634 42.1 0.0 CB 145 
   806 114.4 0.0 N 77 
   208 8.82 0.0 H 29 
   442 58.8 0.0 CA 47 
   1666 0.92 0.0 HD22 148 
   1712 7.2 0.0 H 153 
   159 41.3 0.0 CB 24 
   1680 4.08 0.0 HA 150 
   1397 2.68 0.0 HB3 127 
   335 1.47 0.0 HG3 39 
   459 65.0 0.0 CA 48 
   1527 0.66 0.0 HG12 137 
   1548 8.76 0.0 H 139 
   687 116.8 0.0 N 67 
   707 2.1 0.0 HB2 69 
   1540 1.25 0.0 HG2 138 
   1872 56.9 0.0 CA 164 
   373 42.2 0.0 CE 41 
   1173 1.34 0.0 HB1 106 
   1106 4.12 0.0 HA 100 
   688 110.7 0.0 ND2 67 
   219 3.47 0.0 HD3 30 
   851 0.82 0.0 HD13 80 
   1401 7.93 0.0 H 128 
   510 2.21 0.0 HB3 52 
   974 5.66 0.0 HA 90 
   618 5.47 0.0 HD1 62 
   1176 50.2 0.0 CA 106 
   1410 136.2 0.0 CE1 128 
   1122 69.9 0.0 CB 101 
   328 118.6 0.0 N 38 
   1600 23.0 0.0 CD1 142 
   1847 14.9 0.0 CD1 162 
   1194 2.03 0.0 HB2 108 
   340 26.9 0.0 CG 39 
   305 2.2 0.0 HB 37 
   1386 4.54 0.0 HB 126 
   1898 4.64 0.0 HA 167 
   1580 113.4 0.0 N 140 
   650 0.91 0.0 HD11 64 
   1031 0.7 0.0 HG23 94 
   1231 7.36 0.0 H 111 
   1841 0.01 0.0 HD12 162 
   155 1.18 0.0 HD21 24 
   741 43.1 0.0 CD 72 
   1982 58.6 0.0 CA 173 
   937 117.5 0.0 CE2 86 
   668 54.6 0.0 CA 65 
   1794 18.6 0.0 CG2 158 
   471 3.37 0.0 HD2 49 
   1090 133.8 0.0 CD2 98 
   1046 3.51 0.0 HD2 95 
   1777 29.2 0.0 CB 157 
   430 114.9 0.0 N 46 
   486 58.8 0.0 CA 50 
   1301 132.5 0.0 CD2 118 
   1229 22.5 0.0 CD2 110 
   1335 2.91 0.0 HE2 122 
   1780 7.94 0.0 H 158 
   517 8.47 0.0 H 53 
   892 4.47 0.0 HA 84 
   1534 20.4 0.0 CG1 137 
   202 1.47 0.0 HB1 28 
   776 130.0 0.0 CE2 74 
   620 5.55 0.0 HE1 62 
   1514 4.26 0.0 HA 136 
   868 4.02 0.0 HA 82 
   1086 7.33 0.0 HE2 98 
   55 57.8 0.0 CA 16 
   169 1.29 0.0 HG3 25 
   1165 62.8 0.0 CA 105 
   635 1.6 0.0 HG2 63 
   1726 113.9 0.0 CZ2 153 
   392 28.4 0.0 CB 43 
   1412 7.96 0.0 H 129 
   996 55.2 0.0 CA 91 
   67 1.1 0.0 HG22 17 
   1601 22.0 0.0 CD2 142 
   1922 54.4 0.0 CA 168 
   1821 0.66 0.0 HD12 161 
   1796 115.7 0.0 N 158 
   210 4.82 0.0 HA3 29 
   1094 3.55 0.0 HA 99 
   1498 18.5 0.0 CB 134 
   1004 6.51 0.0 HD1 92 
   260 2.16 0.0 HB3 34 
   43 30.1 0.0 CB 15 
   549 25.6 0.0 CG 55 
   1725 119.6 0.0 CE3 153 
   1413 4.07 0.0 HA 129 
   1445 4.38 0.0 HA 131 
   1792 30.6 0.0 CB 158 
   1428 121.3 0.0 N 129 
   942 1.9 0.0 HB3 87 
   1674 7.41 0.0 H 149 
   824 117.5 0.0 N 78 
   751 6.65 0.0 HZ3 73 
   1835 0.32 0.0 HG12 162 
   1660 2.08 0.0 HB3 148 
   1883 7.79 0.0 H 166 
   898 0.41 0.0 HD13 84 
   1059 0.98 0.0 HG23 96 
   1650 4.49 0.0 HA 147 
   656 54.3 0.0 CA 64 
   1887 1.0 0.0 HG12 166 
   1212 36.8 0.0 CG 109 
   563 7.52 0.0 H 57 
   670 36.3 0.0 CG 65 
   562 112.3 0.0 ND2 56 
   809 3.11 0.0 HB2 78 
   891 7.9 0.0 H 84 
   123 1.93 0.0 HB2 22 
   536 104.6 0.0 ND2 54 
   1624 1.42 0.0 HB2 145 
   1536 122.5 0.0 N 137 
   145 22.0 0.0 CG2 23 
   174 57.0 0.0 CA 25 
   1915 4.83 0.0 HA 168 
   1961 119.4 0.0 N 171 
   1560 25.7 0.0 CG 139 
   914 1.27 0.0 HD2 85 
   1147 1.85 0.0 HB3 104 
   1273 1.43 0.0 HB3 115 
   1153 119.5 0.0 N 104 
   953 7.16 0.0 HD1 88 
   1516 1.28 0.0 HB3 136 
   537 8.89 0.0 H 55 
   495 2.1 0.0 HB 51 
   345 1.42 0.0 HB3 40 
   352 0.86 0.0 HD23 40 
   1232 4.44 0.0 HA 111 
   960 131.7 0.0 CD1 88 
   1481 7.04 0.0 HZ3 133 
   1120 1.08 0.0 HG23 101 
   587 110.7 0.0 ND2 59 
   1734 2.04 0.0 HB3 154 
   802 2.94 0.0 HB2 77 
   1755 115.0 0.0 N 155 
   1904 0.95 0.0 HG23 167 
   1572 6.2 0.0 HZ 140 
   1629 -0.05 0.0 HD13 145 
   1096 2.2 0.0 HB3 99 
   1000 8.46 0.0 H 92 
   611 123.3 0.0 CH2 61 
   1706 3.08 0.0 HD2 152 
   677 66.8 0.0 CB 66 
   336 2.71 0.0 HD2 39 
   1388 1.41 0.0 HG22 126 
   1992 38.6 0.0 CB 174 
   645 8.7 0.0 H 64 
   296 127.0 0.0 CD1 36 
   1914 8.64 0.0 H 168 
   719 107.1 0.0 N 70 
   551 41.8 0.0 CE 55 
   845 1.57 0.0 HG13 80 
   654 0.91 0.0 HD22 64 
   926 2.88 0.0 HB2 86 
   813 7.27 0.0 HE3 78 
   746 2.21 0.0 HB3 73 
   1558 57.9 0.0 CA 139 
   115 -0.19 0.0 HD13 21 
   1863 4.19 0.0 HA 164 
   1689 1.16 0.0 HD23 150 
   1811 2.55 0.0 HB3 160 
   408 117.8 0.0 CE2 44 
   94 116.9 0.0 N 19 
   903 43.1 0.0 CB 84 
   784 8.54 0.0 H 76 
   1219 0.5 0.0 HD11 110 
   1009 57.4 0.0 CA 92 
   1506 3.11 0.0 HD2 135 
   1131 15.4 0.0 CB 102 
   1331 1.04 0.0 HG2 122 
   420 34.2 0.0 CG 45 
   1468 41.9 0.0 CB 132 
   601 7.9 0.0 HE3 61 
   1800 1.71 0.0 HG2 159 
   325 58.3 0.0 CA 38 
   1198 3.48 0.0 HD2 108 
   337 2.71 0.0 HD3 39 
   333 2.31 0.0 HB3 39 
   266 121.5 0.0 N 34 
   1749 3.86 0.0 HA 155 
   250 3.34 0.0 HD2 33 
   631 8.75 0.0 H 63 
   775 130.0 0.0 CE1 74 
   1148 2.07 0.0 HG2 104 
   1740 1.14 0.0 HD22 154 
   1703 2.44 0.0 HB3 152 
   1723 29.6 0.0 CB 153 
   613 127.8 0.0 NE1 61 
   1806 28.7 0.0 CG 159 
   1294 7.0 0.0 HD1 118 
   977 1.29 0.0 HG13 90 
   37 1.87 0.0 HB3 15 
   711 58.0 0.0 CA 69 
   1390 62.4 0.0 CA 126 
   1575 127.3 0.0 CD1 140 
   53 3.21 0.0 HD2 16 
   864 34.3 0.0 CB 81 
   401 6.81 0.0 HE1 44 
   883 0.77 0.0 HD22 83 
   191 4.6 0.0 HA 27 
   1617 61.9 0.0 CA 144 
   393 34.7 0.0 CG 43 
   437 0.93 0.0 HD12 47 
   582 6.69 0.0 HD21 59 
   1493 4.17 0.0 HA 134 
   1639 7.93 0.0 H 146 
   991 5.29 0.0 HA 91 
   1125 7.94 0.0 H 102 
   754 30.6 0.0 CB 73 
   655 0.91 0.0 HD23 64 
   1812 57.2 0.0 CA 160 
   310 1.13 0.0 HG22 37 
   7 4.11 0.0 HA 12 
   1483 61.0 0.0 CA 133 
   875 3.58 0.0 HA 83 
   1880 4.11 0.0 HA3 165 
   47 8.18 0.0 H 16 
   785 5.61 0.0 HA 76 
   529 3.06 0.0 HB2 54 
   855 17.1 0.0 CG2 80 
   1963 4.4 0.0 HA 172 
   1133 4.23 0.0 HA 103 
   1186 0.93 0.0 HG22 107 
   268 4.34 0.0 HA 35 
   681 3.07 0.0 HB2 67 
   82 1.01 0.0 HG23 18 
   652 0.91 0.0 HD13 64 
   1068 118.2 0.0 N 96 
   301 121.6 0.0 N 36 
   1938 1.7 0.0 HB2 170 
   265 36.3 0.0 CG 34 
   1813 41.7 0.0 CB 160 
   989 113.7 0.0 N 90 
   1679 7.83 0.0 H 150 
   1361 4.44 0.0 HA 124 
   1447 2.29 0.0 HB3 131 
   1688 1.16 0.0 HD22 150 
   586 116.4 0.0 N 59 
   1047 3.51 0.0 HD3 95 
   1484 27.6 0.0 CB 133 
   1372 0.13 0.0 HD11 125 
   331 4.12 0.0 HA 39 
   1321 113.5 0.0 N 120 
   1093 128.0 0.0 N 98 
   976 0.84 0.0 HG12 90 
   1439 62.3 0.0 CA 130 
   1693 23.0 0.0 CD1 150 
   1455 50.3 0.0 CD 131 
   1717 9.7 0.0 HE1 153 
   88 8.07 0.0 H 19 
   731 5.02 0.0 HA 72 
   1491 130.6 0.0 NE1 133 
   439 0.98 0.0 HD21 47 
   1085 6.93 0.0 HE1 98 
   1251 3.12 0.0 HE2 113 
   605 56.9 0.0 CA 61 
   1613 2.35 0.0 HB2 144 
   910 1.51 0.0 HB2 85 
   273 0.91 0.0 HD12 35 
   1497 54.7 0.0 CA 134 
   381 59.1 0.0 CA 42 
   1379 41.7 0.0 CB 125 
   544 1.6 0.0 HD3 55 
   100 2.4 0.0 HG3 20 
   1114 122.2 0.0 N 100 
   1252 3.12 0.0 HE3 113 
   1138 2.95 0.0 HD2 103 
   124 2.46 0.0 HB3 22 
   271 1.77 0.0 HG 35 
   143 32.8 0.0 CB 23 
   1825 0.73 0.0 HD23 161 
   916 2.27 0.0 HE2 85 
   1376 0.33 0.0 HD22 125 
   713 37.3 0.0 CG 69 
   1895 21.8 0.0 CG2 166 
   1308 1.58 0.0 HG2 119 
   1916 1.92 0.0 HB2 168 
   193 3.25 0.0 HB3 27 
   1416 7.05 0.0 HD1 129 
   54 3.21 0.0 HD3 16 
   927 3.29 0.0 HB3 86 
   1642 2.46 0.0 HB3 146 
   595 7.49 0.0 H 61 
   324 8.08 0.0 HE22 38 
   922 41.3 0.0 CE 85 
   1102 33.2 0.0 CB 99 
   1753 53.8 0.0 CA 155 
   388 2.34 0.0 HB3 43 
   1668 54.5 0.0 CA 148 
   984 58.5 0.0 CA 90 
   503 31.5 0.0 CB 51 
   633 1.82 0.0 HB2 63 
   50 1.9 0.0 HB3 16 
   8 2.03 0.0 HB2 12 
   972 122.9 0.0 N 89 
   871 55.4 0.0 CA 82 
   949 9.09 0.0 H 88 
   752 6.46 0.0 HH2 73 
   1752 1.43 0.0 HB3 155 
   1002 2.77 0.0 HB2 92 
   1836 1.33 0.0 HG13 162 
   511 2.31 0.0 HG2 52 
   29 1.24 0.0 HG23 14 
   1768 21.8 0.0 CG2 156 
   1280 2.0 0.0 HB3 116 
   957 7.05 0.0 HZ 88 
   1772 0.27 0.0 HB2 157 
   963 129.6 0.0 CE2 88 
   1277 8.32 0.0 H 116 
   781 4.31 0.0 HA3 75 
   1233 2.6 0.0 HB2 111 
   28 1.24 0.0 HG22 14 
   1003 3.68 0.0 HB3 92 
   5 40.9 0.0 CB 11 
   777 129.4 0.0 CZ 74 
   726 61.7 0.0 CA 71 
   1608 55.6 0.0 CA 143 
   1011 131.3 0.0 CD1 92 
   694 1.46 0.0 HG3 68 
   887 26.8 0.0 CG 83 
   1504 1.59 0.0 HG2 135 
   619 5.47 0.0 HD2 62 
   201 4.74 0.0 HA 28 
   734 1.5 0.0 HG2 72 
   933 39.5 0.0 CB 86 
   1211 30.2 0.0 CB 109 
   1672 22.7 0.0 CD2 148 
   693 1.46 0.0 HG2 68 
   1475 2.49 0.0 HB2 133 
   1507 3.11 0.0 HD3 135 
   1899 1.86 0.0 HB 167 
   464 118.5 0.0 N 48 
   142 61.6 0.0 CA 23 
   1908 59.4 0.0 CA 167 
   995 2.13 0.0 HG3 91 
   171 1.6 0.0 HD3 25 
   1727 119.6 0.0 CZ3 153 
   1474 3.57 0.0 HA 133 
   1099 3.44 0.0 HD2 99 
   477 119.0 0.0 N 49 
   552 122.1 0.0 N 55 
   1164 0.43 0.0 HD13 105 
   907 121.8 0.0 N 84 
   1069 7.01 0.0 H 97 
   1457 3.95 0.0 HA 132 
   1 4.65 0.0 HA 11 
   25 4.07 0.0 HA 14 
