   1959 31.0 0.0 CB 171 
   222 27.2 0.0 CG 30 
   955 7.18 0.0 HE1 88 
   849 0.82 0.0 HD11 80 
   947 37.4 0.0 CG 87 
   243 119.3 0.0 N 32 
   1671 26.1 0.0 CD1 148 
   736 3.09 0.0 HD2 72 
   930 6.77 0.0 HE1 86 
   1345 0.37 0.0 HB 123 
   409 118.4 0.0 N 44 
   1805 30.6 0.0 CB 159 
   501 0.8 0.0 HG23 51 
   708 2.23 0.0 HB3 69 
   488 131.7 0.0 CD1 50 
   352 0.86 0.0 HD23 40 
   1338 32.9 0.0 CB 122 
   615 4.91 0.0 HA 62 
   796 24.8 0.0 CG 76 
   580 2.37 0.0 HB2 59 
   1665 0.92 0.0 HD21 148 
   1007 6.63 0.0 HE2 92 
   1421 62.4 0.0 CA 129 
   1572 6.2 0.0 HZ 140 
   460 37.8 0.0 CB 48 
   1104 49.5 0.0 CD 99 
   782 45.8 0.0 CA 75 
   1651 1.22 0.0 HB1 147 
   27 1.24 0.0 HG21 14 
   1628 -0.05 0.0 HD12 145 
   1847 14.9 0.0 CD1 162 
   297 122.1 0.0 CE3 36 
   262 2.42 0.0 HG3 34 
   191 4.6 0.0 HA 27 
   1895 21.8 0.0 CG2 166 
   1668 54.5 0.0 CA 148 
   1840 0.01 0.0 HD11 162 
   1203 49.8 0.0 CD 108 
   196 51.1 0.0 CA 27 
   1827 41.4 0.0 CB 161 
   1826 57.4 0.0 CA 161 
   454 0.97 0.0 HG22 48 
   1789 0.18 0.0 HD12 158 
   1723 29.6 0.0 CB 153 
   390 2.75 0.0 HG3 43 
   318 4.09 0.0 HA 38 
   973 8.46 0.0 H 90 
   576 39.1 0.0 CB 58 
   111 0.18 0.0 HG22 21 
   1335 2.91 0.0 HE2 122 
   1173 1.34 0.0 HB1 106 
   1554 1.56 0.0 HD2 139 
   1312 57.4 0.0 CA 119 
   864 34.3 0.0 CB 81 
   940 5.28 0.0 HA 87 
   1674 7.41 0.0 H 149 
   1344 3.77 0.0 HA 123 
   324 8.08 0.0 HE22 38 
   128 4.08 0.0 HD3 22 
   264 28.8 0.0 CB 34 
   1356 24.8 0.0 CG1 123 
   1623 4.15 0.0 HA 145 
   49 1.9 0.0 HB2 16 
   1593 -0.51 0.0 HD13 142 
   218 2.45 0.0 HD2 30 
   510 2.21 0.0 HB3 52 
   1100 3.8 0.0 HD3 99 
   1031 0.7 0.0 HG23 94 
   1652 1.22 0.0 HB2 147 
   1504 1.59 0.0 HG2 135 
   1784 1.49 0.0 HG13 158 
   1854 2.49 0.0 HG3 163 
   1186 0.93 0.0 HG22 107 
   417 6.94 0.0 HE22 45 
   845 1.57 0.0 HG13 80 
   231 3.17 0.0 HD3 31 
   457 0.92 0.0 HD12 48 
   1666 0.92 0.0 HD22 148 
   514 29.2 0.0 CB 52 
   299 120.3 0.0 CZ3 36 
   1488 123.0 0.0 CZ3 133 
   1266 68.6 0.0 CB 114 
   966 8.46 0.0 H 89 
   971 41.3 0.0 CB 89 
   596 4.27 0.0 HA 61 
   878 1.45 0.0 HG 83 
   685 51.6 0.0 CA 67 
   73 119.6 0.0 N 17 
   1297 6.74 0.0 HE2 118 
   1293 3.08 0.0 HB3 118 
   838 117.3 0.0 CE1 79 
   1512 113.5 0.0 N 135 
   540 1.91 0.0 HB3 55 
   1393 111.5 0.0 N 126 
   815 6.61 0.0 HZ3 78 
   23 122.6 0.0 N 13 
   933 39.5 0.0 CB 86 
   61 3.95 0.0 HA 17 
   1475 2.49 0.0 HB2 133 
   1798 1.66 0.0 HB2 159 
   976 0.84 0.0 HG12 90 
   1617 61.9 0.0 CA 144 
   1677 45.7 0.0 CA 149 
   760 125.1 0.0 N 73 
   260 2.16 0.0 HB3 34 
   484 6.97 0.0 HE1 50 
   1076 67.7 0.0 CB 97 
   138 0.96 0.0 HG13 23 
   1365 27.0 0.0 CB 124 
   945 54.3 0.0 CA 87 
   89 4.33 0.0 HA 19 
   595 7.49 0.0 H 61 
   860 2.85 0.0 HB2 81 
   31 68.6 0.0 CB 14 
   570 121.1 0.0 N 57 
   1630 0.45 0.0 HD21 145 
   195 7.45 0.0 HD22 27 
   1987 2.77 0.0 HB2 174 
   66 1.1 0.0 HG21 17 
   1116 4.28 0.0 HA 101 
   905 22.3 0.0 CD1 84 
   1081 2.76 0.0 HB2 98 
   1023 118.3 0.0 N 93 
   1024 8.43 0.0 H 94 
   378 2.71 0.0 HB3 42 
   1669 43.3 0.0 CB 148 
   1800 1.71 0.0 HG2 159 
   794 53.9 0.0 CA 76 
   1553 1.46 0.0 HG3 139 
   709 2.34 0.0 HG2 69 
   461 29.8 0.0 CG1 48 
   1869 1.59 0.0 HD3 164 
   652 0.91 0.0 HD13 64 
   41 3.21 0.0 HD3 15 
   1390 62.4 0.0 CA 126 
   497 0.78 0.0 HG12 51 
   648 1.86 0.0 HB3 64 
   740 27.4 0.0 CG 72 
   513 59.7 0.0 CA 52 
   1123 21.0 0.0 CG2 101 
   637 3.25 0.0 HD2 63 
   741 43.1 0.0 CD 72 
   1509 30.1 0.0 CB 135 
   1530 1.08 0.0 HG22 137 
   1560 25.7 0.0 CG 139 
   115 -0.19 0.0 HD13 21 
   1387 1.41 0.0 HG21 126 
   766 6.87 0.0 HD1 74 
   1725 119.6 0.0 CE3 153 
   1438 2.99 0.0 HE3 130 
   1059 0.98 0.0 HG23 96 
   1192 119.5 0.0 N 107 
   1429 8.59 0.0 H 130 
   799 121.3 0.0 N 76 
   1347 0.7 0.0 HG13 123 
   1264 1.17 0.0 HG23 114 
   1102 33.2 0.0 CB 99 
   1979 4.42 0.0 HA 173 
   1455 50.3 0.0 CD 131 
   804 55.2 0.0 CA 77 
   1567 2.06 0.0 HB3 140 
   1033 0.45 0.0 HD12 94 
   126 2.1 0.0 HG3 22 
   1724 127.0 0.0 CD1 153 
   288 7.34 0.0 HD1 36 
   1762 0.93 0.0 HG21 156 
   1397 2.68 0.0 HB3 127 
   141 1.13 0.0 HG23 23 
   1372 0.13 0.0 HD11 125 
   1409 120.2 0.0 CD2 128 
   215 1.42 0.0 HB3 30 
   1769 113.1 0.0 N 156 
   509 2.1 0.0 HB2 52 
   348 0.84 0.0 HD12 40 
   1879 3.97 0.0 HA2 165 
   203 1.47 0.0 HB2 28 
   1030 0.7 0.0 HG22 94 
   1844 38.3 0.0 CB 162 
   508 3.88 0.0 HA 52 
   1222 0.68 0.0 HD21 110 
   1925 121.6 0.0 N 168 
   693 1.46 0.0 HG2 68 
   1069 7.01 0.0 H 97 
   830 6.96 0.0 HD1 79 
   1010 40.4 0.0 CB 92 
   490 118.8 0.0 CE1 50 
   1502 1.71 0.0 HB2 135 
   1975 29.1 0.0 CD 172 
   187 68.1 0.0 CB 26 
   1603 9.24 0.0 H 143 
   462 17.0 0.0 CG2 48 
   296 127.0 0.0 CD1 36 
   564 4.51 0.0 HA 57 
   525 119.5 0.0 N 53 
   916 2.27 0.0 HE2 85 
   560 38.1 0.0 CB 56 
   1493 4.17 0.0 HA 134 
   468 2.07 0.0 HB3 49 
   423 8.3 0.0 H 46 
   1046 3.51 0.0 HD2 95 
   1608 55.6 0.0 CA 143 
   1681 1.36 0.0 HB2 150 
   774 131.7 0.0 CD2 74 
   1613 2.35 0.0 HB2 144 
   38 1.59 0.0 HG2 15 
   1778 34.2 0.0 CG 157 
   767 6.87 0.0 HD2 74 
   659 24.3 0.0 CD1 64 
   1631 0.45 0.0 HD22 145 
   1556 2.87 0.0 HE2 139 
   1092 116.0 0.0 CE2 98 
   1655 20.6 0.0 CB 147 
   1542 3.23 0.0 HD2 138 
   1634 42.1 0.0 CB 145 
   225 4.34 0.0 HA 31 
   1686 0.87 0.0 HD13 150 
   169 1.29 0.0 HG3 25 
   1910 25.3 0.0 CG1 167 
   831 6.96 0.0 HD2 79 
   300 122.2 0.0 CH2 36 
   1527 0.66 0.0 HG12 137 
   494 3.25 0.0 HA 51 
   199 107.7 0.0 ND2 27 
   567 1.5 0.0 HB3 57 
   762 8.53 0.0 H 74 
   1167 27.6 0.0 CG1 105 
   151 1.7 0.0 HG 24 
   1331 1.04 0.0 HG2 122 
   1250 1.6 0.0 HD3 113 
   507 8.37 0.0 H 52 
   1056 1.48 0.0 HG13 96 
   1972 56.3 0.0 CA 172 
   584 51.8 0.0 CA 59 
   1523 6.64 0.0 H 137 
   1457 3.95 0.0 HA 132 
   413 2.34 0.0 HB3 45 
   917 2.37 0.0 HE3 85 
   1836 1.33 0.0 HG13 162 
   1675 4.05 0.0 HA2 149 
   1711 51.4 0.0 CD 152 
   1035 55.2 0.0 CA 94 
   1535 22.9 0.0 CG2 137 
   1302 117.4 0.0 CE1 118 
   46 121.6 0.0 N 15 
   631 8.75 0.0 H 63 
   345 1.42 0.0 HB3 40 
   139 1.13 0.0 HG21 23 
   254 27.3 0.0 CG 33 
   400 7.33 0.0 HD2 44 
   1543 3.45 0.0 HD3 138 
   392 28.4 0.0 CB 43 
   1051 50.6 0.0 CD 95 
   880 0.82 0.0 HD12 83 
   375 7.68 0.0 H 42 
   688 110.7 0.0 ND2 67 
   1050 27.0 0.0 CG 95 
   1955 2.09 0.0 HB3 171 
   571 7.96 0.0 H 58 
   1985 8.55 0.0 H 174 
   558 7.75 0.0 HD22 56 
   621 5.55 0.0 HE2 62 
   577 116.9 0.0 N 58 
   36 1.87 0.0 HB2 15 
   1683 1.88 0.0 HG 150 
   144 18.2 0.0 CG1 23 
   1548 8.76 0.0 H 139 
   69 64.5 0.0 CA 17 
   1982 58.6 0.0 CA 173 
   1633 58.4 0.0 CA 145 
   74 8.12 0.0 H 18 
   1811 2.55 0.0 HB3 160 
   855 17.1 0.0 CG2 80 
   1575 127.3 0.0 CD1 140 
   1366 121.7 0.0 N 124 
   877 2.1 0.0 HB3 83 
   1085 6.93 0.0 HE1 98 
   1942 1.6 0.0 HD2 170 
   544 1.6 0.0 HD3 55 
   1464 1.04 0.0 HD21 132 
   185 1.25 0.0 HG23 26 
   732 1.63 0.0 HB2 72 
   1591 -0.51 0.0 HD11 142 
   155 1.18 0.0 HD21 24 
   104 119.8 0.0 N 20 
   1261 4.2 0.0 HB 114 
   47 8.18 0.0 H 16 
   1311 3.21 0.0 HD3 119 
   365 1.74 0.0 HD2 41 
   1934 120.5 0.0 CD2 169 
   1360 7.71 0.0 H 124 
   1656 120.5 0.0 N 147 
   213 2.52 0.0 HA 30 
   563 7.52 0.0 H 57 
   62 2.21 0.0 HB 17 
   1083 7.86 0.0 HD1 98 
   850 0.82 0.0 HD12 80 
   1388 1.41 0.0 HG22 126 
   689 8.83 0.0 H 68 
   1953 4.39 0.0 HA 171 
   968 2.72 0.0 HB2 89 
   263 59.6 0.0 CA 34 
   727 69.3 0.0 CB 71 
   245 3.99 0.0 HA 33 
   156 1.18 0.0 HD22 24 
   272 0.91 0.0 HD11 35 
   1364 57.6 0.0 CA 124 
   1893 32.2 0.0 CB 166 
   160 31.1 0.0 CG 24 
   1700 105.7 0.0 N 151 
   1410 136.2 0.0 CE1 128 
   1321 113.5 0.0 N 120 
   1695 125.1 0.0 N 150 
   338 58.1 0.0 CA 39 
   1243 8.33 0.0 H 113 
   356 24.3 0.0 CD1 40 
   42 58.2 0.0 CA 15 
   1156 1.26 0.0 HB 105 
   1498 18.5 0.0 CB 134 
   340 26.9 0.0 CG 39 
   58 43.2 0.0 CD 16 
   1057 0.98 0.0 HG21 96 
   95 7.79 0.0 H 20 
   1129 0.01 0.0 HB3 102 
   1775 1.28 0.0 HG3 157 
   97 1.96 0.0 HB2 20 
   1420 6.93 0.0 HZ 129 
   1334 1.73 0.0 HD3 122 
   395 8.83 0.0 H 44 
   788 1.43 0.0 HG2 76 
   1015 127.8 0.0 CZ 92 
   814 7.17 0.0 HZ2 78 
   654 0.91 0.0 HD22 64 
   1077 22.0 0.0 CG2 97 
   1703 2.44 0.0 HB3 152 
   436 0.93 0.0 HD11 47 
   906 24.8 0.0 CD2 84 
   1802 3.0 0.0 HD2 159 
   220 63.2 0.0 CA 30 
   1241 45.8 0.0 CA 112 
   1558 57.9 0.0 CA 139 
   911 1.74 0.0 HB3 85 
   1718 7.08 0.0 HE3 153 
   1026 2.04 0.0 HB 94 
   692 1.89 0.0 HB3 68 
   274 0.91 0.0 HD13 35 
   843 1.63 0.0 HB 80 
   1704 1.84 0.0 HG2 152 
   1296 6.74 0.0 HE1 118 
   1648 117.1 0.0 N 146 
   1730 127.7 0.0 NE1 153 
   1247 1.3 0.0 HG2 113 
   1491 130.6 0.0 NE1 133 
   241 55.0 0.0 CA 32 
   1013 129.9 0.0 CE1 92 
   1313 30.5 0.0 CB 119 
   387 2.22 0.0 HB2 43 
   1485 126.6 0.0 CD1 133 
   48 4.19 0.0 HA 16 
   807 9.24 0.0 H 78 
   869 2.25 0.0 HB2 82 
   271 1.77 0.0 HG 35 
   251 3.34 0.0 HD3 33 
   1349 -0.36 0.0 HG22 123 
   1006 6.63 0.0 HE1 92 
   552 122.1 0.0 N 55 
   466 4.23 0.0 HA 49 
   694 1.46 0.0 HG3 68 
   997 33.5 0.0 CB 91 
   696 1.69 0.0 HD3 68 
   1168 17.5 0.0 CG2 105 
   198 128.7 0.0 N 27 
   344 0.97 0.0 HB2 40 
   805 32.7 0.0 CB 77 
   96 4.35 0.0 HA 20 
   656 54.3 0.0 CA 64 
   1252 3.12 0.0 HE3 113 
   14 35.9 0.0 CG 12 
   1075 60.5 0.0 CA 97 
   1188 58.3 0.0 CA 107 
   863 55.6 0.0 CA 81 
   953 7.16 0.0 HD1 88 
   1155 3.79 0.0 HA 105 
   13 29.4 0.0 CB 12 
   988 14.6 0.0 CD1 90 
   471 3.37 0.0 HD2 49 
   1198 3.48 0.0 HD2 108 
   1878 7.93 0.0 H 165 
   1190 20.0 0.0 CG1 107 
   1133 4.23 0.0 HA 103 
   51 1.6 0.0 HG2 16 
   1957 2.2 0.0 HG3 171 
   3 2.76 0.0 HB3 11 
   132 50.7 0.0 CD 22 
   784 8.54 0.0 H 76 
   1962 8.44 0.0 H 172 
   1902 0.95 0.0 HG21 167 
   1078 103.6 0.0 N 97 
   1122 69.9 0.0 CB 101 
   176 24.6 0.0 CG 25 
   965 121.3 0.0 N 88 
   208 8.82 0.0 H 29 
   1999 2.31 0.0 HG2 175 
   786 1.44 0.0 HB2 76 
   1120 1.08 0.0 HG23 101 
   1200 66.4 0.0 CA 108 
   1500 7.5 0.0 H 135 
   1197 2.12 0.0 HG3 108 
   323 6.95 0.0 HE21 38 
   1710 28.3 0.0 CG 152 
   1753 53.8 0.0 CA 155 
   268 4.34 0.0 HA 35 
   1271 1.43 0.0 HB1 115 
   793 2.95 0.0 HE3 76 
   39 1.72 0.0 HG3 15 
   24 7.95 0.0 H 14 
   2002 6.84 0.0 HE22 175 
   665 1.81 0.0 HB3 65 
   1476 3.07 0.0 HB3 133 
   441 0.98 0.0 HD23 47 
   1118 1.08 0.0 HG21 101 
   1439 62.3 0.0 CA 130 
   1436 1.74 0.0 HD3 130 
   1846 16.7 0.0 CG2 162 
   1552 1.26 0.0 HG2 139 
   926 2.88 0.0 HB2 86 
   1135 2.45 0.0 HB3 103 
   1172 5.09 0.0 HA 106 
   1463 0.93 0.0 HD13 132 
   70 32.2 0.0 CB 17 
   801 5.55 0.0 HA 77 
   1191 22.2 0.0 CG2 107 
   1483 61.0 0.0 CA 133 
   1625 2.33 0.0 HB3 145 
   1289 36.0 0.0 CG 117 
   370 32.0 0.0 CB 41 
   834 57.7 0.0 CA 79 
   806 114.4 0.0 N 77 
   781 4.31 0.0 HA3 75 
   1809 4.33 0.0 HA 160 
   756 119.8 0.0 CE3 73 
   425 3.98 0.0 HB2 46 
   1353 -0.19 0.0 HD13 123 
   1262 1.17 0.0 HG21 114 
   1249 1.6 0.0 HD2 113 
   1861 111.2 0.0 NE2 163 
   704 123.1 0.0 N 68 
   557 7.04 0.0 HD21 56 
   1881 45.6 0.0 CA 165 
   1629 -0.05 0.0 HD13 145 
   1443 41.8 0.0 CE 130 
   645 8.7 0.0 H 64 
   1839 0.81 0.0 HG23 162 
   1333 1.6 0.0 HD2 122 
   283 119.1 0.0 N 35 
   1855 7.42 0.0 HE21 163 
   420 34.2 0.0 CG 45 
   433 1.79 0.0 HB2 47 
   1245 1.76 0.0 HB2 113 
   1299 39.5 0.0 CB 118 
   809 3.11 0.0 HB2 78 
   1707 3.6 0.0 HD3 152 
   1094 3.55 0.0 HA 99 
   280 27.0 0.0 CG 35 
   944 2.0 0.0 HG3 87 
   711 58.0 0.0 CA 69 
   173 2.92 0.0 HE3 25 
   1082 3.27 0.0 HB3 98 
   1412 7.96 0.0 H 129 
   853 38.1 0.0 CB 80 
   1456 6.93 0.0 H 132 
   358 120.3 0.0 N 40 
   1785 0.42 0.0 HG21 158 
   773 131.7 0.0 CD1 74 
   1474 3.57 0.0 HA 133 
   469 1.74 0.0 HG2 49 
   885 57.1 0.0 CA 83 
   88 8.07 0.0 H 19 
   1095 1.45 0.0 HB2 99 
   1746 27.6 0.0 CD2 154 
   1851 2.24 0.0 HB2 163 
   1103 25.1 0.0 CG 99 
   1471 26.2 0.0 CD2 132 
   909 4.75 0.0 HA 85 
   285 4.72 0.0 HA 36 
   472 3.42 0.0 HD3 49 
   1721 6.62 0.0 HH2 153 
   90 3.98 0.0 HB2 19 
   1089 132.8 0.0 CD1 98 
   625 132.0 0.0 CD1 62 
   647 1.83 0.0 HB2 64 
   1693 23.0 0.0 CD1 150 
   536 104.6 0.0 ND2 54 
   1637 23.3 0.0 CD2 145 
   530 3.06 0.0 HB3 54 
   1870 2.92 0.0 HE2 164 
   841 8.07 0.0 H 80 
   1165 62.8 0.0 CA 105 
   1283 119.1 0.0 N 116 
   1945 2.96 0.0 HE3 170 
   548 32.2 0.0 CB 55 
   133 8.04 0.0 H 23 
   776 130.0 0.0 CE2 74 
   1381 25.2 0.0 CD1 125 
   780 4.93 0.0 HA2 75 
   1306 1.79 0.0 HB2 119 
   477 119.0 0.0 N 49 
   1131 15.4 0.0 CB 102 
   919 34.2 0.0 CB 85 
   2 2.76 0.0 HB2 11 
   282 25.2 0.0 CD2 35 
   129 63.3 0.0 CA 22 
   330 8.2 0.0 H 39 
   410 8.21 0.0 H 45 
   617 2.5 0.0 HB3 62 
   1177 21.6 0.0 CB 106 
   1300 132.5 0.0 CD1 118 
   1294 7.0 0.0 HD1 118 
   1176 50.2 0.0 CA 106 
   609 113.7 0.0 CZ2 61 
   939 8.12 0.0 H 87 
   1340 28.9 0.0 CD 122 
   480 3.32 0.0 HB2 50 
   402 6.81 0.0 HE2 44 
   1699 49.3 0.0 CA 151 
   1526 0.66 0.0 HG11 137 
   1151 30.1 0.0 CB 104 
   421 117.4 0.0 N 45 
   200 7.02 0.0 H 28 
   635 1.6 0.0 HG2 63 
   1442 29.4 0.0 CD 130 
   743 8.77 0.0 H 73 
   840 121.1 0.0 N 79 
   1508 57.0 0.0 CA 135 
   543 1.6 0.0 HD2 55 
   746 2.21 0.0 HB3 73 
   329 113.9 0.0 NE2 38 
   574 3.11 0.0 HB3 58 
   1448 1.99 0.0 HG2 131 
   871 55.4 0.0 CA 82 
   458 0.92 0.0 HD13 48 
   313 31.3 0.0 CB 37 
   1518 7.29 0.0 HD22 136 
   1828 26.2 0.0 CG 161 
   1182 0.58 0.0 HG11 107 
   1596 0.37 0.0 HD23 142 
   882 0.77 0.0 HD21 83 
   900 0.64 0.0 HD22 84 
   388 2.34 0.0 HB3 43 
   1111 67.1 0.0 CA 100 
   873 131.6 0.0 N 82 
   1660 2.08 0.0 HB3 148 
   1788 0.18 0.0 HD11 158 
   1850 4.04 0.0 HA 163 
   1612 3.57 0.0 HA 144 
   1169 14.7 0.0 CD1 105 
   1269 8.73 0.0 H 115 
   1054 1.9 0.0 HB 96 
   1044 1.84 0.0 HG2 95 
   1694 27.2 0.0 CD2 150 
   228 1.58 0.0 HG2 31 
   1579 130.1 0.0 CZ 140 
   159 41.3 0.0 CB 24 
   57 27.3 0.0 CG 16 
   467 1.95 0.0 HB2 49 
   1060 0.87 0.0 HD11 96 
   339 29.8 0.0 CB 39 
   1566 1.98 0.0 HB2 140 
   1462 0.93 0.0 HD12 132 
   481 3.32 0.0 HB3 50 
   1231 7.36 0.0 H 111 
   179 116.8 0.0 N 25 
   287 3.79 0.0 HB3 36 
   293 7.05 0.0 HH2 36 
   808 6.21 0.0 HA 78 
   1091 118.2 0.0 CE1 98 
   1607 1.04 0.0 HB3 143 
   304 3.36 0.0 HA 37 
   257 9.25 0.0 H 34 
   1732 3.58 0.0 HA 154 
   1291 4.86 0.0 HA 118 
   1937 4.24 0.0 HA 170 
   430 114.9 0.0 N 46 
   85 21.7 0.0 CG1 18 
   1270 4.47 0.0 HA 115 
   81 1.01 0.0 HG22 18 
   1944 2.96 0.0 HE2 170 
   1473 8.49 0.0 H 133 
   1308 1.58 0.0 HG2 119 
   1011 131.3 0.0 CD1 92 
   398 3.25 0.0 HB3 44 
   1687 1.16 0.0 HD21 150 
   2001 7.5 0.0 HE21 175 
   1597 57.5 0.0 CA 142 
   63 1.01 0.0 HG11 17 
   1883 7.79 0.0 H 166 
   626 132.0 0.0 CD2 62 
   1745 23.0 0.0 CD1 154 
   140 1.13 0.0 HG22 23 
   1755 115.0 0.0 N 155 
   1301 132.5 0.0 CD2 118 
   914 1.27 0.0 HD2 85 
   1276 128.2 0.0 N 115 
   978 1.02 0.0 HG21 90 
   1614 3.34 0.0 HB3 144 
   1171 8.88 0.0 H 106 
   1384 8.22 0.0 H 126 
   1130 49.7 0.0 CA 102 
   1278 4.0 0.0 HA 116 
   1431 1.96 0.0 HB2 130 
   1487 113.9 0.0 CZ2 133 
   1587 3.92 0.0 HA 142 
   67 1.1 0.0 HG22 17 
   823 123.5 0.0 CH2 78 
   1285 2.4 0.0 HG3 117 
   1228 25.1 0.0 CD1 110 
   1673 110.9 0.0 N 148 
   857 128.9 0.0 N 80 
   1053 3.78 0.0 HA 96 
   492 119.9 0.0 N 50 
   1812 57.2 0.0 CA 160 
   1601 22.0 0.0 CD2 142 
   634 1.82 0.0 HB3 63 
   1643 2.21 0.0 HG2 146 
   1240 3.79 0.0 HA3 112 
   1528 0.66 0.0 HG13 137 
   9 2.03 0.0 HB3 12 
   371 25.0 0.0 CG 41 
   79 0.94 0.0 HG13 18 
   722 4.57 0.0 HB 71 
   1446 1.83 0.0 HB2 131 
   523 55.6 0.0 CA 53 
   1221 0.5 0.0 HD13 110 
   382 29.2 0.0 CB 42 
   1400 122.0 0.0 N 127 
   1679 7.83 0.0 H 150 
   512 2.42 0.0 HG3 52 
   1136 1.32 0.0 HG2 103 
   317 7.16 0.0 H 38 
   1257 42.5 0.0 CE 113 
   982 0.71 0.0 HD12 90 
   1616 7.71 0.0 HE1 144 
   883 0.77 0.0 HD22 83 
   189 121.3 0.0 N 26 
   1119 1.08 0.0 HG22 101 
   1048 62.1 0.0 CA 95 
   1948 24.8 0.0 CG 170 
   1146 1.71 0.0 HB2 104 
   573 2.55 0.0 HB2 58 
   2006 120.6 0.0 N 175 
   5 40.9 0.0 CB 11 
   1235 56.4 0.0 CA 111 
   969 2.91 0.0 HB3 89 
   482 7.26 0.0 HD1 50 
   22 18.5 0.0 CB 13 
   1657 8.89 0.0 H 148 
   1267 20.7 0.0 CG2 114 
   1466 1.04 0.0 HD23 132 
   321 2.45 0.0 HG2 38 
   785 5.61 0.0 HA 76 
   1958 55.9 0.0 CA 171 
   1992 38.6 0.0 CB 174 
   643 42.6 0.0 CD 63 
   1025 4.37 0.0 HA 94 
   1428 121.3 0.0 N 129 
   1576 127.3 0.0 CD2 140 
   1433 1.42 0.0 HG2 130 
   1355 37.5 0.0 CB 123 
   879 0.82 0.0 HD11 83 
   1524 4.01 0.0 HA 137 
   1667 0.92 0.0 HD23 148 
   810 3.29 0.0 HB3 78 
   1418 6.99 0.0 HE1 129 
   1546 24.1 0.0 CG 138 
   1877 115.9 0.0 N 164 
   113 -0.19 0.0 HD11 21 
   668 54.6 0.0 CA 65 
   334 1.47 0.0 HG2 39 
   1467 57.9 0.0 CA 132 
   778 117.0 0.0 N 74 
   1237 119.9 0.0 N 111 
   1950 41.8 0.0 CE 170 
   1232 4.44 0.0 HA 111 
   1187 0.93 0.0 HG23 107 
   837 131.9 0.0 CD2 79 
   1201 32.3 0.0 CB 108 
   731 5.02 0.0 HA 72 
   137 0.96 0.0 HG12 23 
   1514 4.26 0.0 HA 136 
   1499 117.9 0.0 N 134 
   1525 1.75 0.0 HB 137 
   1424 131.7 0.0 CD2 129 
   783 107.1 0.0 N 75 
   1392 21.7 0.0 CG2 126 
   979 1.02 0.0 HG22 90 
   1837 0.81 0.0 HG21 162 
   60 7.9 0.0 H 17 
   478 8.25 0.0 H 50 
   1722 62.3 0.0 CA 153 
   1481 7.04 0.0 HZ3 133 
   1028 2.13 0.0 HG13 94 
   45 43.1 0.0 CD 15 
   1793 28.2 0.0 CG1 158 
   1453 30.7 0.0 CB 131 
   72 21.8 0.0 CG2 17 
   391 58.5 0.0 CA 43 
   1295 7.0 0.0 HD2 118 
   1620 136.3 0.0 CE1 144 
   277 1.01 0.0 HD23 35 
   1394 8.77 0.0 H 127 
   1892 63.3 0.0 CA 166 
   1434 1.72 0.0 HG3 130 
   833 6.69 0.0 HE2 79 
   493 8.77 0.0 H 51 
   350 0.86 0.0 HD21 40 
   1108 1.25 0.0 HG21 100 
   1931 7.31 0.0 HD2 169 
   1163 0.43 0.0 HD12 105 
   1027 1.78 0.0 HG12 94 
   98 2.19 0.0 HB3 20 
   1202 27.1 0.0 CG 108 
   593 40.5 0.0 CB 60 
   858 9.14 0.0 H 81 
   1352 -0.19 0.0 HD12 123 
   498 0.78 0.0 HG13 51 
   928 7.33 0.0 HD1 86 
   150 1.88 0.0 HB3 24 
   1918 2.32 0.0 HG2 168 
   1107 4.44 0.0 HB 100 
   718 46.2 0.0 CA 70 
   1534 20.4 0.0 CG1 137 
   194 6.5 0.0 HD21 27 
   1935 122.1 0.0 N 169 
   347 0.84 0.0 HD11 40 
   1205 4.3 0.0 HA 109 
   622 5.65 0.0 HZ 62 
   1547 48.1 0.0 CD 138 
   502 67.2 0.0 CA 51 
   713 37.3 0.0 CG 69 
   579 5.05 0.0 HA 59 
   1325 45.6 0.0 CA 121 
   771 54.9 0.0 CA 74 
   1533 33.3 0.0 CB 137 
   1121 59.6 0.0 CA 101 
   1125 7.94 0.0 H 102 
   1961 119.4 0.0 N 171 
   1505 1.72 0.0 HG3 135 
   753 55.4 0.0 CA 73 
   114 -0.19 0.0 HD12 21 
   1520 40.4 0.0 CB 136 
   515 36.4 0.0 CG 52 
   1320 45.5 0.0 CA 120 
   1973 32.8 0.0 CB 172 
   224 8.5 0.0 H 31 
   397 3.17 0.0 HB2 44 
   903 43.1 0.0 CB 84 
   701 24.4 0.0 CG 68 
   1873 34.1 0.0 CB 164 
   686 37.3 0.0 CB 67 
   1990 6.91 0.0 HD22 174 
   1178 128.8 0.0 N 106 
   366 1.74 0.0 HD3 41 
   1516 1.28 0.0 HB3 136 
   632 4.37 0.0 HA 63 
   261 2.42 0.0 HG2 34 
   1733 1.24 0.0 HB2 154 
   175 35.9 0.0 CB 25 
   1696 9.07 0.0 H 151 
   1150 54.1 0.0 CA 104 
   305 2.2 0.0 HB 37 
   764 3.1 0.0 HB2 74 
   301 121.6 0.0 N 36 
   1727 119.6 0.0 CZ3 153 
   1592 -0.51 0.0 HD12 142 
   1926 112.3 0.0 NE2 168 
   1571 6.77 0.0 HE2 140 
   1012 131.3 0.0 CD2 92 
   1841 0.01 0.0 HD12 162 
   152 1.0 0.0 HD11 24 
   230 3.17 0.0 HD2 31 
   1858 27.9 0.0 CB 163 
   1573 51.9 0.0 CA 140 
   676 55.8 0.0 CA 66 
   177 29.2 0.0 CD 25 
   161 27.0 0.0 CD1 24 
   1507 3.11 0.0 HD3 135 
   56 30.2 0.0 CB 16 
   538 3.93 0.0 HA 55 
   415 2.64 0.0 HG3 45 
   1225 53.9 0.0 CA 110 
   751 6.65 0.0 HZ3 73 
   445 25.4 0.0 CD1 47 
   29 1.24 0.0 HG23 14 
   1153 119.5 0.0 N 104 
   389 2.14 0.0 HG2 43 
   367 2.96 0.0 HE2 41 
   1454 27.9 0.0 CG 131 
   1047 3.51 0.0 HD3 95 
   1595 0.37 0.0 HD22 142 
   1729 118.4 0.0 N 153 
   1549 4.17 0.0 HA 139 
   556 2.93 0.0 HB3 56 
   910 1.51 0.0 HB2 85 
