   1495 1.5 0.0 HB2 134 
   19 1.47 0.0 HB2 13 
   671 122.0 0.0 N 65 
   1888 1.0 0.0 HG13 166 
   386 4.33 0.0 HA 43 
   1775 1.28 0.0 HG3 157 
   881 0.82 0.0 HD13 83 
   724 1.1 0.0 HG22 71 
   1745 23.0 0.0 CD1 154 
   899 0.64 0.0 HD21 84 
   339 29.8 0.0 CB 39 
   39 1.72 0.0 HG3 15 
   1318 4.1 0.0 HA2 120 
   6 8.75 0.0 H 12 
   333 2.31 0.0 HB3 39 
   1367 8.42 0.0 H 125 
   1625 2.33 0.0 HB3 145 
   1355 37.5 0.0 CB 123 
   547 60.5 0.0 CA 55 
   811 7.03 0.0 HD1 78 
   717 3.53 0.0 HA3 70 
   1269 8.73 0.0 H 115 
   626 132.0 0.0 CD2 62 
   1082 3.27 0.0 HB3 98 
   966 8.46 0.0 H 89 
   829 3.01 0.0 HB3 79 
   1831 118.0 0.0 N 161 
   979 1.02 0.0 HG22 90 
   1835 0.32 0.0 HG12 162 
   1023 118.3 0.0 N 93 
   1642 2.46 0.0 HB3 146 
   617 2.5 0.0 HB3 62 
   1979 4.42 0.0 HA 173 
   1780 7.94 0.0 H 158 
   272 0.91 0.0 HD11 35 
   1027 1.78 0.0 HG12 94 
   884 0.77 0.0 HD23 83 
   80 1.01 0.0 HG21 18 
   1959 31.0 0.0 CB 171 
   637 3.25 0.0 HD2 63 
   1333 1.6 0.0 HD2 122 
   1438 2.99 0.0 HE3 130 
   572 4.38 0.0 HA 58 
   481 3.32 0.0 HB3 50 
   1138 2.95 0.0 HD2 103 
   1761 0.75 0.0 HG13 156 
   991 5.29 0.0 HA 91 
   1265 58.4 0.0 CA 114 
   76 2.19 0.0 HB 18 
   1125 7.94 0.0 H 102 
   354 41.3 0.0 CB 40 
   1049 32.4 0.0 CB 95 
   1583 4.14 0.0 HA3 141 
   1679 7.83 0.0 H 150 
   770 6.92 0.0 HZ 74 
   401 6.81 0.0 HE1 44 
   1902 0.95 0.0 HG21 167 
   1918 2.32 0.0 HG2 168 
   2001 7.5 0.0 HE21 175 
   1423 131.7 0.0 CD1 129 
   1884 4.04 0.0 HA 166 
   903 43.1 0.0 CB 84 
   1803 3.0 0.0 HD3 159 
   1066 18.1 0.0 CG2 96 
   1417 7.05 0.0 HD2 129 
   1020 2.67 0.0 HB3 93 
   990 8.61 0.0 H 91 
   126 2.1 0.0 HG3 22 
   1237 119.9 0.0 N 111 
   961 131.7 0.0 CD2 88 
   1089 132.8 0.0 CD1 98 
   584 51.8 0.0 CA 59 
   757 113.1 0.0 CZ2 73 
   629 131.9 0.0 CZ 62 
   1411 114.8 0.0 N 128 
   805 32.7 0.0 CB 77 
   347 0.84 0.0 HD11 40 
   1012 131.3 0.0 CD2 92 
   1528 0.66 0.0 HG13 137 
   1922 54.4 0.0 CA 168 
   30 64.2 0.0 CA 14 
   824 117.5 0.0 N 78 
   706 4.19 0.0 HA 69 
   352 0.86 0.0 HD23 40 
   223 48.9 0.0 CD 30 
   1686 0.87 0.0 HD13 150 
   377 2.27 0.0 HB2 42 
   546 2.84 0.0 HE3 55 
   1804 66.3 0.0 CA 159 
   1118 1.08 0.0 HG21 101 
   172 2.92 0.0 HE2 25 
   1430 3.99 0.0 HA 130 
   79 0.94 0.0 HG13 18 
   872 39.0 0.0 CB 82 
   1923 31.6 0.0 CB 168 
   169 1.29 0.0 HG3 25 
   545 2.84 0.0 HE2 55 
   581 2.76 0.0 HB3 59 
   388 2.34 0.0 HB3 43 
   756 119.8 0.0 CE3 73 
   1429 8.59 0.0 H 130 
   331 4.12 0.0 HA 39 
   876 1.57 0.0 HB2 83 
   764 3.1 0.0 HB2 74 
   1571 6.77 0.0 HE2 140 
   1420 6.93 0.0 HZ 129 
   485 6.97 0.0 HE2 50 
   1755 115.0 0.0 N 155 
   861 3.25 0.0 HB3 81 
   1844 38.3 0.0 CB 162 
   636 1.74 0.0 HG3 63 
   1456 6.93 0.0 H 132 
   914 1.27 0.0 HD2 85 
   916 2.27 0.0 HE2 85 
   1169 14.7 0.0 CD1 105 
   150 1.88 0.0 HB3 24 
   33 113.2 0.0 N 14 
   612 121.9 0.0 N 61 
   931 6.77 0.0 HE2 86 
   697 3.0 0.0 HE2 68 
   606 29.6 0.0 CB 61 
   562 112.3 0.0 ND2 56 
   993 2.38 0.0 HB3 91 
   417 6.94 0.0 HE22 45 
   1096 2.2 0.0 HB3 99 
   1895 21.8 0.0 CG2 166 
   165 4.41 0.0 HA 25 
   1939 1.7 0.0 HB3 170 
   1408 30.4 0.0 CB 128 
   844 0.96 0.0 HG12 80 
   1872 56.9 0.0 CA 164 
   1915 4.83 0.0 HA 168 
   168 1.29 0.0 HG2 25 
   891 7.9 0.0 H 84 
   1936 8.48 0.0 H 170 
   1482 7.06 0.0 HH2 133 
   592 54.1 0.0 CA 60 
   1363 2.78 0.0 HB3 124 
   425 3.98 0.0 HB2 46 
   1982 58.6 0.0 CA 173 
   480 3.32 0.0 HB2 50 
   160 31.1 0.0 CG 24 
   1228 25.1 0.0 CD1 110 
   519 3.0 0.0 HB2 53 
   1505 1.72 0.0 HG3 135 
   1862 7.88 0.0 H 164 
   1373 0.13 0.0 HD12 125 
   1095 1.45 0.0 HB2 99 
   787 1.49 0.0 HB3 76 
   1750 1.43 0.0 HB1 155 
   1136 1.32 0.0 HG2 103 
   1345 0.37 0.0 HB 123 
   1436 1.74 0.0 HD3 130 
   1663 0.8 0.0 HD12 148 
   442 58.8 0.0 CA 47 
   360 4.16 0.0 HA 41 
   1053 3.78 0.0 HA 96 
   1291 4.86 0.0 HA 118 
   700 31.8 0.0 CB 68 
   1669 43.3 0.0 CB 148 
   663 4.51 0.0 HA 65 
   1329 1.25 0.0 HB2 122 
   1158 1.15 0.0 HG13 105 
   1148 2.07 0.0 HG2 104 
   1014 129.9 0.0 CE2 92 
   356 24.3 0.0 CD1 40 
   1055 1.32 0.0 HG12 96 
   1135 2.45 0.0 HB3 103 
   1537 4.86 0.0 HA 138 
   1230 116.5 0.0 N 110 
   378 2.71 0.0 HB3 42 
   505 21.0 0.0 CG2 51 
   1338 32.9 0.0 CB 122 
   2006 120.6 0.0 N 175 
   1753 53.8 0.0 CA 155 
   598 4.08 0.0 HB3 61 
   1760 0.75 0.0 HG12 156 
   136 0.96 0.0 HG11 23 
   421 117.4 0.0 N 45 
   772 40.5 0.0 CB 74 
   1351 -0.19 0.0 HD11 123 
   969 2.91 0.0 HB3 89 
   456 0.92 0.0 HD11 48 
   808 6.21 0.0 HA 78 
   397 3.17 0.0 HB2 44 
   382 29.2 0.0 CB 42 
   1564 6.28 0.0 H 140 
   1825 0.73 0.0 HD23 161 
   1247 1.3 0.0 HG2 113 
   376 4.12 0.0 HA 42 
   915 1.28 0.0 HD3 85 
   828 3.01 0.0 HB2 79 
   1668 54.5 0.0 CA 148 
   590 2.19 0.0 HB2 60 
   1069 7.01 0.0 H 97 
   680 4.76 0.0 HA 67 
   650 0.91 0.0 HD11 64 
   1639 7.93 0.0 H 146 
   1640 4.36 0.0 HA 146 
   1839 0.81 0.0 HG23 162 
   1142 27.9 0.0 CG 103 
   490 118.8 0.0 CE1 50 
   977 1.29 0.0 HG13 90 
   186 65.4 0.0 CA 26 
   424 4.12 0.0 HA 46 
   1502 1.71 0.0 HB2 135 
   1605 1.04 0.0 HB1 143 
   1809 4.33 0.0 HA 160 
   683 7.79 0.0 HD21 67 
   1077 22.0 0.0 CG2 97 
   1281 56.2 0.0 CA 116 
   560 38.1 0.0 CB 56 
   1515 0.92 0.0 HB2 136 
   763 5.33 0.0 HA 74 
   1009 57.4 0.0 CA 92 
   1952 8.55 0.0 H 171 
   1572 6.2 0.0 HZ 140 
   88 8.07 0.0 H 19 
   410 8.21 0.0 H 45 
   929 7.33 0.0 HD2 86 
   201 4.74 0.0 HA 28 
   1478 9.6 0.0 HE1 133 
   555 2.93 0.0 HB2 56 
   882 0.77 0.0 HD21 83 
   1972 56.3 0.0 CA 172 
   245 3.99 0.0 HA 33 
   1504 1.59 0.0 HG2 135 
   1099 3.44 0.0 HD2 99 
   1942 1.6 0.0 HD2 170 
   988 14.6 0.0 CD1 90 
   1399 40.2 0.0 CB 127 
   295 29.5 0.0 CB 36 
   1275 18.9 0.0 CB 115 
   541 1.31 0.0 HG2 55 
   558 7.75 0.0 HD22 56 
   1492 8.33 0.0 H 134 
   1347 0.7 0.0 HG13 123 
   320 2.23 0.0 HB3 38 
   202 1.47 0.0 HB1 28 
   1201 32.3 0.0 CB 108 
   564 4.51 0.0 HA 57 
   1057 0.98 0.0 HG21 96 
   1065 27.8 0.0 CG1 96 
   362 2.06 0.0 HB3 41 
   1550 1.74 0.0 HB2 139 
   1597 57.5 0.0 CA 142 
   232 56.1 0.0 CA 31 
   691 1.81 0.0 HB2 68 
   533 55.3 0.0 CA 54 
   445 25.4 0.0 CD1 47 
   883 0.77 0.0 HD22 83 
   16 8.44 0.0 H 13 
   1428 121.3 0.0 N 129 
   327 33.3 0.0 CG 38 
   110 0.18 0.0 HG21 21 
   1894 21.8 0.0 CG1 166 
   1468 41.9 0.0 CB 132 
   846 0.64 0.0 HG21 80 
   746 2.21 0.0 HB3 73 
   230 3.17 0.0 HD2 31 
   721 4.41 0.0 HA 71 
   780 4.93 0.0 HA2 75 
   151 1.7 0.0 HG 24 
   1910 25.3 0.0 CG1 167 
   297 122.1 0.0 CE3 36 
   865 119.9 0.0 CD2 81 
   1441 26.5 0.0 CG 130 
   1114 122.2 0.0 N 100 
   396 4.5 0.0 HA 44 
   930 6.77 0.0 HE1 86 
   1636 25.8 0.0 CD1 145 
   224 8.5 0.0 H 31 
   175 35.9 0.0 CB 25 
   1117 3.67 0.0 HB 101 
   29 1.24 0.0 HG23 14 
   233 29.5 0.0 CB 31 
   1497 54.7 0.0 CA 134 
   1191 22.2 0.0 CG2 107 
   943 2.0 0.0 HG2 87 
   1166 38.7 0.0 CB 105 
   1962 8.44 0.0 H 172 
   715 7.82 0.0 H 70 
   983 0.71 0.0 HD13 90 
   1462 0.93 0.0 HD12 132 
   1486 120.1 0.0 CE3 133 
   672 7.8 0.0 H 66 
   1712 7.2 0.0 H 153 
   118 27.5 0.0 CG1 21 
   157 1.18 0.0 HD23 24 
   1128 0.01 0.0 HB2 102 
   748 9.32 0.0 HE1 73 
   1038 16.8 0.0 CG2 94 
   1378 54.2 0.0 CA 125 
   390 2.75 0.0 HG3 43 
   1165 62.8 0.0 CA 105 
   857 128.9 0.0 N 80 
   479 4.78 0.0 HA 50 
   1798 1.66 0.0 HB2 159 
   1580 113.4 0.0 N 140 
   1061 0.87 0.0 HD12 96 
   1086 7.33 0.0 HE2 98 
   1767 21.1 0.0 CG1 156 
   1105 8.2 0.0 H 100 
   209 3.95 0.0 HA2 29 
   471 3.37 0.0 HD2 49 
   1586 10.28 0.0 H 142 
   684 6.71 0.0 HD22 67 
   727 69.3 0.0 CB 71 
   329 113.9 0.0 NE2 38 
   732 1.63 0.0 HB2 72 
   758 120.1 0.0 CZ3 73 
   1877 115.9 0.0 N 164 
   1858 27.9 0.0 CB 163 
   561 118.9 0.0 N 56 
   1376 0.33 0.0 HD22 125 
   1643 2.21 0.0 HG2 146 
   1328 4.58 0.0 HA 122 
   708 2.23 0.0 HB3 69 
   62 2.21 0.0 HB 17 
   975 1.75 0.0 HB 90 
   1180 4.9 0.0 HA 107 
   681 3.07 0.0 HB2 67 
   335 1.47 0.0 HG3 39 
   1322 8.15 0.0 H 121 
   1933 30.1 0.0 CB 169 
   1223 0.68 0.0 HD22 110 
   944 2.0 0.0 HG3 87 
   1471 26.2 0.0 CD2 132 
   1434 1.72 0.0 HG3 130 
   361 2.06 0.0 HB2 41 
   408 117.8 0.0 CE2 44 
   668 54.6 0.0 CA 65 
   1934 120.5 0.0 CD2 169 
   1108 1.25 0.0 HG21 100 
   1509 30.1 0.0 CB 135 
   1207 2.39 0.0 HB3 109 
   167 1.76 0.0 HB3 25 
   1611 7.37 0.0 H 144 
   1851 2.24 0.0 HB2 163 
   152 1.0 0.0 HD11 24 
   579 5.05 0.0 HA 59 
   1728 122.7 0.0 CH2 153 
   726 61.7 0.0 CA 71 
   1578 129.7 0.0 CE2 140 
   1602 125.0 0.0 N 142 
   122 4.51 0.0 HA 22 
   530 3.06 0.0 HB3 54 
   1131 15.4 0.0 CB 102 
   1331 1.04 0.0 HG2 122 
   1177 21.6 0.0 CB 106 
   974 5.66 0.0 HA 90 
   433 1.79 0.0 HB2 47 
   70 32.2 0.0 CB 17 
   789 1.57 0.0 HG3 76 
   529 3.06 0.0 HB2 54 
   1149 2.24 0.0 HG3 104 
   14 35.9 0.0 CG 12 
   1769 113.1 0.0 N 156 
   1920 6.76 0.0 HE21 168 
   1143 49.2 0.0 CD 103 
   1498 18.5 0.0 CB 134 
   1431 1.96 0.0 HB2 130 
   1865 2.04 0.0 HB3 164 
   1106 4.12 0.0 HA 100 
   1576 127.3 0.0 CD2 140 
   1912 14.6 0.0 CD1 167 
   1736 0.88 0.0 HD11 154 
   267 8.01 0.0 H 35 
   1479 7.41 0.0 HE3 133 
   47 8.18 0.0 H 16 
   802 2.94 0.0 HB2 77 
   1599 26.2 0.0 CG 142 
   1018 5.58 0.0 HA 93 
   1112 67.9 0.0 CB 100 
   866 126.2 0.0 N 81 
   108 0.36 0.0 HG12 21 
   64 1.01 0.0 HG12 17 
   3 2.76 0.0 HB3 11 
   56 30.2 0.0 CB 16 
   1146 1.71 0.0 HB2 104 
   1650 4.49 0.0 HA 147 
   1283 119.1 0.0 N 116 
   832 6.69 0.0 HE1 79 
   1724 127.0 0.0 CD1 153 
   754 30.6 0.0 CB 73 
   1530 1.08 0.0 HG22 137 
   739 32.8 0.0 CB 72 
   858 9.14 0.0 H 81 
   180 10.39 0.0 H 26 
   1312 57.4 0.0 CA 119 
   926 2.88 0.0 HB2 86 
   925 4.52 0.0 HA 86 
   841 8.07 0.0 H 80 
   743 8.77 0.0 H 73 
   669 34.1 0.0 CB 65 
   1559 32.6 0.0 CB 139 
   1943 1.6 0.0 HD3 170 
   342 8.86 0.0 H 40 
   603 6.87 0.0 HZ3 61 
   284 8.01 0.0 H 36 
   1439 62.3 0.0 CA 130 
   454 0.97 0.0 HG22 48 
   785 5.61 0.0 HA 76 
   1175 1.34 0.0 HB3 106 
   1796 115.7 0.0 N 158 
   659 24.3 0.0 CD1 64 
   145 22.0 0.0 CG2 23 
   1059 0.98 0.0 HG23 96 
   1880 4.11 0.0 HA3 165 
   205 51.9 0.0 CA 28 
   750 7.02 0.0 HZ2 73 
   838 117.3 0.0 CE1 79 
   594 120.0 0.0 N 60 
   195 7.45 0.0 HD22 27 
   1058 0.98 0.0 HG22 96 
   394 120.6 0.0 N 43 
   93 63.2 0.0 CB 19 
   622 5.65 0.0 HZ 62 
   1734 2.04 0.0 HB3 154 
   20 1.47 0.0 HB3 13 
   32 22.0 0.0 CG2 14 
   384 119.4 0.0 N 42 
   1485 126.6 0.0 CD1 133 
   132 50.7 0.0 CD 22 
   1641 2.2 0.0 HB2 146 
   1830 22.9 0.0 CD2 161 
   174 57.0 0.0 CA 25 
   1743 42.6 0.0 CB 154 
   340 26.9 0.0 CG 39 
   986 25.7 0.0 CG1 90 
   55 57.8 0.0 CA 16 
   1829 26.1 0.0 CD1 161 
   657 48.2 0.0 CB 64 
   634 1.82 0.0 HB3 63 
   1491 130.6 0.0 NE1 133 
   1425 129.8 0.0 CE1 129 
   1993 121.0 0.0 N 174 
   933 39.5 0.0 CB 86 
   1126 3.87 0.0 HA 102 
   927 3.29 0.0 HB3 86 
   1334 1.73 0.0 HD3 122 
   1908 59.4 0.0 CA 167 
   1546 24.1 0.0 CG 138 
   665 1.81 0.0 HB3 65 
   649 1.83 0.0 HG 64 
   760 125.1 0.0 N 73 
   1799 2.07 0.0 HB3 159 
   1301 132.5 0.0 CD2 118 
   1732 3.58 0.0 HA 154 
   452 1.86 0.0 HG13 48 
   887 26.8 0.0 CG 83 
   72 21.8 0.0 CG2 17 
   600 9.85 0.0 HE1 61 
   251 3.34 0.0 HD3 33 
   826 9.23 0.0 H 79 
   699 59.8 0.0 CA 68 
   1587 3.92 0.0 HA 142 
   1266 68.6 0.0 CB 114 
   1170 124.1 0.0 N 105 
   1970 2.95 0.0 HE2 172 
   734 1.5 0.0 HG2 72 
   707 2.1 0.0 HB2 69 
   1188 58.3 0.0 CA 107 
   1534 20.4 0.0 CG1 137 
   1526 0.66 0.0 HG11 137 
   199 107.7 0.0 ND2 27 
   96 4.35 0.0 HA 20 
   1258 117.5 0.0 N 113 
   1741 1.14 0.0 HD23 154 
   1807 49.4 0.0 CD 159 
   859 4.82 0.0 HA 81 
   1656 120.5 0.0 N 147 
   483 7.26 0.0 HD2 50 
   755 123.5 0.0 CD1 73 
   658 27.3 0.0 CG 64 
   1178 128.8 0.0 N 106 
   536 104.6 0.0 ND2 54 
   1890 1.0 0.0 HG22 166 
   516 119.7 0.0 N 52 
   556 2.93 0.0 HB3 56 
   319 2.23 0.0 HB2 38 
   557 7.04 0.0 HD21 56 
   694 1.46 0.0 HG3 68 
   1360 7.71 0.0 H 124 
   1141 31.9 0.0 CB 103 
   661 123.1 0.0 N 64 
   928 7.33 0.0 HD1 86 
   270 1.81 0.0 HB3 35 
   1466 1.04 0.0 HD23 132 
   1545 32.6 0.0 CB 138 
   1541 1.72 0.0 HG3 138 
   1364 57.6 0.0 CA 124 
   146 116.5 0.0 N 23 
   1323 3.93 0.0 HA2 121 
   1242 115.0 0.0 N 112 
   774 131.7 0.0 CD2 74 
   976 0.84 0.0 HG12 90 
   830 6.96 0.0 HD1 79 
   503 31.5 0.0 CB 51 
   1357 17.0 0.0 CG2 123 
   1493 4.17 0.0 HA 134 
   1739 1.14 0.0 HD21 154 
   4 54.1 0.0 CA 11 
   67 1.1 0.0 HG22 17 
   989 113.7 0.0 N 90 
   1132 126.2 0.0 N 102 
   1834 1.39 0.0 HB 162 
   1785 0.42 0.0 HG21 158 
   125 2.1 0.0 HG2 22 
   1709 32.1 0.0 CB 152 
   268 4.34 0.0 HA 35 
   350 0.86 0.0 HD21 40 
   578 8.55 0.0 H 59 
   1416 7.05 0.0 HD1 129 
   1821 0.66 0.0 HD12 161 
   477 119.0 0.0 N 49 
   473 57.4 0.0 CA 49 
   1999 2.31 0.0 HG2 175 
   290 7.31 0.0 HE3 36 
   1671 26.1 0.0 CD1 148 
   1870 2.92 0.0 HE2 164 
   1160 0.67 0.0 HG22 105 
   588 8.49 0.0 H 60 
   1609 18.0 0.0 CB 143 
   1604 3.75 0.0 HA 143 
   252 58.8 0.0 CA 33 
   1593 -0.51 0.0 HD13 142 
   1315 42.9 0.0 CD 119 
   1511 43.4 0.0 CD 135 
   1610 120.1 0.0 N 143 
   1988 2.83 0.0 HB3 174 
   893 0.6 0.0 HB2 84 
   954 7.16 0.0 HD2 88 
   1003 3.68 0.0 HB3 92 
   1222 0.68 0.0 HD21 110 
   517 8.47 0.0 H 53 
   1649 8.35 0.0 H 147 
   246 2.0 0.0 HB2 33 
   1238 8.62 0.0 H 112 
   1013 129.9 0.0 CE1 92 
   51 1.6 0.0 HG2 16 
   1282 29.0 0.0 CB 116 
   463 13.2 0.0 CD1 48 
   625 132.0 0.0 CD1 62 
   942 1.9 0.0 HB3 87 
   666 1.89 0.0 HG2 65 
   116 59.2 0.0 CA 21 
   1370 1.68 0.0 HB3 125 
   444 27.4 0.0 CG 47 
   1676 3.16 0.0 HA3 149 
   1811 2.55 0.0 HB3 160 
   593 40.5 0.0 CB 60 
   1810 2.55 0.0 HB2 160 
   673 4.75 0.0 HA 66 
   1876 41.8 0.0 CE 164 
   958 56.0 0.0 CA 88 
   508 3.88 0.0 HA 52 
   1937 4.24 0.0 HA 170 
   488 131.7 0.0 CD1 50 
   853 38.1 0.0 CB 80 
   43 30.1 0.0 CB 15 
   310 1.13 0.0 HG22 37 
   526 110.8 0.0 ND2 53 
   1898 4.64 0.0 HA 167 
   15 122.1 0.0 N 12 
   23 122.6 0.0 N 13 
   1507 3.11 0.0 HD3 135 
   305 2.2 0.0 HB 37 
   782 45.8 0.0 CA 75 
   153 1.0 0.0 HD12 24 
   383 35.5 0.0 CG 42 
   259 2.16 0.0 HB2 34 
   751 6.65 0.0 HZ3 73 
   1388 1.41 0.0 HG22 126 
   1536 122.5 0.0 N 137 
   211 44.9 0.0 CA 29 
   769 7.0 0.0 HE2 74 
   1309 1.68 0.0 HG3 119 
   170 1.6 0.0 HD2 25 
   381 59.1 0.0 CA 42 
   1630 0.45 0.0 HD21 145 
   1730 127.7 0.0 NE1 153 
   544 1.6 0.0 HD3 55 
   187 68.1 0.0 CB 26 
   997 33.5 0.0 CB 91 
   1645 57.0 0.0 CA 146 
   1992 38.6 0.0 CB 174 
   368 2.96 0.0 HE3 41 
   907 121.8 0.0 N 84 
   336 2.71 0.0 HD2 39 
   959 42.6 0.0 CB 88 
   154 1.0 0.0 HD13 24 
   40 3.21 0.0 HD2 15 
   1553 1.46 0.0 HG3 139 
   198 128.7 0.0 N 27 
   639 7.37 0.0 HE 63 
   236 116.8 0.0 N 31 
   1966 1.35 0.0 HG2 172 
   1390 62.4 0.0 CA 126 
   1447 2.29 0.0 HB3 131 
   1440 29.7 0.0 CB 130 
   1543 3.45 0.0 HD3 138 
   549 25.6 0.0 CG 55 
   276 1.01 0.0 HD22 35 
   1967 1.43 0.0 HG3 172 
   92 60.1 0.0 CA 19 
   1833 3.68 0.0 HA 162 
   1134 0.87 0.0 HB2 103 
   698 3.0 0.0 HE3 68 
   1513 7.18 0.0 H 136 
   1607 1.04 0.0 HB3 143 
   1084 7.38 0.0 HD2 98 
   1267 20.7 0.0 CG2 114 
   400 7.33 0.0 HD2 44 
   1791 63.4 0.0 CA 158 
   784 8.54 0.0 H 76 
   1594 0.37 0.0 HD21 142 
   46 121.6 0.0 N 15 
   1040 121.6 0.0 N 94 
   363 1.45 0.0 HG2 41 
   1744 26.8 0.0 CG 154 
   1254 33.3 0.0 CB 113 
   9 2.03 0.0 HB3 12 
   1651 1.22 0.0 HB1 147 
   124 2.46 0.0 HB3 22 
   220 63.2 0.0 CA 30 
   1260 4.63 0.0 HA 114 
   1002 2.77 0.0 HB2 92 
   294 58.7 0.0 CA 36 
   1629 -0.05 0.0 HD13 145 
   624 40.9 0.0 CB 62 
   1060 0.87 0.0 HD11 96 
   11 2.32 0.0 HG3 12 
   1802 3.0 0.0 HD2 159 
   1945 2.96 0.0 HE3 170 
   7 4.11 0.0 HA 12 
   623 57.0 0.0 CA 62 
   1897 6.85 0.0 H 167 
   1624 1.42 0.0 HB2 145 
   1453 30.7 0.0 CB 131 
   1153 119.5 0.0 N 104 
   1759 0.75 0.0 HG11 156 
   262 2.42 0.0 HG3 34 
   1592 -0.51 0.0 HD12 142 
   321 2.45 0.0 HG2 38 
   502 67.2 0.0 CA 51 
   984 58.5 0.0 CA 90 
   346 0.96 0.0 HG 40 
   1253 56.4 0.0 CA 113 
   1879 3.97 0.0 HA2 165 
   566 1.5 0.0 HB2 57 
   344 0.97 0.0 HB2 40 
   1427 129.2 0.0 CZ 129 
   328 118.6 0.0 N 38 
   49 1.9 0.0 HB2 16 
   1133 4.23 0.0 HA 103 
   842 5.13 0.0 HA 80 
   269 1.46 0.0 HB2 35 
   1336 2.91 0.0 HE3 122 
   1654 55.8 0.0 CA 147 
   82 1.01 0.0 HG23 18 
   978 1.02 0.0 HG21 90 
   322 2.45 0.0 HG3 38 
   704 123.1 0.0 N 68 
   1940 1.38 0.0 HG2 170 
   527 8.75 0.0 H 54 
   1450 3.64 0.0 HD2 131 
   1965 1.85 0.0 HB3 172 
   255 43.1 0.0 CD 33 
   1154 8.55 0.0 H 105 
   83 64.2 0.0 CA 18 
   577 116.9 0.0 N 58 
   418 59.3 0.0 CA 45 
   807 9.24 0.0 H 78 
   2000 2.31 0.0 HG3 175 
   987 19.5 0.0 CG2 90 
   1907 0.85 0.0 HD13 167 
   868 4.02 0.0 HA 82 
   1029 0.7 0.0 HG21 94 
   1692 27.0 0.0 CG 150 
   1026 2.04 0.0 HB 94 
   1327 7.0 0.0 H 122 
   879 0.82 0.0 HD11 83 
   13 29.4 0.0 CB 12 
   1348 -0.36 0.0 HG21 123 
   1196 1.88 0.0 HG2 108 
   1404 3.23 0.0 HB3 128 
   1852 2.24 0.0 HB3 163 
   1929 2.59 0.0 HB2 169 
   1991 53.2 0.0 CA 174 
   702 28.9 0.0 CD 68 
   1506 3.11 0.0 HD2 135 
   685 51.6 0.0 CA 67 
   1004 6.51 0.0 HD1 92 
   1103 25.1 0.0 CG 99 
   1172 5.09 0.0 HA 106 
   1221 0.5 0.0 HD13 110 
   686 37.3 0.0 CB 67 
   996 55.2 0.0 CA 91 
   1050 27.0 0.0 CG 95 
   448 8.86 0.0 H 48 
   1483 61.0 0.0 CA 133 
   1200 66.4 0.0 CA 108 
   1631 0.45 0.0 HD22 145 
   994 2.13 0.0 HG2 91 
   710 2.54 0.0 HG3 69 
   1665 0.92 0.0 HD21 148 
   898 0.41 0.0 HD13 84 
   1727 119.6 0.0 CZ3 153 
   1330 1.47 0.0 HB3 122 
   613 127.8 0.0 NE1 61 
   1887 1.0 0.0 HG12 166 
   439 0.98 0.0 HD21 47 
   166 1.76 0.0 HB2 25 
   1618 29.7 0.0 CB 144 
   778 117.0 0.0 N 74 
   1847 14.9 0.0 CD1 162 
   1950 41.8 0.0 CE 170 
   1666 0.92 0.0 HD22 148 
   1171 8.88 0.0 H 106 
   1808 6.55 0.0 H 160 
   1308 1.58 0.0 HG2 119 
   1842 0.01 0.0 HD13 162 
   207 123.5 0.0 N 28 
   1864 1.76 0.0 HB2 164 
   904 25.9 0.0 CG 84 
   1608 55.6 0.0 CA 143 
   745 1.04 0.0 HB2 73 
   156 1.18 0.0 HD22 24 
   106 4.14 0.0 HA 21 
   1337 55.1 0.0 CA 122 
   496 0.78 0.0 HG11 51 
   1974 24.7 0.0 CG 172 
   1850 4.04 0.0 HA 163 
   385 8.98 0.0 H 43 
   1080 4.69 0.0 HA 98 
   833 6.69 0.0 HE2 79 
   457 0.92 0.0 HD12 48 
   1129 0.01 0.0 HB3 102 
   37 1.87 0.0 HB3 15 
   1659 1.74 0.0 HB2 148 
   1359 117.1 0.0 N 123 
   1905 0.85 0.0 HD11 167 
   1935 122.1 0.0 N 169 
   173 2.92 0.0 HE3 25 
   1236 41.0 0.0 CB 111 
   1575 127.3 0.0 CD1 140 
   135 2.37 0.0 HB 23 
   1024 8.43 0.0 H 94 
   1953 4.39 0.0 HA 171 
   595 7.49 0.0 H 61 
   499 0.8 0.0 HG21 51 
   1766 33.1 0.0 CB 156 
   1980 2.81 0.0 HB2 173 
   210 4.82 0.0 HA3 29 
   678 111.7 0.0 N 66 
   147 9.12 0.0 H 24 
   1567 2.06 0.0 HB3 140 
   1774 0.82 0.0 HG2 157 
   723 1.1 0.0 HG21 71 
   922 41.3 0.0 CE 85 
   403 62.3 0.0 CA 44 
   1845 29.2 0.0 CG1 162 
   939 8.12 0.0 H 87 
   1806 28.7 0.0 CG 159 
   1973 32.8 0.0 CB 172 
   1637 23.3 0.0 CD2 145 
   1717 9.7 0.0 HE1 153 
   171 1.6 0.0 HD3 25 
   695 1.69 0.0 HD2 68 
   1311 3.21 0.0 HD3 119 
   1422 39.5 0.0 CB 129 
   1259 7.31 0.0 H 114 
   1733 1.24 0.0 HB2 154 
   1092 116.0 0.0 CE2 98 
   1372 0.13 0.0 HD11 125 
   696 1.69 0.0 HD3 68 
   190 9.34 0.0 H 27 
   818 32.6 0.0 CB 78 
   834 57.7 0.0 CA 79 
   1321 113.5 0.0 N 120 
   1729 118.4 0.0 N 153 
   1268 110.1 0.0 N 114 
   461 29.8 0.0 CG1 48 
   813 7.27 0.0 HE3 78 
   1085 6.93 0.0 HE1 98 
   1777 29.2 0.0 CB 157 
   573 2.55 0.0 HB2 58 
   525 119.5 0.0 N 53 
   1781 3.54 0.0 HA 158 
   1289 36.0 0.0 CG 117 
   1911 18.1 0.0 CG2 167 
   316 116.1 0.0 N 37 
   1030 0.7 0.0 HG22 94 
   1828 26.2 0.0 CG 161 
   1214 7.93 0.0 H 110 
   759 123.7 0.0 CH2 73 
   1385 4.28 0.0 HA 126 
   413 2.34 0.0 HB3 45 
   1344 3.77 0.0 HA 123 
   367 2.96 0.0 HE2 41 
   1998 2.08 0.0 HB3 175 
   238 4.9 0.0 HA 32 
   1045 1.91 0.0 HG3 95 
   1822 0.66 0.0 HD13 161 
   1270 4.47 0.0 HA 115 
   1484 27.6 0.0 CB 133 
   674 0.91 0.0 HB2 66 
   1646 31.6 0.0 CB 146 
   235 43.1 0.0 CD 31 
   140 1.13 0.0 HG22 23 
   1046 3.51 0.0 HD2 95 
   1460 1.53 0.0 HG 132 
   1677 45.7 0.0 CA 149 
   1591 -0.51 0.0 HD11 142 
   1706 3.08 0.0 HD2 152 
   864 34.3 0.0 CB 81 
   1819 1.91 0.0 HG 161 
   874 8.23 0.0 H 83 
   1662 0.8 0.0 HD11 148 
   404 37.9 0.0 CB 44 
   1392 21.7 0.0 CG2 126 
   786 1.44 0.0 HB2 76 
   1820 0.66 0.0 HD11 161 
   633 1.82 0.0 HB2 63 
   1204 9.68 0.0 H 109 
   1846 16.7 0.0 CG2 162 
   1758 1.8 0.0 HB 156 
   1054 1.9 0.0 HB 96 
   713 37.3 0.0 CG 69 
   1981 2.88 0.0 HB3 173 
   447 120.8 0.0 N 47 
   1387 1.41 0.0 HG21 126 
   670 36.3 0.0 CG 65 
   965 121.3 0.0 N 88 
   414 2.54 0.0 HG2 45 
   528 4.38 0.0 HA 54 
   1968 1.65 0.0 HD2 172 
   1737 0.88 0.0 HD12 154 
   773 131.7 0.0 CD1 74 
   814 7.17 0.0 HZ2 78 
   1272 1.43 0.0 HB2 115 
   1648 117.1 0.0 N 146 
   391 58.5 0.0 CA 43 
   1906 0.85 0.0 HD12 167 
   494 3.25 0.0 HA 51 
   540 1.91 0.0 HB3 55 
   63 1.01 0.0 HG11 17 
   575 55.3 0.0 CA 58 
   137 0.96 0.0 HG12 23 
   565 1.5 0.0 HB1 57 
   1162 0.43 0.0 HD11 105 
   860 2.85 0.0 HB2 81 
   918 56.1 0.0 CA 85 
   614 6.81 0.0 H 62 
   44 27.3 0.0 CG 15 
   1951 123.6 0.0 N 170 
   1696 9.07 0.0 H 151 
   1190 20.0 0.0 CG1 107 
   1186 0.93 0.0 HG22 107 
   1383 126.2 0.0 N 125 
   1596 0.37 0.0 HD23 142 
   615 4.91 0.0 HA 62 
   1032 0.45 0.0 HD11 94 
   1406 8.19 0.0 HE1 128 
   1620 136.3 0.0 CE1 144 
   1332 1.23 0.0 HG3 122 
   53 3.21 0.0 HD2 16 
   1152 35.9 0.0 CG 104 
   5 40.9 0.0 CB 11 
   1738 0.88 0.0 HD13 154 
   495 2.1 0.0 HB 51 
   524 37.4 0.0 CB 53 
   1306 1.79 0.0 HB2 119 
   917 2.37 0.0 HE3 85 
   538 3.93 0.0 HA 55 
   348 0.84 0.0 HD12 40 
   351 0.86 0.0 HD22 40 
   1157 0.33 0.0 HG12 105 
   1496 1.5 0.0 HB3 134 
   470 1.93 0.0 HG3 49 
   31 68.6 0.0 CB 14 
   1389 1.41 0.0 HG23 126 
   405 131.7 0.0 CD1 44 
   250 3.34 0.0 HD2 33 
   1435 1.73 0.0 HD2 130 
   1713 4.06 0.0 HA 153 
   1792 30.6 0.0 CB 158 
   1458 1.61 0.0 HB2 132 
   886 39.8 0.0 CB 83 
   468 2.07 0.0 HB3 49 
   185 1.25 0.0 HG23 26 
   701 24.4 0.0 CG 68 
   487 38.5 0.0 CB 50 
   1028 2.13 0.0 HG13 94 
   1800 1.71 0.0 HG2 159 
   647 1.83 0.0 HB2 64 
   779 8.54 0.0 H 75 
   1031 0.7 0.0 HG23 94 
   1633 58.4 0.0 CA 145 
   654 0.91 0.0 HD22 64 
   1873 34.1 0.0 CB 164 
   972 122.9 0.0 N 89 
   1356 24.8 0.0 CG1 123 
   1772 0.27 0.0 HB2 157 
   913 1.18 0.0 HG3 85 
   50 1.9 0.0 HB3 16 
   716 4.53 0.0 HA2 70 
   1243 8.33 0.0 H 113 
   373 42.2 0.0 CE 41 
   1752 1.43 0.0 HB3 155 
   315 22.1 0.0 CG2 37 
   1093 128.0 0.0 N 98 
   323 6.95 0.0 HE21 38 
   1101 62.8 0.0 CA 99 
   1899 1.86 0.0 HB 167 
   1094 3.55 0.0 HA 99 
   1271 1.43 0.0 HB1 115 
   345 1.42 0.0 HB3 40 
   1704 1.84 0.0 HG2 152 
   478 8.25 0.0 H 50 
   753 55.4 0.0 CA 73 
   1354 61.9 0.0 CA 123 
   616 2.1 0.0 HB2 62 
   182 3.96 0.0 HB 26 
   1206 2.17 0.0 HB2 109 
   869 2.25 0.0 HB2 82 
   1817 1.16 0.0 HB2 161 
   243 119.3 0.0 N 32 
   1068 118.2 0.0 N 96 
   738 56.1 0.0 CA 72 
   36 1.87 0.0 HB2 15 
   1805 30.6 0.0 CB 159 
   144 18.2 0.0 CG1 23 
   1437 2.99 0.0 HE2 130 
   1514 4.26 0.0 HA 136 
   1442 29.4 0.0 CD 130 
   571 7.96 0.0 H 58 
   192 2.32 0.0 HB2 27 
   1813 41.7 0.0 CB 160 
   810 3.29 0.0 HB3 78 
   798 42.2 0.0 CE 76 
   800 9.17 0.0 H 77 
   1653 1.22 0.0 HB3 147 
   551 41.8 0.0 CE 55 
   1710 28.3 0.0 CG 152 
   1521 116.3 0.0 N 136 
   591 2.96 0.0 HB3 60 
   1102 33.2 0.0 CB 99 
   1215 4.34 0.0 HA 110 
   554 4.54 0.0 HA 56 
   1261 4.2 0.0 HB 114 
   1699 49.3 0.0 CA 151 
   692 1.89 0.0 HB3 68 
   1465 1.04 0.0 HD22 132 
   1006 6.63 0.0 HE1 92 
   1217 1.6 0.0 HB3 110 
   324 8.08 0.0 HE22 38 
   534 36.9 0.0 CB 54 
   261 2.42 0.0 HG2 34 
   142 61.6 0.0 CA 23 
   521 7.98 0.0 HD21 53 
   862 7.19 0.0 HD2 81 
   1941 1.38 0.0 HG3 170 
   372 29.5 0.0 CD 41 
   635 1.6 0.0 HG2 63 
   1232 4.44 0.0 HA 111 
   608 122.4 0.0 CE3 61 
   1470 23.5 0.0 CD1 132 
   17 4.21 0.0 HA 13 
   298 114.2 0.0 CZ2 36 
   1353 -0.19 0.0 HD13 123 
   440 0.98 0.0 HD22 47 
   1052 8.69 0.0 H 96 
   1853 2.49 0.0 HG2 163 
   1407 57.1 0.0 CA 128 
   1628 -0.05 0.0 HD12 145 
   1421 62.4 0.0 CA 129 
   676 55.8 0.0 CA 66 
   491 118.8 0.0 CE2 50 
   402 6.81 0.0 HE2 44 
   843 1.63 0.0 HB 80 
   120 13.1 0.0 CD1 21 
   709 2.34 0.0 HG2 69 
   1816 3.88 0.0 HA 161 
   366 1.74 0.0 HD3 41 
   1067 13.2 0.0 CD1 96 
   1316 120.9 0.0 N 119 
   980 1.02 0.0 HG23 90 
   642 26.9 0.0 CG 63 
   1740 1.14 0.0 HD22 154 
   956 7.18 0.0 HE2 88 
   312 66.4 0.0 CA 37 
   831 6.96 0.0 HD2 79 
   1539 1.47 0.0 HB3 138 
   1476 3.07 0.0 HB3 133 
   1783 0.82 0.0 HG12 158 
   379 2.4 0.0 HG2 42 
   263 59.6 0.0 CA 34 
   1074 1.17 0.0 HG23 97 
   854 27.8 0.0 CG1 80 
   535 122.2 0.0 N 54 
   1156 1.26 0.0 HB 105 
   227 2.02 0.0 HB3 31 
   1179 8.02 0.0 H 107 
   1469 27.0 0.0 CG 132 
   1218 1.35 0.0 HG 110 
   908 8.45 0.0 H 85 
   1210 58.3 0.0 CA 109 
   1395 4.38 0.0 HA 127 
   1391 69.5 0.0 CB 126 
   1976 41.8 0.0 CE 172 
   648 1.86 0.0 HB3 64 
   850 0.82 0.0 HD12 80 
   905 22.3 0.0 CD1 84 
   1644 2.21 0.0 HG3 146 
   1379 41.7 0.0 CB 125 
   1871 2.92 0.0 HE3 164 
   1723 29.6 0.0 CB 153 
   1415 3.22 0.0 HB3 129 
   2 2.76 0.0 HB2 11 
   237 8.17 0.0 H 32 
   1245 1.76 0.0 HB2 113 
   1756 6.91 0.0 H 156 
   679 8.15 0.0 H 67 
   1901 1.3 0.0 HG13 167 
   952 3.07 0.0 HB3 88 
   317 7.16 0.0 H 38 
   212 107.0 0.0 N 29 
   486 58.8 0.0 CA 50 
   1159 0.67 0.0 HG21 105 
   21 54.2 0.0 CA 13 
   1684 0.87 0.0 HD11 150 
   460 37.8 0.0 CB 48 
   1975 29.1 0.0 CD 172 
   1588 0.74 0.0 HB2 142 
   937 117.5 0.0 CE2 86 
   181 3.89 0.0 HA 26 
   1584 44.0 0.0 CA 141 
   1401 7.93 0.0 H 128 
   1290 18.0 0.0 CE 117 
   1444 118.4 0.0 N 130 
   543 1.6 0.0 HD2 55 
   618 5.47 0.0 HD1 62 
   522 6.74 0.0 HD22 53 
   599 7.87 0.0 HD1 61 
   1837 0.81 0.0 HG21 162 
   1280 2.0 0.0 HB3 116 
   1697 3.12 0.0 HA2 151 
   58 43.2 0.0 CD 16 
   1946 56.7 0.0 CA 170 
   334 1.47 0.0 HG2 39 
   938 129.3 0.0 N 86 
   1240 3.79 0.0 HA3 112 
   369 60.1 0.0 CA 41 
   273 0.91 0.0 HD12 35 
   1867 1.66 0.0 HG3 164 
   1130 49.7 0.0 CA 102 
   1325 45.6 0.0 CA 121 
   955 7.18 0.0 HE1 88 
   1960 36.0 0.0 CG 171 
   1288 1.89 0.0 HE3 117 
   963 129.6 0.0 CE2 88 
   1300 132.5 0.0 CD1 118 
   999 117.4 0.0 N 91 
   430 114.9 0.0 N 46 
   981 0.71 0.0 HD11 90 
   69 64.5 0.0 CA 17 
   890 108.0 0.0 N 83 
   436 0.93 0.0 HD11 47 
   1672 22.7 0.0 CD2 148 
   655 0.91 0.0 HD23 64 
   219 3.47 0.0 HD3 30 
   1606 1.04 0.0 HB2 143 
   1445 4.38 0.0 HA 131 
   1382 22.6 0.0 CD2 125 
   840 121.1 0.0 N 79 
   129 63.3 0.0 CA 22 
   398 3.25 0.0 HB3 44 
   1189 31.4 0.0 CB 107 
   1983 27.8 0.0 CB 173 
   1297 6.74 0.0 HE2 118 
   1212 36.8 0.0 CG 109 
   967 5.42 0.0 HA 89 
   662 8.9 0.0 H 65 
   1558 57.9 0.0 CA 139 
   718 46.2 0.0 CA 70 
   326 28.0 0.0 CB 38 
   1519 53.4 0.0 CA 136 
   163 126.3 0.0 N 24 
   1547 48.1 0.0 CD 138 
   1412 7.96 0.0 H 129 
   128 4.08 0.0 HD3 22 
   12 58.2 0.0 CA 12 
   1866 1.45 0.0 HG2 164 
   1244 4.41 0.0 HA 113 
   1048 62.1 0.0 CA 95 
   1366 121.7 0.0 N 124 
   1557 2.91 0.0 HE3 139 
   1691 42.2 0.0 CB 150 
   1751 1.43 0.0 HB2 155 
   1878 7.93 0.0 H 165 
   149 1.51 0.0 HB2 24 
   1231 7.36 0.0 H 111 
   1963 4.4 0.0 HA 172 
   900 0.64 0.0 HD22 84 
   1532 60.5 0.0 CA 137 
   253 28.7 0.0 CB 33 
   1667 0.92 0.0 HD23 148 
   664 1.55 0.0 HB2 65 
   1985 8.55 0.0 H 174 
   432 4.23 0.0 HA 47 
   130 31.8 0.0 CB 22 
   1754 18.2 0.0 CB 155 
   359 7.57 0.0 H 41 
   343 3.56 0.0 HA 40 
   1707 3.6 0.0 HD3 152 
   131 27.7 0.0 CG 22 
   1768 21.8 0.0 CG2 156 
   1616 7.71 0.0 HE1 144 
   1909 40.7 0.0 CB 167 
   419 28.3 0.0 CB 45 
   161 27.0 0.0 CD1 24 
   109 1.61 0.0 HG13 21 
   804 55.2 0.0 CA 77 
   28 1.24 0.0 HG22 14 
   469 1.74 0.0 HG2 49 
   953 7.16 0.0 HD1 88 
   741 43.1 0.0 CD 72 
   306 0.99 0.0 HG11 37 
   1523 6.64 0.0 H 137 
   1368 4.45 0.0 HA 125 
   945 54.3 0.0 CA 87 
   1262 1.17 0.0 HG21 114 
   1747 118.8 0.0 N 154 
   1371 1.35 0.0 HG 125 
   1721 6.62 0.0 HH2 153 
   1995 8.36 0.0 H 175 
   1771 3.85 0.0 HA 157 
   587 110.7 0.0 ND2 59 
   1037 26.8 0.0 CG1 94 
   1632 0.45 0.0 HD23 145 
   265 36.3 0.0 CG 34 
   1891 1.0 0.0 HG23 166 
   283 119.1 0.0 N 35 
   1041 4.62 0.0 HA 95 
   275 1.01 0.0 HD21 35 
   1569 6.2 0.0 HD2 140 
   1516 1.28 0.0 HB3 136 
   511 2.31 0.0 HG2 52 
   1044 1.84 0.0 HG2 95 
   1365 27.0 0.0 CB 124 
   409 118.4 0.0 N 44 
   183 1.25 0.0 HG21 26 
   644 118.8 0.0 N 63 
   1452 65.5 0.0 CA 131 
   68 1.1 0.0 HG23 17 
   90 3.98 0.0 HB2 19 
   1276 128.2 0.0 N 115 
   1622 8.62 0.0 H 145 
   1949 29.2 0.0 CD 170 
   489 131.7 0.0 CD2 50 
   475 26.1 0.0 CG 49 
   240 3.09 0.0 HB3 32 
   1310 3.21 0.0 HD2 119 
   1849 8.1 0.0 H 163 
   1914 8.64 0.0 H 168 
   1964 1.72 0.0 HB2 172 
   888 25.2 0.0 CD1 83 
   1305 4.25 0.0 HA 119 
   1369 1.43 0.0 HB2 125 
   1115 7.25 0.0 H 101 
   1892 63.3 0.0 CA 166 
   970 54.7 0.0 CA 89 
   107 1.29 0.0 HB 21 
   1749 3.86 0.0 HA 155 
   693 1.46 0.0 HG2 68 
   1489 123.1 0.0 CH2 133 
   728 23.0 0.0 CG2 71 
   660 24.2 0.0 CD2 64 
   1886 1.0 0.0 HG11 166 
   41 3.21 0.0 HD3 15 
   121 122.5 0.0 N 21 
   817 56.7 0.0 CA 78 
   1544 64.6 0.0 CA 138 
   1660 2.08 0.0 HB3 148 
   690 3.96 0.0 HA 68 
   357 24.3 0.0 CD2 40 
   520 3.26 0.0 HB3 53 
   792 2.95 0.0 HE2 76 
   720 8.33 0.0 H 71 
   434 2.21 0.0 HB3 47 
   504 23.6 0.0 CG1 51 
   395 8.83 0.0 H 44 
   1984 120.4 0.0 N 173 
   998 35.4 0.0 CG 91 
   476 42.2 0.0 CD 49 
   289 9.86 0.0 HE1 36 
   1971 2.95 0.0 HE3 172 
   885 57.1 0.0 CA 83 
   1418 6.99 0.0 HE1 129 
   1577 129.7 0.0 CE1 140 
   1681 1.36 0.0 HB2 150 
   1090 133.8 0.0 CD2 98 
   1480 7.26 0.0 HZ2 133 
   920 25.6 0.0 CG 85 
   225 4.34 0.0 HA 31 
   827 4.84 0.0 HA 79 
   341 121.0 0.0 N 39 
   1047 3.51 0.0 HD3 95 
   1603 9.24 0.0 H 143 
   901 0.64 0.0 HD23 84 
   1071 4.67 0.0 HB 97 
   1954 1.93 0.0 HB2 171 
   104 119.8 0.0 N 20 
   1209 2.43 0.0 HG3 109 
   605 56.9 0.0 CA 61 
   1393 111.5 0.0 N 126 
   1256 29.1 0.0 CD 113 
   855 17.1 0.0 CG2 80 
   393 34.7 0.0 CG 43 
   788 1.43 0.0 HG2 76 
   1638 121.2 0.0 N 145 
   646 5.07 0.0 HA 64 
   749 7.03 0.0 HE3 73 
   1341 41.8 0.0 CE 122 
   1457 3.95 0.0 HA 132 
   586 116.4 0.0 N 59 
   1257 42.5 0.0 CE 113 
   682 3.59 0.0 HB3 67 
   1916 1.92 0.0 HB2 168 
   1205 4.3 0.0 HA 109 
   867 9.03 0.0 H 82 
   1978 8.4 0.0 H 173 
   301 121.6 0.0 N 36 
   216 1.05 0.0 HG2 30 
   1494 1.5 0.0 HB1 134 
   821 114.1 0.0 CZ2 78 
   24 7.95 0.0 H 14 
   73 119.6 0.0 N 17 
   1748 7.31 0.0 H 155 
   1076 67.7 0.0 CB 97 
   1174 1.34 0.0 HB2 106 
   794 53.9 0.0 CA 76 
   1700 105.7 0.0 N 151 
   947 37.4 0.0 CG 87 
   1568 6.2 0.0 HD1 140 
   1097 1.5 0.0 HG2 99 
   375 7.68 0.0 H 42 
   248 1.72 0.0 HG2 33 
   948 122.6 0.0 N 87 
   1714 3.23 0.0 HB2 153 
   274 0.91 0.0 HD13 35 
   117 39.1 0.0 CB 21 
   1863 4.19 0.0 HA 164 
   567 1.5 0.0 HB3 57 
   1996 4.26 0.0 HA 175 
   924 9.53 0.0 H 86 
   458 0.92 0.0 HD13 48 
   1303 117.4 0.0 CE2 118 
   280 27.0 0.0 CG 35 
   249 1.85 0.0 HG3 33 
   889 22.5 0.0 CD2 83 
   260 2.16 0.0 HB3 34 
   610 120.2 0.0 CZ3 61 
   1652 1.22 0.0 HB2 147 
   371 25.0 0.0 CG 41 
   1955 2.09 0.0 HB3 171 
   1548 8.76 0.0 H 139 
   793 2.95 0.0 HE3 76 
   242 40.8 0.0 CB 32 
   1856 6.84 0.0 HE22 163 
   162 25.5 0.0 CD2 24 
   1818 1.9 0.0 HB3 161 
   957 7.05 0.0 HZ 88 
   455 0.97 0.0 HG23 48 
   1600 23.0 0.0 CD1 142 
   1814 115.9 0.0 N 160 
   583 7.7 0.0 HD22 59 
   1703 2.44 0.0 HB3 152 
   338 58.1 0.0 CA 39 
   279 42.7 0.0 CB 35 
   1235 56.4 0.0 CA 111 
   431 8.42 0.0 H 47 
   1698 3.72 0.0 HA3 151 
   1776 57.3 0.0 CA 157 
   730 7.61 0.0 H 72 
   631 8.75 0.0 H 63 
   1556 2.87 0.0 HE2 139 
   1563 122.6 0.0 N 139 
   1670 27.0 0.0 CG 148 
   902 53.6 0.0 CA 84 
   214 1.05 0.0 HB2 30 
   1007 6.63 0.0 HE2 92 
   563 7.52 0.0 H 57 
   1263 1.17 0.0 HG22 114 
   1619 115.6 0.0 CD2 144 
   258 4.24 0.0 HA 34 
   548 32.2 0.0 CB 55 
   1926 112.3 0.0 NE2 168 
   1612 3.57 0.0 HA 144 
   1913 112.3 0.0 N 167 
   1788 0.18 0.0 HD11 158 
   1343 7.91 0.0 H 123 
   877 2.1 0.0 HB3 83 
   1314 27.1 0.0 CG 119 
   1687 1.16 0.0 HD21 150 
   1181 1.96 0.0 HB 107 
   1398 56.8 0.0 CA 127 
   42 58.2 0.0 CA 15 
   656 54.3 0.0 CA 64 
   1111 67.1 0.0 CA 100 
   300 122.2 0.0 CH2 36 
   849 0.82 0.0 HD11 80 
   1782 1.56 0.0 HB 158 
   1198 3.48 0.0 HD2 108 
   1874 26.3 0.0 CG 164 
   1857 58.8 0.0 CA 163 
   35 4.1 0.0 HA 15 
   1063 64.5 0.0 CA 96 
   1124 114.3 0.0 N 101 
   244 8.58 0.0 H 33 
   1091 118.2 0.0 CE1 98 
   286 3.29 0.0 HB2 36 
   1579 130.1 0.0 CZ 140 
   1565 4.03 0.0 HA 140 
   742 123.7 0.0 N 72 
   641 33.8 0.0 CB 63 
   1715 3.56 0.0 HB3 153 
   532 7.24 0.0 HD22 54 
   8 2.03 0.0 HB2 12 
   459 65.0 0.0 CA 48 
   689 8.83 0.0 H 68 
   1773 0.96 0.0 HB3 157 
   675 2.44 0.0 HB3 66 
   1284 2.3 0.0 HG2 117 
   1655 20.6 0.0 CB 147 
   1990 6.91 0.0 HD22 174 
   1555 1.62 0.0 HD3 139 
   645 8.7 0.0 H 64 
   75 3.81 0.0 HA 18 
   1552 1.26 0.0 HG2 139 
   77 0.94 0.0 HG11 18 
   204 1.47 0.0 HB3 28 
   1795 8.6 0.0 CD1 158 
   1678 107.1 0.0 N 149 
   1184 0.58 0.0 HG13 107 
   1635 26.4 0.0 CG 145 
   1358 13.5 0.0 CD1 123 
   123 1.93 0.0 HB2 22 
   1248 1.36 0.0 HG3 113 
   1881 45.6 0.0 CA 165 
   215 1.42 0.0 HB3 30 
   1342 118.4 0.0 N 122 
   638 3.25 0.0 HD3 63 
   1324 3.93 0.0 HA3 121 
   1797 3.52 0.0 HA 159 
   203 1.47 0.0 HB2 28 
   226 1.82 0.0 HB2 31 
   159 41.3 0.0 CB 24 
   604 7.04 0.0 HH2 61 
   1903 0.95 0.0 HG22 167 
   576 39.1 0.0 CB 58 
   1150 54.1 0.0 CA 104 
   466 4.23 0.0 HA 49 
   1657 8.89 0.0 H 148 
   1701 4.25 0.0 HA 152 
   630 115.3 0.0 N 62 
   100 2.4 0.0 HG3 20 
   74 8.12 0.0 H 18 
   1542 3.23 0.0 HD2 138 
   1925 121.6 0.0 N 168 
   1168 17.5 0.0 CG2 105 
   389 2.14 0.0 HG2 43 
   1122 69.9 0.0 CB 101 
   1042 1.84 0.0 HB2 95 
   1241 45.8 0.0 CA 112 
   492 119.9 0.0 N 50 
   1522 116.8 0.0 ND2 136 
   217 1.44 0.0 HG3 30 
   552 122.1 0.0 N 55 
   25 4.07 0.0 HA 14 
   628 133.7 0.0 CE2 62 
   287 3.79 0.0 HB3 36 
   1317 8.98 0.0 H 120 
   910 1.51 0.0 HB2 85 
   852 59.6 0.0 CA 80 
   1989 7.61 0.0 HD21 174 
   2002 6.84 0.0 HE22 175 
   870 2.87 0.0 HB3 82 
   26 4.2 0.0 HB 14 
   848 0.64 0.0 HG23 80 
   94 116.9 0.0 N 19 
   500 0.8 0.0 HG22 51 
   582 6.69 0.0 HD21 59 
   91 3.98 0.0 HB3 19 
   1070 4.43 0.0 HA 97 
   518 4.48 0.0 HA 53 
   1924 33.7 0.0 CG 168 
   1286 1.89 0.0 HE1 117 
   1997 1.94 0.0 HB2 175 
   1234 2.72 0.0 HB3 111 
   964 128.3 0.0 CZ 88 
   1948 24.8 0.0 CG 170 
