   242 40.8 0.0 CB 32 
   706 4.19 0.0 HA 69 
   1001 4.95 0.0 HA 92 
   1506 3.11 0.0 HD2 135 
   785 5.61 0.0 HA 76 
   1548 8.76 0.0 H 139 
   347 0.84 0.0 HD11 40 
   290 7.31 0.0 HE3 36 
   800 9.17 0.0 H 77 
   157 1.18 0.0 HD23 24 
   1071 4.67 0.0 HB 97 
   1572 6.2 0.0 HZ 140 
   1260 4.63 0.0 HA 114 
   1064 37.7 0.0 CB 96 
   1017 8.57 0.0 H 93 
   1744 26.8 0.0 CG 154 
   907 121.8 0.0 N 84 
   1155 3.79 0.0 HA 105 
   43 30.1 0.0 CB 15 
   209 3.95 0.0 HA2 29 
   741 43.1 0.0 CD 72 
   888 25.2 0.0 CD1 83 
   1131 15.4 0.0 CB 102 
   349 0.84 0.0 HD13 40 
   1008 6.45 0.0 HZ 92 
   1736 0.88 0.0 HD11 154 
   616 2.1 0.0 HB2 62 
   746 2.21 0.0 HB3 73 
   1261 4.2 0.0 HB 114 
   1126 3.87 0.0 HA 102 
   501 0.8 0.0 HG23 51 
   1284 2.3 0.0 HG2 117 
   1274 52.6 0.0 CA 115 
   1676 3.16 0.0 HA3 149 
   1835 0.32 0.0 HG12 162 
   1792 30.6 0.0 CB 158 
   1345 0.37 0.0 HB 123 
   556 2.93 0.0 HB3 56 
   1583 4.14 0.0 HA3 141 
   1870 2.92 0.0 HE2 164 
   1495 1.5 0.0 HB2 134 
   37 1.87 0.0 HB3 15 
   69 64.5 0.0 CA 17 
   273 0.91 0.0 HD12 35 
   1913 112.3 0.0 N 167 
   133 8.04 0.0 H 23 
   1947 33.5 0.0 CB 170 
   172 2.92 0.0 HE2 25 
   1908 59.4 0.0 CA 167 
   1550 1.74 0.0 HB2 139 
   124 2.46 0.0 HB3 22 
   1745 23.0 0.0 CD1 154 
   1605 1.04 0.0 HB1 143 
   1891 1.0 0.0 HG23 166 
   723 1.1 0.0 HG21 71 
   1483 61.0 0.0 CA 133 
   1137 1.47 0.0 HG3 103 
   1086 7.33 0.0 HE2 98 
   1816 3.88 0.0 HA 161 
   580 2.37 0.0 HB2 59 
   586 116.4 0.0 N 59 
   8 2.03 0.0 HB2 12 
   320 2.23 0.0 HB3 38 
   1393 111.5 0.0 N 126 
   9 2.03 0.0 HB3 12 
   1324 3.93 0.0 HA3 121 
   1595 0.37 0.0 HD22 142 
   1140 61.6 0.0 CA 103 
   732 1.63 0.0 HB2 72 
   231 3.17 0.0 HD3 31 
   313 31.3 0.0 CB 37 
   1504 1.59 0.0 HG2 135 
   1827 41.4 0.0 CB 161 
   801 5.55 0.0 HA 77 
   648 1.86 0.0 HB3 64 
   1348 -0.36 0.0 HG21 123 
   1177 21.6 0.0 CB 106 
   1790 0.18 0.0 HD13 158 
   1039 8.7 0.0 CD1 94 
   582 6.69 0.0 HD21 59 
   1054 1.9 0.0 HB 96 
   2003 56.0 0.0 CA 175 
   1193 4.13 0.0 HA 108 
   1621 115.4 0.0 N 144 
   1597 57.5 0.0 CA 142 
   436 0.93 0.0 HD11 47 
   261 2.42 0.0 HG2 34 
   458 0.92 0.0 HD13 48 
   1216 1.6 0.0 HB2 110 
   1706 3.08 0.0 HD2 152 
   1958 55.9 0.0 CA 171 
   1515 0.92 0.0 HB2 136 
   1320 45.5 0.0 CA 120 
   655 0.91 0.0 HD23 64 
   771 54.9 0.0 CA 74 
   288 7.34 0.0 HD1 36 
   20 1.47 0.0 HB3 13 
   758 120.1 0.0 CZ3 73 
   499 0.8 0.0 HG21 51 
   1310 3.21 0.0 HD2 119 
   1562 41.9 0.0 CE 139 
   1769 113.1 0.0 N 156 
   17 4.21 0.0 HA 13 
   1697 3.12 0.0 HA2 151 
   1415 3.22 0.0 HB3 129 
   1876 41.8 0.0 CE 164 
   736 3.09 0.0 HD2 72 
   799 121.3 0.0 N 76 
   1230 116.5 0.0 N 110 
   130 31.8 0.0 CB 22 
   535 122.2 0.0 N 54 
   664 1.55 0.0 HB2 65 
   11 2.32 0.0 HG3 12 
   1123 21.0 0.0 CG2 101 
   1859 33.7 0.0 CG 163 
   1591 -0.51 0.0 HD11 142 
   45 43.1 0.0 CD 15 
   1468 41.9 0.0 CB 132 
   981 0.71 0.0 HD11 90 
   553 8.2 0.0 H 56 
   332 1.78 0.0 HB2 39 
   264 28.8 0.0 CB 34 
   631 8.75 0.0 H 63 
   282 25.2 0.0 CD2 35 
   1146 1.71 0.0 HB2 104 
   933 39.5 0.0 CB 86 
   470 1.93 0.0 HG3 49 
   98 2.19 0.0 HB3 20 
   454 0.97 0.0 HG22 48 
   816 6.84 0.0 HH2 78 
   866 126.2 0.0 N 81 
   404 37.9 0.0 CB 44 
   1187 0.93 0.0 HG23 107 
   1453 30.7 0.0 CB 131 
   1800 1.71 0.0 HG2 159 
   60 7.9 0.0 H 17 
   806 114.4 0.0 N 77 
   456 0.92 0.0 HD11 48 
   761 127.0 0.0 NE1 73 
   735 1.63 0.0 HG3 72 
   184 1.25 0.0 HG22 26 
   861 3.25 0.0 HB3 81 
   324 8.08 0.0 HE22 38 
   654 0.91 0.0 HD22 64 
   1117 3.67 0.0 HB 101 
   986 25.7 0.0 CG1 90 
   326 28.0 0.0 CB 38 
   1514 4.26 0.0 HA 136 
   1443 41.8 0.0 CE 130 
   260 2.16 0.0 HB3 34 
   1999 2.31 0.0 HG2 175 
   1829 26.1 0.0 CD1 161 
   1702 1.82 0.0 HB2 152 
   555 2.93 0.0 HB2 56 
   343 3.56 0.0 HA 40 
   675 2.44 0.0 HB3 66 
   858 9.14 0.0 H 81 
   681 3.07 0.0 HB2 67 
   1991 53.2 0.0 CA 174 
   316 116.1 0.0 N 37 
   195 7.45 0.0 HD22 27 
   1866 1.45 0.0 HG2 164 
   1138 2.95 0.0 HD2 103 
   884 0.77 0.0 HD23 83 
   1427 129.2 0.0 CZ 129 
   1713 4.06 0.0 HA 153 
   600 9.85 0.0 HE1 61 
   596 4.27 0.0 HA 61 
   747 6.4 0.0 HD1 73 
   1379 41.7 0.0 CB 125 
   53 3.21 0.0 HD2 16 
   940 5.28 0.0 HA 87 
   1349 -0.36 0.0 HG22 123 
   1694 27.2 0.0 CD2 150 
   1685 0.87 0.0 HD12 150 
   383 35.5 0.0 CG 42 
   762 8.53 0.0 H 74 
   1743 42.6 0.0 CB 154 
   1852 2.24 0.0 HB3 163 
   1357 17.0 0.0 CG2 123 
   974 5.66 0.0 HA 90 
   1748 7.31 0.0 H 155 
   544 1.6 0.0 HD3 55 
   713 37.3 0.0 CG 69 
   505 21.0 0.0 CG2 51 
   538 3.93 0.0 HA 55 
   1449 2.12 0.0 HG3 131 
   1987 2.77 0.0 HB2 174 
   1679 7.83 0.0 H 150 
   1047 3.51 0.0 HD3 95 
   774 131.7 0.0 CD2 74 
   1651 1.22 0.0 HB1 147 
   1580 113.4 0.0 N 140 
   1796 115.7 0.0 N 158 
   1513 7.18 0.0 H 136 
   131 27.7 0.0 CG 22 
   843 1.63 0.0 HB 80 
   702 28.9 0.0 CD 68 
   1391 69.5 0.0 CB 126 
   1377 0.33 0.0 HD23 125 
   1335 2.91 0.0 HE2 122 
   576 39.1 0.0 CB 58 
   1695 125.1 0.0 N 150 
   1179 8.02 0.0 H 107 
   1045 1.91 0.0 HG3 95 
   1231 7.36 0.0 H 111 
   1007 6.63 0.0 HE2 92 
   299 120.3 0.0 CZ3 36 
   1762 0.93 0.0 HG21 156 
   1907 0.85 0.0 HD13 167 
   595 7.49 0.0 H 61 
   1218 1.35 0.0 HG 110 
   975 1.75 0.0 HB 90 
   778 117.0 0.0 N 74 
   1329 1.25 0.0 HB2 122 
   1901 1.3 0.0 HG13 167 
   1052 8.69 0.0 H 96 
   319 2.23 0.0 HB2 38 
   19 1.47 0.0 HB2 13 
   203 1.47 0.0 HB2 28 
   823 123.5 0.0 CH2 78 
   755 123.5 0.0 CD1 73 
   1543 3.45 0.0 HD3 138 
   955 7.18 0.0 HE1 88 
   1511 43.4 0.0 CD 135 
   1785 0.42 0.0 HG21 158 
   35 4.1 0.0 HA 15 
   1319 3.69 0.0 HA3 120 
   32 22.0 0.0 CG2 14 
   808 6.21 0.0 HA 78 
   1607 1.04 0.0 HB3 143 
   1109 1.25 0.0 HG22 100 
   1199 3.77 0.0 HD3 108 
   1877 115.9 0.0 N 164 
   1431 1.96 0.0 HB2 130 
   1940 1.38 0.0 HG2 170 
   1943 1.6 0.0 HD3 170 
   1212 36.8 0.0 CG 109 
   152 1.0 0.0 HD11 24 
   707 2.1 0.0 HB2 69 
   1900 0.81 0.0 HG12 167 
   1370 1.68 0.0 HB3 125 
   1488 123.0 0.0 CZ3 133 
   4 54.1 0.0 CA 11 
   1874 26.3 0.0 CG 164 
   583 7.7 0.0 HD22 59 
   1586 10.28 0.0 H 142 
   1806 28.7 0.0 CG 159 
   1128 0.01 0.0 HB2 102 
   532 7.24 0.0 HD22 54 
   1060 0.87 0.0 HD11 96 
   1371 1.35 0.0 HG 125 
   116 59.2 0.0 CA 21 
   1516 1.28 0.0 HB3 136 
   1316 120.9 0.0 N 119 
   1642 2.46 0.0 HB3 146 
   446 23.9 0.0 CD2 47 
   1512 113.5 0.0 N 135 
   2001 7.5 0.0 HE21 175 
   1323 3.93 0.0 HA2 121 
   1906 0.85 0.0 HD12 167 
   868 4.02 0.0 HA 82 
   1884 4.04 0.0 HA 166 
   593 40.5 0.0 CB 60 
   1656 120.5 0.0 N 147 
   127 3.72 0.0 HD2 22 
   61 3.95 0.0 HA 17 
   1401 7.93 0.0 H 128 
   1418 6.99 0.0 HE1 129 
   657 48.2 0.0 CB 64 
   403 62.3 0.0 CA 44 
   694 1.46 0.0 HG3 68 
   1389 1.41 0.0 HG23 126 
   1951 123.6 0.0 N 170 
   268 4.34 0.0 HA 35 
   647 1.83 0.0 HB2 64 
   1910 25.3 0.0 CG1 167 
   1575 127.3 0.0 CD1 140 
   1798 1.66 0.0 HB2 159 
   590 2.19 0.0 HB2 60 
   92 60.1 0.0 CA 19 
   1735 2.08 0.0 HG 154 
   584 51.8 0.0 CA 59 
   588 8.49 0.0 H 60 
   1687 1.16 0.0 HD21 150 
   400 7.33 0.0 HD2 44 
   2005 33.7 0.0 CG 175 
   860 2.85 0.0 HB2 81 
   1262 1.17 0.0 HG21 114 
   873 131.6 0.0 N 82 
   1029 0.7 0.0 HG21 94 
   263 59.6 0.0 CA 34 
   1477 6.93 0.0 HD1 133 
   1536 122.5 0.0 N 137 
   379 2.4 0.0 HG2 42 
   570 121.1 0.0 N 57 
   924 9.53 0.0 H 86 
   1003 3.68 0.0 HB3 92 
   1826 57.4 0.0 CA 161 
   1963 4.4 0.0 HA 172 
   795 38.2 0.0 CB 76 
   724 1.1 0.0 HG22 71 
   945 54.3 0.0 CA 87 
   1225 53.9 0.0 CA 110 
   1630 0.45 0.0 HD21 145 
   1021 52.0 0.0 CA 93 
   1971 2.95 0.0 HE3 172 
   1175 1.34 0.0 HB3 106 
   342 8.86 0.0 H 40 
   572 4.38 0.0 HA 58 
   1542 3.23 0.0 HD2 138 
   864 34.3 0.0 CB 81 
   1293 3.08 0.0 HB3 118 
   1222 0.68 0.0 HD21 110 
   1808 6.55 0.0 H 160 
   1406 8.19 0.0 HE1 128 
   859 4.82 0.0 HA 81 
   632 4.37 0.0 HA 63 
   269 1.46 0.0 HB2 35 
   780 4.93 0.0 HA2 75 
   560 38.1 0.0 CB 56 
   210 4.82 0.0 HA3 29 
   1006 6.63 0.0 HE1 92 
   241 55.0 0.0 CA 32 
   1197 2.12 0.0 HG3 108 
   1266 68.6 0.0 CB 114 
   1209 2.43 0.0 HG3 109 
   325 58.3 0.0 CA 38 
   478 8.25 0.0 H 50 
   1823 0.73 0.0 HD21 161 
   1979 4.42 0.0 HA 173 
   1795 8.6 0.0 CD1 158 
   1144 8.6 0.0 H 104 
   883 0.77 0.0 HD22 83 
   1467 57.9 0.0 CA 132 
   1030 0.7 0.0 HG22 94 
   790 1.55 0.0 HD2 76 
   1419 6.99 0.0 HE2 129 
   719 107.1 0.0 N 70 
   803 3.39 0.0 HB3 77 
   539 1.91 0.0 HB2 55 
   1100 3.8 0.0 HD3 99 
   1996 4.26 0.0 HA 175 
   599 7.87 0.0 HD1 61 
   497 0.78 0.0 HG12 51 
   274 0.91 0.0 HD13 35 
   1446 1.83 0.0 HB2 131 
   1912 14.6 0.0 CD1 167 
   94 116.9 0.0 N 19 
   928 7.33 0.0 HD1 86 
   439 0.98 0.0 HD21 47 
   1807 49.4 0.0 CD 159 
   82 1.01 0.0 HG23 18 
   872 39.0 0.0 CB 82 
   1451 3.77 0.0 HD3 131 
   841 8.07 0.0 H 80 
   1 4.65 0.0 HA 11 
   851 0.82 0.0 HD13 80 
   185 1.25 0.0 HG23 26 
   996 55.2 0.0 CA 91 
   85 21.7 0.0 CG1 18 
   494 3.25 0.0 HA 51 
   846 0.64 0.0 HG21 80 
   1832 8.16 0.0 H 162 
   490 118.8 0.0 CE1 50 
   97 1.96 0.0 HB2 20 
   502 67.2 0.0 CA 51 
   1872 56.9 0.0 CA 164 
   464 118.5 0.0 N 48 
   289 9.86 0.0 HE1 36 
   1802 3.0 0.0 HD2 159 
   1499 117.9 0.0 N 134 
   1969 1.65 0.0 HD3 172 
   1869 1.59 0.0 HD3 164 
   1894 21.8 0.0 CG1 166 
   1265 58.4 0.0 CA 114 
   743 8.77 0.0 H 73 
   433 1.79 0.0 HB2 47 
   913 1.18 0.0 HG3 85 
   1868 1.5 0.0 HD2 164 
   585 39.9 0.0 CB 59 
   1622 8.62 0.0 H 145 
   1763 0.93 0.0 HG22 156 
   921 29.2 0.0 CD 85 
   309 1.13 0.0 HG21 37 
   96 4.35 0.0 HA 20 
   523 55.6 0.0 CA 53 
   372 29.5 0.0 CD 41 
   1587 3.92 0.0 HA 142 
   1972 56.3 0.0 CA 172 
   678 111.7 0.0 N 66 
   643 42.6 0.0 CD 63 
   797 29.6 0.0 CD 76 
   1722 62.3 0.0 CA 153 
   1589 1.6 0.0 HB3 142 
   78 0.94 0.0 HG12 18 
   28 1.24 0.0 HG22 14 
   742 123.7 0.0 N 72 
   692 1.89 0.0 HB3 68 
   1581 9.74 0.0 H 141 
   344 0.97 0.0 HB2 40 
   278 56.6 0.0 CA 35 
   651 0.91 0.0 HD12 64 
   219 3.47 0.0 HD3 30 
   202 1.47 0.0 HB1 28 
   303 7.5 0.0 H 37 
   378 2.71 0.0 HB3 42 
   1083 7.86 0.0 HD1 98 
   684 6.71 0.0 HD22 67 
   473 57.4 0.0 CA 49 
   729 107.9 0.0 N 71 
   1487 113.9 0.0 CZ2 133 
   1939 1.7 0.0 HB3 170 
   1974 24.7 0.0 CG 172 
   221 31.7 0.0 CB 30 
   577 116.9 0.0 N 58 
   874 8.23 0.0 H 83 
   1211 30.2 0.0 CB 109 
   162 25.5 0.0 CD2 24 
   1469 27.0 0.0 CG 132 
   2004 29.2 0.0 CB 175 
   1239 4.25 0.0 HA2 112 
   530 3.06 0.0 HB3 54 
   898 0.41 0.0 HD13 84 
   646 5.07 0.0 HA 64 
   1845 29.2 0.0 CG1 162 
   1755 115.0 0.0 N 155 
   1957 2.2 0.0 HG3 171 
   1635 26.4 0.0 CG 145 
   1680 4.08 0.0 HA 150 
   602 7.45 0.0 HZ2 61 
   1603 9.24 0.0 H 143 
   475 26.1 0.0 CG 49 
   783 107.1 0.0 N 75 
   832 6.69 0.0 HE1 79 
   988 14.6 0.0 CD1 90 
   672 7.8 0.0 H 66 
   235 43.1 0.0 CD 31 
   30 64.2 0.0 CA 14 
   176 24.6 0.0 CG 25 
   295 29.5 0.0 CB 36 
   676 55.8 0.0 CA 66 
   1145 4.26 0.0 HA 104 
   1558 57.9 0.0 CA 139 
   1024 8.43 0.0 H 94 
   879 0.82 0.0 HD11 83 
   1677 45.7 0.0 CA 149 
   1824 0.73 0.0 HD22 161 
   7 4.11 0.0 HA 12 
   716 4.53 0.0 HA2 70 
   212 107.0 0.0 N 29 
   579 5.05 0.0 HA 59 
   22 18.5 0.0 CB 13 
   1709 32.1 0.0 CB 152 
   634 1.82 0.0 HB3 63 
   1354 61.9 0.0 CA 123 
   1882 108.0 0.0 N 165 
   1392 21.7 0.0 CG2 126 
   1714 3.23 0.0 HB2 153 
   721 4.41 0.0 HA 71 
   1159 0.67 0.0 HG21 105 
   283 119.1 0.0 N 35 
   550 29.7 0.0 CD 55 
   121 122.5 0.0 N 21 
   1059 0.98 0.0 HG23 96 
   1383 126.2 0.0 N 125 
   1545 32.6 0.0 CB 138 
   1662 0.8 0.0 HD11 148 
   1535 22.9 0.0 CG2 137 
   71 21.1 0.0 CG1 17 
   997 33.5 0.0 CB 91 
   2006 120.6 0.0 N 175 
   1615 5.82 0.0 HD2 144 
   870 2.87 0.0 HB3 82 
   1215 4.34 0.0 HA 110 
   1927 8.65 0.0 H 169 
   946 34.7 0.0 CB 87 
   1247 1.3 0.0 HG2 113 
   1521 116.3 0.0 N 136 
   619 5.47 0.0 HD2 62 
   1507 3.11 0.0 HD3 135 
   284 8.01 0.0 H 36 
   1184 0.58 0.0 HG13 107 
   175 35.9 0.0 CB 25 
   1834 1.39 0.0 HB 162 
   1331 1.04 0.0 HG2 122 
   1420 6.93 0.0 HZ 129 
   1652 1.22 0.0 HB2 147 
   1983 27.8 0.0 CB 173 
   1347 0.7 0.0 HG13 123 
   186 65.4 0.0 CA 26 
   374 118.4 0.0 N 41 
   1182 0.58 0.0 HG11 107 
   354 41.3 0.0 CB 40 
   821 114.1 0.0 CZ2 78 
   1727 119.6 0.0 CZ3 153 
   677 66.8 0.0 CB 66 
   633 1.82 0.0 HB2 63 
   390 2.75 0.0 HG3 43 
   1932 57.3 0.0 CA 169 
   1684 0.87 0.0 HD11 150 
   1034 0.45 0.0 HD13 94 
   1078 103.6 0.0 N 97 
   737 3.19 0.0 HD3 72 
   150 1.88 0.0 HB3 24 
   1998 2.08 0.0 HB3 175 
   1271 1.43 0.0 HB1 115 
   1132 126.2 0.0 N 102 
   1961 119.4 0.0 N 171 
   1364 57.6 0.0 CA 124 
   899 0.64 0.0 HD21 84 
   77 0.94 0.0 HG11 18 
   1875 29.2 0.0 CD 164 
   809 3.11 0.0 HB2 78 
   474 29.4 0.0 CB 49 
   661 123.1 0.0 N 64 
   428 62.8 0.0 CA 46 
   1855 7.42 0.0 HE21 163 
   961 131.7 0.0 CD2 88 
   831 6.96 0.0 HD2 79 
   142 61.6 0.0 CA 23 
   437 0.93 0.0 HD12 47 
   514 29.2 0.0 CB 52 
   865 119.9 0.0 CD2 81 
   31 68.6 0.0 CB 14 
   1599 26.2 0.0 CG 142 
   1989 7.61 0.0 HD21 174 
   201 4.74 0.0 HA 28 
   208 8.82 0.0 H 29 
   1340 28.9 0.0 CD 122 
   1413 4.07 0.0 HA 129 
   1864 1.76 0.0 HB2 164 
   1883 7.79 0.0 H 166 
   333 2.31 0.0 HB3 39 
   29 1.24 0.0 HG23 14 
   812 10.66 0.0 HE1 78 
   506 118.9 0.0 N 51 
   1675 4.05 0.0 HA2 149 
   987 19.5 0.0 CG2 90 
   1188 58.3 0.0 CA 107 
   818 32.6 0.0 CB 78 
   1848 120.1 0.0 N 162 
   1360 7.71 0.0 H 124 
   405 131.7 0.0 CD1 44 
   226 1.82 0.0 HB2 31 
   355 26.0 0.0 CG 40 
   286 3.29 0.0 HB2 36 
   1825 0.73 0.0 HD23 161 
   1366 121.7 0.0 N 124 
   1189 31.4 0.0 CB 107 
   1888 1.0 0.0 HG13 166 
   833 6.69 0.0 HE2 79 
   525 119.5 0.0 N 53 
   1905 0.85 0.0 HD11 167 
   1252 3.12 0.0 HE3 113 
   118 27.5 0.0 CG1 21 
   255 43.1 0.0 CD 33 
   270 1.81 0.0 HB3 35 
   1228 25.1 0.0 CD1 110 
   1133 4.23 0.0 HA 103 
   1338 32.9 0.0 CB 122 
   1501 4.14 0.0 HA 135 
   934 132.9 0.0 CD1 86 
   917 2.37 0.0 HE3 85 
   1079 7.67 0.0 H 98 
   1903 0.95 0.0 HG22 167 
   196 51.1 0.0 CA 27 
   1843 65.1 0.0 CA 162 
   293 7.05 0.0 HH2 36 
   1945 2.96 0.0 HE3 170 
   145 22.0 0.0 CG2 23 
   1766 33.1 0.0 CB 156 
   1854 2.49 0.0 HG3 163 
   1139 3.85 0.0 HD3 103 
   297 122.1 0.0 CE3 36 
   547 60.5 0.0 CA 55 
   1534 20.4 0.0 CG1 137 
   848 0.64 0.0 HG23 80 
   1767 21.1 0.0 CG1 156 
   1573 51.9 0.0 CA 140 
   1403 3.23 0.0 HB2 128 
   764 3.1 0.0 HB2 74 
   1721 6.62 0.0 HH2 153 
   942 1.9 0.0 HB3 87 
   557 7.04 0.0 HD21 56 
   670 36.3 0.0 CG 65 
   1959 31.0 0.0 CB 171 
   1688 1.16 0.0 HD22 150 
   1577 129.7 0.0 CE1 140 
   1075 60.5 0.0 CA 97 
   1185 0.93 0.0 HG21 107 
   1861 111.2 0.0 NE2 163 
   1781 3.54 0.0 HA 158 
   1136 1.32 0.0 HG2 103 
   448 8.86 0.0 H 48 
   479 4.78 0.0 HA 50 
   1018 5.58 0.0 HA 93 
   901 0.64 0.0 HD23 84 
   791 1.68 0.0 HD3 76 
   1818 1.9 0.0 HB3 161 
   1005 6.51 0.0 HD2 92 
   296 127.0 0.0 CD1 36 
   393 34.7 0.0 CG 43 
   1873 34.1 0.0 CB 164 
   1294 7.0 0.0 HD1 118 
   54 3.21 0.0 HD3 16 
   190 9.34 0.0 H 27 
   1954 1.93 0.0 HB2 171 
   62 2.21 0.0 HB 17 
   161 27.0 0.0 CD1 24 
   327 33.3 0.0 CG 38 
   1938 1.7 0.0 HB2 170 
   1764 0.93 0.0 HG23 156 
   565 1.5 0.0 HB1 57 
   1046 3.51 0.0 HD2 95 
   1089 132.8 0.0 CD1 98 
   1067 13.2 0.0 CD1 96 
   1964 1.72 0.0 HB2 172 
   1112 67.9 0.0 CB 100 
   1590 1.64 0.0 HG 142 
   1921 7.47 0.0 HE22 168 
   802 2.94 0.0 HB2 77 
   1862 7.88 0.0 H 164 
   1309 1.68 0.0 HG3 119 
   108 0.36 0.0 HG12 21 
   262 2.42 0.0 HG3 34 
   892 4.47 0.0 HA 84 
   113 -0.19 0.0 HD11 21 
   1013 129.9 0.0 CE1 92 
   1554 1.56 0.0 HD2 139 
   423 8.3 0.0 H 46 
   1336 2.91 0.0 HE3 122 
   720 8.33 0.0 H 71 
   1753 53.8 0.0 CA 155 
   956 7.18 0.0 HE2 88 
   1703 2.44 0.0 HB3 152 
   1065 27.8 0.0 CG1 96 
   1183 0.58 0.0 HG12 107 
   598 4.08 0.0 HB3 61 
   1166 38.7 0.0 CB 105 
   559 55.3 0.0 CA 56 
   1549 4.17 0.0 HA 139 
   1890 1.0 0.0 HG22 166 
   626 132.0 0.0 CD2 62 
   351 0.86 0.0 HD22 40 
   594 120.0 0.0 N 60 
   1103 25.1 0.0 CG 99 
   250 3.34 0.0 HD2 33 
   1192 119.5 0.0 N 107 
   911 1.74 0.0 HB3 85 
   112 0.18 0.0 HG23 21 
   1353 -0.19 0.0 HD13 123 
   1437 2.99 0.0 HE2 130 
   1944 2.96 0.0 HE2 170 
   1846 16.7 0.0 CG2 162 
   990 8.61 0.0 H 91 
   158 56.0 0.0 CA 24 
   512 2.42 0.0 HG3 52 
   1186 0.93 0.0 HG22 107 
   1777 29.2 0.0 CB 157 
   1941 1.38 0.0 HG3 170 
   1318 4.1 0.0 HA2 120 
   254 27.3 0.0 CG 33 
   896 0.41 0.0 HD11 84 
   1425 129.8 0.0 CE1 129 
   1517 6.92 0.0 HD21 136 
   238 4.9 0.0 HA 32 
   963 129.6 0.0 CE2 88 
   621 5.55 0.0 HE2 62 
   460 37.8 0.0 CB 48 
   867 9.03 0.0 H 82 
   1094 3.55 0.0 HA 99 
   304 3.36 0.0 HA 37 
   369 60.1 0.0 CA 41 
   1924 33.7 0.0 CG 168 
   110 0.18 0.0 HG21 21 
   301 121.6 0.0 N 36 
   904 25.9 0.0 CG 84 
   1693 23.0 0.0 CD1 150 
   1980 2.81 0.0 HB2 173 
   1787 0.42 0.0 HG23 158 
   412 2.23 0.0 HB2 45 
   999 117.4 0.0 N 91 
   730 7.61 0.0 H 72 
   1118 1.08 0.0 HG21 101 
   665 1.81 0.0 HB3 65 
   105 7.66 0.0 H 21 
   1297 6.74 0.0 HE2 118 
   2002 6.84 0.0 HE22 175 
   1497 54.7 0.0 CA 134 
   964 128.3 0.0 CZ 88 
   786 1.44 0.0 HB2 76 
   1198 3.48 0.0 HD2 108 
   1471 26.2 0.0 CD2 132 
   386 4.33 0.0 HA 43 
   1561 29.3 0.0 CD 139 
   1244 4.41 0.0 HA 113 
   311 1.13 0.0 HG23 37 
   1180 4.9 0.0 HA 107 
   322 2.45 0.0 HG3 38 
   1084 7.38 0.0 HD2 98 
   365 1.74 0.0 HD2 41 
   1990 6.91 0.0 HD22 174 
   338 58.1 0.0 CA 39 
   443 42.7 0.0 CB 47 
   1004 6.51 0.0 HD1 92 
   1077 22.0 0.0 CG2 97 
   1367 8.42 0.0 H 125 
   280 27.0 0.0 CG 35 
   224 8.5 0.0 H 31 
   1063 64.5 0.0 CA 96 
   491 118.8 0.0 CE2 50 
   216 1.05 0.0 HG2 30 
   536 104.6 0.0 ND2 54 
   441 0.98 0.0 HD23 47 
   571 7.96 0.0 H 58 
   740 27.4 0.0 CG 72 
   498 0.78 0.0 HG13 51 
   938 129.3 0.0 N 86 
   1788 0.18 0.0 HD11 158 
   272 0.91 0.0 HD11 35 
   876 1.57 0.0 HB2 83 
   1923 31.6 0.0 CB 168 
   900 0.64 0.0 HD22 84 
   991 5.29 0.0 HA 91 
   624 40.9 0.0 CB 62 
   435 1.91 0.0 HG 47 
   1783 0.82 0.0 HG12 158 
   849 0.82 0.0 HD11 80 
   1108 1.25 0.0 HG21 100 
   1154 8.55 0.0 H 105 
   1087 58.3 0.0 CA 98 
   1165 62.8 0.0 CA 105 
   1668 54.5 0.0 CA 148 
   141 1.13 0.0 HG23 23 
   1002 2.77 0.0 HB2 92 
   1571 6.77 0.0 HE2 140 
   170 1.6 0.0 HD2 25 
   361 2.06 0.0 HB2 41 
   266 121.5 0.0 N 34 
   749 7.03 0.0 HE3 73 
   1341 41.8 0.0 CE 122 
   177 29.2 0.0 CD 25 
   81 1.01 0.0 HG22 18 
   625 132.0 0.0 CD1 62 
   1578 129.7 0.0 CE2 140 
   1819 1.91 0.0 HG 161 
   1812 57.2 0.0 CA 160 
   1196 1.88 0.0 HG2 108 
   1022 43.0 0.0 CB 93 
   204 1.47 0.0 HB3 28 
   225 4.34 0.0 HA 31 
   856 12.7 0.0 CD1 80 
   243 119.3 0.0 N 32 
   1856 6.84 0.0 HE22 163 
   323 6.95 0.0 HE21 38 
   1342 118.4 0.0 N 122 
   524 37.4 0.0 CB 53 
   709 2.34 0.0 HG2 69 
   698 3.0 0.0 HE3 68 
   1917 2.09 0.0 HB3 168 
   1156 1.26 0.0 HB 105 
   545 2.84 0.0 HE2 55 
   1038 16.8 0.0 CG2 94 
   1779 117.5 0.0 N 157 
   217 1.44 0.0 HG3 30 
   630 115.3 0.0 N 62 
   620 5.55 0.0 HE1 62 
   156 1.18 0.0 HD22 24 
   1915 4.83 0.0 HA 168 
   445 25.4 0.0 CD1 47 
   418 59.3 0.0 CA 45 
   489 131.7 0.0 CD2 50 
   798 42.2 0.0 CE 76 
   639 7.37 0.0 HE 63 
   89 4.33 0.0 HA 19 
   1269 8.73 0.0 H 115 
   21 54.2 0.0 CA 13 
   38 1.59 0.0 HG2 15 
   1301 132.5 0.0 CD2 118 
   1479 7.41 0.0 HE3 133 
   561 118.9 0.0 N 56 
   389 2.14 0.0 HG2 43 
   683 7.79 0.0 HD21 67 
   1168 17.5 0.0 CG2 105 
   1315 42.9 0.0 CD 119 
   178 41.8 0.0 CE 25 
   1776 57.3 0.0 CA 157 
   447 120.8 0.0 N 47 
   1153 119.5 0.0 N 104 
   1463 0.93 0.0 HD13 132 
   1700 105.7 0.0 N 151 
   181 3.89 0.0 HA 26 
   1070 4.43 0.0 HA 97 
   1147 1.85 0.0 HB3 104 
   450 1.98 0.0 HB 48 
   1049 32.4 0.0 CB 95 
   688 110.7 0.0 ND2 67 
   564 4.51 0.0 HA 57 
   230 3.17 0.0 HD2 31 
   1226 42.1 0.0 CB 110 
   1598 40.4 0.0 CB 142 
   623 57.0 0.0 CA 62 
   39 1.72 0.0 HG3 15 
   1664 0.8 0.0 HD13 148 
   188 22.0 0.0 CG2 26 
   511 2.31 0.0 HG2 52 
   1399 40.2 0.0 CB 127 
   1710 28.3 0.0 CG 152 
   1057 0.98 0.0 HG21 96 
   1236 41.0 0.0 CB 111 
   1567 2.06 0.0 HB3 140 
   1960 36.0 0.0 CG 171 
   701 24.4 0.0 CG 68 
   842 5.13 0.0 HA 80 
   95 7.79 0.0 H 20 
   1352 -0.19 0.0 HD12 123 
   1737 0.88 0.0 HD12 154 
   1010 40.4 0.0 CB 92 
   1149 2.24 0.0 HG3 104 
   1101 62.8 0.0 CA 99 
   215 1.42 0.0 HB3 30 
   1041 4.62 0.0 HA 95 
   1285 2.4 0.0 HG3 117 
   1946 56.7 0.0 CA 170 
   854 27.8 0.0 CG1 80 
   1849 8.1 0.0 H 163 
   769 7.0 0.0 HE2 74 
   1475 2.49 0.0 HB2 133 
   1956 2.2 0.0 HG2 171 
   1232 4.44 0.0 HA 111 
   652 0.91 0.0 HD13 64 
   1344 3.77 0.0 HA 123 
   1317 8.98 0.0 H 120 
   1257 42.5 0.0 CE 113 
   411 4.15 0.0 HA 45 
   1248 1.36 0.0 HG3 113 
   1289 36.0 0.0 CG 117 
   1249 1.6 0.0 HD2 113 
   40 3.21 0.0 HD2 15 
   1633 58.4 0.0 CA 145 
   503 31.5 0.0 CB 51 
   522 6.74 0.0 HD22 53 
   233 29.5 0.0 CB 31 
   1037 26.8 0.0 CG1 94 
   1739 1.14 0.0 HD21 154 
   521 7.98 0.0 HD21 53 
   1240 3.79 0.0 HA3 112 
   467 1.95 0.0 HB2 49 
   1258 117.5 0.0 N 113 
   845 1.57 0.0 HG13 80 
   971 41.3 0.0 CB 89 
   718 46.2 0.0 CA 70 
   766 6.87 0.0 HD1 74 
   1768 21.8 0.0 CG2 156 
   114 -0.19 0.0 HD12 21 
   1919 2.35 0.0 HG3 168 
   1286 1.89 0.0 HE1 117 
   1678 107.1 0.0 N 149 
   794 53.9 0.0 CA 76 
   1098 1.77 0.0 HG3 99 
   966 8.46 0.0 H 89 
   1281 56.2 0.0 CA 116 
   1691 42.2 0.0 CB 150 
   1296 6.74 0.0 HE1 118 
   484 6.97 0.0 HE1 50 
   1897 6.85 0.0 H 167 
   1176 50.2 0.0 CA 106 
   1627 -0.05 0.0 HD11 145 
   1660 2.08 0.0 HB3 148 
   1009 57.4 0.0 CA 92 
   968 2.72 0.0 HB2 89 
   421 117.4 0.0 N 45 
   1473 8.49 0.0 H 133 
   1500 7.5 0.0 H 135 
   1361 4.44 0.0 HA 124 
   382 29.2 0.0 CB 42 
   826 9.23 0.0 H 79 
   1690 57.9 0.0 CA 150 
   1582 5.14 0.0 HA2 141 
   1811 2.55 0.0 HB3 160 
   1986 4.67 0.0 HA 174 
   1889 1.0 0.0 HG21 166 
   1429 8.59 0.0 H 130 
   792 2.95 0.0 HE2 76 
   1968 1.65 0.0 HD2 172 
   86 22.0 0.0 CG2 18 
   345 1.42 0.0 HB3 40 
   656 54.3 0.0 CA 64 
   357 24.3 0.0 CD2 40 
   1528 0.66 0.0 HG13 137 
   1434 1.72 0.0 HG3 130 
   417 6.94 0.0 HE22 45 
   726 61.7 0.0 CA 71 
   705 8.77 0.0 H 69 
   1934 120.5 0.0 CD2 169 
   1532 60.5 0.0 CA 137 
   1801 2.05 0.0 HG3 159 
   610 120.2 0.0 CZ3 61 
   315 22.1 0.0 CG2 37 
   143 32.8 0.0 CB 23 
   1206 2.17 0.0 HB2 109 
   1750 1.43 0.0 HB1 155 
   1772 0.27 0.0 HB2 157 
   1148 2.07 0.0 HG2 104 
   259 2.16 0.0 HB2 34 
   1815 7.82 0.0 H 161 
   1178 128.8 0.0 N 106 
   992 2.07 0.0 HB2 91 
   1508 57.0 0.0 CA 135 
   371 25.0 0.0 CG 41 
   567 1.5 0.0 HB3 57 
   727 69.3 0.0 CB 71 
   1082 3.27 0.0 HB3 98 
   1051 50.6 0.0 CD 95 
   563 7.52 0.0 H 57 
   476 42.2 0.0 CD 49 
   1363 2.78 0.0 HB3 124 
   814 7.17 0.0 HZ2 78 
   1396 2.61 0.0 HB2 127 
   1288 1.89 0.0 HE3 117 
   1831 118.0 0.0 N 161 
   1804 66.3 0.0 CA 159 
   574 3.11 0.0 HB3 58 
   759 123.7 0.0 CH2 73 
   1611 7.37 0.0 H 144 
   117 39.1 0.0 CB 21 
   542 1.59 0.0 HG3 55 
   182 3.96 0.0 HB 26 
   1729 118.4 0.0 N 153 
   1088 42.0 0.0 CB 98 
   1551 1.6 0.0 HB3 139 
   1732 3.58 0.0 HA 154 
   1172 5.09 0.0 HA 106 
   983 0.71 0.0 HD13 90 
   236 116.8 0.0 N 31 
   1292 2.84 0.0 HB2 118 
   1774 0.82 0.0 HG2 157 
   1062 0.87 0.0 HD13 96 
   1219 0.5 0.0 HD11 110 
   649 1.83 0.0 HG 64 
   540 1.91 0.0 HB3 55 
   1173 1.34 0.0 HB1 106 
   1751 1.43 0.0 HB2 155 
   1268 110.1 0.0 N 114 
   160 31.1 0.0 CG 24 
   1227 26.9 0.0 CG 110 
   18 1.47 0.0 HB1 13 
   1210 58.3 0.0 CA 109 
   998 35.4 0.0 CG 91 
   147 9.12 0.0 H 24 
   612 121.9 0.0 N 61 
   370 32.0 0.0 CB 41 
   510 2.21 0.0 HB3 52 
   245 3.99 0.0 HA 33 
   1896 115.2 0.0 N 166 
   1043 2.39 0.0 HB3 95 
   1836 1.33 0.0 HG13 162 
   1311 3.21 0.0 HD3 119 
   744 4.72 0.0 HA 73 
   394 120.6 0.0 N 43 
   139 1.13 0.0 HG21 23 
   689 8.83 0.0 H 68 
   1250 1.6 0.0 HD3 113 
   1731 8.68 0.0 H 154 
   477 119.0 0.0 N 49 
   1346 0.57 0.0 HG12 123 
   1752 1.43 0.0 HB3 155 
   1797 3.52 0.0 HA 159 
   944 2.0 0.0 HG3 87 
   119 17.2 0.0 CG2 21 
   1460 1.53 0.0 HG 132 
   1749 3.86 0.0 HA 155 
   440 0.98 0.0 HD22 47 
   578 8.55 0.0 H 59 
   994 2.13 0.0 HG2 91 
   1111 67.1 0.0 CA 100 
   1251 3.12 0.0 HE2 113 
   671 122.0 0.0 N 65 
   562 112.3 0.0 ND2 56 
   615 4.91 0.0 HA 62 
   1169 14.7 0.0 CD1 105 
   1902 0.95 0.0 HG21 167 
   829 3.01 0.0 HB3 79 
   1604 3.75 0.0 HA 143 
   533 55.3 0.0 CA 54 
   663 4.51 0.0 HA 65 
   772 40.5 0.0 CB 74 
   751 6.65 0.0 HZ3 73 
   1661 1.64 0.0 HG 148 
   128 4.08 0.0 HD3 22 
   122 4.51 0.0 HA 22 
   891 7.9 0.0 H 84 
   310 1.13 0.0 HG22 37 
   222 27.2 0.0 CG 30 
   388 2.34 0.0 HB3 43 
   1584 44.0 0.0 CA 141 
   1523 6.64 0.0 H 137 
   660 24.2 0.0 CD2 64 
   1585 112.9 0.0 N 141 
   1384 8.22 0.0 H 126 
   168 1.29 0.0 HG2 25 
   893 0.6 0.0 HB2 84 
   68 1.1 0.0 HG23 17 
   57 27.3 0.0 CG 16 
   731 5.02 0.0 HA 72 
   993 2.38 0.0 HB3 91 
   817 56.7 0.0 CA 78 
   932 57.5 0.0 CA 86 
   787 1.49 0.0 HB3 76 
   1263 1.17 0.0 HG22 114 
   1820 0.66 0.0 HD11 161 
   1442 29.4 0.0 CD 130 
   83 64.2 0.0 CA 18 
   704 123.1 0.0 N 68 
   1976 41.8 0.0 CE 172 
   1373 0.13 0.0 HD12 125 
   1127 0.01 0.0 HB1 102 
   1073 1.17 0.0 HG22 97 
   1494 1.5 0.0 HB1 134 
   1161 0.67 0.0 HG23 105 
   424 4.12 0.0 HA 46 
   1334 1.73 0.0 HD3 122 
   1546 24.1 0.0 CG 138 
   1208 2.43 0.0 HG2 109 
   1091 118.2 0.0 CE1 98 
   1918 2.32 0.0 HG2 168 
   360 4.16 0.0 HA 41 
   1858 27.9 0.0 CB 163 
   1936 8.48 0.0 H 170 
   1462 0.93 0.0 HD12 132 
   954 7.16 0.0 HD2 88 
   1441 26.5 0.0 CG 130 
   1455 50.3 0.0 CD 131 
   1394 8.77 0.0 H 127 
   1033 0.45 0.0 HD12 94 
   926 2.88 0.0 HB2 86 
   1629 -0.05 0.0 HD13 145 
   1124 114.3 0.0 N 101 
   1333 1.6 0.0 HD2 122 
   682 3.59 0.0 HB3 67 
   163 126.3 0.0 N 24 
   929 7.33 0.0 HD2 86 
   1663 0.8 0.0 HD12 148 
   1681 1.36 0.0 HB2 150 
   1242 115.0 0.0 N 112 
   12 58.2 0.0 CA 12 
   1524 4.01 0.0 HA 137 
   1440 29.7 0.0 CB 130 
   1619 115.6 0.0 CD2 144 
   1593 -0.51 0.0 HD13 142 
   1410 136.2 0.0 CE1 128 
   496 0.78 0.0 HG11 51 
   1290 18.0 0.0 CE 117 
   939 8.12 0.0 H 87 
   1895 21.8 0.0 CG2 166 
   1871 2.92 0.0 HE3 164 
   1351 -0.19 0.0 HD11 123 
   384 119.4 0.0 N 42 
   1282 29.0 0.0 CB 116 
   1076 67.7 0.0 CB 97 
   368 2.96 0.0 HE3 41 
   1489 123.1 0.0 CH2 133 
   455 0.97 0.0 HG23 48 
   1574 36.4 0.0 CB 140 
   604 7.04 0.0 HH2 61 
   919 34.2 0.0 CB 85 
   1641 2.2 0.0 HB2 146 
   1632 0.45 0.0 HD23 145 
   1588 0.74 0.0 HB2 142 
   918 56.1 0.0 CA 85 
   1380 26.3 0.0 CG 125 
   1712 7.2 0.0 H 153 
   1793 28.2 0.0 CG1 158 
   638 3.25 0.0 HD3 63 
   937 117.5 0.0 CE2 86 
   1817 1.16 0.0 HB2 161 
   1928 4.05 0.0 HA 169 
   752 6.46 0.0 HH2 73 
   1746 27.6 0.0 CD2 154 
   1264 1.17 0.0 HG23 114 
   1314 27.1 0.0 CG 119 
   55 57.8 0.0 CA 16 
   434 2.21 0.0 HB3 47 
   1343 7.91 0.0 H 123 
   978 1.02 0.0 HG21 90 
   1376 0.33 0.0 HD22 125 
   256 121.0 0.0 N 33 
   662 8.9 0.0 H 65 
   1568 6.2 0.0 HD1 140 
   1048 62.1 0.0 CA 95 
   1474 3.57 0.0 HA 133 
   1821 0.66 0.0 HD12 161 
   1386 4.54 0.0 HB 126 
   451 1.26 0.0 HG12 48 
   1454 27.9 0.0 CG 131 
   1646 31.6 0.0 CB 146 
   2007 112.3 0.0 NE2 175 
   1612 3.57 0.0 HA 144 
   1616 7.71 0.0 HE1 144 
   1246 1.82 0.0 HB3 113 
   101 56.0 0.0 CA 20 
   1203 49.8 0.0 CD 108 
   757 113.1 0.0 CZ2 73 
   1992 38.6 0.0 CB 174 
   339 29.8 0.0 CB 39 
   1610 120.1 0.0 N 143 
   432 4.23 0.0 HA 47 
   680 4.76 0.0 HA 67 
   1299 39.5 0.0 CB 118 
   459 65.0 0.0 CA 48 
   1202 27.1 0.0 CG 108 
   923 121.7 0.0 N 85 
   1355 37.5 0.0 CB 123 
   537 8.89 0.0 H 55 
   148 4.56 0.0 HA 24 
   1409 120.2 0.0 CD2 128 
   1720 6.36 0.0 HZ3 153 
   597 2.65 0.0 HB2 61 
   1639 7.93 0.0 H 146 
   1914 8.64 0.0 H 168 
   164 8.31 0.0 H 25 
   1778 34.2 0.0 CG 157 
   1540 1.25 0.0 HG2 138 
   46 121.6 0.0 N 15 
   138 0.96 0.0 HG13 23 
   862 7.19 0.0 HD2 81 
   1080 4.69 0.0 HA 98 
   1576 127.3 0.0 CD2 140 
   1509 30.1 0.0 CB 135 
   492 119.9 0.0 N 50 
   132 50.7 0.0 CD 22 
   748 9.32 0.0 HE1 73 
   468 2.07 0.0 HB3 49 
   1171 8.88 0.0 H 106 
   1012 131.3 0.0 CD2 92 
   1988 2.83 0.0 HB3 174 
   627 133.7 0.0 CE1 62 
   415 2.64 0.0 HG3 45 
   438 0.93 0.0 HD13 47 
   1837 0.81 0.0 HG21 162 
   733 1.73 0.0 HB3 72 
   853 38.1 0.0 CB 80 
   855 17.1 0.0 CG2 80 
   48 4.19 0.0 HA 16 
   1719 7.16 0.0 HZ2 153 
   1308 1.58 0.0 HG2 119 
   223 48.9 0.0 CD 30 
   1929 2.59 0.0 HB2 169 
   1529 1.08 0.0 HG21 137 
   453 0.97 0.0 HG21 48 
   930 6.77 0.0 HE1 86 
   1756 6.91 0.0 H 156 
   1741 1.14 0.0 HD23 154 
   1135 2.45 0.0 HB3 103 
   1490 120.6 0.0 N 133 
   605 56.9 0.0 CA 61 
   13 29.4 0.0 CB 12 
   1541 1.72 0.0 HG3 138 
   15 122.1 0.0 N 12 
   1809 4.33 0.0 HA 160 
   915 1.28 0.0 HD3 85 
   960 131.7 0.0 CD1 88 
   690 3.96 0.0 HA 68 
   174 57.0 0.0 CA 25 
   100 2.4 0.0 HG3 20 
   472 3.42 0.0 HD3 49 
   1614 3.34 0.0 HB3 144 
   973 8.46 0.0 H 90 
   637 3.25 0.0 HD2 63 
   276 1.01 0.0 HD22 35 
   1789 0.18 0.0 HD12 158 
   2 2.76 0.0 HB2 11 
   449 3.79 0.0 HA 48 
   193 3.25 0.0 HB3 27 
   244 8.58 0.0 H 33 
   1948 24.8 0.0 CG 170 
   773 131.7 0.0 CD1 74 
   1395 4.38 0.0 HA 127 
   408 117.8 0.0 CE2 44 
   931 6.77 0.0 HE2 86 
   1107 4.44 0.0 HB 100 
   745 1.04 0.0 HB2 73 
   1143 49.2 0.0 CD 103 
   1649 8.35 0.0 H 147 
   88 8.07 0.0 H 19 
   363 1.45 0.0 HG2 41 
   237 8.17 0.0 H 32 
   668 54.6 0.0 CA 65 
   1092 116.0 0.0 CE2 98 
   1547 48.1 0.0 CD 138 
   279 42.7 0.0 CB 35 
   1985 8.55 0.0 H 174 
   227 2.02 0.0 HB3 31 
   197 36.8 0.0 CB 27 
   1280 2.0 0.0 HB3 116 
   667 2.03 0.0 HG3 65 
   863 55.6 0.0 CA 81 
   527 8.75 0.0 H 54 
   1682 2.33 0.0 HB3 150 
   1121 59.6 0.0 CA 101 
   486 58.8 0.0 CA 50 
   699 59.8 0.0 CA 68 
   695 1.69 0.0 HD2 68 
   1518 7.29 0.0 HD22 136 
   1833 3.68 0.0 HA 162 
   1559 32.6 0.0 CB 139 
   1201 32.3 0.0 CB 108 
   1606 1.04 0.0 HB2 143 
   1298 53.1 0.0 CA 118 
   782 45.8 0.0 CA 75 
   465 7.64 0.0 H 49 
   750 7.02 0.0 HZ2 73 
   767 6.87 0.0 HD2 74 
   1116 4.28 0.0 HA 101 
   912 1.18 0.0 HG2 85 
   1163 0.43 0.0 HD12 105 
   397 3.17 0.0 HB2 44 
   609 113.7 0.0 CZ2 61 
   1539 1.47 0.0 HB3 138 
   840 121.1 0.0 N 79 
   1238 8.62 0.0 H 112 
   1975 29.1 0.0 CD 172 
   1503 1.86 0.0 HB3 135 
   1522 116.8 0.0 ND2 136 
   1618 29.7 0.0 CB 144 
   546 2.84 0.0 HE3 55 
   1526 0.66 0.0 HG11 137 
   1620 136.3 0.0 CE1 144 
   1478 9.6 0.0 HE1 133 
   947 37.4 0.0 CG 87 
   725 1.1 0.0 HG23 71 
   811 7.03 0.0 HD1 78 
   395 8.83 0.0 H 44 
   1056 1.48 0.0 HG13 96 
   314 21.0 0.0 CG1 37 
   1525 1.75 0.0 HB 137 
   1496 1.5 0.0 HB3 134 
   167 1.76 0.0 HB3 25 
   252 58.8 0.0 CA 33 
   240 3.09 0.0 HB3 32 
   328 118.6 0.0 N 38 
   1555 1.62 0.0 HD3 139 
   102 30.1 0.0 CB 20 
   528 4.38 0.0 HA 54 
   1726 113.9 0.0 CZ2 153 
   617 2.5 0.0 HB3 62 
   1705 2.09 0.0 HG3 152 
   1557 2.91 0.0 HE3 139 
   137 0.96 0.0 HG12 23 
   1898 4.64 0.0 HA 167 
   50 1.9 0.0 HB3 16 
   1636 25.8 0.0 CD1 145 
   763 5.33 0.0 HA 74 
   1565 4.03 0.0 HA 140 
   948 122.6 0.0 N 87 
   1459 1.92 0.0 HB3 132 
   1920 6.76 0.0 HE21 168 
   1028 2.13 0.0 HG13 94 
   1397 2.68 0.0 HB3 127 
   1081 2.76 0.0 HB2 98 
   1151 30.1 0.0 CB 104 
   442 58.8 0.0 CA 47 
   1658 4.51 0.0 HA 148 
   1784 1.49 0.0 HG13 158 
   696 1.69 0.0 HD3 68 
   1926 112.3 0.0 NE2 168 
   910 1.51 0.0 HB2 85 
   970 54.7 0.0 CA 89 
   1279 2.0 0.0 HB2 116 
   1613 2.35 0.0 HB2 144 
   1931 7.31 0.0 HD2 169 
   359 7.57 0.0 H 41 
   1631 0.45 0.0 HD22 145 
   1984 120.4 0.0 N 173 
   1770 7.92 0.0 H 157 
   775 130.0 0.0 CE1 74 
   271 1.77 0.0 HG 35 
   1058 0.98 0.0 HG22 96 
   1300 132.5 0.0 CD1 118 
   2000 2.31 0.0 HG3 175 
   377 2.27 0.0 HB2 42 
   518 4.48 0.0 HA 53 
   1670 27.0 0.0 CG 148 
   300 122.2 0.0 CH2 36 
   1372 0.13 0.0 HD11 125 
   123 1.93 0.0 HB2 22 
   1950 41.8 0.0 CE 170 
   348 0.84 0.0 HD12 40 
   1195 2.4 0.0 HB3 108 
   431 8.42 0.0 H 47 
   659 24.3 0.0 CD1 64 
   1322 8.15 0.0 H 121 
   591 2.96 0.0 HB3 60 
   409 118.4 0.0 N 44 
   1978 8.4 0.0 H 173 
   1683 1.88 0.0 HG 150 
   218 2.45 0.0 HD2 30 
   894 1.93 0.0 HB3 84 
   391 58.5 0.0 CA 43 
   1312 57.4 0.0 CA 119 
   754 30.6 0.0 CB 73 
   700 31.8 0.0 CB 68 
   334 1.47 0.0 HG2 39 
   1916 1.92 0.0 HB2 168 
   107 1.29 0.0 HB 21 
   1464 1.04 0.0 HD21 132 
   1995 8.36 0.0 H 175 
   1019 2.51 0.0 HB2 93 
   653 0.91 0.0 HD21 64 
   1267 20.7 0.0 CG2 114 
   1626 1.11 0.0 HG 145 
   1432 2.04 0.0 HB3 130 
   628 133.7 0.0 CE2 62 
   287 3.79 0.0 HB3 36 
   346 0.96 0.0 HG 40 
   73 119.6 0.0 N 17 
   813 7.27 0.0 HE3 78 
   784 8.54 0.0 H 76 
   828 3.01 0.0 HB2 79 
   191 4.6 0.0 HA 27 
   962 129.6 0.0 CE1 88 
   375 7.68 0.0 H 42 
   834 57.7 0.0 CA 79 
   895 1.54 0.0 HG 84 
   825 131.3 0.0 NE1 78 
   1994 112.7 0.0 ND2 174 
   229 1.65 0.0 HG3 31 
   410 8.21 0.0 H 45 
   927 3.29 0.0 HB3 86 
   1482 7.06 0.0 HH2 133 
   1368 4.45 0.0 HA 125 
   353 57.5 0.0 CA 40 
   246 2.0 0.0 HB2 33 
   1068 118.2 0.0 N 96 
   552 122.1 0.0 N 55 
   1810 2.55 0.0 HB2 160 
   984 58.5 0.0 CA 90 
   835 44.0 0.0 CB 79 
   134 4.44 0.0 HA 23 
   317 7.16 0.0 H 38 
   711 58.0 0.0 CA 69 
   1325 45.6 0.0 CA 121 
   1105 8.2 0.0 H 100 
   1560 25.7 0.0 CG 139 
   793 2.95 0.0 HE3 76 
   399 7.33 0.0 HD1 44 
   819 125.9 0.0 CD1 78 
   1278 4.0 0.0 HA 116 
   1378 54.2 0.0 CA 125 
   967 5.42 0.0 HA 89 
   1686 0.87 0.0 HD13 150 
   1570 6.77 0.0 HE1 140 
   126 2.1 0.0 HG3 22 
   155 1.18 0.0 HD21 24 
   569 19.0 0.0 CB 57 
   614 6.81 0.0 H 62 
   65 1.01 0.0 HG13 17 
   935 132.9 0.0 CD2 86 
   1904 0.95 0.0 HG23 167 
   815 6.61 0.0 HZ3 78 
   340 26.9 0.0 CG 39 
   650 0.91 0.0 HD11 64 
   1390 62.4 0.0 CA 126 
   1125 7.94 0.0 H 102 
   1066 18.1 0.0 CG2 96 
   452 1.86 0.0 HG13 48 
   103 36.3 0.0 CG 20 
   1011 131.3 0.0 CD1 92 
   1388 1.41 0.0 HG22 126 
   247 2.12 0.0 HB3 33 
   367 2.96 0.0 HE2 41 
   1830 22.9 0.0 CD2 161 
   1104 49.5 0.0 CD 99 
   1237 119.9 0.0 N 111 
   1134 0.87 0.0 HB2 103 
   1725 119.6 0.0 CE3 153 
   206 24.4 0.0 CB 28 
   1381 25.2 0.0 CD1 125 
   76 2.19 0.0 HB 18 
   1382 22.6 0.0 CD2 125 
   1634 42.1 0.0 CB 145 
   1408 30.4 0.0 CB 128 
   1569 6.2 0.0 HD2 140 
   1055 1.32 0.0 HG12 96 
   1096 2.2 0.0 HB3 99 
   969 2.91 0.0 HB3 89 
   1330 1.47 0.0 HB3 122 
   1069 7.01 0.0 H 97 
   589 4.4 0.0 HA 60 
   99 2.21 0.0 HG2 20 
   1794 18.6 0.0 CG2 158 
   1724 127.0 0.0 CD1 153 
   1952 8.55 0.0 H 171 
   192 2.32 0.0 HB2 27 
   1782 1.56 0.0 HB 158 
   258 4.24 0.0 HA 34 
   1277 8.32 0.0 H 116 
   770 6.92 0.0 HZ 74 
   416 7.61 0.0 HE21 45 
   426 3.98 0.0 HB3 46 
   482 7.26 0.0 HD1 50 
   1765 63.4 0.0 CA 156 
   1256 29.1 0.0 CD 113 
   1502 1.71 0.0 HB2 135 
   1114 122.2 0.0 N 100 
   951 2.71 0.0 HB2 88 
   1492 8.33 0.0 H 134 
   1164 0.43 0.0 HD13 105 
   1050 27.0 0.0 CG 95 
   211 44.9 0.0 CA 29 
   135 2.37 0.0 HB 23 
   469 1.74 0.0 HG2 49 
   830 6.96 0.0 HD1 79 
   513 59.7 0.0 CA 52 
   1805 30.6 0.0 CB 159 
   1520 40.4 0.0 CB 136 
   171 1.6 0.0 HD3 25 
   1276 128.2 0.0 N 115 
   483 7.26 0.0 HD2 50 
   364 1.73 0.0 HG3 41 
   1699 49.3 0.0 CA 151 
   146 116.5 0.0 N 23 
   837 131.9 0.0 CD2 79 
   1476 3.07 0.0 HB3 133 
   3 2.76 0.0 HB3 11 
   1287 1.89 0.0 HE2 117 
   1190 20.0 0.0 CG1 107 
   1481 7.04 0.0 HZ3 133 
   1445 4.38 0.0 HA 131 
   645 8.7 0.0 H 64 
   890 108.0 0.0 N 83 
   23 122.6 0.0 N 13 
   1967 1.43 0.0 HG3 172 
   1350 -0.36 0.0 HG23 123 
   1023 118.3 0.0 N 93 
   26 4.2 0.0 HB 14 
   1674 7.41 0.0 H 149 
   392 28.4 0.0 CB 43 
   1844 38.3 0.0 CB 162 
   941 1.9 0.0 HB2 87 
   1738 0.88 0.0 HD13 154 
   1942 1.6 0.0 HD2 170 
   1742 57.8 0.0 CA 154 
   1457 3.95 0.0 HA 132 
   249 1.85 0.0 HG3 33 
   1400 122.0 0.0 N 127 
   1909 40.7 0.0 CB 167 
   575 55.3 0.0 CA 58 
   1243 8.33 0.0 H 113 
   1374 0.13 0.0 HD13 125 
   169 1.29 0.0 HG3 25 
   200 7.02 0.0 H 28 
   1014 129.9 0.0 CE2 92 
   1438 2.99 0.0 HE3 130 
   517 8.47 0.0 H 53 
   1302 117.4 0.0 CE1 118 
   980 1.02 0.0 HG23 90 
   1456 6.93 0.0 H 132 
   1689 1.16 0.0 HD23 150 
   234 27.1 0.0 CG 31 
   425 3.98 0.0 HB2 46 
   1935 122.1 0.0 N 169 
   635 1.6 0.0 HG2 63 
   91 3.98 0.0 HB3 19 
   1981 2.88 0.0 HB3 173 
   1119 1.08 0.0 HG22 101 
   306 0.99 0.0 HG11 37 
   487 38.5 0.0 CB 50 
   312 66.4 0.0 CA 37 
   1447 2.29 0.0 HB3 131 
   1625 2.33 0.0 HB3 145 
   1953 4.39 0.0 HA 171 
   982 0.71 0.0 HD12 90 
   1229 22.5 0.0 CD2 110 
   414 2.54 0.0 HG2 45 
   1326 107.3 0.0 N 121 
   1214 7.93 0.0 H 110 
   25 4.07 0.0 HA 14 
   1602 125.0 0.0 N 142 
   253 28.7 0.0 CB 33 
   350 0.86 0.0 HD21 40 
   366 1.74 0.0 HD3 41 
   554 4.54 0.0 HA 56 
   1608 55.6 0.0 CA 143 
   1966 1.35 0.0 HG2 172 
   318 4.09 0.0 HA 38 
   847 0.64 0.0 HG22 80 
   573 2.55 0.0 HB2 58 
   488 131.7 0.0 CD1 50 
   466 4.23 0.0 HA 49 
   1885 2.17 0.0 HB 166 
   47 8.18 0.0 H 16 
   1911 18.1 0.0 CG2 167 
   111 0.18 0.0 HG22 21 
   1537 4.86 0.0 HA 138 
   1962 8.44 0.0 H 172 
   294 58.7 0.0 CA 36 
   611 123.3 0.0 CH2 61 
   531 4.55 0.0 HD21 54 
   1886 1.0 0.0 HG11 166 
   1160 0.67 0.0 HG22 105 
   1692 27.0 0.0 CG 150 
   1421 62.4 0.0 CA 129 
   331 4.12 0.0 HA 39 
   820 119.9 0.0 CE3 78 
   1362 2.23 0.0 HB2 124 
   568 51.2 0.0 CA 57 
   64 1.01 0.0 HG12 17 
   1840 0.01 0.0 HD11 162 
   1414 3.1 0.0 HB2 129 
   1027 1.78 0.0 HG12 94 
   516 119.7 0.0 N 52 
   618 5.47 0.0 HD1 62 
   691 1.81 0.0 HB2 68 
   717 3.53 0.0 HA3 70 
   352 0.86 0.0 HD23 40 
   887 26.8 0.0 CG 83 
   1657 8.89 0.0 H 148 
   1838 0.81 0.0 HG22 162 
   979 1.02 0.0 HG22 90 
   1955 2.09 0.0 HB3 171 
   1272 1.43 0.0 HB2 115 
   871 55.4 0.0 CA 82 
   581 2.76 0.0 HB3 59 
   422 111.4 0.0 NE2 45 
   958 56.0 0.0 CA 88 
   1407 57.1 0.0 CA 128 
   154 1.0 0.0 HD13 24 
   1730 127.7 0.0 NE1 153 
   972 122.9 0.0 N 89 
   1025 4.37 0.0 HA 94 
   90 3.98 0.0 HB2 19 
   1359 117.1 0.0 N 123 
   1106 4.12 0.0 HA 100 
   1822 0.66 0.0 HD13 161 
   1385 4.28 0.0 HA 126 
   1617 61.9 0.0 CA 144 
   1404 3.23 0.0 HB3 128 
   495 2.1 0.0 HB 51 
   1255 25.6 0.0 CG 113 
   1949 29.2 0.0 CD 170 
   1235 56.4 0.0 CA 111 
   642 26.9 0.0 CG 63 
   877 2.1 0.0 HB3 83 
   805 32.7 0.0 CB 77 
   1786 0.42 0.0 HG22 158 
   1204 9.68 0.0 H 109 
   781 4.31 0.0 HA3 75 
   857 128.9 0.0 N 80 
   1157 0.33 0.0 HG12 105 
   275 1.01 0.0 HD21 35 
   80 1.01 0.0 HG21 18 
   1553 1.46 0.0 HG3 139 
   1402 4.57 0.0 HA 128 
   1426 129.8 0.0 CE2 129 
   1115 7.25 0.0 H 101 
   1036 36.4 0.0 CB 94 
   430 114.9 0.0 N 46 
   1759 0.75 0.0 HG11 156 
   42 58.2 0.0 CA 15 
   886 39.8 0.0 CB 83 
   1207 2.39 0.0 HB3 109 
   1723 29.6 0.0 CB 153 
   1485 126.6 0.0 CD1 133 
   1640 4.36 0.0 HA 146 
   1645 57.0 0.0 CA 146 
   151 1.7 0.0 HG 24 
   1167 27.6 0.0 CG1 105 
   504 23.6 0.0 CG1 51 
   24 7.95 0.0 H 14 
   889 22.5 0.0 CD2 83 
   1659 1.74 0.0 HB2 148 
   714 115.4 0.0 N 69 
   1444 118.4 0.0 N 130 
   852 59.6 0.0 CA 80 
   1217 1.6 0.0 HB3 110 
   976 0.84 0.0 HG12 90 
   329 113.9 0.0 NE2 38 
   1061 0.87 0.0 HD12 96 
   1667 0.92 0.0 HD23 148 
   1313 30.5 0.0 CB 119 
   358 120.3 0.0 N 40 
   1275 18.9 0.0 CB 115 
   104 119.8 0.0 N 20 
   330 8.2 0.0 H 39 
   1716 7.36 0.0 HD1 153 
   291 7.92 0.0 HZ2 36 
   685 51.6 0.0 CA 67 
   1304 8.4 0.0 H 119 
   738 56.1 0.0 CA 72 
   1701 4.25 0.0 HA 152 
   41 3.21 0.0 HD3 15 
   481 3.32 0.0 HB3 50 
   878 1.45 0.0 HG 83 
   87 118.3 0.0 N 18 
   1973 32.8 0.0 CB 172 
   387 2.22 0.0 HB2 43 
   903 43.1 0.0 CB 84 
   1997 1.94 0.0 HB2 175 
   1853 2.49 0.0 HG2 163 
   1170 124.1 0.0 N 105 
   1839 0.81 0.0 HG23 162 
   198 128.7 0.0 N 27 
   519 3.0 0.0 HB2 53 
