   619 5.47 0.0 HD2 62 
   1755 115.0 0.0 N 155 
   1128 0.01 0.0 HB2 102 
   986 25.7 0.0 CG1 90 
   812 10.66 0.0 HE1 78 
   1149 2.24 0.0 HG3 104 
   1057 0.98 0.0 HG21 96 
   620 5.55 0.0 HE1 62 
   61 3.95 0.0 HA 17 
   1898 4.64 0.0 HA 167 
   1087 58.3 0.0 CA 98 
   1664 0.8 0.0 HD13 148 
   688 110.7 0.0 ND2 67 
   310 1.13 0.0 HG22 37 
   568 51.2 0.0 CA 57 
   1076 67.7 0.0 CB 97 
   1899 1.86 0.0 HB 167 
   1070 4.43 0.0 HA 97 
   711 58.0 0.0 CA 69 
   1478 9.6 0.0 HE1 133 
   1930 2.88 0.0 HB3 169 
   822 120.5 0.0 CZ3 78 
   1536 122.5 0.0 N 137 
   1984 120.4 0.0 N 173 
   1104 49.5 0.0 CD 99 
   625 132.0 0.0 CD1 62 
   1441 26.5 0.0 CG 130 
   1987 2.77 0.0 HB2 174 
   79 0.94 0.0 HG13 18 
   1761 0.75 0.0 HG13 156 
   1921 7.47 0.0 HE22 168 
   980 1.02 0.0 HG23 90 
   1317 8.98 0.0 H 120 
   963 129.6 0.0 CE2 88 
   808 6.21 0.0 HA 78 
   1734 2.04 0.0 HB3 154 
   1569 6.2 0.0 HD2 140 
   1962 8.44 0.0 H 172 
   10 2.32 0.0 HG2 12 
   521 7.98 0.0 HD21 53 
   124 2.46 0.0 HB3 22 
   788 1.43 0.0 HG2 76 
   1710 28.3 0.0 CG 152 
   943 2.0 0.0 HG2 87 
   1024 8.43 0.0 H 94 
   121 122.5 0.0 N 21 
   1774 0.82 0.0 HG2 157 
   537 8.89 0.0 H 55 
   1041 4.62 0.0 HA 95 
   193 3.25 0.0 HB3 27 
   1864 1.76 0.0 HB2 164 
   1334 1.73 0.0 HD3 122 
   1769 113.1 0.0 N 156 
   948 122.6 0.0 N 87 
   1668 54.5 0.0 CA 148 
   942 1.9 0.0 HB3 87 
   157 1.18 0.0 HD23 24 
   1728 122.7 0.0 CH2 153 
   1629 -0.05 0.0 HD13 145 
   1819 1.91 0.0 HG 161 
   668 54.6 0.0 CA 65 
   1945 2.96 0.0 HE3 170 
   1468 41.9 0.0 CB 132 
   1709 32.1 0.0 CB 152 
   1625 2.33 0.0 HB3 145 
   208 8.82 0.0 H 29 
   796 24.8 0.0 CG 76 
   536 104.6 0.0 ND2 54 
   893 0.6 0.0 HB2 84 
   1462 0.93 0.0 HD12 132 
   577 116.9 0.0 N 58 
   894 1.93 0.0 HB3 84 
   351 0.86 0.0 HD22 40 
   676 55.8 0.0 CA 66 
   556 2.93 0.0 HB3 56 
   1749 3.86 0.0 HA 155 
   1479 7.41 0.0 HE3 133 
   1066 18.1 0.0 CG2 96 
   1089 132.8 0.0 CD1 98 
   1683 1.88 0.0 HG 150 
   2007 112.3 0.0 NE2 175 
   1288 1.89 0.0 HE3 117 
   1096 2.2 0.0 HB3 99 
   241 55.0 0.0 CA 32 
   1439 62.3 0.0 CA 130 
   1471 26.2 0.0 CD2 132 
   632 4.37 0.0 HA 63 
   59 120.5 0.0 N 16 
   1502 1.71 0.0 HB2 135 
   502 67.2 0.0 CA 51 
   904 25.9 0.0 CG 84 
   287 3.79 0.0 HB3 36 
   41 3.21 0.0 HD3 15 
   1655 20.6 0.0 CB 147 
   1548 8.76 0.0 H 139 
   1935 122.1 0.0 N 169 
   1342 118.4 0.0 N 122 
   143 32.8 0.0 CB 23 
   1659 1.74 0.0 HB2 148 
   877 2.1 0.0 HB3 83 
   939 8.12 0.0 H 87 
   1472 119.9 0.0 N 132 
   720 8.33 0.0 H 71 
   1981 2.88 0.0 HB3 173 
   1752 1.43 0.0 HB3 155 
   166 1.76 0.0 HB2 25 
   776 130.0 0.0 CE2 74 
   1983 27.8 0.0 CB 173 
   243 119.3 0.0 N 32 
   1319 3.69 0.0 HA3 120 
   1707 3.6 0.0 HD3 152 
   727 69.3 0.0 CB 71 
   863 55.6 0.0 CA 81 
   1608 55.6 0.0 CA 143 
   141 1.13 0.0 HG23 23 
   258 4.24 0.0 HA 34 
   690 3.96 0.0 HA 68 
   1018 5.58 0.0 HA 93 
   1210 58.3 0.0 CA 109 
   221 31.7 0.0 CB 30 
   1237 119.9 0.0 N 111 
   517 8.47 0.0 H 53 
   1314 27.1 0.0 CG 119 
   699 59.8 0.0 CA 68 
   466 4.23 0.0 HA 49 
   1507 3.11 0.0 HD3 135 
   1220 0.5 0.0 HD12 110 
   958 56.0 0.0 CA 88 
   1180 4.9 0.0 HA 107 
   534 36.9 0.0 CB 54 
   1398 56.8 0.0 CA 127 
   1611 7.37 0.0 H 144 
   1367 8.42 0.0 H 125 
   757 113.1 0.0 CZ2 73 
   1992 38.6 0.0 CB 174 
   1737 0.88 0.0 HD12 154 
   1503 1.86 0.0 HB3 135 
   113 -0.19 0.0 HD11 21 
   762 8.53 0.0 H 74 
   1650 4.49 0.0 HA 147 
   1397 2.68 0.0 HB3 127 
   106 4.14 0.0 HA 21 
   1853 2.49 0.0 HG2 163 
   212 107.0 0.0 N 29 
   843 1.63 0.0 HB 80 
   1892 63.3 0.0 CA 166 
   1813 41.7 0.0 CB 160 
   1353 -0.19 0.0 HD13 123 
   1997 1.94 0.0 HB2 175 
   1421 62.4 0.0 CA 129 
   1512 113.5 0.0 N 135 
   348 0.84 0.0 HD12 40 
   1436 1.74 0.0 HD3 130 
   1318 4.1 0.0 HA2 120 
   1094 3.55 0.0 HA 99 
   1330 1.47 0.0 HB3 122 
   1362 2.23 0.0 HB2 124 
   1114 122.2 0.0 N 100 
   308 0.99 0.0 HG13 37 
   747 6.4 0.0 HD1 73 
   1961 119.4 0.0 N 171 
   100 2.4 0.0 HG3 20 
   955 7.18 0.0 HE1 88 
   405 131.7 0.0 CD1 44 
   1916 1.92 0.0 HB2 168 
   1732 3.58 0.0 HA 154 
   347 0.84 0.0 HD11 40 
   516 119.7 0.0 N 52 
   714 115.4 0.0 N 69 
   903 43.1 0.0 CB 84 
   1595 0.37 0.0 HD22 142 
   557 7.04 0.0 HD21 56 
   715 7.82 0.0 H 70 
   999 117.4 0.0 N 91 
   309 1.13 0.0 HG21 37 
   206 24.4 0.0 CB 28 
   414 2.54 0.0 HG2 45 
   1233 2.6 0.0 HB2 111 
   109 1.61 0.0 HG13 21 
   453 0.97 0.0 HG21 48 
   1746 27.6 0.0 CD2 154 
   55 57.8 0.0 CA 16 
   1977 122.0 0.0 N 172 
   1426 129.8 0.0 CE2 129 
   183 1.25 0.0 HG21 26 
   290 7.31 0.0 HE3 36 
   765 3.22 0.0 HB3 74 
   1882 108.0 0.0 N 165 
   912 1.18 0.0 HG2 85 
   493 8.77 0.0 H 51 
   1175 1.34 0.0 HB3 106 
   1348 -0.36 0.0 HG21 123 
   1101 62.8 0.0 CA 99 
   339 29.8 0.0 CB 39 
   394 120.6 0.0 N 43 
   823 123.5 0.0 CH2 78 
   1605 1.04 0.0 HB1 143 
   1375 0.33 0.0 HD21 125 
   125 2.1 0.0 HG2 22 
   623 57.0 0.0 CA 62 
   937 117.5 0.0 CE2 86 
   1654 55.8 0.0 CA 147 
   197 36.8 0.0 CB 27 
   1509 30.1 0.0 CB 135 
   373 42.2 0.0 CE 41 
   255 43.1 0.0 CD 33 
   548 32.2 0.0 CB 55 
   1598 40.4 0.0 CB 142 
   1551 1.6 0.0 HB3 139 
   1433 1.42 0.0 HG2 130 
   1048 62.1 0.0 CA 95 
   427 5.22 0.0 HG 46 
   1687 1.16 0.0 HD21 150 
   590 2.19 0.0 HB2 60 
   1804 66.3 0.0 CA 159 
   1572 6.2 0.0 HZ 140 
   1581 9.74 0.0 H 141 
   365 1.74 0.0 HD2 41 
   553 8.2 0.0 H 56 
   494 3.25 0.0 HA 51 
   705 8.77 0.0 H 69 
   734 1.5 0.0 HG2 72 
   413 2.34 0.0 HB3 45 
   1840 0.01 0.0 HD11 162 
   628 133.7 0.0 CE2 62 
   369 60.1 0.0 CA 41 
   456 0.92 0.0 HD11 48 
   20 1.47 0.0 HB3 13 
   758 120.1 0.0 CZ3 73 
   472 3.42 0.0 HD3 49 
   355 26.0 0.0 CG 40 
   773 131.7 0.0 CD1 74 
   841 8.07 0.0 H 80 
   929 7.33 0.0 HD2 86 
   1631 0.45 0.0 HD22 145 
   1098 1.77 0.0 HG3 99 
   1923 31.6 0.0 CB 168 
   621 5.55 0.0 HE2 62 
   1438 2.99 0.0 HE3 130 
   1419 6.99 0.0 HE2 129 
   457 0.92 0.0 HD12 48 
   467 1.95 0.0 HB2 49 
   267 8.01 0.0 H 35 
   1717 9.7 0.0 HE1 153 
   1013 129.9 0.0 CE1 92 
   1333 1.6 0.0 HD2 122 
   1552 1.26 0.0 HG2 139 
   593 40.5 0.0 CB 60 
   462 17.0 0.0 CG2 48 
   1574 36.4 0.0 CB 140 
   1897 6.85 0.0 H 167 
   1872 56.9 0.0 CA 164 
   990 8.61 0.0 H 91 
   1192 119.5 0.0 N 107 
   1352 -0.19 0.0 HD12 123 
   750 7.02 0.0 HZ2 73 
   1888 1.0 0.0 HG13 166 
   759 123.7 0.0 CH2 73 
   201 4.74 0.0 HA 28 
   1065 27.8 0.0 CG1 96 
   1994 112.7 0.0 ND2 174 
   1108 1.25 0.0 HG21 100 
   1427 129.2 0.0 CZ 129 
   675 2.44 0.0 HB3 66 
   1115 7.25 0.0 H 101 
   217 1.44 0.0 HG3 30 
   1193 4.13 0.0 HA 108 
   616 2.1 0.0 HB2 62 
   1399 40.2 0.0 CB 127 
   1211 30.2 0.0 CB 109 
   665 1.81 0.0 HB3 65 
   473 57.4 0.0 CA 49 
   1806 28.7 0.0 CG 159 
   2002 6.84 0.0 HE22 175 
   1316 120.9 0.0 N 119 
   792 2.95 0.0 HE2 76 
   1084 7.38 0.0 HD2 98 
   1447 2.29 0.0 HB3 131 
   1534 20.4 0.0 CG1 137 
   570 121.1 0.0 N 57 
   982 0.71 0.0 HD12 90 
   1174 1.34 0.0 HB2 106 
   638 3.25 0.0 HD3 63 
   234 27.1 0.0 CG 31 
   65 1.01 0.0 HG13 17 
   1008 6.45 0.0 HZ 92 
   1792 30.6 0.0 CB 158 
   1850 4.04 0.0 HA 163 
   148 4.56 0.0 HA 24 
   169 1.29 0.0 HG3 25 
   883 0.77 0.0 HD22 83 
   7 4.11 0.0 HA 12 
   1514 4.26 0.0 HA 136 
   70 32.2 0.0 CB 17 
   357 24.3 0.0 CD2 40 
   700 31.8 0.0 CB 68 
   1932 57.3 0.0 CA 169 
   1141 31.9 0.0 CB 103 
   1209 2.43 0.0 HG3 109 
   1414 3.1 0.0 HB2 129 
   271 1.77 0.0 HG 35 
   746 2.21 0.0 HB3 73 
   647 1.83 0.0 HB2 64 
   315 22.1 0.0 CG2 37 
   684 6.71 0.0 HD22 67 
   1810 2.55 0.0 HB2 160 
   1563 122.6 0.0 N 139 
   1276 128.2 0.0 N 115 
   1214 7.93 0.0 H 110 
   1622 8.62 0.0 H 145 
   801 5.55 0.0 HA 77 
   42 58.2 0.0 CA 15 
   78 0.94 0.0 HG12 18 
   1626 1.11 0.0 HG 145 
   297 122.1 0.0 CE3 36 
   439 0.98 0.0 HD21 47 
   1908 59.4 0.0 CA 167 
   1229 22.5 0.0 CD2 110 
   1936 8.48 0.0 H 170 
   1586 10.28 0.0 H 142 
   227 2.02 0.0 HB3 31 
   1157 0.33 0.0 HG12 105 
   371 25.0 0.0 CG 41 
   1329 1.25 0.0 HB2 122 
   276 1.01 0.0 HD22 35 
   186 65.4 0.0 CA 26 
   1453 30.7 0.0 CB 131 
   1311 3.21 0.0 HD3 119 
   859 4.82 0.0 HA 81 
   659 24.3 0.0 CD1 64 
   1171 8.88 0.0 H 106 
   1618 29.7 0.0 CB 144 
   1416 7.05 0.0 HD1 129 
   571 7.96 0.0 H 58 
   1470 23.5 0.0 CD1 132 
   899 0.64 0.0 HD21 84 
   326 28.0 0.0 CB 38 
   1363 2.78 0.0 HB3 124 
   600 9.85 0.0 HE1 61 
   171 1.6 0.0 HD3 25 
   1851 2.24 0.0 HB2 163 
   525 119.5 0.0 N 53 
   1993 121.0 0.0 N 174 
   872 39.0 0.0 CB 82 
   704 123.1 0.0 N 68 
   421 117.4 0.0 N 45 
   139 1.13 0.0 HG21 23 
   989 113.7 0.0 N 90 
   422 111.4 0.0 NE2 45 
   85 21.7 0.0 CG1 18 
   182 3.96 0.0 HB 26 
   1519 53.4 0.0 CA 136 
   1170 124.1 0.0 N 105 
   264 28.8 0.0 CB 34 
   584 51.8 0.0 CA 59 
   701 24.4 0.0 CG 68 
   923 121.7 0.0 N 85 
   1415 3.22 0.0 HB3 129 
   1097 1.5 0.0 HG2 99 
   1303 117.4 0.0 CE2 118 
   250 3.34 0.0 HD2 33 
   723 1.1 0.0 HG21 71 
   1653 1.22 0.0 HB3 147 
   431 8.42 0.0 H 47 
   1247 1.3 0.0 HG2 113 
   1055 1.32 0.0 HG12 96 
   266 121.5 0.0 N 34 
   5 40.9 0.0 CB 11 
   1635 26.4 0.0 CG 145 
   1796 115.7 0.0 N 158 
   31 68.6 0.0 CB 14 
   913 1.18 0.0 HG3 85 
   429 62.7 0.0 CB 46 
   382 29.2 0.0 CB 42 
   364 1.73 0.0 HG3 41 
   214 1.05 0.0 HB2 30 
   666 1.89 0.0 HG2 65 
   448 8.86 0.0 H 48 
   67 1.1 0.0 HG22 17 
   953 7.16 0.0 HD1 88 
   152 1.0 0.0 HD11 24 
   1705 2.09 0.0 HG3 152 
   528 4.38 0.0 HA 54 
   1156 1.26 0.0 HB 105 
   755 123.5 0.0 CD1 73 
   895 1.54 0.0 HG 84 
   1280 2.0 0.0 HB3 116 
   693 1.46 0.0 HG2 68 
   1866 1.45 0.0 HG2 164 
   1260 4.63 0.0 HA 114 
   1980 2.81 0.0 HB2 173 
   1910 25.3 0.0 CG1 167 
   402 6.81 0.0 HE2 44 
   156 1.18 0.0 HD22 24 
   725 1.1 0.0 HG23 71 
   487 38.5 0.0 CB 50 
   1205 4.3 0.0 HA 109 
   213 2.52 0.0 HA 30 
   380 2.69 0.0 HG3 42 
   1234 2.72 0.0 HB3 111 
   678 111.7 0.0 N 66 
   1943 1.6 0.0 HD3 170 
   1828 26.2 0.0 CG 161 
   8 2.03 0.0 HB2 12 
   1753 53.8 0.0 CA 155 
   25 4.07 0.0 HA 14 
   635 1.6 0.0 HG2 63 
   1163 0.43 0.0 HD12 105 
   1454 27.9 0.0 CG 131 
   1449 2.12 0.0 HG3 131 
   151 1.7 0.0 HG 24 
   655 0.91 0.0 HD23 64 
   1039 8.7 0.0 CD1 94 
   802 2.94 0.0 HB2 77 
   652 0.91 0.0 HD13 64 
   1532 60.5 0.0 CA 137 
   1711 51.4 0.0 CD 152 
   642 26.9 0.0 CG 63 
   1799 2.07 0.0 HB3 159 
   1088 42.0 0.0 CB 98 
   1874 26.3 0.0 CG 164 
   495 2.1 0.0 HB 51 
   1126 3.87 0.0 HA 102 
   1262 1.17 0.0 HG21 114 
   114 -0.19 0.0 HD12 21 
   1651 1.22 0.0 HB1 147 
   880 0.82 0.0 HD12 83 
   1721 6.62 0.0 HH2 153 
   673 4.75 0.0 HA 66 
   878 1.45 0.0 HG 83 
   1783 0.82 0.0 HG12 158 
   708 2.23 0.0 HB3 69 
   804 55.2 0.0 CA 77 
   118 27.5 0.0 CG1 21 
   1160 0.67 0.0 HG22 105 
   771 54.9 0.0 CA 74 
   582 6.69 0.0 HD21 59 
   1012 131.3 0.0 CD2 92 
   1031 0.7 0.0 HG23 94 
   63 1.01 0.0 HG11 17 
   811 7.03 0.0 HD1 78 
   1110 1.25 0.0 HG23 100 
   1000 8.46 0.0 H 92 
   458 0.92 0.0 HD13 48 
   563 7.52 0.0 H 57 
   1726 113.9 0.0 CZ2 153 
   1309 1.68 0.0 HG3 119 
   281 22.8 0.0 CD1 35 
   1886 1.0 0.0 HG11 166 
   379 2.4 0.0 HG2 42 
   1207 2.39 0.0 HB3 109 
   1743 42.6 0.0 CB 154 
   1885 2.17 0.0 HB 166 
   970 54.7 0.0 CA 89 
   504 23.6 0.0 CG1 51 
   1762 0.93 0.0 HG21 156 
   1657 8.89 0.0 H 148 
   359 7.57 0.0 H 41 
   1521 116.3 0.0 N 136 
   1450 3.64 0.0 HD2 131 
   732 1.63 0.0 HB2 72 
   1297 6.74 0.0 HE2 118 
   1328 4.58 0.0 HA 122 
   1005 6.51 0.0 HD2 92 
   1486 120.1 0.0 CE3 133 
   697 3.0 0.0 HE2 68 
   96 4.35 0.0 HA 20 
   307 0.99 0.0 HG12 37 
   1184 0.58 0.0 HG13 107 
   735 1.63 0.0 HG3 72 
   1500 7.5 0.0 H 135 
   1075 60.5 0.0 CA 97 
   1965 1.85 0.0 HB3 172 
   257 9.25 0.0 H 34 
   609 113.7 0.0 CZ2 61 
   753 55.4 0.0 CA 73 
   87 118.3 0.0 N 18 
   1485 126.6 0.0 CD1 133 
   1442 29.4 0.0 CD 130 
   1105 8.2 0.0 H 100 
   1826 57.4 0.0 CA 161 
   1526 0.66 0.0 HG11 137 
   1396 2.61 0.0 HB2 127 
   710 2.54 0.0 HG3 69 
   631 8.75 0.0 H 63 
   1750 1.43 0.0 HB1 155 
   26 4.2 0.0 HB 14 
   1146 1.71 0.0 HB2 104 
   1129 0.01 0.0 HB3 102 
   851 0.82 0.0 HD13 80 
   28 1.24 0.0 HG22 14 
   1553 1.46 0.0 HG3 139 
   295 29.5 0.0 CB 36 
   640 54.8 0.0 CA 63 
   29 1.24 0.0 HG23 14 
   1068 118.2 0.0 N 96 
   1266 68.6 0.0 CB 114 
   670 36.3 0.0 CG 65 
   1952 8.55 0.0 H 171 
   226 1.82 0.0 HB2 31 
   1844 38.3 0.0 CB 162 
   910 1.51 0.0 HB2 85 
   1642 2.46 0.0 HB3 146 
   1906 0.85 0.0 HD12 167 
   1498 18.5 0.0 CB 134 
   44 27.3 0.0 CG 15 
   1576 127.3 0.0 CD2 140 
   881 0.82 0.0 HD13 83 
   1887 1.0 0.0 HG12 166 
   71 21.1 0.0 CG1 17 
   1941 1.38 0.0 HG3 170 
   835 44.0 0.0 CB 79 
   902 53.6 0.0 CA 84 
   1407 57.1 0.0 CA 128 
   1117 3.67 0.0 HB 101 
   1402 4.57 0.0 HA 128 
   696 1.69 0.0 HD3 68 
   543 1.6 0.0 HD2 55 
   263 59.6 0.0 CA 34 
   202 1.47 0.0 HB1 28 
   603 6.87 0.0 HZ3 61 
   1412 7.96 0.0 H 129 
   1222 0.68 0.0 HD21 110 
   86 22.0 0.0 CG2 18 
   1035 55.2 0.0 CA 94 
   919 34.2 0.0 CB 85 
   306 0.99 0.0 HG11 37 
   731 5.02 0.0 HA 72 
   1102 33.2 0.0 CB 99 
   147 9.12 0.0 H 24 
   102 30.1 0.0 CB 20 
   1248 1.36 0.0 HG3 113 
   649 1.83 0.0 HG 64 
   1389 1.41 0.0 HG23 126 
   1805 30.6 0.0 CB 159 
   996 55.2 0.0 CA 91 
   400 7.33 0.0 HD2 44 
   774 131.7 0.0 CD2 74 
   946 34.7 0.0 CB 87 
   1332 1.23 0.0 HG3 122 
   914 1.27 0.0 HD2 85 
   1046 3.51 0.0 HD2 95 
   1632 0.45 0.0 HD23 145 
   763 5.33 0.0 HA 74 
   1429 8.59 0.0 H 130 
   89 4.33 0.0 HA 19 
   1525 1.75 0.0 HB 137 
   27 1.24 0.0 HG21 14 
   854 27.8 0.0 CG1 80 
   1176 50.2 0.0 CA 106 
   1603 9.24 0.0 H 143 
   1904 0.95 0.0 HG23 167 
   938 129.3 0.0 N 86 
   430 114.9 0.0 N 46 
   733 1.73 0.0 HB3 72 
   1268 110.1 0.0 N 114 
   1063 64.5 0.0 CA 96 
   1243 8.33 0.0 H 113 
   435 1.91 0.0 HG 47 
   1845 29.2 0.0 CG1 162 
   612 121.9 0.0 N 61 
   119 17.2 0.0 CG2 21 
   962 129.6 0.0 CE1 88 
   410 8.21 0.0 H 45 
   1966 1.35 0.0 HG2 172 
   1601 22.0 0.0 CD2 142 
   434 2.21 0.0 HB3 47 
   1016 112.7 0.0 N 92 
   1837 0.81 0.0 HG21 162 
   721 4.41 0.0 HA 71 
   91 3.98 0.0 HB3 19 
   898 0.41 0.0 HD13 84 
   133 8.04 0.0 H 23 
   941 1.9 0.0 HB2 87 
   814 7.17 0.0 HZ2 78 
   1252 3.12 0.0 HE3 113 
   924 9.53 0.0 H 86 
   1834 1.39 0.0 HB 162 
   1406 8.19 0.0 HE1 128 
   1067 13.2 0.0 CD1 96 
   423 8.3 0.0 H 46 
   219 3.47 0.0 HD3 30 
   1902 0.95 0.0 HG21 167 
   981 0.71 0.0 HD11 90 
   518 4.48 0.0 HA 53 
   744 4.72 0.0 HA 73 
   1995 8.36 0.0 H 175 
   270 1.81 0.0 HB3 35 
   1283 119.1 0.0 N 116 
   1368 4.45 0.0 HA 125 
   840 121.1 0.0 N 79 
   876 1.57 0.0 HB2 83 
   1231 7.36 0.0 H 111 
   1539 1.47 0.0 HB3 138 
   478 8.25 0.0 H 50 
   318 4.09 0.0 HA 38 
   1730 127.7 0.0 NE1 153 
   343 3.56 0.0 HA 40 
   909 4.75 0.0 HA 85 
   1543 3.45 0.0 HD3 138 
   754 30.6 0.0 CB 73 
   530 3.06 0.0 HB3 54 
