   1996 4.26 0.0 HA 175 
   185 1.25 0.0 HG23 26 
   210 4.82 0.0 HA3 29 
   111 0.18 0.0 HG22 21 
   1604 3.75 0.0 HA 143 
   1708 64.6 0.0 CA 152 
   1124 114.3 0.0 N 101 
   547 60.5 0.0 CA 55 
   1383 126.2 0.0 N 125 
   1481 7.04 0.0 HZ3 133 
   270 1.81 0.0 HB3 35 
   1014 129.9 0.0 CE2 92 
   1277 8.32 0.0 H 116 
   737 3.19 0.0 HD3 72 
   1454 27.9 0.0 CG 131 
   1879 3.97 0.0 HA2 165 
   329 113.9 0.0 NE2 38 
   654 0.91 0.0 HD22 64 
   1278 4.0 0.0 HA 116 
   950 5.09 0.0 HA 88 
   1176 50.2 0.0 CA 106 
   963 129.6 0.0 CE2 88 
   303 7.5 0.0 H 37 
   269 1.46 0.0 HB2 35 
   634 1.82 0.0 HB3 63 
   948 122.6 0.0 N 87 
   1635 26.4 0.0 CG 145 
   734 1.5 0.0 HG2 72 
   899 0.64 0.0 HD21 84 
   1843 65.1 0.0 CA 162 
   1956 2.2 0.0 HG2 171 
   1702 1.82 0.0 HB2 152 
   1993 121.0 0.0 N 174 
   1654 55.8 0.0 CA 147 
   1259 7.31 0.0 H 114 
   1534 20.4 0.0 CG1 137 
   1709 32.1 0.0 CB 152 
   1861 111.2 0.0 NE2 163 
   1657 8.89 0.0 H 148 
   1053 3.78 0.0 HA 96 
   374 118.4 0.0 N 41 
   696 1.69 0.0 HD3 68 
   107 1.29 0.0 HB 21 
   885 57.1 0.0 CA 83 
   682 3.59 0.0 HB3 67 
   533 55.3 0.0 CA 54 
   1413 4.07 0.0 HA 129 
   532 7.24 0.0 HD22 54 
   1039 8.7 0.0 CD1 94 
   1801 2.05 0.0 HG3 159 
   145 22.0 0.0 CG2 23 
   495 2.1 0.0 HB 51 
   1977 122.0 0.0 N 172 
   1966 1.35 0.0 HG2 172 
   497 0.78 0.0 HG12 51 
   57 27.3 0.0 CG 16 
   1895 21.8 0.0 CG2 166 
   1731 8.68 0.0 H 154 
   1035 55.2 0.0 CA 94 
   204 1.47 0.0 HB3 28 
   293 7.05 0.0 HH2 36 
   1638 121.2 0.0 N 145 
   1398 56.8 0.0 CA 127 
   1827 41.4 0.0 CB 161 
   1864 1.76 0.0 HB2 164 
   498 0.78 0.0 HG13 51 
   1468 41.9 0.0 CB 132 
   1693 23.0 0.0 CD1 150 
   1273 1.43 0.0 HB3 115 
   1079 7.67 0.0 H 98 
   592 54.1 0.0 CA 60 
   1568 6.2 0.0 HD1 140 
   1350 -0.36 0.0 HG23 123 
   943 2.0 0.0 HG2 87 
   44 27.3 0.0 CG 15 
   1113 21.6 0.0 CG2 100 
   546 2.84 0.0 HE3 55 
   1667 0.92 0.0 HD23 148 
   100 2.4 0.0 HG3 20 
   1928 4.05 0.0 HA 169 
   1315 42.9 0.0 CD 119 
   782 45.8 0.0 CA 75 
   376 4.12 0.0 HA 42 
   238 4.9 0.0 HA 32 
   1840 0.01 0.0 HD11 162 
   1028 2.13 0.0 HG13 94 
   836 131.9 0.0 CD1 79 
   1432 2.04 0.0 HB3 130 
   382 29.2 0.0 CB 42 
   1189 31.4 0.0 CB 107 
   226 1.82 0.0 HB2 31 
   1274 52.6 0.0 CA 115 
   1952 8.55 0.0 H 171 
   122 4.51 0.0 HA 22 
   1371 1.35 0.0 HG 125 
   273 0.91 0.0 HD12 35 
   1376 0.33 0.0 HD22 125 
   169 1.29 0.0 HG3 25 
   1855 7.42 0.0 HE21 163 
   1798 1.66 0.0 HB2 159 
   921 29.2 0.0 CD 85 
   901 0.64 0.0 HD23 84 
   1455 50.3 0.0 CD 131 
   1314 27.1 0.0 CG 119 
   394 120.6 0.0 N 43 
   672 7.8 0.0 H 66 
   1473 8.49 0.0 H 133 
   755 123.5 0.0 CD1 73 
   877 2.1 0.0 HB3 83 
   1809 4.33 0.0 HA 160 
   854 27.8 0.0 CG1 80 
   914 1.27 0.0 HD2 85 
   264 28.8 0.0 CB 34 
   79 0.94 0.0 HG13 18 
   1380 26.3 0.0 CG 125 
   767 6.87 0.0 HD2 74 
   628 133.7 0.0 CE2 62 
   984 58.5 0.0 CA 90 
   191 4.6 0.0 HA 27 
   464 118.5 0.0 N 48 
   1489 123.1 0.0 CH2 133 
   1386 4.54 0.0 HB 126 
   624 40.9 0.0 CB 62 
   1889 1.0 0.0 HG21 166 
   1237 119.9 0.0 N 111 
   1186 0.93 0.0 HG22 107 
   1275 18.9 0.0 CB 115 
   442 58.8 0.0 CA 47 
   1776 57.3 0.0 CA 157 
   6 8.75 0.0 H 12 
   255 43.1 0.0 CD 33 
   1223 0.68 0.0 HD22 110 
   1937 4.24 0.0 HA 170 
   621 5.55 0.0 HE2 62 
   1218 1.35 0.0 HG 110 
   475 26.1 0.0 CG 49 
   1254 33.3 0.0 CB 113 
   609 113.7 0.0 CZ2 61 
   1022 43.0 0.0 CB 93 
   1733 1.24 0.0 HB2 154 
   693 1.46 0.0 HG2 68 
   1807 49.4 0.0 CD 159 
   1005 6.51 0.0 HD2 92 
   872 39.0 0.0 CB 82 
   1640 4.36 0.0 HA 146 
   1269 8.73 0.0 H 115 
   968 2.72 0.0 HB2 89 
   1118 1.08 0.0 HG21 101 
   368 2.96 0.0 HE3 41 
   1812 57.2 0.0 CA 160 
   1794 18.6 0.0 CG2 158 
   815 6.61 0.0 HZ3 78 
   1336 2.91 0.0 HE3 122 
   1995 8.36 0.0 H 175 
   991 5.29 0.0 HA 91 
   1461 0.93 0.0 HD11 132 
   1688 1.16 0.0 HD22 150 
   985 42.8 0.0 CB 90 
   135 2.37 0.0 HB 23 
   213 2.52 0.0 HA 30 
   2007 112.3 0.0 NE2 175 
   450 1.98 0.0 HB 48 
   1091 118.2 0.0 CE1 98 
   1602 125.0 0.0 N 142 
   1848 120.1 0.0 N 162 
   310 1.13 0.0 HG22 37 
   1969 1.65 0.0 HD3 172 
   530 3.06 0.0 HB3 54 
   343 3.56 0.0 HA 40 
   1335 2.91 0.0 HE2 122 
   1716 7.36 0.0 HD1 153 
   1287 1.89 0.0 HE2 117 
   1626 1.11 0.0 HG 145 
   626 132.0 0.0 CD2 62 
   895 1.54 0.0 HG 84 
   367 2.96 0.0 HE2 41 
   1102 33.2 0.0 CB 99 
   638 3.25 0.0 HD3 63 
   635 1.6 0.0 HG2 63 
   1356 24.8 0.0 CG1 123 
   1144 8.6 0.0 H 104 
   1829 26.1 0.0 CD1 161 
   1825 0.73 0.0 HD23 161 
   1769 113.1 0.0 N 156 
   1401 7.93 0.0 H 128 
   1547 48.1 0.0 CD 138 
   469 1.74 0.0 HG2 49 
   1043 2.39 0.0 HB3 95 
   1713 4.06 0.0 HA 153 
   1784 1.49 0.0 HG13 158 
   1020 2.67 0.0 HB3 93 
   80 1.01 0.0 HG21 18 
   1210 58.3 0.0 CA 109 
   1405 7.06 0.0 HD2 128 
   1440 29.7 0.0 CB 130 
   483 7.26 0.0 HD2 50 
   325 58.3 0.0 CA 38 
   407 117.8 0.0 CE1 44 
   342 8.86 0.0 H 40 
   1571 6.77 0.0 HE2 140 
   1392 21.7 0.0 CG2 126 
   71 21.1 0.0 CG1 17 
   73 119.6 0.0 N 17 
   945 54.3 0.0 CA 87 
   739 32.8 0.0 CB 72 
   662 8.9 0.0 H 65 
   1521 116.3 0.0 N 136 
   670 36.3 0.0 CG 65 
   989 113.7 0.0 N 90 
   1502 1.71 0.0 HB2 135 
   1147 1.85 0.0 HB3 104 
   932 57.5 0.0 CA 86 
   928 7.33 0.0 HD1 86 
   1946 56.7 0.0 CA 170 
   149 1.51 0.0 HB2 24 
   1639 7.93 0.0 H 146 
   673 4.75 0.0 HA 66 
   176 24.6 0.0 CG 25 
   593 40.5 0.0 CB 60 
   48 4.19 0.0 HA 16 
   1941 1.38 0.0 HG3 170 
   1403 3.23 0.0 HB2 128 
   1957 2.2 0.0 HG3 171 
   811 7.03 0.0 HD1 78 
   448 8.86 0.0 H 48 
   1756 6.91 0.0 H 156 
   1140 61.6 0.0 CA 103 
   1981 2.88 0.0 HB3 173 
   1707 3.6 0.0 HD3 152 
   109 1.61 0.0 HG13 21 
   1777 29.2 0.0 CB 157 
   1268 110.1 0.0 N 114 
   103 36.3 0.0 CG 20 
   808 6.21 0.0 HA 78 
   1507 3.11 0.0 HD3 135 
   924 9.53 0.0 H 86 
   146 116.5 0.0 N 23 
   1565 4.03 0.0 HA 140 
   1378 54.2 0.0 CA 125 
   1991 53.2 0.0 CA 174 
   218 2.45 0.0 HD2 30 
   1888 1.0 0.0 HG13 166 
   586 116.4 0.0 N 59 
   563 7.52 0.0 H 57 
   893 0.6 0.0 HB2 84 
   542 1.59 0.0 HG3 55 
   1360 7.71 0.0 H 124 
   1292 2.84 0.0 HB2 118 
   1060 0.87 0.0 HD11 96 
   1698 3.72 0.0 HA3 151 
   349 0.84 0.0 HD13 40 
   344 0.97 0.0 HB2 40 
   1810 2.55 0.0 HB2 160 
   1609 18.0 0.0 CB 143 
   778 117.0 0.0 N 74 
   1348 -0.36 0.0 HG21 123 
   5 40.9 0.0 CB 11 
   1968 1.65 0.0 HD2 172 
   642 26.9 0.0 CG 63 
   1715 3.56 0.0 HB3 153 
   184 1.25 0.0 HG22 26 
   304 3.36 0.0 HA 37 
   1295 7.0 0.0 HD2 118 
   1897 6.85 0.0 H 167 
   1345 0.37 0.0 HB 123 
   1321 113.5 0.0 N 120 
   98 2.19 0.0 HB3 20 
   256 121.0 0.0 N 33 
   1173 1.34 0.0 HB1 106 
   591 2.96 0.0 HB3 60 
   1293 3.08 0.0 HB3 118 
   571 7.96 0.0 H 58 
   1243 8.33 0.0 H 113 
   1310 3.21 0.0 HD2 119 
   321 2.45 0.0 HG2 38 
   1056 1.48 0.0 HG13 96 
   183 1.25 0.0 HG21 26 
   1184 0.58 0.0 HG13 107 
   386 4.33 0.0 HA 43 
   228 1.58 0.0 HG2 31 
   1679 7.83 0.0 H 150 
   1484 27.6 0.0 CB 133 
   1004 6.51 0.0 HD1 92 
   545 2.84 0.0 HE2 55 
   777 129.4 0.0 CZ 74 
   1069 7.01 0.0 H 97 
   1216 1.6 0.0 HB2 110 
   488 131.7 0.0 CD1 50 
   1437 2.99 0.0 HE2 130 
   43 30.1 0.0 CB 15 
   1564 6.28 0.0 H 140 
   428 62.8 0.0 CA 46 
   622 5.65 0.0 HZ 62 
   751 6.65 0.0 HZ3 73 
   1246 1.82 0.0 HB3 113 
   1289 36.0 0.0 CG 117 
   316 116.1 0.0 N 37 
   411 4.15 0.0 HA 45 
   1241 45.8 0.0 CA 112 
   1614 3.34 0.0 HB3 144 
   1214 7.93 0.0 H 110 
   319 2.23 0.0 HB2 38 
   1308 1.58 0.0 HG2 119 
   1219 0.5 0.0 HD11 110 
   2003 56.0 0.0 CA 175 
   531 4.55 0.0 HD21 54 
   1632 0.45 0.0 HD23 145 
   1757 3.87 0.0 HA 156 
   763 5.33 0.0 HA 74 
   1104 49.5 0.0 CD 99 
   983 0.71 0.0 HD13 90 
   506 118.9 0.0 N 51 
   1168 17.5 0.0 CG2 105 
   253 28.7 0.0 CB 33 
   105 7.66 0.0 H 21 
   694 1.46 0.0 HG3 68 
   1504 1.59 0.0 HG2 135 
   1668 54.5 0.0 CA 148 
   964 128.3 0.0 CZ 88 
   90 3.98 0.0 HB2 19 
   1166 38.7 0.0 CB 105 
   161 27.0 0.0 CD1 24 
   956 7.18 0.0 HE2 88 
   1763 0.93 0.0 HG22 156 
   575 55.3 0.0 CA 58 
   1320 45.5 0.0 CA 120 
   680 4.76 0.0 HA 67 
   727 69.3 0.0 CB 71 
   995 2.13 0.0 HG3 91 
   3 2.76 0.0 HB3 11 
   614 6.81 0.0 H 62 
   391 58.5 0.0 CA 43 
   1619 115.6 0.0 CD2 144 
   1034 0.45 0.0 HD13 94 
   148 4.56 0.0 HA 24 
   336 2.71 0.0 HD2 39 
   1673 110.9 0.0 N 148 
   484 6.97 0.0 HE1 50 
   1770 7.92 0.0 H 157 
   1298 53.1 0.0 CA 118 
   1096 2.2 0.0 HB3 99 
   12 58.2 0.0 CA 12 
   1152 35.9 0.0 CG 104 
   1305 4.25 0.0 HA 119 
   1832 8.16 0.0 H 162 
   318 4.09 0.0 HA 38 
   178 41.8 0.0 CE 25 
   279 42.7 0.0 CB 35 
   756 119.8 0.0 CE3 73 
   1001 4.95 0.0 HA 92 
   436 0.93 0.0 HD11 47 
   1294 7.0 0.0 HD1 118 
   587 110.7 0.0 ND2 59 
   1062 0.87 0.0 HD13 96 
   852 59.6 0.0 CA 80 
   524 37.4 0.0 CB 53 
   658 27.3 0.0 CG 64 
   913 1.18 0.0 HG3 85 
   1088 42.0 0.0 CB 98 
   284 8.01 0.0 H 36 
   967 5.42 0.0 HA 89 
   1636 25.8 0.0 CD1 145 
   1032 0.45 0.0 HD11 94 
   1015 127.8 0.0 CZ 92 
   426 3.98 0.0 HB3 46 
   1077 22.0 0.0 CG2 97 
   1868 1.5 0.0 HD2 164 
   1529 1.08 0.0 HG21 137 
   1302 117.4 0.0 CE1 118 
   1649 8.35 0.0 H 147 
   211 44.9 0.0 CA 29 
   1151 30.1 0.0 CB 104 
   746 2.21 0.0 HB3 73 
   1207 2.39 0.0 HB3 109 
   420 34.2 0.0 CG 45 
   1729 118.4 0.0 N 153 
   1117 3.67 0.0 HB 101 
   358 120.3 0.0 N 40 
   733 1.73 0.0 HB3 72 
   583 7.7 0.0 HD22 59 
   1409 120.2 0.0 CD2 128 
   1027 1.78 0.0 HG12 94 
   1347 0.7 0.0 HG13 123 
   31 68.6 0.0 CB 14 
   1390 62.4 0.0 CA 126 
   1084 7.38 0.0 HD2 98 
   1052 8.69 0.0 H 96 
   320 2.23 0.0 HB3 38 
   1361 4.44 0.0 HA 124 
   1558 57.9 0.0 CA 139 
   840 121.1 0.0 N 79 
   1572 6.2 0.0 HZ 140 
   685 51.6 0.0 CA 67 
   1155 3.79 0.0 HA 105 
   496 0.78 0.0 HG11 51 
   975 1.75 0.0 HB 90 
   1791 63.4 0.0 CA 158 
   1288 1.89 0.0 HE3 117 
   1599 26.2 0.0 CG 142 
   1961 119.4 0.0 N 171 
   664 1.55 0.0 HB2 65 
