   729 107.9 0.0 N 71 
   437 0.93 0.0 HD12 47 
   391 58.5 0.0 CA 43 
   1190 20.0 0.0 CG1 107 
   1295 7.0 0.0 HD2 118 
   1962 8.44 0.0 H 172 
   1775 1.28 0.0 HG3 157 
   838 117.3 0.0 CE1 79 
   483 7.26 0.0 HD2 50 
   1652 1.22 0.0 HB2 147 
   683 7.79 0.0 HD21 67 
   528 4.38 0.0 HA 54 
   326 28.0 0.0 CB 38 
   180 10.39 0.0 H 26 
   1972 56.3 0.0 CA 172 
   1763 0.93 0.0 HG22 156 
   112 0.18 0.0 HG23 21 
   1157 0.33 0.0 HG12 105 
   1362 2.23 0.0 HB2 124 
   961 131.7 0.0 CD2 88 
   393 34.7 0.0 CG 43 
   1900 0.81 0.0 HG12 167 
   1247 1.3 0.0 HG2 113 
   946 34.7 0.0 CB 87 
   942 1.9 0.0 HB3 87 
   518 4.48 0.0 HA 53 
   1558 57.9 0.0 CA 139 
   730 7.61 0.0 H 72 
   1946 56.7 0.0 CA 170 
   1450 3.64 0.0 HD2 131 
   821 114.1 0.0 CZ2 78 
   2000 2.31 0.0 HG3 175 
   773 131.7 0.0 CD1 74 
   279 42.7 0.0 CB 35 
   1264 1.17 0.0 HG23 114 
   171 1.6 0.0 HD3 25 
   96 4.35 0.0 HA 20 
   1035 55.2 0.0 CA 94 
   945 54.3 0.0 CA 87 
   848 0.64 0.0 HG23 80 
   1950 41.8 0.0 CE 170 
   1120 1.08 0.0 HG23 101 
   381 59.1 0.0 CA 42 
   667 2.03 0.0 HG3 65 
   306 0.99 0.0 HG11 37 
   1730 127.7 0.0 NE1 153 
   582 6.69 0.0 HD21 59 
   1359 117.1 0.0 N 123 
   815 6.61 0.0 HZ3 78 
   424 4.12 0.0 HA 46 
   1628 -0.05 0.0 HD12 145 
   1503 1.86 0.0 HB3 135 
   1467 57.9 0.0 CA 132 
   1417 7.05 0.0 HD2 129 
   1029 0.7 0.0 HG21 94 
   57 27.3 0.0 CG 16 
   462 17.0 0.0 CG2 48 
   100 2.4 0.0 HG3 20 
   98 2.19 0.0 HB3 20 
   1852 2.24 0.0 HB3 163 
   324 8.08 0.0 HE22 38 
   1534 20.4 0.0 CG1 137 
   1067 13.2 0.0 CD1 96 
   414 2.54 0.0 HG2 45 
   679 8.15 0.0 H 67 
   1981 2.88 0.0 HB3 173 
   1732 3.58 0.0 HA 154 
   411 4.15 0.0 HA 45 
   556 2.93 0.0 HB3 56 
   947 37.4 0.0 CG 87 
   1100 3.8 0.0 HD3 99 
   1701 4.25 0.0 HA 152 
   451 1.26 0.0 HG12 48 
   1005 6.51 0.0 HD2 92 
   1949 29.2 0.0 CD 170 
   1293 3.08 0.0 HB3 118 
   891 7.9 0.0 H 84 
   622 5.65 0.0 HZ 62 
   1705 2.09 0.0 HG3 152 
   983 0.71 0.0 HD13 90 
   1000 8.46 0.0 H 92 
   1396 2.61 0.0 HB2 127 
   746 2.21 0.0 HB3 73 
   38 1.59 0.0 HG2 15 
   950 5.09 0.0 HA 88 
   1855 7.42 0.0 HE21 163 
   1825 0.73 0.0 HD23 161 
   1572 6.2 0.0 HZ 140 
   1955 2.09 0.0 HB3 171 
   172 2.92 0.0 HE2 25 
   1388 1.41 0.0 HG22 126 
   645 8.7 0.0 H 64 
   1903 0.95 0.0 HG22 167 
   1449 2.12 0.0 HG3 131 
   1040 121.6 0.0 N 94 
   1750 1.43 0.0 HB1 155 
   1527 0.66 0.0 HG12 137 
   1700 105.7 0.0 N 151 
   787 1.49 0.0 HB3 76 
   379 2.4 0.0 HG2 42 
   836 131.9 0.0 CD1 79 
   932 57.5 0.0 CA 86 
   478 8.25 0.0 H 50 
   1607 1.04 0.0 HB3 143 
   215 1.42 0.0 HB3 30 
   759 123.7 0.0 CH2 73 
   1454 27.9 0.0 CG 131 
   1521 116.3 0.0 N 136 
   1077 22.0 0.0 CG2 97 
   1177 21.6 0.0 CB 106 
   723 1.1 0.0 HG21 71 
   1721 6.62 0.0 HH2 153 
   1385 4.28 0.0 HA 126 
   1174 1.34 0.0 HB2 106 
   318 4.09 0.0 HA 38 
   987 19.5 0.0 CG2 90 
   1641 2.2 0.0 HB2 146 
   749 7.03 0.0 HE3 73 
   1888 1.0 0.0 HG13 166 
   690 3.96 0.0 HA 68 
   1683 1.88 0.0 HG 150 
   1796 115.7 0.0 N 158 
   1134 0.87 0.0 HB2 103 
   476 42.2 0.0 CD 49 
   1041 4.62 0.0 HA 95 
   2007 112.3 0.0 NE2 175 
   1540 1.25 0.0 HG2 138 
   1237 119.9 0.0 N 111 
   475 26.1 0.0 CG 49 
   1294 7.0 0.0 HD1 118 
   874 8.23 0.0 H 83 
   453 0.97 0.0 HG21 48 
   954 7.16 0.0 HD2 88 
   1487 113.9 0.0 CZ2 133 
   261 2.42 0.0 HG2 34 
   630 115.3 0.0 N 62 
   1883 7.79 0.0 H 166 
   1839 0.81 0.0 HG23 162 
   585 39.9 0.0 CB 59 
   1099 3.44 0.0 HD2 99 
   232 56.1 0.0 CA 31 
   955 7.18 0.0 HE1 88 
   876 1.57 0.0 HB2 83 
   1025 4.37 0.0 HA 94 
   1482 7.06 0.0 HH2 133 
   878 1.45 0.0 HG 83 
   229 1.65 0.0 HG3 31 
   1347 0.7 0.0 HG13 123 
   598 4.08 0.0 HB3 61 
   1485 126.6 0.0 CD1 133 
   849 0.82 0.0 HD11 80 
   68 1.1 0.0 HG23 17 
   507 8.37 0.0 H 52 
   832 6.69 0.0 HE1 79 
   951 2.71 0.0 HB2 88 
   1749 3.86 0.0 HA 155 
   624 40.9 0.0 CB 62 
   1747 118.8 0.0 N 154 
   1815 7.82 0.0 H 161 
   1580 113.4 0.0 N 140 
   1978 8.4 0.0 H 173 
   299 120.3 0.0 CZ3 36 
   425 3.98 0.0 HB2 46 
   617 2.5 0.0 HB3 62 
   969 2.91 0.0 HB3 89 
   1330 1.47 0.0 HB3 122 
   294 58.7 0.0 CA 36 
   640 54.8 0.0 CA 63 
   633 1.82 0.0 HB2 63 
   142 61.6 0.0 CA 23 
   1444 118.4 0.0 N 130 
   1528 0.66 0.0 HG13 137 
   989 113.7 0.0 N 90 
   129 63.3 0.0 CA 22 
   823 123.5 0.0 CH2 78 
   1686 0.87 0.0 HD13 150 
   1951 123.6 0.0 N 170 
   1182 0.58 0.0 HG11 107 
   250 3.34 0.0 HD2 33 
   1597 57.5 0.0 CA 142 
   277 1.01 0.0 HD23 35 
   1130 49.7 0.0 CA 102 
   1441 26.5 0.0 CG 130 
   325 58.3 0.0 CA 38 
   1906 0.85 0.0 HD12 167 
   1142 27.9 0.0 CG 103 
   1505 1.72 0.0 HG3 135 
   546 2.84 0.0 HE3 55 
   1847 14.9 0.0 CD1 162 
   1148 2.07 0.0 HG2 104 
   1704 1.84 0.0 HG2 152 
   1667 0.92 0.0 HD23 148 
   455 0.97 0.0 HG23 48 
   1944 2.96 0.0 HE2 170 
   1325 45.6 0.0 CA 121 
   1931 7.31 0.0 HD2 169 
   1821 0.66 0.0 HD12 161 
   842 5.13 0.0 HA 80 
   1685 0.87 0.0 HD12 150 
   1336 2.91 0.0 HE3 122 
   1200 66.4 0.0 CA 108 
   86 22.0 0.0 CG2 18 
   870 2.87 0.0 HB3 82 
   1766 33.1 0.0 CB 156 
   136 0.96 0.0 HG11 23 
   1904 0.95 0.0 HG23 167 
   569 19.0 0.0 CB 57 
   1245 1.76 0.0 HB2 113 
   155 1.18 0.0 HD21 24 
   1811 2.55 0.0 HB3 160 
   990 8.61 0.0 H 91 
   1192 119.5 0.0 N 107 
   519 3.0 0.0 HB2 53 
   1037 26.8 0.0 CG1 94 
   1696 9.07 0.0 H 151 
   1648 117.1 0.0 N 146 
   1345 0.37 0.0 HB 123 
   328 118.6 0.0 N 38 
   1448 1.99 0.0 HG2 131 
   1706 3.08 0.0 HD2 152 
   1654 55.8 0.0 CA 147 
   73 119.6 0.0 N 17 
   1461 0.93 0.0 HD11 132 
   968 2.72 0.0 HB2 89 
   222 27.2 0.0 CG 30 
   77 0.94 0.0 HG11 18 
   825 131.3 0.0 NE1 78 
   501 0.8 0.0 HG23 51 
   463 13.2 0.0 CD1 48 
   115 -0.19 0.0 HD13 21 
   228 1.58 0.0 HG2 31 
   1248 1.36 0.0 HG3 113 
   523 55.6 0.0 CA 53 
   340 26.9 0.0 CG 39 
   808 6.21 0.0 HA 78 
   1865 2.04 0.0 HB3 164 
   302 125.7 0.0 NE1 36 
   1343 7.91 0.0 H 123 
   14 35.9 0.0 CG 12 
   629 131.9 0.0 CZ 62 
   627 133.7 0.0 CE1 62 
   1274 52.6 0.0 CA 115 
   496 0.78 0.0 HG11 51 
   1993 121.0 0.0 N 174 
   1659 1.74 0.0 HB2 148 
   517 8.47 0.0 H 53 
   1244 4.41 0.0 HA 113 
   1933 30.1 0.0 CB 169 
   235 43.1 0.0 CD 31 
   1121 59.6 0.0 CA 101 
   1154 8.55 0.0 H 105 
   1151 30.1 0.0 CB 104 
   812 10.66 0.0 HE1 78 
   4 54.1 0.0 CA 11 
   1375 0.33 0.0 HD21 125 
   1698 3.72 0.0 HA3 151 
   1092 116.0 0.0 CE2 98 
   1373 0.13 0.0 HD12 125 
   1321 113.5 0.0 N 120 
   670 36.3 0.0 CG 65 
   170 1.6 0.0 HD2 25 
   734 1.5 0.0 HG2 72 
   1530 1.08 0.0 HG22 137 
   201 4.74 0.0 HA 28 
   1500 7.5 0.0 H 135 
   839 117.3 0.0 CE2 79 
   639 7.37 0.0 HE 63 
   1163 0.43 0.0 HD12 105 
   420 34.2 0.0 CG 45 
   970 54.7 0.0 CA 89 
   1277 8.32 0.0 H 116 
   461 29.8 0.0 CG1 48 
   402 6.81 0.0 HE2 44 
   1929 2.59 0.0 HB2 169 
   1502 1.71 0.0 HB2 135 
   1884 4.04 0.0 HA 166 
   1273 1.43 0.0 HB3 115 
   1187 0.93 0.0 HG23 107 
   1239 4.25 0.0 HA2 112 
   12 58.2 0.0 CA 12 
   1831 118.0 0.0 N 161 
   981 0.71 0.0 HD11 90 
   101 56.0 0.0 CA 20 
   1257 42.5 0.0 CE 113 
   31 68.6 0.0 CB 14 
   1357 17.0 0.0 CG2 123 
   1813 41.7 0.0 CB 160 
   813 7.27 0.0 HE3 78 
   378 2.71 0.0 HB3 42 
   900 0.64 0.0 HD22 84 
   1003 3.68 0.0 HB3 92 
   782 45.8 0.0 CA 75 
   416 7.61 0.0 HE21 45 
   685 51.6 0.0 CA 67 
   1344 3.77 0.0 HA 123 
   1827 41.4 0.0 CB 161 
   658 27.3 0.0 CG 64 
   1943 1.6 0.0 HD3 170 
   977 1.29 0.0 HG13 90 
   1199 3.77 0.0 HD3 108 
   1998 2.08 0.0 HB3 175 
   1389 1.41 0.0 HG23 126 
   1752 1.43 0.0 HB3 155 
   1582 5.14 0.0 HA2 141 
   1063 64.5 0.0 CA 96 
   1285 2.4 0.0 HG3 117 
   967 5.42 0.0 HA 89 
   711 58.0 0.0 CA 69 
   1269 8.73 0.0 H 115 
   748 9.32 0.0 HE1 73 
   1296 6.74 0.0 HE1 118 
   1480 7.26 0.0 HZ2 133 
   1541 1.72 0.0 HG3 138 
   1526 0.66 0.0 HG11 137 
   684 6.71 0.0 HD22 67 
   587 110.7 0.0 ND2 59 
   445 25.4 0.0 CD1 47 
   1709 32.1 0.0 CB 152 
   282 25.2 0.0 CD2 35 
   864 34.3 0.0 CB 81 
   1952 8.55 0.0 H 171 
   1712 7.2 0.0 H 153 
   879 0.82 0.0 HD11 83 
   649 1.83 0.0 HG 64 
   1753 53.8 0.0 CA 155 
   1647 32.2 0.0 CG 146 
   1940 1.38 0.0 HG2 170 
   1720 6.36 0.0 HZ3 153 
   1879 3.97 0.0 HA2 165 
   265 36.3 0.0 CG 34 
   1507 3.11 0.0 HD3 135 
   973 8.46 0.0 H 90 
   122 4.51 0.0 HA 22 
   309 1.13 0.0 HG21 37 
   1421 62.4 0.0 CA 129 
   341 121.0 0.0 N 39 
   403 62.3 0.0 CA 44 
   1374 0.13 0.0 HD13 125 
   646 5.07 0.0 HA 64 
   508 3.88 0.0 HA 52 
   911 1.74 0.0 HB3 85 
   242 40.8 0.0 CB 32 
   1501 4.14 0.0 HA 135 
   1601 22.0 0.0 CD2 142 
   1723 29.6 0.0 CB 153 
   1338 32.9 0.0 CB 122 
   588 8.49 0.0 H 60 
   338 58.1 0.0 CA 39 
   260 2.16 0.0 HB3 34 
   70 32.2 0.0 CB 17 
   85 21.7 0.0 CG1 18 
   78 0.94 0.0 HG12 18 
   1072 1.17 0.0 HG21 97 
   1860 121.6 0.0 N 163 
   238 4.9 0.0 HA 32 
   1139 3.85 0.0 HD3 103 
   988 14.6 0.0 CD1 90 
   1426 129.8 0.0 CE2 129 
   7 4.11 0.0 HA 12 
   2006 120.6 0.0 N 175 
   909 4.75 0.0 HA 85 
   999 117.4 0.0 N 91 
   252 58.8 0.0 CA 33 
   1275 18.9 0.0 CB 115 
   609 113.7 0.0 CZ2 61 
   1657 8.89 0.0 H 148 
   1702 1.82 0.0 HB2 152 
   1697 3.12 0.0 HA2 151 
   464 118.5 0.0 N 48 
   450 1.98 0.0 HB 48 
   1470 23.5 0.0 CD1 132 
   772 40.5 0.0 CB 74 
   1403 3.23 0.0 HB2 128 
   1759 0.75 0.0 HG11 156 
   676 55.8 0.0 CA 66 
   1692 27.0 0.0 CG 150 
   653 0.91 0.0 HD21 64 
   1271 1.43 0.0 HB1 115 
   962 129.6 0.0 CE1 88 
   1861 111.2 0.0 NE2 163 
   1057 0.98 0.0 HG21 96 
   1767 21.1 0.0 CG1 156 
   332 1.78 0.0 HB2 39 
   482 7.26 0.0 HD1 50 
   1680 4.08 0.0 HA 150 
   288 7.34 0.0 HD1 36 
   1924 33.7 0.0 CG 168 
   515 36.4 0.0 CG 52 
   1679 7.83 0.0 H 150 
   1315 42.9 0.0 CD 119 
   449 3.79 0.0 HA 48 
   792 2.95 0.0 HE2 76 
   91 3.98 0.0 HB3 19 
   827 4.84 0.0 HA 79 
   1066 18.1 0.0 CG2 96 
   1047 3.51 0.0 HD3 95 
   1397 2.68 0.0 HB3 127 
   1627 -0.05 0.0 HD11 145 
   1179 8.02 0.0 H 107 
   1742 57.8 0.0 CA 154 
   1842 0.01 0.0 HD13 162 
   1520 40.4 0.0 CB 136 
   202 1.47 0.0 HB1 28 
   1975 29.1 0.0 CD 172 
   1429 8.59 0.0 H 130 
   1513 7.18 0.0 H 136 
   1132 126.2 0.0 N 102 
   484 6.97 0.0 HE1 50 
   1341 41.8 0.0 CE 122 
   1021 52.0 0.0 CA 93 
   494 3.25 0.0 HA 51 
   293 7.05 0.0 HH2 36 
   859 4.82 0.0 HA 81 
   502 67.2 0.0 CA 51 
   249 1.85 0.0 HG3 33 
   620 5.55 0.0 HE1 62 
   855 17.1 0.0 CG2 80 
   928 7.33 0.0 HD1 86 
   1191 22.2 0.0 CG2 107 
   346 0.96 0.0 HG 40 
   1058 0.98 0.0 HG22 96 
   1431 1.96 0.0 HB2 130 
   1366 121.7 0.0 N 124 
   1094 3.55 0.0 HA 99 
   305 2.2 0.0 HB 37 
   1690 57.9 0.0 CA 150 
   1459 1.92 0.0 HB3 132 
   1717 9.7 0.0 HE1 153 
   352 0.86 0.0 HD23 40 
   1848 120.1 0.0 N 162 
   1603 9.24 0.0 H 143 
   809 3.11 0.0 HB2 78 
   407 117.8 0.0 CE1 44 
   710 2.54 0.0 HG3 69 
   1578 129.7 0.0 CE2 140 
   489 131.7 0.0 CD2 50 
   531 4.55 0.0 HD21 54 
   1631 0.45 0.0 HD22 145 
   1020 2.67 0.0 HB3 93 
   1278 4.0 0.0 HA 116 
   799 121.3 0.0 N 76 
   396 4.5 0.0 HA 44 
   1881 45.6 0.0 CA 165 
   1807 49.4 0.0 CD 159 
   650 0.91 0.0 HD11 64 
   733 1.73 0.0 HB3 72 
   589 4.4 0.0 HA 60 
   628 133.7 0.0 CE2 62 
   1172 5.09 0.0 HA 106 
   1876 41.8 0.0 CE 164 
   274 0.91 0.0 HD13 35 
   1126 3.87 0.0 HA 102 
   1185 0.93 0.0 HG21 107 
   1386 4.54 0.0 HB 126 
   1165 62.8 0.0 CA 105 
   568 51.2 0.0 CA 57 
   802 2.94 0.0 HB2 77 
   102 30.1 0.0 CB 20 
   661 123.1 0.0 N 64 
   1504 1.59 0.0 HG2 135 
   216 1.05 0.0 HG2 30 
   52 1.6 0.0 HG3 16 
   1088 42.0 0.0 CB 98 
   1416 7.05 0.0 HD1 129 
   1015 127.8 0.0 CZ 92 
   5 40.9 0.0 CB 11 
   1522 116.8 0.0 ND2 136 
   1691 42.2 0.0 CB 150 
   724 1.1 0.0 HG22 71 
   930 6.77 0.0 HE1 86 
   1988 2.83 0.0 HB3 174 
   314 21.0 0.0 CG1 37 
   1986 4.67 0.0 HA 174 
   659 24.3 0.0 CD1 64 
   344 0.97 0.0 HB2 40 
   998 35.4 0.0 CG 91 
   259 2.16 0.0 HB2 34 
   1117 3.67 0.0 HB 101 
   1109 1.25 0.0 HG22 100 
   854 27.8 0.0 CG1 80 
   637 3.25 0.0 HD2 63 
   1560 25.7 0.0 CG 139 
   1536 122.5 0.0 N 137 
   1288 1.89 0.0 HE3 117 
   1779 117.5 0.0 N 157 
   1053 3.78 0.0 HA 96 
   372 29.5 0.0 CD 41 
   584 51.8 0.0 CA 59 
   1406 8.19 0.0 HE1 128 
   1797 3.52 0.0 HA 159 
   1953 4.39 0.0 HA 171 
   1046 3.51 0.0 HD2 95 
   1234 2.72 0.0 HB3 111 
   1890 1.0 0.0 HG22 166 
   525 119.5 0.0 N 53 
   1781 3.54 0.0 HA 158 
   37 1.87 0.0 HB3 15 
   1835 0.32 0.0 HG12 162 
   1158 1.15 0.0 HG13 105 
   1001 4.95 0.0 HA 92 
   498 0.78 0.0 HG13 51 
   1875 29.2 0.0 CD 164 
   545 2.84 0.0 HE2 55 
   481 3.32 0.0 HB3 50 
   199 107.7 0.0 ND2 27 
   1079 7.67 0.0 H 98 
   169 1.29 0.0 HG3 25 
   1365 27.0 0.0 CB 124 
   533 55.3 0.0 CA 54 
   1553 1.46 0.0 HG3 139 
   875 3.58 0.0 HA 83 
   276 1.01 0.0 HD22 35 
   84 31.9 0.0 CB 18 
   469 1.74 0.0 HG2 49 
   1533 33.3 0.0 CB 137 
   1113 21.6 0.0 CG2 100 
   1309 1.68 0.0 HG3 119 
   447 120.8 0.0 N 47 
   1316 120.9 0.0 N 119 
   675 2.44 0.0 HB3 66 
   1589 1.6 0.0 HB3 142 
   1535 22.9 0.0 CG2 137 
   39 1.72 0.0 HG3 15 
   631 8.75 0.0 H 63 
   1629 -0.05 0.0 HD13 145 
   1176 50.2 0.0 CA 106 
   835 44.0 0.0 CB 79 
   816 6.84 0.0 HH2 78 
   1422 39.5 0.0 CB 129 
   1208 2.43 0.0 HG2 109 
   48 4.19 0.0 HA 16 
   188 22.0 0.0 CG2 26 
   1204 9.68 0.0 H 109 
   794 53.9 0.0 CA 76 
   89 4.33 0.0 HA 19 
   1125 7.94 0.0 H 102 
   1645 57.0 0.0 CA 146 
   1630 0.45 0.0 HD21 145 
   776 130.0 0.0 CE2 74 
   113 -0.19 0.0 HD11 21 
   189 121.3 0.0 N 26 
   296 127.0 0.0 CD1 36 
   1828 26.2 0.0 CG 161 
   706 4.19 0.0 HA 69 
   1564 6.28 0.0 H 140 
   301 121.6 0.0 N 36 
   1078 103.6 0.0 N 97 
   1625 2.33 0.0 HB3 145 
   1987 2.77 0.0 HB2 174 
   632 4.37 0.0 HA 63 
   130 31.8 0.0 CB 22 
   1468 41.9 0.0 CB 132 
   125 2.1 0.0 HG2 22 
   1892 63.3 0.0 CA 166 
   1291 4.86 0.0 HA 118 
   1984 120.4 0.0 N 173 
   1738 0.88 0.0 HD13 154 
   872 39.0 0.0 CB 82 
   1009 57.4 0.0 CA 92 
   702 28.9 0.0 CD 68 
   728 23.0 0.0 CG2 71 
   727 69.3 0.0 CB 71 
   2002 6.84 0.0 HE22 175 
   893 0.6 0.0 HB2 84 
   335 1.47 0.0 HG3 39 
   1598 40.4 0.0 CB 142 
   1339 25.6 0.0 CG 122 
   1562 41.9 0.0 CE 139 
   1083 7.86 0.0 HD1 98 
   223 48.9 0.0 CD 30 
   1355 37.5 0.0 CB 123 
   1493 4.17 0.0 HA 134 
   1013 129.9 0.0 CE1 92 
   1266 68.6 0.0 CB 114 
   1162 0.43 0.0 HD11 105 
   1959 31.0 0.0 CB 171 
   406 131.7 0.0 CD2 44 
   1498 18.5 0.0 CB 134 
   829 3.01 0.0 HB3 79 
   1259 7.31 0.0 H 114 
   51 1.6 0.0 HG2 16 
   638 3.25 0.0 HD3 63 
   1233 2.6 0.0 HB2 111 
   762 8.53 0.0 H 74 
   308 0.99 0.0 HG13 37 
   243 119.3 0.0 N 32 
   858 9.14 0.0 H 81 
   1790 0.18 0.0 HD13 158 
   1394 8.77 0.0 H 127 
   1169 14.7 0.0 CD1 105 
   1097 1.5 0.0 HG2 99 
   718 46.2 0.0 CA 70 
   286 3.29 0.0 HB2 36 
   1713 4.06 0.0 HA 153 
   1966 1.35 0.0 HG2 172 
   1840 0.01 0.0 HD11 162 
   666 1.89 0.0 HG2 65 
   1760 0.75 0.0 HG12 156 
   397 3.17 0.0 HB2 44 
   395 8.83 0.0 H 44 
   1241 45.8 0.0 CA 112 
   1727 119.6 0.0 CZ3 153 
   1655 20.6 0.0 CB 147 
   602 7.45 0.0 HZ2 61 
   1958 55.9 0.0 CA 171 
   1751 1.43 0.0 HB2 155 
   1166 38.7 0.0 CB 105 
   401 6.81 0.0 HE1 44 
   824 117.5 0.0 N 78 
   1180 4.9 0.0 HA 107 
   1225 53.9 0.0 CA 110 
   413 2.34 0.0 HB3 45 
   1382 22.6 0.0 CD2 125 
   1196 1.88 0.0 HG2 108 
   953 7.16 0.0 HD1 88 
   1885 2.17 0.0 HB 166 
   313 31.3 0.0 CB 37 
   365 1.74 0.0 HD2 41 
   1878 7.93 0.0 H 165 
   1898 4.64 0.0 HA 167 
   1787 0.42 0.0 HG23 158 
   18 1.47 0.0 HB1 13 
   1144 8.6 0.0 H 104 
   20 1.47 0.0 HB3 13 
   149 1.51 0.0 HB2 24 
   583 7.7 0.0 HD22 59 
   190 9.34 0.0 H 27 
   264 28.8 0.0 CB 34 
   497 0.78 0.0 HG12 51 
   1947 33.5 0.0 CB 170 
   1497 54.7 0.0 CA 134 
   850 0.82 0.0 HD12 80 
   1384 8.22 0.0 H 126 
   1985 8.55 0.0 H 174 
   1076 67.7 0.0 CB 97 
   1889 1.0 0.0 HG21 166 
   635 1.6 0.0 HG2 63 
   1300 132.5 0.0 CD1 118 
   1085 6.93 0.0 HE1 98 
   1164 0.43 0.0 HD13 105 
   1254 33.3 0.0 CB 113 
   1740 1.14 0.0 HD22 154 
   1833 3.68 0.0 HA 162 
   1407 57.1 0.0 CA 128 
   1739 1.14 0.0 HD21 154 
   1893 32.2 0.0 CB 166 
   877 2.1 0.0 HB3 83 
   1457 3.95 0.0 HA 132 
   781 4.31 0.0 HA3 75 
   599 7.87 0.0 HD1 61 
   374 118.4 0.0 N 41 
   1571 6.77 0.0 HE2 140 
   721 4.41 0.0 HA 71 
   361 2.06 0.0 HB2 41 
   1871 2.92 0.0 HE3 164 
   1725 119.6 0.0 CE3 153 
   1783 0.82 0.0 HG12 158 
   897 0.41 0.0 HD12 84 
   811 7.03 0.0 HD1 78 
   592 54.1 0.0 CA 60 
   1921 7.47 0.0 HE22 168 
   1256 29.1 0.0 CD 113 
   218 2.45 0.0 HD2 30 
   760 125.1 0.0 N 73 
   616 2.1 0.0 HB2 62 
   939 8.12 0.0 H 87 
   1857 58.8 0.0 CA 163 
   550 29.7 0.0 CD 55 
   1231 7.36 0.0 H 111 
   1056 1.48 0.0 HG13 96 
   1858 27.9 0.0 CB 163 
   1400 122.0 0.0 N 127 
   867 9.03 0.0 H 82 
   503 31.5 0.0 CB 51 
   668 54.6 0.0 CA 65 
   1600 23.0 0.0 CD1 142 
   203 1.47 0.0 HB2 28 
   540 1.91 0.0 HB3 55 
   458 0.92 0.0 HD13 48 
   292 7.51 0.0 HZ3 36 
   929 7.33 0.0 HD2 86 
   884 0.77 0.0 HD23 83 
   1859 33.7 0.0 CG 163 
   636 1.74 0.0 HG3 63 
   433 1.79 0.0 HB2 47 
   535 122.2 0.0 N 54 
   941 1.9 0.0 HB2 87 
   754 30.6 0.0 CB 73 
   1758 1.8 0.0 HB 156 
   745 1.04 0.0 HB2 73 
   738 56.1 0.0 CA 72 
   992 2.07 0.0 HB2 91 
   423 8.3 0.0 H 46 
   1909 40.7 0.0 CB 167 
   1594 0.37 0.0 HD21 142 
   516 119.7 0.0 N 52 
   76 2.19 0.0 HB 18 
   1694 27.2 0.0 CD2 150 
   81 1.01 0.0 HG22 18 
   443 42.7 0.0 CB 47 
   1930 2.88 0.0 HB3 169 
   937 117.5 0.0 CE2 86 
   197 36.8 0.0 CB 27 
   236 116.8 0.0 N 31 
   1246 1.82 0.0 HB3 113 
   44 27.3 0.0 CG 15 
   894 1.93 0.0 HB3 84 
   205 51.9 0.0 CA 28 
   790 1.55 0.0 HD2 76 
   935 132.9 0.0 CD2 86 
   1323 3.93 0.0 HA2 121 
   1609 18.0 0.0 CB 143 
   67 1.1 0.0 HG22 17 
   586 116.4 0.0 N 59 
   980 1.02 0.0 HG23 90 
   178 41.8 0.0 CE 25 
   1319 3.69 0.0 HA3 120 
   239 3.17 0.0 HB2 32 
   1850 4.04 0.0 HA 163 
   845 1.57 0.0 HG13 80 
   398 3.25 0.0 HB3 44 
   803 3.39 0.0 HB3 77 
   47 8.18 0.0 H 16 
   1061 0.87 0.0 HD12 96 
   1428 121.3 0.0 N 129 
   1402 4.57 0.0 HA 128 
   466 4.23 0.0 HA 49 
   1387 1.41 0.0 HG21 126 
   1481 7.04 0.0 HZ3 133 
   1917 2.09 0.0 HB3 168 
   56 30.2 0.0 CB 16 
   1107 4.44 0.0 HB 100 
   465 7.64 0.0 H 49 
   485 6.97 0.0 HE2 50 
   1644 2.21 0.0 HG3 146 
   164 8.31 0.0 H 25 
   1372 0.13 0.0 HD11 125 
   1226 42.1 0.0 CB 110 
   1731 8.68 0.0 H 154 
   892 4.47 0.0 HA 84 
   1242 115.0 0.0 N 112 
   1008 6.45 0.0 HZ 92 
   382 29.2 0.0 CB 42 
   559 55.3 0.0 CA 56 
   165 4.41 0.0 HA 25 
   1435 1.73 0.0 HD2 130 
   673 4.75 0.0 HA 66 
   956 7.18 0.0 HE2 88 
   240 3.09 0.0 HB3 32 
   1268 110.1 0.0 N 114 
   237 8.17 0.0 H 32 
   160 31.1 0.0 CG 24 
   1584 44.0 0.0 CA 141 
   558 7.75 0.0 HD22 56 
   1663 0.8 0.0 HD12 148 
   61 3.95 0.0 HA 17 
   16 8.44 0.0 H 13 
   1877 115.9 0.0 N 164 
   1568 6.2 0.0 HD1 140 
   1756 6.91 0.0 H 156 
   118 27.5 0.0 CG1 21 
   1080 4.69 0.0 HA 98 
   1532 60.5 0.0 CA 137 
   536 104.6 0.0 ND2 54 
   847 0.64 0.0 HG22 80 
   1318 4.1 0.0 HA2 120 
   1687 1.16 0.0 HD21 150 
   1664 0.8 0.0 HD13 148 
   532 7.24 0.0 HD22 54 
   819 125.9 0.0 CD1 78 
   315 22.1 0.0 CG2 37 
   1290 18.0 0.0 CE 117 
   187 68.1 0.0 CB 26 
   1091 118.2 0.0 CE1 98 
   72 21.8 0.0 CG2 17 
   1434 1.72 0.0 HG3 130 
   327 33.3 0.0 CG 38 
   1391 69.5 0.0 CB 126 
   615 4.91 0.0 HA 62 
   193 3.25 0.0 HB3 27 
   1027 1.78 0.0 HG12 94 
   1776 57.3 0.0 CA 157 
   1969 1.65 0.0 HD3 172 
   914 1.27 0.0 HD2 85 
   195 7.45 0.0 HD22 27 
   896 0.41 0.0 HD11 84 
   923 121.7 0.0 N 85 
   1114 122.2 0.0 N 100 
   151 1.7 0.0 HG 24 
   595 7.49 0.0 H 61 
   1653 1.22 0.0 HB3 147 
   643 42.6 0.0 CD 63 
   1258 117.5 0.0 N 113 
   225 4.34 0.0 HA 31 
   1920 6.76 0.0 HE21 168 
   99 2.21 0.0 HG2 20 
   708 2.23 0.0 HB3 69 
   1119 1.08 0.0 HG22 101 
   960 131.7 0.0 CD1 88 
   1167 27.6 0.0 CG1 105 
   1980 2.81 0.0 HB2 173 
   537 8.89 0.0 H 55 
   1549 4.17 0.0 HA 139 
   486 58.8 0.0 CA 50 
   1335 2.91 0.0 HE2 122 
   2 2.76 0.0 HB2 11 
   1149 2.24 0.0 HG3 104 
   806 114.4 0.0 N 77 
   972 122.9 0.0 N 89 
   1479 7.41 0.0 HE3 133 
   1138 2.95 0.0 HD2 103 
   191 4.6 0.0 HA 27 
   1708 64.6 0.0 CA 152 
   1420 6.93 0.0 HZ 129 
   21 54.2 0.0 CA 13 
   1453 30.7 0.0 CB 131 
   1370 1.68 0.0 HB3 125 
   865 119.9 0.0 CD2 81 
   1439 62.3 0.0 CA 130 
   993 2.38 0.0 HB3 91 
   541 1.31 0.0 HG2 55 
   887 26.8 0.0 CG 83 
   826 9.23 0.0 H 79 
   343 3.56 0.0 HA 40 
   246 2.0 0.0 HB2 33 
   1575 127.3 0.0 CD1 140 
   221 31.7 0.0 CB 30 
   1253 56.4 0.0 CA 113 
   1845 29.2 0.0 CG1 162 
   1405 7.06 0.0 HD2 128 
   1227 26.9 0.0 CG 110 
   660 24.2 0.0 CD2 64 
   688 110.7 0.0 ND2 67 
   269 1.46 0.0 HB2 35 
   1183 0.58 0.0 HG12 107 
   1160 0.67 0.0 HG22 105 
   173 2.92 0.0 HE3 25 
   1722 62.3 0.0 CA 153 
   1914 8.64 0.0 H 168 
   206 24.4 0.0 CB 28 
   32 22.0 0.0 CG2 14 
   1071 4.67 0.0 HB 97 
   114 -0.19 0.0 HD12 21 
   1052 8.69 0.0 H 96 
   196 51.1 0.0 CA 27 
   1531 1.08 0.0 HG23 137 
   2005 33.7 0.0 CG 175 
   35 4.1 0.0 HA 15 
   167 1.76 0.0 HB3 25 
   442 58.8 0.0 CA 47 
   36 1.87 0.0 HB2 15 
   1430 3.99 0.0 HA 130 
   1116 4.28 0.0 HA 101 
   1141 31.9 0.0 CB 103 
   348 0.84 0.0 HD12 40 
   510 2.21 0.0 HB3 52 
   1837 0.81 0.0 HG21 162 
   720 8.33 0.0 H 71 
   1096 2.2 0.0 HB3 99 
   321 2.45 0.0 HG2 38 
   625 132.0 0.0 CD1 62 
   1579 130.1 0.0 CZ 140 
   1516 1.28 0.0 HB3 136 
   213 2.52 0.0 HA 30 
   1911 18.1 0.0 CG2 167 
   600 9.85 0.0 HE1 61 
   1261 4.2 0.0 HB 114 
   1443 41.8 0.0 CE 130 
   147 9.12 0.0 H 24 
   757 113.1 0.0 CZ2 73 
   648 1.86 0.0 HB3 64 
   1184 0.58 0.0 HG13 107 
   333 2.31 0.0 HB3 39 
   682 3.59 0.0 HB3 67 
   707 2.1 0.0 HB2 69 
   543 1.6 0.0 HD2 55 
   1511 43.4 0.0 CD 135 
   1378 54.2 0.0 CA 125 
   1557 2.91 0.0 HE3 139 
   369 60.1 0.0 CA 41 
   148 4.56 0.0 HA 24 
   1298 53.1 0.0 CA 118 
   906 24.8 0.0 CD2 84 
   353 57.5 0.0 CA 40 
   1059 0.98 0.0 HG23 96 
   801 5.55 0.0 HA 77 
   1419 6.99 0.0 HE2 129 
   843 1.63 0.0 HB 80 
   25 4.07 0.0 HA 14 
   621 5.55 0.0 HE2 62 
   547 60.5 0.0 CA 55 
   717 3.53 0.0 HA3 70 
   59 120.5 0.0 N 16 
   1970 2.95 0.0 HE2 172 
   1398 56.8 0.0 CA 127 
   1102 33.2 0.0 CB 99 
   1065 27.8 0.0 CG1 96 
   719 107.1 0.0 N 70 
   731 5.02 0.0 HA 72 
   1358 13.5 0.0 CD1 123 
   132 50.7 0.0 CD 22 
   1048 62.1 0.0 CA 95 
   1622 8.62 0.0 H 145 
   141 1.13 0.0 HG23 23 
   145 22.0 0.0 CG2 23 
   1555 1.62 0.0 HD3 139 
   1423 131.7 0.0 CD1 129 
   785 5.61 0.0 HA 76 
   1307 1.79 0.0 HB3 119 
   1554 1.56 0.0 HD2 139 
   1036 36.4 0.0 CB 94 
   1175 1.34 0.0 HB3 106 
   139 1.13 0.0 HG21 23 
   1062 0.87 0.0 HD13 96 
   1672 22.7 0.0 CD2 148 
   1613 2.35 0.0 HB2 144 
   1322 8.15 0.0 H 121 
   120 13.1 0.0 CD1 21 
   255 43.1 0.0 CD 33 
   376 4.12 0.0 HA 42 
   1488 123.0 0.0 CZ3 133 
   280 27.0 0.0 CG 35 
   1068 118.2 0.0 N 96 
   1064 37.7 0.0 CB 96 
   1846 16.7 0.0 CG2 162 
   1447 2.29 0.0 HB3 131 
   1103 25.1 0.0 CG 99 
   1971 2.95 0.0 HE3 172 
   60 7.9 0.0 H 17 
   1868 1.5 0.0 HD2 164 
   769 7.0 0.0 HE2 74 
   1590 1.64 0.0 HG 142 
   644 118.8 0.0 N 63 
   436 0.93 0.0 HD11 47 
   19 1.47 0.0 HB2 13 
   764 3.1 0.0 HB2 74 
   735 1.63 0.0 HG3 72 
   297 122.1 0.0 CE3 36 
   553 8.2 0.0 H 56 
   1942 1.6 0.0 HD2 170 
   963 129.6 0.0 CE2 88 
   198 128.7 0.0 N 27 
   54 3.21 0.0 HD3 16 
   440 0.98 0.0 HD22 47 
   55 57.8 0.0 CA 16 
   1101 62.8 0.0 CA 99 
   1810 2.55 0.0 HB2 160 
   181 3.89 0.0 HA 26 
   363 1.45 0.0 HG2 41 
   1348 -0.36 0.0 HG21 123 
   247 2.12 0.0 HB3 33 
   1802 3.0 0.0 HD2 159 
   262 2.42 0.0 HG3 34 
   890 108.0 0.0 N 83 
   883 0.77 0.0 HD22 83 
   1128 0.01 0.0 HB2 102 
   1619 115.6 0.0 CD2 144 
   611 123.3 0.0 CH2 61 
   62 2.21 0.0 HB 17 
   959 42.6 0.0 CB 88 
   1543 3.45 0.0 HD3 138 
   1611 7.37 0.0 H 144 
   1462 0.93 0.0 HD12 132 
   275 1.01 0.0 HD21 35 
   1661 1.64 0.0 HG 148 
   1150 54.1 0.0 CA 104 
   1612 3.57 0.0 HA 144 
   408 117.8 0.0 CE2 44 
   1095 1.45 0.0 HB2 99 
   669 34.1 0.0 CB 65 
   40 3.21 0.0 HD2 15 
   562 112.3 0.0 ND2 56 
   1573 51.9 0.0 CA 140 
   1801 2.05 0.0 HG3 159 
   1310 3.21 0.0 HD2 119 
   207 123.5 0.0 N 28 
   271 1.77 0.0 HG 35 
   439 0.98 0.0 HD21 47 
   761 127.0 0.0 NE1 73 
   1442 29.4 0.0 CD 130 
   623 57.0 0.0 CA 62 
   751 6.65 0.0 HZ3 73 
   1539 1.47 0.0 HB3 138 
   1729 118.4 0.0 N 153 
   253 28.7 0.0 CB 33 
   285 4.72 0.0 HA 36 
   342 8.86 0.0 H 40 
   116 59.2 0.0 CA 21 
   1799 2.07 0.0 HB3 159 
   810 3.29 0.0 HB3 78 
   944 2.0 0.0 HG3 87 
   179 116.8 0.0 N 25 
   687 116.8 0.0 N 67 
   581 2.76 0.0 HB3 59 
   434 2.21 0.0 HB3 47 
   119 17.2 0.0 CG2 21 
   1112 67.9 0.0 CB 100 
   994 2.13 0.0 HG2 91 
   1324 3.93 0.0 HA3 121 
   1283 119.1 0.0 N 116 
   1332 1.23 0.0 HG3 122 
   317 7.16 0.0 H 38 
   1548 8.76 0.0 H 139 
   390 2.75 0.0 HG3 43 
   1455 50.3 0.0 CD 131 
   765 3.22 0.0 HB3 74 
   1923 31.6 0.0 CB 168 
   1711 51.4 0.0 CD 152 
   1477 6.93 0.0 HD1 133 
   1393 111.5 0.0 N 126 
   753 55.4 0.0 CA 73 
   1570 6.77 0.0 HE1 140 
   1939 1.7 0.0 HB3 170 
   107 1.29 0.0 HB 21 
   128 4.08 0.0 HD3 22 
   686 37.3 0.0 CB 67 
   908 8.45 0.0 H 85 
   1716 7.36 0.0 HD1 153 
   1438 2.99 0.0 HE3 130 
   15 122.1 0.0 N 12 
   544 1.6 0.0 HD3 55 
   270 1.81 0.0 HB3 35 
   1086 7.33 0.0 HE2 98 
   131 27.7 0.0 CG 22 
   28 1.24 0.0 HG22 14 
   93 63.2 0.0 CB 19 
   1823 0.73 0.0 HD21 161 
   1768 21.8 0.0 CG2 156 
   814 7.17 0.0 HZ2 78 
   1031 0.7 0.0 HG23 94 
   885 57.1 0.0 CA 83 
   1486 120.1 0.0 CE3 133 
   1689 1.16 0.0 HD23 150 
   618 5.47 0.0 HD1 62 
   1870 2.92 0.0 HE2 164 
   351 0.86 0.0 HD22 40 
   117 39.1 0.0 CB 21 
   387 2.22 0.0 HB2 43 
   1171 8.88 0.0 H 106 
   1286 1.89 0.0 HE1 117 
   1464 1.04 0.0 HD21 132 
   1926 112.3 0.0 NE2 168 
   156 1.18 0.0 HD22 24 
   604 7.04 0.0 HH2 61 
   1308 1.58 0.0 HG2 119 
   852 59.6 0.0 CA 80 
   1791 63.4 0.0 CA 158 
   795 38.2 0.0 CB 76 
   176 24.6 0.0 CG 25 
   1979 4.42 0.0 HA 173 
   1105 8.2 0.0 H 100 
   1002 2.77 0.0 HB2 92 
   1272 1.43 0.0 HB2 115 
   1576 127.3 0.0 CD2 140 
   1351 -0.19 0.0 HD11 123 
   1899 1.86 0.0 HB 167 
   1824 0.73 0.0 HD22 161 
   641 33.8 0.0 CB 63 
   770 6.92 0.0 HZ 74 
   41 3.21 0.0 HD3 15 
   1369 1.43 0.0 HB2 125 
   1194 2.03 0.0 HB2 108 
   736 3.09 0.0 HD2 72 
   322 2.45 0.0 HG3 38 
   1841 0.01 0.0 HD12 162 
   1051 50.6 0.0 CD 95 
   1093 128.0 0.0 N 98 
   844 0.96 0.0 HG12 80 
   1891 1.0 0.0 HG23 166 
   110 0.18 0.0 HG21 21 
   263 59.6 0.0 CA 34 
   771 54.9 0.0 CA 74 
   166 1.76 0.0 HB2 25 
   1620 136.3 0.0 CE1 144 
   920 25.6 0.0 CG 85 
   656 54.3 0.0 CA 64 
   715 7.82 0.0 H 70 
   933 39.5 0.0 CB 86 
   227 2.02 0.0 HB3 31 
   138 0.96 0.0 HG13 23 
   1371 1.35 0.0 HG 125 
   752 6.46 0.0 HH2 73 
   1414 3.1 0.0 HB2 129 
   926 2.88 0.0 HB2 86 
   1901 1.3 0.0 HG13 167 
   224 8.5 0.0 H 31 
   513 59.7 0.0 CA 52 
   1212 36.8 0.0 CG 109 
   1639 7.93 0.0 H 146 
   1794 18.6 0.0 CG2 158 
   1925 121.6 0.0 N 168 
   851 0.82 0.0 HD13 80 
   354 41.3 0.0 CB 40 
   527 8.75 0.0 H 54 
   1669 43.3 0.0 CB 148 
   699 59.8 0.0 CA 68 
   409 118.4 0.0 N 44 
   339 29.8 0.0 CB 39 
   90 3.98 0.0 HB2 19 
   273 0.91 0.0 HD12 35 
   1205 4.3 0.0 HA 109 
   1734 2.04 0.0 HB3 154 
   1515 0.92 0.0 HB2 136 
   817 56.7 0.0 CA 78 
   671 122.0 0.0 N 65 
   1411 114.8 0.0 N 128 
   1623 4.15 0.0 HA 145 
   79 0.94 0.0 HG13 18 
   405 131.7 0.0 CD1 44 
   400 7.33 0.0 HD2 44 
   1224 0.68 0.0 HD23 110 
   1577 129.7 0.0 CE1 140 
   841 8.07 0.0 H 80 
   1399 40.2 0.0 CB 127 
   1473 8.49 0.0 H 133 
   952 3.07 0.0 HB3 88 
   336 2.71 0.0 HD2 39 
   1941 1.38 0.0 HG3 170 
   1491 130.6 0.0 NE1 133 
   1469 27.0 0.0 CG 132 
   1537 4.86 0.0 HA 138 
   1214 7.93 0.0 H 110 
   1136 1.32 0.0 HG2 103 
   1587 3.92 0.0 HA 142 
   591 2.96 0.0 HB3 60 
   220 63.2 0.0 CA 30 
   1724 127.0 0.0 CD1 153 
   1034 0.45 0.0 HD13 94 
   1352 -0.19 0.0 HD12 123 
   1599 26.2 0.0 CG 142 
   1512 113.5 0.0 N 135 
   1897 6.85 0.0 H 167 
   146 116.5 0.0 N 23 
   1044 1.84 0.0 HG2 95 
   330 8.2 0.0 H 39 
   1905 0.85 0.0 HD11 167 
   1475 2.49 0.0 HB2 133 
   1379 41.7 0.0 CB 125 
   331 4.12 0.0 HA 39 
   917 2.37 0.0 HE3 85 
   1610 120.1 0.0 N 143 
   11 2.32 0.0 HG3 12 
   388 2.34 0.0 HB3 43 
   23 122.6 0.0 N 13 
   912 1.18 0.0 HG2 85 
   1795 8.6 0.0 CD1 158 
   457 0.92 0.0 HD12 48 
   777 129.4 0.0 CZ 74 
   234 27.1 0.0 CG 31 
   910 1.51 0.0 HB2 85 
   394 120.6 0.0 N 43 
   1410 136.2 0.0 CE1 128 
   1306 1.79 0.0 HB2 119 
   2003 56.0 0.0 CA 175 
   1817 1.16 0.0 HB2 161 
   64 1.01 0.0 HG12 17 
   1478 9.6 0.0 HE1 133 
   87 118.3 0.0 N 18 
   804 55.2 0.0 CA 77 
   350 0.86 0.0 HD21 40 
   367 2.96 0.0 HE2 41 
   613 127.8 0.0 NE1 61 
   1255 25.6 0.0 CG 113 
   1007 6.63 0.0 HE2 92 
   818 32.6 0.0 CB 78 
   1737 0.88 0.0 HD12 154 
   1826 57.4 0.0 CA 161 
   1748 7.31 0.0 H 155 
   1014 129.9 0.0 CE2 92 
   662 8.9 0.0 H 65 
   1075 60.5 0.0 CA 97 
   1695 125.1 0.0 N 150 
   766 6.87 0.0 HD1 74 
   284 8.01 0.0 H 36 
   1754 18.2 0.0 CB 155 
   506 118.9 0.0 N 51 
   1665 0.92 0.0 HD21 148 
   608 122.4 0.0 CE3 61 
   385 8.98 0.0 H 43 
   672 7.8 0.0 H 66 
   927 3.29 0.0 HB3 86 
   490 118.8 0.0 CE1 50 
   1621 115.4 0.0 N 144 
   663 4.51 0.0 HA 65 
   1201 32.3 0.0 CB 108 
   1474 3.57 0.0 HA 133 
   1957 2.2 0.0 HG3 171 
   1145 4.26 0.0 HA 104 
   304 3.36 0.0 HA 37 
   895 1.54 0.0 HG 84 
   298 114.2 0.0 CZ2 36 
   266 121.5 0.0 N 34 
   797 29.6 0.0 CD 76 
   355 26.0 0.0 CG 40 
   454 0.97 0.0 HG22 48 
   1188 58.3 0.0 CA 107 
   1110 1.25 0.0 HG23 100 
   1333 1.6 0.0 HD2 122 
   1415 3.22 0.0 HB3 129 
   468 2.07 0.0 HB3 49 
   1830 22.9 0.0 CD2 161 
   1383 126.2 0.0 N 125 
   168 1.29 0.0 HG2 25 
   978 1.02 0.0 HG21 90 
   256 121.0 0.0 N 33 
   997 33.5 0.0 CB 91 
   740 27.4 0.0 CG 72 
   846 0.64 0.0 HG21 80 
   1784 1.49 0.0 HG13 158 
   410 8.21 0.0 H 45 
   1605 1.04 0.0 HB1 143 
   1312 57.4 0.0 CA 119 
   984 58.5 0.0 CA 90 
   1616 7.71 0.0 HE1 144 
   833 6.69 0.0 HE2 79 
   902 53.6 0.0 CA 84 
   1090 133.8 0.0 CD2 98 
   1230 116.5 0.0 N 110 
   431 8.42 0.0 H 47 
   1445 4.38 0.0 HA 131 
   1869 1.59 0.0 HD3 164 
   1376 0.33 0.0 HD22 125 
   1235 56.4 0.0 CA 111 
   6 8.75 0.0 H 12 
   323 6.95 0.0 HE21 38 
   1544 64.6 0.0 CA 138 
   866 126.2 0.0 N 81 
   789 1.57 0.0 HG3 76 
   479 4.78 0.0 HA 50 
   1814 115.9 0.0 N 160 
   800 9.17 0.0 H 77 
   1123 21.0 0.0 CG2 101 
   714 115.4 0.0 N 69 
   1595 0.37 0.0 HD22 142 
   634 1.82 0.0 HB3 63 
   1209 2.43 0.0 HG3 109 
   1081 2.76 0.0 HB2 98 
   548 32.2 0.0 CB 55 
   529 3.06 0.0 HB2 54 
   1770 7.92 0.0 H 157 
   33 113.2 0.0 N 14 
   204 1.47 0.0 HB3 28 
   1932 57.3 0.0 CA 169 
   152 1.0 0.0 HD11 24 
   121 122.5 0.0 N 21 
   1340 28.9 0.0 CD 122 
   1055 1.32 0.0 HG12 96 
   460 37.8 0.0 CB 48 
   1019 2.51 0.0 HB2 93 
   1446 1.83 0.0 HB2 131 
   1744 26.8 0.0 CG 154 
   208 8.82 0.0 H 29 
   1565 4.03 0.0 HA 140 
   713 37.3 0.0 CG 69 
   211 44.9 0.0 CA 29 
   571 7.96 0.0 H 58 
   1574 36.4 0.0 CB 140 
   1424 131.7 0.0 CD2 129 
   163 126.3 0.0 N 24 
   1328 4.58 0.0 HA 122 
   1895 21.8 0.0 CG2 166 
   758 120.1 0.0 CZ3 73 
   1812 57.2 0.0 CA 160 
   421 117.4 0.0 N 45 
   71 21.1 0.0 CG1 17 
   574 3.11 0.0 HB3 58 
   1964 1.72 0.0 HB2 172 
   430 114.9 0.0 N 46 
   272 0.91 0.0 HD11 35 
   504 23.6 0.0 CG1 51 
   258 4.24 0.0 HA 34 
   1143 49.2 0.0 CD 103 
   1432 2.04 0.0 HB3 130 
   530 3.06 0.0 HB3 54 
   1238 8.62 0.0 H 112 
   1934 120.5 0.0 CD2 169 
   1427 129.2 0.0 CZ 129 
   248 1.72 0.0 HG2 33 
   1038 16.8 0.0 CG2 94 
   1818 1.9 0.0 HB3 161 
   389 2.14 0.0 HG2 43 
   268 4.34 0.0 HA 35 
   34 8.07 0.0 H 15 
   1638 121.2 0.0 N 145 
   1313 30.5 0.0 CB 119 
   1314 27.1 0.0 CG 119 
   97 1.96 0.0 HB2 20 
   965 121.3 0.0 N 88 
   1715 3.56 0.0 HB3 153 
   975 1.75 0.0 HB 90 
   17 4.21 0.0 HA 13 
   94 116.9 0.0 N 19 
   257 9.25 0.0 H 34 
   1743 42.6 0.0 CB 154 
   524 37.4 0.0 CB 53 
   1956 2.2 0.0 HG2 171 
   1483 61.0 0.0 CA 133 
   1173 1.34 0.0 HB1 106 
   601 7.9 0.0 HE3 61 
   230 3.17 0.0 HD2 31 
   1326 107.3 0.0 N 121 
   1329 1.25 0.0 HB2 122 
   349 0.84 0.0 HD13 40 
   1456 6.93 0.0 H 132 
   217 1.44 0.0 HG3 30 
   1872 56.9 0.0 CA 164 
   290 7.31 0.0 HE3 36 
   774 131.7 0.0 CD2 74 
   1012 131.3 0.0 CD2 92 
   697 3.0 0.0 HE2 68 
   159 41.3 0.0 CB 24 
   492 119.9 0.0 N 50 
   1910 25.3 0.0 CG1 167 
   251 3.34 0.0 HD3 33 
   1919 2.35 0.0 HG3 168 
   561 118.9 0.0 N 56 
   438 0.93 0.0 HD13 47 
   231 3.17 0.0 HD3 31 
   940 5.28 0.0 HA 87 
   1334 1.73 0.0 HD3 122 
   74 8.12 0.0 H 18 
   692 1.89 0.0 HB3 68 
   1714 3.23 0.0 HB2 153 
   1115 7.25 0.0 H 101 
   1632 0.45 0.0 HD23 145 
   470 1.93 0.0 HG3 49 
   1635 26.4 0.0 CG 145 
   1292 2.84 0.0 HB2 118 
   1302 117.4 0.0 CE1 118 
   245 3.99 0.0 HA 33 
   775 130.0 0.0 CE1 74 
   1297 6.74 0.0 HE2 118 
   1658 4.51 0.0 HA 148 
   46 121.6 0.0 N 15 
   329 113.9 0.0 NE2 38 
   161 27.0 0.0 CD1 24 
   1593 -0.51 0.0 HD13 142 
   549 25.6 0.0 CG 55 
   1745 23.0 0.0 CD1 154 
   415 2.64 0.0 HG3 45 
   417 6.94 0.0 HE22 45 
   362 2.06 0.0 HB3 41 
   664 1.55 0.0 HB2 65 
   1509 30.1 0.0 CB 135 
   1026 2.04 0.0 HB 94 
   1974 24.7 0.0 CG 172 
   834 57.7 0.0 CA 79 
   741 43.1 0.0 CD 72 
   726 61.7 0.0 CA 71 
   678 111.7 0.0 N 66 
   177 29.2 0.0 CD 25 
   1733 1.24 0.0 HB2 154 
   1265 58.4 0.0 CA 114 
   913 1.18 0.0 HG3 85 
   1997 1.94 0.0 HB2 175 
   1856 6.84 0.0 HE22 163 
   1159 0.67 0.0 HG21 105 
   1496 1.5 0.0 HB3 134 
   780 4.93 0.0 HA2 75 
   1262 1.17 0.0 HG21 114 
   1135 2.45 0.0 HB3 103 
   580 2.37 0.0 HB2 59 
   756 119.8 0.0 CE3 73 
   1678 107.1 0.0 N 149 
   24 7.95 0.0 H 14 
   567 1.5 0.0 HB3 57 
   1024 8.43 0.0 H 94 
   27 1.24 0.0 HG21 14 
   1228 25.1 0.0 CD1 110 
   1506 3.11 0.0 HD2 135 
   778 117.0 0.0 N 74 
   422 111.4 0.0 NE2 45 
   1155 3.79 0.0 HA 105 
   521 7.98 0.0 HD21 53 
   1223 0.68 0.0 HD22 110 
   860 2.85 0.0 HB2 81 
   1585 112.9 0.0 N 141 
   185 1.25 0.0 HG23 26 
   347 0.84 0.0 HD11 40 
   1765 63.4 0.0 CA 156 
   560 38.1 0.0 CB 56 
   26 4.2 0.0 HB 14 
   182 3.96 0.0 HB 26 
   1124 114.3 0.0 N 101 
   1016 112.7 0.0 N 92 
   1822 0.66 0.0 HD13 161 
   1793 28.2 0.0 CG1 158 
   1032 0.45 0.0 HD11 94 
   493 8.77 0.0 H 51 
   1523 6.64 0.0 H 137 
   982 0.71 0.0 HD12 90 
   1806 28.7 0.0 CG 159 
   316 116.1 0.0 N 37 
   435 1.91 0.0 HG 47 
   310 1.13 0.0 HG22 37 
   1220 0.5 0.0 HD12 110 
   153 1.0 0.0 HD12 24 
   334 1.47 0.0 HG2 39 
   1039 8.7 0.0 CD1 94 
   448 8.86 0.0 H 48 
   103 36.3 0.0 CG 20 
   1778 34.2 0.0 CG 157 
   1989 7.61 0.0 HD21 174 
   1829 26.1 0.0 CD1 161 
   1786 0.42 0.0 HG22 158 
   289 9.86 0.0 HE1 36 
   307 0.99 0.0 HG12 37 
   886 39.8 0.0 CB 83 
   1519 53.4 0.0 CA 136 
   499 0.8 0.0 HG21 51 
   1401 7.93 0.0 H 128 
   1798 1.66 0.0 HB2 159 
   949 9.09 0.0 H 88 
   154 1.0 0.0 HD13 24 
   428 62.8 0.0 CA 46 
   1054 1.9 0.0 HB 96 
   1418 6.99 0.0 HE1 129 
   88 8.07 0.0 H 19 
   95 7.79 0.0 H 20 
   1757 3.87 0.0 HA 156 
   1688 1.16 0.0 HD22 150 
   1070 4.43 0.0 HA 97 
   1550 1.74 0.0 HB2 139 
   1954 1.93 0.0 HB2 171 
   133 8.04 0.0 H 23 
   722 4.57 0.0 HB 71 
   109 1.61 0.0 HG13 21 
   241 55.0 0.0 CA 32 
   696 1.69 0.0 HD3 68 
   300 122.2 0.0 CH2 36 
   1936 8.48 0.0 H 170 
   1773 0.96 0.0 HB3 157 
   709 2.34 0.0 HG2 69 
   763 5.33 0.0 HA 74 
   689 8.83 0.0 H 68 
   779 8.54 0.0 H 75 
   1222 0.68 0.0 HD21 110 
   1785 0.42 0.0 HG21 158 
   386 4.33 0.0 HA 43 
   209 3.95 0.0 HA2 29 
   1011 131.3 0.0 CD1 92 
   526 110.8 0.0 ND2 53 
   377 2.27 0.0 HB2 42 
   1232 4.44 0.0 HA 111 
   1211 30.2 0.0 CB 109 
   1240 3.79 0.0 HA3 112 
   1022 43.0 0.0 CB 93 
   144 18.2 0.0 CG1 23 
   1774 0.82 0.0 HG2 157 
   1581 9.74 0.0 H 141 
   1945 2.96 0.0 HE3 170 
   1299 39.5 0.0 CB 118 
   1928 4.05 0.0 HA 169 
   43 30.1 0.0 CB 15 
   1642 2.46 0.0 HB3 146 
   957 7.05 0.0 HZ 88 
   1252 3.12 0.0 HE3 113 
   572 4.38 0.0 HA 58 
   971 41.3 0.0 CB 89 
   793 2.95 0.0 HE3 76 
   1938 1.7 0.0 HB2 170 
   384 119.4 0.0 N 42 
   1677 45.7 0.0 CA 149 
   612 121.9 0.0 N 61 
   1780 7.94 0.0 H 158 
   345 1.42 0.0 HB3 40 
   312 66.4 0.0 CA 37 
   65 1.01 0.0 HG13 17 
   1561 29.3 0.0 CD 139 
   1761 0.75 0.0 HG13 156 
   319 2.23 0.0 HB2 38 
   938 129.3 0.0 N 86 
   1043 2.39 0.0 HB3 95 
   267 8.01 0.0 H 35 
   83 64.2 0.0 CA 18 
   1089 132.8 0.0 CD1 98 
   1363 2.78 0.0 HB3 124 
   1215 4.34 0.0 HA 110 
   2001 7.5 0.0 HE21 175 
   1360 7.71 0.0 H 124 
   1782 1.56 0.0 HB 158 
   1186 0.93 0.0 HG22 107 
   607 128.3 0.0 CD1 61 
   192 2.32 0.0 HB2 27 
   1674 7.41 0.0 H 149 
   140 1.13 0.0 HG22 23 
   1133 4.23 0.0 HA 103 
   1206 2.17 0.0 HB2 109 
   1851 2.24 0.0 HB2 163 
   219 3.47 0.0 HD3 30 
   1463 0.93 0.0 HD13 132 
   1082 3.27 0.0 HB3 98 
   1746 27.6 0.0 CD2 154 
   539 1.91 0.0 HB2 55 
   742 123.7 0.0 N 72 
   1395 4.38 0.0 HA 127 
   654 0.91 0.0 HD22 64 
   108 0.36 0.0 HG12 21 
   1963 4.4 0.0 HA 172 
   985 42.8 0.0 CB 90 
   80 1.01 0.0 HG21 18 
   383 35.5 0.0 CG 42 
   1660 2.08 0.0 HB3 148 
   725 1.1 0.0 HG23 71 
   1168 17.5 0.0 CG2 105 
   473 57.4 0.0 CA 49 
   1409 120.2 0.0 CD2 128 
   1 4.65 0.0 HA 11 
   691 1.81 0.0 HB2 68 
   1874 26.3 0.0 CG 164 
   701 24.4 0.0 CG 68 
   399 7.33 0.0 HD1 44 
   1236 41.0 0.0 CB 111 
   1202 27.1 0.0 CG 108 
   1673 110.9 0.0 N 148 
   1153 119.5 0.0 N 104 
   1197 2.12 0.0 HG3 108 
   371 25.0 0.0 CG 41 
   590 2.19 0.0 HB2 60 
   1023 118.3 0.0 N 93 
   1563 122.6 0.0 N 139 
   320 2.23 0.0 HB3 38 
   511 2.31 0.0 HG2 52 
   1937 4.24 0.0 HA 170 
   1867 1.66 0.0 HG3 164 
   373 42.2 0.0 CE 41 
   986 25.7 0.0 CG1 90 
   1982 58.6 0.0 CA 173 
   655 0.91 0.0 HD23 64 
   1637 23.3 0.0 CD2 145 
   1460 1.53 0.0 HG 132 
   1762 0.93 0.0 HG21 156 
   1152 35.9 0.0 CG 104 
   1219 0.5 0.0 HD11 110 
   368 2.96 0.0 HE3 41 
   1873 34.1 0.0 CB 164 
   1804 66.3 0.0 CA 159 
   830 6.96 0.0 HD1 79 
   936 117.5 0.0 CE1 86 
   1809 4.33 0.0 HA 160 
   1676 3.16 0.0 HA3 149 
   1853 2.49 0.0 HG2 163 
   1718 7.08 0.0 HE3 153 
   283 119.1 0.0 N 35 
   9 2.03 0.0 HB3 12 
   557 7.04 0.0 HD21 56 
   150 1.88 0.0 HB3 24 
   1073 1.17 0.0 HG22 97 
   1049 32.4 0.0 CB 95 
   1367 8.42 0.0 H 125 
   921 29.2 0.0 CD 85 
   75 3.81 0.0 HA 18 
   698 3.0 0.0 HE3 68 
   695 1.69 0.0 HD2 68 
   1559 32.6 0.0 CB 139 
   337 2.71 0.0 HD3 39 
   1726 113.9 0.0 CZ2 153 
   183 1.25 0.0 HG21 26 
   1178 128.8 0.0 N 106 
   162 25.5 0.0 CD2 24 
   575 55.3 0.0 CA 58 
   1260 4.63 0.0 HA 114 
   1017 8.57 0.0 H 93 
   1074 1.17 0.0 HG23 97 
   1030 0.7 0.0 HG22 94 
   840 121.1 0.0 N 79 
   1440 29.7 0.0 CB 130 
   500 0.8 0.0 HG22 51 
   1902 0.95 0.0 HG21 167 
   805 32.7 0.0 CB 77 
   1050 27.0 0.0 CG 95 
   681 3.07 0.0 HB2 67 
   1337 55.1 0.0 CA 122 
   1896 115.2 0.0 N 166 
   488 131.7 0.0 CD1 50 
   58 43.2 0.0 CD 16 
   1624 1.42 0.0 HB2 145 
   1999 2.31 0.0 HG2 175 
   1983 27.8 0.0 CB 173 
   1670 27.0 0.0 CG 148 
   135 2.37 0.0 HB 23 
   1640 4.36 0.0 HA 146 
   869 2.25 0.0 HB2 82 
   1960 36.0 0.0 CG 171 
   873 131.6 0.0 N 82 
   1608 55.6 0.0 CA 143 
   105 7.66 0.0 H 21 
   1913 112.3 0.0 N 167 
   1484 27.6 0.0 CB 133 
   1137 1.47 0.0 HG3 103 
   853 38.1 0.0 CB 80 
   1042 1.84 0.0 HB2 95 
   1908 59.4 0.0 CA 167 
   1707 3.6 0.0 HD3 152 
   522 6.74 0.0 HD22 53 
   783 107.1 0.0 N 75 
   1819 1.91 0.0 HG 161 
   1129 0.01 0.0 HB3 102 
   943 2.0 0.0 HG2 87 
   1887 1.0 0.0 HG12 166 
   916 2.27 0.0 HE2 85 
   1251 3.12 0.0 HE2 113 
   467 1.95 0.0 HB2 49 
   1127 0.01 0.0 HB1 102 
   1551 1.6 0.0 HB3 139 
   418 59.3 0.0 CA 45 
   13 29.4 0.0 CB 12 
   716 4.53 0.0 HA2 70 
   1010 40.4 0.0 CB 92 
   995 2.13 0.0 HG3 91 
   1968 1.65 0.0 HD2 172 
   456 0.92 0.0 HD11 48 
   1566 1.98 0.0 HB2 140 
   1626 1.11 0.0 HG 145 
   1327 7.0 0.0 H 122 
   212 107.0 0.0 N 29 
   1646 31.6 0.0 CB 146 
   111 0.18 0.0 HG22 21 
   3 2.76 0.0 HB3 11 
   577 116.9 0.0 N 58 
   747 6.4 0.0 HD1 73 
   1633 58.4 0.0 CA 145 
   1546 24.1 0.0 CG 138 
   157 1.18 0.0 HD23 24 
   126 2.1 0.0 HG3 22 
   1270 4.47 0.0 HA 115 
   1805 30.6 0.0 CB 159 
   184 1.25 0.0 HG22 26 
   712 29.6 0.0 CB 69 
   1413 4.07 0.0 HA 129 
   693 1.46 0.0 HG2 68 
   1111 67.1 0.0 CA 100 
   619 5.47 0.0 HD2 62 
   1614 3.34 0.0 HB3 144 
   1710 28.3 0.0 CG 152 
   1703 2.44 0.0 HB3 152 
   1684 0.87 0.0 HD11 150 
   22 18.5 0.0 CB 13 
   49 1.9 0.0 HB2 16 
   491 118.8 0.0 CE2 50 
   1524 4.01 0.0 HA 137 
   30 64.2 0.0 CA 14 
   1764 0.93 0.0 HG23 156 
   593 40.5 0.0 CB 60 
   514 29.2 0.0 CB 52 
   542 1.59 0.0 HG3 55 
   1287 1.89 0.0 HE2 117 
   1529 1.08 0.0 HG21 137 
   1862 7.88 0.0 H 164 
   1118 1.08 0.0 HG21 101 
   1364 57.6 0.0 CA 124 
   364 1.73 0.0 HG3 41 
   446 23.9 0.0 CD2 47 
   665 1.81 0.0 HB3 65 
   186 65.4 0.0 CA 26 
   1967 1.43 0.0 HG3 172 
   82 1.01 0.0 HG23 18 
   1203 49.8 0.0 CD 108 
   606 29.6 0.0 CB 61 
   1517 6.92 0.0 HD21 136 
   1466 1.04 0.0 HD23 132 
   1596 0.37 0.0 HD23 142 
   1636 25.8 0.0 CD1 145 
   29 1.24 0.0 HG23 14 
   459 65.0 0.0 CA 48 
   1586 10.28 0.0 H 142 
   1217 1.6 0.0 HB3 110 
   1476 3.07 0.0 HB3 133 
   966 8.46 0.0 H 89 
   1472 119.9 0.0 N 132 
   979 1.02 0.0 HG22 90 
   743 8.77 0.0 H 73 
   1276 128.2 0.0 N 115 
   1668 54.5 0.0 CA 148 
   700 31.8 0.0 CB 68 
   882 0.77 0.0 HD21 83 
   357 24.3 0.0 CD2 40 
   1525 1.75 0.0 HB 137 
   214 1.05 0.0 HB2 30 
   194 6.5 0.0 HD21 27 
   1243 8.33 0.0 H 113 
   1922 54.4 0.0 CA 168 
   594 120.0 0.0 N 60 
   1131 15.4 0.0 CB 102 
   1991 53.2 0.0 CA 174 
   905 22.3 0.0 CD1 84 
   42 58.2 0.0 CA 15 
   1350 -0.36 0.0 HG23 123 
   1843 65.1 0.0 CA 162 
   881 0.82 0.0 HD13 83 
   1181 1.96 0.0 HB 107 
   1788 0.18 0.0 HD11 158 
   934 132.9 0.0 CD1 86 
   889 22.5 0.0 CD2 83 
   1777 29.2 0.0 CB 157 
   1451 3.77 0.0 HD3 131 
   1303 117.4 0.0 CE2 118 
   570 121.1 0.0 N 57 
   603 6.87 0.0 HZ3 61 
   674 0.91 0.0 HB2 66 
   1682 2.33 0.0 HB3 150 
   750 7.02 0.0 HZ2 73 
   63 1.01 0.0 HG11 17 
   925 4.52 0.0 HA 86 
   359 7.57 0.0 H 41 
   137 0.96 0.0 HG12 23 
   931 6.77 0.0 HE2 86 
   1494 1.5 0.0 HB1 134 
   427 5.22 0.0 HG 46 
   1284 2.3 0.0 HG2 117 
   124 2.46 0.0 HB3 22 
   123 1.93 0.0 HB2 22 
   705 8.77 0.0 H 69 
   1547 48.1 0.0 CD 138 
   1349 -0.36 0.0 HG22 123 
   1863 4.19 0.0 HA 164 
   1495 1.5 0.0 HB2 134 
   563 7.52 0.0 H 57 
   1390 62.4 0.0 CA 126 
   1671 26.1 0.0 CD1 148 
   907 121.8 0.0 N 84 
   1912 14.6 0.0 CD1 167 
   1210 58.3 0.0 CA 109 
   1452 65.5 0.0 CA 131 
   419 28.3 0.0 CB 45 
   480 3.32 0.0 HB2 50 
   831 6.96 0.0 HD2 79 
   551 41.8 0.0 CE 55 
   1588 0.74 0.0 HB2 142 
   1356 24.8 0.0 CG1 123 
   1353 -0.19 0.0 HD13 123 
   677 66.8 0.0 CB 66 
   1229 22.5 0.0 CD2 110 
   1649 8.35 0.0 H 147 
   1510 27.0 0.0 CG 135 
   1591 -0.51 0.0 HD11 142 
   651 0.91 0.0 HD12 64 
   605 56.9 0.0 CA 61 
   1282 29.0 0.0 CB 116 
   1433 1.42 0.0 HG2 130 
   1965 1.85 0.0 HB3 172 
   1267 20.7 0.0 CG2 114 
   1342 118.4 0.0 N 122 
   1789 0.18 0.0 HD12 158 
   1490 120.6 0.0 N 133 
   596 4.27 0.0 HA 61 
   295 29.5 0.0 CB 36 
   1368 4.45 0.0 HA 125 
   1542 3.23 0.0 HD2 138 
   788 1.43 0.0 HG2 76 
   820 119.9 0.0 CE3 78 
   1122 69.9 0.0 CB 101 
   360 4.16 0.0 HA 41 
   2004 29.2 0.0 CB 175 
   1656 120.5 0.0 N 147 
   8 2.03 0.0 HB2 12 
   996 55.2 0.0 CA 91 
   1769 113.1 0.0 N 156 
   704 123.1 0.0 N 68 
   1800 1.71 0.0 HG2 159 
   1458 1.61 0.0 HB2 132 
   904 25.9 0.0 CG 84 
   278 56.6 0.0 CA 35 
   1028 2.13 0.0 HG13 94 
   578 8.55 0.0 H 59 
   509 2.1 0.0 HB2 52 
   1279 2.0 0.0 HB2 116 
   1221 0.5 0.0 HD13 110 
   579 5.05 0.0 HA 59 
   1045 1.91 0.0 HG3 95 
   976 0.84 0.0 HG12 90 
   358 120.3 0.0 N 40 
   828 3.01 0.0 HB2 79 
   1650 4.49 0.0 HA 147 
   564 4.51 0.0 HA 57 
   1060 0.87 0.0 HD11 96 
   174 57.0 0.0 CA 25 
   1618 29.7 0.0 CB 144 
   576 39.1 0.0 CB 58 
   1104 49.5 0.0 CD 99 
   233 29.5 0.0 CB 31 
   555 2.93 0.0 HB2 56 
   739 32.8 0.0 CB 72 
   1994 112.7 0.0 ND2 174 
   755 123.5 0.0 CD1 73 
   1006 6.63 0.0 HE1 92 
   311 1.13 0.0 HG23 37 
   1880 4.11 0.0 HA3 165 
   1263 1.17 0.0 HG22 114 
   898 0.41 0.0 HD13 84 
   796 24.8 0.0 CG 76 
   948 122.6 0.0 N 87 
   1361 4.44 0.0 HA 124 
   444 27.4 0.0 CG 47 
   786 1.44 0.0 HB2 76 
   862 7.19 0.0 HD2 81 
   1820 0.66 0.0 HD11 161 
   471 3.37 0.0 HD2 49 
   737 3.19 0.0 HD3 72 
   512 2.42 0.0 HG3 52 
   143 32.8 0.0 CB 23 
   1961 119.4 0.0 N 171 
   1331 1.04 0.0 HG2 122 
   1425 129.8 0.0 CE1 129 
   1977 122.0 0.0 N 172 
   1436 1.74 0.0 HD3 130 
