   289 9.86 0.0 HE1 36 
   1247 1.3 0.0 HG2 113 
   64 1.01 0.0 HG12 17 
   108 0.36 0.0 HG12 21 
   748 9.32 0.0 HE1 73 
   1456 6.93 0.0 H 132 
   617 2.5 0.0 HB3 62 
   1008 6.45 0.0 HZ 92 
   485 6.97 0.0 HE2 50 
   784 8.54 0.0 H 76 
   479 4.78 0.0 HA 50 
   850 0.82 0.0 HD12 80 
   716 4.53 0.0 HA2 70 
   65 1.01 0.0 HG13 17 
   507 8.37 0.0 H 52 
   995 2.13 0.0 HG3 91 
   1103 25.1 0.0 CG 99 
   1057 0.98 0.0 HG21 96 
   952 3.07 0.0 HB3 88 
   962 129.6 0.0 CE1 88 
   49 1.9 0.0 HB2 16 
   1534 20.4 0.0 CG1 137 
   1645 57.0 0.0 CA 146 
   1985 8.55 0.0 H 174 
   261 2.42 0.0 HG2 34 
   665 1.81 0.0 HB3 65 
   824 117.5 0.0 N 78 
   1329 1.25 0.0 HB2 122 
   460 37.8 0.0 CB 48 
   1444 118.4 0.0 N 130 
   801 5.55 0.0 HA 77 
   309 1.13 0.0 HG21 37 
   154 1.0 0.0 HD13 24 
   442 58.8 0.0 CA 47 
   1748 7.31 0.0 H 155 
   966 8.46 0.0 H 89 
   1372 0.13 0.0 HD11 125 
   612 121.9 0.0 N 61 
   1746 27.6 0.0 CD2 154 
   1397 2.68 0.0 HB3 127 
   275 1.01 0.0 HD21 35 
   799 121.3 0.0 N 76 
   1129 0.01 0.0 HB3 102 
   400 7.33 0.0 HD2 44 
   1505 1.72 0.0 HG3 135 
   904 25.9 0.0 CG 84 
   802 2.94 0.0 HB2 77 
   483 7.26 0.0 HD2 50 
   1014 129.9 0.0 CE2 92 
   720 8.33 0.0 H 71 
   1141 31.9 0.0 CB 103 
   924 9.53 0.0 H 86 
   1466 1.04 0.0 HD23 132 
   806 114.4 0.0 N 77 
   1443 41.8 0.0 CE 130 
   342 8.86 0.0 H 40 
   736 3.09 0.0 HD2 72 
   1068 118.2 0.0 N 96 
   1987 2.77 0.0 HB2 174 
   1060 0.87 0.0 HD11 96 
   513 59.7 0.0 CA 52 
   111 0.18 0.0 HG22 21 
   1159 0.67 0.0 HG21 105 
   1567 2.06 0.0 HB3 140 
   252 58.8 0.0 CA 33 
   1004 6.51 0.0 HD1 92 
   668 54.6 0.0 CA 65 
   1823 0.73 0.0 HD21 161 
   364 1.73 0.0 HG3 41 
   185 1.25 0.0 HG23 26 
   128 4.08 0.0 HD3 22 
   1360 7.71 0.0 H 124 
   1867 1.66 0.0 HG3 164 
   1353 -0.19 0.0 HD13 123 
   350 0.86 0.0 HD21 40 
   316 116.1 0.0 N 37 
   434 2.21 0.0 HB3 47 
   1592 -0.51 0.0 HD12 142 
   1439 62.3 0.0 CA 130 
   1380 26.3 0.0 CG 125 
   1676 3.16 0.0 HA3 149 
   1688 1.16 0.0 HD22 150 
   1278 4.0 0.0 HA 116 
   312 66.4 0.0 CA 37 
   1132 126.2 0.0 N 102 
   1165 62.8 0.0 CA 105 
   1819 1.91 0.0 HG 161 
   606 29.6 0.0 CB 61 
   1753 53.8 0.0 CA 155 
   941 1.9 0.0 HB2 87 
   1041 4.62 0.0 HA 95 
   1006 6.63 0.0 HE1 92 
   188 22.0 0.0 CG2 26 
   199 107.7 0.0 ND2 27 
   1442 29.4 0.0 CD 130 
   543 1.6 0.0 HD2 55 
   318 4.09 0.0 HA 38 
   1390 62.4 0.0 CA 126 
   243 119.3 0.0 N 32 
   1135 2.45 0.0 HB3 103 
   140 1.13 0.0 HG22 23 
   1708 64.6 0.0 CA 152 
   1799 2.07 0.0 HB3 159 
   1513 7.18 0.0 H 136 
   1111 67.1 0.0 CA 100 
   591 2.96 0.0 HB3 60 
   785 5.61 0.0 HA 76 
   955 7.18 0.0 HE1 88 
   1069 7.01 0.0 H 97 
   14 35.9 0.0 CG 12 
   1478 9.6 0.0 HE1 133 
   301 121.6 0.0 N 36 
   1862 7.88 0.0 H 164 
   1901 1.3 0.0 HG13 167 
   1952 8.55 0.0 H 171 
   761 127.0 0.0 NE1 73 
   1643 2.21 0.0 HG2 146 
   1191 22.2 0.0 CG2 107 
   1357 17.0 0.0 CG2 123 
   1234 2.72 0.0 HB3 111 
   246 2.0 0.0 HB2 33 
   1160 0.67 0.0 HG22 105 
   401 6.81 0.0 HE1 44 
   508 3.88 0.0 HA 52 
   953 7.16 0.0 HD1 88 
   1251 3.12 0.0 HE2 113 
   1801 2.05 0.0 HG3 159 
   1896 115.2 0.0 N 166 
   284 8.01 0.0 H 36 
   567 1.5 0.0 HB3 57 
   1333 1.6 0.0 HD2 122 
   124 2.46 0.0 HB3 22 
   771 54.9 0.0 CA 74 
   1470 23.5 0.0 CD1 132 
   756 119.8 0.0 CE3 73 
   948 122.6 0.0 N 87 
   1805 30.6 0.0 CB 159 
   1739 1.14 0.0 HD21 154 
   1657 8.89 0.0 H 148 
   664 1.55 0.0 HB2 65 
   524 37.4 0.0 CB 53 
   1344 3.77 0.0 HA 123 
   1033 0.45 0.0 HD12 94 
   598 4.08 0.0 HB3 61 
   18 1.47 0.0 HB1 13 
   815 6.61 0.0 HZ3 78 
   1898 4.64 0.0 HA 167 
   1793 28.2 0.0 CG1 158 
   405 131.7 0.0 CD1 44 
   1366 121.7 0.0 N 124 
   106 4.14 0.0 HA 21 
   589 4.4 0.0 HA 60 
   1691 42.2 0.0 CB 150 
   207 123.5 0.0 N 28 
   155 1.18 0.0 HD21 24 
   889 22.5 0.0 CD2 83 
   1556 2.87 0.0 HE2 139 
   40 3.21 0.0 HD2 15 
   1276 128.2 0.0 N 115 
   189 121.3 0.0 N 26 
   800 9.17 0.0 H 77 
   836 131.9 0.0 CD1 79 
   1897 6.85 0.0 H 167 
   1449 2.12 0.0 HG3 131 
   1205 4.3 0.0 HA 109 
   1843 65.1 0.0 CA 162 
   1971 2.95 0.0 HE3 172 
   1826 57.4 0.0 CA 161 
   1859 33.7 0.0 CG 163 
   1704 1.84 0.0 HG2 152 
   1762 0.93 0.0 HG21 156 
   575 55.3 0.0 CA 58 
   553 8.2 0.0 H 56 
   1983 27.8 0.0 CB 173 
   1493 4.17 0.0 HA 134 
   1280 2.0 0.0 HB3 116 
   497 0.78 0.0 HG12 51 
   640 54.8 0.0 CA 63 
   481 3.32 0.0 HB3 50 
   303 7.5 0.0 H 37 
   1282 29.0 0.0 CB 116 
   1460 1.53 0.0 HG 132 
   186 65.4 0.0 CA 26 
   1766 33.1 0.0 CB 156 
   1173 1.34 0.0 HB1 106 
   1299 39.5 0.0 CB 118 
   1808 6.55 0.0 H 160 
   250 3.34 0.0 HD2 33 
   329 113.9 0.0 NE2 38 
   933 39.5 0.0 CB 86 
   451 1.26 0.0 HG12 48 
   1114 122.2 0.0 N 100 
   305 2.2 0.0 HB 37 
   41 3.21 0.0 HD3 15 
   1378 54.2 0.0 CA 125 
   566 1.5 0.0 HB2 57 
   1096 2.2 0.0 HB3 99 
   1685 0.87 0.0 HD12 150 
   890 108.0 0.0 N 83 
   818 32.6 0.0 CB 78 
   1737 0.88 0.0 HD12 154 
   491 118.8 0.0 CE2 50 
   577 116.9 0.0 N 58 
   726 61.7 0.0 CA 71 
   67 1.1 0.0 HG22 17 
   367 2.96 0.0 HE2 41 
   725 1.1 0.0 HG23 71 
   1486 120.1 0.0 CE3 133 
   482 7.26 0.0 HD1 50 
   1321 113.5 0.0 N 120 
   1126 3.87 0.0 HA 102 
   1703 2.44 0.0 HB3 152 
   1631 0.45 0.0 HD22 145 
   1593 -0.51 0.0 HD13 142 
   173 2.92 0.0 HE3 25 
   1527 0.66 0.0 HG12 137 
   913 1.18 0.0 HG3 85 
   452 1.86 0.0 HG13 48 
   1974 24.7 0.0 CG 172 
   956 7.18 0.0 HE2 88 
   1255 25.6 0.0 CG 113 
   1982 58.6 0.0 CA 173 
   1051 50.6 0.0 CD 95 
   1710 28.3 0.0 CG 152 
   466 4.23 0.0 HA 49 
   25 4.07 0.0 HA 14 
   919 34.2 0.0 CB 85 
   1377 0.33 0.0 HD23 125 
   1202 27.1 0.0 CG 108 
   1585 112.9 0.0 N 141 
   1769 113.1 0.0 N 156 
   373 42.2 0.0 CE 41 
   1067 13.2 0.0 CD1 96 
   1883 7.79 0.0 H 166 
   892 4.47 0.0 HA 84 
   228 1.58 0.0 HG2 31 
   947 37.4 0.0 CG 87 
   626 132.0 0.0 CD2 62 
   1342 118.4 0.0 N 122 
   749 7.03 0.0 HE3 73 
   989 113.7 0.0 N 90 
   853 38.1 0.0 CB 80 
   298 114.2 0.0 CZ2 36 
   414 2.54 0.0 HG2 45 
   1692 27.0 0.0 CG 150 
   1658 4.51 0.0 HA 148 
   627 133.7 0.0 CE1 62 
   615 4.91 0.0 HA 62 
   1540 1.25 0.0 HG2 138 
   1351 -0.19 0.0 HD11 123 
   792 2.95 0.0 HE2 76 
   1179 8.02 0.0 H 107 
   1362 2.23 0.0 HB2 124 
   146 116.5 0.0 N 23 
   363 1.45 0.0 HG2 41 
   340 26.9 0.0 CG 39 
   1956 2.2 0.0 HG2 171 
   1227 26.9 0.0 CG 110 
   1668 54.5 0.0 CA 148 
   1288 1.89 0.0 HE3 117 
   1547 48.1 0.0 CD 138 
   1327 7.0 0.0 H 122 
   1588 0.74 0.0 HB2 142 
   1605 1.04 0.0 HB1 143 
   1204 9.68 0.0 H 109 
   763 5.33 0.0 HA 74 
   757 113.1 0.0 CZ2 73 
   1389 1.41 0.0 HG23 126 
   692 1.89 0.0 HB3 68 
   1265 58.4 0.0 CA 114 
   1249 1.6 0.0 HD2 113 
   514 29.2 0.0 CB 52 
   48 4.19 0.0 HA 16 
   1515 0.92 0.0 HB2 136 
   1815 7.82 0.0 H 161 
   907 121.8 0.0 N 84 
   1325 45.6 0.0 CA 121 
   1669 43.3 0.0 CB 148 
   1304 8.4 0.0 H 119 
   1649 8.35 0.0 H 147 
   210 4.82 0.0 HA3 29 
   319 2.23 0.0 HB2 38 
   1512 113.5 0.0 N 135 
   1587 3.92 0.0 HA 142 
   385 8.98 0.0 H 43 
   638 3.25 0.0 HD3 63 
   685 51.6 0.0 CA 67 
   182 3.96 0.0 HB 26 
   145 22.0 0.0 CG2 23 
   1420 6.93 0.0 HZ 129 
   1031 0.7 0.0 HG23 94 
   1502 1.71 0.0 HB2 135 
   137 0.96 0.0 HG12 23 
   502 67.2 0.0 CA 51 
   1148 2.07 0.0 HG2 104 
   672 7.8 0.0 H 66 
   2001 7.5 0.0 HE21 175 
   522 6.74 0.0 HD22 53 
   841 8.07 0.0 H 80 
   739 32.8 0.0 CB 72 
   181 3.89 0.0 HA 26 
   1672 22.7 0.0 CD2 148 
   1482 7.06 0.0 HH2 133 
   1487 113.9 0.0 CZ2 133 
   758 120.1 0.0 CZ3 73 
   1408 30.4 0.0 CB 128 
   2005 33.7 0.0 CG 175 
   1271 1.43 0.0 HB1 115 
   1860 121.6 0.0 N 163 
   807 9.24 0.0 H 78 
   1771 3.85 0.0 HA 157 
   529 3.06 0.0 HB2 54 
   528 4.38 0.0 HA 54 
   1007 6.63 0.0 HE2 92 
   1494 1.5 0.0 HB1 134 
   561 118.9 0.0 N 56 
   1888 1.0 0.0 HG13 166 
   80 1.01 0.0 HG21 18 
   12 58.2 0.0 CA 12 
   636 1.74 0.0 HG3 63 
   31 68.6 0.0 CB 14 
   277 1.01 0.0 HD23 35 
   1462 0.93 0.0 HD12 132 
   755 123.5 0.0 CD1 73 
   296 127.0 0.0 CD1 36 
   1532 60.5 0.0 CA 137 
   1893 32.2 0.0 CB 166 
   1426 129.8 0.0 CE2 129 
   403 62.3 0.0 CA 44 
   1646 31.6 0.0 CB 146 
   843 1.63 0.0 HB 80 
   1080 4.69 0.0 HA 98 
   810 3.29 0.0 HB3 78 
   112 0.18 0.0 HG23 21 
   376 4.12 0.0 HA 42 
   1318 4.1 0.0 HA2 120 
   1791 63.4 0.0 CA 158 
   819 125.9 0.0 CD1 78 
   29 1.24 0.0 HG23 14 
   1904 0.95 0.0 HG23 167 
   436 0.93 0.0 HD11 47 
   271 1.77 0.0 HG 35 
   1361 4.44 0.0 HA 124 
   478 8.25 0.0 H 50 
   389 2.14 0.0 HG2 43 
   849 0.82 0.0 HD11 80 
   1002 2.77 0.0 HB2 92 
   781 4.31 0.0 HA3 75 
   223 48.9 0.0 CD 30 
   795 38.2 0.0 CB 76 
   409 118.4 0.0 N 44 
   322 2.45 0.0 HG3 38 
   1475 2.49 0.0 HB2 133 
   1403 3.23 0.0 HB2 128 
   77 0.94 0.0 HG11 18 
   1514 4.26 0.0 HA 136 
   1733 1.24 0.0 HB2 154 
   200 7.02 0.0 H 28 
   679 8.15 0.0 H 67 
   842 5.13 0.0 HA 80 
   172 2.92 0.0 HE2 25 
   1434 1.72 0.0 HG3 130 
   562 112.3 0.0 ND2 56 
   500 0.8 0.0 HG22 51 
   1015 127.8 0.0 CZ 92 
   1097 1.5 0.0 HG2 99 
   1492 8.33 0.0 H 134 
   1933 30.1 0.0 CB 169 
   1496 1.5 0.0 HB3 134 
   1256 29.1 0.0 CD 113 
   1856 6.84 0.0 HE22 163 
   1026 2.04 0.0 HB 94 
   158 56.0 0.0 CA 24 
   1213 116.4 0.0 N 109 
   898 0.41 0.0 HD13 84 
   1614 3.34 0.0 HB3 144 
   347 0.84 0.0 HD11 40 
   5 40.9 0.0 CB 11 
   446 23.9 0.0 CD2 47 
   395 8.83 0.0 H 44 
   896 0.41 0.0 HD11 84 
   1156 1.26 0.0 HB 105 
   1062 0.87 0.0 HD13 96 
   1975 29.1 0.0 CD 172 
   487 38.5 0.0 CB 50 
   540 1.91 0.0 HB3 55 
   1367 8.42 0.0 H 125 
   1684 0.87 0.0 HD11 150 
   313 31.3 0.0 CB 37 
   1118 1.08 0.0 HG21 101 
   1052 8.69 0.0 H 96 
   703 41.8 0.0 CE 68 
   579 5.05 0.0 HA 59 
   331 4.12 0.0 HA 39 
   91 3.98 0.0 HB3 19 
   1116 4.28 0.0 HA 101 
   1382 22.6 0.0 CD2 125 
   1959 31.0 0.0 CB 171 
   1345 0.37 0.0 HB 123 
   619 5.47 0.0 HD2 62 
   1050 27.0 0.0 CG 95 
   1490 120.6 0.0 N 133 
   1986 4.67 0.0 HA 174 
   1972 56.3 0.0 CA 172 
   877 2.1 0.0 HB3 83 
   1037 26.8 0.0 CG1 94 
   1563 122.6 0.0 N 139 
   334 1.47 0.0 HG2 39 
   1154 8.55 0.0 H 105 
   1119 1.08 0.0 HG22 101 
   1795 8.6 0.0 CD1 158 
   803 3.39 0.0 HB3 77 
   216 1.05 0.0 HG2 30 
   1565 4.03 0.0 HA 140 
   564 4.51 0.0 HA 57 
   117 39.1 0.0 CB 21 
   1414 3.1 0.0 HB2 129 
   1555 1.62 0.0 HD3 139 
   408 117.8 0.0 CE2 44 
   1615 5.82 0.0 HD2 144 
   1218 1.35 0.0 HG 110 
   82 1.01 0.0 HG23 18 
   1144 8.6 0.0 H 104 
   1395 4.38 0.0 HA 127 
   1095 1.45 0.0 HB2 99 
   857 128.9 0.0 N 80 
   1379 41.7 0.0 CB 125 
   135 2.37 0.0 HB 23 
   509 2.1 0.0 HB2 52 
   412 2.23 0.0 HB2 45 
   1943 1.6 0.0 HD3 170 
   600 9.85 0.0 HE1 61 
   109 1.61 0.0 HG13 21 
   308 0.99 0.0 HG13 37 
   1652 1.22 0.0 HB2 147 
   241 55.0 0.0 CA 32 
   1738 0.88 0.0 HD13 154 
   276 1.01 0.0 HD22 35 
   1348 -0.36 0.0 HG21 123 
   1678 107.1 0.0 N 149 
   1961 119.4 0.0 N 171 
   488 131.7 0.0 CD1 50 
   787 1.49 0.0 HB3 76 
   463 13.2 0.0 CD1 48 
   410 8.21 0.0 H 45 
   856 12.7 0.0 CD1 80 
   858 9.14 0.0 H 81 
   211 44.9 0.0 CA 29 
   715 7.82 0.0 H 70 
   1927 8.65 0.0 H 169 
   1844 38.3 0.0 CB 162 
   1311 3.21 0.0 HD3 119 
   775 130.0 0.0 CE1 74 
   1474 3.57 0.0 HA 133 
   1659 1.74 0.0 HB2 148 
   1081 2.76 0.0 HB2 98 
   1754 18.2 0.0 CB 155 
   1477 6.93 0.0 HD1 133 
   428 62.8 0.0 CA 46 
   1599 26.2 0.0 CG 142 
   922 41.3 0.0 CE 85 
   963 129.6 0.0 CE2 88 
   1809 4.33 0.0 HA 160 
   1654 55.8 0.0 CA 147 
   1013 129.9 0.0 CE1 92 
   549 25.6 0.0 CG 55 
   1827 41.4 0.0 CB 161 
   1010 40.4 0.0 CB 92 
   768 7.0 0.0 HE1 74 
   1870 2.92 0.0 HE2 164 
   131 27.7 0.0 CG 22 
   116 59.2 0.0 CA 21 
   1248 1.36 0.0 HG3 113 
   813 7.27 0.0 HE3 78 
   8 2.03 0.0 HB2 12 
   420 34.2 0.0 CG 45 
   1716 7.36 0.0 HD1 153 
   1639 7.93 0.0 H 146 
   461 29.8 0.0 CG1 48 
   293 7.05 0.0 HH2 36 
   231 3.17 0.0 HD3 31 
   949 9.09 0.0 H 88 
   1590 1.64 0.0 HG 142 
   184 1.25 0.0 HG22 26 
   495 2.1 0.0 HB 51 
   1387 1.41 0.0 HG21 126 
   939 8.12 0.0 H 87 
   862 7.19 0.0 HD2 81 
   1829 26.1 0.0 CD1 161 
   490 118.8 0.0 CE1 50 
   667 2.03 0.0 HG3 65 
   1693 23.0 0.0 CD1 150 
   351 0.86 0.0 HD22 40 
   1231 7.36 0.0 H 111 
   538 3.93 0.0 HA 55 
   1992 38.6 0.0 CB 174 
   422 111.4 0.0 NE2 45 
   1794 18.6 0.0 CG2 158 
   572 4.38 0.0 HA 58 
   1319 3.69 0.0 HA3 120 
   1675 4.05 0.0 HA2 149 
   1167 27.6 0.0 CG1 105 
   620 5.55 0.0 HE1 62 
   42 58.2 0.0 CA 15 
   245 3.99 0.0 HA 33 
   1158 1.15 0.0 HG13 105 
   909 4.75 0.0 HA 85 
   1046 3.51 0.0 HD2 95 
   1076 67.7 0.0 CB 97 
   935 132.9 0.0 CD2 86 
   1105 8.2 0.0 H 100 
   1944 2.96 0.0 HE2 170 
   901 0.64 0.0 HD23 84 
   213 2.52 0.0 HA 30 
   157 1.18 0.0 HD23 24 
   1286 1.89 0.0 HE1 117 
   330 8.2 0.0 H 39 
   610 120.2 0.0 CZ3 61 
   1343 7.91 0.0 H 123 
   269 1.46 0.0 HB2 35 
   325 58.3 0.0 CA 38 
   1392 21.7 0.0 CG2 126 
   1416 7.05 0.0 HD1 129 
   353 57.5 0.0 CA 40 
   86 22.0 0.0 CG2 18 
   1545 32.6 0.0 CB 138 
   260 2.16 0.0 HB3 34 
   741 43.1 0.0 CD 72 
   411 4.15 0.0 HA 45 
   1285 2.4 0.0 HG3 117 
   568 51.2 0.0 CA 57 
   1093 128.0 0.0 N 98 
   472 3.42 0.0 HD3 49 
   1564 6.28 0.0 H 140 
   1549 4.17 0.0 HA 139 
   11 2.32 0.0 HG3 12 
   1305 4.25 0.0 HA 119 
   1830 22.9 0.0 CD2 161 
   1323 3.93 0.0 HA2 121 
   1461 0.93 0.0 HD11 132 
   596 4.27 0.0 HA 61 
   1566 1.98 0.0 HB2 140 
   7 4.11 0.0 HA 12 
   1509 30.1 0.0 CB 135 
   1681 1.36 0.0 HB2 150 
   164 8.31 0.0 H 25 
   1918 2.32 0.0 HG2 168 
   1863 4.19 0.0 HA 164 
   1250 1.6 0.0 HD3 113 
   831 6.96 0.0 HD2 79 
   968 2.72 0.0 HB2 89 
   1328 4.58 0.0 HA 122 
   1578 129.7 0.0 CE2 140 
   287 3.79 0.0 HB3 36 
   1948 24.8 0.0 CG 170 
   417 6.94 0.0 HE22 45 
   1094 3.55 0.0 HA 99 
   1939 1.7 0.0 HB3 170 
   1391 69.5 0.0 CB 126 
   669 34.1 0.0 CB 65 
   645 8.7 0.0 H 64 
   453 0.97 0.0 HG21 48 
   266 121.5 0.0 N 34 
   1715 3.56 0.0 HB3 153 
   1608 55.6 0.0 CA 143 
   903 43.1 0.0 CB 84 
   202 1.47 0.0 HB1 28 
   637 3.25 0.0 HD2 63 
   193 3.25 0.0 HB3 27 
   1200 66.4 0.0 CA 108 
   929 7.33 0.0 HD2 86 
   1219 0.5 0.0 HD11 110 
   51 1.6 0.0 HG2 16 
   1171 8.88 0.0 H 106 
   1104 49.5 0.0 CD 99 
   1082 3.27 0.0 HB3 98 
   1472 119.9 0.0 N 132 
   1721 6.62 0.0 HH2 153 
   722 4.57 0.0 HB 71 
   630 115.3 0.0 N 62 
   1170 124.1 0.0 N 105 
   1611 7.37 0.0 H 144 
   1412 7.96 0.0 H 129 
   1500 7.5 0.0 H 135 
   548 32.2 0.0 CB 55 
   1381 25.2 0.0 CD1 125 
   839 117.3 0.0 CE2 79 
   100 2.4 0.0 HG3 20 
   58 43.2 0.0 CD 16 
   421 117.4 0.0 N 45 
   573 2.55 0.0 HB2 58 
   1775 1.28 0.0 HG3 157 
   1845 29.2 0.0 CG1 162 
   1777 29.2 0.0 CB 157 
   622 5.65 0.0 HZ 62 
   1363 2.78 0.0 HB3 124 
   688 110.7 0.0 ND2 67 
   1875 29.2 0.0 CD 164 
   206 24.4 0.0 CB 28 
   1699 49.3 0.0 CA 151 
   1869 1.59 0.0 HD3 164 
   1012 131.3 0.0 CD2 92 
   1215 4.34 0.0 HA 110 
   642 26.9 0.0 CG 63 
   1089 132.8 0.0 CD1 98 
   1310 3.21 0.0 HD2 119 
   1021 52.0 0.0 CA 93 
   1302 117.4 0.0 CE1 118 
   1235 56.4 0.0 CA 111 
   707 2.1 0.0 HB2 69 
   1839 0.81 0.0 HG23 162 
   1568 6.2 0.0 HD1 140 
   1516 1.28 0.0 HB3 136 
   1313 30.5 0.0 CB 119 
   1025 4.37 0.0 HA 94 
   908 8.45 0.0 H 85 
   951 2.71 0.0 HB2 88 
   661 123.1 0.0 N 64 
   1894 21.8 0.0 CG1 166 
   32 22.0 0.0 CG2 14 
   629 131.9 0.0 CZ 62 
   1289 36.0 0.0 CG 117 
   166 1.76 0.0 HB2 25 
   1878 7.93 0.0 H 165 
   1554 1.56 0.0 HD2 139 
   1110 1.25 0.0 HG23 100 
   1848 120.1 0.0 N 162 
   424 4.12 0.0 HA 46 
   45 43.1 0.0 CD 15 
   639 7.37 0.0 HE 63 
   1375 0.33 0.0 HD21 125 
   1965 1.85 0.0 HB3 172 
   1275 18.9 0.0 CB 115 
   1852 2.24 0.0 HB3 163 
   1790 0.18 0.0 HD13 158 
   484 6.97 0.0 HE1 50 
   89 4.33 0.0 HA 19 
   3 2.76 0.0 HB3 11 
   592 54.1 0.0 CA 60 
   988 14.6 0.0 CD1 90 
   1656 120.5 0.0 N 147 
   119 17.2 0.0 CG2 21 
   203 1.47 0.0 HB2 28 
   1268 110.1 0.0 N 114 
   1674 7.41 0.0 H 149 
   326 28.0 0.0 CB 38 
   366 1.74 0.0 HD3 41 
   1400 122.0 0.0 N 127 
   362 2.06 0.0 HB3 41 
   651 0.91 0.0 HD12 64 
   1035 55.2 0.0 CA 94 
   430 114.9 0.0 N 46 
   1294 7.0 0.0 HD1 118 
   23 122.6 0.0 N 13 
   1575 127.3 0.0 CD1 140 
   985 42.8 0.0 CB 90 
   230 3.17 0.0 HD2 31 
   1153 119.5 0.0 N 104 
   365 1.74 0.0 HD2 41 
   1063 64.5 0.0 CA 96 
   159 41.3 0.0 CB 24 
   760 125.1 0.0 N 73 
   658 27.3 0.0 CG 64 
   1576 127.3 0.0 CD2 140 
   240 3.09 0.0 HB3 32 
   991 5.29 0.0 HA 91 
   1623 4.15 0.0 HA 145 
   1812 57.2 0.0 CA 160 
   263 59.6 0.0 CA 34 
   840 121.1 0.0 N 79 
   2004 29.2 0.0 CB 175 
   1757 3.87 0.0 HA 156 
   576 39.1 0.0 CB 58 
   536 104.6 0.0 ND2 54 
   1977 122.0 0.0 N 172 
   402 6.81 0.0 HE2 44 
   141 1.13 0.0 HG23 23 
   1388 1.41 0.0 HG22 126 
   1579 130.1 0.0 CZ 140 
   1237 119.9 0.0 N 111 
   133 8.04 0.0 H 23 
   1770 7.92 0.0 H 157 
   1550 1.74 0.0 HB2 139 
   1083 7.86 0.0 HD1 98 
   378 2.71 0.0 HB3 42 
   265 36.3 0.0 CG 34 
   770 6.92 0.0 HZ 74 
   915 1.28 0.0 HD3 85 
   1206 2.17 0.0 HB2 109 
   505 21.0 0.0 CG2 51 
   1370 1.68 0.0 HB3 125 
   1435 1.73 0.0 HD2 130 
   1968 1.65 0.0 HD2 172 
   84 31.9 0.0 CB 18 
   1292 2.84 0.0 HB2 118 
   1224 0.68 0.0 HD23 110 
   2000 2.31 0.0 HG3 175 
   440 0.98 0.0 HD22 47 
   1877 115.9 0.0 N 164 
   1604 3.75 0.0 HA 143 
   1820 0.66 0.0 HD11 161 
   224 8.5 0.0 H 31 
   673 4.75 0.0 HA 66 
   1620 136.3 0.0 CE1 144 
   1263 1.17 0.0 HG22 114 
   1411 114.8 0.0 N 128 
   1220 0.5 0.0 HD12 110 
   1756 6.91 0.0 H 156 
   1054 1.9 0.0 HB 96 
   1734 2.04 0.0 HB3 154 
   78 0.94 0.0 HG12 18 
   208 8.82 0.0 H 29 
   690 3.96 0.0 HA 68 
   870 2.87 0.0 HB3 82 
   407 117.8 0.0 CE1 44 
   1476 3.07 0.0 HB3 133 
   175 35.9 0.0 CB 25 
   1724 127.0 0.0 CD1 153 
   1122 69.9 0.0 CB 101 
   695 1.69 0.0 HD2 68 
   399 7.33 0.0 HD1 44 
   1874 26.3 0.0 CG 164 
   339 29.8 0.0 CB 39 
   1787 0.42 0.0 HG23 158 
   1291 4.86 0.0 HA 118 
   1661 1.64 0.0 HG 148 
   860 2.85 0.0 HB2 81 
   1954 1.93 0.0 HB2 171 
   829 3.01 0.0 HB3 79 
   1526 0.66 0.0 HG11 137 
   830 6.96 0.0 HD1 79 
   1960 36.0 0.0 CG 171 
   834 57.7 0.0 CA 79 
   1174 1.34 0.0 HB2 106 
   965 121.3 0.0 N 88 
   1071 4.67 0.0 HB 97 
   1147 1.85 0.0 HB3 104 
   323 6.95 0.0 HE21 38 
   1184 0.58 0.0 HG13 107 
   1628 -0.05 0.0 HD12 145 
   1552 1.26 0.0 HG2 139 
   1269 8.73 0.0 H 115 
   796 24.8 0.0 CG 76 
   386 4.33 0.0 HA 43 
   1619 115.6 0.0 CD2 144 
   1938 1.7 0.0 HB2 170 
   652 0.91 0.0 HD13 64 
   217 1.44 0.0 HG3 30 
   101 56.0 0.0 CA 20 
   1138 2.95 0.0 HD2 103 
   698 3.0 0.0 HE3 68 
   1781 3.54 0.0 HA 158 
   1371 1.35 0.0 HG 125 
   1589 1.6 0.0 HB3 142 
   151 1.7 0.0 HG 24 
   1740 1.14 0.0 HD22 154 
   633 1.82 0.0 HB2 63 
   1307 1.79 0.0 HB3 119 
   712 29.6 0.0 CB 69 
   1228 25.1 0.0 CD1 110 
   1312 57.4 0.0 CA 119 
   805 32.7 0.0 CB 77 
   1125 7.94 0.0 H 102 
   1946 56.7 0.0 CA 170 
   1058 0.98 0.0 HG22 96 
   530 3.06 0.0 HB3 54 
   1499 117.9 0.0 N 134 
   882 0.77 0.0 HD21 83 
   659 24.3 0.0 CD1 64 
   1317 8.98 0.0 H 120 
   797 29.6 0.0 CD 76 
   1065 27.8 0.0 CG1 96 
   981 0.71 0.0 HD11 90 
   209 3.95 0.0 HA2 29 
   767 6.87 0.0 HD2 74 
   868 4.02 0.0 HA 82 
   557 7.04 0.0 HD21 56 
   369 60.1 0.0 CA 41 
   62 2.21 0.0 HB 17 
   152 1.0 0.0 HD11 24 
   503 31.5 0.0 CB 51 
   1680 4.08 0.0 HA 150 
   550 29.7 0.0 CD 55 
   888 25.2 0.0 CD1 83 
   1401 7.93 0.0 H 128 
   613 127.8 0.0 NE1 61 
   542 1.59 0.0 HG3 55 
   1424 131.7 0.0 CD2 129 
   233 29.5 0.0 CB 31 
   545 2.84 0.0 HE2 55 
   406 131.7 0.0 CD2 44 
   945 54.3 0.0 CA 87 
   1774 0.82 0.0 HG2 157 
   1121 59.6 0.0 CA 101 
   1606 1.04 0.0 HB2 143 
   1597 57.5 0.0 CA 142 
   391 58.5 0.0 CA 43 
   201 4.74 0.0 HA 28 
   869 2.25 0.0 HB2 82 
   738 56.1 0.0 CA 72 
   292 7.51 0.0 HZ3 36 
   547 60.5 0.0 CA 55 
   1607 1.04 0.0 HB3 143 
   884 0.77 0.0 HD23 83 
   1559 32.6 0.0 CB 139 
   1760 0.75 0.0 HG12 156 
   1203 49.8 0.0 CD 108 
   1432 2.04 0.0 HB3 130 
   1036 36.4 0.0 CB 94 
   1017 8.57 0.0 H 93 
   107 1.29 0.0 HB 21 
   438 0.93 0.0 HD13 47 
   1854 2.49 0.0 HG3 163 
   1885 2.17 0.0 HB 166 
   727 69.3 0.0 CB 71 
   623 57.0 0.0 CA 62 
   1459 1.92 0.0 HB3 132 
   256 121.0 0.0 N 33 
   811 7.03 0.0 HD1 78 
   590 2.19 0.0 HB2 60 
   457 0.92 0.0 HD12 48 
   60 7.9 0.0 H 17 
   1267 20.7 0.0 CG2 114 
   1417 7.05 0.0 HD2 129 
   1912 14.6 0.0 CD1 167 
   1804 66.3 0.0 CA 159 
   26 4.2 0.0 HB 14 
   147 9.12 0.0 H 24 
   1436 1.74 0.0 HD3 130 
   1572 6.2 0.0 HZ 140 
   1650 4.49 0.0 HA 147 
   290 7.31 0.0 HE3 36 
   1653 1.22 0.0 HB3 147 
   1841 0.01 0.0 HD12 162 
   219 3.47 0.0 HD3 30 
   1059 0.98 0.0 HG23 96 
   126 2.1 0.0 HG3 22 
   1581 9.74 0.0 H 141 
   1043 2.39 0.0 HB3 95 
   1529 1.08 0.0 HG21 137 
   470 1.93 0.0 HG3 49 
   1143 49.2 0.0 CD 103 
   302 125.7 0.0 NE1 36 
   1127 0.01 0.0 HB1 102 
   1955 2.09 0.0 HB3 171 
   320 2.23 0.0 HB3 38 
   375 7.68 0.0 H 42 
   990 8.61 0.0 H 91 
   1980 2.81 0.0 HB2 173 
   467 1.95 0.0 HB2 49 
   846 0.64 0.0 HG21 80 
   1246 1.82 0.0 HB3 113 
   1176 50.2 0.0 CA 106 
   476 42.2 0.0 CD 49 
   1384 8.22 0.0 H 126 
   17 4.21 0.0 HA 13 
   1536 122.5 0.0 N 137 
   657 48.2 0.0 CB 64 
   1625 2.33 0.0 HB3 145 
   1632 0.45 0.0 HD23 145 
   704 123.1 0.0 N 68 
   987 19.5 0.0 CG2 90 
   1394 8.77 0.0 H 127 
   1308 1.58 0.0 HG2 119 
   1714 3.23 0.0 HB2 153 
   167 1.76 0.0 HB3 25 
   254 27.3 0.0 CG 33 
   556 2.93 0.0 HB3 56 
   1553 1.46 0.0 HG3 139 
   1295 7.0 0.0 HD2 118 
   1842 0.01 0.0 HD13 162 
   1732 3.58 0.0 HA 154 
   1648 117.1 0.0 N 146 
   1085 6.93 0.0 HE1 98 
   27 1.24 0.0 HG21 14 
   602 7.45 0.0 HZ2 61 
   1106 4.12 0.0 HA 100 
   535 122.2 0.0 N 54 
   1644 2.21 0.0 HG3 146 
   1935 122.1 0.0 N 169 
   1077 22.0 0.0 CG2 97 
   894 1.93 0.0 HB3 84 
   663 4.51 0.0 HA 65 
   883 0.77 0.0 HD22 83 
   1429 8.59 0.0 H 130 
   1999 2.31 0.0 HG2 175 
   1530 1.08 0.0 HG22 137 
   1034 0.45 0.0 HD13 94 
   360 4.16 0.0 HA 41 
   1402 4.57 0.0 HA 128 
   1743 42.6 0.0 CB 154 
   678 111.7 0.0 N 66 
   456 0.92 0.0 HD11 48 
   671 122.0 0.0 N 65 
   1962 8.44 0.0 H 172 
   1221 0.5 0.0 HD13 110 
   1287 1.89 0.0 HE2 117 
   1088 42.0 0.0 CB 98 
   28 1.24 0.0 HG22 14 
   1535 22.9 0.0 CG2 137 
   150 1.88 0.0 HB3 24 
   634 1.82 0.0 HB3 63 
   274 0.91 0.0 HD13 35 
   425 3.98 0.0 HB2 46 
   22 18.5 0.0 CB 13 
   1858 27.9 0.0 CB 163 
   742 123.7 0.0 N 72 
   893 0.6 0.0 HB2 84 
   486 58.8 0.0 CA 50 
   1718 7.08 0.0 HE3 153 
   1696 9.07 0.0 H 151 
   1074 1.17 0.0 HG23 97 
   1702 1.82 0.0 HB2 152 
   1049 32.4 0.0 CB 95 
   1458 1.61 0.0 HB2 132 
   1582 5.14 0.0 HA2 141 
   498 0.78 0.0 HG13 51 
   1629 -0.05 0.0 HD13 145 
   1230 116.5 0.0 N 110 
   984 58.5 0.0 CA 90 
   895 1.54 0.0 HG 84 
   35 4.1 0.0 HA 15 
   1612 3.57 0.0 HA 144 
   605 56.9 0.0 CA 61 
   10 2.32 0.0 HG2 12 
   1673 110.9 0.0 N 148 
   1195 2.4 0.0 HB3 108 
   1851 2.24 0.0 HB2 163 
   437 0.93 0.0 HD12 47 
   227 2.02 0.0 HB3 31 
   867 9.03 0.0 H 82 
   1928 4.05 0.0 HA 169 
   1995 8.36 0.0 H 175 
   1798 1.66 0.0 HB2 159 
   816 6.84 0.0 HH2 78 
   733 1.73 0.0 HB3 72 
   511 2.31 0.0 HG2 52 
   1899 1.86 0.0 HB 167 
   1183 0.58 0.0 HG12 107 
   732 1.63 0.0 HB2 72 
   1484 27.6 0.0 CB 133 
   900 0.64 0.0 HD22 84 
   99 2.21 0.0 HG2 20 
   772 40.5 0.0 CB 74 
   1335 2.91 0.0 HE2 122 
   1406 8.19 0.0 HE1 128 
   1217 1.6 0.0 HB3 110 
   711 58.0 0.0 CA 69 
   583 7.7 0.0 HD22 59 
   1508 57.0 0.0 CA 135 
   713 37.3 0.0 CG 69 
   1891 1.0 0.0 HG23 166 
   341 121.0 0.0 N 39 
   443 42.7 0.0 CB 47 
   780 4.93 0.0 HA2 75 
   413 2.34 0.0 HB3 45 
   1223 0.68 0.0 HD22 110 
   132 50.7 0.0 CD 22 
   1199 3.77 0.0 HD3 108 
   1332 1.23 0.0 HG3 122 
   384 119.4 0.0 N 42 
   603 6.87 0.0 HZ3 61 
   1996 4.26 0.0 HA 175 
   1951 123.6 0.0 N 170 
   1309 1.68 0.0 HG3 119 
   1921 7.47 0.0 HE22 168 
   450 1.98 0.0 HB 48 
   1989 7.61 0.0 HD21 174 
   335 1.47 0.0 HG3 39 
   1993 121.0 0.0 N 174 
   1698 3.72 0.0 HA3 151 
   1489 123.1 0.0 CH2 133 
   1180 4.9 0.0 HA 107 
   1120 1.08 0.0 HG23 101 
   75 3.81 0.0 HA 18 
   1713 4.06 0.0 HA 153 
   383 35.5 0.0 CG 42 
   999 117.4 0.0 N 91 
   946 34.7 0.0 CB 87 
   699 59.8 0.0 CA 68 
   1385 4.28 0.0 HA 126 
   845 1.57 0.0 HG13 80 
   258 4.24 0.0 HA 34 
   1694 27.2 0.0 CD2 150 
   1446 1.83 0.0 HB2 131 
   650 0.91 0.0 HD11 64 
   464 118.5 0.0 N 48 
   61 3.95 0.0 HA 17 
   992 2.07 0.0 HB2 91 
   79 0.94 0.0 HG13 18 
   1428 121.3 0.0 N 129 
   1521 116.3 0.0 N 136 
   1958 55.9 0.0 CA 171 
   1835 0.32 0.0 HG12 162 
   1399 40.2 0.0 CB 127 
   1778 34.2 0.0 CG 157 
   468 2.07 0.0 HB3 49 
   848 0.64 0.0 HG23 80 
   1828 26.2 0.0 CG 161 
   344 0.97 0.0 HB2 40 
   125 2.1 0.0 HG2 22 
   1281 56.2 0.0 CA 116 
   1800 1.71 0.0 HG2 159 
