   854 27.8 0.0 CG1 80 
   1254 33.3 0.0 CB 113 
   5 40.9 0.0 CB 11 
   778 117.0 0.0 N 74 
   1569 6.2 0.0 HD2 140 
   1 4.65 0.0 HA 11 
   1025 4.37 0.0 HA 94 
   1312 57.4 0.0 CA 119 
   1184 0.58 0.0 HG13 107 
   470 1.93 0.0 HG3 49 
   1336 2.91 0.0 HE3 122 
   1026 2.04 0.0 HB 94 
   1888 1.0 0.0 HG13 166 
   1901 1.3 0.0 HG13 167 
   1384 8.22 0.0 H 126 
   1845 29.2 0.0 CG1 162 
   254 27.3 0.0 CG 33 
   1206 2.17 0.0 HB2 109 
   1126 3.87 0.0 HA 102 
   1040 121.6 0.0 N 94 
   343 3.56 0.0 HA 40 
   1990 6.91 0.0 HD22 174 
   1338 32.9 0.0 CB 122 
   1415 3.22 0.0 HB3 129 
   1791 63.4 0.0 CA 158 
   477 119.0 0.0 N 49 
   1847 14.9 0.0 CD1 162 
   1740 1.14 0.0 HD22 154 
   688 110.7 0.0 ND2 67 
   1945 2.96 0.0 HE3 170 
   244 8.58 0.0 H 33 
   113 -0.19 0.0 HD11 21 
   714 115.4 0.0 N 69 
   1586 10.28 0.0 H 142 
   1784 1.49 0.0 HG13 158 
   1242 115.0 0.0 N 112 
   1981 2.88 0.0 HB3 173 
   1909 40.7 0.0 CB 167 
   395 8.83 0.0 H 44 
   1559 32.6 0.0 CB 139 
   1887 1.0 0.0 HG12 166 
   1251 3.12 0.0 HE2 113 
   100 2.4 0.0 HG3 20 
   1562 41.9 0.0 CE 139 
   1524 4.01 0.0 HA 137 
   1343 7.91 0.0 H 123 
   1241 45.8 0.0 CA 112 
   436 0.93 0.0 HD11 47 
   256 121.0 0.0 N 33 
   849 0.82 0.0 HD11 80 
   1523 6.64 0.0 H 137 
   1590 1.64 0.0 HG 142 
   1042 1.84 0.0 HB2 95 
   207 123.5 0.0 N 28 
   780 4.93 0.0 HA2 75 
   152 1.0 0.0 HD11 24 
   782 45.8 0.0 CA 75 
   314 21.0 0.0 CG1 37 
   1073 1.17 0.0 HG22 97 
   1211 30.2 0.0 CB 109 
   1729 118.4 0.0 N 153 
   1402 4.57 0.0 HA 128 
   1718 7.08 0.0 HE3 153 
   931 6.77 0.0 HE2 86 
   50 1.9 0.0 HB3 16 
   718 46.2 0.0 CA 70 
   1328 4.58 0.0 HA 122 
   1520 40.4 0.0 CB 136 
   1931 7.31 0.0 HD2 169 
   1217 1.6 0.0 HB3 110 
   816 6.84 0.0 HH2 78 
   1770 7.92 0.0 H 157 
   1979 4.42 0.0 HA 173 
   1235 56.4 0.0 CA 111 
   398 3.25 0.0 HB3 44 
   917 2.37 0.0 HE3 85 
   1119 1.08 0.0 HG22 101 
   209 3.95 0.0 HA2 29 
   481 3.32 0.0 HB3 50 
   268 4.34 0.0 HA 35 
   993 2.38 0.0 HB3 91 
   1970 2.95 0.0 HE2 172 
   339 29.8 0.0 CB 39 
   1677 45.7 0.0 CA 149 
   1265 58.4 0.0 CA 114 
   1442 29.4 0.0 CD 130 
   237 8.17 0.0 H 32 
   868 4.02 0.0 HA 82 
   905 22.3 0.0 CD1 84 
   1409 120.2 0.0 CD2 128 
   855 17.1 0.0 CG2 80 
   539 1.91 0.0 HB2 55 
   1910 25.3 0.0 CG1 167 
   1166 38.7 0.0 CB 105 
   7 4.11 0.0 HA 12 
   1964 1.72 0.0 HB2 172 
   1851 2.24 0.0 HB2 163 
   1297 6.74 0.0 HE2 118 
   415 2.64 0.0 HG3 45 
   898 0.41 0.0 HD13 84 
   791 1.68 0.0 HD3 76 
   1303 117.4 0.0 CE2 118 
   1301 132.5 0.0 CD2 118 
   3 2.76 0.0 HB3 11 
   1081 2.76 0.0 HB2 98 
   1500 7.5 0.0 H 135 
   929 7.33 0.0 HD2 86 
   466 4.23 0.0 HA 49 
   1504 1.59 0.0 HG2 135 
   260 2.16 0.0 HB3 34 
   1575 127.3 0.0 CD1 140 
   510 2.21 0.0 HB3 52 
   943 2.0 0.0 HG2 87 
   1366 121.7 0.0 N 124 
   37 1.87 0.0 HB3 15 
   1117 3.67 0.0 HB 101 
   1044 1.84 0.0 HG2 95 
   1943 1.6 0.0 HD3 170 
   347 0.84 0.0 HD11 40 
   1515 0.92 0.0 HB2 136 
   1545 32.6 0.0 CB 138 
   321 2.45 0.0 HG2 38 
   478 8.25 0.0 H 50 
   1188 58.3 0.0 CA 107 
   386 4.33 0.0 HA 43 
   64 1.01 0.0 HG12 17 
   1395 4.38 0.0 HA 127 
   1498 18.5 0.0 CB 134 
   817 56.7 0.0 CA 78 
   1572 6.2 0.0 HZ 140 
   1826 57.4 0.0 CA 161 
   1356 24.8 0.0 CG1 123 
   1456 6.93 0.0 H 132 
   912 1.18 0.0 HG2 85 
   1347 0.7 0.0 HG13 123 
   1505 1.72 0.0 HG3 135 
   475 26.1 0.0 CG 49 
   947 37.4 0.0 CG 87 
   1480 7.26 0.0 HZ2 133 
   159 41.3 0.0 CB 24 
   1478 9.6 0.0 HE1 133 
   1903 0.95 0.0 HG22 167 
   1963 4.4 0.0 HA 172 
   129 63.3 0.0 CA 22 
   154 1.0 0.0 HD13 24 
   1497 54.7 0.0 CA 134 
   2003 56.0 0.0 CA 175 
   553 8.2 0.0 H 56 
   881 0.82 0.0 HD13 83 
   1324 3.93 0.0 HA3 121 
   983 0.71 0.0 HD13 90 
   818 32.6 0.0 CB 78 
   1355 37.5 0.0 CB 123 
   635 1.6 0.0 HG2 63 
   78 0.94 0.0 HG12 18 
   1130 49.7 0.0 CA 102 
   1266 68.6 0.0 CB 114 
   90 3.98 0.0 HB2 19 
   287 3.79 0.0 HB3 36 
   1190 20.0 0.0 CG1 107 
   1029 0.7 0.0 HG21 94 
   679 8.15 0.0 H 67 
   1007 6.63 0.0 HE2 92 
   552 122.1 0.0 N 55 
   1002 2.77 0.0 HB2 92 
   1337 55.1 0.0 CA 122 
   837 131.9 0.0 CD2 79 
   867 9.03 0.0 H 82 
   474 29.4 0.0 CB 49 
   288 7.34 0.0 HD1 36 
   951 2.71 0.0 HB2 88 
   1723 29.6 0.0 CB 153 
   530 3.06 0.0 HB3 54 
   203 1.47 0.0 HB2 28 
   1752 1.43 0.0 HB3 155 
   975 1.75 0.0 HB 90 
   1322 8.15 0.0 H 121 
   1864 1.76 0.0 HB2 164 
   451 1.26 0.0 HG12 48 
   1639 7.93 0.0 H 146 
   224 8.5 0.0 H 31 
   1200 66.4 0.0 CA 108 
   480 3.32 0.0 HB2 50 
   825 131.3 0.0 NE1 78 
   535 122.2 0.0 N 54 
   440 0.98 0.0 HD22 47 
   880 0.82 0.0 HD12 83 
   1000 8.46 0.0 H 92 
   1374 0.13 0.0 HD13 125 
   1346 0.57 0.0 HG12 123 
   1962 8.44 0.0 H 172 
   1710 28.3 0.0 CG 152 
   1625 2.33 0.0 HB3 145 
   1160 0.67 0.0 HG22 105 
   208 8.82 0.0 H 29 
   1290 18.0 0.0 CE 117 
   1013 129.9 0.0 CE1 92 
   1427 129.2 0.0 CZ 129 
   705 8.77 0.0 H 69 
   1288 1.89 0.0 HE3 117 
   1661 1.64 0.0 HG 148 
   448 8.86 0.0 H 48 
   1152 35.9 0.0 CG 104 
   1140 61.6 0.0 CA 103 
   1122 69.9 0.0 CB 101 
   766 6.87 0.0 HD1 74 
   1083 7.86 0.0 HD1 98 
   792 2.95 0.0 HE2 76 
   27 1.24 0.0 HG21 14 
   63 1.01 0.0 HG11 17 
   1450 3.64 0.0 HD2 131 
   1782 1.56 0.0 HB 158 
   1551 1.6 0.0 HB3 139 
   365 1.74 0.0 HD2 41 
   866 126.2 0.0 N 81 
   821 114.1 0.0 CZ2 78 
   998 35.4 0.0 CG 91 
   1286 1.89 0.0 HE1 117 
   1159 0.67 0.0 HG21 105 
   1080 4.69 0.0 HA 98 
   677 66.8 0.0 CB 66 
   918 56.1 0.0 CA 85 
   1776 57.3 0.0 CA 157 
   1033 0.45 0.0 HD12 94 
   158 56.0 0.0 CA 24 
   104 119.8 0.0 N 20 
   967 5.42 0.0 HA 89 
   1594 0.37 0.0 HD21 142 
   486 58.8 0.0 CA 50 
   1495 1.5 0.0 HB2 134 
   1889 1.0 0.0 HG21 166 
   29 1.24 0.0 HG23 14 
   1787 0.42 0.0 HG23 158 
   1046 3.51 0.0 HD2 95 
   593 40.5 0.0 CB 60 
   1120 1.08 0.0 HG23 101 
   394 120.6 0.0 N 43 
   1036 36.4 0.0 CB 94 
   375 7.68 0.0 H 42 
   213 2.52 0.0 HA 30 
   1098 1.77 0.0 HG3 99 
   174 57.0 0.0 CA 25 
   588 8.49 0.0 H 60 
   91 3.98 0.0 HB3 19 
   323 6.95 0.0 HE21 38 
   419 28.3 0.0 CB 45 
   161 27.0 0.0 CD1 24 
   496 0.78 0.0 HG11 51 
   1327 7.0 0.0 H 122 
   1991 53.2 0.0 CA 174 
   1273 1.43 0.0 HB3 115 
   965 121.3 0.0 N 88 
   458 0.92 0.0 HD13 48 
   596 4.27 0.0 HA 61 
   1276 128.2 0.0 N 115 
   1358 13.5 0.0 CD1 123 
   1314 27.1 0.0 CG 119 
   911 1.74 0.0 HB3 85 
   388 2.34 0.0 HB3 43 
   883 0.77 0.0 HD22 83 
   1875 29.2 0.0 CD 164 
   1804 66.3 0.0 CA 159 
   1465 1.04 0.0 HD22 132 
   1668 54.5 0.0 CA 148 
   1905 0.85 0.0 HD11 167 
   1554 1.56 0.0 HD2 139 
   1220 0.5 0.0 HD12 110 
   372 29.5 0.0 CD 41 
   1269 8.73 0.0 H 115 
   704 123.1 0.0 N 68 
   1113 21.6 0.0 CG2 100 
   1407 57.1 0.0 CA 128 
   1368 4.45 0.0 HA 125 
   123 1.93 0.0 HB2 22 
   1108 1.25 0.0 HG21 100 
   92 60.1 0.0 CA 19 
   1620 136.3 0.0 CE1 144 
   421 117.4 0.0 N 45 
   18 1.47 0.0 HB1 13 
   239 3.17 0.0 HB2 32 
   1354 61.9 0.0 CA 123 
   634 1.82 0.0 HB3 63 
   577 116.9 0.0 N 58 
   707 2.1 0.0 HB2 69 
   220 63.2 0.0 CA 30 
   1863 4.19 0.0 HA 164 
   745 1.04 0.0 HB2 73 
   446 23.9 0.0 CD2 47 
   1687 1.16 0.0 HD21 150 
   622 5.65 0.0 HZ 62 
   1377 0.33 0.0 HD23 125 
   612 121.9 0.0 N 61 
   862 7.19 0.0 HD2 81 
   1137 1.47 0.0 HG3 103 
   574 3.11 0.0 HB3 58 
   221 31.7 0.0 CB 30 
   885 57.1 0.0 CA 83 
   1236 41.0 0.0 CB 111 
   899 0.64 0.0 HD21 84 
   583 7.7 0.0 HD22 59 
   1531 1.08 0.0 HG23 137 
   873 131.6 0.0 N 82 
   1128 0.01 0.0 HB2 102 
   22 18.5 0.0 CB 13 
   934 132.9 0.0 CD1 86 
   192 2.32 0.0 HB2 27 
   1090 133.8 0.0 CD2 98 
   1788 0.18 0.0 HD11 158 
   1467 57.9 0.0 CA 132 
   909 4.75 0.0 HA 85 
   468 2.07 0.0 HB3 49 
   1212 36.8 0.0 CG 109 
   1952 8.55 0.0 H 171 
   663 4.51 0.0 HA 65 
   322 2.45 0.0 HG3 38 
   459 65.0 0.0 CA 48 
   1773 0.96 0.0 HB3 157 
   163 126.3 0.0 N 24 
   1294 7.0 0.0 HD1 118 
   1561 29.3 0.0 CD 139 
   1387 1.41 0.0 HG21 126 
   225 4.34 0.0 HA 31 
   379 2.4 0.0 HG2 42 
   1567 2.06 0.0 HB3 140 
   1451 3.77 0.0 HD3 131 
   1965 1.85 0.0 HB3 172 
   945 54.3 0.0 CA 87 
   84 31.9 0.0 CB 18 
   591 2.96 0.0 HB3 60 
   1261 4.2 0.0 HB 114 
   1490 120.6 0.0 N 133 
   338 58.1 0.0 CA 39 
   1728 122.7 0.0 CH2 153 
   1311 3.21 0.0 HD3 119 
   1796 115.7 0.0 N 158 
   1020 2.67 0.0 HB3 93 
   1911 18.1 0.0 CG2 167 
   1124 114.3 0.0 N 101 
   1205 4.3 0.0 HA 109 
   602 7.45 0.0 HZ2 61 
   1428 121.3 0.0 N 129 
   456 0.92 0.0 HD11 48 
   1411 114.8 0.0 N 128 
   1992 38.6 0.0 CB 174 
   1734 2.04 0.0 HB3 154 
   1385 4.28 0.0 HA 126 
   1700 105.7 0.0 N 151 
   1769 113.1 0.0 N 156 
   45 43.1 0.0 CD 15 
   249 1.85 0.0 HG3 33 
   859 4.82 0.0 HA 81 
   16 8.44 0.0 H 13 
   598 4.08 0.0 HB3 61 
   1507 3.11 0.0 HD3 135 
   836 131.9 0.0 CD1 79 
   76 2.19 0.0 HB 18 
   997 33.5 0.0 CB 91 
   218 2.45 0.0 HD2 30 
   1508 57.0 0.0 CA 135 
   105 7.66 0.0 H 21 
   132 50.7 0.0 CD 22 
   1785 0.42 0.0 HG21 158 
   757 113.1 0.0 CZ2 73 
   985 42.8 0.0 CB 90 
   411 4.15 0.0 HA 45 
   285 4.72 0.0 HA 36 
   1745 23.0 0.0 CD1 154 
   1926 112.3 0.0 NE2 168 
   1518 7.29 0.0 HD22 136 
   1941 1.38 0.0 HG3 170 
   1758 1.8 0.0 HB 156 
   1895 21.8 0.0 CG2 166 
   756 119.8 0.0 CE3 73 
   681 3.07 0.0 HB2 67 
   1824 0.73 0.0 HD22 161 
   312 66.4 0.0 CA 37 
   449 3.79 0.0 HA 48 
   1514 4.26 0.0 HA 136 
   1988 2.83 0.0 HB3 174 
   716 4.53 0.0 HA2 70 
   1659 1.74 0.0 HB2 148 
   145 22.0 0.0 CG2 23 
   1558 57.9 0.0 CA 139 
   874 8.23 0.0 H 83 
   1352 -0.19 0.0 HD12 123 
   522 6.74 0.0 HD22 53 
   1735 2.08 0.0 HG 154 
   515 36.4 0.0 CG 52 
   1139 3.85 0.0 HD3 103 
   65 1.01 0.0 HG13 17 
   112 0.18 0.0 HG23 21 
   1589 1.6 0.0 HB3 142 
   2004 29.2 0.0 CB 175 
   416 7.61 0.0 HE21 45 
   1806 28.7 0.0 CG 159 
   1828 26.2 0.0 CG 161 
   1878 7.93 0.0 H 165 
   1022 43.0 0.0 CB 93 
   1164 0.43 0.0 HD13 105 
   236 116.8 0.0 N 31 
   1817 1.16 0.0 HB2 161 
   1506 3.11 0.0 HD2 135 
   1703 2.44 0.0 HB3 152 
   1445 4.38 0.0 HA 131 
   139 1.13 0.0 HG21 23 
   650 0.91 0.0 HD11 64 
   1748 7.31 0.0 H 155 
   944 2.0 0.0 HG3 87 
   853 38.1 0.0 CB 80 
   664 1.55 0.0 HB2 65 
   1896 115.2 0.0 N 166 
   1201 32.3 0.0 CB 108 
   1809 4.33 0.0 HA 160 
   302 125.7 0.0 NE1 36 
   754 30.6 0.0 CB 73 
   1004 6.51 0.0 HD1 92 
   928 7.33 0.0 HD1 86 
   110 0.18 0.0 HG21 21 
   206 24.4 0.0 CB 28 
   1227 26.9 0.0 CG 110 
   723 1.1 0.0 HG21 71 
   212 107.0 0.0 N 29 
   1989 7.61 0.0 HD21 174 
   1761 0.75 0.0 HG13 156 
   335 1.47 0.0 HG3 39 
   1101 62.8 0.0 CA 99 
   250 3.34 0.0 HD2 33 
   980 1.02 0.0 HG23 90 
   160 31.1 0.0 CG 24 
   713 37.3 0.0 CG 69 
   701 24.4 0.0 CG 68 
   1755 115.0 0.0 N 155 
   114 -0.19 0.0 HD12 21 
   1191 22.2 0.0 CG2 107 
   167 1.76 0.0 HB3 25 
   443 42.7 0.0 CB 47 
   1469 27.0 0.0 CG 132 
   956 7.18 0.0 HE2 88 
   1069 7.01 0.0 H 97 
   2005 33.7 0.0 CG 175 
   990 8.61 0.0 H 91 
   1648 117.1 0.0 N 146 
   1553 1.46 0.0 HG3 139 
   491 118.8 0.0 CE2 50 
   1987 2.77 0.0 HB2 174 
   363 1.45 0.0 HG2 41 
   1283 119.1 0.0 N 116 
   1016 112.7 0.0 N 92 
   127 3.72 0.0 HD2 22 
   1730 127.7 0.0 NE1 153 
   183 1.25 0.0 HG21 26 
   79 0.94 0.0 HG13 18 
   800 9.17 0.0 H 77 
   502 67.2 0.0 CA 51 
   623 57.0 0.0 CA 62 
   683 7.79 0.0 HD21 67 
   1165 62.8 0.0 CA 105 
   1600 23.0 0.0 CD1 142 
   607 128.3 0.0 CD1 61 
   1473 8.49 0.0 H 133 
   734 1.5 0.0 HG2 72 
   762 8.53 0.0 H 74 
   283 119.1 0.0 N 35 
   1396 2.61 0.0 HB2 127 
   1522 116.8 0.0 ND2 136 
   1544 64.6 0.0 CA 138 
   1873 34.1 0.0 CB 164 
   541 1.31 0.0 HG2 55 
   1893 32.2 0.0 CB 166 
   1746 27.6 0.0 CD2 154 
   753 55.4 0.0 CA 73 
   719 107.1 0.0 N 70 
   1008 6.45 0.0 HZ 92 
   544 1.6 0.0 HD3 55 
   1716 7.36 0.0 HD1 153 
   1169 14.7 0.0 CD1 105 
   462 17.0 0.0 CG2 48 
   1961 119.4 0.0 N 171 
   401 6.81 0.0 HE1 44 
   198 128.7 0.0 N 27 
   1144 8.6 0.0 H 104 
   1496 1.5 0.0 HB3 134 
   964 128.3 0.0 CZ 88 
   1694 27.2 0.0 CD2 150 
   523 55.6 0.0 CA 53 
   25 4.07 0.0 HA 14 
   1373 0.13 0.0 HD12 125 
   1968 1.65 0.0 HD2 172 
   1556 2.87 0.0 HE2 139 
   1778 34.2 0.0 CG 157 
   407 117.8 0.0 CE1 44 
   1011 131.3 0.0 CD1 92 
   1612 3.57 0.0 HA 144 
   410 8.21 0.0 H 45 
   1891 1.0 0.0 HG23 166 
   1529 1.08 0.0 HG21 137 
   1633 58.4 0.0 CA 145 
   1237 119.9 0.0 N 111 
   573 2.55 0.0 HB2 58 
   1582 5.14 0.0 HA2 141 
   742 123.7 0.0 N 72 
   134 4.44 0.0 HA 23 
   678 111.7 0.0 N 66 
   1234 2.72 0.0 HB3 111 
   1135 2.45 0.0 HB3 103 
   1078 103.6 0.0 N 97 
   43 30.1 0.0 CB 15 
   536 104.6 0.0 ND2 54 
   169 1.29 0.0 HG3 25 
   341 121.0 0.0 N 39 
   1082 3.27 0.0 HB3 98 
   460 37.8 0.0 CB 48 
   1284 2.3 0.0 HG2 117 
   1017 8.57 0.0 H 93 
   1292 2.84 0.0 HB2 118 
   279 42.7 0.0 CB 35 
   581 2.76 0.0 HB3 59 
   1768 21.8 0.0 CG2 156 
   850 0.82 0.0 HD12 80 
   133 8.04 0.0 H 23 
   659 24.3 0.0 CD1 64 
   1664 0.8 0.0 HD13 148 
   1596 0.37 0.0 HD23 142 
   585 39.9 0.0 CB 59 
   690 3.96 0.0 HA 68 
   877 2.1 0.0 HB3 83 
   1171 8.88 0.0 H 106 
   1021 52.0 0.0 CA 93 
   201 4.74 0.0 HA 28 
   1579 130.1 0.0 CZ 140 
   222 27.2 0.0 CG 30 
   926 2.88 0.0 HB2 86 
   1565 4.03 0.0 HA 140 
   1203 49.8 0.0 CD 108 
   1913 112.3 0.0 N 167 
   735 1.63 0.0 HG3 72 
   1181 1.96 0.0 HB 107 
   1846 16.7 0.0 CG2 162 
   970 54.7 0.0 CA 89 
   1161 0.67 0.0 HG23 105 
   1187 0.93 0.0 HG23 107 
   55 57.8 0.0 CA 16 
   1793 28.2 0.0 CG1 158 
   1614 3.34 0.0 HB3 144 
   168 1.29 0.0 HG2 25 
   143 32.8 0.0 CB 23 
   537 8.89 0.0 H 55 
   651 0.91 0.0 HD12 64 
   1116 4.28 0.0 HA 101 
   1624 1.42 0.0 HB2 145 
   888 25.2 0.0 CD1 83 
   41 3.21 0.0 HD3 15 
   228 1.58 0.0 HG2 31 
   560 38.1 0.0 CB 56 
   750 7.02 0.0 HZ2 73 
   1047 3.51 0.0 HD3 95 
   429 62.7 0.0 CB 46 
   1644 2.21 0.0 HG3 146 
   1277 8.32 0.0 H 116 
   1707 3.6 0.0 HD3 152 
   1753 53.8 0.0 CA 155 
   566 1.5 0.0 HB2 57 
   1483 61.0 0.0 CA 133 
   278 56.6 0.0 CA 35 
   1488 123.0 0.0 CZ3 133 
   1317 8.98 0.0 H 120 
   728 23.0 0.0 CG2 71 
   1917 2.09 0.0 HB3 168 
   351 0.86 0.0 HD22 40 
   1275 18.9 0.0 CB 115 
   1070 4.43 0.0 HA 97 
   984 58.5 0.0 CA 90 
   662 8.9 0.0 H 65 
   1023 118.3 0.0 N 93 
   1876 41.8 0.0 CE 164 
   914 1.27 0.0 HD2 85 
   1528 0.66 0.0 HG13 137 
   1260 4.63 0.0 HA 114 
   1132 126.2 0.0 N 102 
   618 5.47 0.0 HD1 62 
   397 3.17 0.0 HB2 44 
   1150 54.1 0.0 CA 104 
   389 2.14 0.0 HG2 43 
   1894 21.8 0.0 CG1 166 
   1705 2.09 0.0 HG3 152 
   1956 2.2 0.0 HG2 171 
   494 3.25 0.0 HA 51 
   822 120.5 0.0 CZ3 78 
   257 9.25 0.0 H 34 
   1871 2.92 0.0 HE3 164 
   46 121.6 0.0 N 15 
   73 119.6 0.0 N 17 
   246 2.0 0.0 HB2 33 
   1660 2.08 0.0 HB3 148 
   747 6.4 0.0 HD1 73 
   1930 2.88 0.0 HB3 169 
   409 118.4 0.0 N 44 
   1726 113.9 0.0 CZ2 153 
   861 3.25 0.0 HB3 81 
   771 54.9 0.0 CA 74 
   673 4.75 0.0 HA 66 
   819 125.9 0.0 CD1 78 
