   103 36.3 0.0 CG 20 
   1278 4.0 0.0 HA 116 
   585 39.9 0.0 CB 59 
   965 121.3 0.0 N 88 
   1511 43.4 0.0 CD 135 
   671 122.0 0.0 N 65 
   1608 55.6 0.0 CA 143 
   1113 21.6 0.0 CG2 100 
   582 6.69 0.0 HD21 59 
   656 54.3 0.0 CA 64 
   495 2.1 0.0 HB 51 
   1574 36.4 0.0 CB 140 
   292 7.51 0.0 HZ3 36 
   676 55.8 0.0 CA 66 
   1631 0.45 0.0 HD22 145 
   851 0.82 0.0 HD13 80 
   333 2.31 0.0 HB3 39 
   1172 5.09 0.0 HA 106 
   114 -0.19 0.0 HD12 21 
   625 132.0 0.0 CD1 62 
   1432 2.04 0.0 HB3 130 
   281 22.8 0.0 CD1 35 
   973 8.46 0.0 H 90 
   1971 2.95 0.0 HE3 172 
   1440 29.7 0.0 CB 130 
   1884 4.04 0.0 HA 166 
   261 2.42 0.0 HG2 34 
   260 2.16 0.0 HB3 34 
   791 1.68 0.0 HD3 76 
   77 0.94 0.0 HG11 18 
   450 1.98 0.0 HB 48 
   1539 1.47 0.0 HB3 138 
   574 3.11 0.0 HB3 58 
   704 123.1 0.0 N 68 
   1792 30.6 0.0 CB 158 
   1399 40.2 0.0 CB 127 
   1481 7.04 0.0 HZ3 133 
   1411 114.8 0.0 N 128 
   1854 2.49 0.0 HG3 163 
   857 128.9 0.0 N 80 
   305 2.2 0.0 HB 37 
   933 39.5 0.0 CB 86 
   1365 27.0 0.0 CB 124 
   532 7.24 0.0 HD22 54 
   1766 33.1 0.0 CB 156 
   39 1.72 0.0 HG3 15 
   1961 119.4 0.0 N 171 
   1803 3.0 0.0 HD3 159 
   1702 1.82 0.0 HB2 152 
   1158 1.15 0.0 HG13 105 
   1142 27.9 0.0 CG 103 
   1124 114.3 0.0 N 101 
   1502 1.71 0.0 HB2 135 
   284 8.01 0.0 H 36 
   1039 8.7 0.0 CD1 94 
   1257 42.5 0.0 CE 113 
   1018 5.58 0.0 HA 93 
   2004 29.2 0.0 CB 175 
   187 68.1 0.0 CB 26 
   288 7.34 0.0 HD1 36 
   1979 4.42 0.0 HA 173 
   1157 0.33 0.0 HG12 105 
   343 3.56 0.0 HA 40 
   438 0.93 0.0 HD13 47 
   743 8.77 0.0 H 73 
   1130 49.7 0.0 CA 102 
   785 5.61 0.0 HA 76 
   1313 30.5 0.0 CB 119 
   1233 2.6 0.0 HB2 111 
   180 10.39 0.0 H 26 
   172 2.92 0.0 HE2 25 
   1007 6.63 0.0 HE2 92 
   1388 1.41 0.0 HG22 126 
   228 1.58 0.0 HG2 31 
   1528 0.66 0.0 HG13 137 
   1410 136.2 0.0 CE1 128 
   1716 7.36 0.0 HD1 153 
   865 119.9 0.0 CD2 81 
   1274 52.6 0.0 CA 115 
   154 1.0 0.0 HD13 24 
   1268 110.1 0.0 N 114 
   555 2.93 0.0 HB2 56 
   130 31.8 0.0 CB 22 
   680 4.76 0.0 HA 67 
   328 118.6 0.0 N 38 
   219 3.47 0.0 HD3 30 
   848 0.64 0.0 HG23 80 
   1940 1.38 0.0 HG2 170 
   1620 136.3 0.0 CE1 144 
   1162 0.43 0.0 HD11 105 
   611 123.3 0.0 CH2 61 
   1679 7.83 0.0 H 150 
   999 117.4 0.0 N 91 
   35 4.1 0.0 HA 15 
   313 31.3 0.0 CB 37 
   68 1.1 0.0 HG23 17 
   1462 0.93 0.0 HD12 132 
   1242 115.0 0.0 N 112 
   1519 53.4 0.0 CA 136 
   1968 1.65 0.0 HD2 172 
   1788 0.18 0.0 HD11 158 
   678 111.7 0.0 N 66 
   173 2.92 0.0 HE3 25 
   506 118.9 0.0 N 51 
   153 1.0 0.0 HD12 24 
   80 1.01 0.0 HG21 18 
   1774 0.82 0.0 HG2 157 
   812 10.66 0.0 HE1 78 
   1329 1.25 0.0 HB2 122 
   13 29.4 0.0 CB 12 
   1786 0.42 0.0 HG22 158 
   783 107.1 0.0 N 75 
   1458 1.61 0.0 HB2 132 
   1839 0.81 0.0 HG23 162 
   246 2.0 0.0 HB2 33 
   1435 1.73 0.0 HD2 130 
   1897 6.85 0.0 H 167 
   835 44.0 0.0 CB 79 
   1049 32.4 0.0 CB 95 
   70 32.2 0.0 CB 17 
   962 129.6 0.0 CE1 88 
   1390 62.4 0.0 CA 126 
   484 6.97 0.0 HE1 50 
   1640 4.36 0.0 HA 146 
   1822 0.66 0.0 HD13 161 
   1569 6.2 0.0 HD2 140 
   1764 0.93 0.0 HG23 156 
   112 0.18 0.0 HG23 21 
   1227 26.9 0.0 CG 110 
   530 3.06 0.0 HB3 54 
   434 2.21 0.0 HB3 47 
   1036 36.4 0.0 CB 94 
   1972 56.3 0.0 CA 172 
   1350 -0.36 0.0 HG23 123 
   1102 33.2 0.0 CB 99 
   1465 1.04 0.0 HD22 132 
   535 122.2 0.0 N 54 
   1133 4.23 0.0 HA 103 
   463 13.2 0.0 CD1 48 
   1639 7.93 0.0 H 146 
   946 34.7 0.0 CB 87 
   1265 58.4 0.0 CA 114 
   1317 8.98 0.0 H 120 
   97 1.96 0.0 HB2 20 
   1558 57.9 0.0 CA 139 
   1051 50.6 0.0 CD 95 
   550 29.7 0.0 CD 55 
   1182 0.58 0.0 HG11 107 
   934 132.9 0.0 CD1 86 
   971 41.3 0.0 CB 89 
   355 26.0 0.0 CG 40 
   928 7.33 0.0 HD1 86 
   84 31.9 0.0 CB 18 
   297 122.1 0.0 CE3 36 
   1331 1.04 0.0 HG2 122 
   1680 4.08 0.0 HA 150 
   490 118.8 0.0 CE1 50 
   856 12.7 0.0 CD1 80 
   1838 0.81 0.0 HG22 162 
   76 2.19 0.0 HB 18 
   1580 113.4 0.0 N 140 
   1531 1.08 0.0 HG23 137 
   93 63.2 0.0 CB 19 
   730 7.61 0.0 H 72 
   1523 6.64 0.0 H 137 
   221 31.7 0.0 CB 30 
   931 6.77 0.0 HE2 86 
   1621 115.4 0.0 N 144 
   815 6.61 0.0 HZ3 78 
   476 42.2 0.0 CD 49 
   1436 1.74 0.0 HD3 130 
   314 21.0 0.0 CG1 37 
   200 7.02 0.0 H 28 
   224 8.5 0.0 H 31 
   25 4.07 0.0 HA 14 
   57 27.3 0.0 CG 16 
   1020 2.67 0.0 HB3 93 
   1744 26.8 0.0 CG 154 
   147 9.12 0.0 H 24 
   128 4.08 0.0 HD3 22 
   1928 4.05 0.0 HA 169 
   1115 7.25 0.0 H 101 
   855 17.1 0.0 CG2 80 
   1625 2.33 0.0 HB3 145 
   990 8.61 0.0 H 91 
   1601 22.0 0.0 CD2 142 
   755 123.5 0.0 CD1 73 
   1264 1.17 0.0 HG23 114 
   1799 2.07 0.0 HB3 159 
   983 0.71 0.0 HD13 90 
   335 1.47 0.0 HG3 39 
   830 6.96 0.0 HD1 79 
   1267 20.7 0.0 CG2 114 
   69 64.5 0.0 CA 17 
   1907 0.85 0.0 HD13 167 
   910 1.51 0.0 HB2 85 
   1094 3.55 0.0 HA 99 
   1544 64.6 0.0 CA 138 
   50 1.9 0.0 HB3 16 
   10 2.32 0.0 HG2 12 
   1006 6.63 0.0 HE1 92 
   1461 0.93 0.0 HD11 132 
   803 3.39 0.0 HB3 77 
   502 67.2 0.0 CA 51 
   1946 56.7 0.0 CA 170 
   904 25.9 0.0 CG 84 
   596 4.27 0.0 HA 61 
   520 3.26 0.0 HB3 53 
   1802 3.0 0.0 HD2 159 
   948 122.6 0.0 N 87 
   1119 1.08 0.0 HG22 101 
   1548 8.76 0.0 H 139 
   104 119.8 0.0 N 20 
   1658 4.51 0.0 HA 148 
   54 3.21 0.0 HD3 16 
   1668 54.5 0.0 CA 148 
   60 7.9 0.0 H 17 
   1512 113.5 0.0 N 135 
   985 42.8 0.0 CB 90 
   1710 28.3 0.0 CG 152 
   458 0.92 0.0 HD13 48 
   407 117.8 0.0 CE1 44 
   781 4.31 0.0 HA3 75 
   290 7.31 0.0 HE3 36 
   294 58.7 0.0 CA 36 
   746 2.21 0.0 HB3 73 
   1955 2.09 0.0 HB3 171 
   1335 2.91 0.0 HE2 122 
   1071 4.67 0.0 HB 97 
   345 1.42 0.0 HB3 40 
   1305 4.25 0.0 HA 119 
   515 36.4 0.0 CG 52 
   395 8.83 0.0 H 44 
   1064 37.7 0.0 CB 96 
   744 4.72 0.0 HA 73 
   1229 22.5 0.0 CD2 110 
   373 42.2 0.0 CE 41 
   1559 32.6 0.0 CB 139 
   1081 2.76 0.0 HB2 98 
   1900 0.81 0.0 HG12 167 
   1724 127.0 0.0 CD1 153 
   174 57.0 0.0 CA 25 
   326 28.0 0.0 CB 38 
   1593 -0.51 0.0 HD13 142 
   868 4.02 0.0 HA 82 
   913 1.18 0.0 HG3 85 
   837 131.9 0.0 CD2 79 
   251 3.34 0.0 HD3 33 
   427 5.22 0.0 HG 46 
   630 115.3 0.0 N 62 
   1524 4.01 0.0 HA 137 
   156 1.18 0.0 HD22 24 
   821 114.1 0.0 CZ2 78 
   1669 43.3 0.0 CB 148 
   1241 45.8 0.0 CA 112 
   1391 69.5 0.0 CB 126 
   1592 -0.51 0.0 HD12 142 
   1565 4.03 0.0 HA 140 
   1153 119.5 0.0 N 104 
   1401 7.93 0.0 H 128 
   888 25.2 0.0 CD1 83 
   1047 3.51 0.0 HD3 95 
   1557 2.91 0.0 HE3 139 
   1618 29.7 0.0 CB 144 
   1443 41.8 0.0 CE 130 
   1553 1.46 0.0 HG3 139 
   1276 128.2 0.0 N 115 
   289 9.86 0.0 HE1 36 
   493 8.77 0.0 H 51 
   453 0.97 0.0 HG21 48 
   469 1.74 0.0 HG2 49 
   1175 1.34 0.0 HB3 106 
   1204 9.68 0.0 H 109 
   1734 2.04 0.0 HB3 154 
   769 7.0 0.0 HE2 74 
   102 30.1 0.0 CB 20 
   63 1.01 0.0 HG11 17 
   1844 38.3 0.0 CB 162 
   365 1.74 0.0 HD2 41 
   1154 8.55 0.0 H 105 
   1179 8.02 0.0 H 107 
   322 2.45 0.0 HG3 38 
   939 8.12 0.0 H 87 
   1141 31.9 0.0 CB 103 
   1733 1.24 0.0 HB2 154 
   280 27.0 0.0 CG 35 
   139 1.13 0.0 HG21 23 
   1476 3.07 0.0 HB3 133 
   831 6.96 0.0 HD2 79 
   1763 0.93 0.0 HG22 156 
   1205 4.3 0.0 HA 109 
   1845 29.2 0.0 CG1 162 
   152 1.0 0.0 HD11 24 
   1863 4.19 0.0 HA 164 
   208 8.82 0.0 H 29 
   1686 0.87 0.0 HD13 150 
   726 61.7 0.0 CA 71 
   784 8.54 0.0 H 76 
   897 0.41 0.0 HD12 84 
   90 3.98 0.0 HB2 19 
   1362 2.23 0.0 HB2 124 
   1765 63.4 0.0 CA 156 
   737 3.19 0.0 HD3 72 
   700 31.8 0.0 CB 68 
   1978 8.4 0.0 H 173 
   742 123.7 0.0 N 72 
   840 121.1 0.0 N 79 
   768 7.0 0.0 HE1 74 
   21 54.2 0.0 CA 13 
   562 112.3 0.0 ND2 56 
   1191 22.2 0.0 CG2 107 
   764 3.1 0.0 HB2 74 
   1804 66.3 0.0 CA 159 
   1825 0.73 0.0 HD23 161 
   1865 2.04 0.0 HB3 164 
   1196 1.88 0.0 HG2 108 
   1772 0.27 0.0 HB2 157 
   293 7.05 0.0 HH2 36 
   984 58.5 0.0 CA 90 
   1307 1.79 0.0 HB3 119 
   362 2.06 0.0 HB3 41 
   320 2.23 0.0 HB3 38 
   1492 8.33 0.0 H 134 
   884 0.77 0.0 HD23 83 
   997 33.5 0.0 CB 91 
   524 37.4 0.0 CB 53 
   136 0.96 0.0 HG11 23 
   705 8.77 0.0 H 69 
   880 0.82 0.0 HD12 83 
   462 17.0 0.0 CG2 48 
   1536 122.5 0.0 N 137 
   501 0.8 0.0 HG23 51 
   1021 52.0 0.0 CA 93 
   790 1.55 0.0 HD2 76 
   1588 0.74 0.0 HB2 142 
   346 0.96 0.0 HG 40 
   1286 1.89 0.0 HE1 117 
   22 18.5 0.0 CB 13 
   517 8.47 0.0 H 53 
   1304 8.4 0.0 H 119 
   1879 3.97 0.0 HA2 165 
   266 121.5 0.0 N 34 
   385 8.98 0.0 H 43 
   1983 27.8 0.0 CB 173 
   626 132.0 0.0 CD2 62 
   1800 1.71 0.0 HG2 159 
   675 2.44 0.0 HB3 66 
   1567 2.06 0.0 HB3 140 
   446 23.9 0.0 CD2 47 
   1973 32.8 0.0 CB 172 
   540 1.91 0.0 HB3 55 
   1901 1.3 0.0 HG13 167 
   1452 65.5 0.0 CA 131 
   921 29.2 0.0 CD 85 
   389 2.14 0.0 HG2 43 
   300 122.2 0.0 CH2 36 
   1674 7.41 0.0 H 149 
   1245 1.76 0.0 HB2 113 
   32 22.0 0.0 CG2 14 
   631 8.75 0.0 H 63 
   1823 0.73 0.0 HD21 161 
   955 7.18 0.0 HE1 88 
   1228 25.1 0.0 CD1 110 
   893 0.6 0.0 HB2 84 
   1455 50.3 0.0 CD 131 
   1386 4.54 0.0 HB 126 
   1126 3.87 0.0 HA 102 
   1416 7.05 0.0 HD1 129 
   1385 4.28 0.0 HA 126 
   1238 8.62 0.0 H 112 
   980 1.02 0.0 HG23 90 
   1453 30.7 0.0 CB 131 
   1646 31.6 0.0 CB 146 
   531 4.55 0.0 HD21 54 
   1758 1.8 0.0 HB 156 
   1283 119.1 0.0 N 116 
   1963 4.4 0.0 HA 172 
   602 7.45 0.0 HZ2 61 
   901 0.64 0.0 HD23 84 
   334 1.47 0.0 HG2 39 
   523 55.6 0.0 CA 53 
   56 30.2 0.0 CB 16 
   52 1.6 0.0 HG3 16 
   1425 129.8 0.0 CE1 129 
   1577 129.7 0.0 CE1 140 
   1125 7.94 0.0 H 102 
   475 26.1 0.0 CG 49 
   479 4.78 0.0 HA 50 
   203 1.47 0.0 HB2 28 
   381 59.1 0.0 CA 42 
   1114 122.2 0.0 N 100 
   1619 115.6 0.0 CD2 144 
   727 69.3 0.0 CB 71 
   559 55.3 0.0 CA 56 
   681 3.07 0.0 HB2 67 
   62 2.21 0.0 HB 17 
   544 1.6 0.0 HD3 55 
   1977 122.0 0.0 N 172 
   594 120.0 0.0 N 60 
   957 7.05 0.0 HZ 88 
   1966 1.35 0.0 HG2 172 
