   1681 1.36 0.0 HB2 150 
   1425 129.8 0.0 CE1 129 
   1832 8.16 0.0 H 162 
   49 1.9 0.0 HB2 16 
   417 6.94 0.0 HE22 45 
   296 127.0 0.0 CD1 36 
   369 60.1 0.0 CA 41 
   1689 1.16 0.0 HD23 150 
   187 68.1 0.0 CB 26 
   777 129.4 0.0 CZ 74 
   877 2.1 0.0 HB3 83 
   510 2.21 0.0 HB3 52 
   886 39.8 0.0 CB 83 
   892 4.47 0.0 HA 84 
   1802 3.0 0.0 HD2 159 
   1423 131.7 0.0 CD1 129 
   524 37.4 0.0 CB 53 
   635 1.6 0.0 HG2 63 
   820 119.9 0.0 CE3 78 
   883 0.77 0.0 HD22 83 
   1601 22.0 0.0 CD2 142 
   1999 2.31 0.0 HG2 175 
   912 1.18 0.0 HG2 85 
   542 1.59 0.0 HG3 55 
   1584 44.0 0.0 CA 141 
   1536 122.5 0.0 N 137 
   1491 130.6 0.0 NE1 133 
   474 29.4 0.0 CB 49 
   1660 2.08 0.0 HB3 148 
   706 4.19 0.0 HA 69 
   1048 62.1 0.0 CA 95 
   1348 -0.36 0.0 HG21 123 
   564 4.51 0.0 HA 57 
   1288 1.89 0.0 HE3 117 
   94 116.9 0.0 N 19 
   1941 1.38 0.0 HG3 170 
   902 53.6 0.0 CA 84 
   1892 63.3 0.0 CA 166 
   1133 4.23 0.0 HA 103 
   1767 21.1 0.0 CG1 156 
   59 120.5 0.0 N 16 
   745 1.04 0.0 HB2 73 
   164 8.31 0.0 H 25 
   853 38.1 0.0 CB 80 
   480 3.32 0.0 HB2 50 
   1774 0.82 0.0 HG2 157 
   78 0.94 0.0 HG12 18 
   560 38.1 0.0 CB 56 
   650 0.91 0.0 HD11 64 
   1189 31.4 0.0 CB 107 
   1386 4.54 0.0 HB 126 
   75 3.81 0.0 HA 18 
   425 3.98 0.0 HB2 46 
   878 1.45 0.0 HG 83 
   701 24.4 0.0 CG 68 
   897 0.41 0.0 HD12 84 
   1371 1.35 0.0 HG 125 
   1587 3.92 0.0 HA 142 
   612 121.9 0.0 N 61 
   161 27.0 0.0 CD1 24 
   1845 29.2 0.0 CG1 162 
   348 0.84 0.0 HD12 40 
   135 2.37 0.0 HB 23 
   1435 1.73 0.0 HD2 130 
   413 2.34 0.0 HB3 45 
   532 7.24 0.0 HD22 54 
   1847 14.9 0.0 CD1 162 
   790 1.55 0.0 HD2 76 
   205 51.9 0.0 CA 28 
   487 38.5 0.0 CB 50 
   92 60.1 0.0 CA 19 
   632 4.37 0.0 HA 63 
   756 119.8 0.0 CE3 73 
   591 2.96 0.0 HB3 60 
   95 7.79 0.0 H 20 
   266 121.5 0.0 N 34 
   541 1.31 0.0 HG2 55 
   1812 57.2 0.0 CA 160 
   2006 120.6 0.0 N 175 
   914 1.27 0.0 HD2 85 
   835 44.0 0.0 CB 79 
   1957 2.2 0.0 HG3 171 
   1818 1.9 0.0 HB3 161 
   44 27.3 0.0 CG 15 
   1643 2.21 0.0 HG2 146 
   1331 1.04 0.0 HG2 122 
   189 121.3 0.0 N 26 
   207 123.5 0.0 N 28 
   345 1.42 0.0 HB3 40 
   1903 0.95 0.0 HG22 167 
   1574 36.4 0.0 CB 140 
   755 123.5 0.0 CD1 73 
   1024 8.43 0.0 H 94 
   773 131.7 0.0 CD1 74 
   1125 7.94 0.0 H 102 
   656 54.3 0.0 CA 64 
   393 34.7 0.0 CG 43 
   269 1.46 0.0 HB2 35 
   1022 43.0 0.0 CB 93 
   136 0.96 0.0 HG11 23 
   952 3.07 0.0 HB3 88 
   1181 1.96 0.0 HB 107 
   263 59.6 0.0 CA 34 
   1290 18.0 0.0 CE 117 
   1449 2.12 0.0 HG3 131 
   1541 1.72 0.0 HG3 138 
   1932 57.3 0.0 CA 169 
   1555 1.62 0.0 HD3 139 
   762 8.53 0.0 H 74 
   1292 2.84 0.0 HB2 118 
   909 4.75 0.0 HA 85 
   1190 20.0 0.0 CG1 107 
   1575 127.3 0.0 CD1 140 
   1438 2.99 0.0 HE3 130 
   863 55.6 0.0 CA 81 
   753 55.4 0.0 CA 73 
   1105 8.2 0.0 H 100 
   1453 30.7 0.0 CB 131 
   384 119.4 0.0 N 42 
   1315 42.9 0.0 CD 119 
   579 5.05 0.0 HA 59 
   829 3.01 0.0 HB3 79 
   1127 0.01 0.0 HB1 102 
   906 24.8 0.0 CD2 84 
   147 9.12 0.0 H 24 
   843 1.63 0.0 HB 80 
   139 1.13 0.0 HG21 23 
   1752 1.43 0.0 HB3 155 
   794 53.9 0.0 CA 76 
   275 1.01 0.0 HD21 35 
   350 0.86 0.0 HD21 40 
   1413 4.07 0.0 HA 129 
   1204 9.68 0.0 H 109 
   1764 0.93 0.0 HG23 156 
   939 8.12 0.0 H 87 
   704 123.1 0.0 N 68 
   996 55.2 0.0 CA 91 
   1591 -0.51 0.0 HD11 142 
   1814 115.9 0.0 N 160 
   1079 7.67 0.0 H 98 
   1706 3.08 0.0 HD2 152 
   606 29.6 0.0 CB 61 
   1671 26.1 0.0 CD1 148 
   594 120.0 0.0 N 60 
   1576 127.3 0.0 CD2 140 
   548 32.2 0.0 CB 55 
   1837 0.81 0.0 HG21 162 
   1485 126.6 0.0 CD1 133 
   1405 7.06 0.0 HD2 128 
   1645 57.0 0.0 CA 146 
   1266 68.6 0.0 CB 114 
   674 0.91 0.0 HB2 66 
   553 8.2 0.0 H 56 
   865 119.9 0.0 CD2 81 
   1379 41.7 0.0 CB 125 
   1294 7.0 0.0 HD1 118 
   1144 8.6 0.0 H 104 
   1319 3.69 0.0 HA3 120 
   1089 132.8 0.0 CD1 98 
   885 57.1 0.0 CA 83 
   458 0.92 0.0 HD13 48 
   1544 64.6 0.0 CA 138 
   699 59.8 0.0 CA 68 
   1921 7.47 0.0 HE22 168 
   944 2.0 0.0 HG3 87 
   1445 4.38 0.0 HA 131 
   1359 117.1 0.0 N 123 
   916 2.27 0.0 HE2 85 
   1916 1.92 0.0 HB2 168 
   496 0.78 0.0 HG11 51 
   964 128.3 0.0 CZ 88 
   306 0.99 0.0 HG11 37 
   1046 3.51 0.0 HD2 95 
   513 59.7 0.0 CA 52 
   1086 7.33 0.0 HE2 98 
   904 25.9 0.0 CG 84 
   1235 56.4 0.0 CA 111 
   259 2.16 0.0 HB2 34 
   477 119.0 0.0 N 49 
   199 107.7 0.0 ND2 27 
   1829 26.1 0.0 CD1 161 
   498 0.78 0.0 HG13 51 
   796 24.8 0.0 CG 76 
   1385 4.28 0.0 HA 126 
   228 1.58 0.0 HG2 31 
   133 8.04 0.0 H 23 
   1044 1.84 0.0 HG2 95 
   356 24.3 0.0 CD1 40 
   1087 58.3 0.0 CA 98 
   1226 42.1 0.0 CB 110 
   1746 27.6 0.0 CD2 154 
   1431 1.96 0.0 HB2 130 
   813 7.27 0.0 HE3 78 
   1254 33.3 0.0 CB 113 
   935 132.9 0.0 CD2 86 
   957 7.05 0.0 HZ 88 
   1263 1.17 0.0 HG22 114 
   1355 37.5 0.0 CB 123 
   1737 0.88 0.0 HD12 154 
   159 41.3 0.0 CB 24 
   1388 1.41 0.0 HG22 126 
   361 2.06 0.0 HB2 41 
   274 0.91 0.0 HD13 35 
   1137 1.47 0.0 HG3 103 
   1900 0.81 0.0 HG12 167 
   2000 2.31 0.0 HG3 175 
   1283 119.1 0.0 N 116 
   619 5.47 0.0 HD2 62 
   1882 108.0 0.0 N 165 
   590 2.19 0.0 HB2 60 
   1417 7.05 0.0 HD2 129 
   691 1.81 0.0 HB2 68 
   287 3.79 0.0 HB3 36 
   1191 22.2 0.0 CG2 107 
   1078 103.6 0.0 N 97 
   1219 0.5 0.0 HD11 110 
   1624 1.42 0.0 HB2 145 
   567 1.5 0.0 HB3 57 
   1463 0.93 0.0 HD13 132 
   1216 1.6 0.0 HB2 110 
   1557 2.91 0.0 HE3 139 
   1862 7.88 0.0 H 164 
   36 1.87 0.0 HB2 15 
   1998 2.08 0.0 HB3 175 
   1836 1.33 0.0 HG13 162 
   1015 127.8 0.0 CZ 92 
   1422 39.5 0.0 CB 129 
   1851 2.24 0.0 HB2 163 
   1384 8.22 0.0 H 126 
   1000 8.46 0.0 H 92 
   432 4.23 0.0 HA 47 
   127 3.72 0.0 HD2 22 
   603 6.87 0.0 HZ3 61 
   642 26.9 0.0 CG 63 
   1639 7.93 0.0 H 146 
   1037 26.8 0.0 CG1 94 
   1714 3.23 0.0 HB2 153 
   1949 29.2 0.0 CD 170 
   631 8.75 0.0 H 63 
   1126 3.87 0.0 HA 102 
   349 0.84 0.0 HD13 40 
   212 107.0 0.0 N 29 
   634 1.82 0.0 HB3 63 
   1994 112.7 0.0 ND2 174 
   1571 6.77 0.0 HE2 140 
   920 25.6 0.0 CG 85 
   1743 42.6 0.0 CB 154 
   1988 2.83 0.0 HB3 174 
   3 2.76 0.0 HB3 11 
   1526 0.66 0.0 HG11 137 
   1569 6.2 0.0 HD2 140 
   1929 2.59 0.0 HB2 169 
   1494 1.5 0.0 HB1 134 
   1880 4.11 0.0 HA3 165 
   1116 4.28 0.0 HA 101 
   485 6.97 0.0 HE2 50 
   1854 2.49 0.0 HG3 163 
   595 7.49 0.0 H 61 
   666 1.89 0.0 HG2 65 
   1956 2.2 0.0 HG2 171 
   1977 122.0 0.0 N 172 
   1523 6.64 0.0 H 137 
   440 0.98 0.0 HD22 47 
   982 0.71 0.0 HD12 90 
   1489 123.1 0.0 CH2 133 
   960 131.7 0.0 CD1 88 
   1799 2.07 0.0 HB3 159 
   800 9.17 0.0 H 77 
   1135 2.45 0.0 HB3 103 
   611 123.3 0.0 CH2 61 
   1713 4.06 0.0 HA 153 
   1712 7.2 0.0 H 153 
   1993 121.0 0.0 N 174 
   1782 1.56 0.0 HB 158 
   280 27.0 0.0 CG 35 
   1905 0.85 0.0 HD11 167 
   826 9.23 0.0 H 79 
   1410 136.2 0.0 CE1 128 
   1702 1.82 0.0 HB2 152 
   507 8.37 0.0 H 52 
   1906 0.85 0.0 HD12 167 
   1472 119.9 0.0 N 132 
   571 7.96 0.0 H 58 
   689 8.83 0.0 H 68 
   1908 59.4 0.0 CA 167 
   839 117.3 0.0 CE2 79 
   1054 1.9 0.0 HB 96 
   1511 43.4 0.0 CD 135 
   1436 1.74 0.0 HD3 130 
   684 6.71 0.0 HD22 67 
   1300 132.5 0.0 CD1 118 
   124 2.46 0.0 HB3 22 
   1297 6.74 0.0 HE2 118 
   608 122.4 0.0 CE3 61 
   271 1.77 0.0 HG 35 
   103 36.3 0.0 CG 20 
   1859 33.7 0.0 CG 163 
   959 42.6 0.0 CB 88 
   256 121.0 0.0 N 33 
   731 5.02 0.0 HA 72 
   1532 60.5 0.0 CA 137 
   561 118.9 0.0 N 56 
   151 1.7 0.0 HG 24 
   260 2.16 0.0 HB3 34 
   427 5.22 0.0 HG 46 
   1006 6.63 0.0 HE1 92 
   1251 3.12 0.0 HE2 113 
   1269 8.73 0.0 H 115 
   575 55.3 0.0 CA 58 
   698 3.0 0.0 HE3 68 
   1374 0.13 0.0 HD13 125 
   375 7.68 0.0 H 42 
   1730 127.7 0.0 NE1 153 
   1786 0.42 0.0 HG22 158 
   766 6.87 0.0 HD1 74 
   193 3.25 0.0 HB3 27 
   520 3.26 0.0 HB3 53 
   1853 2.49 0.0 HG2 163 
   415 2.64 0.0 HG3 45 
   346 0.96 0.0 HG 40 
   1401 7.93 0.0 H 128 
   1147 1.85 0.0 HB3 104 
   334 1.47 0.0 HG2 39 
   1077 22.0 0.0 CG2 97 
   555 2.93 0.0 HB2 56 
   667 2.03 0.0 HG3 65 
   29 1.24 0.0 HG23 14 
   899 0.64 0.0 HD21 84 
   831 6.96 0.0 HD2 79 
   958 56.0 0.0 CA 88 
   592 54.1 0.0 CA 60 
   1211 30.2 0.0 CB 109 
   232 56.1 0.0 CA 31 
   1072 1.17 0.0 HG21 97 
   1136 1.32 0.0 HG2 103 
   222 27.2 0.0 CG 30 
   479 4.78 0.0 HA 50 
   1234 2.72 0.0 HB3 111 
   1366 121.7 0.0 N 124 
   1771 3.85 0.0 HA 157 
   325 58.3 0.0 CA 38 
   929 7.33 0.0 HD2 86 
   654 0.91 0.0 HD22 64 
   1509 30.1 0.0 CB 135 
   1035 55.2 0.0 CA 94 
   118 27.5 0.0 CG1 21 
   1738 0.88 0.0 HD13 154 
   931 6.77 0.0 HE2 86 
   1822 0.66 0.0 HD13 161 
   1350 -0.36 0.0 HG23 123 
   1408 30.4 0.0 CB 128 
   87 118.3 0.0 N 18 
   339 29.8 0.0 CB 39 
   96 4.35 0.0 HA 20 
   1197 2.12 0.0 HG3 108 
   988 14.6 0.0 CD1 90 
   1111 67.1 0.0 CA 100 
   1550 1.74 0.0 HB2 139 
   1391 69.5 0.0 CB 126 
   1899 1.86 0.0 HB 167 
   1051 50.6 0.0 CD 95 
   1205 4.3 0.0 HA 109 
   627 133.7 0.0 CE1 62 
   1229 22.5 0.0 CD2 110 
   1377 0.33 0.0 HD23 125 
   1182 0.58 0.0 HG11 107 
   551 41.8 0.0 CE 55 
   1589 1.6 0.0 HB3 142 
   1257 42.5 0.0 CE 113 
   437 0.93 0.0 HD12 47 
   84 31.9 0.0 CB 18 
   779 8.54 0.0 H 75 
   607 128.3 0.0 CD1 61 
   1753 53.8 0.0 CA 155 
   1241 45.8 0.0 CA 112 
   747 6.4 0.0 HD1 73 
   392 28.4 0.0 CB 43 
   337 2.71 0.0 HD3 39 
   1661 1.64 0.0 HG 148 
   1236 41.0 0.0 CB 111 
   1635 26.4 0.0 CG 145 
   1513 7.18 0.0 H 136 
   776 130.0 0.0 CE2 74 
   1605 1.04 0.0 HB1 143 
   540 1.91 0.0 HB3 55 
   1791 63.4 0.0 CA 158 
   1220 0.5 0.0 HD12 110 
   522 6.74 0.0 HD22 53 
   14 35.9 0.0 CG 12 
   1968 1.65 0.0 HD2 172 
   646 5.07 0.0 HA 64 
   972 122.9 0.0 N 89 
   152 1.0 0.0 HD11 24 
   764 3.1 0.0 HB2 74 
   1902 0.95 0.0 HG21 167 
   1364 57.6 0.0 CA 124 
   19 1.47 0.0 HB2 13 
   1651 1.22 0.0 HB1 147 
   25 4.07 0.0 HA 14 
   1582 5.14 0.0 HA2 141 
   504 23.6 0.0 CG1 51 
   1948 24.8 0.0 CG 170 
   1659 1.74 0.0 HB2 148 
   1860 121.6 0.0 N 163 
   1699 49.3 0.0 CA 151 
   898 0.41 0.0 HD13 84 
   1029 0.7 0.0 HG21 94 
   1631 0.45 0.0 HD22 145 
   1849 8.1 0.0 H 163 
   969 2.91 0.0 HB3 89 
   319 2.23 0.0 HB2 38 
   1467 57.9 0.0 CA 132 
   621 5.55 0.0 HE2 62 
   1805 30.6 0.0 CB 159 
   88 8.07 0.0 H 19 
   1884 4.04 0.0 HA 166 
   754 30.6 0.0 CB 73 
   842 5.13 0.0 HA 80 
   827 4.84 0.0 HA 79 
   1556 2.87 0.0 HE2 139 
   741 43.1 0.0 CD 72 
   1760 0.75 0.0 HG12 156 
   54 3.21 0.0 HD3 16 
   1618 29.7 0.0 CB 144 
   1546 24.1 0.0 CG 138 
   1101 62.8 0.0 CA 99 
   1889 1.0 0.0 HG21 166 
   1161 0.67 0.0 HG23 105 
   1789 0.18 0.0 HD12 158 
   1507 3.11 0.0 HD3 135 
   998 35.4 0.0 CG 91 
   589 4.4 0.0 HA 60 
   1725 119.6 0.0 CE3 153 
   1173 1.34 0.0 HB1 106 
   1115 7.25 0.0 H 101 
   1721 6.62 0.0 HH2 153 
   1821 0.66 0.0 HD12 161 
   1542 3.23 0.0 HD2 138 
   1678 107.1 0.0 N 149 
   1935 122.1 0.0 N 169 
   1171 8.88 0.0 H 106 
   125 2.1 0.0 HG2 22 
   1312 57.4 0.0 CA 119 
   1971 2.95 0.0 HE3 172 
   1341 41.8 0.0 CE 122 
   767 6.87 0.0 HD2 74 
   868 4.02 0.0 HA 82 
   1551 1.6 0.0 HB3 139 
   1223 0.68 0.0 HD22 110 
   676 55.8 0.0 CA 66 
   99 2.21 0.0 HG2 20 
   973 8.46 0.0 H 90 
   262 2.42 0.0 HG3 34 
   1613 2.35 0.0 HB2 144 
   441 0.98 0.0 HD23 47 
   1938 1.7 0.0 HB2 170 
   1496 1.5 0.0 HB3 134 
   12 58.2 0.0 CA 12 
   817 56.7 0.0 CA 78 
   1306 1.79 0.0 HB2 119 
   495 2.1 0.0 HB 51 
   1237 119.9 0.0 N 111 
   1320 45.5 0.0 CA 120 
   1562 41.9 0.0 CE 139 
   651 0.91 0.0 HD12 64 
   1461 0.93 0.0 HD11 132 
   5 40.9 0.0 CB 11 
   257 9.25 0.0 H 34 
   1308 1.58 0.0 HG2 119 
   727 69.3 0.0 CB 71 
   955 7.18 0.0 HE1 88 
   1497 54.7 0.0 CA 134 
   570 121.1 0.0 N 57 
   1309 1.68 0.0 HG3 119 
   1874 26.3 0.0 CG 164 
   1482 7.06 0.0 HH2 133 
   910 1.51 0.0 HB2 85 
   1670 27.0 0.0 CG 148 
   908 8.45 0.0 H 85 
   276 1.01 0.0 HD22 35 
   812 10.66 0.0 HE1 78 
   1134 0.87 0.0 HB2 103 
   1286 1.89 0.0 HE1 117 
   1964 1.72 0.0 HB2 172 
   123 1.93 0.0 HB2 22 
   301 121.6 0.0 N 36 
   563 7.52 0.0 H 57 
   1662 0.8 0.0 HD11 148 
   1748 7.31 0.0 H 155 
   97 1.96 0.0 HB2 20 
   1168 17.5 0.0 CG2 105 
   795 38.2 0.0 CB 76 
   771 54.9 0.0 CA 74 
   1665 0.92 0.0 HD21 148 
   312 66.4 0.0 CA 37 
   1200 66.4 0.0 CA 108 
   1031 0.7 0.0 HG23 94 
   200 7.02 0.0 H 28 
   2002 6.84 0.0 HE22 175 
   1074 1.17 0.0 HG23 97 
   1209 2.43 0.0 HG3 109 
   1825 0.73 0.0 HD23 161 
   1259 7.31 0.0 H 114 
   1141 31.9 0.0 CB 103 
   586 116.4 0.0 N 59 
   1164 0.43 0.0 HD13 105 
   994 2.13 0.0 HG2 91 
   1520 40.4 0.0 CB 136 
   1268 110.1 0.0 N 114 
   517 8.47 0.0 H 53 
   742 123.7 0.0 N 72 
   649 1.83 0.0 HG 64 
   1158 1.15 0.0 HG13 105 
   1831 118.0 0.0 N 161 
   333 2.31 0.0 HB3 39 
   1499 117.9 0.0 N 134 
   506 118.9 0.0 N 51 
   67 1.1 0.0 HG22 17 
   423 8.3 0.0 H 46 
   1890 1.0 0.0 HG22 166 
   1406 8.19 0.0 HE1 128 
   554 4.54 0.0 HA 56 
   1488 123.0 0.0 CZ3 133 
   1038 16.8 0.0 CG2 94 
   1195 2.4 0.0 HB3 108 
   211 44.9 0.0 CA 29 
   629 131.9 0.0 CZ 62 
   536 104.6 0.0 ND2 54 
   1097 1.5 0.0 HG2 99 
   918 56.1 0.0 CA 85 
   1930 2.88 0.0 HB3 169 
   806 114.4 0.0 N 77 
   374 118.4 0.0 N 41 
   380 2.69 0.0 HG3 42 
   1838 0.81 0.0 HG22 162 
   226 1.82 0.0 HB2 31 
   1926 112.3 0.0 NE2 168 
   460 37.8 0.0 CB 48 
   557 7.04 0.0 HD21 56 
   91 3.98 0.0 HB3 19 
   1098 1.77 0.0 HG3 99 
   1554 1.56 0.0 HD2 139 
   395 8.83 0.0 H 44 
   132 50.7 0.0 CD 22 
   1735 2.08 0.0 HG 154 
   1344 3.77 0.0 HA 123 
   660 24.2 0.0 CD2 64 
   900 0.64 0.0 HD22 84 
   1888 1.0 0.0 HG13 166 
   1394 8.77 0.0 H 127 
   450 1.98 0.0 HB 48 
   1248 1.36 0.0 HG3 113 
   1396 2.61 0.0 HB2 127 
   1172 5.09 0.0 HA 106 
   315 22.1 0.0 CG2 37 
   903 43.1 0.0 CB 84 
   966 8.46 0.0 H 89 
   1876 41.8 0.0 CE 164 
   720 8.33 0.0 H 71 
   1323 3.93 0.0 HA2 121 
   1567 2.06 0.0 HB3 140 
   734 1.5 0.0 HG2 72 
   264 28.8 0.0 CB 34 
   1599 26.2 0.0 CG 142 
   1768 21.8 0.0 CG2 156 
   198 128.7 0.0 N 27 
   628 133.7 0.0 CE2 62 
   569 19.0 0.0 CB 57 
   987 19.5 0.0 CG2 90 
   1177 21.6 0.0 CB 106 
   452 1.86 0.0 HG13 48 
   1638 121.2 0.0 N 145 
   285 4.72 0.0 HA 36 
   1258 117.5 0.0 N 113 
   1952 8.55 0.0 H 171 
   1165 62.8 0.0 CA 105 
   1703 2.44 0.0 HB3 152 
   716 4.53 0.0 HA2 70 
   1107 4.44 0.0 HB 100 
   1383 126.2 0.0 N 125 
   1940 1.38 0.0 HG2 170 
   1610 120.1 0.0 N 143 
   188 22.0 0.0 CG2 26 
   644 118.8 0.0 N 63 
   1040 121.6 0.0 N 94 
   1933 30.1 0.0 CB 169 
   845 1.57 0.0 HG13 80 
   1305 4.25 0.0 HA 119 
   1758 1.8 0.0 HB 156 
   1159 0.67 0.0 HG21 105 
   1069 7.01 0.0 H 97 
   1256 29.1 0.0 CD 113 
   1175 1.34 0.0 HB3 106 
   1961 119.4 0.0 N 171 
   340 26.9 0.0 CG 39 
   549 25.6 0.0 CG 55 
   1583 4.14 0.0 HA3 141 
   858 9.14 0.0 H 81 
   1221 0.5 0.0 HD13 110 
   1099 3.44 0.0 HD2 99 
   1612 3.57 0.0 HA 144 
   1545 32.6 0.0 CB 138 
   788 1.43 0.0 HG2 76 
   640 54.8 0.0 CA 63 
   1913 112.3 0.0 N 167 
   254 27.3 0.0 CG 33 
   1806 28.7 0.0 CG 159 
   126 2.1 0.0 HG3 22 
   1023 118.3 0.0 N 93 
   1351 -0.19 0.0 HD11 123 
   297 122.1 0.0 CE3 36 
   1233 2.6 0.0 HB2 111 
   248 1.72 0.0 HG2 33 
   596 4.27 0.0 HA 61 
   1783 0.82 0.0 HG12 158 
   318 4.09 0.0 HA 38 
   1242 115.0 0.0 N 112 
   1863 4.19 0.0 HA 164 
   1361 4.44 0.0 HA 124 
   235 43.1 0.0 CD 31 
   1788 0.18 0.0 HD11 158 
   1009 57.4 0.0 CA 92 
   1769 113.1 0.0 N 156 
   407 117.8 0.0 CE1 44 
   305 2.2 0.0 HB 37 
   657 48.2 0.0 CB 64 
   1119 1.08 0.0 HG22 101 
   1724 127.0 0.0 CD1 153 
   652 0.91 0.0 HD13 64 
   420 34.2 0.0 CG 45 
   112 0.18 0.0 HG23 21 
   454 0.97 0.0 HG22 48 
   637 3.25 0.0 HD2 63 
   219 3.47 0.0 HD3 30 
   1419 6.99 0.0 HE2 129 
   872 39.0 0.0 CB 82 
   35 4.1 0.0 HA 15 
   1973 32.8 0.0 CB 172 
   546 2.84 0.0 HE3 55 
   1739 1.14 0.0 HD21 154 
   566 1.5 0.0 HB2 57 
   1534 20.4 0.0 CG1 137 
   1310 3.21 0.0 HD2 119 
   1750 1.43 0.0 HB1 155 
   677 66.8 0.0 CB 66 
   406 131.7 0.0 CD2 44 
   896 0.41 0.0 HD11 84 
   1470 23.5 0.0 CD1 132 
   1901 1.3 0.0 HG13 167 
   852 59.6 0.0 CA 80 
   1333 1.6 0.0 HD2 122 
   230 3.17 0.0 HD2 31 
   183 1.25 0.0 HG21 26 
   1579 130.1 0.0 CZ 140 
   282 25.2 0.0 CD2 35 
   122 4.51 0.0 HA 22 
   383 35.5 0.0 CG 42 
   464 118.5 0.0 N 48 
   1027 1.78 0.0 HG12 94 
   303 7.5 0.0 H 37 
   134 4.44 0.0 HA 23 
   855 17.1 0.0 CG2 80 
   1548 8.76 0.0 H 139 
   326 28.0 0.0 CB 38 
   509 2.1 0.0 HB2 52 
   1869 1.59 0.0 HD3 164 
   295 29.5 0.0 CB 36 
   598 4.08 0.0 HB3 61 
   1727 119.6 0.0 CZ3 153 
   1218 1.35 0.0 HG 110 
   1163 0.43 0.0 HD12 105 
   1987 2.77 0.0 HB2 174 
   1275 18.9 0.0 CB 115 
   1679 7.83 0.0 H 150 
   1404 3.23 0.0 HB3 128 
   1414 3.1 0.0 HB2 129 
   1553 1.46 0.0 HG3 139 
   1103 25.1 0.0 CG 99 
   693 1.46 0.0 HG2 68 
   448 8.86 0.0 H 48 
   1479 7.41 0.0 HE3 133 
   1965 1.85 0.0 HB3 172 
   1415 3.22 0.0 HB3 129 
   247 2.12 0.0 HB3 33 
   1332 1.23 0.0 HG3 122 
   1881 45.6 0.0 CA 165 
   1975 29.1 0.0 CD 172 
   120 13.1 0.0 CD1 21 
   1677 45.7 0.0 CA 149 
   108 0.36 0.0 HG12 21 
   1793 28.2 0.0 CG1 158 
   792 2.95 0.0 HE2 76 
   1411 114.8 0.0 N 128 
   881 0.82 0.0 HD13 83 
   871 55.4 0.0 CA 82 
   1521 116.3 0.0 N 136 
   478 8.25 0.0 H 50 
   1192 119.5 0.0 N 107 
   1490 120.6 0.0 N 133 
   525 119.5 0.0 N 53 
   1424 131.7 0.0 CD2 129 
   825 131.3 0.0 NE1 78 
   715 7.82 0.0 H 70 
   961 131.7 0.0 CD2 88 
   1951 123.6 0.0 N 170 
   64 1.01 0.0 HG12 17 
   314 21.0 0.0 CG1 37 
   1244 4.41 0.0 HA 113 
   224 8.5 0.0 H 31 
   1871 2.92 0.0 HE3 164 
   992 2.07 0.0 HB2 91 
   722 4.57 0.0 HB 71 
   636 1.74 0.0 HG3 63 
   1129 0.01 0.0 HB3 102 
   390 2.75 0.0 HG3 43 
   1942 1.6 0.0 HD2 170 
   227 2.02 0.0 HB3 31 
   1573 51.9 0.0 CA 140 
   308 0.99 0.0 HG13 37 
   828 3.01 0.0 HB2 79 
   758 120.1 0.0 CZ3 73 
   618 5.47 0.0 HD1 62 
   1887 1.0 0.0 HG12 166 
   1641 2.2 0.0 HB2 146 
   240 3.09 0.0 HB3 32 
   1877 115.9 0.0 N 164 
   1970 2.95 0.0 HE2 172 
   153 1.0 0.0 HD12 24 
   1615 5.82 0.0 HD2 144 
   434 2.21 0.0 HB3 47 
   785 5.61 0.0 HA 76 
   1715 3.56 0.0 HB3 153 
   225 4.34 0.0 HA 31 
   494 3.25 0.0 HA 51 
   1600 23.0 0.0 CD1 142 
   190 9.34 0.0 H 27 
   2007 112.3 0.0 NE2 175 
   57 27.3 0.0 CG 16 
   229 1.65 0.0 HG3 31 
   1065 27.8 0.0 CG1 96 
   110 0.18 0.0 HG21 21 
   1535 22.9 0.0 CG2 137 
   1886 1.0 0.0 HG11 166 
   397 3.17 0.0 HB2 44 
   1214 7.93 0.0 H 110 
   1810 2.55 0.0 HB2 160 
   196 51.1 0.0 CA 27 
   1398 56.8 0.0 CA 127 
   1842 0.01 0.0 HD13 162 
   45 43.1 0.0 CD 15 
   179 116.8 0.0 N 25 
   630 115.3 0.0 N 62 
   1016 112.7 0.0 N 92 
   768 7.0 0.0 HE1 74 
   1755 115.0 0.0 N 155 
   286 3.29 0.0 HB2 36 
   1345 0.37 0.0 HB 123 
   503 31.5 0.0 CB 51 
   552 122.1 0.0 N 55 
   446 23.9 0.0 CD2 47 
   1990 6.91 0.0 HD22 174 
   182 3.96 0.0 HB 26 
   114 -0.19 0.0 HD12 21 
   1050 27.0 0.0 CG 95 
   373 42.2 0.0 CE 41 
   1456 6.93 0.0 H 132 
   1763 0.93 0.0 HG22 156 
   461 29.8 0.0 CG1 48 
   411 4.15 0.0 HA 45 
   1762 0.93 0.0 HG21 156 
   421 117.4 0.0 N 45 
   1238 8.62 0.0 H 112 
   528 4.38 0.0 HA 54 
   1954 1.93 0.0 HB2 171 
   1140 61.6 0.0 CA 103 
   1581 9.74 0.0 H 141 
   389 2.14 0.0 HG2 43 
   1056 1.48 0.0 HG13 96 
   1872 56.9 0.0 CA 164 
   329 113.9 0.0 NE2 38 
   1945 2.96 0.0 HE3 170 
   1493 4.17 0.0 HA 134 
   33 113.2 0.0 N 14 
   1397 2.68 0.0 HB3 127 
   72 21.8 0.0 CG2 17 
   1517 6.92 0.0 HD21 136 
   588 8.49 0.0 H 60 
   302 125.7 0.0 NE1 36 
   672 7.8 0.0 H 66 
   347 0.84 0.0 HD11 40 
   51 1.6 0.0 HG2 16 
   1156 1.26 0.0 HB 105 
   1850 4.04 0.0 HA 163 
   1337 55.1 0.0 CA 122 
   1013 129.9 0.0 CE1 92 
   1622 8.62 0.0 H 145 
   1138 2.95 0.0 HD2 103 
   176 24.6 0.0 CG 25 
   1785 0.42 0.0 HG21 158 
   760 125.1 0.0 N 73 
   148 4.56 0.0 HA 24 
   1726 113.9 0.0 CZ2 153 
   860 2.85 0.0 HB2 81 
   438 0.93 0.0 HD13 47 
   1875 29.2 0.0 CD 164 
   1041 4.62 0.0 HA 95 
   518 4.48 0.0 HA 53 
   1375 0.33 0.0 HD21 125 
   9 2.03 0.0 HB3 12 
   719 107.1 0.0 N 70 
   429 62.7 0.0 CB 46 
   138 0.96 0.0 HG13 23 
   231 3.17 0.0 HD3 31 
   1039 8.7 0.0 CD1 94 
   372 29.5 0.0 CD 41 
   934 132.9 0.0 CD1 86 
   83 64.2 0.0 CA 18 
   895 1.54 0.0 HG 84 
   761 127.0 0.0 NE1 73 
   737 3.19 0.0 HD3 72 
   1663 0.8 0.0 HD12 148 
   1262 1.17 0.0 HG21 114 
   1937 4.24 0.0 HA 170 
   130 31.8 0.0 CB 22 
   129 63.3 0.0 CA 22 
   1996 4.26 0.0 HA 175 
   1683 1.88 0.0 HG 150 
   1264 1.17 0.0 HG23 114 
   455 0.97 0.0 HG23 48 
   1287 1.89 0.0 HE2 117 
   1529 1.08 0.0 HG21 137 
   1691 42.2 0.0 CB 150 
   1203 49.8 0.0 CD 108 
   353 57.5 0.0 CA 40 
   1390 62.4 0.0 CA 126 
   1604 3.75 0.0 HA 143 
   1828 26.2 0.0 CG 161 
   30 64.2 0.0 CA 14 
   344 0.97 0.0 HB2 40 
   6 8.75 0.0 H 12 
   1820 0.66 0.0 HD11 161 
   1495 1.5 0.0 HB2 134 
   360 4.16 0.0 HA 41 
   861 3.25 0.0 HB3 81 
   357 24.3 0.0 CD2 40 
   975 1.75 0.0 HB 90 
   940 5.28 0.0 HA 87 
   1091 118.2 0.0 CE1 98 
   1271 1.43 0.0 HB1 115 
   941 1.9 0.0 HB2 87 
   261 2.42 0.0 HG2 34 
   1382 22.6 0.0 CD2 125 
   1834 1.39 0.0 HB 162 
   857 128.9 0.0 N 80 
   143 32.8 0.0 CB 23 
   1907 0.85 0.0 HD13 167 
   1403 3.23 0.0 HB2 128 
   2004 29.2 0.0 CB 175 
   700 31.8 0.0 CB 68 
   1608 55.6 0.0 CA 143 
   53 3.21 0.0 HD2 16 
   1950 41.8 0.0 CE 170 
   186 65.4 0.0 CA 26 
   1751 1.43 0.0 HB2 155 
   331 4.12 0.0 HA 39 
   1619 115.6 0.0 CD2 144 
   1729 118.4 0.0 N 153 
   977 1.29 0.0 HG13 90 
   1196 1.88 0.0 HG2 108 
   798 42.2 0.0 CE 76 
   937 117.5 0.0 CE2 86 
   146 116.5 0.0 N 23 
   1124 114.3 0.0 N 101 
   209 3.95 0.0 HA2 29 
   445 25.4 0.0 CD1 47 
   1353 -0.19 0.0 HD13 123 
   526 110.8 0.0 ND2 53 
   1439 62.3 0.0 CA 130 
   1186 0.93 0.0 HG22 107 
   430 114.9 0.0 N 46 
   968 2.72 0.0 HB2 89 
   131 27.7 0.0 CG 22 
   1340 28.9 0.0 CD 122 
   1711 51.4 0.0 CD 152 
   1432 2.04 0.0 HB3 130 
   1844 38.3 0.0 CB 162 
   144 18.2 0.0 CG1 23 
   1143 49.2 0.0 CD 103 
   1356 24.8 0.0 CG1 123 
   1110 1.25 0.0 HG23 100 
   709 2.34 0.0 HG2 69 
   757 113.1 0.0 CZ2 73 
   1943 1.6 0.0 HD3 170 
   1278 4.0 0.0 HA 116 
   300 122.2 0.0 CH2 36 
   409 118.4 0.0 N 44 
   398 3.25 0.0 HB3 44 
   115 -0.19 0.0 HD13 21 
   717 3.53 0.0 HA3 70 
   1642 2.46 0.0 HB3 146 
   1373 0.13 0.0 HD12 125 
   218 2.45 0.0 HD2 30 
   665 1.81 0.0 HB3 65 
   1399 40.2 0.0 CB 127 
   169 1.29 0.0 HG3 25 
   1227 26.9 0.0 CG 110 
   1636 25.8 0.0 CD1 145 
   744 4.72 0.0 HA 73 
   1073 1.17 0.0 HG22 97 
   1648 117.1 0.0 N 146 
   270 1.81 0.0 HB3 35 
   1981 2.88 0.0 HB3 173 
   866 126.2 0.0 N 81 
   473 57.4 0.0 CA 49 
   210 4.82 0.0 HA3 29 
   671 122.0 0.0 N 65 
   580 2.37 0.0 HB2 59 
   278 56.6 0.0 CA 35 
   1326 107.3 0.0 N 121 
   48 4.19 0.0 HA 16 
   1130 49.7 0.0 CA 102 
   523 55.6 0.0 CA 53 
   1620 136.3 0.0 CE1 144 
   70 32.2 0.0 CB 17 
   221 31.7 0.0 CB 30 
   763 5.33 0.0 HA 74 
   1649 8.35 0.0 H 147 
   1250 1.6 0.0 HD3 113 
   1434 1.72 0.0 HG3 130 
   1525 1.75 0.0 HB 137 
   21 54.2 0.0 CA 13 
   708 2.23 0.0 HB3 69 
   1991 53.2 0.0 CA 174 
   1798 1.66 0.0 HB2 159 
   1162 0.43 0.0 HD11 105 
   1784 1.49 0.0 HG13 158 
   465 7.64 0.0 H 49 
   862 7.19 0.0 HD2 81 
   819 125.9 0.0 CD1 78 
   1668 54.5 0.0 CA 148 
   197 36.8 0.0 CB 27 
   601 7.9 0.0 HE3 61 
   844 0.96 0.0 HG12 80 
   330 8.2 0.0 H 39 
   332 1.78 0.0 HB2 39 
   442 58.8 0.0 CA 47 
   1549 4.17 0.0 HA 139 
   695 1.69 0.0 HD2 68 
   956 7.18 0.0 HE2 88 
   1004 6.51 0.0 HD1 92 
   1478 9.6 0.0 HE1 133 
   396 4.5 0.0 HA 44 
   1441 26.5 0.0 CG 130 
   376 4.12 0.0 HA 42 
   1904 0.95 0.0 HG23 167 
   936 117.5 0.0 CE1 86 
   1011 131.3 0.0 CD1 92 
   686 37.3 0.0 CB 67 
   616 2.1 0.0 HB2 62 
   1057 0.98 0.0 HG21 96 
   1794 18.6 0.0 CG2 158 
   1720 6.36 0.0 HZ3 153 
   81 1.01 0.0 HG22 18 
   550 29.7 0.0 CD 55 
   545 2.84 0.0 HE2 55 
   1603 9.24 0.0 H 143 
   531 4.55 0.0 HD21 54 
   1033 0.45 0.0 HD12 94 
   783 107.1 0.0 N 75 
   1803 3.0 0.0 HD3 159 
   322 2.45 0.0 HG3 38 
   93 63.2 0.0 CB 19 
   352 0.86 0.0 HD23 40 
   663 4.51 0.0 HA 65 
   1633 58.4 0.0 CA 145 
   1653 1.22 0.0 HB3 147 
   1184 0.58 0.0 HG13 107 
   1005 6.51 0.0 HD2 92 
   178 41.8 0.0 CE 25 
   725 1.1 0.0 HG23 71 
   893 0.6 0.0 HB2 84 
   1128 0.01 0.0 HB2 102 
   1131 15.4 0.0 CB 102 
   449 3.79 0.0 HA 48 
   1052 8.69 0.0 H 96 
   1804 66.3 0.0 CA 159 
   1416 7.05 0.0 HD1 129 
   930 6.77 0.0 HE1 86 
   31 68.6 0.0 CB 14 
   1071 4.67 0.0 HB 97 
   1614 3.34 0.0 HB3 144 
   236 116.8 0.0 N 31 
   530 3.06 0.0 HB3 54 
   1349 -0.36 0.0 HG22 123 
   46 121.6 0.0 N 15 
   1180 4.9 0.0 HA 107 
   239 3.17 0.0 HB2 32 
   1114 122.2 0.0 N 100 
   805 32.7 0.0 CB 77 
   470 1.93 0.0 HG3 49 
   1868 1.5 0.0 HD2 164 
   1947 33.5 0.0 CB 170 
   659 24.3 0.0 CD1 64 
   106 4.14 0.0 HA 21 
   358 120.3 0.0 N 40 
   769 7.0 0.0 HE2 74 
   1958 55.9 0.0 CA 171 
   838 117.3 0.0 CE1 79 
   1955 2.09 0.0 HB3 171 
   1460 1.53 0.0 HG 132 
   293 7.05 0.0 HH2 36 
   1759 0.75 0.0 HG11 156 
   599 7.87 0.0 HD1 61 
   41 3.21 0.0 HD3 15 
   457 0.92 0.0 HD12 48 
   661 123.1 0.0 N 64 
   1085 6.93 0.0 HE1 98 
   1455 50.3 0.0 CD 131 
   1075 60.5 0.0 CA 97 
   1692 27.0 0.0 CG 150 
   1596 0.37 0.0 HD23 142 
   1160 0.67 0.0 HG22 105 
   85 21.7 0.0 CG1 18 
   1856 6.84 0.0 HE22 163 
   1378 54.2 0.0 CA 125 
   1260 4.63 0.0 HA 114 
   1185 0.93 0.0 HG21 107 
   1585 112.9 0.0 N 141 
   1088 42.0 0.0 CB 98 
   1813 41.7 0.0 CB 160 
   1295 7.0 0.0 HD2 118 
   1852 2.24 0.0 HB3 163 
   1568 6.2 0.0 HD1 140 
   1501 4.14 0.0 HA 135 
   1704 1.84 0.0 HG2 152 
   466 4.23 0.0 HA 49 
   1152 35.9 0.0 CG 104 
   875 3.58 0.0 HA 83 
   515 36.4 0.0 CG 52 
   933 39.5 0.0 CB 86 
   1400 122.0 0.0 N 127 
   388 2.34 0.0 HB3 43 
   981 0.71 0.0 HD11 90 
   1918 2.32 0.0 HG2 168 
   1 4.65 0.0 HA 11 
   1279 2.0 0.0 HB2 116 
   55 57.8 0.0 CA 16 
   1684 0.87 0.0 HD11 150 
   675 2.44 0.0 HB3 66 
   1032 0.45 0.0 HD11 94 
   1476 3.07 0.0 HB3 133 
   1249 1.6 0.0 HD2 113 
   1747 118.8 0.0 N 154 
   277 1.01 0.0 HD23 35 
   1946 56.7 0.0 CA 170 
   1327 7.0 0.0 H 122 
   1716 7.36 0.0 HD1 153 
   609 113.7 0.0 CZ2 61 
   1772 0.27 0.0 HB2 157 
   1062 0.87 0.0 HD13 96 
   1924 33.7 0.0 CG 168 
   1552 1.26 0.0 HG2 139 
   251 3.34 0.0 HD3 33 
   102 30.1 0.0 CB 20 
   938 129.3 0.0 N 86 
   1053 3.78 0.0 HA 96 
   781 4.31 0.0 HA3 75 
   1346 0.57 0.0 HG12 123 
   690 3.96 0.0 HA 68 
   1102 33.2 0.0 CB 99 
   1666 0.92 0.0 HD22 148 
   1347 0.7 0.0 HG13 123 
   1433 1.42 0.0 HG2 130 
   1522 116.8 0.0 ND2 136 
   370 32.0 0.0 CB 41 
   258 4.24 0.0 HA 34 
   185 1.25 0.0 HG23 26 
   150 1.88 0.0 HB3 24 
   469 1.74 0.0 HG2 49 
   905 22.3 0.0 CD1 84 
   1273 1.43 0.0 HB3 115 
   1314 27.1 0.0 CG 119 
   1646 31.6 0.0 CB 146 
   1824 0.73 0.0 HD22 161 
   1150 54.1 0.0 CA 104 
   385 8.98 0.0 H 43 
   999 117.4 0.0 N 91 
   1593 -0.51 0.0 HD13 142 
   1017 8.57 0.0 H 93 
   1766 33.1 0.0 CB 156 
   718 46.2 0.0 CA 70 
   1792 30.6 0.0 CB 158 
   1028 2.13 0.0 HG13 94 
   433 1.79 0.0 HB2 47 
   497 0.78 0.0 HG12 51 
   927 3.29 0.0 HB3 86 
   1962 8.44 0.0 H 172 
   412 2.23 0.0 HB2 45 
   692 1.89 0.0 HB3 68 
   401 6.81 0.0 HE1 44 
   1020 2.67 0.0 HB3 93 
   1122 69.9 0.0 CB 101 
   864 34.3 0.0 CB 81 
   658 27.3 0.0 CG 64 
   874 8.23 0.0 H 83 
   670 36.3 0.0 CG 65 
   772 40.5 0.0 CB 74 
   1194 2.03 0.0 HB2 108 
   424 4.12 0.0 HA 46 
   279 42.7 0.0 CB 35 
   1293 3.08 0.0 HB3 118 
   1983 27.8 0.0 CB 173 
   1590 1.64 0.0 HG 142 
   1021 52.0 0.0 CA 93 
   268 4.34 0.0 HA 35 
   1298 53.1 0.0 CA 118 
   535 122.2 0.0 N 54 
   859 4.82 0.0 HA 81 
   1846 16.7 0.0 CG2 162 
   1675 4.05 0.0 HA2 149 
   1481 7.04 0.0 HZ3 133 
   1673 110.9 0.0 N 148 
   593 40.5 0.0 CB 60 
   180 10.39 0.0 H 26 
   1303 117.4 0.0 CE2 118 
   746 2.21 0.0 HB3 73 
   568 51.2 0.0 CA 57 
   626 132.0 0.0 CD2 62 
   1861 111.2 0.0 NE2 163 
   290 7.31 0.0 HE3 36 
   1682 2.33 0.0 HB3 150 
   786 1.44 0.0 HB2 76 
   444 27.4 0.0 CG 47 
   539 1.91 0.0 HB2 55 
   572 4.38 0.0 HA 58 
   435 1.91 0.0 HG 47 
   1676 3.16 0.0 HA3 149 
   1934 120.5 0.0 CD2 169 
   335 1.47 0.0 HG3 39 
   921 29.2 0.0 CD 85 
   846 0.64 0.0 HG21 80 
   201 4.74 0.0 HA 28 
   1201 32.3 0.0 CB 108 
   1155 3.79 0.0 HA 105 
   1919 2.35 0.0 HG3 168 
   1026 2.04 0.0 HB 94 
   1446 1.83 0.0 HB2 131 
   1512 113.5 0.0 N 135 
   733 1.73 0.0 HB3 72 
   267 8.01 0.0 H 35 
   602 7.45 0.0 HZ2 61 
   1067 13.2 0.0 CD1 96 
   8 2.03 0.0 HB2 12 
   1855 7.42 0.0 HE21 163 
   1428 121.3 0.0 N 129 
   850 0.82 0.0 HD12 80 
   175 35.9 0.0 CB 25 
   405 131.7 0.0 CD1 44 
   694 1.46 0.0 HG3 68 
   1083 7.86 0.0 HD1 98 
   1531 1.08 0.0 HG23 137 
   1132 126.2 0.0 N 102 
   1922 54.4 0.0 CA 168 
   149 1.51 0.0 HB2 24 
   86 22.0 0.0 CG2 18 
   281 22.8 0.0 CD1 35 
   841 8.07 0.0 H 80 
   58 43.2 0.0 CD 16 
   272 0.91 0.0 HD11 35 
   245 3.99 0.0 HA 33 
   1480 7.26 0.0 HZ2 133 
   213 2.52 0.0 HA 30 
   668 54.6 0.0 CA 65 
   736 3.09 0.0 HD2 72 
   638 3.25 0.0 HD3 63 
   1627 -0.05 0.0 HD11 145 
   1690 57.9 0.0 CA 150 
   1885 2.17 0.0 HB 166 
   1370 1.68 0.0 HB3 125 
   681 3.07 0.0 HB2 67 
   1547 48.1 0.0 CD 138 
   1176 50.2 0.0 CA 106 
   62 2.21 0.0 HB 17 
   633 1.82 0.0 HB2 63 
   418 59.3 0.0 CA 45 
   743 8.77 0.0 H 73 
   924 9.53 0.0 H 86 
   214 1.05 0.0 HB2 30 
   365 1.74 0.0 HD2 41 
   965 121.3 0.0 N 88 
   1193 4.13 0.0 HA 108 
   468 2.07 0.0 HB3 49 
   10 2.32 0.0 HG2 12 
   79 0.94 0.0 HG13 18 
   1985 8.55 0.0 H 174 
   1063 64.5 0.0 CA 96 
   793 2.95 0.0 HE3 76 
   1816 3.88 0.0 HA 161 
   1096 2.2 0.0 HB3 99 
   791 1.68 0.0 HD3 76 
   1809 4.33 0.0 HA 160 
   1368 4.45 0.0 HA 125 
   1826 57.4 0.0 CA 161 
   493 8.77 0.0 H 51 
   1183 0.58 0.0 HG12 107 
   1693 23.0 0.0 CD1 150 
   1450 3.64 0.0 HD2 131 
   622 5.65 0.0 HZ 62 
   1429 8.59 0.0 H 130 
   1765 63.4 0.0 CA 156 
   711 58.0 0.0 CA 69 
   24 7.95 0.0 H 14 
   17 4.21 0.0 HA 13 
   1412 7.96 0.0 H 129 
   1655 20.6 0.0 CB 147 
   947 37.4 0.0 CG 87 
   500 0.8 0.0 HG22 51 
   759 123.7 0.0 CH2 73 
   47 8.18 0.0 H 16 
   1457 3.95 0.0 HA 132 
   68 1.1 0.0 HG23 17 
   1464 1.04 0.0 HD21 132 
   1815 7.82 0.0 H 161 
   617 2.5 0.0 HB3 62 
   113 -0.19 0.0 HD11 21 
   1658 4.51 0.0 HA 148 
   1577 129.7 0.0 CE1 140 
   664 1.55 0.0 HB2 65 
   60 7.9 0.0 H 17 
   1454 27.9 0.0 CG 131 
   822 120.5 0.0 CZ3 78 
   978 1.02 0.0 HG21 90 
   1984 120.4 0.0 N 173 
   1778 34.2 0.0 CG 157 
   233 29.5 0.0 CB 31 
   1801 2.05 0.0 HG3 159 
   915 1.28 0.0 HD3 85 
   284 8.01 0.0 H 36 
   363 1.45 0.0 HG2 41 
   1336 2.91 0.0 HE3 122 
   1409 120.2 0.0 CD2 128 
   491 118.8 0.0 CE2 50 
   1055 1.32 0.0 HG12 96 
   1043 2.39 0.0 HB3 95 
   367 2.96 0.0 HE2 41 
   925 4.52 0.0 HA 86 
   1232 4.44 0.0 HA 111 
   1402 4.57 0.0 HA 128 
   1927 8.65 0.0 H 169 
   1335 2.91 0.0 HE2 122 
   583 7.7 0.0 HD22 59 
   1640 4.36 0.0 HA 146 
   1672 22.7 0.0 CD2 148 
   514 29.2 0.0 CB 52 
   1212 36.8 0.0 CG 109 
   32 22.0 0.0 CG2 14 
   1686 0.87 0.0 HD13 150 
   911 1.74 0.0 HB3 85 
   1468 41.9 0.0 CB 132 
   386 4.33 0.0 HA 43 
   922 41.3 0.0 CE 85 
   294 58.7 0.0 CA 36 
   1978 8.4 0.0 H 173 
   913 1.18 0.0 HG3 85 
   1146 1.71 0.0 HB2 104 
   1920 6.76 0.0 HE21 168 
   775 130.0 0.0 CE1 74 
   989 113.7 0.0 N 90 
   721 4.41 0.0 HA 71 
   77 0.94 0.0 HG11 18 
   971 41.3 0.0 CB 89 
   1510 27.0 0.0 CG 135 
   1106 4.12 0.0 HA 100 
   801 5.55 0.0 HA 77 
   942 1.9 0.0 HB3 87 
   1112 67.9 0.0 CB 100 
   685 51.6 0.0 CA 67 
   1154 8.55 0.0 H 105 
   1487 113.9 0.0 CZ2 133 
   984 58.5 0.0 CA 90 
   624 40.9 0.0 CB 62 
   1563 122.6 0.0 N 139 
   1452 65.5 0.0 CA 131 
   1325 45.6 0.0 CA 121 
   778 117.0 0.0 N 74 
   1049 32.4 0.0 CB 95 
   1217 1.6 0.0 HB3 110 
   1923 31.6 0.0 CB 168 
   1559 32.6 0.0 CB 139 
   1953 4.39 0.0 HA 171 
   408 117.8 0.0 CE2 44 
   1108 1.25 0.0 HG21 100 
   645 8.7 0.0 H 64 
   1570 6.77 0.0 HE1 140 
   993 2.38 0.0 HB3 91 
   1060 0.87 0.0 HD11 96 
   1317 8.98 0.0 H 120 
   381 59.1 0.0 CA 42 
   2003 56.0 0.0 CA 175 
   89 4.33 0.0 HA 19 
   848 0.64 0.0 HG23 80 
   351 0.86 0.0 HD22 40 
   194 6.5 0.0 HD21 27 
   163 126.3 0.0 N 24 
   1502 1.71 0.0 HB2 135 
   310 1.13 0.0 HG22 37 
   13 29.4 0.0 CB 12 
   804 55.2 0.0 CA 77 
   1963 4.4 0.0 HA 172 
   519 3.0 0.0 HB2 53 
   476 42.2 0.0 CD 49 
   273 0.91 0.0 HD12 35 
   639 7.37 0.0 HE 63 
   1827 41.4 0.0 CB 161 
   156 1.18 0.0 HD22 24 
   1070 4.43 0.0 HA 97 
   1321 113.5 0.0 N 120 
   111 0.18 0.0 HG22 21 
   1986 4.67 0.0 HA 174 
   404 37.9 0.0 CB 44 
   1179 8.02 0.0 H 107 
   712 29.6 0.0 CB 69 
   289 9.86 0.0 HE1 36 
   1698 3.72 0.0 HA3 151 
   1002 2.77 0.0 HB2 92 
   732 1.63 0.0 HB2 72 
   104 119.8 0.0 N 20 
   789 1.57 0.0 HG3 76 
   576 39.1 0.0 CB 58 
   40 3.21 0.0 HD2 15 
   1095 1.45 0.0 HB2 99 
   1595 0.37 0.0 HD22 142 
   1830 22.9 0.0 CD2 161 
   1744 26.8 0.0 CG 154 
   803 3.39 0.0 HB3 77 
   1602 125.0 0.0 N 142 
   1893 32.2 0.0 CB 166 
   1440 29.7 0.0 CB 130 
   585 39.9 0.0 CB 59 
   323 6.95 0.0 HE21 38 
   678 111.7 0.0 N 66 
   253 28.7 0.0 CB 33 
   167 1.76 0.0 HB3 25 
   1560 25.7 0.0 CG 139 
   362 2.06 0.0 HB3 41 
   1459 1.92 0.0 HB3 132 
   765 3.22 0.0 HB3 74 
   490 118.8 0.0 CE1 50 
   18 1.47 0.0 HB1 13 
   882 0.77 0.0 HD21 83 
   997 33.5 0.0 CB 91 
   534 36.9 0.0 CB 54 
   749 7.03 0.0 HE3 73 
   488 131.7 0.0 CD1 50 
   837 131.9 0.0 CD2 79 
   1358 13.5 0.0 CD1 123 
   1001 4.95 0.0 HA 92 
   343 3.56 0.0 HA 40 
   867 9.03 0.0 H 82 
   174 57.0 0.0 CA 25 
   1113 21.6 0.0 CG2 100 
   870 2.87 0.0 HB3 82 
   516 119.7 0.0 N 52 
   379 2.4 0.0 HG2 42 
   195 7.45 0.0 HD22 27 
   641 33.8 0.0 CB 63 
   811 7.03 0.0 HD1 78 
   809 3.11 0.0 HB2 78 
   382 29.2 0.0 CB 42 
   1080 4.69 0.0 HA 98 
   1363 2.78 0.0 HB3 124 
   729 107.9 0.0 N 71 
   90 3.98 0.0 HB2 19 
   1389 1.41 0.0 HG23 126 
   177 29.2 0.0 CD 25 
   1695 125.1 0.0 N 150 
   623 57.0 0.0 CA 62 
   255 43.1 0.0 CD 33 
   203 1.47 0.0 HB2 28 
   1995 8.36 0.0 H 175 
   869 2.25 0.0 HB2 82 
   1082 3.27 0.0 HB3 98 
   582 6.69 0.0 HD21 59 
   1506 3.11 0.0 HD2 135 
   1632 0.45 0.0 HD23 145 
   1835 0.32 0.0 HG12 162 
   243 119.3 0.0 N 32 
   1776 57.3 0.0 CA 157 
   1870 2.92 0.0 HE2 164 
   7 4.11 0.0 HA 12 
   192 2.32 0.0 HB2 27 
   1578 129.7 0.0 CE2 140 
   4 54.1 0.0 CA 11 
   577 116.9 0.0 N 58 
   990 8.61 0.0 H 91 
   1270 4.47 0.0 HA 115 
   1465 1.04 0.0 HD22 132 
   2 2.76 0.0 HB2 11 
   1909 40.7 0.0 CB 167 
   1508 57.0 0.0 CA 135 
   1528 0.66 0.0 HG13 137 
   696 1.69 0.0 HD3 68 
   237 8.17 0.0 H 32 
   770 6.92 0.0 HZ 74 
   983 0.71 0.0 HD13 90 
   328 118.6 0.0 N 38 
   1700 105.7 0.0 N 151 
   802 2.94 0.0 HB2 77 
   662 8.9 0.0 H 65 
   702 28.9 0.0 CD 68 
   1980 2.81 0.0 HB2 173 
   1833 3.68 0.0 HA 162 
   1664 0.8 0.0 HD13 148 
   168 1.29 0.0 HG2 25 
   738 56.1 0.0 CA 72 
   1728 122.7 0.0 CH2 153 
   391 58.5 0.0 CA 43 
   1967 1.43 0.0 HG3 172 
   1775 1.28 0.0 HG3 157 
   1966 1.35 0.0 HG2 172 
   1718 7.08 0.0 HE3 153 
   416 7.61 0.0 HE21 45 
   849 0.82 0.0 HD11 80 
   1076 67.7 0.0 CB 97 
   171 1.6 0.0 HD3 25 
   304 3.36 0.0 HA 37 
   1466 1.04 0.0 HD23 132 
   1685 0.87 0.0 HD12 150 
   140 1.13 0.0 HG22 23 
   1972 56.3 0.0 CA 172 
   292 7.51 0.0 HZ3 36 
   847 0.64 0.0 HG22 80 
   880 0.82 0.0 HD12 83 
   1342 118.4 0.0 N 122 
   128 4.08 0.0 HD3 22 
   950 5.09 0.0 HA 88 
   1199 3.77 0.0 HD3 108 
   1291 4.86 0.0 HA 118 
   687 116.8 0.0 N 67 
   1515 0.92 0.0 HB2 136 
   1284 2.3 0.0 HG2 117 
   1443 41.8 0.0 CE 130 
   71 21.1 0.0 CG1 17 
   1447 2.29 0.0 HB3 131 
   889 22.5 0.0 CD2 83 
   459 65.0 0.0 CA 48 
   1276 128.2 0.0 N 115 
   890 108.0 0.0 N 83 
   946 34.7 0.0 CB 87 
   1188 58.3 0.0 CA 107 
   750 7.02 0.0 HZ2 73 
   238 4.9 0.0 HA 32 
   1338 32.9 0.0 CB 122 
   1339 25.6 0.0 CG 122 
   1779 117.5 0.0 N 157 
   311 1.13 0.0 HG23 37 
   1914 8.64 0.0 H 168 
   907 121.8 0.0 N 84 
   688 110.7 0.0 ND2 67 
   620 5.55 0.0 HE1 62 
   1733 1.24 0.0 HB2 154 
   1151 30.1 0.0 CB 104 
   502 67.2 0.0 CA 51 
   797 29.6 0.0 CD 76 
   341 121.0 0.0 N 39 
   1045 1.91 0.0 HG3 95 
   1174 1.34 0.0 HB2 106 
   823 123.5 0.0 CH2 78 
   206 24.4 0.0 CB 28 
   1334 1.73 0.0 HD3 122 
   1313 30.5 0.0 CB 119 
   511 2.31 0.0 HG2 52 
   512 2.42 0.0 HG3 52 
   1316 120.9 0.0 N 119 
   1819 1.91 0.0 HG 161 
   830 6.96 0.0 HD1 79 
   1019 2.51 0.0 HB2 93 
   1360 7.71 0.0 H 124 
   888 25.2 0.0 CD1 83 
   1246 1.82 0.0 HB3 113 
   1925 121.6 0.0 N 168 
   1081 2.76 0.0 HB2 98 
   1894 21.8 0.0 CG1 166 
   377 2.27 0.0 HB2 42 
   1650 4.49 0.0 HA 147 
   1592 -0.51 0.0 HD12 142 
   1644 2.21 0.0 HG3 146 
   951 2.71 0.0 HB2 88 
   1710 28.3 0.0 CG 152 
   962 129.6 0.0 CE1 88 
   1281 56.2 0.0 CA 116 
   80 1.01 0.0 HG21 18 
   610 120.2 0.0 CZ3 61 
   562 112.3 0.0 ND2 56 
   1543 3.45 0.0 HD3 138 
   403 62.3 0.0 CA 44 
   600 9.85 0.0 HE1 61 
   166 1.76 0.0 HB2 25 
   1807 49.4 0.0 CD 159 
   1629 -0.05 0.0 HD13 145 
   836 131.9 0.0 CD1 79 
   371 25.0 0.0 CG 41 
   1797 3.52 0.0 HA 159 
   426 3.98 0.0 HB3 46 
   884 0.77 0.0 HD23 83 
   1840 0.01 0.0 HD11 162 
   1025 4.37 0.0 HA 94 
   1215 4.34 0.0 HA 110 
   265 36.3 0.0 CG 34 
   160 31.1 0.0 CG 24 
   780 4.93 0.0 HA2 75 
   1839 0.81 0.0 HG23 162 
   751 6.65 0.0 HZ3 73 
   23 122.6 0.0 N 13 
   1109 1.25 0.0 HG22 100 
   1066 18.1 0.0 CG2 96 
   1992 38.6 0.0 CB 174 
   1609 18.0 0.0 CB 143 
   818 32.6 0.0 CB 78 
   162 25.5 0.0 CD2 24 
   808 6.21 0.0 HA 78 
   1036 36.4 0.0 CB 94 
   1117 3.67 0.0 HB 101 
   74 8.12 0.0 H 18 
   614 6.81 0.0 H 62 
   1790 0.18 0.0 HD13 158 
   119 17.2 0.0 CG2 21 
   145 22.0 0.0 CG2 23 
   246 2.0 0.0 HB2 33 
   740 27.4 0.0 CG 72 
   1795 8.6 0.0 CD1 158 
   1167 27.6 0.0 CG1 105 
   573 2.55 0.0 HB2 58 
   967 5.42 0.0 HA 89 
   1959 31.0 0.0 CB 171 
   615 4.91 0.0 HA 62 
   1669 43.3 0.0 CB 148 
   1891 1.0 0.0 HG23 166 
   1864 1.76 0.0 HB2 164 
   105 7.66 0.0 H 21 
   1741 1.14 0.0 HD23 154 
   1911 18.1 0.0 CG2 167 
   1058 0.98 0.0 HG22 96 
   1694 27.2 0.0 CD2 150 
   307 0.99 0.0 HG12 37 
   1873 34.1 0.0 CB 164 
   625 132.0 0.0 CD1 62 
   155 1.18 0.0 HD21 24 
   1282 29.0 0.0 CB 116 
   1393 111.5 0.0 N 126 
   1723 29.6 0.0 CB 153 
   1756 6.91 0.0 H 156 
   1623 4.15 0.0 HA 145 
   400 7.33 0.0 HD2 44 
   1222 0.68 0.0 HD21 110 
   1564 6.28 0.0 H 140 
   16 8.44 0.0 H 13 
   101 56.0 0.0 CA 20 
   1524 4.01 0.0 HA 137 
   34 8.07 0.0 H 15 
   527 8.75 0.0 H 54 
   141 1.13 0.0 HG23 23 
   1895 21.8 0.0 CG2 166 
   154 1.0 0.0 HD13 24 
   1588 0.74 0.0 HB2 142 
   1090 133.8 0.0 CD2 98 
   467 1.95 0.0 HB2 49 
   643 42.6 0.0 CD 63 
   355 26.0 0.0 CG 40 
   894 1.93 0.0 HB3 84 
   816 6.84 0.0 HH2 78 
   1848 120.1 0.0 N 162 
   556 2.93 0.0 HB3 56 
   422 111.4 0.0 NE2 45 
   354 41.3 0.0 CB 40 
   613 127.8 0.0 NE1 61 
   986 25.7 0.0 CG1 90 
   1253 56.4 0.0 CA 113 
   1120 1.08 0.0 HG23 101 
   217 1.44 0.0 HG3 30 
   27 1.24 0.0 HG21 14 
   726 61.7 0.0 CA 71 
   1208 2.43 0.0 HG2 109 
   142 61.6 0.0 CA 23 
   1381 25.2 0.0 CD1 125 
   324 8.08 0.0 HE22 38 
   451 1.26 0.0 HG12 48 
   1311 3.21 0.0 HD3 119 
   565 1.5 0.0 HB1 57 
   1657 8.89 0.0 H 148 
   1749 3.86 0.0 HA 155 
   1731 8.68 0.0 H 154 
   1917 2.09 0.0 HB3 168 
   1770 7.92 0.0 H 157 
   157 1.18 0.0 HD23 24 
   387 2.22 0.0 HB2 43 
   1187 0.93 0.0 HG23 107 
   807 9.24 0.0 H 78 
   1328 4.58 0.0 HA 122 
   991 5.29 0.0 HA 91 
   220 63.2 0.0 CA 30 
   1018 5.58 0.0 HA 93 
   63 1.01 0.0 HG11 17 
   137 0.96 0.0 HG12 23 
   288 7.34 0.0 HD1 36 
   1330 1.47 0.0 HB3 122 
   378 2.71 0.0 HB3 42 
   1061 0.87 0.0 HD12 96 
   1652 1.22 0.0 HB2 147 
   1989 7.61 0.0 HD21 174 
   1688 1.16 0.0 HD22 150 
   714 115.4 0.0 N 69 
   313 31.3 0.0 CB 37 
   1224 0.68 0.0 HD23 110 
   1139 3.85 0.0 HD3 103 
   559 55.3 0.0 CA 56 
   1687 1.16 0.0 HD21 150 
   538 3.93 0.0 HA 55 
   1369 1.43 0.0 HB2 125 
   724 1.1 0.0 HG22 71 
   784 8.54 0.0 H 76 
   508 3.88 0.0 HA 52 
   682 3.59 0.0 HB3 67 
   1621 115.4 0.0 N 144 
   1207 2.39 0.0 HB3 109 
   1247 1.3 0.0 HG2 113 
   574 3.11 0.0 HB3 58 
   587 110.7 0.0 ND2 59 
   1757 3.87 0.0 HA 156 
   1486 120.1 0.0 CE3 133 
   1540 1.25 0.0 HG2 138 
   1607 1.04 0.0 HB3 143 
   1717 9.7 0.0 HE1 153 
   1527 0.66 0.0 HG12 137 
   851 0.82 0.0 HD13 80 
   505 21.0 0.0 CG2 51 
   705 8.77 0.0 H 69 
   181 3.89 0.0 HA 26 
   15 122.1 0.0 N 12 
   172 2.92 0.0 HE2 25 
   1960 36.0 0.0 CG 171 
   204 1.47 0.0 HB3 28 
   1474 3.57 0.0 HA 133 
   208 8.82 0.0 H 29 
   1149 2.24 0.0 HG3 104 
   65 1.01 0.0 HG13 17 
   1754 18.2 0.0 CB 155 
   1477 6.93 0.0 HD1 133 
   879 0.82 0.0 HD11 83 
   1498 18.5 0.0 CB 134 
   1944 2.96 0.0 HE2 170 
   1742 57.8 0.0 CA 154 
   184 1.25 0.0 HG22 26 
   66 1.1 0.0 HG21 17 
   1500 7.5 0.0 H 135 
   703 41.8 0.0 CE 68 
   484 6.97 0.0 HE1 50 
   1304 8.4 0.0 H 119 
   1708 64.6 0.0 CA 152 
   1630 0.45 0.0 HD21 145 
   1430 3.99 0.0 HA 130 
   52 1.6 0.0 HG3 16 
   1299 39.5 0.0 CB 118 
   191 4.6 0.0 HA 27 
   28 1.24 0.0 HG22 14 
   1198 3.48 0.0 HD2 108 
   1817 1.16 0.0 HB2 161 
   1042 1.84 0.0 HB2 95 
   1296 6.74 0.0 HE1 118 
   1745 23.0 0.0 CD1 154 
   38 1.59 0.0 HG2 15 
   782 45.8 0.0 CA 75 
   529 3.06 0.0 HB2 54 
   1318 4.1 0.0 HA2 120 
   1492 8.33 0.0 H 134 
   338 58.1 0.0 CA 39 
   697 3.0 0.0 HE2 68 
   499 0.8 0.0 HG21 51 
   917 2.37 0.0 HE3 85 
   1617 61.9 0.0 CA 144 
   558 7.75 0.0 HD22 56 
   1047 3.51 0.0 HD3 95 
   298 114.2 0.0 CZ2 36 
   1265 58.4 0.0 CA 114 
   249 1.85 0.0 HG3 33 
   299 120.3 0.0 CZ3 36 
   42 58.2 0.0 CA 15 
   50 1.9 0.0 HB3 16 
   1580 113.4 0.0 N 140 
   932 57.5 0.0 CA 86 
   1252 3.12 0.0 HE3 113 
   1866 1.45 0.0 HG2 164 
   1064 37.7 0.0 CB 96 
   1594 0.37 0.0 HD21 142 
   1722 62.3 0.0 CA 153 
   11 2.32 0.0 HG3 12 
   1352 -0.19 0.0 HD12 123 
   669 34.1 0.0 CB 65 
   1392 21.7 0.0 CG2 126 
   799 121.3 0.0 N 76 
   1442 29.4 0.0 CD 130 
   2005 33.7 0.0 CG 175 
   475 26.1 0.0 CG 49 
   1841 0.01 0.0 HD12 162 
   976 0.84 0.0 HG12 90 
   1068 118.2 0.0 N 96 
   1145 4.26 0.0 HA 104 
   22 18.5 0.0 CB 13 
   1634 42.1 0.0 CB 145 
   489 131.7 0.0 CD2 50 
   1100 3.8 0.0 HD3 99 
   1213 116.4 0.0 N 109 
   814 7.17 0.0 HZ2 78 
   985 42.8 0.0 CB 90 
   1458 1.61 0.0 HB2 132 
   1616 7.71 0.0 HE1 144 
   1611 7.37 0.0 H 144 
   926 2.88 0.0 HB2 86 
   1912 14.6 0.0 CD1 167 
   482 7.26 0.0 HD1 50 
   1530 1.08 0.0 HG22 137 
   533 55.3 0.0 CA 54 
   1010 40.4 0.0 CB 92 
   1823 0.73 0.0 HD21 161 
   735 1.63 0.0 HG3 72 
   463 13.2 0.0 CD1 48 
   1931 7.31 0.0 HD2 169 
   821 114.1 0.0 CZ2 78 
   707 2.1 0.0 HB2 69 
   970 54.7 0.0 CA 89 
   61 3.95 0.0 HA 17 
   605 56.9 0.0 CA 61 
   928 7.33 0.0 HD1 86 
   1628 -0.05 0.0 HD12 145 
   1407 57.1 0.0 CA 128 
   1787 0.42 0.0 HG23 158 
   1030 0.7 0.0 HG22 94 
   1598 40.4 0.0 CB 142 
   364 1.73 0.0 HG3 41 
   486 58.8 0.0 CA 50 
   856 12.7 0.0 CD1 80 
   713 37.3 0.0 CG 69 
   655 0.91 0.0 HD23 64 
   76 2.19 0.0 HB 18 
   1504 1.59 0.0 HG2 135 
   943 2.0 0.0 HG2 87 
   165 4.41 0.0 HA 25 
   739 32.8 0.0 CB 72 
   578 8.55 0.0 H 59 
   1732 3.58 0.0 HA 154 
   1372 0.13 0.0 HD11 125 
   840 121.1 0.0 N 79 
   1123 21.0 0.0 CG2 101 
   1533 33.3 0.0 CB 137 
   291 7.92 0.0 HZ2 36 
   815 6.61 0.0 HZ3 78 
   1976 41.8 0.0 CE 172 
   1800 1.71 0.0 HG2 159 
   250 3.34 0.0 HD2 33 
   1719 7.16 0.0 HZ2 153 
   336 2.71 0.0 HD2 39 
   399 7.33 0.0 HD1 44 
   1915 4.83 0.0 HA 168 
   283 119.1 0.0 N 35 
   1867 1.66 0.0 HG3 164 
   1773 0.96 0.0 HB3 157 
   20 1.47 0.0 HB3 13 
   1444 118.4 0.0 N 130 
   1740 1.14 0.0 HD22 154 
   1777 29.2 0.0 CB 157 
   1647 32.2 0.0 CG 146 
   1519 53.4 0.0 CA 136 
   1367 8.42 0.0 H 125 
   1104 49.5 0.0 CD 99 
   43 30.1 0.0 CB 15 
   653 0.91 0.0 HD21 64 
   728 23.0 0.0 CG2 71 
   1272 1.43 0.0 HB2 115 
   1239 4.25 0.0 HA2 112 
   1843 65.1 0.0 CA 162 
   1261 4.2 0.0 HB 114 
   1857 58.8 0.0 CA 163 
   1796 115.7 0.0 N 158 
   98 2.19 0.0 HB3 20 
   317 7.16 0.0 H 38 
   604 7.04 0.0 HH2 61 
   1094 3.55 0.0 HA 99 
   647 1.83 0.0 HB2 64 
   949 9.09 0.0 H 88 
   810 3.29 0.0 HB3 78 
   501 0.8 0.0 HG23 51 
   173 2.92 0.0 HE3 25 
   710 2.54 0.0 HG3 69 
   1014 129.9 0.0 CE2 92 
   1707 3.6 0.0 HD3 152 
   1240 3.79 0.0 HA3 112 
   170 1.6 0.0 HD2 25 
   597 2.65 0.0 HB2 61 
   774 131.7 0.0 CD2 74 
   1697 3.12 0.0 HA2 151 
   1462 0.93 0.0 HD12 132 
   368 2.96 0.0 HE3 41 
   1654 55.8 0.0 CA 147 
   37 1.87 0.0 HB3 15 
   1879 3.97 0.0 HA2 165 
   1597 57.5 0.0 CA 142 
   414 2.54 0.0 HG2 45 
   1625 2.33 0.0 HB3 145 
   439 0.98 0.0 HD21 47 
   1982 58.6 0.0 CA 173 
   521 7.98 0.0 HD21 53 
   1289 36.0 0.0 CG 117 
   1503 1.86 0.0 HB3 135 
   453 0.97 0.0 HG21 48 
   1169 14.7 0.0 CD1 105 
   1865 2.04 0.0 HB3 164 
   1516 1.28 0.0 HB3 136 
   26 4.2 0.0 HB 14 
   547 60.5 0.0 CA 55 
   1928 4.05 0.0 HA 169 
   1539 1.47 0.0 HB3 138 
   1084 7.38 0.0 HD2 98 
   471 3.37 0.0 HD2 49 
   1565 4.03 0.0 HA 140 
   223 48.9 0.0 CD 30 
   1667 0.92 0.0 HD23 148 
   1255 25.6 0.0 CG 113 
   1153 119.5 0.0 N 104 
   1277 8.32 0.0 H 116 
   1003 3.68 0.0 HB3 92 
   1420 6.93 0.0 HZ 129 
   1538 1.22 0.0 HB2 138 
   1858 27.9 0.0 CB 163 
   321 2.45 0.0 HG2 38 
   1387 1.41 0.0 HG21 126 
   82 1.01 0.0 HG23 18 
   1572 6.2 0.0 HZ 140 
   73 119.6 0.0 N 17 
   1245 1.76 0.0 HB2 113 
   1225 53.9 0.0 CA 110 
   1365 27.0 0.0 CB 124 
   954 7.16 0.0 HD2 88 
   787 1.49 0.0 HB3 76 
   462 17.0 0.0 CG2 48 
   891 7.9 0.0 H 84 
   1343 7.91 0.0 H 123 
   107 1.29 0.0 HB 21 
   1451 3.77 0.0 HD3 131 
   1471 26.2 0.0 CD2 132 
   887 26.8 0.0 CG 83 
   1376 0.33 0.0 HD22 125 
   1505 1.72 0.0 HG3 135 
   1518 7.29 0.0 HD22 136 
   1537 4.86 0.0 HA 138 
   1362 2.23 0.0 HB2 124 
   581 2.76 0.0 HB3 59 
   584 51.8 0.0 CA 59 
   1674 7.41 0.0 H 149 
   1701 4.25 0.0 HA 152 
   1230 116.5 0.0 N 110 
   39 1.72 0.0 HG3 15 
   1142 27.9 0.0 CG 103 
   1484 27.6 0.0 CB 133 
   121 122.5 0.0 N 21 
   544 1.6 0.0 HD3 55 
   1709 32.1 0.0 CB 152 
   410 8.21 0.0 H 45 
   472 3.42 0.0 HD3 49 
   116 59.2 0.0 CA 21 
   1936 8.48 0.0 H 170 
   834 57.7 0.0 CA 79 
   242 40.8 0.0 CB 32 
   402 6.81 0.0 HE2 44 
   1897 6.85 0.0 H 167 
   158 56.0 0.0 CA 24 
   673 4.75 0.0 HA 66 
   1121 59.6 0.0 CA 101 
   456 0.92 0.0 HD11 48 
   252 58.8 0.0 CA 33 
   117 39.1 0.0 CB 21 
   1395 4.38 0.0 HA 127 
   1008 6.45 0.0 HZ 92 
   1808 6.55 0.0 H 160 
   1421 62.4 0.0 CA 129 
   436 0.93 0.0 HD11 47 
   1896 115.2 0.0 N 166 
   1157 0.33 0.0 HG12 105 
   443 42.7 0.0 CB 47 
   1034 0.45 0.0 HD13 94 
   953 7.16 0.0 HD1 88 
   824 117.5 0.0 N 78 
   833 6.69 0.0 HE2 79 
   366 1.74 0.0 HD3 41 
   876 1.57 0.0 HB2 83 
   309 1.13 0.0 HG21 37 
   683 7.79 0.0 HD21 67 
   1734 2.04 0.0 HB3 154 
   1656 120.5 0.0 N 147 
   980 1.02 0.0 HG23 90 
   543 1.6 0.0 HD2 55 
   1878 7.93 0.0 H 165 
   100 2.4 0.0 HG3 20 
   1979 4.42 0.0 HA 173 
   327 33.3 0.0 CG 38 
   428 62.8 0.0 CA 46 
   2001 7.5 0.0 HE21 175 
   1696 9.07 0.0 H 151 
   1780 7.94 0.0 H 158 
   1324 3.93 0.0 HA3 121 
   1007 6.63 0.0 HE2 92 
   1558 57.9 0.0 CA 139 
   1606 1.04 0.0 HB2 143 
   1811 2.55 0.0 HB3 160 
   1427 129.2 0.0 CZ 129 
   995 2.13 0.0 HG3 91 
   723 1.1 0.0 HG21 71 
   1566 1.98 0.0 HB2 140 
   919 34.2 0.0 CB 85 
   320 2.23 0.0 HB3 38 
   854 27.8 0.0 CG1 80 
   1228 25.1 0.0 CD1 110 
   748 9.32 0.0 HE1 73 
   316 116.1 0.0 N 37 
   537 8.89 0.0 H 55 
   1093 128.0 0.0 N 98 
   680 4.76 0.0 HA 67 
   1898 4.64 0.0 HA 167 
   1092 116.0 0.0 CE2 98 
   1148 2.07 0.0 HG2 104 
   923 121.7 0.0 N 85 
   873 131.6 0.0 N 82 
   447 120.8 0.0 N 47 
   1118 1.08 0.0 HG21 101 
   1307 1.79 0.0 HB3 119 
   234 27.1 0.0 CG 31 
   1736 0.88 0.0 HD11 154 
   481 3.32 0.0 HB3 50 
   1969 1.65 0.0 HD3 172 
   1243 8.33 0.0 H 113 
   1170 124.1 0.0 N 105 
   1418 6.99 0.0 HE1 129 
   730 7.61 0.0 H 72 
   963 129.6 0.0 CE2 88 
   1483 61.0 0.0 CA 133 
   394 120.6 0.0 N 43 
   1059 0.98 0.0 HG23 96 
   202 1.47 0.0 HB1 28 
   1329 1.25 0.0 HB2 122 
   1302 117.4 0.0 CE1 118 
   1626 1.11 0.0 HG 145 
   419 28.3 0.0 CB 45 
   1210 58.3 0.0 CA 109 
   1997 1.94 0.0 HB2 175 
   974 5.66 0.0 HA 90 
   1301 132.5 0.0 CD2 118 
   1380 26.3 0.0 CG 125 
   109 1.61 0.0 HG13 21 
   1202 27.1 0.0 CG 108 
   1781 3.54 0.0 HA 158 
   431 8.42 0.0 H 47 
   1448 1.99 0.0 HG2 131 
   216 1.05 0.0 HG2 30 
   752 6.46 0.0 HH2 73 
   215 1.42 0.0 HB3 30 
   342 8.86 0.0 H 40 
   948 122.6 0.0 N 87 
   69 64.5 0.0 CA 17 
   1426 129.8 0.0 CE2 129 
   1469 27.0 0.0 CG 132 
   1514 4.26 0.0 HA 136 
   1586 10.28 0.0 H 142 
   1473 8.49 0.0 H 133 
   1166 38.7 0.0 CB 105 
   1475 2.49 0.0 HB2 133 
   1267 20.7 0.0 CG2 114 
   1206 2.17 0.0 HB2 109 
   1012 131.3 0.0 CD2 92 
   979 1.02 0.0 HG22 90 
   56 30.2 0.0 CB 16 
   244 8.58 0.0 H 33 
   1974 24.7 0.0 CG 172 
   241 55.0 0.0 CA 32 
   1280 2.0 0.0 HB3 116 
   945 54.3 0.0 CA 87 
   1561 29.3 0.0 CD 139 
   1939 1.7 0.0 HB3 170 
   1178 128.8 0.0 N 106 
   1680 4.08 0.0 HA 150 
   1354 61.9 0.0 CA 123 
   1637 23.3 0.0 CD2 145 
   679 8.15 0.0 H 67 
   832 6.69 0.0 HE1 79 
   1437 2.99 0.0 HE2 130 
   901 0.64 0.0 HD23 84 
   648 1.86 0.0 HB3 64 
   1705 2.09 0.0 HG3 152 
   1357 17.0 0.0 CG2 123 
   1910 25.3 0.0 CG1 167 
   1883 7.79 0.0 H 166 
   1231 7.36 0.0 H 111 
   1322 8.15 0.0 H 121 
   1761 0.75 0.0 HG13 156 
   1274 52.6 0.0 CA 115 
   492 119.9 0.0 N 50 
   1285 2.4 0.0 HG3 117 
   483 7.26 0.0 HD2 50 
   359 7.57 0.0 H 41 
