   126 2.1 0.0 HG3 22 
   259 2.16 0.0 HB2 34 
   1265 58.4 0.0 CA 114 
   1987 2.77 0.0 HB2 174 
   384 119.4 0.0 N 42 
   1804 66.3 0.0 CA 159 
   1758 1.8 0.0 HB 156 
   1986 4.67 0.0 HA 174 
   1637 23.3 0.0 CD2 145 
   1819 1.91 0.0 HG 161 
   1730 127.7 0.0 NE1 153 
   1939 1.7 0.0 HB3 170 
   1657 8.89 0.0 H 148 
   780 4.93 0.0 HA2 75 
   464 118.5 0.0 N 48 
   395 8.83 0.0 H 44 
   1977 122.0 0.0 N 172 
   1420 6.93 0.0 HZ 129 
   1561 29.3 0.0 CD 139 
   312 66.4 0.0 CA 37 
   33 113.2 0.0 N 14 
   559 55.3 0.0 CA 56 
   394 120.6 0.0 N 43 
   1313 30.5 0.0 CB 119 
   1449 2.12 0.0 HG3 131 
   1926 112.3 0.0 NE2 168 
   1239 4.25 0.0 HA2 112 
   1872 56.9 0.0 CA 164 
   1838 0.81 0.0 HG22 162 
   743 8.77 0.0 H 73 
   1382 22.6 0.0 CD2 125 
   10 2.32 0.0 HG2 12 
   533 55.3 0.0 CA 54 
   1837 0.81 0.0 HG21 162 
   1909 40.7 0.0 CB 167 
   1843 65.1 0.0 CA 162 
   1041 4.62 0.0 HA 95 
   794 53.9 0.0 CA 76 
   1447 2.29 0.0 HB3 131 
   783 107.1 0.0 N 75 
   1538 1.22 0.0 HB2 138 
   1241 45.8 0.0 CA 112 
   1576 127.3 0.0 CD2 140 
   93 63.2 0.0 CB 19 
   1585 112.9 0.0 N 141 
   262 2.42 0.0 HG3 34 
   1204 9.68 0.0 H 109 
   224 8.5 0.0 H 31 
   1590 1.64 0.0 HG 142 
   1026 2.04 0.0 HB 94 
   754 30.6 0.0 CB 73 
   139 1.13 0.0 HG21 23 
   131 27.7 0.0 CG 22 
   1946 56.7 0.0 CA 170 
   639 7.37 0.0 HE 63 
   1519 53.4 0.0 CA 136 
   437 0.93 0.0 HD12 47 
   954 7.16 0.0 HD2 88 
   446 23.9 0.0 CD2 47 
   1398 56.8 0.0 CA 127 
   1603 9.24 0.0 H 143 
   1149 2.24 0.0 HG3 104 
   1654 55.8 0.0 CA 147 
   274 0.91 0.0 HD13 35 
   434 2.21 0.0 HB3 47 
   96 4.35 0.0 HA 20 
   589 4.4 0.0 HA 60 
   1808 6.55 0.0 H 160 
   1846 16.7 0.0 CG2 162 
   1147 1.85 0.0 HB3 104 
   1410 136.2 0.0 CE1 128 
   1932 57.3 0.0 CA 169 
   650 0.91 0.0 HD11 64 
   419 28.3 0.0 CB 45 
   608 122.4 0.0 CE3 61 
   125 2.1 0.0 HG2 22 
   656 54.3 0.0 CA 64 
   730 7.61 0.0 H 72 
   1403 3.23 0.0 HB2 128 
   1565 4.03 0.0 HA 140 
   696 1.69 0.0 HD3 68 
   31 68.6 0.0 CB 14 
   1889 1.0 0.0 HG21 166 
   472 3.42 0.0 HD3 49 
   951 2.71 0.0 HB2 88 
   596 4.27 0.0 HA 61 
   355 26.0 0.0 CG 40 
   367 2.96 0.0 HE2 41 
   1180 4.9 0.0 HA 107 
   349 0.84 0.0 HD13 40 
   601 7.9 0.0 HE3 61 
   1845 29.2 0.0 CG1 162 
   1115 7.25 0.0 H 101 
   1850 4.04 0.0 HA 163 
   1174 1.34 0.0 HB2 106 
   1529 1.08 0.0 HG21 137 
   1937 4.24 0.0 HA 170 
   1482 7.06 0.0 HH2 133 
   1761 0.75 0.0 HG13 156 
   1896 115.2 0.0 N 166 
   553 8.2 0.0 H 56 
   1473 8.49 0.0 H 133 
   904 25.9 0.0 CG 84 
   240 3.09 0.0 HB3 32 
   831 6.96 0.0 HD2 79 
   1847 14.9 0.0 CD1 162 
   1368 4.45 0.0 HA 125 
   1348 -0.36 0.0 HG21 123 
   1865 2.04 0.0 HB3 164 
   457 0.92 0.0 HD12 48 
   1727 119.6 0.0 CZ3 153 
   235 43.1 0.0 CD 31 
   1940 1.38 0.0 HG2 170 
   203 1.47 0.0 HB2 28 
   228 1.58 0.0 HG2 31 
   179 116.8 0.0 N 25 
   409 118.4 0.0 N 44 
   653 0.91 0.0 HD21 64 
   770 6.92 0.0 HZ 74 
   147 9.12 0.0 H 24 
   1076 67.7 0.0 CB 97 
   718 46.2 0.0 CA 70 
   932 57.5 0.0 CA 86 
   532 7.24 0.0 HD22 54 
   1964 1.72 0.0 HB2 172 
   1326 107.3 0.0 N 121 
   908 8.45 0.0 H 85 
   526 110.8 0.0 ND2 53 
   636 1.74 0.0 HG3 63 
   1339 25.6 0.0 CG 122 
   620 5.55 0.0 HE1 62 
   344 0.97 0.0 HB2 40 
   1531 1.08 0.0 HG23 137 
   319 2.23 0.0 HB2 38 
   433 1.79 0.0 HB2 47 
   339 29.8 0.0 CB 39 
   478 8.25 0.0 H 50 
   294 58.7 0.0 CA 36 
   1172 5.09 0.0 HA 106 
   1193 4.13 0.0 HA 108 
   1143 49.2 0.0 CD 103 
   1497 54.7 0.0 CA 134 
   496 0.78 0.0 HG11 51 
   1941 1.38 0.0 HG3 170 
   1014 129.9 0.0 CE2 92 
   1399 40.2 0.0 CB 127 
   1829 26.1 0.0 CD1 161 
   97 1.96 0.0 HB2 20 
   1963 4.4 0.0 HA 172 
   1304 8.4 0.0 H 119 
   1844 38.3 0.0 CB 162 
   1448 1.99 0.0 HG2 131 
   78 0.94 0.0 HG12 18 
   1512 113.5 0.0 N 135 
   1916 1.92 0.0 HB2 168 
   1402 4.57 0.0 HA 128 
   1302 117.4 0.0 CE1 118 
   547 60.5 0.0 CA 55 
   426 3.98 0.0 HB3 46 
   525 119.5 0.0 N 53 
   576 39.1 0.0 CB 58 
   1484 27.6 0.0 CB 133 
   1772 0.27 0.0 HB2 157 
   733 1.73 0.0 HB3 72 
   54 3.21 0.0 HD3 16 
   221 31.7 0.0 CB 30 
   163 126.3 0.0 N 24 
   1813 41.7 0.0 CB 160 
   1384 8.22 0.0 H 126 
   1751 1.43 0.0 HB2 155 
   1935 122.1 0.0 N 169 
   254 27.3 0.0 CG 33 
   505 21.0 0.0 CG2 51 
   1607 1.04 0.0 HB3 143 
   1474 3.57 0.0 HA 133 
   324 8.08 0.0 HE22 38 
   1749 3.86 0.0 HA 155 
   742 123.7 0.0 N 72 
   1132 126.2 0.0 N 102 
   1626 1.11 0.0 HG 145 
   1378 54.2 0.0 CA 125 
   150 1.88 0.0 HB3 24 
   877 2.1 0.0 HB3 83 
   1670 27.0 0.0 CG 148 
   552 122.1 0.0 N 55 
   1556 2.87 0.0 HE2 139 
   1564 6.28 0.0 H 140 
   1294 7.0 0.0 HD1 118 
   1471 26.2 0.0 CD2 132 
   1883 7.79 0.0 H 166 
   1428 121.3 0.0 N 129 
   1121 59.6 0.0 CA 101 
   1223 0.68 0.0 HD22 110 
   1167 27.6 0.0 CG1 105 
   1728 122.7 0.0 CH2 153 
   630 115.3 0.0 N 62 
   44 27.3 0.0 CG 15 
   67 1.1 0.0 HG22 17 
   978 1.02 0.0 HG21 90 
   840 121.1 0.0 N 79 
   1186 0.93 0.0 HG22 107 
   870 2.87 0.0 HB3 82 
   518 4.48 0.0 HA 53 
   1884 4.04 0.0 HA 166 
   1649 8.35 0.0 H 147 
   1502 1.71 0.0 HB2 135 
   1008 6.45 0.0 HZ 92 
   1780 7.94 0.0 H 158 
   329 113.9 0.0 NE2 38 
   1439 62.3 0.0 CA 130 
   1071 4.67 0.0 HB 97 
   795 38.2 0.0 CB 76 
   289 9.86 0.0 HE1 36 
   1602 125.0 0.0 N 142 
   1876 41.8 0.0 CE 164 
   3 2.76 0.0 HB3 11 
   781 4.31 0.0 HA3 75 
   1842 0.01 0.0 HD13 162 
   1019 2.51 0.0 HB2 93 
   962 129.6 0.0 CE1 88 
   382 29.2 0.0 CB 42 
   110 0.18 0.0 HG21 21 
   368 2.96 0.0 HE3 41 
   370 32.0 0.0 CB 41 
   1181 1.96 0.0 HB 107 
   284 8.01 0.0 H 36 
   17 4.21 0.0 HA 13 
   1418 6.99 0.0 HE1 129 
   15 122.1 0.0 N 12 
   1391 69.5 0.0 CB 126 
   449 3.79 0.0 HA 48 
   1027 1.78 0.0 HG12 94 
   1233 2.6 0.0 HB2 111 
   227 2.02 0.0 HB3 31 
   1697 3.12 0.0 HA2 151 
   1919 2.35 0.0 HG3 168 
   1231 7.36 0.0 H 111 
   1503 1.86 0.0 HB3 135 
   37 1.87 0.0 HB3 15 
   597 2.65 0.0 HB2 61 
   1934 120.5 0.0 CD2 169 
   776 130.0 0.0 CE2 74 
   85 21.7 0.0 CG1 18 
   503 31.5 0.0 CB 51 
   1523 6.64 0.0 H 137 
   416 7.61 0.0 HE21 45 
   1217 1.6 0.0 HB3 110 
   1429 8.59 0.0 H 130 
   1852 2.24 0.0 HB3 163 
   1809 4.33 0.0 HA 160 
   1373 0.13 0.0 HD12 125 
   964 128.3 0.0 CZ 88 
   1818 1.9 0.0 HB3 161 
   697 3.0 0.0 HE2 68 
   710 2.54 0.0 HG3 69 
   1569 6.2 0.0 HD2 140 
   719 107.1 0.0 N 70 
   1024 8.43 0.0 H 94 
   1055 1.32 0.0 HG12 96 
   841 8.07 0.0 H 80 
   618 5.47 0.0 HD1 62 
   551 41.8 0.0 CE 55 
   138 0.96 0.0 HG13 23 
   1427 129.2 0.0 CZ 129 
   722 4.57 0.0 HB 71 
   398 3.25 0.0 HB3 44 
   1619 115.6 0.0 CD2 144 
   1354 61.9 0.0 CA 123 
   484 6.97 0.0 HE1 50 
   593 40.5 0.0 CB 60 
   1160 0.67 0.0 HG22 105 
   701 24.4 0.0 CG 68 
   769 7.0 0.0 HE2 74 
   1885 2.17 0.0 HB 166 
   448 8.86 0.0 H 48 
   43 30.1 0.0 CB 15 
   1796 115.7 0.0 N 158 
   165 4.41 0.0 HA 25 
   1288 1.89 0.0 HE3 117 
   16 8.44 0.0 H 13 
   1686 0.87 0.0 HD13 150 
   514 29.2 0.0 CB 52 
   1782 1.56 0.0 HB 158 
   847 0.64 0.0 HG22 80 
   726 61.7 0.0 CA 71 
   1177 21.6 0.0 CB 106 
   852 59.6 0.0 CA 80 
   588 8.49 0.0 H 60 
   1570 6.77 0.0 HE1 140 
   1769 113.1 0.0 N 156 
   1069 7.01 0.0 H 97 
   885 57.1 0.0 CA 83 
   1980 2.81 0.0 HB2 173 
   499 0.8 0.0 HG21 51 
   821 114.1 0.0 CZ2 78 
   400 7.33 0.0 HD2 44 
   212 107.0 0.0 N 29 
   458 0.92 0.0 HD13 48 
   1247 1.3 0.0 HG2 113 
   992 2.07 0.0 HB2 91 
   151 1.7 0.0 HG 24 
   1036 36.4 0.0 CB 94 
   282 25.2 0.0 CD2 35 
   716 4.53 0.0 HA2 70 
   1718 7.08 0.0 HE3 153 
   1226 42.1 0.0 CB 110 
   1886 1.0 0.0 HG11 166 
   859 4.82 0.0 HA 81 
   22 18.5 0.0 CB 13 
   1430 3.99 0.0 HA 130 
   1450 3.64 0.0 HD2 131 
   664 1.55 0.0 HB2 65 
   1891 1.0 0.0 HG23 166 
   631 8.75 0.0 H 63 
   155 1.18 0.0 HD21 24 
   369 60.1 0.0 CA 41 
   1567 2.06 0.0 HB3 140 
   921 29.2 0.0 CD 85 
   1075 60.5 0.0 CA 97 
   1031 0.7 0.0 HG23 94 
   1690 57.9 0.0 CA 150 
   918 56.1 0.0 CA 85 
   467 1.95 0.0 HB2 49 
   1668 54.5 0.0 CA 148 
   127 3.72 0.0 HD2 22 
   1007 6.63 0.0 HE2 92 
   1800 1.71 0.0 HG2 159 
   1752 1.43 0.0 HB3 155 
   1409 120.2 0.0 CD2 128 
   753 55.4 0.0 CA 73 
   1081 2.76 0.0 HB2 98 
   492 119.9 0.0 N 50 
   1658 4.51 0.0 HA 148 
   56 30.2 0.0 CB 16 
   878 1.45 0.0 HG 83 
   557 7.04 0.0 HD21 56 
   337 2.71 0.0 HD3 39 
   141 1.13 0.0 HG23 23 
   1020 2.67 0.0 HB3 93 
   350 0.86 0.0 HD21 40 
   1116 4.28 0.0 HA 101 
   1948 24.8 0.0 CG 170 
   1168 17.5 0.0 CG2 105 
   629 131.9 0.0 CZ 62 
   250 3.34 0.0 HD2 33 
   152 1.0 0.0 HD11 24 
   736 3.09 0.0 HD2 72 
   759 123.7 0.0 CH2 73 
   36 1.87 0.0 HB2 15 
   1104 49.5 0.0 CD 99 
   190 9.34 0.0 H 27 
   534 36.9 0.0 CB 54 
   1003 3.68 0.0 HB3 92 
   895 1.54 0.0 HG 84 
   891 7.9 0.0 H 84 
   1187 0.93 0.0 HG23 107 
   1682 2.33 0.0 HB3 150 
   721 4.41 0.0 HA 71 
   980 1.02 0.0 HG23 90 
   1165 62.8 0.0 CA 105 
   1853 2.49 0.0 HG2 163 
   1118 1.08 0.0 HG21 101 
   1298 53.1 0.0 CA 118 
   2006 120.6 0.0 N 175 
   194 6.5 0.0 HD21 27 
   1893 32.2 0.0 CB 166 
   1952 8.55 0.0 H 171 
   1276 128.2 0.0 N 115 
   1032 0.45 0.0 HD11 94 
   760 125.1 0.0 N 73 
   1112 67.9 0.0 CB 100 
   828 3.01 0.0 HB2 79 
   1493 4.17 0.0 HA 134 
   935 132.9 0.0 CD2 86 
   1551 1.6 0.0 HB3 139 
   1131 15.4 0.0 CB 102 
   380 2.69 0.0 HG3 42 
   432 4.23 0.0 HA 47 
   1959 31.0 0.0 CB 171 
   579 5.05 0.0 HA 59 
   1661 1.64 0.0 HG 148 
   1452 65.5 0.0 CA 131 
   600 9.85 0.0 HE1 61 
   1848 120.1 0.0 N 162 
   198 128.7 0.0 N 27 
   927 3.29 0.0 HB3 86 
   1061 0.87 0.0 HD12 96 
   1485 126.6 0.0 CD1 133 
   843 1.63 0.0 HB 80 
   362 2.06 0.0 HB3 41 
   1126 3.87 0.0 HA 102 
   1357 17.0 0.0 CG2 123 
   981 0.71 0.0 HD11 90 
   1283 119.1 0.0 N 116 
   1961 119.4 0.0 N 171 
   1887 1.0 0.0 HG12 166 
   1344 3.77 0.0 HA 123 
   1547 48.1 0.0 CD 138 
   410 8.21 0.0 H 45 
   699 59.8 0.0 CA 68 
   463 13.2 0.0 CD1 48 
   1150 54.1 0.0 CA 104 
   886 39.8 0.0 CB 83 
   1994 112.7 0.0 ND2 174 
   345 1.42 0.0 HB3 40 
   1337 55.1 0.0 CA 122 
   1743 42.6 0.0 CB 154 
   511 2.31 0.0 HG2 52 
   771 54.9 0.0 CA 74 
   100 2.4 0.0 HG3 20 
   1127 0.01 0.0 HB1 102 
   1671 26.1 0.0 CD1 148 
   498 0.78 0.0 HG13 51 
   519 3.0 0.0 HB2 53 
   948 122.6 0.0 N 87 
   1176 50.2 0.0 CA 106 
   1090 133.8 0.0 CD2 98 
   77 0.94 0.0 HG11 18 
   1892 63.3 0.0 CA 166 
   688 110.7 0.0 ND2 67 
   1056 1.48 0.0 HG13 96 
   1426 129.8 0.0 CE2 129 
   418 59.3 0.0 CA 45 
   1902 0.95 0.0 HG21 167 
   84 31.9 0.0 CB 18 
   1064 37.7 0.0 CB 96 
   999 117.4 0.0 N 91 
   1910 25.3 0.0 CG1 167 
   252 58.8 0.0 CA 33 
   959 42.6 0.0 CB 88 
   1010 40.4 0.0 CB 92 
   1282 29.0 0.0 CB 116 
   1574 36.4 0.0 CB 140 
   1504 1.59 0.0 HG2 135 
   1708 64.6 0.0 CA 152 
   684 6.71 0.0 HD22 67 
   1376 0.33 0.0 HD22 125 
   617 2.5 0.0 HB3 62 
   425 3.98 0.0 HB2 46 
   1832 8.16 0.0 H 162 
   296 127.0 0.0 CD1 36 
   219 3.47 0.0 HD3 30 
   1655 20.6 0.0 CB 147 
   798 42.2 0.0 CE 76 
   479 4.78 0.0 HA 50 
   810 3.29 0.0 HB3 78 
   243 119.3 0.0 N 32 
   546 2.84 0.0 HE3 55 
   548 32.2 0.0 CB 55 
   58 43.2 0.0 CD 16 
   383 35.5 0.0 CG 42 
   991 5.29 0.0 HA 91 
   1582 5.14 0.0 HA2 141 
   1342 118.4 0.0 N 122 
   1775 1.28 0.0 HG3 157 
   396 4.5 0.0 HA 44 
   952 3.07 0.0 HB3 88 
   263 59.6 0.0 CA 34 
   1798 1.66 0.0 HB2 159 
   1191 22.2 0.0 CG2 107 
   1306 1.79 0.0 HB2 119 
   577 116.9 0.0 N 58 
   375 7.68 0.0 H 42 
   153 1.0 0.0 HD12 24 
   1777 29.2 0.0 CB 157 
   1201 32.3 0.0 CB 108 
   787 1.49 0.0 HB3 76 
   167 1.76 0.0 HB3 25 
   1583 4.14 0.0 HA3 141 
   83 64.2 0.0 CA 18 
   30 64.2 0.0 CA 14 
   477 119.0 0.0 N 49 
   18 1.47 0.0 HB1 13 
   504 23.6 0.0 CG1 51 
   1517 6.92 0.0 HD21 136 
   320 2.23 0.0 HB3 38 
   527 8.75 0.0 H 54 
   1161 0.67 0.0 HG23 105 
   799 121.3 0.0 N 76 
   1358 13.5 0.0 CD1 123 
   1584 44.0 0.0 CA 141 
   1660 2.08 0.0 HB3 148 
   574 3.11 0.0 HB3 58 
   1216 1.6 0.0 HB2 110 
   1618 29.7 0.0 CB 144 
   613 127.8 0.0 NE1 61 
   489 131.7 0.0 CD2 50 
   1979 4.42 0.0 HA 173 
   471 3.37 0.0 HD2 49 
   1998 2.08 0.0 HB3 175 
   626 132.0 0.0 CD2 62 
   1212 36.8 0.0 CG 109 
   1359 117.1 0.0 N 123 
   412 2.23 0.0 HB2 45 
   1221 0.5 0.0 HD13 110 
   854 27.8 0.0 CG1 80 
   590 2.19 0.0 HB2 60 
   465 7.64 0.0 H 49 
   1015 127.8 0.0 CZ 92 
   191 4.6 0.0 HA 27 
   1955 2.09 0.0 HB3 171 
   462 17.0 0.0 CG2 48 
   1363 2.78 0.0 HB3 124 
   1498 18.5 0.0 CB 134 
   1586 10.28 0.0 H 142 
   610 120.2 0.0 CZ3 61 
   461 29.8 0.0 CG1 48 
   1210 58.3 0.0 CA 109 
   965 121.3 0.0 N 88 
   1812 57.2 0.0 CA 160 
   1437 2.99 0.0 HE2 130 
   99 2.21 0.0 HG2 20 
   305 2.2 0.0 HB 37 
   70 32.2 0.0 CB 17 
   210 4.82 0.0 HA3 29 
   861 3.25 0.0 HB3 81 
   63 1.01 0.0 HG11 17 
   268 4.34 0.0 HA 35 
   1799 2.07 0.0 HB3 159 
   1923 31.6 0.0 CB 168 
   1260 4.63 0.0 HA 114 
   187 68.1 0.0 CB 26 
   833 6.69 0.0 HE2 79 
   1481 7.04 0.0 HZ3 133 
   1006 6.63 0.0 HE1 92 
   1960 36.0 0.0 CG 171 
   1905 0.85 0.0 HD11 167 
   868 4.02 0.0 HA 82 
   1345 0.37 0.0 HB 123 
   226 1.82 0.0 HB2 31 
   420 34.2 0.0 CG 45 
   929 7.33 0.0 HD2 86 
   1397 2.68 0.0 HB3 127 
   41 3.21 0.0 HD3 15 
   1710 28.3 0.0 CG 152 
   6 8.75 0.0 H 12 
   1548 8.76 0.0 H 139 
   581 2.76 0.0 HB3 59 
   1153 119.5 0.0 N 104 
   966 8.46 0.0 H 89 
   1240 3.79 0.0 HA3 112 
   685 51.6 0.0 CA 67 
   1801 2.05 0.0 HG3 159 
   1981 2.88 0.0 HB3 173 
   285 4.72 0.0 HA 36 
   1243 8.33 0.0 H 113 
   1953 4.39 0.0 HA 171 
   1385 4.28 0.0 HA 126 
   1630 0.45 0.0 HD21 145 
   1230 116.5 0.0 N 110 
   451 1.26 0.0 HG12 48 
   990 8.61 0.0 H 91 
   1492 8.33 0.0 H 134 
   373 42.2 0.0 CE 41 
   822 120.5 0.0 CZ3 78 
   758 120.1 0.0 CZ3 73 
   1343 7.91 0.0 H 123 
   1855 7.42 0.0 HE21 163 
   1470 23.5 0.0 CD1 132 
   1679 7.83 0.0 H 150 
   1672 22.7 0.0 CD2 148 
   1578 129.7 0.0 CE2 140 
   1614 3.34 0.0 HB3 144 
   316 116.1 0.0 N 37 
   873 131.6 0.0 N 82 
   1653 1.22 0.0 HB3 147 
   1146 1.71 0.0 HB2 104 
   872 39.0 0.0 CB 82 
   365 1.74 0.0 HD2 41 
   277 1.01 0.0 HD23 35 
   1310 3.21 0.0 HD2 119 
   169 1.29 0.0 HG3 25 
   1369 1.43 0.0 HB2 125 
   871 55.4 0.0 CA 82 
   1895 21.8 0.0 CG2 166 
   1974 24.7 0.0 CG 172 
   660 24.2 0.0 CD2 64 
   1088 42.0 0.0 CB 98 
   1284 2.3 0.0 HG2 117 
   1159 0.67 0.0 HG21 105 
   807 9.24 0.0 H 78 
   657 48.2 0.0 CB 64 
   797 29.6 0.0 CD 76 
   1367 8.42 0.0 H 125 
   1269 8.73 0.0 H 115 
   1218 1.35 0.0 HG 110 
   1515 0.92 0.0 HB2 136 
   562 112.3 0.0 ND2 56 
   1707 3.6 0.0 HD3 152 
   662 8.9 0.0 H 65 
   1990 6.91 0.0 HD22 174 
   640 54.8 0.0 CA 63 
   637 3.25 0.0 HD2 63 
   1394 8.77 0.0 H 127 
   995 2.13 0.0 HG3 91 
   1085 6.93 0.0 HE1 98 
   839 117.3 0.0 CE2 79 
   1475 2.49 0.0 HB2 133 
   160 31.1 0.0 CG 24 
   1279 2.0 0.0 HB2 116 
   1319 3.69 0.0 HA3 120 
   566 1.5 0.0 HB2 57 
   431 8.42 0.0 H 47 
   19 1.47 0.0 HB2 13 
   1389 1.41 0.0 HG23 126 
   1712 7.2 0.0 H 153 
   1405 7.06 0.0 HD2 128 
   1068 118.2 0.0 N 96 
   750 7.02 0.0 HZ2 73 
   148 4.56 0.0 HA 24 
   1951 123.6 0.0 N 170 
   1631 0.45 0.0 HD22 145 
   530 3.06 0.0 HB3 54 
   790 1.55 0.0 HD2 76 
   1045 1.91 0.0 HG3 95 
   1628 -0.05 0.0 HD12 145 
   1647 32.2 0.0 CG 146 
   1421 62.4 0.0 CA 129 
   1487 113.9 0.0 CZ2 133 
   1667 0.92 0.0 HD23 148 
   744 4.72 0.0 HA 73 
   24 7.95 0.0 H 14 
   1412 7.96 0.0 H 129 
   62 2.21 0.0 HB 17 
   867 9.03 0.0 H 82 
   1507 3.11 0.0 HD3 135 
   1973 32.8 0.0 CB 172 
   1882 108.0 0.0 N 165 
   1904 0.95 0.0 HG23 167 
   232 56.1 0.0 CA 31 
   1340 28.9 0.0 CD 122 
   1012 131.3 0.0 CD2 92 
   325 58.3 0.0 CA 38 
   2005 33.7 0.0 CG 175 
   529 3.06 0.0 HB2 54 
   1297 6.74 0.0 HE2 118 
   1425 129.8 0.0 CE1 129 
   865 119.9 0.0 CD2 81 
   1747 118.8 0.0 N 154 
   1976 41.8 0.0 CE 172 
   195 7.45 0.0 HD22 27 
   1154 8.55 0.0 H 105 
   60 7.9 0.0 H 17 
   779 8.54 0.0 H 75 
   135 2.37 0.0 HB 23 
   641 33.8 0.0 CB 63 
   1413 4.07 0.0 HA 129 
   1465 1.04 0.0 HD22 132 
   1361 4.44 0.0 HA 124 
   763 5.33 0.0 HA 74 
   1464 1.04 0.0 HD21 132 
   213 2.52 0.0 HA 30 
   713 37.3 0.0 CG 69 
   1271 1.43 0.0 HB1 115 
   768 7.0 0.0 HE1 74 
   298 114.2 0.0 CZ2 36 
   1156 1.26 0.0 HB 105 
   1198 3.48 0.0 HD2 108 
   520 3.26 0.0 HB3 53 
   845 1.57 0.0 HG13 80 
   1608 55.6 0.0 CA 143 
   1124 114.3 0.0 N 101 
   1506 3.11 0.0 HD2 135 
   1537 4.86 0.0 HA 138 
   69 64.5 0.0 CA 17 
   1785 0.42 0.0 HG21 158 
   239 3.17 0.0 HB2 32 
   607 128.3 0.0 CD1 61 
   197 36.8 0.0 CB 27 
   1542 3.23 0.0 HD2 138 
   1781 3.54 0.0 HA 158 
   1258 117.5 0.0 N 113 
   1098 1.77 0.0 HG3 99 
   68 1.1 0.0 HG23 17 
   675 2.44 0.0 HB3 66 
   476 42.2 0.0 CD 49 
   1200 66.4 0.0 CA 108 
   474 29.4 0.0 CB 49 
   1878 7.93 0.0 H 165 
   550 29.7 0.0 CD 55 
   1291 4.86 0.0 HA 118 
   5 40.9 0.0 CB 11 
   1557 2.91 0.0 HE3 139 
   202 1.47 0.0 HB1 28 
   1314 27.1 0.0 CG 119 
   1152 35.9 0.0 CG 104 
   261 2.42 0.0 HG2 34 
   185 1.25 0.0 HG23 26 
   1720 6.36 0.0 HZ3 153 
   271 1.77 0.0 HG 35 
   1757 3.87 0.0 HA 156 
   1119 1.08 0.0 HG22 101 
   385 8.98 0.0 H 43 
   1329 1.25 0.0 HB2 122 
   1593 -0.51 0.0 HD13 142 
   1950 41.8 0.0 CE 170 
   1719 7.16 0.0 HZ2 153 
   944 2.0 0.0 HG3 87 
   2003 56.0 0.0 CA 175 
   1171 8.88 0.0 H 106 
   1375 0.33 0.0 HD21 125 
   648 1.86 0.0 HB3 64 
   616 2.1 0.0 HB2 62 
   973 8.46 0.0 H 90 
   1468 41.9 0.0 CB 132 
   762 8.53 0.0 H 74 
   955 7.18 0.0 HE1 88 
   1164 0.43 0.0 HD13 105 
   1530 1.08 0.0 HG22 137 
   59 120.5 0.0 N 16 
   825 131.3 0.0 NE1 78 
   683 7.79 0.0 HD21 67 
   13 29.4 0.0 CB 12 
   628 133.7 0.0 CE2 62 
   917 2.37 0.0 HE3 85 
   686 37.3 0.0 CB 67 
   1488 123.0 0.0 CZ3 133 
   1203 49.8 0.0 CD 108 
   490 118.8 0.0 CE1 50 
   1907 0.85 0.0 HD13 167 
   1446 1.83 0.0 HB2 131 
   863 55.6 0.0 CA 81 
   1268 110.1 0.0 N 114 
   1983 27.8 0.0 CB 173 
   407 117.8 0.0 CE1 44 
   815 6.61 0.0 HZ3 78 
   897 0.41 0.0 HD12 84 
   1755 115.0 0.0 N 155 
   853 38.1 0.0 CB 80 
   604 7.04 0.0 HH2 61 
   1293 3.08 0.0 HB3 118 
   389 2.14 0.0 HG2 43 
   454 0.97 0.0 HG22 48 
   785 5.61 0.0 HA 76 
   361 2.06 0.0 HB2 41 
   343 3.56 0.0 HA 40 
   1508 57.0 0.0 CA 135 
   1431 1.96 0.0 HB2 130 
   1308 1.58 0.0 HG2 119 
   1924 33.7 0.0 CG 168 
   1901 1.3 0.0 HG13 167 
   1595 0.37 0.0 HD22 142 
   1246 1.82 0.0 HB3 113 
   438 0.93 0.0 HD13 47 
   270 1.81 0.0 HB3 35 
   145 22.0 0.0 CG2 23 
   1913 112.3 0.0 N 167 
   1059 0.98 0.0 HG23 96 
   1706 3.08 0.0 HD2 152 
   469 1.74 0.0 HG2 49 
   1634 42.1 0.0 CB 145 
   711 58.0 0.0 CA 69 
   647 1.83 0.0 HB2 64 
   264 28.8 0.0 CB 34 
   638 3.25 0.0 HD3 63 
   154 1.0 0.0 HD13 24 
   1900 0.81 0.0 HG12 167 
   1254 33.3 0.0 CB 113 
   1263 1.17 0.0 HG22 114 
   1135 2.45 0.0 HB3 103 
   1991 53.2 0.0 CA 174 
   1828 26.2 0.0 CG 161 
   561 118.9 0.0 N 56 
   120 13.1 0.0 CD1 21 
   1868 1.5 0.0 HD2 164 
   1002 2.77 0.0 HB2 92 
   655 0.91 0.0 HD23 64 
   805 32.7 0.0 CB 77 
   236 116.8 0.0 N 31 
   1540 1.25 0.0 HG2 138 
   564 4.51 0.0 HA 57 
   1489 123.1 0.0 CH2 133 
   1182 0.58 0.0 HG11 107 
   11 2.32 0.0 HG3 12 
   245 3.99 0.0 HA 33 
   1558 57.9 0.0 CA 139 
   1021 52.0 0.0 CA 93 
   1195 2.4 0.0 HB3 108 
   2000 2.31 0.0 HG3 175 
   21 54.2 0.0 CA 13 
   1323 3.93 0.0 HA2 121 
   536 104.6 0.0 ND2 54 
   802 2.94 0.0 HB2 77 
   82 1.01 0.0 HG23 18 
   1684 0.87 0.0 HD11 150 
   1890 1.0 0.0 HG22 166 
   1148 2.07 0.0 HG2 104 
   892 4.47 0.0 HA 84 
   1692 27.0 0.0 CG 150 
   1236 41.0 0.0 CB 111 
   88 8.07 0.0 H 19 
   1639 7.93 0.0 H 146 
   1070 4.43 0.0 HA 97 
   940 5.28 0.0 HA 87 
   1411 114.8 0.0 N 128 
   397 3.17 0.0 HB2 44 
   796 24.8 0.0 CG 76 
   1173 1.34 0.0 HB1 106 
   1335 2.91 0.0 HE2 122 
   333 2.31 0.0 HB3 39 
   189 121.3 0.0 N 26 
   1219 0.5 0.0 HD11 110 
   1107 4.44 0.0 HB 100 
   1632 0.45 0.0 HD23 145 
   1261 4.2 0.0 HB 114 
   1292 2.84 0.0 HB2 118 
   353 57.5 0.0 CA 40 
   979 1.02 0.0 HG22 90 
   1524 4.01 0.0 HA 137 
   1736 0.88 0.0 HD11 154 
   1559 32.6 0.0 CB 139 
   1715 3.56 0.0 HB3 153 
   671 122.0 0.0 N 65 
   901 0.64 0.0 HD23 84 
   611 123.3 0.0 CH2 61 
   1688 1.16 0.0 HD22 150 
   803 3.39 0.0 HB3 77 
   1666 0.92 0.0 HD22 148 
   1353 -0.19 0.0 HD13 123 
   143 32.8 0.0 CB 23 
   1079 7.67 0.0 H 98 
   1568 6.2 0.0 HD1 140 
   231 3.17 0.0 HD3 31 
   1422 39.5 0.0 CB 129 
   1110 1.25 0.0 HG23 100 
   1954 1.93 0.0 HB2 171 
   678 111.7 0.0 N 66 
   1723 29.6 0.0 CB 153 
   404 37.9 0.0 CB 44 
   1028 2.13 0.0 HG13 94 
   1993 121.0 0.0 N 174 
   1331 1.04 0.0 HG2 122 
   408 117.8 0.0 CE2 44 
   1877 115.9 0.0 N 164 
   695 1.69 0.0 HD2 68 
   1676 3.16 0.0 HA3 149 
   1920 6.76 0.0 HE21 168 
   694 1.46 0.0 HG3 68 
   1644 2.21 0.0 HG3 146 
   1400 122.0 0.0 N 127 
   1199 3.77 0.0 HD3 108 
   752 6.46 0.0 HH2 73 
   1333 1.6 0.0 HD2 122 
   1318 4.1 0.0 HA2 120 
   193 3.25 0.0 HB3 27 
   560 38.1 0.0 CB 56 
   1921 7.47 0.0 HE22 168 
   881 0.82 0.0 HD13 83 
   751 6.65 0.0 HZ3 73 
   1490 120.6 0.0 N 133 
   377 2.27 0.0 HB2 42 
   2002 6.84 0.0 HE22 175 
   1372 0.13 0.0 HD11 125 
   633 1.82 0.0 HB2 63 
   922 41.3 0.0 CE 85 
   177 29.2 0.0 CD 25 
   565 1.5 0.0 HB1 57 
   1137 1.47 0.0 HG3 103 
   1546 24.1 0.0 CG 138 
   170 1.6 0.0 HD2 25 
   1811 2.55 0.0 HB3 160 
   554 4.54 0.0 HA 56 
   1866 1.45 0.0 HG2 164 
   423 8.3 0.0 H 46 
   1440 29.7 0.0 CB 130 
   1208 2.43 0.0 HG2 109 
   888 25.2 0.0 CD1 83 
   972 122.9 0.0 N 89 
   1060 0.87 0.0 HD11 96 
   1580 113.4 0.0 N 140 
   578 8.55 0.0 H 59 
   1640 4.36 0.0 HA 146 
   1225 53.9 0.0 CA 110 
   114 -0.19 0.0 HD12 21 
   632 4.37 0.0 HA 63 
   998 35.4 0.0 CG 91 
   1044 1.84 0.0 HG2 95 
   132 50.7 0.0 CD 22 
   915 1.28 0.0 HD3 85 
   1729 118.4 0.0 N 153 
   1677 45.7 0.0 CA 149 
   1793 28.2 0.0 CG1 158 
   791 1.68 0.0 HD3 76 
   993 2.38 0.0 HB3 91 
   1917 2.09 0.0 HB3 168 
   792 2.95 0.0 HE2 76 
   1579 130.1 0.0 CZ 140 
   1321 113.5 0.0 N 120 
   517 8.47 0.0 H 53 
   255 43.1 0.0 CD 33 
   1315 42.9 0.0 CD 119 
   558 7.75 0.0 HD22 56 
   216 1.05 0.0 HG2 30 
   249 1.85 0.0 HG3 33 
   122 4.51 0.0 HA 22 
   1918 2.32 0.0 HG2 168 
   1494 1.5 0.0 HB1 134 
   1522 116.8 0.0 ND2 136 
   308 0.99 0.0 HG13 37 
   738 56.1 0.0 CA 72 
   594 120.0 0.0 N 60 
   12 58.2 0.0 CA 12 
   447 120.8 0.0 N 47 
   1274 52.6 0.0 CA 115 
   1859 33.7 0.0 CG 163 
   1691 42.2 0.0 CB 150 
   206 24.4 0.0 CB 28 
   1336 2.91 0.0 HE3 122 
   746 2.21 0.0 HB3 73 
   2001 7.5 0.0 HE21 175 
   512 2.42 0.0 HG3 52 
   183 1.25 0.0 HG21 26 
   336 2.71 0.0 HD2 39 
   1840 0.01 0.0 HD11 162 
   1577 129.7 0.0 CE1 140 
   1479 7.41 0.0 HE3 133 
   1109 1.25 0.0 HG22 100 
   1612 3.57 0.0 HA 144 
   1417 7.05 0.0 HD2 129 
   1049 32.4 0.0 CB 95 
   724 1.1 0.0 HG22 71 
   180 10.39 0.0 H 26 
   953 7.16 0.0 HD1 88 
   1066 18.1 0.0 CG2 96 
   712 29.6 0.0 CB 69 
   775 130.0 0.0 CE1 74 
   1575 127.3 0.0 CD1 140 
   1018 5.58 0.0 HA 93 
   1303 117.4 0.0 CE2 118 
   1401 7.93 0.0 H 128 
   989 113.7 0.0 N 90 
   1062 0.87 0.0 HD13 96 
   1138 2.95 0.0 HD2 103 
   793 2.95 0.0 HE3 76 
   306 0.99 0.0 HG11 37 
   405 131.7 0.0 CD1 44 
   107 1.29 0.0 HB 21 
   351 0.86 0.0 HD22 40 
   161 27.0 0.0 CD1 24 
   997 33.5 0.0 CB 91 
   1301 132.5 0.0 CD2 118 
   1822 0.66 0.0 HD13 161 
   175 35.9 0.0 CB 25 
   159 41.3 0.0 CB 24 
   1043 2.39 0.0 HB3 95 
   9 2.03 0.0 HB3 12 
   1762 0.93 0.0 HG21 156 
   1696 9.07 0.0 H 151 
   700 31.8 0.0 CB 68 
   1841 0.01 0.0 HD12 162 
   1778 34.2 0.0 CG 157 
   346 0.96 0.0 HG 40 
   417 6.94 0.0 HE22 45 
   372 29.5 0.0 CD 41 
   276 1.01 0.0 HD22 35 
   556 2.93 0.0 HB3 56 
   281 22.8 0.0 CD1 35 
   1406 8.19 0.0 HE1 128 
   230 3.17 0.0 HD2 31 
   1927 8.65 0.0 H 169 
   1985 8.55 0.0 H 174 
   74 8.12 0.0 H 18 
   723 1.1 0.0 HG21 71 
   670 36.3 0.0 CG 65 
   1514 4.26 0.0 HA 136 
   1609 18.0 0.0 CB 143 
   668 54.6 0.0 CA 65 
   1725 119.6 0.0 CE3 153 
   166 1.76 0.0 HB2 25 
   1095 1.45 0.0 HB2 99 
   1360 7.71 0.0 H 124 
   969 2.91 0.0 HB3 89 
   568 51.2 0.0 CA 57 
   501 0.8 0.0 HG23 51 
   734 1.5 0.0 HG2 72 
   923 121.7 0.0 N 85 
   1442 29.4 0.0 CD 130 
   46 121.6 0.0 N 15 
   784 8.54 0.0 H 76 
   811 7.03 0.0 HD1 78 
   778 117.0 0.0 N 74 
   947 37.4 0.0 CG 87 
   1277 8.32 0.0 H 116 
   672 7.8 0.0 H 66 
   808 6.21 0.0 HA 78 
   172 2.92 0.0 HE2 25 
   1739 1.14 0.0 HD21 154 
   1320 45.5 0.0 CA 120 
   1122 69.9 0.0 CB 101 
   1287 1.89 0.0 HE2 117 
   456 0.92 0.0 HD11 48 
   1875 29.2 0.0 CD 164 
   1594 0.37 0.0 HD21 142 
   32 22.0 0.0 CG2 14 
   105 7.66 0.0 H 21 
   777 129.4 0.0 CZ 74 
   899 0.64 0.0 HD21 84 
   975 1.75 0.0 HB 90 
   7 4.11 0.0 HA 12 
   328 118.6 0.0 N 38 
   136 0.96 0.0 HG11 23 
   1763 0.93 0.0 HG22 156 
   116 59.2 0.0 CA 21 
   1821 0.66 0.0 HD12 161 
   1854 2.49 0.0 HG3 163 
   108 0.36 0.0 HG12 21 
   391 58.5 0.0 CA 43 
   857 128.9 0.0 N 80 
   104 119.8 0.0 N 20 
   1864 1.76 0.0 HB2 164 
   996 55.2 0.0 CA 91 
   1111 67.1 0.0 CA 100 
   223 48.9 0.0 CD 30 
   117 39.1 0.0 CB 21 
   315 22.1 0.0 CG2 37 
   1001 4.95 0.0 HA 92 
   115 -0.19 0.0 HD13 21 
   411 4.15 0.0 HA 45 
   401 6.81 0.0 HE1 44 
   1433 1.42 0.0 HG2 130 
   387 2.22 0.0 HB2 43 
   838 117.3 0.0 CE1 79 
   140 1.13 0.0 HG22 23 
   692 1.89 0.0 HB3 68 
   1857 58.8 0.0 CA 163 
   493 8.77 0.0 H 51 
   1713 4.06 0.0 HA 153 
   1476 3.07 0.0 HB3 133 
   495 2.1 0.0 HB 51 
   1724 127.0 0.0 CD1 153 
   555 2.93 0.0 HB2 56 
   1371 1.35 0.0 HG 125 
   1380 26.3 0.0 CG 125 
   516 119.7 0.0 N 52 
   1588 0.74 0.0 HB2 142 
   1423 131.7 0.0 CD1 129 
   572 4.38 0.0 HA 58 
   146 116.5 0.0 N 23 
   1106 4.12 0.0 HA 100 
   335 1.47 0.0 HG3 39 
   157 1.18 0.0 HD23 24 
   1281 56.2 0.0 CA 116 
   1434 1.72 0.0 HG3 130 
   1862 7.88 0.0 H 164 
   237 8.17 0.0 H 32 
   580 2.37 0.0 HB2 59 
   1839 0.81 0.0 HG23 162 
   1407 57.1 0.0 CA 128 
   473 57.4 0.0 CA 49 
   455 0.97 0.0 HG23 48 
   340 26.9 0.0 CG 39 
   515 36.4 0.0 CG 52 
   49 1.9 0.0 HB2 16 
   988 14.6 0.0 CD1 90 
   1869 1.59 0.0 HD3 164 
   829 3.01 0.0 HB3 79 
   1929 2.59 0.0 HB2 169 
   273 0.91 0.0 HD12 35 
   1035 55.2 0.0 CA 94 
   1965 1.85 0.0 HB3 172 
   1058 0.98 0.0 HG22 96 
   663 4.51 0.0 HA 65 
   571 7.96 0.0 H 58 
   1620 136.3 0.0 CE1 144 
   1190 20.0 0.0 CG1 107 
   1341 41.8 0.0 CE 122 
   1803 3.0 0.0 HD3 159 
   184 1.25 0.0 HG22 26 
   1185 0.93 0.0 HG21 107 
   761 127.0 0.0 NE1 73 
   1370 1.68 0.0 HB3 125 
   326 28.0 0.0 CB 38 
   1392 21.7 0.0 CG2 126 
   222 27.2 0.0 CG 30 
   1501 4.14 0.0 HA 135 
   48 4.19 0.0 HA 16 
   1665 0.92 0.0 HD21 148 
   1128 0.01 0.0 HB2 102 
   64 1.01 0.0 HG12 17 
   1251 3.12 0.0 HE2 113 
   1453 30.7 0.0 CB 131 
   605 56.9 0.0 CA 61 
   1444 118.4 0.0 N 130 
   215 1.42 0.0 HB3 30 
   1573 51.9 0.0 CA 140 
   976 0.84 0.0 HG12 90 
   1202 27.1 0.0 CG 108 
   258 4.24 0.0 HA 34 
   587 110.7 0.0 ND2 59 
   1737 0.88 0.0 HD12 154 
   488 131.7 0.0 CD1 50 
   1830 22.9 0.0 CD2 161 
   748 9.32 0.0 HE1 73 
   654 0.91 0.0 HD22 64 
   102 30.1 0.0 CB 20 
   1458 1.61 0.0 HB2 132 
   669 34.1 0.0 CB 65 
   269 1.46 0.0 HB2 35 
   900 0.64 0.0 HD22 84 
   1350 -0.36 0.0 HG23 123 
   1928 4.05 0.0 HA 169 
   1606 1.04 0.0 HB2 143 
   658 27.3 0.0 CG 64 
   1673 110.9 0.0 N 148 
   1870 2.92 0.0 HE2 164 
   1600 23.0 0.0 CD1 142 
   75 3.81 0.0 HA 18 
   1414 3.1 0.0 HB2 129 
   673 4.75 0.0 HA 66 
   475 26.1 0.0 CG 49 
   960 131.7 0.0 CD1 88 
   1092 116.0 0.0 CE2 98 
   913 1.18 0.0 HG3 85 
   1674 7.41 0.0 H 149 
   1911 18.1 0.0 CG2 167 
   846 0.64 0.0 HG21 80 
   902 53.6 0.0 CA 84 
   1140 61.6 0.0 CA 103 
   220 63.2 0.0 CA 30 
   427 5.22 0.0 HG 46 
   1275 18.9 0.0 CB 115 
   1457 3.95 0.0 HA 132 
   1721 6.62 0.0 HH2 153 
   363 1.45 0.0 HG2 41 
   1209 2.43 0.0 HG3 109 
   1528 0.66 0.0 HG13 137 
   1467 57.9 0.0 CA 132 
   429 62.7 0.0 CB 46 
   73 119.6 0.0 N 17 
   1824 0.73 0.0 HD22 161 
   524 37.4 0.0 CB 53 
   1042 1.84 0.0 HB2 95 
   1248 1.36 0.0 HG3 113 
   440 0.98 0.0 HD22 47 
   926 2.88 0.0 HB2 86 
   1025 4.37 0.0 HA 94 
   1930 2.88 0.0 HB3 169 
   295 29.5 0.0 CB 36 
   674 0.91 0.0 HB2 66 
   1545 32.6 0.0 CB 138 
   739 32.8 0.0 CB 72 
   1744 26.8 0.0 CG 154 
   544 1.6 0.0 HD3 55 
   1451 3.77 0.0 HD3 131 
   313 31.3 0.0 CB 37 
   1349 -0.36 0.0 HG22 123 
   801 5.55 0.0 HA 77 
   487 38.5 0.0 CB 50 
   1232 4.44 0.0 HA 111 
   301 121.6 0.0 N 36 
   1601 22.0 0.0 CD2 142 
   717 3.53 0.0 HA3 70 
   1794 18.6 0.0 CG2 158 
   1807 49.4 0.0 CD 159 
   1214 7.93 0.0 H 110 
   1966 1.35 0.0 HG2 172 
   1616 7.71 0.0 HE1 144 
   248 1.72 0.0 HG2 33 
   101 56.0 0.0 CA 20 
   1322 8.15 0.0 H 121 
   452 1.86 0.0 HG13 48 
   614 6.81 0.0 H 62 
   677 66.8 0.0 CB 66 
   1480 7.26 0.0 HZ2 133 
   1589 1.6 0.0 HB3 142 
   540 1.91 0.0 HB3 55 
   192 2.32 0.0 HB2 27 
   1958 55.9 0.0 CA 171 
   1393 111.5 0.0 N 126 
   314 21.0 0.0 CG1 37 
   1220 0.5 0.0 HD12 110 
   47 8.18 0.0 H 16 
   1097 1.5 0.0 HG2 99 
   1469 27.0 0.0 CG 132 
   1206 2.17 0.0 HB2 109 
   1462 0.93 0.0 HD12 132 
   623 57.0 0.0 CA 62 
   1835 0.32 0.0 HG12 162 
   862 7.19 0.0 HD2 81 
   827 4.84 0.0 HA 79 
   1316 120.9 0.0 N 119 
   1982 58.6 0.0 CA 173 
   1750 1.43 0.0 HB1 155 
   1521 116.3 0.0 N 136 
   1805 30.6 0.0 CB 159 
   14 35.9 0.0 CG 12 
   1788 0.18 0.0 HD11 158 
   87 118.3 0.0 N 18 
   1235 56.4 0.0 CA 111 
   879 0.82 0.0 HD11 83 
   406 131.7 0.0 CD2 44 
   592 54.1 0.0 CA 60 
   956 7.18 0.0 HE2 88 
   729 107.9 0.0 N 71 
   1355 37.5 0.0 CB 123 
   1052 8.69 0.0 H 96 
   1933 30.1 0.0 CB 169 
   727 69.3 0.0 CB 71 
   977 1.29 0.0 HG13 90 
   399 7.33 0.0 HD1 44 
   1113 21.6 0.0 CG2 100 
   1513 7.18 0.0 H 136 
   199 107.7 0.0 ND2 27 
   1455 50.3 0.0 CD 131 
   1732 3.58 0.0 HA 154 
   211 44.9 0.0 CA 29 
   735 1.63 0.0 HG3 72 
   1957 2.2 0.0 HG3 171 
   1722 62.3 0.0 CA 153 
   1377 0.33 0.0 HD23 125 
   1622 8.62 0.0 H 145 
   1995 8.36 0.0 H 175 
   1698 3.72 0.0 HA3 151 
   898 0.41 0.0 HD13 84 
   171 1.6 0.0 HD3 25 
   1770 7.92 0.0 H 157 
   386 4.33 0.0 HA 43 
   1222 0.68 0.0 HD21 110 
   1566 1.98 0.0 HB2 140 
   1711 51.4 0.0 CD 152 
   1509 30.1 0.0 CB 135 
   1356 24.8 0.0 CG1 123 
   1472 119.9 0.0 N 132 
   95 7.79 0.0 H 20 
   1096 2.2 0.0 HB3 99 
   1285 2.4 0.0 HG3 117 
   667 2.03 0.0 HG3 65 
   817 56.7 0.0 CA 78 
   1881 45.6 0.0 CA 165 
   89 4.33 0.0 HA 19 
   679 8.15 0.0 H 67 
   1296 6.74 0.0 HE1 118 
   414 2.54 0.0 HG2 45 
   676 55.8 0.0 CA 66 
   1610 120.1 0.0 N 143 
   531 4.55 0.0 HD21 54 
   893 0.6 0.0 HB2 84 
   106 4.14 0.0 HA 21 
   1836 1.33 0.0 HG13 162 
   812 10.66 0.0 HE1 78 
   1100 3.8 0.0 HD3 99 
   1500 7.5 0.0 H 135 
   1486 120.1 0.0 CE3 133 
   836 131.9 0.0 CD1 79 
   1456 6.93 0.0 H 132 
   1745 23.0 0.0 CD1 154 
   1984 120.4 0.0 N 173 
   217 1.44 0.0 HG3 30 
   1894 21.8 0.0 CG1 166 
   29 1.24 0.0 HG23 14 
   494 3.25 0.0 HA 51 
   439 0.98 0.0 HD21 47 
   390 2.75 0.0 HG3 43 
   1858 27.9 0.0 CB 163 
   1234 2.72 0.0 HB3 111 
   894 1.93 0.0 HB3 84 
   1280 2.0 0.0 HB3 116 
   1499 117.9 0.0 N 134 
   34 8.07 0.0 H 15 
   1022 43.0 0.0 CB 93 
   732 1.63 0.0 HB2 72 
   1424 131.7 0.0 CD2 129 
   25 4.07 0.0 HA 14 
   1699 49.3 0.0 CA 151 
   444 27.4 0.0 CG 47 
   949 9.09 0.0 H 88 
   1943 1.6 0.0 HD3 170 
   583 7.7 0.0 HD22 59 
   681 3.07 0.0 HB2 67 
   1554 1.56 0.0 HD2 139 
   1091 118.2 0.0 CE1 98 
   1936 8.48 0.0 H 170 
   818 32.6 0.0 CB 78 
   1145 4.26 0.0 HA 104 
   1675 4.05 0.0 HA2 149 
   896 0.41 0.0 HD11 84 
   42 58.2 0.0 CA 15 
   79 0.94 0.0 HG13 18 
   1879 3.97 0.0 HA2 165 
   1604 3.75 0.0 HA 143 
   1942 1.6 0.0 HD2 170 
   1931 7.31 0.0 HD2 169 
   286 3.29 0.0 HB2 36 
   176 24.6 0.0 CG 25 
   2007 112.3 0.0 NE2 175 
   757 113.1 0.0 CZ2 73 
   1166 38.7 0.0 CB 105 
   707 2.1 0.0 HB2 69 
   1259 7.31 0.0 H 114 
   709 2.34 0.0 HG2 69 
   1664 0.8 0.0 HD13 148 
   1030 0.7 0.0 HG22 94 
   642 26.9 0.0 CG 63 
   985 42.8 0.0 CB 90 
   609 113.7 0.0 CZ2 61 
   113 -0.19 0.0 HD11 21 
   201 4.74 0.0 HA 28 
   971 41.3 0.0 CB 89 
   1194 2.03 0.0 HB2 108 
   342 8.86 0.0 H 40 
   40 3.21 0.0 HD2 15 
   334 1.47 0.0 HG2 39 
   256 121.0 0.0 N 33 
   1596 0.37 0.0 HD23 142 
   435 1.91 0.0 HG 47 
   1227 26.9 0.0 CG 110 
   1776 57.3 0.0 CA 157 
   1352 -0.19 0.0 HD12 123 
   205 51.9 0.0 CA 28 
   1454 27.9 0.0 CG 131 
   1290 18.0 0.0 CE 117 
   1242 115.0 0.0 N 112 
   1873 34.1 0.0 CB 164 
   188 22.0 0.0 CG2 26 
   1906 0.85 0.0 HD12 167 
   1949 29.2 0.0 CD 170 
   1860 121.6 0.0 N 163 
   1759 0.75 0.0 HG11 156 
   1683 1.88 0.0 HG 150 
   309 1.13 0.0 HG21 37 
   832 6.69 0.0 HE1 79 
   1379 41.7 0.0 CB 125 
   844 0.96 0.0 HG12 80 
   123 1.93 0.0 HB2 22 
   55 57.8 0.0 CA 16 
   704 123.1 0.0 N 68 
   983 0.71 0.0 HD13 90 
   569 19.0 0.0 CB 57 
   1791 63.4 0.0 CA 158 
   134 4.44 0.0 HA 23 
   129 63.3 0.0 CA 22 
   208 8.82 0.0 H 29 
   1543 3.45 0.0 HD3 138 
   300 122.2 0.0 CH2 36 
   27 1.24 0.0 HG21 14 
   1903 0.95 0.0 HG22 167 
   646 5.07 0.0 HA 64 
   1311 3.21 0.0 HD3 119 
   702 28.9 0.0 CD 68 
   1017 8.57 0.0 H 93 
   251 3.34 0.0 HD3 33 
   619 5.47 0.0 HD2 62 
   1347 0.7 0.0 HG13 123 
   1669 43.3 0.0 CB 148 
   480 3.32 0.0 HB2 50 
   1305 4.25 0.0 HA 119 
   910 1.51 0.0 HB2 85 
   1270 4.47 0.0 HA 115 
   538 3.93 0.0 HA 55 
   1253 56.4 0.0 CA 113 
   1817 1.16 0.0 HB2 161 
   214 1.05 0.0 HB2 30 
   376 4.12 0.0 HA 42 
   247 2.12 0.0 HB3 33 
   1009 57.4 0.0 CA 92 
   1810 2.55 0.0 HB2 160 
   1094 3.55 0.0 HA 99 
   937 117.5 0.0 CE2 86 
   1643 2.21 0.0 HG2 146 
   1760 0.75 0.0 HG12 156 
   445 25.4 0.0 CD1 47 
   244 8.58 0.0 H 33 
   1067 13.2 0.0 CD1 96 
   858 9.14 0.0 H 81 
   1074 1.17 0.0 HG23 97 
   1701 4.25 0.0 HA 152 
   1597 57.5 0.0 CA 142 
   321 2.45 0.0 HG2 38 
   1038 16.8 0.0 CG2 94 
   181 3.89 0.0 HA 26 
   209 3.95 0.0 HA2 29 
   502 67.2 0.0 CA 51 
   303 7.5 0.0 H 37 
   1681 1.36 0.0 HB2 150 
   1520 40.4 0.0 CB 136 
   1366 121.7 0.0 N 124 
   1741 1.14 0.0 HD23 154 
   1716 7.36 0.0 HD1 153 
   931 6.77 0.0 HE2 86 
   1641 2.2 0.0 HB2 146 
   279 42.7 0.0 CB 35 
   911 1.74 0.0 HB3 85 
   920 25.6 0.0 CG 85 
   1648 117.1 0.0 N 146 
   567 1.5 0.0 HB3 57 
   741 43.1 0.0 CD 72 
   930 6.77 0.0 HE1 86 
   1000 8.46 0.0 H 92 
   466 4.23 0.0 HA 49 
   1898 4.64 0.0 HA 167 
   882 0.77 0.0 HD21 83 
   196 51.1 0.0 CA 27 
   866 126.2 0.0 N 81 
   749 7.03 0.0 HE3 73 
   884 0.77 0.0 HD23 83 
   606 29.6 0.0 CB 61 
   1823 0.73 0.0 HD21 161 
   1972 56.3 0.0 CA 172 
   1624 1.42 0.0 HB2 145 
   1483 61.0 0.0 CA 133 
   86 22.0 0.0 CG2 18 
   1197 2.12 0.0 HG3 108 
   347 0.84 0.0 HD11 40 
   874 8.23 0.0 H 83 
