   1034 0.45 0.0 HD13 94 
   903 43.1 0.0 CB 84 
   108 0.36 0.0 HG12 21 
   855 17.1 0.0 CG2 80 
   418 59.3 0.0 CA 45 
   1585 112.9 0.0 N 141 
   1349 -0.36 0.0 HG22 123 
   1556 2.87 0.0 HE2 139 
   1861 111.2 0.0 NE2 163 
   422 111.4 0.0 NE2 45 
   1133 4.23 0.0 HA 103 
   1479 7.41 0.0 HE3 133 
   208 8.82 0.0 H 29 
   1108 1.25 0.0 HG21 100 
   638 3.25 0.0 HD3 63 
   554 4.54 0.0 HA 56 
   1491 130.6 0.0 NE1 133 
   1442 29.4 0.0 CD 130 
   1942 1.6 0.0 HD2 170 
   1633 58.4 0.0 CA 145 
   1788 0.18 0.0 HD11 158 
   1919 2.35 0.0 HG3 168 
   562 112.3 0.0 ND2 56 
   343 3.56 0.0 HA 40 
   1455 50.3 0.0 CD 131 
   334 1.47 0.0 HG2 39 
   134 4.44 0.0 HA 23 
   1746 27.6 0.0 CD2 154 
   809 3.11 0.0 HB2 78 
   1986 4.67 0.0 HA 174 
   765 3.22 0.0 HB3 74 
   1733 1.24 0.0 HB2 154 
   1107 4.44 0.0 HB 100 
   609 113.7 0.0 CZ2 61 
   1827 41.4 0.0 CB 161 
   1051 50.6 0.0 CD 95 
   1198 3.48 0.0 HD2 108 
   1343 7.91 0.0 H 123 
   884 0.77 0.0 HD23 83 
   201 4.74 0.0 HA 28 
   1957 2.2 0.0 HG3 171 
   1573 51.9 0.0 CA 140 
   1611 7.37 0.0 H 144 
   1749 3.86 0.0 HA 155 
   1482 7.06 0.0 HH2 133 
   1630 0.45 0.0 HD21 145 
   1743 42.6 0.0 CB 154 
   1940 1.38 0.0 HG2 170 
   1690 57.9 0.0 CA 150 
   1341 41.8 0.0 CE 122 
   720 8.33 0.0 H 71 
   44 27.3 0.0 CG 15 
   774 131.7 0.0 CD2 74 
   844 0.96 0.0 HG12 80 
   323 6.95 0.0 HE21 38 
   1961 119.4 0.0 N 171 
   1346 0.57 0.0 HG12 123 
   295 29.5 0.0 CB 36 
   556 2.93 0.0 HB3 56 
   1171 8.88 0.0 H 106 
   510 2.21 0.0 HB3 52 
   1253 56.4 0.0 CA 113 
   1488 123.0 0.0 CZ3 133 
   805 32.7 0.0 CB 77 
   456 0.92 0.0 HD11 48 
   905 22.3 0.0 CD1 84 
   207 123.5 0.0 N 28 
   1518 7.29 0.0 HD22 136 
   1478 9.6 0.0 HE1 133 
   1446 1.83 0.0 HB2 131 
   209 3.95 0.0 HA2 29 
   932 57.5 0.0 CA 86 
   1877 115.9 0.0 N 164 
   653 0.91 0.0 HD21 64 
   1464 1.04 0.0 HD21 132 
   1615 5.82 0.0 HD2 144 
   990 8.61 0.0 H 91 
   1264 1.17 0.0 HG23 114 
   1607 1.04 0.0 HB3 143 
   1547 48.1 0.0 CD 138 
   522 6.74 0.0 HD22 53 
   627 133.7 0.0 CE1 62 
   86 22.0 0.0 CG2 18 
   1183 0.58 0.0 HG12 107 
   703 41.8 0.0 CE 68 
   1584 44.0 0.0 CA 141 
   1876 41.8 0.0 CE 164 
   706 4.19 0.0 HA 69 
   1096 2.2 0.0 HB3 99 
   1741 1.14 0.0 HD23 154 
   184 1.25 0.0 HG22 26 
   1274 52.6 0.0 CA 115 
   1229 22.5 0.0 CD2 110 
   1166 38.7 0.0 CB 105 
   452 1.86 0.0 HG13 48 
   1434 1.72 0.0 HG3 130 
   1093 128.0 0.0 N 98 
   1708 64.6 0.0 CA 152 
   1668 54.5 0.0 CA 148 
   1964 1.72 0.0 HB2 172 
   171 1.6 0.0 HD3 25 
   696 1.69 0.0 HD3 68 
   934 132.9 0.0 CD1 86 
   1203 49.8 0.0 CD 108 
   434 2.21 0.0 HB3 47 
   893 0.6 0.0 HB2 84 
   1148 2.07 0.0 HG2 104 
   1161 0.67 0.0 HG23 105 
   1976 41.8 0.0 CE 172 
   473 57.4 0.0 CA 49 
   1380 26.3 0.0 CG 125 
   3 2.76 0.0 HB3 11 
   777 129.4 0.0 CZ 74 
   1384 8.22 0.0 H 126 
   1539 1.47 0.0 HB3 138 
   916 2.27 0.0 HE2 85 
   289 9.86 0.0 HE1 36 
   586 116.4 0.0 N 59 
   223 48.9 0.0 CD 30 
   1764 0.93 0.0 HG23 156 
   1981 2.88 0.0 HB3 173 
   1610 120.1 0.0 N 143 
   569 19.0 0.0 CB 57 
   616 2.1 0.0 HB2 62 
   1236 41.0 0.0 CB 111 
   450 1.98 0.0 HB 48 
   465 7.64 0.0 H 49 
   581 2.76 0.0 HB3 59 
   2001 7.5 0.0 HE21 175 
   1156 1.26 0.0 HB 105 
   290 7.31 0.0 HE3 36 
   1516 1.28 0.0 HB3 136 
   173 2.92 0.0 HE3 25 
   1067 13.2 0.0 CD1 96 
   1531 1.08 0.0 HG23 137 
   1912 14.6 0.0 CD1 167 
   273 0.91 0.0 HD12 35 
   1881 45.6 0.0 CA 165 
   1680 4.08 0.0 HA 150 
   255 43.1 0.0 CD 33 
   1403 3.23 0.0 HB2 128 
   1872 56.9 0.0 CA 164 
   1790 0.18 0.0 HD13 158 
   66 1.1 0.0 HG21 17 
   190 9.34 0.0 H 27 
   112 0.18 0.0 HG23 21 
   781 4.31 0.0 HA3 75 
   1407 57.1 0.0 CA 128 
   362 2.06 0.0 HB3 41 
   252 58.8 0.0 CA 33 
   679 8.15 0.0 H 67 
   1505 1.72 0.0 HG3 135 
   272 0.91 0.0 HD11 35 
   247 2.12 0.0 HB3 33 
   1330 1.47 0.0 HB3 122 
   507 8.37 0.0 H 52 
   1592 -0.51 0.0 HD12 142 
   1982 58.6 0.0 CA 173 
   574 3.11 0.0 HB3 58 
   1172 5.09 0.0 HA 106 
   1677 45.7 0.0 CA 149 
   1411 114.8 0.0 N 128 
   340 26.9 0.0 CG 39 
   1921 7.47 0.0 HE22 168 
   39 1.72 0.0 HG3 15 
   1568 6.2 0.0 HD1 140 
   1522 116.8 0.0 ND2 136 
   47 8.18 0.0 H 16 
   1292 2.84 0.0 HB2 118 
   568 51.2 0.0 CA 57 
   157 1.18 0.0 HD23 24 
   1767 21.1 0.0 CG1 156 
   960 131.7 0.0 CD1 88 
   468 2.07 0.0 HB3 49 
   580 2.37 0.0 HB2 59 
   1118 1.08 0.0 HG21 101 
   271 1.77 0.0 HG 35 
   613 127.8 0.0 NE1 61 
   1104 49.5 0.0 CD 99 
   830 6.96 0.0 HD1 79 
   1323 3.93 0.0 HA2 121 
   1684 0.87 0.0 HD11 150 
   1289 36.0 0.0 CG 117 
   457 0.92 0.0 HD12 48 
   77 0.94 0.0 HG11 18 
   688 110.7 0.0 ND2 67 
   435 1.91 0.0 HG 47 
   544 1.6 0.0 HD3 55 
   1824 0.73 0.0 HD22 161 
   286 3.29 0.0 HB2 36 
   701 24.4 0.0 CG 68 
   1638 121.2 0.0 N 145 
   258 4.24 0.0 HA 34 
   1116 4.28 0.0 HA 101 
   1775 1.28 0.0 HG3 157 
   559 55.3 0.0 CA 56 
   857 128.9 0.0 N 80 
   350 0.86 0.0 HD21 40 
   1753 53.8 0.0 CA 155 
   1952 8.55 0.0 H 171 
   1896 115.2 0.0 N 166 
   119 17.2 0.0 CG2 21 
   240 3.09 0.0 HB3 32 
   921 29.2 0.0 CD 85 
   384 119.4 0.0 N 42 
   690 3.96 0.0 HA 68 
   257 9.25 0.0 H 34 
   123 1.93 0.0 HB2 22 
   1091 118.2 0.0 CE1 98 
   19 1.47 0.0 HB2 13 
   281 22.8 0.0 CD1 35 
   1095 1.45 0.0 HB2 99 
   1892 63.3 0.0 CA 166 
   1656 120.5 0.0 N 147 
   1526 0.66 0.0 HG11 137 
   125 2.1 0.0 HG2 22 
   140 1.13 0.0 HG22 23 
   923 121.7 0.0 N 85 
   414 2.54 0.0 HG2 45 
   1931 7.31 0.0 HD2 169 
   1549 4.17 0.0 HA 139 
   1423 131.7 0.0 CD1 129 
   197 36.8 0.0 CB 27 
   946 34.7 0.0 CB 87 
   999 117.4 0.0 N 91 
   114 -0.19 0.0 HD12 21 
   1855 7.42 0.0 HE21 163 
   344 0.97 0.0 HB2 40 
   1249 1.6 0.0 HD2 113 
   1862 7.88 0.0 H 164 
   1674 7.41 0.0 H 149 
   827 4.84 0.0 HA 79 
   1262 1.17 0.0 HG21 114 
   1755 115.0 0.0 N 155 
   1003 3.68 0.0 HB3 92 
   829 3.01 0.0 HB3 79 
   1032 0.45 0.0 HD11 94 
   268 4.34 0.0 HA 35 
   327 33.3 0.0 CG 38 
   1980 2.81 0.0 HB2 173 
   218 2.45 0.0 HD2 30 
   533 55.3 0.0 CA 54 
   356 24.3 0.0 CD1 40 
   745 1.04 0.0 HB2 73 
   1290 18.0 0.0 CE 117 
   17 4.21 0.0 HA 13 
   825 131.3 0.0 NE1 78 
   1097 1.5 0.0 HG2 99 
   139 1.13 0.0 HG21 23 
   324 8.08 0.0 HE22 38 
   313 31.3 0.0 CB 37 
   264 28.8 0.0 CB 34 
   1223 0.68 0.0 HD22 110 
   666 1.89 0.0 HG2 65 
   1177 21.6 0.0 CB 106 
   1523 6.64 0.0 H 137 
   1509 30.1 0.0 CB 135 
   198 128.7 0.0 N 27 
   1637 23.3 0.0 CD2 145 
   1036 36.4 0.0 CB 94 
   105 7.66 0.0 H 21 
   1878 7.93 0.0 H 165 
   881 0.82 0.0 HD13 83 
   506 118.9 0.0 N 51 
   88 8.07 0.0 H 19 
   308 0.99 0.0 HG13 37 
   632 4.37 0.0 HA 63 
   1943 1.6 0.0 HD3 170 
   363 1.45 0.0 HG2 41 
   1089 132.8 0.0 CD1 98 
   967 5.42 0.0 HA 89 
   1375 0.33 0.0 HD21 125 
   1609 18.0 0.0 CB 143 
   800 9.17 0.0 H 77 
   744 4.72 0.0 HA 73 
   1983 27.8 0.0 CB 173 
   1838 0.81 0.0 HG22 162 
   1958 55.9 0.0 CA 171 
   380 2.69 0.0 HG3 42 
   312 66.4 0.0 CA 37 
   1835 0.32 0.0 HG12 162 
   1710 28.3 0.0 CG 152 
   964 128.3 0.0 CZ 88 
   1888 1.0 0.0 HG13 166 
   1276 128.2 0.0 N 115 
   43 30.1 0.0 CB 15 
   1052 8.69 0.0 H 96 
   1569 6.2 0.0 HD2 140 
   1803 3.0 0.0 HD3 159 
   558 7.75 0.0 HD22 56 
   1561 29.3 0.0 CD 139 
   728 23.0 0.0 CG2 71 
   1805 30.6 0.0 CB 159 
   1685 0.87 0.0 HD12 150 
   541 1.31 0.0 HG2 55 
   365 1.74 0.0 HD2 41 
   1285 2.4 0.0 HG3 117 
   1711 51.4 0.0 CD 152 
   1631 0.45 0.0 HD22 145 
   1971 2.95 0.0 HE3 172 
   162 25.5 0.0 CD2 24 
   540 1.91 0.0 HB3 55 
   15 122.1 0.0 N 12 
   1018 5.58 0.0 HA 93 
   1318 4.1 0.0 HA2 120 
   221 31.7 0.0 CB 30 
   1985 8.55 0.0 H 174 
   203 1.47 0.0 HB2 28 
   1532 60.5 0.0 CA 137 
   664 1.55 0.0 HB2 65 
   1441 26.5 0.0 CG 130 
   428 62.8 0.0 CA 46 
   1665 0.92 0.0 HD21 148 
   955 7.18 0.0 HE1 88 
   1173 1.34 0.0 HB1 106 
   1869 1.59 0.0 HD3 164 
   1702 1.82 0.0 HB2 152 
   1829 26.1 0.0 CD1 161 
   1058 0.98 0.0 HG22 96 
   1648 117.1 0.0 N 146 
   966 8.46 0.0 H 89 
   261 2.42 0.0 HG2 34 
   1142 27.9 0.0 CG 103 
   1752 1.43 0.0 HB3 155 
   1265 58.4 0.0 CA 114 
   90 3.98 0.0 HB2 19 
   529 3.06 0.0 HB2 54 
   1410 136.2 0.0 CE1 128 
   775 130.0 0.0 CE1 74 
   517 8.47 0.0 H 53 
   1165 62.8 0.0 CA 105 
   1757 3.87 0.0 HA 156 
   875 3.58 0.0 HA 83 
   832 6.69 0.0 HE1 79 
   1214 7.93 0.0 H 110 
   563 7.52 0.0 H 57 
   1373 0.13 0.0 HD12 125 
   662 8.9 0.0 H 65 
   892 4.47 0.0 HA 84 
   1360 7.71 0.0 H 124 
   587 110.7 0.0 ND2 59 
   1046 3.51 0.0 HD2 95 
   615 4.91 0.0 HA 62 
   888 25.2 0.0 CD1 83 
   96 4.35 0.0 HA 20 
   894 1.93 0.0 HB3 84 
   479 4.78 0.0 HA 50 
   1444 118.4 0.0 N 130 
   1237 119.9 0.0 N 111 
   1383 126.2 0.0 N 125 
   1551 1.6 0.0 HB3 139 
   1269 8.73 0.0 H 115 
   1832 8.16 0.0 H 162 
   1059 0.98 0.0 HG23 96 
   215 1.42 0.0 HB3 30 
   1474 3.57 0.0 HA 133 
   991 5.29 0.0 HA 91 
   342 8.86 0.0 H 40 
   656 54.3 0.0 CA 64 
   103 36.3 0.0 CG 20 
   1321 113.5 0.0 N 120 
   1489 123.1 0.0 CH2 133 
   838 117.3 0.0 CE1 79 
   349 0.84 0.0 HD13 40 
   1228 25.1 0.0 CD1 110 
   858 9.14 0.0 H 81 
   97 1.96 0.0 HB2 20 
   23 122.6 0.0 N 13 
   1163 0.43 0.0 HD12 105 
   1296 6.74 0.0 HE1 118 
   413 2.34 0.0 HB3 45 
   1608 55.6 0.0 CA 143 
   6 8.75 0.0 H 12 
   1698 3.72 0.0 HA3 151 
   676 55.8 0.0 CA 66 
   979 1.02 0.0 HG22 90 
   995 2.13 0.0 HG3 91 
   1500 7.5 0.0 H 135 
   1015 127.8 0.0 CZ 92 
   1781 3.54 0.0 HA 158 
   849 0.82 0.0 HD11 80 
   85 21.7 0.0 CG1 18 
   1266 68.6 0.0 CB 114 
   352 0.86 0.0 HD23 40 
   244 8.58 0.0 H 33 
   458 0.92 0.0 HD13 48 
   183 1.25 0.0 HG21 26 
   1358 13.5 0.0 CD1 123 
   1188 58.3 0.0 CA 107 
   1060 0.87 0.0 HD11 96 
   737 3.19 0.0 HD3 72 
   713 37.3 0.0 CG 69 
   1045 1.91 0.0 HG3 95 
   782 45.8 0.0 CA 75 
   1377 0.33 0.0 HD23 125 
   1122 69.9 0.0 CB 101 
   1519 53.4 0.0 CA 136 
   928 7.33 0.0 HD1 86 
   1997 1.94 0.0 HB2 175 
   1810 2.55 0.0 HB2 160 
   729 107.9 0.0 N 71 
   982 0.71 0.0 HD12 90 
   1331 1.04 0.0 HG2 122 
   491 118.8 0.0 CE2 50 
   1413 4.07 0.0 HA 129 
   500 0.8 0.0 HG22 51 
   1501 4.14 0.0 HA 135 
   278 56.6 0.0 CA 35 
   1300 132.5 0.0 CD1 118 
   89 4.33 0.0 HA 19 
   1124 114.3 0.0 N 101 
   712 29.6 0.0 CB 69 
   298 114.2 0.0 CZ2 36 
   1724 127.0 0.0 CD1 153 
   1858 27.9 0.0 CB 163 
   843 1.63 0.0 HB 80 
   1023 118.3 0.0 N 93 
   520 3.26 0.0 HB3 53 
   121 122.5 0.0 N 21 
   179 116.8 0.0 N 25 
   961 131.7 0.0 CD2 88 
   393 34.7 0.0 CG 43 
   1367 8.42 0.0 H 125 
   1567 2.06 0.0 HB3 140 
   1005 6.51 0.0 HD2 92 
   811 7.03 0.0 HD1 78 
   1319 3.69 0.0 HA3 120 
   474 29.4 0.0 CB 49 
   1202 27.1 0.0 CG 108 
   972 122.9 0.0 N 89 
   1689 1.16 0.0 HD23 150 
   1306 1.79 0.0 HB2 119 
   504 23.6 0.0 CG1 51 
   338 58.1 0.0 CA 39 
   1079 7.67 0.0 H 98 
   170 1.6 0.0 HD2 25 
   994 2.13 0.0 HG2 91 
   69 64.5 0.0 CA 17 
   322 2.45 0.0 HG3 38 
   318 4.09 0.0 HA 38 
   1055 1.32 0.0 HG12 96 
   1100 3.8 0.0 HD3 99 
   1472 119.9 0.0 N 132 
   56 30.2 0.0 CB 16 
   755 123.5 0.0 CD1 73 
   1211 30.2 0.0 CB 109 
   253 28.7 0.0 CB 33 
   588 8.49 0.0 H 60 
   2005 33.7 0.0 CG 175 
   608 122.4 0.0 CE3 61 
   237 8.17 0.0 H 32 
   764 3.1 0.0 HB2 74 
   592 54.1 0.0 CA 60 
   519 3.0 0.0 HB2 53 
   1275 18.9 0.0 CB 115 
   1240 3.79 0.0 HA3 112 
   486 58.8 0.0 CA 50 
   1859 33.7 0.0 CG 163 
   1817 1.16 0.0 HB2 161 
   1136 1.32 0.0 HG2 103 
   447 120.8 0.0 N 47 
   1565 4.03 0.0 HA 140 
   988 14.6 0.0 CD1 90 
   636 1.74 0.0 HG3 63 
   1857 58.8 0.0 CA 163 
   1797 3.52 0.0 HA 159 
   1453 30.7 0.0 CB 131 
   1076 67.7 0.0 CB 97 
   259 2.16 0.0 HB2 34 
   577 116.9 0.0 N 58 
   1101 62.8 0.0 CA 99 
   270 1.81 0.0 HB3 35 
   1622 8.62 0.0 H 145 
   250 3.34 0.0 HD2 33 
   926 2.88 0.0 HB2 86 
   1883 7.79 0.0 H 166 
   1634 42.1 0.0 CB 145 
   1495 1.5 0.0 HB2 134 
   704 123.1 0.0 N 68 
   1048 62.1 0.0 CA 95 
   1918 2.32 0.0 HG2 168 
   1559 32.6 0.0 CB 139 
   1475 2.49 0.0 HB2 133 
   1623 4.15 0.0 HA 145 
   75 3.81 0.0 HA 18 
   1391 69.5 0.0 CB 126 
   482 7.26 0.0 HD1 50 
   629 131.9 0.0 CZ 62 
   630 115.3 0.0 N 62 
   462 17.0 0.0 CG2 48 
   1327 7.0 0.0 H 122 
   1209 2.43 0.0 HG3 109 
   1257 42.5 0.0 CE 113 
   1385 4.28 0.0 HA 126 
   1984 120.4 0.0 N 173 
   1282 29.0 0.0 CB 116 
   914 1.27 0.0 HD2 85 
   1081 2.76 0.0 HB2 98 
   1361 4.44 0.0 HA 124 
   51 1.6 0.0 HG2 16 
   904 25.9 0.0 CG 84 
   1811 2.55 0.0 HB3 160 
   826 9.23 0.0 H 79 
   1345 0.37 0.0 HB 123 
   2003 56.0 0.0 CA 175 
   1555 1.62 0.0 HD3 139 
   571 7.96 0.0 H 58 
   1028 2.13 0.0 HG13 94 
   1271 1.43 0.0 HB1 115 
   412 2.23 0.0 HB2 45 
   21 54.2 0.0 CA 13 
   931 6.77 0.0 HE2 86 
   466 4.23 0.0 HA 49 
   1508 57.0 0.0 CA 135 
   532 7.24 0.0 HD22 54 
   1628 -0.05 0.0 HD12 145 
   232 56.1 0.0 CA 31 
   1598 40.4 0.0 CB 142 
   1250 1.6 0.0 HD3 113 
   243 119.3 0.0 N 32 
   761 127.0 0.0 NE1 73 
   26 4.2 0.0 HB 14 
   267 8.01 0.0 H 35 
   1004 6.51 0.0 HD1 92 
   908 8.45 0.0 H 85 
   818 32.6 0.0 CB 78 
   406 131.7 0.0 CD2 44 
   1548 8.76 0.0 H 139 
   1043 2.39 0.0 HB3 95 
   651 0.91 0.0 HD12 64 
   251 3.34 0.0 HD3 33 
   918 56.1 0.0 CA 85 
   1037 26.8 0.0 CG1 94 
   584 51.8 0.0 CA 59 
   665 1.81 0.0 HB3 65 
   821 114.1 0.0 CZ2 78 
   1785 0.42 0.0 HG21 158 
   1206 2.17 0.0 HB2 109 
   194 6.5 0.0 HD21 27 
   1520 40.4 0.0 CB 136 
   860 2.85 0.0 HB2 81 
   307 0.99 0.0 HG12 37 
   796 24.8 0.0 CG 76 
   1544 64.6 0.0 CA 138 
   1184 0.58 0.0 HG13 107 
   1280 2.0 0.0 HB3 116 
   389 2.14 0.0 HG2 43 
   1687 1.16 0.0 HD21 150 
   206 24.4 0.0 CB 28 
   1703 2.44 0.0 HB3 152 
   1750 1.43 0.0 HB1 155 
   276 1.01 0.0 HD22 35 
   1147 1.85 0.0 HB3 104 
   971 41.3 0.0 CB 89 
   177 29.2 0.0 CD 25 
   1688 1.16 0.0 HD22 150 
   929 7.33 0.0 HD2 86 
   1778 34.2 0.0 CG 157 
   1895 21.8 0.0 CG2 166 
   106 4.14 0.0 HA 21 
   1629 -0.05 0.0 HD13 145 
   1132 126.2 0.0 N 102 
   978 1.02 0.0 HG21 90 
   404 37.9 0.0 CB 44 
   1273 1.43 0.0 HB3 115 
   824 117.5 0.0 N 78 
   1989 7.61 0.0 HD21 174 
   1682 2.33 0.0 HB3 150 
   60 7.9 0.0 H 17 
   20 1.47 0.0 HB3 13 
   912 1.18 0.0 HG2 85 
   565 1.5 0.0 HB1 57 
   328 118.6 0.0 N 38 
   1082 3.27 0.0 HB3 98 
   27 1.24 0.0 HG21 14 
   95 7.79 0.0 H 20 
   1550 1.74 0.0 HB2 139 
   553 8.2 0.0 H 56 
   235 43.1 0.0 CD 31 
   1221 0.5 0.0 HD13 110 
   436 0.93 0.0 HD11 47 
   516 119.7 0.0 N 52 
   1201 32.3 0.0 CB 108 
   807 9.24 0.0 H 78 
   260 2.16 0.0 HB3 34 
   1597 57.5 0.0 CA 142 
   771 54.9 0.0 CA 74 
   1454 27.9 0.0 CG 131 
   763 5.33 0.0 HA 74 
   1169 14.7 0.0 CD1 105 
   611 123.3 0.0 CH2 61 
   1911 18.1 0.0 CG2 167 
   1529 1.08 0.0 HG21 137 
   296 127.0 0.0 CD1 36 
   1279 2.0 0.0 HB2 116 
   791 1.68 0.0 HD3 76 
   814 7.17 0.0 HZ2 78 
   304 3.36 0.0 HA 37 
   1605 1.04 0.0 HB1 143 
   220 63.2 0.0 CA 30 
   602 7.45 0.0 HZ2 61 
   1718 7.08 0.0 HE3 153 
   110 0.18 0.0 HG21 21 
   862 7.19 0.0 HD2 81 
   596 4.27 0.0 HA 61 
   654 0.91 0.0 HD22 64 
   822 120.5 0.0 CZ3 78 
   1187 0.93 0.0 HG23 107 
   469 1.74 0.0 HG2 49 
   492 119.9 0.0 N 50 
   1057 0.98 0.0 HG21 96 
   415 2.64 0.0 HG3 45 
   1662 0.8 0.0 HD11 148 
   530 3.06 0.0 HB3 54 
   169 1.29 0.0 HG3 25 
   576 39.1 0.0 CB 58 
   959 42.6 0.0 CB 88 
   98 2.19 0.0 HB3 20 
   863 55.6 0.0 CA 81 
   438 0.93 0.0 HD13 47 
   332 1.78 0.0 HB2 39 
   1704 1.84 0.0 HG2 152 
   1210 58.3 0.0 CA 109 
   358 120.3 0.0 N 40 
   1013 129.9 0.0 CE1 92 
   1941 1.38 0.0 HG3 170 
   1594 0.37 0.0 HD21 142 
   1570 6.77 0.0 HE1 140 
   369 60.1 0.0 CA 41 
   1219 0.5 0.0 HD11 110 
   710 2.54 0.0 HG3 69 
   1363 2.78 0.0 HB3 124 
   325 58.3 0.0 CA 38 
   528 4.38 0.0 HA 54 
   1977 122.0 0.0 N 172 
   660 24.2 0.0 CD2 64 
   1801 2.05 0.0 HG3 159 
   1973 32.8 0.0 CB 172 
   234 27.1 0.0 CG 31 
   1579 130.1 0.0 CZ 140 
   1933 30.1 0.0 CB 169 
   810 3.29 0.0 HB3 78 
   1916 1.92 0.0 HB2 168 
   950 5.09 0.0 HA 88 
   1283 119.1 0.0 N 116 
   742 123.7 0.0 N 72 
   92 60.1 0.0 CA 19 
   376 4.12 0.0 HA 42 
   1777 29.2 0.0 CB 157 
   489 131.7 0.0 CD2 50 
   997 33.5 0.0 CB 91 
   815 6.61 0.0 HZ3 78 
   820 119.9 0.0 CE3 78 
   1072 1.17 0.0 HG21 97 
   1128 0.01 0.0 HB2 102 
   1533 33.3 0.0 CB 137 
   1480 7.26 0.0 HZ2 133 
   748 9.32 0.0 HE1 73 
   1580 113.4 0.0 N 140 
   1011 131.3 0.0 CD1 92 
   1399 40.2 0.0 CB 127 
   1543 3.45 0.0 HD3 138 
   142 61.6 0.0 CA 23 
   1893 32.2 0.0 CB 166 
   939 8.12 0.0 H 87 
   1667 0.92 0.0 HD23 148 
   1111 67.1 0.0 CA 100 
   266 121.5 0.0 N 34 
   1255 25.6 0.0 CG 113 
   692 1.89 0.0 HB3 68 
   37 1.87 0.0 HB3 15 
   590 2.19 0.0 HB2 60 
   370 32.0 0.0 CB 41 
   427 5.22 0.0 HG 46 
   1645 57.0 0.0 CA 146 
   297 122.1 0.0 CE3 36 
   1033 0.45 0.0 HD12 94 
   543 1.6 0.0 HD2 55 
   1653 1.22 0.0 HB3 147 
   390 2.75 0.0 HG3 43 
   600 9.85 0.0 HE1 61 
   76 2.19 0.0 HB 18 
   833 6.69 0.0 HE2 79 
   1179 8.02 0.0 H 107 
   684 6.71 0.0 HD22 67 
   649 1.83 0.0 HG 64 
   217 1.44 0.0 HG3 30 
   1972 56.3 0.0 CA 172 
   681 3.07 0.0 HB2 67 
   360 4.16 0.0 HA 41 
   1643 2.21 0.0 HG2 146 
   1900 0.81 0.0 HG12 167 
   1898 4.64 0.0 HA 167 
   1487 113.9 0.0 CZ2 133 
   11 2.32 0.0 HG3 12 
   976 0.84 0.0 HG12 90 
   446 23.9 0.0 CD2 47 
   1552 1.26 0.0 HG2 139 
   538 3.93 0.0 HA 55 
   53 3.21 0.0 HD2 16 
   33 113.2 0.0 N 14 
   118 27.5 0.0 CG1 21 
   301 121.6 0.0 N 36 
   1074 1.17 0.0 HG23 97 
   658 27.3 0.0 CG 64 
   1261 4.2 0.0 HB 114 
   341 121.0 0.0 N 39 
   1591 -0.51 0.0 HD11 142 
   547 60.5 0.0 CA 55 
   1322 8.15 0.0 H 121 
   1882 108.0 0.0 N 165 
   719 107.1 0.0 N 70 
   41 3.21 0.0 HD3 15 
   1517 6.92 0.0 HD21 136 
   1761 0.75 0.0 HG13 156 
   933 39.5 0.0 CB 86 
   485 6.97 0.0 HE2 50 
   1117 3.67 0.0 HB 101 
   449 3.79 0.0 HA 48 
   1193 4.13 0.0 HA 108 
   1506 3.11 0.0 HD2 135 
   1301 132.5 0.0 CD2 118 
   1614 3.34 0.0 HB3 144 
   1534 20.4 0.0 CG1 137 
   1641 2.2 0.0 HB2 146 
   518 4.48 0.0 HA 53 
   1159 0.67 0.0 HG21 105 
   1828 26.2 0.0 CG 161 
   453 0.97 0.0 HG21 48 
   1471 26.2 0.0 CD2 132 
   310 1.13 0.0 HG22 37 
   1676 3.16 0.0 HA3 149 
   1768 21.8 0.0 CG2 156 
   1947 33.5 0.0 CB 170 
   131 27.7 0.0 CG 22 
   224 8.5 0.0 H 31 
   32 22.0 0.0 CG2 14 
   1979 4.42 0.0 HA 173 
   687 116.8 0.0 N 67 
   726 61.7 0.0 CA 71 
   1394 8.77 0.0 H 127 
   612 121.9 0.0 N 61 
   1681 1.36 0.0 HB2 150 
   956 7.18 0.0 HE2 88 
   1077 22.0 0.0 CG2 97 
   1272 1.43 0.0 HB2 115 
   480 3.32 0.0 HB2 50 
   67 1.1 0.0 HG22 17 
   725 1.1 0.0 HG23 71 
   348 0.84 0.0 HD12 40 
   1650 4.49 0.0 HA 147 
   1218 1.35 0.0 HG 110 
   1744 26.8 0.0 CG 154 
   864 34.3 0.0 CB 81 
   425 3.98 0.0 HB2 46 
   1103 25.1 0.0 CG 99 
   657 48.2 0.0 CB 64 
   1466 1.04 0.0 HD23 132 
   1938 1.7 0.0 HB2 170 
   536 104.6 0.0 ND2 54 
   1232 4.44 0.0 HA 111 
   1459 1.92 0.0 HB3 132 
   925 4.52 0.0 HA 86 
   938 129.3 0.0 N 86 
   1642 2.46 0.0 HB3 146 
   1699 49.3 0.0 CA 151 
   1125 7.94 0.0 H 102 
   1978 8.4 0.0 H 173 
   989 113.7 0.0 N 90 
   302 125.7 0.0 NE1 36 
   1658 4.51 0.0 HA 148 
   1856 6.84 0.0 HE22 163 
   1448 1.99 0.0 HG2 131 
   1085 6.93 0.0 HE1 98 
   236 116.8 0.0 N 31 
   1774 0.82 0.0 HG2 157 
   1899 1.86 0.0 HB 167 
   1762 0.93 0.0 HG21 156 
   945 54.3 0.0 CA 87 
   786 1.44 0.0 HB2 76 
   965 121.3 0.0 N 88 
   1831 118.0 0.0 N 161 
   992 2.07 0.0 HB2 91 
   1460 1.53 0.0 HG 132 
   1421 62.4 0.0 CA 129 
   107 1.29 0.0 HB 21 
   1846 16.7 0.0 CG2 162 
   227 2.02 0.0 HB3 31 
   385 8.98 0.0 H 43 
   871 55.4 0.0 CA 82 
   165 4.41 0.0 HA 25 
   52 1.6 0.0 HG3 16 
   1016 112.7 0.0 N 92 
   79 0.94 0.0 HG13 18 
   1476 3.07 0.0 HB3 133 
   873 131.6 0.0 N 82 
   1837 0.81 0.0 HG21 162 
   578 8.55 0.0 H 59 
   711 58.0 0.0 CA 69 
   606 29.6 0.0 CB 61 
   1727 119.6 0.0 CZ3 153 
   1378 54.2 0.0 CA 125 
   513 59.7 0.0 CA 52 
   669 34.1 0.0 CB 65 
   1728 122.7 0.0 CH2 153 
   983 0.71 0.0 HD13 90 
   176 24.6 0.0 CG 25 
   1481 7.04 0.0 HZ3 133 
   736 3.09 0.0 HD2 72 
   944 2.0 0.0 HG3 87 
   199 107.7 0.0 ND2 27 
   329 113.9 0.0 NE2 38 
   1328 4.58 0.0 HA 122 
   534 36.9 0.0 CB 54 
   417 6.94 0.0 HE22 45 
   46 121.6 0.0 N 15 
   1278 4.0 0.0 HA 116 
   1825 0.73 0.0 HD23 161 
   1069 7.01 0.0 H 97 
   1244 4.41 0.0 HA 113 
   1640 4.36 0.0 HA 146 
   1538 1.22 0.0 HB2 138 
   1759 0.75 0.0 HG11 156 
   1303 117.4 0.0 CE2 118 
   793 2.95 0.0 HE3 76 
   1432 2.04 0.0 HB3 130 
   1604 3.75 0.0 HA 143 
   1660 2.08 0.0 HB3 148 
   1268 110.1 0.0 N 114 
   1769 113.1 0.0 N 156 
   924 9.53 0.0 H 86 
   920 25.6 0.0 CG 85 
   1754 18.2 0.0 CB 155 
   433 1.79 0.0 HB2 47 
   101 56.0 0.0 CA 20 
   1338 32.9 0.0 CB 122 
   1205 4.3 0.0 HA 109 
   441 0.98 0.0 HD23 47 
   854 27.8 0.0 CG1 80 
   798 42.2 0.0 CE 76 
   693 1.46 0.0 HG2 68 
   1225 53.9 0.0 CA 110 
   1894 21.8 0.0 CG1 166 
   1962 8.44 0.0 H 172 
   686 37.3 0.0 CB 67 
   570 121.1 0.0 N 57 
   1049 32.4 0.0 CB 95 
   202 1.47 0.0 HB1 28 
   644 118.8 0.0 N 63 
   754 30.6 0.0 CB 73 
   1178 128.8 0.0 N 106 
   448 8.86 0.0 H 48 
   524 37.4 0.0 CB 53 
   166 1.76 0.0 HB2 25 
   1627 -0.05 0.0 HD11 145 
   1626 1.11 0.0 HG 145 
   1887 1.0 0.0 HG12 166 
   1546 24.1 0.0 CG 138 
   601 7.9 0.0 HE3 61 
   93 63.2 0.0 CB 19 
   643 42.6 0.0 CD 63 
   727 69.3 0.0 CB 71 
   1693 23.0 0.0 CD1 150 
   549 25.6 0.0 CG 55 
   724 1.1 0.0 HG22 71 
   1969 1.65 0.0 HD3 172 
   1581 9.74 0.0 H 141 
   1683 1.88 0.0 HG 150 
   1389 1.41 0.0 HG23 126 
   1891 1.0 0.0 HG23 166 
   1127 0.01 0.0 HB1 102 
   1186 0.93 0.0 HG22 107 
   1670 27.0 0.0 CG 148 
   126 2.1 0.0 HG3 22 
   1114 122.2 0.0 N 100 
   1452 65.5 0.0 CA 131 
   1357 17.0 0.0 CG2 123 
   1316 120.9 0.0 N 119 
   735 1.63 0.0 HG3 72 
   1815 7.82 0.0 H 161 
   74 8.12 0.0 H 18 
   430 114.9 0.0 N 46 
   505 21.0 0.0 CG2 51 
   1230 116.5 0.0 N 110 
   1920 6.76 0.0 HE21 168 
   136 0.96 0.0 HG11 23 
   28 1.24 0.0 HG22 14 
   477 119.0 0.0 N 49 
   885 57.1 0.0 CA 83 
   672 7.8 0.0 H 66 
   1742 57.8 0.0 CA 154 
   1701 4.25 0.0 HA 152 
   1050 27.0 0.0 CG 95 
   723 1.1 0.0 HG21 71 
   1826 57.4 0.0 CA 161 
   1692 27.0 0.0 CG 150 
   1071 4.67 0.0 HB 97 
   650 0.91 0.0 HD11 64 
   488 131.7 0.0 CD1 50 
   1783 0.82 0.0 HG12 158 
   1401 7.93 0.0 H 128 
   1739 1.14 0.0 HD21 154 
   759 123.7 0.0 CH2 73 
   974 5.66 0.0 HA 90 
   1456 6.93 0.0 H 132 
   1102 33.2 0.0 CB 99 
   1990 6.91 0.0 HD22 174 
   460 37.8 0.0 CB 48 
   1553 1.46 0.0 HG3 139 
   663 4.51 0.0 HA 65 
   823 123.5 0.0 CH2 78 
   381 59.1 0.0 CA 42 
   432 4.23 0.0 HA 47 
   50 1.9 0.0 HB3 16 
   116 59.2 0.0 CA 21 
   361 2.06 0.0 HB2 41 
   1012 131.3 0.0 CD2 92 
   472 3.42 0.0 HD3 49 
   1998 2.08 0.0 HB3 175 
   623 57.0 0.0 CA 62 
   1725 119.6 0.0 CE3 153 
   561 118.9 0.0 N 56 
   937 117.5 0.0 CE2 86 
   1307 1.79 0.0 HB3 119 
   973 8.46 0.0 H 90 
   1397 2.68 0.0 HB3 127 
   373 42.2 0.0 CE 41 
   546 2.84 0.0 HE3 55 
   1084 7.38 0.0 HD2 98 
   935 132.9 0.0 CD2 86 
   83 64.2 0.0 CA 18 
   1224 0.68 0.0 HD23 110 
   1433 1.42 0.0 HG2 130 
   1583 4.14 0.0 HA3 141 
   1864 1.76 0.0 HB2 164 
   1141 31.9 0.0 CB 103 
   1026 2.04 0.0 HB 94 
   213 2.52 0.0 HA 30 
   819 125.9 0.0 CD1 78 
   13 29.4 0.0 CB 12 
   1590 1.64 0.0 HG 142 
   1672 22.7 0.0 CD2 148 
   1150 54.1 0.0 CA 104 
   132 50.7 0.0 CD 22 
   249 1.85 0.0 HG3 33 
   1425 129.8 0.0 CE1 129 
   1490 120.6 0.0 N 133 
   1243 8.33 0.0 H 113 
   113 -0.19 0.0 HD11 21 
   233 29.5 0.0 CB 31 
   1281 56.2 0.0 CA 116 
   1484 27.6 0.0 CB 133 
   780 4.93 0.0 HA2 75 
   898 0.41 0.0 HD13 84 
   749 7.03 0.0 HE3 73 
   1652 1.22 0.0 HB2 147 
   514 29.2 0.0 CB 52 
   1493 4.17 0.0 HA 134 
   942 1.9 0.0 HB3 87 
   766 6.87 0.0 HD1 74 
   172 2.92 0.0 HE2 25 
   1612 3.57 0.0 HA 144 
   150 1.88 0.0 HB3 24 
   550 29.7 0.0 CD 55 
   1483 61.0 0.0 CA 133 
   1248 1.36 0.0 HG3 113 
   604 7.04 0.0 HH2 61 
   231 3.17 0.0 HD3 31 
   738 56.1 0.0 CA 72 
   124 2.46 0.0 HB3 22 
   222 27.2 0.0 CG 30 
   454 0.97 0.0 HG22 48 
   1748 7.31 0.0 H 155 
   1970 2.95 0.0 HE2 172 
   320 2.23 0.0 HB3 38 
   416 7.61 0.0 HE21 45 
   1247 1.3 0.0 HG2 113 
   770 6.92 0.0 HZ 74 
   1073 1.17 0.0 HG22 97 
   1152 35.9 0.0 CG 104 
   948 122.6 0.0 N 87 
   1865 2.04 0.0 HB3 164 
   81 1.01 0.0 HG22 18 
   167 1.76 0.0 HB3 25 
   1499 117.9 0.0 N 134 
   161 27.0 0.0 CD1 24 
   1875 29.2 0.0 CD 164 
   509 2.1 0.0 HB2 52 
   186 65.4 0.0 CA 26 
   274 0.91 0.0 HD13 35 
   878 1.45 0.0 HG 83 
   1333 1.6 0.0 HD2 122 
   1620 136.3 0.0 CE1 144 
   1669 43.3 0.0 CB 148 
   1840 0.01 0.0 HD11 162 
   1661 1.64 0.0 HG 148 
   523 55.6 0.0 CA 53 
   1324 3.93 0.0 HA3 121 
   1843 65.1 0.0 CA 162 
   277 1.01 0.0 HD23 35 
   1408 30.4 0.0 CB 128 
   1042 1.84 0.0 HB2 95 
   984 58.5 0.0 CA 90 
