   1423 131.7 0.0 CD1 129 
   1559 32.6 0.0 CB 139 
   1771 3.85 0.0 HA 157 
   1789 0.18 0.0 HD12 158 
   1510 27.0 0.0 CG 135 
   1980 2.81 0.0 HB2 173 
   192 2.32 0.0 HB2 27 
   1799 2.07 0.0 HB3 159 
   1439 62.3 0.0 CA 130 
   1904 0.95 0.0 HG23 167 
   432 4.23 0.0 HA 47 
   592 54.1 0.0 CA 60 
   837 131.9 0.0 CD2 79 
   1502 1.71 0.0 HB2 135 
   325 58.3 0.0 CA 38 
   849 0.82 0.0 HD11 80 
   1806 28.7 0.0 CG 159 
   470 1.93 0.0 HG3 49 
   914 1.27 0.0 HD2 85 
   1501 4.14 0.0 HA 135 
   339 29.8 0.0 CB 39 
   218 2.45 0.0 HD2 30 
   1321 113.5 0.0 N 120 
   1736 0.88 0.0 HD11 154 
   1176 50.2 0.0 CA 106 
   887 26.8 0.0 CG 83 
   744 4.72 0.0 HA 73 
   40 3.21 0.0 HD2 15 
   1519 53.4 0.0 CA 136 
   105 7.66 0.0 H 21 
   699 59.8 0.0 CA 68 
   1907 0.85 0.0 HD13 167 
   191 4.6 0.0 HA 27 
   269 1.46 0.0 HB2 35 
   1043 2.39 0.0 HB3 95 
   1260 4.63 0.0 HA 114 
   471 3.37 0.0 HD2 49 
   815 6.61 0.0 HZ3 78 
   1466 1.04 0.0 HD23 132 
   513 59.7 0.0 CA 52 
   1557 2.91 0.0 HE3 139 
   1157 0.33 0.0 HG12 105 
   568 51.2 0.0 CA 57 
   223 48.9 0.0 CD 30 
   926 2.88 0.0 HB2 86 
   487 38.5 0.0 CB 50 
   868 4.02 0.0 HA 82 
   810 3.29 0.0 HB3 78 
   1698 3.72 0.0 HA3 151 
   635 1.6 0.0 HG2 63 
   1951 123.6 0.0 N 170 
   834 57.7 0.0 CA 79 
   1412 7.96 0.0 H 129 
   277 1.01 0.0 HD23 35 
   711 58.0 0.0 CA 69 
   971 41.3 0.0 CB 89 
   242 40.8 0.0 CB 32 
   706 4.19 0.0 HA 69 
   1436 1.74 0.0 HD3 130 
   845 1.57 0.0 HG13 80 
   392 28.4 0.0 CB 43 
   1325 45.6 0.0 CA 121 
   24 7.95 0.0 H 14 
   1846 16.7 0.0 CG2 162 
   265 36.3 0.0 CG 34 
   1056 1.48 0.0 HG13 96 
   226 1.82 0.0 HB2 31 
   1748 7.31 0.0 H 155 
   1518 7.29 0.0 HD22 136 
   299 120.3 0.0 CZ3 36 
   1950 41.8 0.0 CE 170 
   1908 59.4 0.0 CA 167 
   341 121.0 0.0 N 39 
   190 9.34 0.0 H 27 
   1098 1.77 0.0 HG3 99 
   1433 1.42 0.0 HG2 130 
   1216 1.6 0.0 HB2 110 
   1292 2.84 0.0 HB2 118 
   64 1.01 0.0 HG12 17 
   998 35.4 0.0 CG 91 
   113 -0.19 0.0 HD11 21 
   1919 2.35 0.0 HG3 168 
   871 55.4 0.0 CA 82 
   569 19.0 0.0 CB 57 
   358 120.3 0.0 N 40 
   949 9.09 0.0 H 88 
   1947 33.5 0.0 CB 170 
   1221 0.5 0.0 HD13 110 
   623 57.0 0.0 CA 62 
   1062 0.87 0.0 HD13 96 
   710 2.54 0.0 HG3 69 
   1818 1.9 0.0 HB3 161 
   116 59.2 0.0 CA 21 
   1930 2.88 0.0 HB3 169 
   1408 30.4 0.0 CB 128 
   1068 118.2 0.0 N 96 
   993 2.38 0.0 HB3 91 
   1732 3.58 0.0 HA 154 
   742 123.7 0.0 N 72 
   1839 0.81 0.0 HG23 162 
   1393 111.5 0.0 N 126 
   547 60.5 0.0 CA 55 
   1012 131.3 0.0 CD2 92 
   874 8.23 0.0 H 83 
   246 2.0 0.0 HB2 33 
   1496 1.5 0.0 HB3 134 
   1883 7.79 0.0 H 166 
   1126 3.87 0.0 HA 102 
   952 3.07 0.0 HB3 88 
   1388 1.41 0.0 HG22 126 
   1549 4.17 0.0 HA 139 
   1369 1.43 0.0 HB2 125 
   1900 0.81 0.0 HG12 167 
   774 131.7 0.0 CD2 74 
   646 5.07 0.0 HA 64 
   413 2.34 0.0 HB3 45 
   1049 32.4 0.0 CB 95 
   695 1.69 0.0 HD2 68 
   249 1.85 0.0 HG3 33 
   565 1.5 0.0 HB1 57 
   433 1.79 0.0 HB2 47 
   1875 29.2 0.0 CD 164 
   82 1.01 0.0 HG23 18 
   1320 45.5 0.0 CA 120 
   630 115.3 0.0 N 62 
   527 8.75 0.0 H 54 
   1805 30.6 0.0 CB 159 
   910 1.51 0.0 HB2 85 
   1505 1.72 0.0 HG3 135 
   231 3.17 0.0 HD3 31 
   1172 5.09 0.0 HA 106 
   271 1.77 0.0 HG 35 
   1091 118.2 0.0 CE1 98 
   806 114.4 0.0 N 77 
   89 4.33 0.0 HA 19 
   1798 1.66 0.0 HB2 159 
   559 55.3 0.0 CA 56 
   999 117.4 0.0 N 91 
   1435 1.73 0.0 HD2 130 
   1107 4.44 0.0 HB 100 
   159 41.3 0.0 CB 24 
   1655 20.6 0.0 CB 147 
   1644 2.21 0.0 HG3 146 
   955 7.18 0.0 HE1 88 
   368 2.96 0.0 HE3 41 
   650 0.91 0.0 HD11 64 
   1631 0.45 0.0 HD22 145 
   620 5.55 0.0 HE1 62 
   268 4.34 0.0 HA 35 
   1411 114.8 0.0 N 128 
   539 1.91 0.0 HB2 55 
   285 4.72 0.0 HA 36 
   682 3.59 0.0 HB3 67 
   1362 2.23 0.0 HB2 124 
   371 25.0 0.0 CG 41 
   1378 54.2 0.0 CA 125 
   236 116.8 0.0 N 31 
   941 1.9 0.0 HB2 87 
   751 6.65 0.0 HZ3 73 
   440 0.98 0.0 HD22 47 
   1169 14.7 0.0 CD1 105 
   1257 42.5 0.0 CE 113 
   1876 41.8 0.0 CE 164 
   1468 41.9 0.0 CB 132 
   1268 110.1 0.0 N 114 
   1449 2.12 0.0 HG3 131 
   1874 26.3 0.0 CG 164 
   773 131.7 0.0 CD1 74 
   1438 2.99 0.0 HE3 130 
   434 2.21 0.0 HB3 47 
   356 24.3 0.0 CD1 40 
   1640 4.36 0.0 HA 146 
   227 2.02 0.0 HB3 31 
   990 8.61 0.0 H 91 
   764 3.1 0.0 HB2 74 
   2002 6.84 0.0 HE22 175 
   1590 1.64 0.0 HG 142 
   907 121.8 0.0 N 84 
   1017 8.57 0.0 H 93 
   1490 120.6 0.0 N 133 
   238 4.9 0.0 HA 32 
   1287 1.89 0.0 HE2 117 
   417 6.94 0.0 HE22 45 
   449 3.79 0.0 HA 48 
   366 1.74 0.0 HD3 41 
   519 3.0 0.0 HB2 53 
   1041 4.62 0.0 HA 95 
   981 0.71 0.0 HD11 90 
   1498 18.5 0.0 CB 134 
   264 28.8 0.0 CB 34 
   273 0.91 0.0 HD12 35 
   647 1.83 0.0 HB2 64 
   1094 3.55 0.0 HA 99 
   418 59.3 0.0 CA 45 
   1959 31.0 0.0 CB 171 
   1047 3.51 0.0 HD3 95 
   589 4.4 0.0 HA 60 
   175 35.9 0.0 CB 25 
   876 1.57 0.0 HB2 83 
   1524 4.01 0.0 HA 137 
