   1321 113.5 0.0 N 120 
   765 3.22 0.0 HB3 74 
   1812 57.2 0.0 CA 160 
   718 46.2 0.0 CA 70 
   440 0.98 0.0 HD22 47 
   314 21.0 0.0 CG1 37 
   569 19.0 0.0 CB 57 
   1313 30.5 0.0 CB 119 
   598 4.08 0.0 HB3 61 
   1508 57.0 0.0 CA 135 
   24 7.95 0.0 H 14 
   1364 57.6 0.0 CA 124 
   1074 1.17 0.0 HG23 97 
   1476 3.07 0.0 HB3 133 
   973 8.46 0.0 H 90 
   229 1.65 0.0 HG3 31 
   25 4.07 0.0 HA 14 
   827 4.84 0.0 HA 79 
   149 1.51 0.0 HB2 24 
   46 121.6 0.0 N 15 
   1833 3.68 0.0 HA 162 
   81 1.01 0.0 HG22 18 
   707 2.1 0.0 HB2 69 
   1803 3.0 0.0 HD3 159 
   783 107.1 0.0 N 75 
   1608 55.6 0.0 CA 143 
   1035 55.2 0.0 CA 94 
   1171 8.88 0.0 H 106 
   256 121.0 0.0 N 33 
   1287 1.89 0.0 HE2 117 
   956 7.18 0.0 HE2 88 
   270 1.81 0.0 HB3 35 
   1677 45.7 0.0 CA 149 
   1376 0.33 0.0 HD22 125 
   1051 50.6 0.0 CD 95 
   839 117.3 0.0 CE2 79 
   663 4.51 0.0 HA 65 
   559 55.3 0.0 CA 56 
   1207 2.39 0.0 HB3 109 
   1209 2.43 0.0 HG3 109 
   1592 -0.51 0.0 HD12 142 
   625 132.0 0.0 CD1 62 
   832 6.69 0.0 HE1 79 
   236 116.8 0.0 N 31 
   1157 0.33 0.0 HG12 105 
   1087 58.3 0.0 CA 98 
   187 68.1 0.0 CB 26 
   91 3.98 0.0 HB3 19 
   639 7.37 0.0 HE 63 
   1576 127.3 0.0 CD2 140 
   472 3.42 0.0 HD3 49 
   504 23.6 0.0 CG1 51 
   471 3.37 0.0 HD2 49 
   1218 1.35 0.0 HG 110 
   8 2.03 0.0 HB2 12 
   15 122.1 0.0 N 12 
   308 0.99 0.0 HG13 37 
   140 1.13 0.0 HG22 23 
   509 2.1 0.0 HB2 52 
   1213 116.4 0.0 N 109 
   484 6.97 0.0 HE1 50 
   943 2.0 0.0 HG2 87 
   999 117.4 0.0 N 91 
   616 2.1 0.0 HB2 62 
   1763 0.93 0.0 HG22 156 
   1507 3.11 0.0 HD3 135 
   934 132.9 0.0 CD1 86 
   1887 1.0 0.0 HG12 166 
   1890 1.0 0.0 HG22 166 
   1025 4.37 0.0 HA 94 
   1217 1.6 0.0 HB3 110 
   1293 3.08 0.0 HB3 118 
   136 0.96 0.0 HG11 23 
   410 8.21 0.0 H 45 
   942 1.9 0.0 HB3 87 
   751 6.65 0.0 HZ3 73 
   14 35.9 0.0 CG 12 
   1524 4.01 0.0 HA 137 
   821 114.1 0.0 CZ2 78 
   1231 7.36 0.0 H 111 
   1964 1.72 0.0 HB2 172 
   1438 2.99 0.0 HE3 130 
   1175 1.34 0.0 HB3 106 
   491 118.8 0.0 CE2 50 
   80 1.01 0.0 HG21 18 
   975 1.75 0.0 HB 90 
   1057 0.98 0.0 HG21 96 
   1343 7.91 0.0 H 123 
   543 1.6 0.0 HD2 55 
   1596 0.37 0.0 HD23 142 
   941 1.9 0.0 HB2 87 
   1008 6.45 0.0 HZ 92 
   1797 3.52 0.0 HA 159 
   1931 7.31 0.0 HD2 169 
   1844 38.3 0.0 CB 162 
   1459 1.92 0.0 HB3 132 
   1617 61.9 0.0 CA 144 
   1929 2.59 0.0 HB2 169 
   1165 62.8 0.0 CA 105 
   1277 8.32 0.0 H 116 
   797 29.6 0.0 CD 76 
   1427 129.2 0.0 CZ 129 
   1319 3.69 0.0 HA3 120 
   1306 1.79 0.0 HB2 119 
   1553 1.46 0.0 HG3 139 
   1658 4.51 0.0 HA 148 
   1177 21.6 0.0 CB 106 
   1440 29.7 0.0 CB 130 
   38 1.59 0.0 HG2 15 
   422 111.4 0.0 NE2 45 
   281 22.8 0.0 CD1 35 
   1083 7.86 0.0 HD1 98 
   764 3.1 0.0 HB2 74 
   1349 -0.36 0.0 HG22 123 
   192 2.32 0.0 HB2 27 
   1091 118.2 0.0 CE1 98 
   811 7.03 0.0 HD1 78 
   1876 41.8 0.0 CE 164 
   1711 51.4 0.0 CD 152 
   1620 136.3 0.0 CE1 144 
   1262 1.17 0.0 HG21 114 
   1100 3.8 0.0 HD3 99 
   109 1.61 0.0 HG13 21 
   1939 1.7 0.0 HB3 170 
   1764 0.93 0.0 HG23 156 
   1419 6.99 0.0 HE2 129 
   194 6.5 0.0 HD21 27 
   482 7.26 0.0 HD1 50 
   125 2.1 0.0 HG2 22 
   1949 29.2 0.0 CD 170 
   795 38.2 0.0 CB 76 
   589 4.4 0.0 HA 60 
   1153 119.5 0.0 N 104 
   1851 2.24 0.0 HB2 163 
   1756 6.91 0.0 H 156 
   1755 115.0 0.0 N 155 
   364 1.73 0.0 HG3 41 
   1242 115.0 0.0 N 112 
   1445 4.38 0.0 HA 131 
   305 2.2 0.0 HB 37 
   447 120.8 0.0 N 47 
   1675 4.05 0.0 HA2 149 
   1993 121.0 0.0 N 174 
   184 1.25 0.0 HG22 26 
   1530 1.08 0.0 HG22 137 
   1547 48.1 0.0 CD 138 
   945 54.3 0.0 CA 87 
   1411 114.8 0.0 N 128 
   1782 1.56 0.0 HB 158 
   1853 2.49 0.0 HG2 163 
   1700 105.7 0.0 N 151 
   1086 7.33 0.0 HE2 98 
   127 3.72 0.0 HD2 22 
   1825 0.73 0.0 HD23 161 
   79 0.94 0.0 HG13 18 
   217 1.44 0.0 HG3 30 
   326 28.0 0.0 CB 38 
   1431 1.96 0.0 HB2 130 
   526 110.8 0.0 ND2 53 
   444 27.4 0.0 CG 47 
   324 8.08 0.0 HE22 38 
   1503 1.86 0.0 HB3 135 
   1196 1.88 0.0 HG2 108 
   1740 1.14 0.0 HD22 154 
   298 114.2 0.0 CZ2 36 
   670 36.3 0.0 CG 65 
   106 4.14 0.0 HA 21 
   864 34.3 0.0 CB 81 
   742 123.7 0.0 N 72 
   1155 3.79 0.0 HA 105 
   1407 57.1 0.0 CA 128 
   1636 25.8 0.0 CD1 145 
   1560 25.7 0.0 CG 139 
   812 10.66 0.0 HE1 78 
   1811 2.55 0.0 HB3 160 
   1816 3.88 0.0 HA 161 
   1465 1.04 0.0 HD22 132 
   774 131.7 0.0 CD2 74 
   507 8.37 0.0 H 52 
   257 9.25 0.0 H 34 
   654 0.91 0.0 HD22 64 
   892 4.47 0.0 HA 84 
   1779 117.5 0.0 N 157 
   1458 1.61 0.0 HB2 132 
   1026 2.04 0.0 HB 94 
   985 42.8 0.0 CB 90 
   1624 1.42 0.0 HB2 145 
   959 42.6 0.0 CB 88 
   137 0.96 0.0 HG12 23 
   242 40.8 0.0 CB 32 
   188 22.0 0.0 CG2 26 
   1518 7.29 0.0 HD22 136 
   189 121.3 0.0 N 26 
   1650 4.49 0.0 HA 147 
   681 3.07 0.0 HB2 67 
   894 1.93 0.0 HB3 84 
   1975 29.1 0.0 CD 172 
   1126 3.87 0.0 HA 102 
   499 0.8 0.0 HG21 51 
   1266 68.6 0.0 CB 114 
   1912 14.6 0.0 CD1 167 
   134 4.44 0.0 HA 23 
   1273 1.43 0.0 HB3 115 
   1857 58.8 0.0 CA 163 
   1304 8.4 0.0 H 119 
   1609 18.0 0.0 CB 143 
   1946 56.7 0.0 CA 170 
   459 65.0 0.0 CA 48 
   820 119.9 0.0 CE3 78 
   1660 2.08 0.0 HB3 148 
   316 116.1 0.0 N 37 
   904 25.9 0.0 CG 84 
   640 54.8 0.0 CA 63 
   487 38.5 0.0 CB 50 
   1221 0.5 0.0 HD13 110 
   1395 4.38 0.0 HA 127 
   581 2.76 0.0 HB3 59 
   1989 7.61 0.0 HD21 174 
   1269 8.73 0.0 H 115 
   535 122.2 0.0 N 54 
   889 22.5 0.0 CD2 83 
   1001 4.95 0.0 HA 92 
   671 122.0 0.0 N 65 
   1488 123.0 0.0 CZ3 133 
   888 25.2 0.0 CD1 83 
   1730 127.7 0.0 NE1 153 
   767 6.87 0.0 HD2 74 
   119 17.2 0.0 CG2 21 
   1115 7.25 0.0 H 101 
   932 57.5 0.0 CA 86 
   1096 2.2 0.0 HB3 99 
   1283 119.1 0.0 N 116 
   460 37.8 0.0 CB 48 
   213 2.52 0.0 HA 30 
   89 4.33 0.0 HA 19 
   22 18.5 0.0 CB 13 
   882 0.77 0.0 HD21 83 
   1846 16.7 0.0 CG2 162 
   1540 1.25 0.0 HG2 138 
   1016 112.7 0.0 N 92 
   830 6.96 0.0 HD1 79 
   1661 1.64 0.0 HG 148 
   1719 7.16 0.0 HZ2 153 
   37 1.87 0.0 HB3 15 
   227 2.02 0.0 HB3 31 
   411 4.15 0.0 HA 45 
   1810 2.55 0.0 HB2 160 
   1362 2.23 0.0 HB2 124 
   1336 2.91 0.0 HE3 122 
   456 0.92 0.0 HD11 48 
   1807 49.4 0.0 CD 159 
   323 6.95 0.0 HE21 38 
   206 24.4 0.0 CB 28 
   220 63.2 0.0 CA 30 
   252 58.8 0.0 CA 33 
   1392 21.7 0.0 CG2 126 
   1450 3.64 0.0 HD2 131 
   1029 0.7 0.0 HG21 94 
   50 1.9 0.0 HB3 16 
   156 1.18 0.0 HD22 24 
   1214 7.93 0.0 H 110 
   1651 1.22 0.0 HB1 147 
   1320 45.5 0.0 CA 120 
   567 1.5 0.0 HB3 57 
   310 1.13 0.0 HG22 37 
   815 6.61 0.0 HZ3 78 
   1783 0.82 0.0 HG12 158 
   880 0.82 0.0 HD12 83 
   1605 1.04 0.0 HB1 143 
   1098 1.77 0.0 HG3 99 
   1022 43.0 0.0 CB 93 
   1163 0.43 0.0 HD12 105 
   286 3.29 0.0 HB2 36 
   51 1.6 0.0 HG2 16 
   739 32.8 0.0 CB 72 
   927 3.29 0.0 HB3 86 
   493 8.77 0.0 H 51 
   846 0.64 0.0 HG21 80 
   492 119.9 0.0 N 50 
   1986 4.67 0.0 HA 174 
   531 4.55 0.0 HD21 54 
   1310 3.21 0.0 HD2 119 
   1766 33.1 0.0 CB 156 
   678 111.7 0.0 N 66 
   1238 8.62 0.0 H 112 
   1549 4.17 0.0 HA 139 
   228 1.58 0.0 HG2 31 
   1843 65.1 0.0 CA 162 
   905 22.3 0.0 CD1 84 
   1479 7.41 0.0 HE3 133 
   1377 0.33 0.0 HD23 125 
   43 30.1 0.0 CB 15 
   453 0.97 0.0 HG21 48 
   450 1.98 0.0 HB 48 
   966 8.46 0.0 H 89 
   1823 0.73 0.0 HD21 161 
   166 1.76 0.0 HB2 25 
   1487 113.9 0.0 CZ2 133 
   724 1.1 0.0 HG22 71 
   614 6.81 0.0 H 62 
   1383 126.2 0.0 N 125 
   1930 2.88 0.0 HB3 169 
   954 7.16 0.0 HD2 88 
   1732 3.58 0.0 HA 154 
   1058 0.98 0.0 HG22 96 
   845 1.57 0.0 HG13 80 
   1222 0.68 0.0 HD21 110 
   1909 40.7 0.0 CB 167 
   536 104.6 0.0 ND2 54 
   1481 7.04 0.0 HZ3 133 
   860 2.85 0.0 HB2 81 
   1646 31.6 0.0 CB 146 
   522 6.74 0.0 HD22 53 
   124 2.46 0.0 HB3 22 
   872 39.0 0.0 CB 82 
   423 8.3 0.0 H 46 
   656 54.3 0.0 CA 64 
   761 127.0 0.0 NE1 73 
   972 122.9 0.0 N 89 
   1720 6.36 0.0 HZ3 153 
   1689 1.16 0.0 HD23 150 
   916 2.27 0.0 HE2 85 
   391 58.5 0.0 CA 43 
   1274 52.6 0.0 CA 115 
   1737 0.88 0.0 HD12 154 
   367 2.96 0.0 HE2 41 
   1451 3.77 0.0 HD3 131 
   311 1.13 0.0 HG23 37 
   1142 27.9 0.0 CG 103 
   979 1.02 0.0 HG22 90 
   246 2.0 0.0 HB2 33 
   1774 0.82 0.0 HG2 157 
   1916 1.92 0.0 HB2 168 
   510 2.21 0.0 HB3 52 
   908 8.45 0.0 H 85 
   1385 4.28 0.0 HA 126 
   1809 4.33 0.0 HA 160 
   203 1.47 0.0 HB2 28 
   417 6.94 0.0 HE22 45 
   833 6.69 0.0 HE2 79 
   1793 28.2 0.0 CG1 158 
   1742 57.8 0.0 CA 154 
   1401 7.93 0.0 H 128 
   955 7.18 0.0 HE1 88 
   971 41.3 0.0 CB 89 
   541 1.31 0.0 HG2 55 
   1695 125.1 0.0 N 150 
   566 1.5 0.0 HB2 57 
   84 31.9 0.0 CB 18 
   961 131.7 0.0 CD2 88 
   1031 0.7 0.0 HG23 94 
   856 12.7 0.0 CD1 80 
   1626 1.11 0.0 HG 145 
   1243 8.33 0.0 H 113 
   92 60.1 0.0 CA 19 
   698 3.0 0.0 HE3 68 
   1195 2.4 0.0 HB3 108 
   1059 0.98 0.0 HG23 96 
   748 9.32 0.0 HE1 73 
   1480 7.26 0.0 HZ2 133 
   1977 122.0 0.0 N 172 
   1739 1.14 0.0 HD21 154 
   146 116.5 0.0 N 23 
   1859 33.7 0.0 CG 163 
   701 24.4 0.0 CG 68 
   436 0.93 0.0 HD11 47 
   1885 2.17 0.0 HB 166 
   1727 119.6 0.0 CZ3 153 
   1497 54.7 0.0 CA 134 
   952 3.07 0.0 HB3 88 
   854 27.8 0.0 CG1 80 
   1583 4.14 0.0 HA3 141 
   1820 0.66 0.0 HD11 161 
   695 1.69 0.0 HD2 68 
   574 3.11 0.0 HB3 58 
   1118 1.08 0.0 HG21 101 
   588 8.49 0.0 H 60 
   155 1.18 0.0 HD21 24 
   1819 1.91 0.0 HG 161 
   478 8.25 0.0 H 50 
   263 59.6 0.0 CA 34 
   1285 2.4 0.0 HG3 117 
   1263 1.17 0.0 HG22 114 
   1598 40.4 0.0 CB 142 
   921 29.2 0.0 CD 85 
   661 123.1 0.0 N 64 
   77 0.94 0.0 HG11 18 
   726 61.7 0.0 CA 71 
   1201 32.3 0.0 CB 108 
   1457 3.95 0.0 HA 132 
   1728 122.7 0.0 CH2 153 
   1352 -0.19 0.0 HD12 123 
   604 7.04 0.0 HH2 61 
   1062 0.87 0.0 HD13 96 
   676 55.8 0.0 CA 66 
   306 0.99 0.0 HG11 37 
   1239 4.25 0.0 HA2 112 
   914 1.27 0.0 HD2 85 
   344 0.97 0.0 HB2 40 
   646 5.07 0.0 HA 64 
   1367 8.42 0.0 H 125 
   1869 1.59 0.0 HD3 164 
   659 24.3 0.0 CD1 64 
   1477 6.93 0.0 HD1 133 
   389 2.14 0.0 HG2 43 
   1868 1.5 0.0 HD2 164 
   606 29.6 0.0 CB 61 
   117 39.1 0.0 CB 21 
   1308 1.58 0.0 HG2 119 
   72 21.8 0.0 CG2 17 
   777 129.4 0.0 CZ 74 
   555 2.93 0.0 HB2 56 
   717 3.53 0.0 HA3 70 
   558 7.75 0.0 HD22 56 
   771 54.9 0.0 CA 74 
   1662 0.8 0.0 HD11 148 
   1733 1.24 0.0 HB2 154 
   1768 21.8 0.0 CG2 156 
   1969 1.65 0.0 HD3 172 
   1703 2.44 0.0 HB3 152 
   1614 3.34 0.0 HB3 144 
   1065 27.8 0.0 CG1 96 
   107 1.29 0.0 HB 21 
   1422 39.5 0.0 CB 129 
   1420 6.93 0.0 HZ 129 
   665 1.81 0.0 HB3 65 
   1599 26.2 0.0 CG 142 
   1569 6.2 0.0 HD2 140 
   4 54.1 0.0 CA 11 
   1110 1.25 0.0 HG23 100 
   97 1.96 0.0 HB2 20 
   696 1.69 0.0 HD3 68 
   1892 63.3 0.0 CA 166 
   829 3.01 0.0 HB3 79 
   1433 1.42 0.0 HG2 130 
   52 1.6 0.0 HG3 16 
   2 2.76 0.0 HB2 11 
   1024 8.43 0.0 H 94 
   1911 18.1 0.0 CG2 167 
   1232 4.44 0.0 HA 111 
   1298 53.1 0.0 CA 118 
   1886 1.0 0.0 HG11 166 
   416 7.61 0.0 HE21 45 
   414 2.54 0.0 HG2 45 
   1960 36.0 0.0 CG 171 
   284 8.01 0.0 H 36 
   463 13.2 0.0 CD1 48 
   1557 2.91 0.0 HE3 139 
   1980 2.81 0.0 HB2 173 
   271 1.77 0.0 HG 35 
   772 40.5 0.0 CB 74 
   1134 0.87 0.0 HB2 103 
   818 32.6 0.0 CB 78 
   600 9.85 0.0 HE1 61 
   1900 0.81 0.0 HG12 167 
   743 8.77 0.0 H 73 
   1550 1.74 0.0 HB2 139 
   1237 119.9 0.0 N 111 
   1454 27.9 0.0 CG 131 
   515 36.4 0.0 CG 52 
   191 4.6 0.0 HA 27 
   1754 18.2 0.0 CB 155 
   214 1.05 0.0 HB2 30 
   1160 0.67 0.0 HG22 105 
   1312 57.4 0.0 CA 119 
   1642 2.46 0.0 HB3 146 
   613 127.8 0.0 NE1 61 
   1913 112.3 0.0 N 167 
   1821 0.66 0.0 HD12 161 
   1855 7.42 0.0 HE21 163 
   964 128.3 0.0 CZ 88 
   1712 7.2 0.0 H 153 
   1305 4.25 0.0 HA 119 
   866 126.2 0.0 N 81 
   361 2.06 0.0 HB2 41 
   85 21.7 0.0 CG1 18 
   1893 32.2 0.0 CB 166 
   704 123.1 0.0 N 68 
   689 8.83 0.0 H 68 
   261 2.42 0.0 HG2 34 
   196 51.1 0.0 CA 27 
   104 119.8 0.0 N 20 
   1324 3.93 0.0 HA3 121 
   1722 62.3 0.0 CA 153 
   1172 5.09 0.0 HA 106 
   1180 4.9 0.0 HA 107 
   637 3.25 0.0 HD2 63 
   607 128.3 0.0 CD1 61 
   1456 6.93 0.0 H 132 
   1837 0.81 0.0 HG21 162 
   1558 57.9 0.0 CA 139 
   1839 0.81 0.0 HG23 162 
   1709 32.1 0.0 CB 152 
   1800 1.71 0.0 HG2 159 
   1055 1.32 0.0 HG12 96 
   1461 0.93 0.0 HD11 132 
   609 113.7 0.0 CZ2 61 
   1309 1.68 0.0 HG3 119 
   143 32.8 0.0 CB 23 
   439 0.98 0.0 HD21 47 
   1760 0.75 0.0 HG12 156 
   568 51.2 0.0 CA 57 
   1514 4.26 0.0 HA 136 
   1432 2.04 0.0 HB3 130 
   505 21.0 0.0 CG2 51 
   1953 4.39 0.0 HA 171 
   1415 3.22 0.0 HB3 129 
   1863 4.19 0.0 HA 164 
   591 2.96 0.0 HB3 60 
   1211 30.2 0.0 CB 109 
   1529 1.08 0.0 HG21 137 
   1933 30.1 0.0 CB 169 
   587 110.7 0.0 ND2 59 
   159 41.3 0.0 CB 24 
   1339 25.6 0.0 CG 122 
   1264 1.17 0.0 HG23 114 
   1041 4.62 0.0 HA 95 
   1938 1.7 0.0 HB2 170 
   1920 6.76 0.0 HE21 168 
   590 2.19 0.0 HB2 60 
   473 57.4 0.0 CA 49 
   1007 6.63 0.0 HE2 92 
   768 7.0 0.0 HE1 74 
   1337 55.1 0.0 CA 122 
   1185 0.93 0.0 HG21 107 
   1998 2.08 0.0 HB3 175 
   1271 1.43 0.0 HB1 115 
   2007 112.3 0.0 NE2 175 
   1533 33.3 0.0 CB 137 
   30 64.2 0.0 CA 14 
   1088 42.0 0.0 CB 98 
   1589 1.6 0.0 HB3 142 
   83 64.2 0.0 CA 18 
   1889 1.0 0.0 HG21 166 
   935 132.9 0.0 CD2 86 
   1015 127.8 0.0 CZ 92 
   550 29.7 0.0 CD 55 
   1527 0.66 0.0 HG12 137 
   31 68.6 0.0 CB 14 
   1447 2.29 0.0 HB3 131 
   1902 0.95 0.0 HG21 167 
   1663 0.8 0.0 HD12 148 
   1246 1.82 0.0 HB3 113 
   544 1.6 0.0 HD3 55 
   201 4.74 0.0 HA 28 
   1693 23.0 0.0 CD1 150 
   1391 69.5 0.0 CB 126 
   1659 1.74 0.0 HB2 148 
   253 28.7 0.0 CB 33 
   615 4.91 0.0 HA 62 
   397 3.17 0.0 HB2 44 
   1275 18.9 0.0 CB 115 
   1630 0.45 0.0 HD21 145 
   464 118.5 0.0 N 48 
   1679 7.83 0.0 H 150 
   1225 53.9 0.0 CA 110 
   840 121.1 0.0 N 79 
   1784 1.49 0.0 HG13 158 
   1043 2.39 0.0 HB3 95 
   1788 0.18 0.0 HD11 158 
   992 2.07 0.0 HB2 91 
   315 22.1 0.0 CG2 37 
   1460 1.53 0.0 HG 132 
   976 0.84 0.0 HG12 90 
   325 58.3 0.0 CA 38 
   1374 0.13 0.0 HD13 125 
   1862 7.88 0.0 H 164 
   810 3.29 0.0 HB3 78 
   599 7.87 0.0 HD1 61 
   865 119.9 0.0 CD2 81 
   1875 29.2 0.0 CD 164 
   64 1.01 0.0 HG12 17 
   1521 116.3 0.0 N 136 
   2002 6.84 0.0 HE22 175 
   139 1.13 0.0 HG21 23 
   1501 4.14 0.0 HA 135 
   489 131.7 0.0 CD2 50 
   682 3.59 0.0 HB3 67 
   70 32.2 0.0 CB 17 
   1210 58.3 0.0 CA 109 
   36 1.87 0.0 HB2 15 
   424 4.12 0.0 HA 46 
   1602 125.0 0.0 N 142 
   897 0.41 0.0 HD12 84 
   1751 1.43 0.0 HB2 155 
   1778 34.2 0.0 CG 157 
   1258 117.5 0.0 N 113 
   1229 22.5 0.0 CD2 110 
   520 3.26 0.0 HB3 53 
   435 1.91 0.0 HG 47 
   1473 8.49 0.0 H 133 
   28 1.24 0.0 HG22 14 
   1289 36.0 0.0 CG 117 
   1543 3.45 0.0 HD3 138 
   461 29.8 0.0 CG1 48 
   925 4.52 0.0 HA 86 
   262 2.42 0.0 HG3 34 
   1405 7.06 0.0 HD2 128 
   90 3.98 0.0 HB2 19 
   1968 1.65 0.0 HD2 172 
   1983 27.8 0.0 CB 173 
   876 1.57 0.0 HB2 83 
   1173 1.34 0.0 HB1 106 
   1158 1.15 0.0 HG13 105 
   1927 8.65 0.0 H 169 
   133 8.04 0.0 H 23 
   521 7.98 0.0 HD21 53 
   1112 67.9 0.0 CB 100 
   1753 53.8 0.0 CA 155 
   758 120.1 0.0 CZ3 73 
   48 4.19 0.0 HA 16 
   796 24.8 0.0 CG 76 
   1472 119.9 0.0 N 132 
   560 38.1 0.0 CB 56 
   1161 0.67 0.0 HG23 105 
   699 59.8 0.0 CA 68 
   1404 3.23 0.0 HB3 128 
   890 108.0 0.0 N 83 
   1250 1.6 0.0 HD3 113 
   1910 25.3 0.0 CG1 167 
   1830 22.9 0.0 CD2 161 
   634 1.82 0.0 HB3 63 
   418 59.3 0.0 CA 45 
   1971 2.95 0.0 HE3 172 
   745 1.04 0.0 HB2 73 
   571 7.96 0.0 H 58 
   1710 28.3 0.0 CG 152 
   950 5.09 0.0 HA 88 
   1845 29.2 0.0 CG1 162 
   511 2.31 0.0 HG2 52 
   1330 1.47 0.0 HB3 122 
   1003 3.68 0.0 HB3 92 
   1130 49.7 0.0 CA 102 
   799 121.3 0.0 N 76 
   276 1.01 0.0 HD22 35 
   1921 7.47 0.0 HE22 168 
   1828 26.2 0.0 CG 161 
   1303 117.4 0.0 CE2 118 
   1899 1.86 0.0 HB 167 
   387 2.22 0.0 HB2 43 
   612 121.9 0.0 N 61 
   1105 8.2 0.0 H 100 
   1973 32.8 0.0 CB 172 
   1628 -0.05 0.0 HD12 145 
   1528 0.66 0.0 HG13 137 
   1895 21.8 0.0 CG2 166 
   918 56.1 0.0 CA 85 
   1000 8.46 0.0 H 92 
   643 42.6 0.0 CD 63 
   1176 50.2 0.0 CA 106 
   1241 45.8 0.0 CA 112 
   1036 36.4 0.0 CB 94 
   17 4.21 0.0 HA 13 
   930 6.77 0.0 HE1 86 
   1531 1.08 0.0 HG23 137 
   1942 1.6 0.0 HD2 170 
   1270 4.47 0.0 HA 115 
   1345 0.37 0.0 HB 123 
   790 1.55 0.0 HD2 76 
   863 55.6 0.0 CA 81 
   1491 130.6 0.0 NE1 133 
   867 9.03 0.0 H 82 
   112 0.18 0.0 HG23 21 
   561 118.9 0.0 N 56 
   1643 2.21 0.0 HG2 146 
   1672 22.7 0.0 CD2 148 
   1544 64.6 0.0 CA 138 
   158 56.0 0.0 CA 24 
   182 3.96 0.0 HB 26 
   662 8.9 0.0 H 65 
   805 32.7 0.0 CB 77 
   1408 30.4 0.0 CB 128 
   1502 1.71 0.0 HB2 135 
   1723 29.6 0.0 CB 153 
   1260 4.63 0.0 HA 114 
   282 25.2 0.0 CD2 35 
   896 0.41 0.0 HD11 84 
   41 3.21 0.0 HD3 15 
   1966 1.35 0.0 HG2 172 
   181 3.89 0.0 HA 26 
   272 0.91 0.0 HD11 35 
   1785 0.42 0.0 HG21 158 
   451 1.26 0.0 HG12 48 
   341 121.0 0.0 N 39 
   1199 3.77 0.0 HD3 108 
   501 0.8 0.0 HG23 51 
   129 63.3 0.0 CA 22 
   1121 59.6 0.0 CA 101 
   1765 63.4 0.0 CA 156 
   1655 20.6 0.0 CB 147 
   113 -0.19 0.0 HD11 21 
   1919 2.35 0.0 HG3 168 
   144 18.2 0.0 CG1 23 
   1835 0.32 0.0 HG12 162 
   259 2.16 0.0 HB2 34 
   623 57.0 0.0 CA 62 
   120 13.1 0.0 CD1 21 
   343 3.56 0.0 HA 40 
   1417 7.05 0.0 HD2 129 
   884 0.77 0.0 HD23 83 
   980 1.02 0.0 HG23 90 
   1955 2.09 0.0 HB3 171 
   674 0.91 0.0 HB2 66 
   630 115.3 0.0 N 62 
   843 1.63 0.0 HB 80 
   1235 56.4 0.0 CA 111 
   1414 3.1 0.0 HB2 129 
   657 48.2 0.0 CB 64 
   1484 27.6 0.0 CB 133 
   412 2.23 0.0 HB2 45 
   1150 54.1 0.0 CA 104 
   130 31.8 0.0 CB 22 
   490 118.8 0.0 CE1 50 
   686 37.3 0.0 CB 67 
   1202 27.1 0.0 CG 108 
   1640 4.36 0.0 HA 146 
   1288 1.89 0.0 HE3 117 
   1952 8.55 0.0 H 171 
   1600 23.0 0.0 CD1 142 
   926 2.88 0.0 HB2 86 
   551 41.8 0.0 CE 55 
   1552 1.26 0.0 HG2 139 
   997 33.5 0.0 CB 91 
   851 0.82 0.0 HD13 80 
   1430 3.99 0.0 HA 130 
   180 10.39 0.0 H 26 
   838 117.3 0.0 CE1 79 
   1048 62.1 0.0 CA 95 
   409 118.4 0.0 N 44 
   1653 1.22 0.0 HB3 147 
   740 27.4 0.0 CG 72 
   990 8.61 0.0 H 91 
   801 5.55 0.0 HA 77 
   45 43.1 0.0 CD 15 
   1701 4.25 0.0 HA 152 
   1066 18.1 0.0 CG2 96 
   1038 16.8 0.0 CG2 94 
   1925 121.6 0.0 N 168 
   401 6.81 0.0 HE1 44 
   1972 56.3 0.0 CA 172 
   349 0.84 0.0 HD13 40 
   1144 8.6 0.0 H 104 
   151 1.7 0.0 HG 24 
   61 3.95 0.0 HA 17 
   338 58.1 0.0 CA 39 
   549 25.6 0.0 CG 55 
   388 2.34 0.0 HB3 43 
   486 58.8 0.0 CA 50 
   108 0.36 0.0 HG12 21 
   195 7.45 0.0 HD22 27 
   1354 61.9 0.0 CA 123 
   1872 56.9 0.0 CA 164 
   366 1.74 0.0 HD3 41 
   1982 58.6 0.0 CA 173 
   735 1.63 0.0 HG3 72 
   102 30.1 0.0 CB 20 
   891 7.9 0.0 H 84 
   448 8.86 0.0 H 48 
   1856 6.84 0.0 HE22 163 
   1517 6.92 0.0 HD21 136 
   1372 0.13 0.0 HD11 125 
   749 7.03 0.0 HE3 73 
   462 17.0 0.0 CG2 48 
   1080 4.69 0.0 HA 98 
   87 118.3 0.0 N 18 
   1183 0.58 0.0 HG12 107 
   733 1.73 0.0 HB3 72 
   193 3.25 0.0 HB3 27 
   580 2.37 0.0 HB2 59 
   1947 33.5 0.0 CB 170 
   1206 2.17 0.0 HB2 109 
   1990 6.91 0.0 HD22 174 
   1974 24.7 0.0 CG 172 
   858 9.14 0.0 H 81 
   732 1.63 0.0 HB2 72 
   358 120.3 0.0 N 40 
   1878 7.93 0.0 H 165 
   784 8.54 0.0 H 76 
   1772 0.27 0.0 HB2 157 
   1898 4.64 0.0 HA 167 
   828 3.01 0.0 HB2 79 
   1666 0.92 0.0 HD22 148 
   1564 6.28 0.0 H 140 
   452 1.86 0.0 HG13 48 
   1674 7.41 0.0 H 149 
   498 0.78 0.0 HG13 51 
   1328 4.58 0.0 HA 122 
   331 4.12 0.0 HA 39 
   1018 5.58 0.0 HA 93 
   1128 0.01 0.0 HB2 102 
   1317 8.98 0.0 H 120 
   1881 45.6 0.0 CA 165 
   736 3.09 0.0 HD2 72 
   302 125.7 0.0 NE1 36 
   1908 59.4 0.0 CA 167 
   268 4.34 0.0 HA 35 
   1506 3.11 0.0 HD2 135 
   1961 119.4 0.0 N 171 
   197 36.8 0.0 CB 27 
   508 3.88 0.0 HA 52 
   734 1.5 0.0 HG2 72 
   1888 1.0 0.0 HG13 166 
   1151 30.1 0.0 CB 104 
   289 9.86 0.0 HE1 36 
   895 1.54 0.0 HG 84 
   1563 122.6 0.0 N 139 
   1525 1.75 0.0 HB 137 
   95 7.79 0.0 H 20 
   408 117.8 0.0 CE2 44 
   813 7.27 0.0 HE3 78 
   1333 1.6 0.0 HD2 122 
   1338 32.9 0.0 CB 122 
   1494 1.5 0.0 HB1 134 
   1439 62.3 0.0 CA 130 
   1818 1.9 0.0 HB3 161 
   208 8.82 0.0 H 29 
   1867 1.66 0.0 HG3 164 
   636 1.74 0.0 HG3 63 
   2004 29.2 0.0 CB 175 
   269 1.46 0.0 HB2 35 
   1162 0.43 0.0 HD11 105 
   53 3.21 0.0 HD2 16 
   177 29.2 0.0 CD 25 
   466 4.23 0.0 HA 49 
   280 27.0 0.0 CG 35 
   601 7.9 0.0 HE3 61 
   1358 13.5 0.0 CD1 123 
   468 2.07 0.0 HB3 49 
   766 6.87 0.0 HD1 74 
   878 1.45 0.0 HG 83 
   1572 6.2 0.0 HZ 140 
   877 2.1 0.0 HB3 83 
   1188 58.3 0.0 CA 107 
   1382 22.6 0.0 CD2 125 
   340 26.9 0.0 CG 39 
   1654 55.8 0.0 CA 147 
   725 1.1 0.0 HG23 71 
   547 60.5 0.0 CA 55 
   348 0.84 0.0 HD12 40 
   1746 27.6 0.0 CD2 154 
   1046 3.51 0.0 HD2 95 
   570 121.1 0.0 N 57 
   1718 7.08 0.0 HE3 153 
   824 117.5 0.0 N 78 
   1734 2.04 0.0 HB3 154 
   1985 8.55 0.0 H 174 
   1578 129.7 0.0 CE2 140 
   1344 3.77 0.0 HA 123 
   49 1.9 0.0 HB2 16 
   831 6.96 0.0 HD2 79 
   893 0.6 0.0 HB2 84 
   624 40.9 0.0 CB 62 
   1708 64.6 0.0 CA 152 
   1191 22.2 0.0 CG2 107 
   1143 49.2 0.0 CD 103 
   9 2.03 0.0 HB3 12 
   622 5.65 0.0 HZ 62 
   1940 1.38 0.0 HG2 170 
   528 4.38 0.0 HA 54 
   1011 131.3 0.0 CD1 92 
   650 0.91 0.0 HD11 64 
   653 0.91 0.0 HD21 64 
   237 8.17 0.0 H 32 
   60 7.9 0.0 H 17 
   760 125.1 0.0 N 73 
   476 42.2 0.0 CD 49 
   1039 8.7 0.0 CD1 94 
   419 28.3 0.0 CB 45 
   869 2.25 0.0 HB2 82 
   1865 2.04 0.0 HB3 164 
   373 42.2 0.0 CE 41 
   1725 119.6 0.0 CE3 153 
   153 1.0 0.0 HD12 24 
   167 1.76 0.0 HB3 25 
   1114 122.2 0.0 N 100 
   356 24.3 0.0 CD1 40 
   1402 4.57 0.0 HA 128 
   78 0.94 0.0 HG12 18 
   1492 8.33 0.0 H 134 
   886 39.8 0.0 CB 83 
   814 7.17 0.0 HZ2 78 
   868 4.02 0.0 HA 82 
   1951 123.6 0.0 N 170 
   382 29.2 0.0 CB 42 
   1680 4.08 0.0 HA 150 
   1410 136.2 0.0 CE1 128 
   605 56.9 0.0 CA 61 
   1923 31.6 0.0 CB 168 
   885 57.1 0.0 CA 83 
   1186 0.93 0.0 HG22 107 
   1205 4.3 0.0 HA 109 
   1097 1.5 0.0 HG2 99 
   1932 57.3 0.0 CA 169 
   564 4.51 0.0 HA 57 
   1745 23.0 0.0 CD1 154 
   437 0.93 0.0 HD12 47 
   385 8.98 0.0 H 43 
   1692 27.0 0.0 CG 150 
   578 8.55 0.0 H 59 
   1548 8.76 0.0 H 139 
   1644 2.21 0.0 HG3 146 
   160 31.1 0.0 CG 24 
   635 1.6 0.0 HG2 63 
   620 5.55 0.0 HE1 62 
   1169 14.7 0.0 CD1 105 
   850 0.82 0.0 HD12 80 
   987 19.5 0.0 CG2 90 
   537 8.89 0.0 H 55 
   2000 2.31 0.0 HG3 175 
   632 4.37 0.0 HA 63 
   912 1.18 0.0 HG2 85 
   1437 2.99 0.0 HE2 130 
   1535 22.9 0.0 CG2 137 
   523 55.6 0.0 CA 53 
   729 107.9 0.0 N 71 
   1381 25.2 0.0 CD1 125 
   1522 116.8 0.0 ND2 136 
   532 7.24 0.0 HD22 54 
   685 51.6 0.0 CA 67 
   513 59.7 0.0 CA 52 
   900 0.64 0.0 HD22 84 
   2006 120.6 0.0 N 175 
   1509 30.1 0.0 CB 135 
   20 1.47 0.0 HB3 13 
   1827 41.4 0.0 CB 161 
   1004 6.51 0.0 HD1 92 
   111 0.18 0.0 HG22 21 
   16 8.44 0.0 H 13 
   917 2.37 0.0 HE3 85 
   241 55.0 0.0 CA 32 
   1618 29.7 0.0 CB 144 
   238 4.9 0.0 HA 32 
   363 1.45 0.0 HG2 41 
   1253 56.4 0.0 CA 113 
   705 8.77 0.0 H 69 
   1814 115.9 0.0 N 160 
   1917 2.09 0.0 HB3 168 
   1436 1.74 0.0 HD3 130 
   1380 26.3 0.0 CG 125 
   883 0.77 0.0 HD22 83 
   1197 2.12 0.0 HG3 108 
   1611 7.37 0.0 H 144 
   1622 8.62 0.0 H 145 
   122 4.51 0.0 HA 22 
   645 8.7 0.0 H 64 
   359 7.57 0.0 H 41 
   1350 -0.36 0.0 HG23 123 
   1668 54.5 0.0 CA 148 
   716 4.53 0.0 HA2 70 
   1963 4.4 0.0 HA 172 
   1261 4.2 0.0 HB 114 
   1542 3.23 0.0 HD2 138 
   1071 4.67 0.0 HB 97 
   1901 1.3 0.0 HG13 167 
   899 0.64 0.0 HD21 84 
   225 4.34 0.0 HA 31 
   1842 0.01 0.0 HD13 162 
   1116 4.28 0.0 HA 101 
   1686 0.87 0.0 HD13 150 
   628 133.7 0.0 CE2 62 
   638 3.25 0.0 HD3 63 
   1523 6.64 0.0 H 137 
   202 1.47 0.0 HB1 28 
   1272 1.43 0.0 HB2 115 
   841 8.07 0.0 H 80 
   470 1.93 0.0 HG3 49 
   1412 7.96 0.0 H 129 
   546 2.84 0.0 HE3 55 
   154 1.0 0.0 HD13 24 
   1684 0.87 0.0 HD11 150 
   951 2.71 0.0 HB2 88 
   596 4.27 0.0 HA 61 
   1184 0.58 0.0 HG13 107 
   957 7.05 0.0 HZ 88 
   757 113.1 0.0 CZ2 73 
   1590 1.64 0.0 HG 142 
   1327 7.0 0.0 H 122 
   962 129.6 0.0 CE1 88 
   142 61.6 0.0 CA 23 
   427 5.22 0.0 HG 46 
   875 3.58 0.0 HA 83 
   354 41.3 0.0 CB 40 
   1690 57.9 0.0 CA 150 
   1416 7.05 0.0 HD1 129 
   1806 28.7 0.0 CG 159 
   1452 65.5 0.0 CA 131 
   1601 22.0 0.0 CD2 142 
   190 9.34 0.0 H 27 
   798 42.2 0.0 CE 76 
   1247 1.3 0.0 HG2 113 
   1315 42.9 0.0 CD 119 
   13 29.4 0.0 CB 12 
   1471 26.2 0.0 CD2 132 
   219 3.47 0.0 HD3 30 
   627 133.7 0.0 CE1 62 
   29 1.24 0.0 HG23 14 
   807 9.24 0.0 H 78 
   474 29.4 0.0 CB 49 
   700 31.8 0.0 CB 68 
   429 62.7 0.0 CB 46 
   675 2.44 0.0 HB3 66 
   1882 108.0 0.0 N 165 
   1093 128.0 0.0 N 98 
   1278 4.0 0.0 HA 116 
   664 1.55 0.0 HB2 65 
   332 1.78 0.0 HB2 39 
   848 0.64 0.0 HG23 80 
   425 3.98 0.0 HB2 46 
   1101 62.8 0.0 CA 99 
   1236 41.0 0.0 CB 111 
   919 34.2 0.0 CB 85 
   1140 61.6 0.0 CA 103 
   879 0.82 0.0 HD11 83 
   1279 2.0 0.0 HB2 116 
   708 2.23 0.0 HB3 69 
   34 8.07 0.0 H 15 
   1570 6.77 0.0 HE1 140 
   1789 0.18 0.0 HD12 158 
   1441 26.5 0.0 CG 130 
   629 131.9 0.0 CZ 62 
   1664 0.8 0.0 HD13 148 
   1505 1.72 0.0 HG3 135 
   1914 8.64 0.0 H 168 
   750 7.02 0.0 HZ2 73 
   715 7.82 0.0 H 70 
   1713 4.06 0.0 HA 153 
   1360 7.71 0.0 H 124 
   1907 0.85 0.0 HD13 167 
   376 4.12 0.0 HA 42 
   1182 0.58 0.0 HG11 107 
   1248 1.36 0.0 HG3 113 
   644 118.8 0.0 N 63 
   1805 30.6 0.0 CB 159 
   1957 2.2 0.0 HG3 171 
   1615 5.82 0.0 HD2 144 
   1125 7.94 0.0 H 102 
   1120 1.08 0.0 HG23 101 
   1681 1.36 0.0 HB2 150 
   1390 62.4 0.0 CA 126 
   744 4.72 0.0 HA 73 
   1534 20.4 0.0 CG1 137 
   834 57.7 0.0 CA 79 
   1976 41.8 0.0 CE 172 
   1574 36.4 0.0 CB 140 
   1486 120.1 0.0 CE3 133 
   1311 3.21 0.0 HD3 119 
   548 32.2 0.0 CB 55 
   1329 1.25 0.0 HB2 122 
   502 67.2 0.0 CA 51 
   902 53.6 0.0 CA 84 
   524 37.4 0.0 CB 53 
   534 36.9 0.0 CB 54 
   12 58.2 0.0 CA 12 
   1903 0.95 0.0 HG22 167 
   849 0.82 0.0 HD11 80 
   1945 2.96 0.0 HE3 170 
   1363 2.78 0.0 HB3 124 
   1612 3.57 0.0 HA 144 
   1132 126.2 0.0 N 102 
   1403 3.23 0.0 HB2 128 
   1984 120.4 0.0 N 173 
   481 3.32 0.0 HB3 50 
   1848 120.1 0.0 N 162 
   278 56.6 0.0 CA 35 
   1603 9.24 0.0 H 143 
   1190 20.0 0.0 CG1 107 
   1941 1.38 0.0 HG3 170 
   1582 5.14 0.0 HA2 141 
   477 119.0 0.0 N 49 
   393 34.7 0.0 CG 43 
   1280 2.0 0.0 HB3 116 
   1510 27.0 0.0 CG 135 
   584 51.8 0.0 CA 59 
   968 2.72 0.0 HB2 89 
   826 9.23 0.0 H 79 
   595 7.49 0.0 H 61 
   974 5.66 0.0 HA 90 
   304 3.36 0.0 HA 37 
   1670 27.0 0.0 CG 148 
   446 23.9 0.0 CD2 47 
   781 4.31 0.0 HA3 75 
   1883 7.79 0.0 H 166 
   496 0.78 0.0 HG11 51 
   171 1.6 0.0 HD3 25 
   57 27.3 0.0 CG 16 
   579 5.05 0.0 HA 59 
   469 1.74 0.0 HG2 49 
   231 3.17 0.0 HD3 31 
   1606 1.04 0.0 HB2 143 
   1351 -0.19 0.0 HD11 123 
   1629 -0.05 0.0 HD13 145 
   984 58.5 0.0 CA 90 
   1267 20.7 0.0 CG2 114 
   1249 1.6 0.0 HD2 113 
   19 1.47 0.0 HB2 13 
   164 8.31 0.0 H 25 
   454 0.97 0.0 HG22 48 
   773 131.7 0.0 CD1 74 
   967 5.42 0.0 HA 89 
   1545 32.6 0.0 CB 138 
   250 3.34 0.0 HD2 33 
   1688 1.16 0.0 HD22 150 
   1541 1.72 0.0 HG3 138 
   1619 115.6 0.0 CD2 144 
   216 1.05 0.0 HG2 30 
   617 2.5 0.0 HB3 62 
   381 59.1 0.0 CA 42 
   65 1.01 0.0 HG13 17 
   1341 41.8 0.0 CE 122 
   1378 54.2 0.0 CA 125 
   407 117.8 0.0 CE1 44 
   1673 110.9 0.0 N 148 
   54 3.21 0.0 HD3 16 
   383 35.5 0.0 CG 42 
   1220 0.5 0.0 HD12 110 
   1581 9.74 0.0 H 141 
   378 2.71 0.0 HB3 42 
   1478 9.6 0.0 HE1 133 
   260 2.16 0.0 HB3 34 
   1233 2.6 0.0 HB2 111 
   1418 6.99 0.0 HE1 129 
   479 4.78 0.0 HA 50 
   1219 0.5 0.0 HD11 110 
   1295 7.0 0.0 HD2 118 
   633 1.82 0.0 HB2 63 
   1429 8.59 0.0 H 130 
   1905 0.85 0.0 HD11 167 
   11 2.32 0.0 HG3 12 
   1370 1.68 0.0 HB3 125 
   1826 57.4 0.0 CA 161 
   55 57.8 0.0 CA 16 
   946 34.7 0.0 CB 87 
   960 131.7 0.0 CD1 88 
   179 116.8 0.0 N 25 
   245 3.99 0.0 HA 33 
   1604 3.75 0.0 HA 143 
   1014 129.9 0.0 CE2 92 
   434 2.21 0.0 HB3 47 
   165 4.41 0.0 HA 25 
   1738 0.88 0.0 HD13 154 
   1965 1.85 0.0 HB3 172 
   1226 42.1 0.0 CB 110 
   949 9.09 0.0 H 88 
   915 1.28 0.0 HD3 85 
   405 131.7 0.0 CD1 44 
   390 2.75 0.0 HG3 43 
   1798 1.66 0.0 HB2 159 
   1117 3.67 0.0 HB 101 
   776 130.0 0.0 CE2 74 
   602 7.45 0.0 HZ2 61 
   785 5.61 0.0 HA 76 
   1375 0.33 0.0 HD21 125 
   800 9.17 0.0 H 77 
   1943 1.6 0.0 HD3 170 
   299 120.3 0.0 CZ3 36 
   1840 0.01 0.0 HD11 162 
   82 1.01 0.0 HG23 18 
   1696 9.07 0.0 H 151 
   648 1.86 0.0 HB3 64 
   1129 0.01 0.0 HB3 102 
   1259 7.31 0.0 H 114 
   1495 1.5 0.0 HB2 134 
   1813 41.7 0.0 CB 160 
   2003 56.0 0.0 CA 175 
   1323 3.93 0.0 HA2 121 
   1443 41.8 0.0 CE 130 
   365 1.74 0.0 HD2 41 
   1148 2.07 0.0 HG2 104 
   255 43.1 0.0 CD 33 
   1771 3.85 0.0 HA 157 
   1702 1.82 0.0 HB2 152 
   712 29.6 0.0 CB 69 
   642 26.9 0.0 CG 63 
   386 4.33 0.0 HA 43 
   1019 2.51 0.0 HB2 93 
   525 119.5 0.0 N 53 
   1113 21.6 0.0 CG2 100 
   1715 3.56 0.0 HB3 153 
   1667 0.92 0.0 HD23 148 
   357 24.3 0.0 CD2 40 
   1808 6.55 0.0 H 160 
   658 27.3 0.0 CG 64 
   300 122.2 0.0 CH2 36 
   1353 -0.19 0.0 HD13 123 
   852 59.6 0.0 CA 80 
   1648 117.1 0.0 N 146 
   249 1.85 0.0 HG3 33 
   1633 58.4 0.0 CA 145 
   297 122.1 0.0 CE3 36 
   183 1.25 0.0 HG21 26 
   1512 113.5 0.0 N 135 
   222 27.2 0.0 CG 30 
   1687 1.16 0.0 HD21 150 
   1347 0.7 0.0 HG13 123 
   145 22.0 0.0 CG2 23 
   1050 27.0 0.0 CG 95 
   1649 8.35 0.0 H 147 
   212 107.0 0.0 N 29 
   1314 27.1 0.0 CG 119 
   173 2.92 0.0 HE3 25 
   1340 28.9 0.0 CD 122 
   1787 0.42 0.0 HG23 158 
   141 1.13 0.0 HG23 23 
   988 14.6 0.0 CD1 90 
   457 0.92 0.0 HD12 48 
   752 6.46 0.0 HH2 73 
   1292 2.84 0.0 HB2 118 
   1804 66.3 0.0 CA 159 
   1021 52.0 0.0 CA 93 
   819 125.9 0.0 CD1 78 
   1256 29.1 0.0 CD 113 
   292 7.51 0.0 HZ3 36 
   1897 6.85 0.0 H 167 
   1705 2.09 0.0 HG3 152 
   1625 2.33 0.0 HB3 145 
   603 6.87 0.0 HZ3 61 
   542 1.59 0.0 HG3 55 
   931 6.77 0.0 HE2 86 
   73 119.6 0.0 N 17 
   1513 7.18 0.0 H 136 
   995 2.13 0.0 HG3 91 
   1871 2.92 0.0 HE3 164 
   1928 4.05 0.0 HA 169 
   626 132.0 0.0 CD2 62 
   825 131.3 0.0 NE1 78 
   415 2.64 0.0 HG3 45 
   688 110.7 0.0 ND2 67 
   328 118.6 0.0 N 38 
   1815 7.82 0.0 H 161 
   738 56.1 0.0 CA 72 
   1056 1.48 0.0 HG13 96 
   837 131.9 0.0 CD2 79 
   970 54.7 0.0 CA 89 
   233 29.5 0.0 CB 31 
   1251 3.12 0.0 HE2 113 
   1366 121.7 0.0 N 124 
   1959 31.0 0.0 CB 171 
   1970 2.95 0.0 HE2 172 
   1464 1.04 0.0 HD21 132 
   1922 54.4 0.0 CA 168 
   290 7.31 0.0 HE3 36 
   1346 0.57 0.0 HG12 123 
   500 0.8 0.0 HG22 51 
   727 69.3 0.0 CB 71 
   1537 4.86 0.0 HA 138 
   266 121.5 0.0 N 34 
   1539 1.47 0.0 HB3 138 
   1758 1.8 0.0 HB 156 
   346 0.96 0.0 HG 40 
   221 31.7 0.0 CB 30 
   1193 4.13 0.0 HA 108 
   74 8.12 0.0 H 18 
   337 2.71 0.0 HD3 39 
   1641 2.2 0.0 HB2 146 
   1013 129.9 0.0 CE1 92 
   131 27.7 0.0 CG 22 
   762 8.53 0.0 H 74 
   1593 -0.51 0.0 HD13 142 
   1573 51.9 0.0 CA 140 
   516 119.7 0.0 N 52 
   379 2.4 0.0 HG2 42 
   1049 32.4 0.0 CB 95 
   1994 112.7 0.0 ND2 174 
   1094 3.55 0.0 HA 99 
   1762 0.93 0.0 HG21 156 
   475 26.1 0.0 CG 49 
   1587 3.92 0.0 HA 142 
   126 2.1 0.0 HG3 22 
   679 8.15 0.0 H 67 
   1010 40.4 0.0 CB 92 
   1562 41.9 0.0 CE 139 
   99 2.21 0.0 HG2 20 
   1081 2.76 0.0 HB2 98 
   1428 121.3 0.0 N 129 
   836 131.9 0.0 CD1 79 
   823 123.5 0.0 CH2 78 
   1387 1.41 0.0 HG21 126 
   1167 27.6 0.0 CG1 105 
   1489 123.1 0.0 CH2 133 
   903 43.1 0.0 CB 84 
   923 121.7 0.0 N 85 
   859 4.82 0.0 HA 81 
   455 0.97 0.0 HG23 48 
   458 0.92 0.0 HD13 48 
   1799 2.07 0.0 HB3 159 
   1657 8.89 0.0 H 148 
   842 5.13 0.0 HA 80 
   1556 2.87 0.0 HE2 139 
   1575 127.3 0.0 CD1 140 
   1406 8.19 0.0 HE1 128 
   1568 6.2 0.0 HD1 140 
   404 37.9 0.0 CB 44 
   787 1.49 0.0 HB3 76 
   295 29.5 0.0 CB 36 
   71 21.1 0.0 CG1 17 
   871 55.4 0.0 CA 82 
   148 4.56 0.0 HA 24 
   1255 25.6 0.0 CG 113 
   803 3.39 0.0 HB3 77 
   929 7.33 0.0 HD2 86 
   101 56.0 0.0 CA 20 
   47 8.18 0.0 H 16 
   1135 2.45 0.0 HB3 103 
   235 43.1 0.0 CD 31 
   1829 26.1 0.0 CD1 161 
   1934 120.5 0.0 CD2 169 
   1749 3.86 0.0 HA 155 
   152 1.0 0.0 HD11 24 
   721 4.41 0.0 HA 71 
   1515 0.92 0.0 HB2 136 
   251 3.34 0.0 HD3 33 
   161 27.0 0.0 CD1 24 
   350 0.86 0.0 HD21 40 
   204 1.47 0.0 HB3 28 
   1099 3.44 0.0 HD2 99 
   103 36.3 0.0 CG 20 
   703 41.8 0.0 CE 68 
   1834 1.39 0.0 HB 162 
   63 1.01 0.0 HG11 17 
   1981 2.88 0.0 HB3 173 
   652 0.91 0.0 HD13 64 
   62 2.21 0.0 HB 17 
   731 5.02 0.0 HA 72 
   1389 1.41 0.0 HG23 126 
   329 113.9 0.0 NE2 38 
   1361 4.44 0.0 HA 124 
   210 4.82 0.0 HA3 29 
   445 25.4 0.0 CD1 47 
   1707 3.6 0.0 HD3 152 
   1586 10.28 0.0 H 142 
   1265 58.4 0.0 CA 114 
   211 44.9 0.0 CA 29 
   1423 131.7 0.0 CD1 129 
   27 1.24 0.0 HG21 14 
   293 7.05 0.0 HH2 36 
   1331 1.04 0.0 HG2 122 
   319 2.23 0.0 HB2 38 
   291 7.92 0.0 HZ2 36 
   1131 15.4 0.0 CB 102 
   215 1.42 0.0 HB3 30 
   443 42.7 0.0 CB 47 
   1 4.65 0.0 HA 11 
   723 1.1 0.0 HG21 71 
   1252 3.12 0.0 HE3 113 
   1499 117.9 0.0 N 134 
   1291 4.86 0.0 HA 118 
   162 25.5 0.0 CD2 24 
   1268 110.1 0.0 N 114 
   1020 2.67 0.0 HB3 93 
   1302 117.4 0.0 CE1 118 
   545 2.84 0.0 HE2 55 
   76 2.19 0.0 HB 18 
   433 1.79 0.0 HB2 47 
   244 8.58 0.0 H 33 
   983 0.71 0.0 HD13 90 
   1033 0.45 0.0 HD12 94 
   1873 34.1 0.0 CB 164 
   1519 53.4 0.0 CA 136 
   1962 8.44 0.0 H 172 
   1152 35.9 0.0 CG 104 
   1318 4.1 0.0 HA2 120 
   1149 2.24 0.0 HG3 104 
   873 131.6 0.0 N 82 
   1394 8.77 0.0 H 127 
   1448 1.99 0.0 HG2 131 
   301 121.6 0.0 N 36 
   1421 62.4 0.0 CA 129 
   1565 4.03 0.0 HA 140 
   384 119.4 0.0 N 42 
   909 4.75 0.0 HA 85 
   741 43.1 0.0 CD 72 
   430 114.9 0.0 N 46 
   928 7.33 0.0 HD1 86 
   1817 1.16 0.0 HB2 161 
   21 54.2 0.0 CA 13 
   1978 8.4 0.0 H 173 
   185 1.25 0.0 HG23 26 
   138 0.96 0.0 HG13 23 
   793 2.95 0.0 HE3 76 
   1520 40.4 0.0 CB 136 
   1170 124.1 0.0 N 105 
   857 128.9 0.0 N 80 
   1822 0.66 0.0 HD13 161 
   1455 50.3 0.0 CD 131 
   199 107.7 0.0 ND2 27 
   1040 121.6 0.0 N 94 
   321 2.45 0.0 HG2 38 
   333 2.31 0.0 HB3 39 
   1178 128.8 0.0 N 106 
   1849 8.1 0.0 H 163 
   1490 120.6 0.0 N 133 
   1145 4.26 0.0 HA 104 
   1356 24.8 0.0 CG1 123 
   400 7.33 0.0 HD2 44 
   565 1.5 0.0 HB1 57 
   1991 53.2 0.0 CA 174 
   23 122.6 0.0 N 13 
   1750 1.43 0.0 HB1 155 
   1691 42.2 0.0 CB 150 
   67 1.1 0.0 HG22 17 
   163 126.3 0.0 N 24 
   420 34.2 0.0 CG 45 
   1469 27.0 0.0 CG 132 
   969 2.91 0.0 HB3 89 
   1348 -0.36 0.0 HG21 123 
   1230 116.5 0.0 N 110 
   562 112.3 0.0 ND2 56 
   1462 0.93 0.0 HD12 132 
   1316 120.9 0.0 N 119 
   711 58.0 0.0 CA 69 
   40 3.21 0.0 HD2 15 
   1627 -0.05 0.0 HD11 145 
   822 120.5 0.0 CZ3 78 
   517 8.47 0.0 H 53 
   403 62.3 0.0 CA 44 
   1434 1.72 0.0 HG3 130 
   1463 0.93 0.0 HD13 132 
   1159 0.67 0.0 HG21 105 
   205 51.9 0.0 CA 28 
   1632 0.45 0.0 HD23 145 
   693 1.46 0.0 HG2 68 
   1995 8.36 0.0 H 175 
   1133 4.23 0.0 HA 103 
   1127 0.01 0.0 HB1 102 
   128 4.08 0.0 HD3 22 
   552 122.1 0.0 N 55 
   1717 9.7 0.0 HE1 153 
   687 116.8 0.0 N 67 
   572 4.38 0.0 HA 58 
   582 6.69 0.0 HD21 59 
   1554 1.56 0.0 HD2 139 
   692 1.89 0.0 HB3 68 
   539 1.91 0.0 HB2 55 
   737 3.19 0.0 HD3 72 
   431 8.42 0.0 H 47 
   395 8.83 0.0 H 44 
   1877 115.9 0.0 N 164 
   406 131.7 0.0 CD2 44 
   1467 57.9 0.0 CA 132 
   1967 1.43 0.0 HG3 172 
   147 9.12 0.0 H 24 
   610 120.2 0.0 CZ3 61 
   467 1.95 0.0 HB2 49 
   1891 1.0 0.0 HG23 166 
   1325 45.6 0.0 CA 121 
   1915 4.83 0.0 HA 168 
   1831 118.0 0.0 N 161 
   88 8.07 0.0 H 19 
   1669 43.3 0.0 CB 148 
   1841 0.01 0.0 HD12 162 
   1203 49.8 0.0 CD 108 
   1085 6.93 0.0 HE1 98 
   465 7.64 0.0 H 49 
   963 129.6 0.0 CE2 88 
   1365 27.0 0.0 CB 124 
   940 5.28 0.0 HA 87 
   394 120.6 0.0 N 43 
   1682 2.33 0.0 HB3 150 
   1493 4.17 0.0 HA 134 
   345 1.42 0.0 HB3 40 
   1466 1.04 0.0 HD23 132 
   296 127.0 0.0 CD1 36 
   611 123.3 0.0 CH2 61 
   1052 8.69 0.0 H 96 
   1240 3.79 0.0 HA3 112 
   1948 24.8 0.0 CG 170 
   497 0.78 0.0 HG12 51 
   1870 2.92 0.0 HE2 164 
   1836 1.33 0.0 HG13 162 
   1937 4.24 0.0 HA 170 
   847 0.64 0.0 HG22 80 
   1136 1.32 0.0 HG2 103 
   442 58.8 0.0 CA 47 
   243 119.3 0.0 N 32 
   1987 2.77 0.0 HB2 174 
   10 2.32 0.0 HG2 12 
   1838 0.81 0.0 HG22 162 
   1777 29.2 0.0 CB 157 
   666 1.89 0.0 HG2 65 
   1174 1.34 0.0 HB2 106 
   1060 0.87 0.0 HD11 96 
   769 7.0 0.0 HE2 74 
   1208 2.43 0.0 HG2 109 
   1567 2.06 0.0 HB3 140 
   309 1.13 0.0 HG21 37 
   247 2.12 0.0 HB3 33 
   1997 1.94 0.0 HB2 175 
   911 1.74 0.0 HB3 85 
   1879 3.97 0.0 HA2 165 
   483 7.26 0.0 HD2 50 
   1179 8.02 0.0 H 107 
   1192 119.5 0.0 N 107 
   1735 2.08 0.0 HG 154 
   754 30.6 0.0 CB 73 
   996 55.2 0.0 CA 91 
   1566 1.98 0.0 HB2 140 
   1647 32.2 0.0 CG 146 
   402 6.81 0.0 HE2 44 
   982 0.71 0.0 HD12 90 
   1334 1.73 0.0 HD3 122 
   1425 129.8 0.0 CE1 129 
   234 27.1 0.0 CG 31 
   1748 7.31 0.0 H 155 
   835 44.0 0.0 CB 79 
   224 8.5 0.0 H 31 
   264 28.8 0.0 CB 34 
   1446 1.83 0.0 HB2 131 
   792 2.95 0.0 HE2 76 
   1187 0.93 0.0 HG23 107 
   655 0.91 0.0 HD23 64 
   1559 32.6 0.0 CB 139 
   432 4.23 0.0 HA 47 
   1168 17.5 0.0 CG2 105 
   330 8.2 0.0 H 39 
   1759 0.75 0.0 HG11 156 
   413 2.34 0.0 HB3 45 
   1103 25.1 0.0 CG 99 
   1752 1.43 0.0 HB3 155 
   948 122.6 0.0 N 87 
   1699 49.3 0.0 CA 151 
   533 55.3 0.0 CA 54 
   1731 8.68 0.0 H 154 
   593 40.5 0.0 CB 60 
   1017 8.57 0.0 H 93 
   1555 1.62 0.0 HD3 139 
   1958 55.9 0.0 CA 171 
   105 7.66 0.0 H 21 
   1852 2.24 0.0 HB3 163 
   527 8.75 0.0 H 54 
   93 63.2 0.0 CB 19 
   1896 115.2 0.0 N 166 
   618 5.47 0.0 HD1 62 
   334 1.47 0.0 HG2 39 
   660 24.2 0.0 CD2 64 
   336 2.71 0.0 HD2 39 
   86 22.0 0.0 CG2 18 
   817 56.7 0.0 CA 78 
   553 8.2 0.0 H 56 
   116 59.2 0.0 CA 21 
   530 3.06 0.0 HB3 54 
   1234 2.72 0.0 HB3 111 
   1743 42.6 0.0 CB 154 
   176 24.6 0.0 CG 25 
   274 0.91 0.0 HD13 35 
   132 50.7 0.0 CD 22 
   110 0.18 0.0 HG21 21 
   375 7.68 0.0 H 42 
   938 129.3 0.0 N 86 
   1607 1.04 0.0 HB3 143 
   1282 29.0 0.0 CB 116 
   66 1.1 0.0 HG21 17 
   503 31.5 0.0 CB 51 
   26 4.2 0.0 HB 14 
   1281 56.2 0.0 CA 116 
   3 2.76 0.0 HB3 11 
   1326 107.3 0.0 N 121 
   1286 1.89 0.0 HE1 117 
   1904 0.95 0.0 HG23 167 
   1729 118.4 0.0 N 153 
   157 1.18 0.0 HD23 24 
   1678 107.1 0.0 N 149 
   1470 23.5 0.0 CD1 132 
   690 3.96 0.0 HA 68 
   1373 0.13 0.0 HD12 125 
   1637 23.3 0.0 CD2 145 
   94 116.9 0.0 N 19 
   1645 57.0 0.0 CA 146 
   991 5.29 0.0 HA 91 
   396 4.5 0.0 HA 44 
   816 6.84 0.0 HH2 78 
   986 25.7 0.0 CG1 90 
   1551 1.6 0.0 HB3 139 
   1335 2.91 0.0 HE2 122 
   288 7.34 0.0 HD1 36 
   1716 7.36 0.0 HD1 153 
   953 7.16 0.0 HD1 88 
   1639 7.93 0.0 H 146 
   1950 41.8 0.0 CE 170 
   123 1.93 0.0 HB2 22 
   1089 132.8 0.0 CD1 98 
   933 39.5 0.0 CB 86 
   1697 3.12 0.0 HA2 151 
   1444 118.4 0.0 N 130 
   1786 0.42 0.0 HG22 158 
   1276 128.2 0.0 N 115 
   232 56.1 0.0 CA 31 
   782 45.8 0.0 CA 75 
   209 3.95 0.0 HA2 29 
   506 118.9 0.0 N 51 
   1794 18.6 0.0 CG2 158 
   1181 1.96 0.0 HB 107 
   1023 118.3 0.0 N 93 
   641 33.8 0.0 CB 63 
   488 131.7 0.0 CD1 50 
   7 4.11 0.0 HA 12 
   577 116.9 0.0 N 58 
   374 118.4 0.0 N 41 
   398 3.25 0.0 HB3 44 
   1077 22.0 0.0 CG2 97 
   1638 121.2 0.0 N 145 
   1357 17.0 0.0 CG2 123 
   1790 0.18 0.0 HD13 158 
   175 35.9 0.0 CB 25 
   1584 44.0 0.0 CA 141 
   1216 1.6 0.0 HB2 110 
   135 2.37 0.0 HB 23 
   1850 4.04 0.0 HA 163 
   1561 29.3 0.0 CD 139 
   1906 0.85 0.0 HD12 167 
   207 123.5 0.0 N 28 
   1860 121.6 0.0 N 163 
   1299 39.5 0.0 CB 118 
   1034 0.45 0.0 HD13 94 
   370 32.0 0.0 CB 41 
   1449 2.12 0.0 HG3 131 
   1791 63.4 0.0 CA 158 
   438 0.93 0.0 HD13 47 
   806 114.4 0.0 N 77 
   33 113.2 0.0 N 14 
   779 8.54 0.0 H 75 
   5 40.9 0.0 CB 11 
   1676 3.16 0.0 HA3 149 
   669 34.1 0.0 CB 65 
   1054 1.9 0.0 HB 96 
   668 54.6 0.0 CA 65 
   1698 3.72 0.0 HA3 151 
   1322 8.15 0.0 H 121 
   1979 4.42 0.0 HA 173 
   371 25.0 0.0 CG 41 
   428 62.8 0.0 CA 46 
   240 3.09 0.0 HB3 32 
   275 1.01 0.0 HD21 35 
   1956 2.2 0.0 HG2 171 
   680 4.76 0.0 HA 67 
   58 43.2 0.0 CD 16 
   1397 2.68 0.0 HB3 127 
   1770 7.92 0.0 H 157 
   809 3.11 0.0 HB2 78 
   320 2.23 0.0 HB3 38 
   597 2.65 0.0 HB2 61 
   759 123.7 0.0 CH2 73 
   922 41.3 0.0 CE 85 
   1032 0.45 0.0 HD11 94 
   808 6.21 0.0 HA 78 
   1685 0.87 0.0 HD12 150 
   608 122.4 0.0 CE3 61 
   1073 1.17 0.0 HG22 97 
   1212 36.8 0.0 CG 109 
   1761 0.75 0.0 HG13 156 
   380 2.69 0.0 HG3 42 
   1147 1.85 0.0 HB3 104 
   1854 2.49 0.0 HG3 163 
   1068 118.2 0.0 N 96 
   352 0.86 0.0 HD23 40 
   1204 9.68 0.0 H 109 
   254 27.3 0.0 CG 33 
   853 38.1 0.0 CB 80 
   1726 113.9 0.0 CZ2 153 
   672 7.8 0.0 H 66 
   901 0.64 0.0 HD23 84 
   1621 115.4 0.0 N 144 
   1866 1.45 0.0 HG2 164 
   770 6.92 0.0 HZ 74 
   1141 31.9 0.0 CB 103 
   1935 122.1 0.0 N 169 
   6 8.75 0.0 H 12 
   230 3.17 0.0 HD2 31 
   786 1.44 0.0 HB2 76 
   1442 29.4 0.0 CD 130 
   1453 30.7 0.0 CB 131 
   1595 0.37 0.0 HD22 142 
   1610 120.1 0.0 N 143 
   753 55.4 0.0 CA 73 
   283 119.1 0.0 N 35 
   1861 111.2 0.0 NE2 163 
   998 35.4 0.0 CG 91 
   993 2.38 0.0 HB3 91 
   874 8.23 0.0 H 83 
   1368 4.45 0.0 HA 125 
   317 7.16 0.0 H 38 
   1944 2.96 0.0 HE2 170 
   267 8.01 0.0 H 35 
   844 0.96 0.0 HG12 80 
   1736 0.88 0.0 HD11 154 
   1079 7.67 0.0 H 98 
   575 55.3 0.0 CA 58 
   947 37.4 0.0 CG 87 
   1864 1.76 0.0 HB2 164 
   1744 26.8 0.0 CG 154 
   1092 116.0 0.0 CE2 98 
   1585 112.9 0.0 N 141 
   1426 129.8 0.0 CE2 129 
   1631 0.45 0.0 HD22 145 
   1386 4.54 0.0 HB 126 
   677 66.8 0.0 CB 66 
   392 28.4 0.0 CB 43 
   303 7.5 0.0 H 37 
   1069 7.01 0.0 H 97 
   1683 1.88 0.0 HG 150 
   1704 1.84 0.0 HG2 152 
   939 8.12 0.0 H 87 
   1847 14.9 0.0 CD1 162 
   621 5.55 0.0 HE2 62 
   1580 113.4 0.0 N 140 
   924 9.53 0.0 H 86 
   1588 0.74 0.0 HB2 142 
   1435 1.73 0.0 HD2 130 
   485 6.97 0.0 HE2 50 
   1095 1.45 0.0 HB2 99 
   870 2.87 0.0 HB3 82 
   1301 132.5 0.0 CD2 118 
   1119 1.08 0.0 HG22 101 
   248 1.72 0.0 HG2 33 
   1359 117.1 0.0 N 123 
   728 23.0 0.0 CG2 71 
   649 1.83 0.0 HG 64 
   540 1.91 0.0 HB3 55 
   887 26.8 0.0 CG 83 
   965 121.3 0.0 N 88 
   1635 26.4 0.0 CG 145 
   32 22.0 0.0 CG2 14 
   1047 3.51 0.0 HD3 95 
   372 29.5 0.0 CD 41 
   1577 129.7 0.0 CE1 140 
   1747 118.8 0.0 N 154 
   861 3.25 0.0 HB3 81 
   1999 2.31 0.0 HG2 175 
   178 41.8 0.0 CE 25 
   746 2.21 0.0 HB3 73 
   1107 4.44 0.0 HB 100 
   907 121.8 0.0 N 84 
   273 0.91 0.0 HD12 35 
   1371 1.35 0.0 HG 125 
   1284 2.3 0.0 HG2 117 
   554 4.54 0.0 HA 56 
   1104 49.5 0.0 CD 99 
   377 2.27 0.0 HB2 42 
   59 120.5 0.0 N 16 
   360 4.16 0.0 HA 41 
   285 4.72 0.0 HA 36 
   339 29.8 0.0 CB 39 
   1254 33.3 0.0 CB 113 
   449 3.79 0.0 HA 48 
   1294 7.0 0.0 HD1 118 
   1773 0.96 0.0 HB3 157 
   920 25.6 0.0 CG 85 
   910 1.51 0.0 HB2 85 
   118 27.5 0.0 CG1 21 
   1532 60.5 0.0 CA 137 
   1780 7.94 0.0 H 158 
   368 2.96 0.0 HE3 41 
   586 116.4 0.0 N 59 
   1067 13.2 0.0 CD1 96 
   1075 60.5 0.0 CA 97 
   1002 2.77 0.0 HB2 92 
   1108 1.25 0.0 HG21 100 
   1076 67.7 0.0 CB 97 
   756 119.8 0.0 CE3 73 
   1123 21.0 0.0 CG2 101 
   1880 4.11 0.0 HA3 165 
   1244 4.41 0.0 HA 113 
   1884 4.04 0.0 HA 166 
   239 3.17 0.0 HB2 32 
   1516 1.28 0.0 HB3 136 
   1724 127.0 0.0 CD1 153 
   1037 26.8 0.0 CG1 94 
   69 64.5 0.0 CA 17 
   1355 37.5 0.0 CB 123 
   538 3.93 0.0 HA 55 
   667 2.03 0.0 HG3 65 
   1109 1.25 0.0 HG22 100 
   1388 1.41 0.0 HG22 126 
   697 3.0 0.0 HE2 68 
   1802 3.0 0.0 HD2 159 
   1027 1.78 0.0 HG12 94 
   1706 3.08 0.0 HD2 152 
   512 2.42 0.0 HG3 52 
   1124 114.3 0.0 N 101 
   1042 1.84 0.0 HB2 95 
   651 0.91 0.0 HD12 64 
   351 0.86 0.0 HD22 40 
   1616 7.71 0.0 HE1 144 
   1988 2.83 0.0 HB3 174 
   1137 1.47 0.0 HG3 103 
   1924 33.7 0.0 CG 168 
   1102 33.2 0.0 CB 99 
   1623 4.15 0.0 HA 145 
   399 7.33 0.0 HD1 44 
   1992 38.6 0.0 CB 174 
   369 60.1 0.0 CA 41 
   1571 6.77 0.0 HE2 140 
   1504 1.59 0.0 HG2 135 
   1028 2.13 0.0 HG13 94 
   1483 61.0 0.0 CA 133 
   1223 0.68 0.0 HD22 110 
   1482 7.06 0.0 HH2 133 
   1070 4.43 0.0 HA 97 
   683 7.79 0.0 HD21 67 
   1409 120.2 0.0 CD2 128 
   1139 3.85 0.0 HD3 103 
   218 2.45 0.0 HD2 30 
   98 2.19 0.0 HB3 20 
   441 0.98 0.0 HD23 47 
   906 24.8 0.0 CD2 84 
   1526 0.66 0.0 HG11 137 
   1579 130.1 0.0 CZ 140 
