   915 1.28 0.0 HD3 85 
   287 3.79 0.0 HB3 36 
   898 0.41 0.0 HD13 84 
   556 2.93 0.0 HB3 56 
   313 31.3 0.0 CB 37 
   1489 123.1 0.0 CH2 133 
   1544 64.6 0.0 CA 138 
   1610 120.1 0.0 N 143 
   530 3.06 0.0 HB3 54 
   1431 1.96 0.0 HB2 130 
   180 10.39 0.0 H 26 
   441 0.98 0.0 HD23 47 
   404 37.9 0.0 CB 44 
   268 4.34 0.0 HA 35 
   1498 18.5 0.0 CB 134 
   1986 4.67 0.0 HA 174 
   214 1.05 0.0 HB2 30 
   1921 7.47 0.0 HE22 168 
   300 122.2 0.0 CH2 36 
   141 1.13 0.0 HG23 23 
   856 12.7 0.0 CD1 80 
   444 27.4 0.0 CG 47 
   931 6.77 0.0 HE2 86 
   1839 0.81 0.0 HG23 162 
   757 113.1 0.0 CZ2 73 
   1798 1.66 0.0 HB2 159 
   1816 3.88 0.0 HA 161 
   989 113.7 0.0 N 90 
   338 58.1 0.0 CA 39 
   1688 1.16 0.0 HD22 150 
   161 27.0 0.0 CD1 24 
   1721 6.62 0.0 HH2 153 
   333 2.31 0.0 HB3 39 
   28 1.24 0.0 HG22 14 
   1478 9.6 0.0 HE1 133 
   1550 1.74 0.0 HB2 139 
   1341 41.8 0.0 CE 122 
   605 56.9 0.0 CA 61 
   519 3.0 0.0 HB2 53 
   1317 8.98 0.0 H 120 
   1337 55.1 0.0 CA 122 
   1228 25.1 0.0 CD1 110 
   270 1.81 0.0 HB3 35 
   144 18.2 0.0 CG1 23 
   1709 32.1 0.0 CB 152 
   219 3.47 0.0 HD3 30 
   666 1.89 0.0 HG2 65 
   1335 2.91 0.0 HE2 122 
   1197 2.12 0.0 HG3 108 
   1398 56.8 0.0 CA 127 
   1027 1.78 0.0 HG12 94 
   835 44.0 0.0 CB 79 
   1141 31.9 0.0 CB 103 
   472 3.42 0.0 HD3 49 
   740 27.4 0.0 CG 72 
   457 0.92 0.0 HD12 48 
   1838 0.81 0.0 HG22 162 
   758 120.1 0.0 CZ3 73 
   221 31.7 0.0 CB 30 
   1689 1.16 0.0 HD23 150 
   859 4.82 0.0 HA 81 
   123 1.93 0.0 HB2 22 
   410 8.21 0.0 H 45 
   1891 1.0 0.0 HG23 166 
   638 3.25 0.0 HD3 63 
   247 2.12 0.0 HB3 33 
   331 4.12 0.0 HA 39 
   422 111.4 0.0 NE2 45 
   783 107.1 0.0 N 75 
   1299 39.5 0.0 CB 118 
   762 8.53 0.0 H 74 
   1691 42.2 0.0 CB 150 
   24 7.95 0.0 H 14 
   280 27.0 0.0 CG 35 
   641 33.8 0.0 CB 63 
   1076 67.7 0.0 CB 97 
   439 0.98 0.0 HD21 47 
   640 54.8 0.0 CA 63 
   201 4.74 0.0 HA 28 
   403 62.3 0.0 CA 44 
   988 14.6 0.0 CD1 90 
   1628 -0.05 0.0 HD12 145 
   299 120.3 0.0 CZ3 36 
   1204 9.68 0.0 H 109 
   722 4.57 0.0 HB 71 
   774 131.7 0.0 CD2 74 
   997 33.5 0.0 CB 91 
   1010 40.4 0.0 CB 92 
   639 7.37 0.0 HE 63 
   1032 0.45 0.0 HD11 94 
   1276 128.2 0.0 N 115 
   1526 0.66 0.0 HG11 137 
   1744 26.8 0.0 CG 154 
   420 34.2 0.0 CG 45 
   261 2.42 0.0 HG2 34 
   584 51.8 0.0 CA 59 
   1380 26.3 0.0 CG 125 
   660 24.2 0.0 CD2 64 
   838 117.3 0.0 CE1 79 
   1089 132.8 0.0 CD1 98 
   1825 0.73 0.0 HD23 161 
   1588 0.74 0.0 HB2 142 
   1637 23.3 0.0 CD2 145 
   401 6.81 0.0 HE1 44 
   1497 54.7 0.0 CA 134 
   715 7.82 0.0 H 70 
   1222 0.68 0.0 HD21 110 
   59 120.5 0.0 N 16 
   1393 111.5 0.0 N 126 
   2000 2.31 0.0 HG3 175 
   470 1.93 0.0 HG3 49 
   854 27.8 0.0 CG1 80 
   869 2.25 0.0 HB2 82 
   1143 49.2 0.0 CD 103 
   1049 32.4 0.0 CB 95 
   1330 1.47 0.0 HB3 122 
   194 6.5 0.0 HD21 27 
   797 29.6 0.0 CD 76 
   1928 4.05 0.0 HA 169 
   1466 1.04 0.0 HD23 132 
   1864 1.76 0.0 HB2 164 
   448 8.86 0.0 H 48 
   292 7.51 0.0 HZ3 36 
   612 121.9 0.0 N 61 
   1731 8.68 0.0 H 154 
   1503 1.86 0.0 HB3 135 
   1179 8.02 0.0 H 107 
   912 1.18 0.0 HG2 85 
   1373 0.13 0.0 HD12 125 
   964 128.3 0.0 CZ 88 
   1685 0.87 0.0 HD12 150 
   688 110.7 0.0 ND2 67 
   135 2.37 0.0 HB 23 
   222 27.2 0.0 CG 30 
   1953 4.39 0.0 HA 171 
   1907 0.85 0.0 HD13 167 
   1447 2.29 0.0 HB3 131 
   1756 6.91 0.0 H 156 
   67 1.1 0.0 HG22 17 
   960 131.7 0.0 CD1 88 
   14 35.9 0.0 CG 12 
   1437 2.99 0.0 HE2 130 
   561 118.9 0.0 N 56 
   918 56.1 0.0 CA 85 
   817 56.7 0.0 CA 78 
   1339 25.6 0.0 CG 122 
   858 9.14 0.0 H 81 
   1468 41.9 0.0 CB 132 
   1767 21.1 0.0 CG1 156 
   277 1.01 0.0 HD23 35 
   1171 8.88 0.0 H 106 
   1104 49.5 0.0 CD 99 
   350 0.86 0.0 HD21 40 
   85 21.7 0.0 CG1 18 
   786 1.44 0.0 HB2 76 
   714 115.4 0.0 N 69 
   1112 67.9 0.0 CB 100 
   706 4.19 0.0 HA 69 
   1814 115.9 0.0 N 160 
   1634 42.1 0.0 CB 145 
   143 32.8 0.0 CB 23 
   607 128.3 0.0 CD1 61 
   1771 3.85 0.0 HA 157 
   1573 51.9 0.0 CA 140 
   773 131.7 0.0 CD1 74 
   1307 1.79 0.0 HB3 119 
   22 18.5 0.0 CB 13 
   1532 60.5 0.0 CA 137 
   1113 21.6 0.0 CG2 100 
   1865 2.04 0.0 HB3 164 
   1039 8.7 0.0 CD1 94 
   978 1.02 0.0 HG21 90 
   606 29.6 0.0 CB 61 
   480 3.32 0.0 HB2 50 
   1706 3.08 0.0 HD2 152 
   308 0.99 0.0 HG13 37 
   748 9.32 0.0 HE1 73 
   1797 3.52 0.0 HA 159 
   1646 31.6 0.0 CB 146 
   160 31.1 0.0 CG 24 
   207 123.5 0.0 N 28 
   1720 6.36 0.0 HZ3 153 
   1366 121.7 0.0 N 124 
   927 3.29 0.0 HB3 86 
   450 1.98 0.0 HB 48 
   924 9.53 0.0 H 86 
   1266 68.6 0.0 CB 114 
   1527 0.66 0.0 HG12 137 
   10 2.32 0.0 HG2 12 
   56 30.2 0.0 CB 16 
   2 2.76 0.0 HB2 11 
   1764 0.93 0.0 HG23 156 
   1408 30.4 0.0 CB 128 
   1125 7.94 0.0 H 102 
   1305 4.25 0.0 HA 119 
   427 5.22 0.0 HG 46 
   1806 28.7 0.0 CG 159 
   690 3.96 0.0 HA 68 
   1563 122.6 0.0 N 139 
   2005 33.7 0.0 CG 175 
