   1091 118.2 0.0 CE1 98 
   965 121.3 0.0 N 88 
   1919 2.35 0.0 HG3 168 
   445 25.4 0.0 CD1 47 
   524 37.4 0.0 CB 53 
   672 7.8 0.0 H 66 
   1820 0.66 0.0 HD11 161 
   292 7.51 0.0 HZ3 36 
   768 7.0 0.0 HE1 74 
   1822 0.66 0.0 HD13 161 
   266 121.5 0.0 N 34 
   885 57.1 0.0 CA 83 
   1508 57.0 0.0 CA 135 
   1970 2.95 0.0 HE2 172 
   770 6.92 0.0 HZ 74 
   1710 28.3 0.0 CG 152 
   833 6.69 0.0 HE2 79 
   1884 4.04 0.0 HA 166 
   748 9.32 0.0 HE1 73 
   1117 3.67 0.0 HB 101 
   124 2.46 0.0 HB3 22 
   1365 27.0 0.0 CB 124 
   226 1.82 0.0 HB2 31 
   1276 128.2 0.0 N 115 
   435 1.91 0.0 HG 47 
   1420 6.93 0.0 HZ 129 
   709 2.34 0.0 HG2 69 
   1013 129.9 0.0 CE1 92 
   1423 131.7 0.0 CD1 129 
   859 4.82 0.0 HA 81 
   1873 34.1 0.0 CB 164 
   200 7.02 0.0 H 28 
   1041 4.62 0.0 HA 95 
   1637 23.3 0.0 CD2 145 
   62 2.21 0.0 HB 17 
   1291 4.86 0.0 HA 118 
   9 2.03 0.0 HB3 12 
   24 7.95 0.0 H 14 
   1624 1.42 0.0 HB2 145 
   1771 3.85 0.0 HA 157 
   1517 6.92 0.0 HD21 136 
   1458 1.61 0.0 HB2 132 
   1991 53.2 0.0 CA 174 
   677 66.8 0.0 CB 66 
   693 1.46 0.0 HG2 68 
   1353 -0.19 0.0 HD13 123 
   148 4.56 0.0 HA 24 
   1480 7.26 0.0 HZ2 133 
   1772 0.27 0.0 HB2 157 
   889 22.5 0.0 CD2 83 
   1428 121.3 0.0 N 129 
   160 31.1 0.0 CG 24 
   1447 2.29 0.0 HB3 131 
   281 22.8 0.0 CD1 35 
   1341 41.8 0.0 CE 122 
   1953 4.39 0.0 HA 171 
   886 39.8 0.0 CB 83 
   1485 126.6 0.0 CD1 133 
   679 8.15 0.0 H 67 
   1875 29.2 0.0 CD 164 
   741 43.1 0.0 CD 72 
   991 5.29 0.0 HA 91 
   1505 1.72 0.0 HG3 135 
   1885 2.17 0.0 HB 166 
   1209 2.43 0.0 HG3 109 
   520 3.26 0.0 HB3 53 
   1473 8.49 0.0 H 133 
   1650 4.49 0.0 HA 147 
   181 3.89 0.0 HA 26 
   1347 0.7 0.0 HG13 123 
   1429 8.59 0.0 H 130 
   969 2.91 0.0 HB3 89 
   2001 7.5 0.0 HE21 175 
   1798 1.66 0.0 HB2 159 
   1909 40.7 0.0 CB 167 
   876 1.57 0.0 HB2 83 
   1286 1.89 0.0 HE1 117 
   157 1.18 0.0 HD23 24 
   959 42.6 0.0 CB 88 
   401 6.81 0.0 HE1 44 
   1502 1.71 0.0 HB2 135 
   912 1.18 0.0 HG2 85 
   1862 7.88 0.0 H 164 
   454 0.97 0.0 HG22 48 
   1064 37.7 0.0 CB 96 
   543 1.6 0.0 HD2 55 
   291 7.92 0.0 HZ2 36 
   611 123.3 0.0 CH2 61 
   1006 6.63 0.0 HE1 92 
   347 0.84 0.0 HD11 40 
   957 7.05 0.0 HZ 88 
   1630 0.45 0.0 HD21 145 
   376 4.12 0.0 HA 42 
   729 107.9 0.0 N 71 
   1920 6.76 0.0 HE21 168 
   1294 7.0 0.0 HD1 118 
   1348 -0.36 0.0 HG21 123 
   213 2.52 0.0 HA 30 
   1171 8.88 0.0 H 106 
   1173 1.34 0.0 HB1 106 
   1284 2.3 0.0 HG2 117 
   655 0.91 0.0 HD23 64 
   1896 115.2 0.0 N 166 
   907 121.8 0.0 N 84 
   1980 2.81 0.0 HB2 173 
   853 38.1 0.0 CB 80 
   339 29.8 0.0 CB 39 
   1801 2.05 0.0 HG3 159 
   1060 0.87 0.0 HD11 96 
   1576 127.3 0.0 CD2 140 
   1309 1.68 0.0 HG3 119 
   515 36.4 0.0 CG 52 
   1392 21.7 0.0 CG2 126 
   1082 3.27 0.0 HB3 98 
   407 117.8 0.0 CE1 44 
   891 7.9 0.0 H 84 
   575 55.3 0.0 CA 58 
   1728 122.7 0.0 CH2 153 
   101 56.0 0.0 CA 20 
   201 4.74 0.0 HA 28 
   747 6.4 0.0 HD1 73 
   884 0.77 0.0 HD23 83 
   1334 1.73 0.0 HD3 122 
   1835 0.32 0.0 HG12 162 
   1601 22.0 0.0 CD2 142 
   1876 41.8 0.0 CE 164 
   1441 26.5 0.0 CG 130 
   1881 45.6 0.0 CA 165 
   437 0.93 0.0 HD12 47 
   7 4.11 0.0 HA 12 
   756 119.8 0.0 CE3 73 
   559 55.3 0.0 CA 56 
   220 63.2 0.0 CA 30 
   1618 29.7 0.0 CB 144 
   1461 0.93 0.0 HD11 132 
   582 6.69 0.0 HD21 59 
   1695 125.1 0.0 N 150 
   1030 0.7 0.0 HG22 94 
   174 57.0 0.0 CA 25 
   366 1.74 0.0 HD3 41 
   1834 1.39 0.0 HB 162 
   527 8.75 0.0 H 54 
   1476 3.07 0.0 HB3 133 
   1831 118.0 0.0 N 161 
   16 8.44 0.0 H 13 
   600 9.85 0.0 HE1 61 
   481 3.32 0.0 HB3 50 
   180 10.39 0.0 H 26 
   762 8.53 0.0 H 74 
   975 1.75 0.0 HB 90 
   369 60.1 0.0 CA 41 
   598 4.08 0.0 HB3 61 
   840 121.1 0.0 N 79 
   603 6.87 0.0 HZ3 61 
   1049 32.4 0.0 CB 95 
   497 0.78 0.0 HG12 51 
   1382 22.6 0.0 CD2 125 
   1809 4.33 0.0 HA 160 
   1107 4.44 0.0 HB 100 
   1833 3.68 0.0 HA 162 
   45 43.1 0.0 CD 15 
   670 36.3 0.0 CG 65 
   83 64.2 0.0 CA 18 
   1971 2.95 0.0 HE3 172 
   1520 40.4 0.0 CB 136 
   732 1.63 0.0 HB2 72 
   1011 131.3 0.0 CD1 92 
   1080 4.69 0.0 HA 98 
   385 8.98 0.0 H 43 
   1266 68.6 0.0 CB 114 
   415 2.64 0.0 HG3 45 
   1488 123.0 0.0 CZ3 133 
   1951 123.6 0.0 N 170 
   46 121.6 0.0 N 15 
   1046 3.51 0.0 HD2 95 
   403 62.3 0.0 CA 44 
   476 42.2 0.0 CD 49 
   399 7.33 0.0 HD1 44 
   1390 62.4 0.0 CA 126 
   580 2.37 0.0 HB2 59 
   134 4.44 0.0 HA 23 
   1561 29.3 0.0 CD 139 
   1261 4.2 0.0 HB 114 
   778 117.0 0.0 N 74 
   489 131.7 0.0 CD2 50 
   914 1.27 0.0 HD2 85 
   883 0.77 0.0 HD22 83 
   1028 2.13 0.0 HG13 94 
   1931 7.31 0.0 HD2 169 
   1489 123.1 0.0 CH2 133 
   1474 3.57 0.0 HA 133 
   1037 26.8 0.0 CG1 94 
   198 128.7 0.0 N 27 
   1075 60.5 0.0 CA 97 
   1602 125.0 0.0 N 142 
   1713 4.06 0.0 HA 153 
   1456 6.93 0.0 H 132 
   1121 59.6 0.0 CA 101 
   823 123.5 0.0 CH2 78 
   189 121.3 0.0 N 26 
   1776 57.3 0.0 CA 157 
   68 1.1 0.0 HG23 17 
   1035 55.2 0.0 CA 94 
   1722 62.3 0.0 CA 153 
   255 43.1 0.0 CD 33 
   307 0.99 0.0 HG12 37 
   783 107.1 0.0 N 75 
   1925 121.6 0.0 N 168 
   1781 3.54 0.0 HA 158 
   1166 38.7 0.0 CB 105 
   99 2.21 0.0 HG2 20 
   533 55.3 0.0 CA 54 
   1455 50.3 0.0 CD 131 
   526 110.8 0.0 ND2 53 
   1542 3.23 0.0 HD2 138 
   1689 1.16 0.0 HD23 150 
   547 60.5 0.0 CA 55 
   1675 4.05 0.0 HA2 149 
   890 108.0 0.0 N 83 
   1396 2.61 0.0 HB2 127 
   1579 130.1 0.0 CZ 140 
   1815 7.82 0.0 H 161 
   1446 1.83 0.0 HB2 131 
   1593 -0.51 0.0 HD13 142 
   1759 0.75 0.0 HG11 156 
   309 1.13 0.0 HG21 37 
   345 1.42 0.0 HB3 40 
   1731 8.68 0.0 H 154 
   1595 0.37 0.0 HD22 142 
   1311 3.21 0.0 HD3 119 
   522 6.74 0.0 HD22 53 
   857 128.9 0.0 N 80 
   444 27.4 0.0 CG 47 
   828 3.01 0.0 HB2 79 
   1026 2.04 0.0 HB 94 
   595 7.49 0.0 H 61 
   1740 1.14 0.0 HD22 154 
   688 110.7 0.0 ND2 67 
   938 129.3 0.0 N 86 
   1760 0.75 0.0 HG12 156 
   1105 8.2 0.0 H 100 
   197 36.8 0.0 CB 27 
   1907 0.85 0.0 HD13 167 
   1930 2.88 0.0 HB3 169 
   1789 0.18 0.0 HD12 158 
   1326 107.3 0.0 N 121 
   956 7.18 0.0 HE2 88 
   496 0.78 0.0 HG11 51 
   1241 45.8 0.0 CA 112 
   1708 64.6 0.0 CA 152 
   1803 3.0 0.0 HD3 159 
   867 9.03 0.0 H 82 
   409 118.4 0.0 N 44 
   1892 63.3 0.0 CA 166 
   692 1.89 0.0 HB3 68 
   53 3.21 0.0 HD2 16 
   1688 1.16 0.0 HD22 150 
   273 0.91 0.0 HD12 35 
   921 29.2 0.0 CD 85 
   1400 122.0 0.0 N 127 
   393 34.7 0.0 CG 43 
   535 122.2 0.0 N 54 
   1099 3.44 0.0 HD2 99 
   845 1.57 0.0 HG13 80 
   1836 1.33 0.0 HG13 162 
   624 40.9 0.0 CB 62 
   1417 7.05 0.0 HD2 129 
   836 131.9 0.0 CD1 79 
   1273 1.43 0.0 HB3 115 
   1303 117.4 0.0 CE2 118 
   1430 3.99 0.0 HA 130 
   811 7.03 0.0 HD1 78 
   879 0.82 0.0 HD11 83 
   231 3.17 0.0 HD3 31 
   1715 3.56 0.0 HB3 153 
   251 3.34 0.0 HD3 33 
   967 5.42 0.0 HA 89 
   315 22.1 0.0 CG2 37 
   894 1.93 0.0 HB3 84 
   1337 55.1 0.0 CA 122 
   1174 1.34 0.0 HB2 106 
   1094 3.55 0.0 HA 99 
   702 28.9 0.0 CD 68 
   1299 39.5 0.0 CB 118 
   1659 1.74 0.0 HB2 148 
   1965 1.85 0.0 HB3 172 
   453 0.97 0.0 HG21 48 
   1057 0.98 0.0 HG21 96 
   440 0.98 0.0 HD22 47 
   512 2.42 0.0 HG3 52 
   506 118.9 0.0 N 51 
   1304 8.4 0.0 H 119 
   142 61.6 0.0 CA 23 
   1818 1.9 0.0 HB3 161 
   1670 27.0 0.0 CG 148 
   461 29.8 0.0 CG1 48 
   1673 110.9 0.0 N 148 
   1078 103.6 0.0 N 97 
   1581 9.74 0.0 H 141 
   1844 38.3 0.0 CB 162 
   1374 0.13 0.0 HD13 125 
   314 21.0 0.0 CG1 37 
   623 57.0 0.0 CA 62 
   277 1.01 0.0 HD23 35 
   1963 4.4 0.0 HA 172 
   1422 39.5 0.0 CB 129 
   1877 115.9 0.0 N 164 
   1481 7.04 0.0 HZ3 133 
   1226 42.1 0.0 CB 110 
   558 7.75 0.0 HD22 56 
   109 1.61 0.0 HG13 21 
   1940 1.38 0.0 HG2 170 
   1229 22.5 0.0 CD2 110 
   82 1.01 0.0 HG23 18 
   651 0.91 0.0 HD12 64 
   1891 1.0 0.0 HG23 166 
   122 4.51 0.0 HA 22 
   1126 3.87 0.0 HA 102 
   178 41.8 0.0 CE 25 
   1745 23.0 0.0 CD1 154 
   1976 41.8 0.0 CE 172 
   920 25.6 0.0 CG 85 
   37 1.87 0.0 HB3 15 
   282 25.2 0.0 CD2 35 
   363 1.45 0.0 HG2 41 
   299 120.3 0.0 CZ3 36 
   1361 4.44 0.0 HA 124 
   36 1.87 0.0 HB2 15 
   499 0.8 0.0 HG21 51 
   983 0.71 0.0 HD13 90 
   744 4.72 0.0 HA 73 
   121 122.5 0.0 N 21 
   205 51.9 0.0 CA 28 
   1413 4.07 0.0 HA 129 
   1495 1.5 0.0 HB2 134 
   722 4.57 0.0 HB 71 
   1726 113.9 0.0 CZ2 153 
   1691 42.2 0.0 CB 150 
   149 1.51 0.0 HB2 24 
   1292 2.84 0.0 HB2 118 
   1540 1.25 0.0 HG2 138 
   766 6.87 0.0 HD1 74 
   1139 3.85 0.0 HD3 103 
   31 68.6 0.0 CB 14 
   283 119.1 0.0 N 35 
   531 4.55 0.0 HD21 54 
   491 118.8 0.0 CE2 50 
   153 1.0 0.0 HD12 24 
   1830 22.9 0.0 CD2 161 
   333 2.31 0.0 HB3 39 
   14 35.9 0.0 CG 12 
   550 29.7 0.0 CD 55 
   1961 119.4 0.0 N 171 
   736 3.09 0.0 HD2 72 
   1081 2.76 0.0 HB2 98 
   155 1.18 0.0 HD21 24 
   103 36.3 0.0 CG 20 
   1918 2.32 0.0 HG2 168 
   267 8.01 0.0 H 35 
   120 13.1 0.0 CD1 21 
   1586 10.28 0.0 H 142 
   1978 8.4 0.0 H 173 
   981 0.71 0.0 HD11 90 
   80 1.01 0.0 HG21 18 
   30 64.2 0.0 CA 14 
   1073 1.17 0.0 HG22 97 
   35 4.1 0.0 HA 15 
   85 21.7 0.0 CG1 18 
   1510 27.0 0.0 CG 135 
   1671 26.1 0.0 CD1 148 
   542 1.59 0.0 HG3 55 
   1699 49.3 0.0 CA 151 
   825 131.3 0.0 NE1 78 
   1528 0.66 0.0 HG13 137 
   1775 1.28 0.0 HG3 157 
   601 7.9 0.0 HE3 61 
   1856 6.84 0.0 HE22 163 
   1799 2.07 0.0 HB3 159 
   185 1.25 0.0 HG23 26 
   620 5.55 0.0 HE1 62 
   924 9.53 0.0 H 86 
   1252 3.12 0.0 HE3 113 
   118 27.5 0.0 CG1 21 
   1817 1.16 0.0 HB2 161 
   1350 -0.36 0.0 HG23 123 
   272 0.91 0.0 HD11 35 
   1794 18.6 0.0 CG2 158 
   637 3.25 0.0 HD2 63 
   1744 26.8 0.0 CG 154 
   1932 57.3 0.0 CA 169 
   1958 55.9 0.0 CA 171 
   1753 53.8 0.0 CA 155 
   141 1.13 0.0 HG23 23 
   241 55.0 0.0 CA 32 
   1717 9.7 0.0 HE1 153 
   433 1.79 0.0 HB2 47 
   602 7.45 0.0 HZ2 61 
   1265 58.4 0.0 CA 114 
   1275 18.9 0.0 CB 115 
   560 38.1 0.0 CB 56 
   1857 58.8 0.0 CA 163 
   1933 30.1 0.0 CB 169 
   573 2.55 0.0 HB2 58 
   1711 51.4 0.0 CD 152 
   1674 7.41 0.0 H 149 
   939 8.12 0.0 H 87 
   1045 1.91 0.0 HG3 95 
   139 1.13 0.0 HG21 23 
   73 119.6 0.0 N 17 
   1846 16.7 0.0 CG2 162 
   84 31.9 0.0 CB 18 
   1698 3.72 0.0 HA3 151 
   1047 3.51 0.0 HD3 95 
   1339 25.6 0.0 CG 122 
   821 114.1 0.0 CZ2 78 
   59 120.5 0.0 N 16 
   1629 -0.05 0.0 HD13 145 
   716 4.53 0.0 HA2 70 
   546 2.84 0.0 HE3 55 
   746 2.21 0.0 HB3 73 
   754 30.6 0.0 CB 73 
   177 29.2 0.0 CD 25 
   316 116.1 0.0 N 37 
   65 1.01 0.0 HG13 17 
   336 2.71 0.0 HD2 39 
   406 131.7 0.0 CD2 44 
   1853 2.49 0.0 HG2 163 
   154 1.0 0.0 HD13 24 
   245 3.99 0.0 HA 33 
   257 9.25 0.0 H 34 
   1406 8.19 0.0 HE1 128 
   676 55.8 0.0 CA 66 
   1089 132.8 0.0 CD1 98 
   1177 21.6 0.0 CB 106 
   127 3.72 0.0 HD2 22 
   1785 0.42 0.0 HG21 158 
   249 1.85 0.0 HG3 33 
   1079 7.67 0.0 H 98 
   206 24.4 0.0 CB 28 
   42 58.2 0.0 CA 15 
   1741 1.14 0.0 HD23 154 
   1998 2.08 0.0 HB3 175 
   1860 121.6 0.0 N 163 
   1732 3.58 0.0 HA 154 
   1665 0.92 0.0 HD21 148 
   1108 1.25 0.0 HG21 100 
   946 34.7 0.0 CB 87 
   583 7.7 0.0 HD22 59 
   1947 33.5 0.0 CB 170 
   256 121.0 0.0 N 33 
   974 5.66 0.0 HA 90 
   971 41.3 0.0 CB 89 
   1285 2.4 0.0 HG3 117 
   1021 52.0 0.0 CA 93 
   1322 8.15 0.0 H 121 
   1214 7.93 0.0 H 110 
   468 2.07 0.0 HB3 49 
   813 7.27 0.0 HE3 78 
   207 123.5 0.0 N 28 
   2002 6.84 0.0 HE22 175 
   806 114.4 0.0 N 77 
   219 3.47 0.0 HD3 30 
   179 116.8 0.0 N 25 
   667 2.03 0.0 HG3 65 
   350 0.86 0.0 HD21 40 
   596 4.27 0.0 HA 61 
   1649 8.35 0.0 H 147 
   483 7.26 0.0 HD2 50 
   270 1.81 0.0 HB3 35 
   1522 116.8 0.0 ND2 136 
   1157 0.33 0.0 HG12 105 
   1692 27.0 0.0 CG 150 
   588 8.49 0.0 H 60 
   1005 6.51 0.0 HD2 92 
   581 2.76 0.0 HB3 59 
   707 2.1 0.0 HB2 69 
   1627 -0.05 0.0 HD11 145 
   544 1.6 0.0 HD3 55 
   1496 1.5 0.0 HB3 134 
   274 0.91 0.0 HD13 35 
   835 44.0 0.0 CB 79 
   1936 8.48 0.0 H 170 
   1186 0.93 0.0 HG22 107 
   227 2.02 0.0 HB3 31 
   966 8.46 0.0 H 89 
   1014 129.9 0.0 CE2 92 
   242 40.8 0.0 CB 32 
   1632 0.45 0.0 HD23 145 
   171 1.6 0.0 HD3 25 
   1651 1.22 0.0 HB1 147 
   745 1.04 0.0 HB2 73 
   1133 4.23 0.0 HA 103 
   1679 7.83 0.0 H 150 
   631 8.75 0.0 H 63 
   70 32.2 0.0 CB 17 
   663 4.51 0.0 HA 65 
   87 118.3 0.0 N 18 
   1986 4.67 0.0 HA 174 
   941 1.9 0.0 HB2 87 
   1644 2.21 0.0 HG3 146 
   1296 6.74 0.0 HE1 118 
   1800 1.71 0.0 HG2 159 
   115 -0.19 0.0 HD13 21 
   259 2.16 0.0 HB2 34 
   878 1.45 0.0 HG 83 
   1440 29.7 0.0 CB 130 
   1359 117.1 0.0 N 123 
   1331 1.04 0.0 HG2 122 
   1230 116.5 0.0 N 110 
   669 34.1 0.0 CB 65 
   652 0.91 0.0 HD13 64 
   1559 32.6 0.0 CB 139 
   1526 0.66 0.0 HG11 137 
   1218 1.35 0.0 HG 110 
   1655 20.6 0.0 CB 147 
   1238 8.62 0.0 H 112 
   1647 32.2 0.0 CG 146 
   1327 7.0 0.0 H 122 
   903 43.1 0.0 CB 84 
   642 26.9 0.0 CG 63 
   373 42.2 0.0 CE 41 
   530 3.06 0.0 HB3 54 
   260 2.16 0.0 HB3 34 
   982 0.71 0.0 HD12 90 
   8 2.03 0.0 HB2 12 
   1195 2.4 0.0 HB3 108 
   1058 0.98 0.0 HG22 96 
   936 117.5 0.0 CE1 86 
   1381 25.2 0.0 CD1 125 
   926 2.88 0.0 HB2 86 
   955 7.18 0.0 HE1 88 
   719 107.1 0.0 N 70 
   951 2.71 0.0 HB2 88 
   1901 1.3 0.0 HG13 167 
   585 39.9 0.0 CB 59 
   757 113.1 0.0 CZ2 73 
   1904 0.95 0.0 HG23 167 
   1363 2.78 0.0 HB3 124 
   1660 2.08 0.0 HB3 148 
   1451 3.77 0.0 HD3 131 
   874 8.23 0.0 H 83 
   1848 120.1 0.0 N 162 
   258 4.24 0.0 HA 34 
   1090 133.8 0.0 CD2 98 
   1894 21.8 0.0 CG1 166 
   1733 1.24 0.0 HB2 154 
   1004 6.51 0.0 HD1 92 
   1895 21.8 0.0 CG2 166 
   553 8.2 0.0 H 56 
   1560 25.7 0.0 CG 139 
   1633 58.4 0.0 CA 145 
   2004 29.2 0.0 CB 175 
   703 41.8 0.0 CE 68 
   591 2.96 0.0 HB3 60 
   132 50.7 0.0 CD 22 
   389 2.14 0.0 HG2 43 
   1664 0.8 0.0 HD13 148 
   427 5.22 0.0 HG 46 
   430 114.9 0.0 N 46 
   462 17.0 0.0 CG2 48 
   1283 119.1 0.0 N 116 
   54 3.21 0.0 HD3 16 
   392 28.4 0.0 CB 43 
   963 129.6 0.0 CE2 88 
   1412 7.96 0.0 H 129 
   1851 2.24 0.0 HB2 163 
   1548 8.76 0.0 H 139 
   1225 53.9 0.0 CA 110 
   1714 3.23 0.0 HB2 153 
   1761 0.75 0.0 HG13 156 
   137 0.96 0.0 HG12 23 
   628 133.7 0.0 CE2 62 
   1189 31.4 0.0 CB 107 
   135 2.37 0.0 HB 23 
   411 4.15 0.0 HA 45 
   1187 0.93 0.0 HG23 107 
   133 8.04 0.0 H 23 
   1003 3.68 0.0 HB3 92 
   1431 1.96 0.0 HB2 130 
   322 2.45 0.0 HG3 38 
   1701 4.25 0.0 HA 152 
   1662 0.8 0.0 HD11 148 
   1259 7.31 0.0 H 114 
   1821 0.66 0.0 HD12 161 
   1134 0.87 0.0 HB2 103 
   1032 0.45 0.0 HD11 94 
   574 3.11 0.0 HB3 58 
   284 8.01 0.0 H 36 
   635 1.6 0.0 HG2 63 
   1847 14.9 0.0 CD1 162 
   1872 56.9 0.0 CA 164 
   1814 115.9 0.0 N 160 
   116 59.2 0.0 CA 21 
   434 2.21 0.0 HB3 47 
   1703 2.44 0.0 HB3 152 
   1270 4.47 0.0 HA 115 
   1682 2.33 0.0 HB3 150 
   1865 2.04 0.0 HB3 164 
   57 27.3 0.0 CG 16 
   191 4.6 0.0 HA 27 
   448 8.86 0.0 H 48 
   973 8.46 0.0 H 90 
   1678 107.1 0.0 N 149 
   163 126.3 0.0 N 24 
   1838 0.81 0.0 HG22 162 
   464 118.5 0.0 N 48 
   192 2.32 0.0 HB2 27 
   1017 8.57 0.0 H 93 
   1829 26.1 0.0 CD1 161 
   1172 5.09 0.0 HA 106 
   1941 1.38 0.0 HG3 170 
   1153 119.5 0.0 N 104 
   767 6.87 0.0 HD2 74 
   664 1.55 0.0 HB2 65 
   1888 1.0 0.0 HG13 166 
   1077 22.0 0.0 CG2 97 
   1306 1.79 0.0 HB2 119 
   1604 3.75 0.0 HA 143 
   1612 3.57 0.0 HA 144 
   610 120.2 0.0 CZ3 61 
   349 0.84 0.0 HD13 40 
   1155 3.79 0.0 HA 105 
   18 1.47 0.0 HB1 13 
   699 59.8 0.0 CA 68 
   1313 30.5 0.0 CB 119 
   458 0.92 0.0 HD13 48 
   487 38.5 0.0 CB 50 
   1902 0.95 0.0 HG21 167 
   150 1.88 0.0 HB3 24 
   1368 4.45 0.0 HA 125 
   1274 52.6 0.0 CA 115 
   1161 0.67 0.0 HG23 105 
   646 5.07 0.0 HA 64 
   933 39.5 0.0 CB 86 
   304 3.36 0.0 HA 37 
   1329 1.25 0.0 HB2 122 
   1088 42.0 0.0 CB 98 
   1700 105.7 0.0 N 151 
   1151 30.1 0.0 CB 104 
   1913 112.3 0.0 N 167 
   1704 1.84 0.0 HG2 152 
   194 6.5 0.0 HD21 27 
   700 31.8 0.0 CB 68 
   334 1.47 0.0 HG2 39 
   493 8.77 0.0 H 51 
   1033 0.45 0.0 HD12 94 
   1755 115.0 0.0 N 155 
   1764 0.93 0.0 HG23 156 
   942 1.9 0.0 HB3 87 
   199 107.7 0.0 ND2 27 
   1444 118.4 0.0 N 130 
   804 55.2 0.0 CA 77 
   1687 1.16 0.0 HD21 150 
   217 1.44 0.0 HG3 30 
   826 9.23 0.0 H 79 
   593 40.5 0.0 CB 60 
   470 1.93 0.0 HG3 49 
   911 1.74 0.0 HB3 85 
   740 27.4 0.0 CG 72 
   658 27.3 0.0 CG 64 
   240 3.09 0.0 HB3 32 
   1906 0.85 0.0 HD12 167 
   3 2.76 0.0 HB3 11 
   507 8.37 0.0 H 52 
   1206 2.17 0.0 HB2 109 
   1641 2.2 0.0 HB2 146 
   128 4.08 0.0 HD3 22 
   225 4.34 0.0 HA 31 
   1807 49.4 0.0 CD 159 
   417 6.94 0.0 HE22 45 
   1967 1.43 0.0 HG3 172 
   608 122.4 0.0 CE3 61 
   1705 2.09 0.0 HG3 152 
   280 27.0 0.0 CG 35 
   58 43.2 0.0 CD 16 
   1738 0.88 0.0 HD13 154 
   643 42.6 0.0 CD 63 
   925 4.52 0.0 HA 86 
   1464 1.04 0.0 HD21 132 
   1887 1.0 0.0 HG12 166 
   1994 112.7 0.0 ND2 174 
   1553 1.46 0.0 HG3 139 
   1104 49.5 0.0 CD 99 
   2000 2.31 0.0 HG3 175 
   1182 0.58 0.0 HG11 107 
   687 116.8 0.0 N 67 
   1643 2.21 0.0 HG2 146 
   25 4.07 0.0 HA 14 
   1757 3.87 0.0 HA 156 
   1470 23.5 0.0 CD1 132 
   1168 17.5 0.0 CG2 105 
   1813 41.7 0.0 CB 160 
   929 7.33 0.0 HD2 86 
   1653 1.22 0.0 HB3 147 
   1424 131.7 0.0 CD2 129 
   1491 130.6 0.0 NE1 133 
   548 32.2 0.0 CB 55 
   1685 0.87 0.0 HD12 150 
   992 2.07 0.0 HB2 91 
   909 4.75 0.0 HA 85 
   1059 0.98 0.0 HG23 96 
   40 3.21 0.0 HD2 15 
   1222 0.68 0.0 HD21 110 
   96 4.35 0.0 HA 20 
   1180 4.9 0.0 HA 107 
   517 8.47 0.0 H 53 
   186 65.4 0.0 CA 26 
   1962 8.44 0.0 H 172 
   545 2.84 0.0 HE2 55 
   208 8.82 0.0 H 29 
   1529 1.08 0.0 HG21 137 
   694 1.46 0.0 HG3 68 
   1534 20.4 0.0 CG1 137 
   78 0.94 0.0 HG12 18 
   1816 3.88 0.0 HA 161 
   250 3.34 0.0 HD2 33 
   388 2.34 0.0 HB3 43 
   1742 57.8 0.0 CA 154 
   1425 129.8 0.0 CE1 129 
   1362 2.23 0.0 HB2 124 
   605 56.9 0.0 CA 61 
   1554 1.56 0.0 HD2 139 
   1900 0.81 0.0 HG12 167 
   1247 1.3 0.0 HG2 113 
   749 7.03 0.0 HE3 73 
   1790 0.18 0.0 HD13 158 
   523 55.6 0.0 CA 53 
   1371 1.35 0.0 HG 125 
   1357 17.0 0.0 CG2 123 
   691 1.81 0.0 HB2 68 
   359 7.57 0.0 H 41 
   312 66.4 0.0 CA 37 
   1410 136.2 0.0 CE1 128 
   1178 128.8 0.0 N 106 
   856 12.7 0.0 CD1 80 
   800 9.17 0.0 H 77 
   1747 118.8 0.0 N 154 
   182 3.96 0.0 HB 26 
   1787 0.42 0.0 HG23 158 
   1883 7.79 0.0 H 166 
   1937 4.24 0.0 HA 170 
   1943 1.6 0.0 HD3 170 
   578 8.55 0.0 H 59 
   1797 3.52 0.0 HA 159 
   541 1.31 0.0 HG2 55 
   1269 8.73 0.0 H 115 
   579 5.05 0.0 HA 59 
   365 1.74 0.0 HD2 41 
   819 125.9 0.0 CD1 78 
   752 6.46 0.0 HH2 73 
   908 8.45 0.0 H 85 
   47 8.18 0.0 H 16 
   877 2.1 0.0 HB3 83 
   1407 57.1 0.0 CA 128 
   1251 3.12 0.0 HE2 113 
   1085 6.93 0.0 HE1 98 
   129 63.3 0.0 CA 22 
   1791 63.4 0.0 CA 158 
   1212 36.8 0.0 CG 109 
   1118 1.08 0.0 HG21 101 
   27 1.24 0.0 HG21 14 
   1042 1.84 0.0 HB2 95 
   1530 1.08 0.0 HG22 137 
   881 0.82 0.0 HD13 83 
   264 28.8 0.0 CB 34 
   1949 29.2 0.0 CD 170 
   995 2.13 0.0 HG3 91 
   532 7.24 0.0 HD22 54 
   1521 116.3 0.0 N 136 
   513 59.7 0.0 CA 52 
   166 1.76 0.0 HB2 25 
   271 1.77 0.0 HG 35 
   69 64.5 0.0 CA 17 
   1886 1.0 0.0 HG11 166 
   1911 18.1 0.0 CG2 167 
   1246 1.82 0.0 HB3 113 
   1923 31.6 0.0 CB 168 
   827 4.84 0.0 HA 79 
   351 0.86 0.0 HD22 40 
   414 2.54 0.0 HG2 45 
   1163 0.43 0.0 HD12 105 
   1479 7.41 0.0 HE3 133 
   375 7.68 0.0 H 42 
   814 7.17 0.0 HZ2 78 
   1199 3.77 0.0 HD3 108 
   1354 61.9 0.0 CA 123 
   802 2.94 0.0 HB2 77 
   622 5.65 0.0 HZ 62 
   1975 29.1 0.0 CD 172 
   1484 27.6 0.0 CB 133 
   1377 0.33 0.0 HD23 125 
   1628 -0.05 0.0 HD12 145 
   228 1.58 0.0 HG2 31 
   566 1.5 0.0 HB2 57 
   782 45.8 0.0 CA 75 
   183 1.25 0.0 HG21 26 
   796 24.8 0.0 CG 76 
   92 60.1 0.0 CA 19 
   822 120.5 0.0 CZ3 78 
   866 126.2 0.0 N 81 
   1054 1.9 0.0 HB 96 
   720 8.33 0.0 H 71 
   1594 0.37 0.0 HD21 142 
   95 7.79 0.0 H 20 
   147 9.12 0.0 H 24 
   1378 54.2 0.0 CA 125 
   1977 122.0 0.0 N 172 
   94 116.9 0.0 N 19 
   797 29.6 0.0 CD 76 
   869 2.25 0.0 HB2 82 
   1024 8.43 0.0 H 94 
   1752 1.43 0.0 HB3 155 
   1657 8.89 0.0 H 148 
   34 8.07 0.0 H 15 
   1690 57.9 0.0 CA 150 
   759 123.7 0.0 CH2 73 
   490 118.8 0.0 CE1 50 
   1948 24.8 0.0 CG 170 
   357 24.3 0.0 CD2 40 
   614 6.81 0.0 H 62 
   140 1.13 0.0 HG22 23 
   1130 49.7 0.0 CA 102 
   1783 0.82 0.0 HG12 158 
   1870 2.92 0.0 HE2 164 
   1015 127.8 0.0 CZ 92 
   2005 33.7 0.0 CG 175 
   1494 1.5 0.0 HB1 134 
   1009 57.4 0.0 CA 92 
   1572 6.2 0.0 HZ 140 
   1340 28.9 0.0 CD 122 
   1215 4.34 0.0 HA 110 
   1944 2.96 0.0 HE2 170 
   1022 43.0 0.0 CB 93 
   665 1.81 0.0 HB3 65 
   302 125.7 0.0 NE1 36 
   1472 119.9 0.0 N 132 
   1159 0.67 0.0 HG21 105 
   514 29.2 0.0 CB 52 
   387 2.22 0.0 HB2 43 
   764 3.1 0.0 HB2 74 
   1903 0.95 0.0 HG22 167 
   589 4.4 0.0 HA 60 
   619 5.47 0.0 HD2 62 
   98 2.19 0.0 HB3 20 
   616 2.1 0.0 HB2 62 
   1092 116.0 0.0 CE2 98 
   51 1.6 0.0 HG2 16 
   976 0.84 0.0 HG12 90 
   1550 1.74 0.0 HB2 139 
   422 111.4 0.0 NE2 45 
   368 2.96 0.0 HE3 41 
   1683 1.88 0.0 HG 150 
   300 122.2 0.0 CH2 36 
   599 7.87 0.0 HD1 61 
   1375 0.33 0.0 HD21 125 
   263 59.6 0.0 CA 34 
   1555 1.62 0.0 HD3 139 
   998 35.4 0.0 CG 91 
   175 35.9 0.0 CB 25 
   892 4.47 0.0 HA 84 
   295 29.5 0.0 CB 36 
   1950 41.8 0.0 CE 170 
   916 2.27 0.0 HE2 85 
   63 1.01 0.0 HG11 17 
   640 54.8 0.0 CA 63 
   592 54.1 0.0 CA 60 
   834 57.7 0.0 CA 79 
   1338 32.9 0.0 CB 122 
   1537 4.86 0.0 HA 138 
   987 19.5 0.0 CG2 90 
   167 1.76 0.0 HB3 25 
   1610 120.1 0.0 N 143 
   723 1.1 0.0 HG21 71 
   66 1.1 0.0 HG21 17 
   29 1.24 0.0 HG23 14 
   1929 2.59 0.0 HB2 169 
   905 22.3 0.0 CD1 84 
   56 30.2 0.0 CB 16 
   952 3.07 0.0 HB3 88 
   755 123.5 0.0 CD1 73 
   1492 8.33 0.0 H 134 
   1197 2.12 0.0 HG3 108 
   1409 120.2 0.0 CD2 128 
   812 10.66 0.0 HE1 78 
   1360 7.71 0.0 H 124 
   165 4.41 0.0 HA 25 
   913 1.18 0.0 HG3 85 
   224 8.5 0.0 H 31 
   190 9.34 0.0 H 27 
   549 25.6 0.0 CG 55 
   895 1.54 0.0 HG 84 
   1401 7.93 0.0 H 128 
   718 46.2 0.0 CA 70 
   842 5.13 0.0 HA 80 
   604 7.04 0.0 HH2 61 
   1819 1.91 0.0 HG 161 
   1512 113.5 0.0 N 135 
   1001 4.95 0.0 HA 92 
   159 41.3 0.0 CB 24 
   1438 2.99 0.0 HE3 130 
   1260 4.63 0.0 HA 114 
   1097 1.5 0.0 HG2 99 
   44 27.3 0.0 CG 15 
   457 0.92 0.0 HD12 48 
   682 3.59 0.0 HB3 67 
   1169 14.7 0.0 CD1 105 
   297 122.1 0.0 CE3 36 
   1849 8.1 0.0 H 163 
   863 55.6 0.0 CA 81 
   235 43.1 0.0 CD 31 
   484 6.97 0.0 HE1 50 
   1448 1.99 0.0 HG2 131 
   1287 1.89 0.0 HE2 117 
   293 7.05 0.0 HH2 36 
   1638 121.2 0.0 N 145 
   1 4.65 0.0 HA 11 
   1320 45.5 0.0 CA 120 
   1574 36.4 0.0 CB 140 
   1812 57.2 0.0 CA 160 
   1468 41.9 0.0 CB 132 
   730 7.61 0.0 H 72 
   125 2.1 0.0 HG2 22 
   830 6.96 0.0 HD1 79 
   1677 45.7 0.0 CA 149 
   1471 26.2 0.0 CD2 132 
   1050 27.0 0.0 CG 95 
   931 6.77 0.0 HE2 86 
   649 1.83 0.0 HG 64 
   788 1.43 0.0 HG2 76 
   1119 1.08 0.0 HG22 101 
   386 4.33 0.0 HA 43 
   1087 58.3 0.0 CA 98 
   1148 2.07 0.0 HG2 104 
   738 56.1 0.0 CA 72 
   317 7.16 0.0 H 38 
   1207 2.39 0.0 HB3 109 
   683 7.79 0.0 HD21 67 
   1330 1.47 0.0 HB3 122 
   88 8.07 0.0 H 19 
   494 3.25 0.0 HA 51 
   1707 3.6 0.0 HD3 152 
   1065 27.8 0.0 CG1 96 
   1774 0.82 0.0 HG2 157 
   1220 0.5 0.0 HD12 110 
   1056 1.48 0.0 HG13 96 
   1926 112.3 0.0 NE2 168 
   1345 0.37 0.0 HB 123 
   237 8.17 0.0 H 32 
   100 2.4 0.0 HG3 20 
   1784 1.49 0.0 HG13 158 
   1858 27.9 0.0 CB 163 
   808 6.21 0.0 HA 78 
   1165 62.8 0.0 CA 105 
   1824 0.73 0.0 HD22 161 
   138 0.96 0.0 HG13 23 
   678 111.7 0.0 N 66 
   1210 58.3 0.0 CA 109 
   1308 1.58 0.0 HG2 119 
   1748 7.31 0.0 H 155 
   1615 5.82 0.0 HD2 144 
   1600 23.0 0.0 CD1 142 
   906 24.8 0.0 CD2 84 
   1990 6.91 0.0 HD22 174 
   798 42.2 0.0 CE 76 
   504 23.6 0.0 CG1 51 
   473 57.4 0.0 CA 49 
   612 121.9 0.0 N 61 
   1568 6.2 0.0 HD1 140 
   539 1.91 0.0 HB2 55 
   253 28.7 0.0 CB 33 
   1204 9.68 0.0 H 109 
   1563 122.6 0.0 N 139 
   400 7.33 0.0 HD2 44 
   516 119.7 0.0 N 52 
   1871 2.92 0.0 HE3 164 
   1588 0.74 0.0 HB2 142 
   86 22.0 0.0 CG2 18 
   1442 29.4 0.0 CD 130 
   662 8.9 0.0 H 65 
   1192 119.5 0.0 N 107 
   1987 2.77 0.0 HB2 174 
   858 9.14 0.0 H 81 
   518 4.48 0.0 HA 53 
   1874 26.3 0.0 CG 164 
   661 123.1 0.0 N 64 
   1459 1.92 0.0 HB3 132 
   342 8.86 0.0 H 40 
   989 113.7 0.0 N 90 
   1501 4.14 0.0 HA 135 
   1668 54.5 0.0 CA 148 
   130 31.8 0.0 CB 22 
   311 1.13 0.0 HG23 37 
   1985 8.55 0.0 H 174 
   1112 67.9 0.0 CB 100 
   288 7.34 0.0 HD1 36 
   919 34.2 0.0 CB 85 
   1201 32.3 0.0 CB 108 
   1500 7.5 0.0 H 135 
   1942 1.6 0.0 HD2 170 
   43 30.1 0.0 CB 15 
   1164 0.43 0.0 HD13 105 
   714 115.4 0.0 N 69 
   715 7.82 0.0 H 70 
   1315 42.9 0.0 CD 119 
   1124 114.3 0.0 N 101 
   222 27.2 0.0 CG 30 
   1825 0.73 0.0 HD23 161 
   184 1.25 0.0 HG22 26 
   698 3.0 0.0 HE3 68 
   1766 33.1 0.0 CB 156 
   773 131.7 0.0 CD1 74 
   1272 1.43 0.0 HB2 115 
   1754 18.2 0.0 CB 155 
   1352 -0.19 0.0 HD12 123 
   1387 1.41 0.0 HG21 126 
   361 2.06 0.0 HB2 41 
   1981 2.88 0.0 HB3 173 
   648 1.86 0.0 HB3 64 
   1727 119.6 0.0 CZ3 153 
   562 112.3 0.0 ND2 56 
   331 4.12 0.0 HA 39 
   488 131.7 0.0 CD1 50 
   328 118.6 0.0 N 38 
   556 2.93 0.0 HB3 56 
   739 32.8 0.0 CB 72 
   1497 54.7 0.0 CA 134 
   1569 6.2 0.0 HD2 140 
   711 58.0 0.0 CA 69 
   777 129.4 0.0 CZ 74 
   1010 40.4 0.0 CB 92 
   136 0.96 0.0 HG11 23 
   1498 18.5 0.0 CB 134 
   1307 1.79 0.0 HB3 119 
   278 56.6 0.0 CA 35 
   1516 1.28 0.0 HB3 136 
   1878 7.93 0.0 H 165 
   521 7.98 0.0 HD21 53 
   343 3.56 0.0 HA 40 
   779 8.54 0.0 H 75 
   1223 0.68 0.0 HD22 110 
   854 27.8 0.0 CG1 80 
   1232 4.44 0.0 HA 111 
   1469 27.0 0.0 CG 132 
   1395 4.38 0.0 HA 127 
   1188 58.3 0.0 CA 107 
   119 17.2 0.0 CG2 21 
   477 119.0 0.0 N 49 
   1282 29.0 0.0 CB 116 
   1890 1.0 0.0 HG22 166 
   1418 6.99 0.0 HE1 129 
   123 1.93 0.0 HB2 22 
   203 1.47 0.0 HB2 28 
   918 56.1 0.0 CA 85 
   1205 4.3 0.0 HA 109 
   844 0.96 0.0 HG12 80 
   107 1.29 0.0 HB 21 
   1750 1.43 0.0 HB1 155 
   638 3.25 0.0 HD3 63 
   928 7.33 0.0 HD1 86 
   1231 7.36 0.0 H 111 
   1280 2.0 0.0 HB3 116 
   313 31.3 0.0 CB 37 
   438 0.93 0.0 HD13 47 
   501 0.8 0.0 HG23 51 
   1751 1.43 0.0 HB2 155 
   1324 3.93 0.0 HA3 121 
   1837 0.81 0.0 HG21 162 
   668 54.6 0.0 CA 65 
   1718 7.08 0.0 HE3 153 
   1966 1.35 0.0 HG2 172 
   1343 7.91 0.0 H 123 
   901 0.64 0.0 HD23 84 
   475 26.1 0.0 CG 49 
   943 2.0 0.0 HG2 87 
   243 119.3 0.0 N 32 
   1842 0.01 0.0 HD13 162 
   1795 8.6 0.0 CD1 158 
   439 0.98 0.0 HD21 47 
   1074 1.17 0.0 HG23 97 
   810 3.29 0.0 HB3 78 
   1921 7.47 0.0 HE22 168 
   1684 0.87 0.0 HD11 150 
   568 51.2 0.0 CA 57 
   1486 120.1 0.0 CE3 133 
   1912 14.6 0.0 CD1 167 
   1397 2.68 0.0 HB3 127 
   382 29.2 0.0 CB 42 
   737 3.19 0.0 HD3 72 
   1519 53.4 0.0 CA 136 
   1504 1.59 0.0 HG2 135 
   851 0.82 0.0 HD13 80 
   1258 117.5 0.0 N 113 
   223 48.9 0.0 CD 30 
   1832 8.16 0.0 H 162 
   717 3.53 0.0 HA3 70 
   1115 7.25 0.0 H 101 
   10 2.32 0.0 HG2 12 
   570 121.1 0.0 N 57 
   1490 120.6 0.0 N 133 
   1607 1.04 0.0 HB3 143 
   1922 54.4 0.0 CA 168 
   1263 1.17 0.0 HG22 114 
   2003 56.0 0.0 CA 175 
   377 2.27 0.0 HB2 42 
   511 2.31 0.0 HG2 52 
   706 4.19 0.0 HA 69 
   1997 1.94 0.0 HB2 175 
   629 131.9 0.0 CZ 62 
   1578 129.7 0.0 CE2 140 
   1855 7.42 0.0 HE21 163 
   1379 41.7 0.0 CB 125 
   1898 4.64 0.0 HA 167 
   276 1.01 0.0 HD22 35 
   1788 0.18 0.0 HD11 158 
   1066 18.1 0.0 CG2 96 
   1645 57.0 0.0 CA 146 
   978 1.02 0.0 HG21 90 
   1167 27.6 0.0 CG1 105 
   760 125.1 0.0 N 73 
   1952 8.55 0.0 H 171 
   20 1.47 0.0 HB3 13 
   1069 7.01 0.0 H 97 
   1384 8.22 0.0 H 126 
   680 4.76 0.0 HA 67 
   1457 3.95 0.0 HA 132 
   1135 2.45 0.0 HB3 103 
   508 3.88 0.0 HA 52 
   1332 1.23 0.0 HG3 122 
   1582 5.14 0.0 HA2 141 
   1663 0.8 0.0 HD12 148 
   1175 1.34 0.0 HB3 106 
   423 8.3 0.0 H 46 
   1355 37.5 0.0 CB 123 
   79 0.94 0.0 HG13 18 
   1228 25.1 0.0 CD1 110 
   320 2.23 0.0 HB3 38 
   1443 41.8 0.0 CE 130 
   1227 26.9 0.0 CG 110 
   1467 57.9 0.0 CA 132 
   641 33.8 0.0 CB 63 
   1770 7.92 0.0 H 157 
   731 5.02 0.0 HA 72 
   89 4.33 0.0 HA 19 
   1044 1.84 0.0 HG2 95 
   327 33.3 0.0 CG 38 
   75 3.81 0.0 HA 18 
   1603 9.24 0.0 H 143 
   1889 1.0 0.0 HG21 166 
   654 0.91 0.0 HD22 64 
   1388 1.41 0.0 HG22 126 
   268 4.34 0.0 HA 35 
   803 3.39 0.0 HB3 77 
   1475 2.49 0.0 HB2 133 
   1916 1.92 0.0 HB2 168 
   1773 0.96 0.0 HB3 157 
   1585 112.9 0.0 N 141 
   1386 4.54 0.0 HB 126 
   818 32.6 0.0 CB 78 
   244 8.58 0.0 H 33 
   1465 1.04 0.0 HD22 132 
   630 115.3 0.0 N 62 
   1278 4.0 0.0 HA 116 
   1237 119.9 0.0 N 111 
   1866 1.45 0.0 HG2 164 
   609 113.7 0.0 CZ2 61 
   413 2.34 0.0 HB3 45 
   421 117.4 0.0 N 45 
   279 42.7 0.0 CB 35 
   950 5.09 0.0 HA 88 
   927 3.29 0.0 HB3 86 
   656 54.3 0.0 CA 64 
   1029 0.7 0.0 HG21 94 
   673 4.75 0.0 HA 66 
   498 0.78 0.0 HG13 51 
   416 7.61 0.0 HE21 45 
   1111 67.1 0.0 CA 100 
   1405 7.06 0.0 HD2 128 
   114 -0.19 0.0 HD12 21 
   1739 1.14 0.0 HD21 154 
   1267 20.7 0.0 CG2 114 
   151 1.7 0.0 HG 24 
   940 5.28 0.0 HA 87 
   1217 1.6 0.0 HB3 110 
   567 1.5 0.0 HB3 57 
   1513 7.18 0.0 H 136 
   1905 0.85 0.0 HD11 167 
   111 0.18 0.0 HG22 21 
   875 3.58 0.0 HA 83 
   564 4.51 0.0 HA 57 
   1974 24.7 0.0 CG 172 
   645 8.7 0.0 H 64 
   500 0.8 0.0 HG22 51 
   117 39.1 0.0 CB 21 
   829 3.01 0.0 HB3 79 
   1999 2.31 0.0 HG2 175 
   1012 131.3 0.0 CD2 92 
   1614 3.34 0.0 HB3 144 
   193 3.25 0.0 HB3 27 
   246 2.0 0.0 HB2 33 
   1828 26.2 0.0 CG 161 
   321 2.45 0.0 HG2 38 
   934 132.9 0.0 CD1 86 
   378 2.71 0.0 HB3 42 
   1335 2.91 0.0 HE2 122 
   1549 4.17 0.0 HA 139 
   1008 6.45 0.0 HZ 92 
   577 116.9 0.0 N 58 
   947 37.4 0.0 CG 87 
   211 44.9 0.0 CA 29 
   236 116.8 0.0 N 31 
   1055 1.32 0.0 HG12 96 
   1031 0.7 0.0 HG23 94 
   948 122.6 0.0 N 87 
   705 8.77 0.0 H 69 
   1208 2.43 0.0 HG2 109 
   1385 4.28 0.0 HA 126 
   1729 118.4 0.0 N 153 
   1380 26.3 0.0 CG 125 
   1734 2.04 0.0 HB3 154 
   1768 21.8 0.0 CG2 156 
   1389 1.41 0.0 HG23 126 
   820 119.9 0.0 CE3 78 
   1463 0.93 0.0 HD13 132 
   787 1.49 0.0 HB3 76 
   1609 18.0 0.0 CB 143 
   852 59.6 0.0 CA 80 
   1706 3.08 0.0 HD2 152 
   221 31.7 0.0 CB 30 
   1106 4.12 0.0 HA 100 
   2007 112.3 0.0 NE2 175 
   1290 18.0 0.0 CE 117 
   356 24.3 0.0 CD1 40 
   1122 69.9 0.0 CB 101 
   1914 8.64 0.0 H 168 
   647 1.83 0.0 HB2 64 
   799 121.3 0.0 N 76 
   492 119.9 0.0 N 50 
   937 117.5 0.0 CE2 86 
   751 6.65 0.0 HZ3 73 
   170 1.6 0.0 HD2 25 
   346 0.96 0.0 HG 40 
   1416 7.05 0.0 HD1 129 
   161 27.0 0.0 CD1 24 
   915 1.28 0.0 HD3 85 
   1160 0.67 0.0 HG22 105 
   341 121.0 0.0 N 39 
   405 131.7 0.0 CD1 44 
   1391 69.5 0.0 CB 126 
   21 54.2 0.0 CA 13 
   935 132.9 0.0 CD2 86 
   1243 8.33 0.0 H 113 
   785 5.61 0.0 HA 76 
   1478 9.6 0.0 HE1 133 
   1503 1.86 0.0 HB3 135 
   1120 1.08 0.0 HG23 101 
   713 37.3 0.0 CG 69 
   1716 7.36 0.0 HD1 153 
   195 7.45 0.0 HD22 27 
   298 114.2 0.0 CZ2 36 
   774 131.7 0.0 CD2 74 
   1658 4.51 0.0 HA 148 
   1404 3.23 0.0 HB3 128 
   1620 136.3 0.0 CE1 144 
   1038 16.8 0.0 CG2 94 
   1351 -0.19 0.0 HD11 123 
   455 0.97 0.0 HG23 48 
   849 0.82 0.0 HD11 80 
   1945 2.96 0.0 HE3 170 
   734 1.5 0.0 HG2 72 
   275 1.01 0.0 HD21 35 
   519 3.0 0.0 HB2 53 
   790 1.55 0.0 HD2 76 
   964 128.3 0.0 CZ 88 
   310 1.13 0.0 HG22 37 
   374 118.4 0.0 N 41 
   710 2.54 0.0 HG3 69 
   831 6.96 0.0 HD2 79 
   308 0.99 0.0 HG13 37 
   173 2.92 0.0 HE3 25 
   1043 2.39 0.0 HB3 95 
   690 3.96 0.0 HA 68 
   13 29.4 0.0 CB 12 
   776 130.0 0.0 CE2 74 
   594 120.0 0.0 N 60 
   6 8.75 0.0 H 12 
   210 4.82 0.0 HA3 29 
   563 7.52 0.0 H 57 
   1298 53.1 0.0 CA 118 
   1867 1.66 0.0 HG3 164 
   815 6.61 0.0 HZ3 78 
   1524 4.01 0.0 HA 137 
   848 0.64 0.0 HG23 80 
   1071 4.67 0.0 HB 97 
   1634 42.1 0.0 CB 145 
   644 118.8 0.0 N 63 
   1749 3.86 0.0 HA 155 
   1850 4.04 0.0 HA 163 
   953 7.16 0.0 HD1 88 
   979 1.02 0.0 HG22 90 
   1694 27.2 0.0 CD2 150 
   1506 3.11 0.0 HD2 135 
   540 1.91 0.0 HB3 55 
   1769 113.1 0.0 N 156 
   450 1.98 0.0 HB 48 
   1316 120.9 0.0 N 119 
   900 0.64 0.0 HD22 84 
   888 25.2 0.0 CD1 83 
   420 34.2 0.0 CG 45 
   1899 1.86 0.0 HB 167 
   944 2.0 0.0 HG3 87 
   391 58.5 0.0 CA 43 
   1072 1.17 0.0 HG21 97 
   1915 4.83 0.0 HA 168 
   1617 61.9 0.0 CA 144 
   1383 126.2 0.0 N 125 
   1158 1.15 0.0 HG13 105 
   996 55.2 0.0 CA 91 
   432 4.23 0.0 HA 47 
   681 3.07 0.0 HB2 67 
   899 0.64 0.0 HD21 84 
   1639 7.93 0.0 H 146 
   1239 4.25 0.0 HA2 112 
   337 2.71 0.0 HD3 39 
   786 1.44 0.0 HB2 76 
   74 8.12 0.0 H 18 
   15 122.1 0.0 N 12 
   176 24.6 0.0 CG 25 
   1141 31.9 0.0 CB 103 
   113 -0.19 0.0 HD11 21 
   1254 33.3 0.0 CB 113 
   1002 2.77 0.0 HB2 92 
   364 1.73 0.0 HG3 41 
   805 32.7 0.0 CB 77 
   1804 66.3 0.0 CA 159 
   2 2.76 0.0 HB2 11 
   380 2.69 0.0 HG3 42 
   402 6.81 0.0 HE2 44 
   1577 129.7 0.0 CE1 140 
   1194 2.03 0.0 HB2 108 
   753 55.4 0.0 CA 73 
   503 31.5 0.0 CB 51 
   1592 -0.51 0.0 HD12 142 
   370 32.0 0.0 CB 41 
   1805 30.6 0.0 CB 159 
   728 23.0 0.0 CG2 71 
   617 2.5 0.0 HB3 62 
   1646 31.6 0.0 CB 146 
   41 3.21 0.0 HD3 15 
   412 2.23 0.0 HB2 45 
   1144 8.6 0.0 H 104 
   743 8.77 0.0 H 73 
   1162 0.43 0.0 HD11 105 
   954 7.16 0.0 HD2 88 
   502 67.2 0.0 CA 51 
   1499 117.9 0.0 N 134 
   234 27.1 0.0 CG 31 
   1102 33.2 0.0 CB 99 
   780 4.93 0.0 HA2 75 
   1253 56.4 0.0 CA 113 
   418 59.3 0.0 CA 45 
   1730 127.7 0.0 NE1 153 
   1897 6.85 0.0 H 167 
   1128 0.01 0.0 HB2 102 
   1364 57.6 0.0 CA 124 
   1295 7.0 0.0 HD2 118 
   1782 1.56 0.0 HB 158 
   1623 4.15 0.0 HA 145 
   1116 4.28 0.0 HA 101 
   505 21.0 0.0 CG2 51 
   1527 0.66 0.0 HG12 137 
   1415 3.22 0.0 HB3 129 
   1025 4.37 0.0 HA 94 
   348 0.84 0.0 HD12 40 
   218 2.45 0.0 HD2 30 
   145 22.0 0.0 CG2 23 
   1957 2.2 0.0 HG3 171 
   843 1.63 0.0 HB 80 
   613 127.8 0.0 NE1 61 
   689 8.83 0.0 H 68 
   265 36.3 0.0 CG 34 
   1221 0.5 0.0 HD13 110 
   1109 1.25 0.0 HG22 100 
   727 69.3 0.0 CB 71 
   1063 64.5 0.0 CA 96 
   528 4.38 0.0 HA 54 
   152 1.0 0.0 HD11 24 
   807 9.24 0.0 H 78 
   1934 120.5 0.0 CD2 169 
   1103 25.1 0.0 CG 99 
   1101 62.8 0.0 CA 99 
   467 1.95 0.0 HB2 49 
   1245 1.76 0.0 HB2 113 
   262 2.42 0.0 HG3 34 
   1720 6.36 0.0 HZ3 153 
   882 0.77 0.0 HD21 83 
   214 1.05 0.0 HB2 30 
   1777 29.2 0.0 CB 157 
   1927 8.65 0.0 H 169 
   1557 2.91 0.0 HE3 139 
   146 116.5 0.0 N 23 
   64 1.01 0.0 HG12 17 
   1452 65.5 0.0 CA 131 
   627 133.7 0.0 CE1 62 
   1583 4.14 0.0 HA3 141 
   636 1.74 0.0 HG3 63 
   1792 30.6 0.0 CB 158 
   794 53.9 0.0 CA 76 
   1279 2.0 0.0 HB2 116 
   1297 6.74 0.0 HE2 118 
   81 1.01 0.0 HG22 18 
   696 1.69 0.0 HD3 68 
   1176 50.2 0.0 CA 106 
   247 2.12 0.0 HB3 33 
   685 51.6 0.0 CA 67 
   23 122.6 0.0 N 13 
   1982 58.6 0.0 CA 173 
   1811 2.55 0.0 HB3 160 
   675 2.44 0.0 HB3 66 
   1100 3.8 0.0 HD3 99 
   1152 35.9 0.0 CG 104 
   1681 1.36 0.0 HB2 150 
   428 62.8 0.0 CA 46 
   1366 121.7 0.0 N 124 
   344 0.97 0.0 HB2 40 
   1138 2.95 0.0 HD2 103 
   1466 1.04 0.0 HD23 132 
   1621 115.4 0.0 N 144 
   1156 1.26 0.0 HB 105 
   4 54.1 0.0 CA 11 
   485 6.97 0.0 HE2 50 
   1536 122.5 0.0 N 137 
   479 4.78 0.0 HA 50 
   1016 112.7 0.0 N 92 
   1839 0.81 0.0 HG23 162 
   371 25.0 0.0 CG 41 
   1666 0.92 0.0 HD22 148 
   1255 25.6 0.0 CG 113 
   994 2.13 0.0 HG2 91 
   684 6.71 0.0 HD22 67 
   1394 8.77 0.0 H 127 
   621 5.55 0.0 HE2 62 
   449 3.79 0.0 HA 48 
   565 1.5 0.0 HB1 57 
   1591 -0.51 0.0 HD11 142 
   482 7.26 0.0 HD1 50 
   1968 1.65 0.0 HD2 172 
   1539 1.47 0.0 HB3 138 
   1969 1.65 0.0 HD3 172 
   1823 0.73 0.0 HD21 161 
   984 58.5 0.0 CA 90 
   1051 50.6 0.0 CD 95 
   615 4.91 0.0 HA 62 
   1959 31.0 0.0 CB 171 
   1642 2.46 0.0 HB3 146 
   1487 113.9 0.0 CZ2 133 
   1018 5.58 0.0 HA 93 
   12 58.2 0.0 CA 12 
   697 3.0 0.0 HE2 68 
   1336 2.91 0.0 HE3 122 
   1636 25.8 0.0 CD1 145 
   1358 13.5 0.0 CD1 123 
   1654 55.8 0.0 CA 147 
   1462 0.93 0.0 HD12 132 
   538 3.93 0.0 HA 55 
   1435 1.73 0.0 HD2 130 
   893 0.6 0.0 HB2 84 
   67 1.1 0.0 HG22 17 
   872 39.0 0.0 CB 82 
   1580 113.4 0.0 N 140 
   443 42.7 0.0 CB 47 
   510 2.21 0.0 HB3 52 
   335 1.47 0.0 HG3 39 
   1908 59.4 0.0 CA 167 
   1724 127.0 0.0 CD1 153 
   750 7.02 0.0 HZ2 73 
   144 18.2 0.0 CG1 23 
   28 1.24 0.0 HG22 14 
   1964 1.72 0.0 HB2 172 
   1587 3.92 0.0 HA 142 
   985 42.8 0.0 CB 90 
   229 1.65 0.0 HG3 31 
   864 34.3 0.0 CB 81 
   106 4.14 0.0 HA 21 
   1433 1.42 0.0 HG2 130 
   452 1.86 0.0 HG13 48 
   164 8.31 0.0 H 25 
   1631 0.45 0.0 HD22 145 
   958 56.0 0.0 CA 88 
   1575 127.3 0.0 CD1 140 
   187 68.1 0.0 CB 26 
   143 32.8 0.0 CB 23 
   1989 7.61 0.0 HD21 174 
   1191 22.2 0.0 CG2 107 
   1068 118.2 0.0 N 96 
   1235 56.4 0.0 CA 111 
   486 58.8 0.0 CA 50 
   1319 3.69 0.0 HA3 120 
   1765 63.4 0.0 CA 156 
   1027 1.78 0.0 HG12 94 
   1605 1.04 0.0 HB1 143 
   972 122.9 0.0 N 89 
   792 2.95 0.0 HE2 76 
   850 0.82 0.0 HD12 80 
   1314 27.1 0.0 CG 119 
   1935 122.1 0.0 N 169 
   772 40.5 0.0 CB 74 
   1076 67.7 0.0 CB 97 
   1566 1.98 0.0 HB2 140 
   1622 8.62 0.0 H 145 
   536 104.6 0.0 ND2 54 
   1869 1.59 0.0 HD3 164 
   329 113.9 0.0 NE2 38 
   534 36.9 0.0 CB 54 
   1880 4.11 0.0 HA3 165 
   870 2.87 0.0 HB3 82 
   360 4.16 0.0 HA 41 
   1535 22.9 0.0 CG2 137 
   426 3.98 0.0 HB3 46 
   557 7.04 0.0 HD21 56 
   383 35.5 0.0 CG 42 
   1328 4.58 0.0 HA 122 
   880 0.82 0.0 HD12 83 
   1626 1.11 0.0 HG 145 
   1372 0.13 0.0 HD11 125 
   1712 7.2 0.0 H 153 
   172 2.92 0.0 HE2 25 
   33 113.2 0.0 N 14 
   1242 115.0 0.0 N 112 
   765 3.22 0.0 HB3 74 
   781 4.31 0.0 HA3 75 
   1110 1.25 0.0 HG23 100 
   1096 2.2 0.0 HB3 99 
   384 119.4 0.0 N 42 
   902 53.6 0.0 CA 84 
   847 0.64 0.0 HG22 80 
   429 62.7 0.0 CB 46 
   1972 56.3 0.0 CA 172 
   1439 62.3 0.0 CA 130 
   1196 1.88 0.0 HG2 108 
   1652 1.22 0.0 HB2 147 
   394 120.6 0.0 N 43 
   1567 2.06 0.0 HB3 140 
   1661 1.64 0.0 HG 148 
   1048 62.1 0.0 CA 95 
   721 4.41 0.0 HA 71 
   1067 13.2 0.0 CD1 96 
   897 0.41 0.0 HD12 84 
   569 19.0 0.0 CB 57 
   846 0.64 0.0 HG21 80 
   1693 23.0 0.0 CD1 150 
   1507 3.11 0.0 HD3 135 
   1302 117.4 0.0 CE1 118 
   372 29.5 0.0 CD 41 
   761 127.0 0.0 NE1 73 
   1333 1.6 0.0 HD2 122 
   1240 3.79 0.0 HA3 112 
   1224 0.68 0.0 HD23 110 
   1523 6.64 0.0 H 137 
   1140 61.6 0.0 CA 103 
   294 58.7 0.0 CA 36 
   17 4.21 0.0 HA 13 
   1533 33.3 0.0 CB 137 
   922 41.3 0.0 CE 85 
   1544 64.6 0.0 CA 138 
   131 27.7 0.0 CG 22 
   1137 1.47 0.0 HG3 103 
   1083 7.86 0.0 HD1 98 
   1545 32.6 0.0 CB 138 
   868 4.02 0.0 HA 82 
   1589 1.6 0.0 HB3 142 
   303 7.5 0.0 H 37 
   1277 8.32 0.0 H 116 
   1667 0.92 0.0 HD23 148 
   72 21.8 0.0 CG2 17 
   1062 0.87 0.0 HD13 96 
   1608 55.6 0.0 CA 143 
   396 4.5 0.0 HA 44 
   1669 43.3 0.0 CB 148 
   1721 6.62 0.0 HH2 153 
   618 5.47 0.0 HD1 62 
   408 117.8 0.0 CE2 44 
   1125 7.94 0.0 H 102 
   32 22.0 0.0 CG2 14 
   431 8.42 0.0 H 47 
   1584 44.0 0.0 CA 141 
   1954 1.93 0.0 HB2 171 
   1719 7.16 0.0 HZ2 153 
   1802 3.0 0.0 HD2 159 
   1599 26.2 0.0 CG 142 
   1346 0.57 0.0 HG12 123 
   1778 34.2 0.0 CG 157 
   993 2.38 0.0 HB3 91 
   1256 29.1 0.0 CD 113 
   465 7.64 0.0 H 49 
   1113 21.6 0.0 CG2 100 
   1453 30.7 0.0 CB 131 
   988 14.6 0.0 CD1 90 
   112 0.18 0.0 HG23 21 
   1910 25.3 0.0 CG1 167 
   1992 38.6 0.0 CB 174 
   945 54.3 0.0 CA 87 
   917 2.37 0.0 HE3 85 
   1403 3.23 0.0 HB2 128 
   1193 4.13 0.0 HA 108 
   1040 121.6 0.0 N 94 
   1551 1.6 0.0 HB3 139 
   436 0.93 0.0 HD11 47 
   1411 114.8 0.0 N 128 
   552 122.1 0.0 N 55 
   1543 3.45 0.0 HD3 138 
   904 25.9 0.0 CG 84 
   962 129.6 0.0 CE1 88 
   1547 48.1 0.0 CD 138 
   286 3.29 0.0 HB2 36 
   209 3.95 0.0 HA2 29 
   960 131.7 0.0 CD1 88 
   1061 0.87 0.0 HD12 96 
   397 3.17 0.0 HB2 44 
   289 9.86 0.0 HE1 36 
   22 18.5 0.0 CB 13 
   1546 24.1 0.0 CG 138 
   71 21.1 0.0 CG1 17 
   38 1.59 0.0 HG2 15 
   323 6.95 0.0 HE21 38 
   861 3.25 0.0 HB3 81 
   459 65.0 0.0 CA 48 
   898 0.41 0.0 HD13 84 
   1680 4.08 0.0 HA 150 
   1709 32.1 0.0 CB 152 
   456 0.92 0.0 HD11 48 
   1746 27.6 0.0 CD2 154 
   625 132.0 0.0 CD1 62 
   1268 110.1 0.0 N 114 
   1244 4.41 0.0 HA 113 
   52 1.6 0.0 HG3 16 
   1736 0.88 0.0 HD11 154 
   726 61.7 0.0 CA 71 
   471 3.37 0.0 HD2 49 
   1460 1.53 0.0 HG 132 
   1509 30.1 0.0 CB 135 
   1917 2.09 0.0 HB3 168 
   55 57.8 0.0 CA 16 
   789 1.57 0.0 HG3 76 
   997 33.5 0.0 CB 91 
   1036 36.4 0.0 CB 94 
   824 117.5 0.0 N 78 
   1143 49.2 0.0 CD 103 
   801 5.55 0.0 HA 77 
   1810 2.55 0.0 HB2 160 
   1249 1.6 0.0 HD2 113 
   809 3.11 0.0 HB2 78 
   1598 40.4 0.0 CB 142 
   1571 6.77 0.0 HE2 140 
   2006 120.6 0.0 N 175 
   1370 1.68 0.0 HB3 125 
   474 29.4 0.0 CB 49 
   404 37.9 0.0 CB 44 
   1796 115.7 0.0 N 158 
   1515 0.92 0.0 HB2 136 
   704 123.1 0.0 N 68 
   238 4.9 0.0 HA 32 
   1271 1.43 0.0 HB1 115 
   1432 2.04 0.0 HB3 130 
   1841 0.01 0.0 HD12 162 
   584 51.8 0.0 CA 59 
   1398 56.8 0.0 CA 127 
   1735 2.08 0.0 HG 154 
   1129 0.01 0.0 HB3 102 
   639 7.37 0.0 HE 63 
   50 1.9 0.0 HB3 16 
   590 2.19 0.0 HB2 60 
   168 1.29 0.0 HG2 25 
   1264 1.17 0.0 HG23 114 
   1402 4.57 0.0 HA 128 
   1184 0.58 0.0 HG13 107 
   110 0.18 0.0 HG21 21 
   724 1.1 0.0 HG22 71 
   354 41.3 0.0 CB 40 
   1702 1.82 0.0 HB2 152 
   537 8.89 0.0 H 55 
   980 1.02 0.0 HG23 90 
   1310 3.21 0.0 HD2 119 
   1625 2.33 0.0 HB3 145 
   379 2.4 0.0 HG2 42 
   425 3.98 0.0 HB2 46 
   968 2.72 0.0 HB2 89 
   1300 132.5 0.0 CD1 118 
   48 4.19 0.0 HA 16 
   949 9.09 0.0 H 88 
   1758 1.8 0.0 HB 156 
   1672 22.7 0.0 CD2 148 
   91 3.98 0.0 HB3 19 
   769 7.0 0.0 HE2 74 
   1525 1.75 0.0 HB 137 
   441 0.98 0.0 HD23 47 
   555 2.93 0.0 HB2 56 
   725 1.1 0.0 HG23 71 
   561 118.9 0.0 N 56 
   1984 120.4 0.0 N 173 
   1477 6.93 0.0 HD1 133 
   102 30.1 0.0 CB 20 
   571 7.96 0.0 H 58 
   1179 8.02 0.0 H 107 
   1437 2.99 0.0 HE2 130 
   1482 7.06 0.0 HH2 133 
   1808 6.55 0.0 H 160 
   1421 62.4 0.0 CA 129 
   1806 28.7 0.0 CG 159 
   1349 -0.36 0.0 HG22 123 
   930 6.77 0.0 HE1 86 
   212 107.0 0.0 N 29 
   1514 4.26 0.0 HA 136 
   873 131.6 0.0 N 82 
   795 38.2 0.0 CB 76 
   632 4.37 0.0 HA 63 
   597 2.65 0.0 HB2 61 
   686 37.3 0.0 CB 67 
   1312 57.4 0.0 CA 119 
   480 3.32 0.0 HB2 50 
   977 1.29 0.0 HG13 90 
   1136 1.32 0.0 HG2 103 
   338 58.1 0.0 CA 39 
   817 56.7 0.0 CA 78 
   1556 2.87 0.0 HE2 139 
   398 3.25 0.0 HB3 44 
   838 117.3 0.0 CE1 79 
   285 4.72 0.0 HA 36 
   353 57.5 0.0 CA 40 
   290 7.31 0.0 HE3 36 
   287 3.79 0.0 HB3 36 
   712 29.6 0.0 CB 69 
   1150 54.1 0.0 CA 104 
   419 28.3 0.0 CB 45 
   1288 1.89 0.0 HE3 117 
   355 26.0 0.0 CG 40 
   39 1.72 0.0 HG3 15 
   1928 4.05 0.0 HA 169 
   1882 108.0 0.0 N 165 
   1154 8.55 0.0 H 105 
   466 4.23 0.0 HA 49 
   105 7.66 0.0 H 21 
   529 3.06 0.0 HB2 54 
   306 0.99 0.0 HG11 37 
   1367 8.42 0.0 H 125 
   340 26.9 0.0 CG 39 
   1635 26.4 0.0 CG 145 
   758 120.1 0.0 CZ3 73 
   837 131.9 0.0 CD2 79 
   162 25.5 0.0 CD2 24 
   896 0.41 0.0 HD11 84 
   1854 2.49 0.0 HG3 163 
   733 1.73 0.0 HB3 72 
   1983 27.8 0.0 CB 173 
   1373 0.13 0.0 HD12 125 
   1960 36.0 0.0 CG 171 
   961 131.7 0.0 CD2 88 
   1518 7.29 0.0 HD22 136 
   1988 2.83 0.0 HB3 174 
   771 54.9 0.0 CA 74 
   1564 6.28 0.0 H 140 
   1532 60.5 0.0 CA 137 
   1450 3.64 0.0 HD2 131 
   1562 41.9 0.0 CE 139 
   188 22.0 0.0 CG2 26 
   1039 8.7 0.0 CD1 94 
   1086 7.33 0.0 HE2 98 
   1070 4.43 0.0 HA 97 
   318 4.09 0.0 HA 38 
   77 0.94 0.0 HG11 18 
   215 1.42 0.0 HB3 30 
   442 58.8 0.0 CA 47 
   607 128.3 0.0 CD1 61 
   1185 0.93 0.0 HG21 107 
   1200 66.4 0.0 CA 108 
   1454 27.9 0.0 CG 131 
   1434 1.72 0.0 HG3 130 
   381 59.1 0.0 CA 42 
   659 24.3 0.0 CD1 64 
   1779 117.5 0.0 N 157 
   305 2.2 0.0 HB 37 
   657 48.2 0.0 CB 64 
   1996 4.26 0.0 HA 175 
   1132 126.2 0.0 N 102 
   319 2.23 0.0 HB2 38 
   1597 57.5 0.0 CA 142 
   248 1.72 0.0 HG2 33 
   1606 1.04 0.0 HB2 143 
   1053 3.78 0.0 HA 96 
   1552 1.26 0.0 HG2 139 
   1369 1.43 0.0 HB2 125 
   1993 121.0 0.0 N 174 
   362 2.06 0.0 HB3 41 
   1213 116.4 0.0 N 109 
   887 26.8 0.0 CG 83 
   460 37.8 0.0 CB 48 
   390 2.75 0.0 HG3 43 
   1149 2.24 0.0 HG3 104 
   923 121.7 0.0 N 85 
   1565 4.03 0.0 HA 140 
   254 27.3 0.0 CG 33 
   832 6.69 0.0 HE1 79 
   525 119.5 0.0 N 53 
   463 13.2 0.0 CD1 48 
   1827 41.4 0.0 CB 161 
   1095 1.45 0.0 HB2 99 
   1146 1.71 0.0 HB2 104 
   735 1.63 0.0 HG3 72 
   60 7.9 0.0 H 17 
   1426 129.8 0.0 CE2 129 
   1190 20.0 0.0 CG1 107 
   1219 0.5 0.0 HD11 110 
   1767 21.1 0.0 CG1 156 
   1203 49.8 0.0 CD 108 
   104 119.8 0.0 N 20 
   1216 1.6 0.0 HB2 110 
   775 130.0 0.0 CE1 74 
   367 2.96 0.0 HE2 41 
   1202 27.1 0.0 CG 108 
   862 7.19 0.0 HD2 81 
   1131 15.4 0.0 CB 102 
   1020 2.67 0.0 HB3 93 
   1756 6.91 0.0 H 156 
   1541 1.72 0.0 HG3 138 
   653 0.91 0.0 HD21 64 
   1611 7.37 0.0 H 144 
   1570 6.77 0.0 HE1 140 
   1696 9.07 0.0 H 151 
   990 8.61 0.0 H 91 
   90 3.98 0.0 HB2 19 
   742 123.7 0.0 N 72 
   1826 57.4 0.0 CA 161 
   1325 45.6 0.0 CA 121 
   1511 43.4 0.0 CD 135 
   1084 7.38 0.0 HD2 98 
   1590 1.64 0.0 HG 142 
   469 1.74 0.0 HG2 49 
   126 2.1 0.0 HG3 22 
   1127 0.01 0.0 HB1 102 
   97 1.96 0.0 HB2 20 
   1052 8.69 0.0 H 96 
   1123 21.0 0.0 CG2 101 
   860 2.85 0.0 HB2 81 
   1737 0.88 0.0 HD12 154 
   1301 132.5 0.0 CD2 118 
   1893 32.2 0.0 CB 166 
   1317 8.98 0.0 H 120 
   1686 0.87 0.0 HD13 150 
   269 1.46 0.0 HB2 35 
   1619 115.6 0.0 CD2 144 
   1648 117.1 0.0 N 146 
   1344 3.77 0.0 HA 123 
   1845 29.2 0.0 CG1 162 
   1007 6.63 0.0 HE2 92 
   61 3.95 0.0 HA 17 
   666 1.89 0.0 HG2 65 
   495 2.1 0.0 HB 51 
   301 121.6 0.0 N 36 
   26 4.2 0.0 HB 14 
   1939 1.7 0.0 HB3 170 
   1780 7.94 0.0 H 158 
   1414 3.1 0.0 HB2 129 
   1289 36.0 0.0 CG 117 
   1323 3.93 0.0 HA2 121 
   1743 42.6 0.0 CB 154 
   1656 120.5 0.0 N 147 
   325 58.3 0.0 CA 38 
   910 1.51 0.0 HB2 85 
   1596 0.37 0.0 HD23 142 
   763 5.33 0.0 HA 74 
   196 51.1 0.0 CA 27 
   1318 4.1 0.0 HA2 120 
   1763 0.93 0.0 HG22 156 
   708 2.23 0.0 HB3 69 
   660 24.2 0.0 CD2 64 
   1399 40.2 0.0 CB 127 
   1863 4.19 0.0 HA 164 
   1973 32.8 0.0 CB 172 
   358 120.3 0.0 N 40 
   1531 1.08 0.0 HG23 137 
   626 132.0 0.0 CD2 62 
   352 0.86 0.0 HD23 40 
   1183 0.58 0.0 HG12 107 
   551 41.8 0.0 CE 55 
   446 23.9 0.0 CD2 47 
   871 55.4 0.0 CA 82 
   424 4.12 0.0 HA 46 
   472 3.42 0.0 HD3 49 
   986 25.7 0.0 CG1 90 
   76 2.19 0.0 HB 18 
   865 119.9 0.0 CD2 81 
   326 28.0 0.0 CB 38 
   11 2.32 0.0 HG3 12 
   330 8.2 0.0 H 39 
   230 3.17 0.0 HD2 31 
   1979 4.42 0.0 HA 173 
   1676 3.16 0.0 HA3 149 
   1762 0.93 0.0 HG21 156 
   1793 28.2 0.0 CG1 158 
   1859 33.7 0.0 CG 163 
   932 57.5 0.0 CA 86 
   232 56.1 0.0 CA 31 
   554 4.54 0.0 HA 56 
   671 122.0 0.0 N 65 
   204 1.47 0.0 HB3 28 
   1236 41.0 0.0 CB 111 
   1342 118.4 0.0 N 122 
   695 1.69 0.0 HD2 68 
   586 116.4 0.0 N 59 
   108 0.36 0.0 HG12 21 
   784 8.54 0.0 H 76 
   1558 57.9 0.0 CA 139 
   1786 0.42 0.0 HG22 158 
   999 117.4 0.0 N 91 
   1142 27.9 0.0 CG 103 
   1198 3.48 0.0 HD2 108 
   1145 4.26 0.0 HA 104 
   791 1.68 0.0 HD3 76 
   1393 111.5 0.0 N 126 
   1356 24.8 0.0 CG1 123 
   1376 0.33 0.0 HD22 125 
   156 1.18 0.0 HD22 24 
   1248 1.36 0.0 HG3 113 
   49 1.9 0.0 HB2 16 
   1419 6.99 0.0 HE2 129 
   1573 51.9 0.0 CA 140 
   1147 1.85 0.0 HB3 104 
   1861 111.2 0.0 NE2 163 
   855 17.1 0.0 CG2 80 
   606 29.6 0.0 CB 61 
   395 8.83 0.0 H 44 
   634 1.82 0.0 HB3 63 
   1093 128.0 0.0 N 98 
   169 1.29 0.0 HG3 25 
   1408 30.4 0.0 CB 128 
   296 127.0 0.0 CD1 36 
   1262 1.17 0.0 HG21 114 
   1211 30.2 0.0 CB 109 
   816 6.84 0.0 HH2 78 
   1250 1.6 0.0 HD3 113 
   1281 56.2 0.0 CA 116 
   158 56.0 0.0 CA 24 
   1879 3.97 0.0 HA2 165 
   674 0.91 0.0 HB2 66 
   633 1.82 0.0 HB2 63 
   261 2.42 0.0 HG2 34 
   19 1.47 0.0 HB2 13 
   509 2.1 0.0 HB2 52 
   701 24.4 0.0 CG 68 
   1955 2.09 0.0 HB3 171 
   1723 29.6 0.0 CB 153 
   1843 65.1 0.0 CA 162 
   1436 1.74 0.0 HD3 130 
   1170 124.1 0.0 N 105 
   1034 0.45 0.0 HD13 94 
   587 110.7 0.0 ND2 59 
   410 8.21 0.0 H 45 
   572 4.38 0.0 HA 58 
   1616 7.71 0.0 HE1 144 
   841 8.07 0.0 H 80 
   447 120.8 0.0 N 47 
   1613 2.35 0.0 HB2 144 
   1114 122.2 0.0 N 100 
   1427 129.2 0.0 CZ 129 
   324 8.08 0.0 HE22 38 
   332 1.78 0.0 HB2 39 
   216 1.05 0.0 HG2 30 
   252 58.8 0.0 CA 33 
   1098 1.77 0.0 HG3 99 
   1257 42.5 0.0 CE 113 
   1233 2.6 0.0 HB2 111 
   970 54.7 0.0 CA 89 
   93 63.2 0.0 CB 19 
   1697 3.12 0.0 HA2 151 
   1019 2.51 0.0 HB2 93 
   1868 1.5 0.0 HD2 164 
   478 8.25 0.0 H 50 
   1640 4.36 0.0 HA 146 
   839 117.3 0.0 CE2 79 
   239 3.17 0.0 HB2 32 
   1023 118.3 0.0 N 93 
   1449 2.12 0.0 HG3 131 
   1864 1.76 0.0 HB2 164 
   1956 2.2 0.0 HG2 171 
   1840 0.01 0.0 HD11 162 
   1305 4.25 0.0 HA 119 
   1938 1.7 0.0 HB2 170 
   233 29.5 0.0 CB 31 
   576 39.1 0.0 CB 58 
   1924 33.7 0.0 CG 168 
   793 2.95 0.0 HE3 76 
   1000 8.46 0.0 H 92 
   1725 119.6 0.0 CE3 153 
   1995 8.36 0.0 H 175 
   1293 3.08 0.0 HB3 118 
   451 1.26 0.0 HG12 48 
   1234 2.72 0.0 HB3 111 
   5 40.9 0.0 CB 11 
   1852 2.24 0.0 HB3 163 
   202 1.47 0.0 HB1 28 
   1181 1.96 0.0 HB 107 
   1493 4.17 0.0 HA 134 
   1321 113.5 0.0 N 120 
   650 0.91 0.0 HD11 64 
   1538 1.22 0.0 HB2 138 
   1445 4.38 0.0 HA 131 
   1483 61.0 0.0 CA 133 
   1946 56.7 0.0 CA 170 
