   1637 23.3 0.0 CD2 145 
   1001 4.95 0.0 HA 92 
   1662 0.8 0.0 HD11 148 
   1340 28.9 0.0 CD 122 
   1574 36.4 0.0 CB 140 
   1077 22.0 0.0 CG2 97 
   646 5.07 0.0 HA 64 
   836 131.9 0.0 CD1 79 
   1129 0.01 0.0 HB3 102 
   1230 116.5 0.0 N 110 
   723 1.1 0.0 HG21 71 
   100 2.4 0.0 HG3 20 
   250 3.34 0.0 HD2 33 
   130 31.8 0.0 CB 22 
   332 1.78 0.0 HB2 39 
   1083 7.86 0.0 HD1 98 
   160 31.1 0.0 CG 24 
   1080 4.69 0.0 HA 98 
   125 2.1 0.0 HG2 22 
   828 3.01 0.0 HB2 79 
   1322 8.15 0.0 H 121 
   960 131.7 0.0 CD1 88 
   1201 32.3 0.0 CB 108 
   232 56.1 0.0 CA 31 
   1178 128.8 0.0 N 106 
   421 117.4 0.0 N 45 
   1474 3.57 0.0 HA 133 
   842 5.13 0.0 HA 80 
   947 37.4 0.0 CG 87 
   79 0.94 0.0 HG13 18 
   1379 41.7 0.0 CB 125 
   435 1.91 0.0 HG 47 
   140 1.13 0.0 HG22 23 
   1764 0.93 0.0 HG23 156 
   1484 27.6 0.0 CB 133 
   679 8.15 0.0 H 67 
   208 8.82 0.0 H 29 
   738 56.1 0.0 CA 72 
   580 2.37 0.0 HB2 59 
   776 130.0 0.0 CE2 74 
   574 3.11 0.0 HB3 58 
   1844 38.3 0.0 CB 162 
   1714 3.23 0.0 HB2 153 
   1913 112.3 0.0 N 167 
   959 42.6 0.0 CB 88 
   1219 0.5 0.0 HD11 110 
   1940 1.38 0.0 HG2 170 
   1590 1.64 0.0 HG 142 
   1202 27.1 0.0 CG 108 
   1426 129.8 0.0 CE2 129 
   381 59.1 0.0 CA 42 
   408 117.8 0.0 CE2 44 
   669 34.1 0.0 CB 65 
   884 0.77 0.0 HD23 83 
   83 64.2 0.0 CA 18 
   1836 1.33 0.0 HG13 162 
   1664 0.8 0.0 HD13 148 
   1576 127.3 0.0 CD2 140 
   1548 8.76 0.0 H 139 
   122 4.51 0.0 HA 22 
   1527 0.66 0.0 HG12 137 
   752 6.46 0.0 HH2 73 
   938 129.3 0.0 N 86 
   1000 8.46 0.0 H 92 
   1269 8.73 0.0 H 115 
   1213 116.4 0.0 N 109 
   1751 1.43 0.0 HB2 155 
   865 119.9 0.0 CD2 81 
   1338 32.9 0.0 CB 122 
   726 61.7 0.0 CA 71 
   885 57.1 0.0 CA 83 
   835 44.0 0.0 CB 79 
   1165 62.8 0.0 CA 105 
   1806 28.7 0.0 CG 159 
   1500 7.5 0.0 H 135 
   1819 1.91 0.0 HG 161 
   1371 1.35 0.0 HG 125 
   1494 1.5 0.0 HB1 134 
   301 121.6 0.0 N 36 
   647 1.83 0.0 HB2 64 
   268 4.34 0.0 HA 35 
   984 58.5 0.0 CA 90 
   1281 56.2 0.0 CA 116 
   1024 8.43 0.0 H 94 
   1411 114.8 0.0 N 128 
   133 8.04 0.0 H 23 
   1849 8.1 0.0 H 163 
   1003 3.68 0.0 HB3 92 
   964 128.3 0.0 CZ 88 
   1135 2.45 0.0 HB3 103 
   326 28.0 0.0 CB 38 
   1661 1.64 0.0 HG 148 
   1866 1.45 0.0 HG2 164 
   513 59.7 0.0 CA 52 
   1936 8.48 0.0 H 170 
   543 1.6 0.0 HD2 55 
   1982 58.6 0.0 CA 173 
   844 0.96 0.0 HG12 80 
   1461 0.93 0.0 HD11 132 
   763 5.33 0.0 HA 74 
   962 129.6 0.0 CE1 88 
   1670 27.0 0.0 CG 148 
   107 1.29 0.0 HB 21 
   631 8.75 0.0 H 63 
   1196 1.88 0.0 HG2 108 
   505 21.0 0.0 CG2 51 
   592 54.1 0.0 CA 60 
   1993 121.0 0.0 N 174 
   1313 30.5 0.0 CB 119 
   717 3.53 0.0 HA3 70 
   1675 4.05 0.0 HA2 149 
   1284 2.3 0.0 HG2 117 
   1556 2.87 0.0 HE2 139 
   458 0.92 0.0 HD13 48 
   491 118.8 0.0 CE2 50 
   1750 1.43 0.0 HB1 155 
   594 120.0 0.0 N 60 
   1579 130.1 0.0 CZ 140 
   965 121.3 0.0 N 88 
   1145 4.26 0.0 HA 104 
   1043 2.39 0.0 HB3 95 
   406 131.7 0.0 CD2 44 
   180 10.39 0.0 H 26 
   930 6.77 0.0 HE1 86 
   767 6.87 0.0 HD2 74 
   1394 8.77 0.0 H 127 
   1085 6.93 0.0 HE1 98 
   1367 8.42 0.0 H 125 
   1265 58.4 0.0 CA 114 
   1720 6.36 0.0 HZ3 153 
   909 4.75 0.0 HA 85 
   1909 40.7 0.0 CB 167 
   1814 115.9 0.0 N 160 
   1959 31.0 0.0 CB 171 
   1153 119.5 0.0 N 104 
   294 58.7 0.0 CA 36 
   1727 119.6 0.0 CZ3 153 
   93 63.2 0.0 CB 19 
   1182 0.58 0.0 HG11 107 
   735 1.63 0.0 HG3 72 
   2000 2.31 0.0 HG3 175 
   198 128.7 0.0 N 27 
   1512 113.5 0.0 N 135 
   347 0.84 0.0 HD11 40 
   1701 4.25 0.0 HA 152 
   286 3.29 0.0 HB2 36 
   1698 3.72 0.0 HA3 151 
   1306 1.79 0.0 HB2 119 
   642 26.9 0.0 CG 63 
   572 4.38 0.0 HA 58 
   1007 6.63 0.0 HE2 92 
   225 4.34 0.0 HA 31 
   419 28.3 0.0 CB 45 
   1834 1.39 0.0 HB 162 
   2 2.76 0.0 HB2 11 
   1471 26.2 0.0 CD2 132 
   1689 1.16 0.0 HD23 150 
   829 3.01 0.0 HB3 79 
   488 131.7 0.0 CD1 50 
   551 41.8 0.0 CE 55 
   1644 2.21 0.0 HG3 146 
   696 1.69 0.0 HD3 68 
   1547 48.1 0.0 CD 138 
   1312 57.4 0.0 CA 119 
   1820 0.66 0.0 HD11 161 
   1759 0.75 0.0 HG11 156 
   257 9.25 0.0 H 34 
   212 107.0 0.0 N 29 
   241 55.0 0.0 CA 32 
   1087 58.3 0.0 CA 98 
   668 54.6 0.0 CA 65 
   188 22.0 0.0 CG2 26 
   1954 1.93 0.0 HB2 171 
   302 125.7 0.0 NE1 36 
   1037 26.8 0.0 CG1 94 
   1999 2.31 0.0 HG2 175 
   777 129.4 0.0 CZ 74 
   1994 112.7 0.0 ND2 174 
   1252 3.12 0.0 HE3 113 
   661 123.1 0.0 N 64 
   1029 0.7 0.0 HG21 94 
   1933 30.1 0.0 CB 169 
   2007 112.3 0.0 NE2 175 
   1331 1.04 0.0 HG2 122 
   213 2.52 0.0 HA 30 
   1635 26.4 0.0 CG 145 
   1071 4.67 0.0 HB 97 
   899 0.64 0.0 HD21 84 
   1910 25.3 0.0 CG1 167 
   1957 2.2 0.0 HG3 171 
   748 9.32 0.0 HE1 73 
   44 27.3 0.0 CG 15 
   949 9.09 0.0 H 88 
   840 121.1 0.0 N 79 
   1753 53.8 0.0 CA 155 
   629 131.9 0.0 CZ 62 
   627 133.7 0.0 CE1 62 
   1127 0.01 0.0 HB1 102 
   1831 118.0 0.0 N 161 
   1361 4.44 0.0 HA 124 
   643 42.6 0.0 CD 63 
   1114 122.2 0.0 N 100 
   1976 41.8 0.0 CE 172 
   547 60.5 0.0 CA 55 
   611 123.3 0.0 CH2 61 
   1440 29.7 0.0 CB 130 
   528 4.38 0.0 HA 54 
   625 132.0 0.0 CD1 62 
   105 7.66 0.0 H 21 
   4 54.1 0.0 CA 11 
   1400 122.0 0.0 N 127 
   1261 4.2 0.0 HB 114 
   290 7.31 0.0 HE3 36 
   1888 1.0 0.0 HG13 166 
   1100 3.8 0.0 HD3 99 
   1648 117.1 0.0 N 146 
   1030 0.7 0.0 HG22 94 
   464 118.5 0.0 N 48 
   1454 27.9 0.0 CG 131 
   659 24.3 0.0 CD1 64 
   147 9.12 0.0 H 24 
   427 5.22 0.0 HG 46 
   980 1.02 0.0 HG23 90 
   12 58.2 0.0 CA 12 
   1189 31.4 0.0 CB 107 
   1921 7.47 0.0 HE22 168 
   1264 1.17 0.0 HG23 114 
   455 0.97 0.0 HG23 48 
   1934 120.5 0.0 CD2 169 
   1767 21.1 0.0 CG1 156 
   1326 107.3 0.0 N 121 
   1410 136.2 0.0 CE1 128 
   452 1.86 0.0 HG13 48 
   251 3.34 0.0 HD3 33 
   1876 41.8 0.0 CE 164 
   575 55.3 0.0 CA 58 
   278 56.6 0.0 CA 35 
   1432 2.04 0.0 HB3 130 
   1860 121.6 0.0 N 163 
   1407 57.1 0.0 CA 128 
   550 29.7 0.0 CD 55 
   1358 13.5 0.0 CD1 123 
   1097 1.5 0.0 HG2 99 
   583 7.7 0.0 HD22 59 
   438 0.93 0.0 HD13 47 
   1019 2.51 0.0 HB2 93 
   1631 0.45 0.0 HD22 145 
   1335 2.91 0.0 HE2 122 
   740 27.4 0.0 CG 72 
   1509 30.1 0.0 CB 135 
   360 4.16 0.0 HA 41 
   792 2.95 0.0 HE2 76 
   407 117.8 0.0 CE1 44 
   1073 1.17 0.0 HG22 97 
   366 1.74 0.0 HD3 41 
   897 0.41 0.0 HD12 84 
   1555 1.62 0.0 HD3 139 
   1283 119.1 0.0 N 116 
   506 118.9 0.0 N 51 
   1162 0.43 0.0 HD11 105 
   216 1.05 0.0 HG2 30 
   1998 2.08 0.0 HB3 175 
   34 8.07 0.0 H 15 
   1055 1.32 0.0 HG12 96 
   1347 0.7 0.0 HG13 123 
   382 29.2 0.0 CB 42 
   467 1.95 0.0 HB2 49 
   1447 2.29 0.0 HB3 131 
   396 4.5 0.0 HA 44 
   472 3.42 0.0 HD3 49 
   1561 29.3 0.0 CD 139 
   943 2.0 0.0 HG2 87 
   1208 2.43 0.0 HG2 109 
   319 2.23 0.0 HB2 38 
   663 4.51 0.0 HA 65 
   1148 2.07 0.0 HG2 104 
   963 129.6 0.0 CE2 88 
   948 122.6 0.0 N 87 
   1645 57.0 0.0 CA 146 
   1433 1.42 0.0 HG2 130 
   176 24.6 0.0 CG 25 
   1857 58.8 0.0 CA 163 
   123 1.93 0.0 HB2 22 
   936 117.5 0.0 CE1 86 
   1899 1.86 0.0 HB 167 
   149 1.51 0.0 HB2 24 
   328 118.6 0.0 N 38 
   1070 4.43 0.0 HA 97 
   17 4.21 0.0 HA 13 
   1653 1.22 0.0 HB3 147 
   481 3.32 0.0 HB3 50 
   503 31.5 0.0 CB 51 
   275 1.01 0.0 HD21 35 
   1161 0.67 0.0 HG23 105 
   227 2.02 0.0 HB3 31 
   1040 121.6 0.0 N 94 
   667 2.03 0.0 HG3 65 
   1521 116.3 0.0 N 136 
   428 62.8 0.0 CA 46 
   588 8.49 0.0 H 60 
   144 18.2 0.0 CG1 23 
   1140 61.6 0.0 CA 103 
   1983 27.8 0.0 CB 173 
   1666 0.92 0.0 HD22 148 
   20 1.47 0.0 HB3 13 
   786 1.44 0.0 HB2 76 
   907 121.8 0.0 N 84 
   477 119.0 0.0 N 49 
   463 13.2 0.0 CD1 48 
   26 4.2 0.0 HB 14 
   1586 10.28 0.0 H 142 
   779 8.54 0.0 H 75 
   441 0.98 0.0 HD23 47 
   444 27.4 0.0 CG 47 
   1760 0.75 0.0 HG12 156 
   1096 2.2 0.0 HB3 99 
   830 6.96 0.0 HD1 79 
   569 19.0 0.0 CB 57 
   706 4.19 0.0 HA 69 
   364 1.73 0.0 HG3 41 
   1023 118.3 0.0 N 93 
   1399 40.2 0.0 CB 127 
   1608 55.6 0.0 CA 143 
   1468 41.9 0.0 CB 132 
   193 3.25 0.0 HB3 27 
   423 8.3 0.0 H 46 
   1056 1.48 0.0 HG13 96 
   280 27.0 0.0 CG 35 
   432 4.23 0.0 HA 47 
   1882 108.0 0.0 N 165 
   75 3.81 0.0 HA 18 
   372 29.5 0.0 CD 41 
   617 2.5 0.0 HB3 62 
   410 8.21 0.0 H 45 
   1875 29.2 0.0 CD 164 
   1352 -0.19 0.0 HD12 123 
   54 3.21 0.0 HD3 16 
   224 8.5 0.0 H 31 
   1950 41.8 0.0 CE 170 
   1864 1.76 0.0 HB2 164 
   1424 131.7 0.0 CD2 129 
   90 3.98 0.0 HB2 19 
   1873 34.1 0.0 CB 164 
   325 58.3 0.0 CA 38 
   1932 57.3 0.0 CA 169 
   1116 4.28 0.0 HA 101 
   254 27.3 0.0 CG 33 
   895 1.54 0.0 HG 84 
   1248 1.36 0.0 HG3 113 
   532 7.24 0.0 HD22 54 
   1431 1.96 0.0 HB2 130 
   644 118.8 0.0 N 63 
   725 1.1 0.0 HG23 71 
   568 51.2 0.0 CA 57 
   546 2.84 0.0 HE3 55 
   1060 0.87 0.0 HD11 96 
   218 2.45 0.0 HD2 30 
   1420 6.93 0.0 HZ 129 
   979 1.02 0.0 HG22 90 
   838 117.3 0.0 CE1 79 
   486 58.8 0.0 CA 50 
   356 24.3 0.0 CD1 40 
   234 27.1 0.0 CG 31 
   1094 3.55 0.0 HA 99 
   1081 2.76 0.0 HB2 98 
   1852 2.24 0.0 HB3 163 
   1903 0.95 0.0 HG22 167 
   883 0.77 0.0 HD22 83 
   1822 0.66 0.0 HD13 161 
   1980 2.81 0.0 HB2 173 
   1021 52.0 0.0 CA 93 
   189 121.3 0.0 N 26 
   276 1.01 0.0 HD22 35 
   1839 0.81 0.0 HG23 162 
   10 2.32 0.0 HG2 12 
   1697 3.12 0.0 HA2 151 
   1638 121.2 0.0 N 145 
   316 116.1 0.0 N 37 
   1731 8.68 0.0 H 154 
   77 0.94 0.0 HG11 18 
   1274 52.6 0.0 CA 115 
   545 2.84 0.0 HE2 55 
   1702 1.82 0.0 HB2 152 
   1716 7.36 0.0 HD1 153 
   1565 4.03 0.0 HA 140 
   1220 0.5 0.0 HD12 110 
   1728 122.7 0.0 CH2 153 
   1150 54.1 0.0 CA 104 
   821 114.1 0.0 CZ2 78 
   210 4.82 0.0 HA3 29 
   995 2.13 0.0 HG3 91 
   521 7.98 0.0 HD21 53 
   197 36.8 0.0 CB 27 
   1845 29.2 0.0 CG1 162 
   292 7.51 0.0 HZ3 36 
   874 8.23 0.0 H 83 
   449 3.79 0.0 HA 48 
   813 7.27 0.0 HE3 78 
   1894 21.8 0.0 CG1 166 
   715 7.82 0.0 H 70 
   36 1.87 0.0 HB2 15 
   271 1.77 0.0 HG 35 
   1224 0.68 0.0 HD23 110 
   1155 3.79 0.0 HA 105 
   1263 1.17 0.0 HG22 114 
   1355 37.5 0.0 CB 123 
   1744 26.8 0.0 CG 154 
   340 26.9 0.0 CG 39 
   313 31.3 0.0 CB 37 
   605 56.9 0.0 CA 61 
   926 2.88 0.0 HB2 86 
   850 0.82 0.0 HD12 80 
   1776 57.3 0.0 CA 157 
   304 3.36 0.0 HA 37 
   1880 4.11 0.0 HA3 165 
   1595 0.37 0.0 HD22 142 
   111 0.18 0.0 HG22 21 
   1245 1.76 0.0 HB2 113 
   1943 1.6 0.0 HD3 170 
   905 22.3 0.0 CD1 84 
   991 5.29 0.0 HA 91 
   1259 7.31 0.0 H 114 
   958 56.0 0.0 CA 88 
   1783 0.82 0.0 HG12 158 
   901 0.64 0.0 HD23 84 
   953 7.16 0.0 HD1 88 
   1141 31.9 0.0 CB 103 
   565 1.5 0.0 HB1 57 
   680 4.76 0.0 HA 67 
   1303 117.4 0.0 CE2 118 
   66 1.1 0.0 HG21 17 
   868 4.02 0.0 HA 82 
   1730 127.7 0.0 NE1 153 
   1062 0.87 0.0 HD13 96 
   386 4.33 0.0 HA 43 
   1678 107.1 0.0 N 149 
   893 0.6 0.0 HB2 84 
   181 3.89 0.0 HA 26 
   1485 126.6 0.0 CD1 133 
   1944 2.96 0.0 HE2 170 
   1699 49.3 0.0 CA 151 
   877 2.1 0.0 HB3 83 
   1668 54.5 0.0 CA 148 
   196 51.1 0.0 CA 27 
   815 6.61 0.0 HZ3 78 
   1779 117.5 0.0 N 157 
   1180 4.9 0.0 HA 107 
   579 5.05 0.0 HA 59 
   1651 1.22 0.0 HB1 147 
   1158 1.15 0.0 HG13 105 
   1488 123.0 0.0 CZ3 133 
   1095 1.45 0.0 HB2 99 
   1242 115.0 0.0 N 112 
   397 3.17 0.0 HB2 44 
   1665 0.92 0.0 HD21 148 
   826 9.23 0.0 H 79 
   1603 9.24 0.0 H 143 
   1591 -0.51 0.0 HD11 142 
   718 46.2 0.0 CA 70 
   157 1.18 0.0 HD23 24 
   674 0.91 0.0 HB2 66 
   258 4.24 0.0 HA 34 
   119 17.2 0.0 CG2 21 
   1333 1.6 0.0 HD2 122 
   941 1.9 0.0 HB2 87 
   425 3.98 0.0 HB2 46 
   1927 8.65 0.0 H 169 
   1612 3.57 0.0 HA 144 
   587 110.7 0.0 ND2 59 
   141 1.13 0.0 HG23 23 
   380 2.69 0.0 HG3 42 
   1382 22.6 0.0 CD2 125 
   124 2.46 0.0 HB3 22 
   1742 57.8 0.0 CA 154 
   238 4.9 0.0 HA 32 
   1251 3.12 0.0 HE2 113 
   1583 4.14 0.0 HA3 141 
   287 3.79 0.0 HB3 36 
   1187 0.93 0.0 HG23 107 
   1275 18.9 0.0 CB 115 
   1290 18.0 0.0 CE 117 
   834 57.7 0.0 CA 79 
   63 1.01 0.0 HG11 17 
   1794 18.6 0.0 CG2 158 
   300 122.2 0.0 CH2 36 
   1337 55.1 0.0 CA 122 
   589 4.4 0.0 HA 60 
   1564 6.28 0.0 H 140 
   1492 8.33 0.0 H 134 
   703 41.8 0.0 CE 68 
   1672 22.7 0.0 CD2 148 
   1105 8.2 0.0 H 100 
   1708 64.6 0.0 CA 152 
   1735 2.08 0.0 HG 154 
   1166 38.7 0.0 CB 105 
   1945 2.96 0.0 HE3 170 
   1818 1.9 0.0 HB3 161 
   1396 2.61 0.0 HB2 127 
   417 6.94 0.0 HE22 45 
   1451 3.77 0.0 HD3 131 
   1605 1.04 0.0 HB1 143 
   536 104.6 0.0 ND2 54 
   672 7.8 0.0 H 66 
   1247 1.3 0.0 HG2 113 
   41 3.21 0.0 HD3 15 
   57 27.3 0.0 CG 16 
   951 2.71 0.0 HB2 88 
   645 8.7 0.0 H 64 
   1271 1.43 0.0 HB1 115 
   771 54.9 0.0 CA 74 
   846 0.64 0.0 HG21 80 
   1109 1.25 0.0 HG22 100 
   293 7.05 0.0 HH2 36 
   1821 0.66 0.0 HD12 161 
   1925 121.6 0.0 N 168 
   285 4.72 0.0 HA 36 
   351 0.86 0.0 HD22 40 
   1042 1.84 0.0 HB2 95 
   207 123.5 0.0 N 28 
   1072 1.17 0.0 HG21 97 
   1418 6.99 0.0 HE1 129 
   1013 129.9 0.0 CE1 92 
   1489 123.1 0.0 CH2 133 
   1842 0.01 0.0 HD13 162 
   911 1.74 0.0 HB3 85 
   1915 4.83 0.0 HA 168 
   684 6.71 0.0 HD22 67 
   837 131.9 0.0 CD2 79 
   1159 0.67 0.0 HG21 105 
   665 1.81 0.0 HB3 65 
   1458 1.61 0.0 HB2 132 
   16 8.44 0.0 H 13 
   1235 56.4 0.0 CA 111 
   860 2.85 0.0 HB2 81 
   1977 122.0 0.0 N 172 
   389 2.14 0.0 HG2 43 
   896 0.41 0.0 HD11 84 
   854 27.8 0.0 CG1 80 
   1763 0.93 0.0 HG22 156 
   1508 57.0 0.0 CA 135 
   880 0.82 0.0 HD12 83 
   548 32.2 0.0 CB 55 
   900 0.64 0.0 HD22 84 
   1712 7.2 0.0 H 153 
   799 121.3 0.0 N 76 
   1793 28.2 0.0 CG1 158 
   1572 6.2 0.0 HZ 140 
   678 111.7 0.0 N 66 
   1287 1.89 0.0 HE2 117 
   1299 39.5 0.0 CB 118 
   603 6.87 0.0 HZ3 61 
   553 8.2 0.0 H 56 
   239 3.17 0.0 HB2 32 
   174 57.0 0.0 CA 25 
   1628 -0.05 0.0 HD12 145 
   95 7.79 0.0 H 20 
   169 1.29 0.0 HG3 25 
   1049 32.4 0.0 CB 95 
   1623 4.15 0.0 HA 145 
   552 122.1 0.0 N 55 
   832 6.69 0.0 HE1 79 
   1268 110.1 0.0 N 114 
   809 3.11 0.0 HB2 78 
   519 3.0 0.0 HB2 53 
   852 59.6 0.0 CA 80 
   179 116.8 0.0 N 25 
   514 29.2 0.0 CB 52 
   790 1.55 0.0 HD2 76 
   1600 23.0 0.0 CD1 142 
   298 114.2 0.0 CZ2 36 
   1341 41.8 0.0 CE 122 
   570 121.1 0.0 N 57 
   974 5.66 0.0 HA 90 
   89 4.33 0.0 HA 19 
   1459 1.92 0.0 HB3 132 
   1449 2.12 0.0 HG3 131 
   156 1.18 0.0 HD22 24 
   1614 3.34 0.0 HB3 144 
   175 35.9 0.0 CB 25 
   1893 32.2 0.0 CB 166 
   1552 1.26 0.0 HG2 139 
   908 8.45 0.0 H 85 
   1241 45.8 0.0 CA 112 
   802 2.94 0.0 HB2 77 
   61 3.95 0.0 HA 17 
   1550 1.74 0.0 HB2 139 
   1232 4.44 0.0 HA 111 
   716 4.53 0.0 HA2 70 
   1800 1.71 0.0 HG2 159 
   1765 63.4 0.0 CA 156 
   1310 3.21 0.0 HD2 119 
   240 3.09 0.0 HB3 32 
   1350 -0.36 0.0 HG23 123 
   733 1.73 0.0 HB3 72 
   215 1.42 0.0 HB3 30 
   794 53.9 0.0 CA 76 
   985 42.8 0.0 CB 90 
   416 7.61 0.0 HE21 45 
   955 7.18 0.0 HE1 88 
   1349 -0.36 0.0 HG22 123 
   1477 6.93 0.0 HD1 133 
   1384 8.22 0.0 H 126 
   1501 4.14 0.0 HA 135 
   482 7.26 0.0 HD1 50 
   788 1.43 0.0 HG2 76 
   1115 7.25 0.0 H 101 
   1865 2.04 0.0 HB3 164 
   1541 1.72 0.0 HG3 138 
   1796 115.7 0.0 N 158 
   320 2.23 0.0 HB3 38 
   415 2.64 0.0 HG3 45 
   1134 0.87 0.0 HB2 103 
   237 8.17 0.0 H 32 
   1569 6.2 0.0 HD2 140 
   1667 0.92 0.0 HD23 148 
   1448 1.99 0.0 HG2 131 
   474 29.4 0.0 CB 49 
   889 22.5 0.0 CD2 83 
   127 3.72 0.0 HD2 22 
   1450 3.64 0.0 HD2 131 
   1223 0.68 0.0 HD22 110 
   64 1.01 0.0 HG12 17 
   682 3.59 0.0 HB3 67 
   1609 18.0 0.0 CB 143 
   992 2.07 0.0 HB2 91 
   352 0.86 0.0 HD23 40 
   1227 26.9 0.0 CG 110 
   443 42.7 0.0 CB 47 
   744 4.72 0.0 HA 73 
   931 6.77 0.0 HE2 86 
   1243 8.33 0.0 H 113 
   1967 1.43 0.0 HG3 172 
   453 0.97 0.0 HG21 48 
   1723 29.6 0.0 CB 153 
   311 1.13 0.0 HG23 37 
   596 4.27 0.0 HA 61 
   1200 66.4 0.0 CA 108 
   538 3.93 0.0 HA 55 
   1823 0.73 0.0 HD21 161 
   1745 23.0 0.0 CD1 154 
   750 7.02 0.0 HZ2 73 
   1047 3.51 0.0 HD3 95 
   730 7.61 0.0 H 72 
   1816 3.88 0.0 HA 161 
   376 4.12 0.0 HA 42 
   923 121.7 0.0 N 85 
   315 22.1 0.0 CG2 37 
   1607 1.04 0.0 HB3 143 
   986 25.7 0.0 CG1 90 
   291 7.92 0.0 HZ2 36 
   1277 8.32 0.0 H 116 
   393 34.7 0.0 CG 43 
   74 8.12 0.0 H 18 
   1969 1.65 0.0 HD3 172 
   1807 49.4 0.0 CD 159 
   759 123.7 0.0 CH2 73 
   1011 131.3 0.0 CD1 92 
   1606 1.04 0.0 HB2 143 
   391 58.5 0.0 CA 43 
   1652 1.22 0.0 HB2 147 
   801 5.55 0.0 HA 77 
   957 7.05 0.0 HZ 88 
   751 6.65 0.0 HZ3 73 
   454 0.97 0.0 HG22 48 
   1214 7.93 0.0 H 110 
   2005 33.7 0.0 CG 175 
   1615 5.82 0.0 HD2 144 
   843 1.63 0.0 HB 80 
   1766 33.1 0.0 CB 156 
   1722 62.3 0.0 CA 153 
   1169 14.7 0.0 CD1 105 
   1707 3.6 0.0 HD3 152 
   1981 2.88 0.0 HB3 173 
   1415 3.22 0.0 HB3 129 
   1632 0.45 0.0 HD23 145 
   1725 119.6 0.0 CE3 153 
   348 0.84 0.0 HD12 40 
   233 29.5 0.0 CB 31 
   272 0.91 0.0 HD11 35 
   289 9.86 0.0 HE1 36 
   1901 1.3 0.0 HG13 167 
   1947 33.5 0.0 CB 170 
   1804 66.3 0.0 CA 159 
   1151 30.1 0.0 CB 104 
   1906 0.85 0.0 HD12 167 
   1935 122.1 0.0 N 169 
   1370 1.68 0.0 HB3 125 
   914 1.27 0.0 HD2 85 
   404 37.9 0.0 CB 44 
   675 2.44 0.0 HB3 66 
   557 7.04 0.0 HD21 56 
   235 43.1 0.0 CD 31 
   7 4.11 0.0 HA 12 
   1289 36.0 0.0 CG 117 
   1905 0.85 0.0 HD11 167 
   1456 6.93 0.0 H 132 
   584 51.8 0.0 CA 59 
   1978 8.4 0.0 H 173 
   440 0.98 0.0 HD22 47 
   1990 6.91 0.0 HD22 174 
   260 2.16 0.0 HB3 34 
   981 0.71 0.0 HD11 90 
   1075 60.5 0.0 CA 97 
   1717 9.7 0.0 HE1 153 
   1700 105.7 0.0 N 151 
   1682 2.33 0.0 HB3 150 
   1684 0.87 0.0 HD11 150 
   977 1.29 0.0 HG13 90 
   709 2.34 0.0 HG2 69 
   1270 4.47 0.0 HA 115 
   593 40.5 0.0 CB 60 
   498 0.78 0.0 HG13 51 
   206 24.4 0.0 CB 28 
   433 1.79 0.0 HB2 47 
   1799 2.07 0.0 HB3 159 
   1853 2.49 0.0 HG2 163 
   1540 1.25 0.0 HG2 138 
   1217 1.6 0.0 HB3 110 
   1481 7.04 0.0 HZ3 133 
   1581 9.74 0.0 H 141 
   346 0.96 0.0 HG 40 
   1069 7.01 0.0 H 97 
   808 6.21 0.0 HA 78 
   1528 0.66 0.0 HG13 137 
   173 2.92 0.0 HE3 25 
   55 57.8 0.0 CA 16 
   1363 2.78 0.0 HB3 124 
   1473 8.49 0.0 H 133 
   739 32.8 0.0 CB 72 
   1734 2.04 0.0 HB3 154 
   499 0.8 0.0 HG21 51 
   484 6.97 0.0 HE1 50 
   906 24.8 0.0 CD2 84 
   1938 1.7 0.0 HB2 170 
   1514 4.26 0.0 HA 136 
   635 1.6 0.0 HG2 63 
   504 23.6 0.0 CG1 51 
   1017 8.57 0.0 H 93 
   460 37.8 0.0 CB 48 
   1452 65.5 0.0 CA 131 
   928 7.33 0.0 HD1 86 
   996 55.2 0.0 CA 91 
   385 8.98 0.0 H 43 
   1886 1.0 0.0 HG11 166 
   1617 61.9 0.0 CA 144 
   403 62.3 0.0 CA 44 
   634 1.82 0.0 HB3 63 
   1467 57.9 0.0 CA 132 
   1377 0.33 0.0 HD23 125 
   1120 1.08 0.0 HG23 101 
   109 1.61 0.0 HG13 21 
   1020 2.67 0.0 HB3 93 
   1296 6.74 0.0 HE1 118 
   177 29.2 0.0 CD 25 
   637 3.25 0.0 HD2 63 
   186 65.4 0.0 CA 26 
   784 8.54 0.0 H 76 
   1067 13.2 0.0 CD1 96 
   1429 8.59 0.0 H 130 
   500 0.8 0.0 HG22 51 
   1817 1.16 0.0 HB2 161 
   1956 2.2 0.0 HG2 171 
   1174 1.34 0.0 HB2 106 
   1441 26.5 0.0 CG 130 
   1613 2.35 0.0 HB2 144 
   677 66.8 0.0 CB 66 
   337 2.71 0.0 HD3 39 
   769 7.0 0.0 HE2 74 
   1052 8.69 0.0 H 96 
   151 1.7 0.0 HG 24 
   43 30.1 0.0 CB 15 
   342 8.86 0.0 H 40 
   209 3.95 0.0 HA2 29 
   652 0.91 0.0 HD13 64 
   630 115.3 0.0 N 62 
   1515 0.92 0.0 HB2 136 
   1877 115.9 0.0 N 164 
   1319 3.69 0.0 HA3 120 
   1719 7.16 0.0 HZ2 153 
   623 57.0 0.0 CA 62 
   59 120.5 0.0 N 16 
   1004 6.51 0.0 HD1 92 
   1476 3.07 0.0 HB3 133 
   641 33.8 0.0 CB 63 
   1493 4.17 0.0 HA 134 
   19 1.47 0.0 HB2 13 
   1125 7.94 0.0 H 102 
   1962 8.44 0.0 H 172 
   1838 0.81 0.0 HG22 162 
   168 1.29 0.0 HG2 25 
   1209 2.43 0.0 HG3 109 
   1898 4.64 0.0 HA 167 
   1780 7.94 0.0 H 158 
   1404 3.23 0.0 HB3 128 
   273 0.91 0.0 HD12 35 
   1416 7.05 0.0 HD1 129 
   262 2.42 0.0 HG3 34 
   431 8.42 0.0 H 47 
   1066 18.1 0.0 CG2 96 
   690 3.96 0.0 HA 68 
   1046 3.51 0.0 HD2 95 
   561 118.9 0.0 N 56 
   1634 42.1 0.0 CB 145 
   236 116.8 0.0 N 31 
   220 63.2 0.0 CA 30 
   1918 2.32 0.0 HG2 168 
   392 28.4 0.0 CB 43 
   1305 4.25 0.0 HA 119 
   972 122.9 0.0 N 89 
   1346 0.57 0.0 HG12 123 
   1058 0.98 0.0 HG22 96 
   1307 1.79 0.0 HB3 119 
   263 59.6 0.0 CA 34 
   307 0.99 0.0 HG12 37 
   1253 56.4 0.0 CA 113 
   1756 6.91 0.0 H 156 
   1435 1.73 0.0 HD2 130 
   1559 32.6 0.0 CB 139 
   1205 4.3 0.0 HA 109 
   1964 1.72 0.0 HB2 172 
   853 38.1 0.0 CB 80 
   651 0.91 0.0 HD12 64 
   69 64.5 0.0 CA 17 
   1237 119.9 0.0 N 111 
   39 1.72 0.0 HG3 15 
   165 4.41 0.0 HA 25 
   230 3.17 0.0 HD2 31 
   1124 114.3 0.0 N 101 
   1510 27.0 0.0 CG 135 
   1203 49.8 0.0 CD 108 
   243 119.3 0.0 N 32 
   187 68.1 0.0 CB 26 
   1390 62.4 0.0 CA 126 
   267 8.01 0.0 H 35 
   1757 3.87 0.0 HA 156 
   1395 4.38 0.0 HA 127 
   37 1.87 0.0 HB3 15 
   1931 7.31 0.0 HD2 169 
   1039 8.7 0.0 CD1 94 
   866 126.2 0.0 N 81 
   1403 3.23 0.0 HB2 128 
   9 2.03 0.0 HB3 12 
   1 4.65 0.0 HA 11 
   1833 3.68 0.0 HA 162 
   306 0.99 0.0 HG11 37 
   1295 7.0 0.0 HD2 118 
   1924 33.7 0.0 CG 168 
   1859 33.7 0.0 CG 163 
   1339 25.6 0.0 CG 122 
   1584 44.0 0.0 CA 141 
   28 1.24 0.0 HG22 14 
   126 2.1 0.0 HG3 22 
   508 3.88 0.0 HA 52 
   73 119.6 0.0 N 17 
   461 29.8 0.0 CG1 48 
   120 13.1 0.0 CD1 21 
   1301 132.5 0.0 CD2 118 
   85 21.7 0.0 CG1 18 
   764 3.1 0.0 HB2 74 
   1345 0.37 0.0 HB 123 
   702 28.9 0.0 CD 68 
   1231 7.36 0.0 H 111 
   1118 1.08 0.0 HG21 101 
   1090 133.8 0.0 CD2 98 
   1015 127.8 0.0 CZ 92 
   40 3.21 0.0 HD2 15 
   11 2.32 0.0 HG3 12 
   1499 117.9 0.0 N 134 
   942 1.9 0.0 HB3 87 
   626 132.0 0.0 CD2 62 
   1709 32.1 0.0 CB 152 
   1752 1.43 0.0 HB3 155 
   578 8.55 0.0 H 59 
   1815 7.82 0.0 H 161 
   349 0.84 0.0 HD13 40 
   743 8.77 0.0 H 73 
   1537 4.86 0.0 HA 138 
   323 6.95 0.0 HE21 38 
   422 111.4 0.0 NE2 45 
   1639 7.93 0.0 H 146 
   252 58.8 0.0 CA 33 
   785 5.61 0.0 HA 76 
   1194 2.03 0.0 HB2 108 
   1288 1.89 0.0 HE3 117 
   1309 1.68 0.0 HG3 119 
   1965 1.85 0.0 HB3 172 
   615 4.91 0.0 HA 62 
   1198 3.48 0.0 HD2 108 
   1989 7.61 0.0 HD21 174 
   1480 7.26 0.0 HZ2 133 
   747 6.4 0.0 HD1 73 
   134 4.44 0.0 HA 23 
   370 32.0 0.0 CB 41 
   1483 61.0 0.0 CA 133 
   533 55.3 0.0 CA 54 
   655 0.91 0.0 HD23 64 
   1359 117.1 0.0 N 123 
   1188 58.3 0.0 CA 107 
   1211 30.2 0.0 CB 109 
   1960 36.0 0.0 CG 171 
   912 1.18 0.0 HG2 85 
   721 4.41 0.0 HA 71 
   1357 17.0 0.0 CG2 123 
   1810 2.55 0.0 HB2 160 
   1683 1.88 0.0 HG 150 
   922 41.3 0.0 CE 85 
   303 7.5 0.0 H 37 
   1685 0.87 0.0 HD12 150 
   1881 45.6 0.0 CA 165 
   638 3.25 0.0 HD3 63 
   640 54.8 0.0 CA 63 
   1813 41.7 0.0 CB 160 
   878 1.45 0.0 HG 83 
   1787 0.42 0.0 HG23 158 
   1656 120.5 0.0 N 147 
   800 9.17 0.0 H 77 
   1797 3.52 0.0 HA 159 
   487 38.5 0.0 CB 50 
   990 8.61 0.0 H 91 
   1802 3.0 0.0 HD2 159 
   1442 29.4 0.0 CD 130 
   728 23.0 0.0 CG2 71 
   913 1.18 0.0 HG3 85 
   265 36.3 0.0 CG 34 
   994 2.13 0.0 HG2 91 
   91 3.98 0.0 HB3 19 
   1805 30.6 0.0 CB 159 
   867 9.03 0.0 H 82 
   1266 68.6 0.0 CB 114 
   1649 8.35 0.0 H 147 
   1785 0.42 0.0 HG21 158 
   1589 1.6 0.0 HB3 142 
   1117 3.67 0.0 HB 101 
   1519 53.4 0.0 CA 136 
   324 8.08 0.0 HE22 38 
   72 21.8 0.0 CG2 17 
   1526 0.66 0.0 HG11 137 
   439 0.98 0.0 HD21 47 
   1771 3.85 0.0 HA 157 
   1872 56.9 0.0 CA 164 
   918 56.1 0.0 CA 85 
   1402 4.57 0.0 HA 128 
   1279 2.0 0.0 HB2 116 
   1930 2.88 0.0 HB3 169 
   1863 4.19 0.0 HA 164 
   1739 1.14 0.0 HD21 154 
   178 41.8 0.0 CE 25 
   1470 23.5 0.0 CD1 132 
   1688 1.16 0.0 HD22 150 
   108 0.36 0.0 HG12 21 
   820 119.9 0.0 CE3 78 
   1781 3.54 0.0 HA 158 
   1777 29.2 0.0 CB 157 
   692 1.89 0.0 HB3 68 
   1531 1.08 0.0 HG23 137 
   824 117.5 0.0 N 78 
   378 2.71 0.0 HB3 42 
   1343 7.91 0.0 H 123 
   727 69.3 0.0 CB 71 
   1304 8.4 0.0 H 119 
   1215 4.34 0.0 HA 110 
   1088 42.0 0.0 CB 98 
   756 119.8 0.0 CE3 73 
   932 57.5 0.0 CA 86 
   1065 27.8 0.0 CG1 96 
   18 1.47 0.0 HB1 13 
   1149 2.24 0.0 HG3 104 
   989 113.7 0.0 N 90 
   485 6.97 0.0 HE2 50 
   1191 22.2 0.0 CG2 107 
   732 1.63 0.0 HB2 72 
   81 1.01 0.0 HG22 18 
   1439 62.3 0.0 CA 130 
   154 1.0 0.0 HD13 24 
   1460 1.53 0.0 HG 132 
   142 61.6 0.0 CA 23 
   604 7.04 0.0 HH2 61 
   1558 57.9 0.0 CA 139 
   358 120.3 0.0 N 40 
   705 8.77 0.0 H 69 
   1826 57.4 0.0 CA 161 
   861 3.25 0.0 HB3 81 
   1604 3.75 0.0 HA 143 
   1286 1.89 0.0 HE1 117 
   577 116.9 0.0 N 58 
   537 8.89 0.0 H 55 
   1928 4.05 0.0 HA 169 
   535 122.2 0.0 N 54 
   610 120.2 0.0 CZ3 61 
   369 60.1 0.0 CA 41 
   68 1.1 0.0 HG23 17 
   1324 3.93 0.0 HA3 121 
   1405 7.06 0.0 HD2 128 
   825 131.3 0.0 NE1 78 
   1837 0.81 0.0 HG21 162 
   522 6.74 0.0 HD22 53 
   1332 1.23 0.0 HG3 122 
   1160 0.67 0.0 HG22 105 
   1871 2.92 0.0 HE3 164 
   414 2.54 0.0 HG2 45 
   442 58.8 0.0 CA 47 
   848 0.64 0.0 HG23 80 
   952 3.07 0.0 HB3 88 
   1620 136.3 0.0 CE1 144 
   1535 22.9 0.0 CG2 137 
   847 0.64 0.0 HG22 80 
   1147 1.85 0.0 HB3 104 
   1897 6.85 0.0 H 167 
   774 131.7 0.0 CD2 74 
   1523 6.64 0.0 H 137 
   282 25.2 0.0 CD2 35 
   841 8.07 0.0 H 80 
   711 58.0 0.0 CA 69 
   1425 129.8 0.0 CE1 129 
   3 2.76 0.0 HB3 11 
   1128 0.01 0.0 HB2 102 
   939 8.12 0.0 H 87 
   1106 4.12 0.0 HA 100 
   1294 7.0 0.0 HD1 118 
   516 119.7 0.0 N 52 
   1366 121.7 0.0 N 124 
   1953 4.39 0.0 HA 171 
   1599 26.2 0.0 CG 142 
   429 62.7 0.0 CB 46 
   1076 67.7 0.0 CB 97 
   1578 129.7 0.0 CE2 140 
   226 1.82 0.0 HB2 31 
   1824 0.73 0.0 HD22 161 
   1144 8.6 0.0 H 104 
   245 3.99 0.0 HA 33 
   121 122.5 0.0 N 21 
   1327 7.0 0.0 H 122 
   1475 2.49 0.0 HB2 133 
   383 35.5 0.0 CG 42 
   1691 42.2 0.0 CB 150 
   670 36.3 0.0 CG 65 
   616 2.1 0.0 HB2 62 
   741 43.1 0.0 CD 72 
   1482 7.06 0.0 HH2 133 
   1588 0.74 0.0 HB2 142 
   1005 6.51 0.0 HD2 92 
   172 2.92 0.0 HE2 25 
   511 2.31 0.0 HG2 52 
   462 17.0 0.0 CG2 48 
   530 3.06 0.0 HB3 54 
   266 121.5 0.0 N 34 
   1985 8.55 0.0 H 174 
   1571 6.77 0.0 HE2 140 
   1597 57.5 0.0 CA 142 
   1694 27.2 0.0 CD2 150 
   1773 0.96 0.0 HB3 157 
   1729 118.4 0.0 N 153 
   1896 115.2 0.0 N 166 
   1436 1.74 0.0 HD3 130 
   469 1.74 0.0 HG2 49 
   368 2.96 0.0 HE3 41 
   29 1.24 0.0 HG23 14 
   1642 2.46 0.0 HB3 146 
   1554 1.56 0.0 HD2 139 
   554 4.54 0.0 HA 56 
   1984 120.4 0.0 N 173 
   371 25.0 0.0 CG 41 
   1669 43.3 0.0 CB 148 
   1044 1.84 0.0 HG2 95 
   1378 54.2 0.0 CA 125 
   811 7.03 0.0 HD1 78 
   1970 2.95 0.0 HE2 172 
   1171 8.88 0.0 H 106 
   445 25.4 0.0 CD1 47 
   1285 2.4 0.0 HG3 117 
   806 114.4 0.0 N 77 
   1022 43.0 0.0 CB 93 
   1917 2.09 0.0 HB3 168 
   1086 7.33 0.0 HE2 98 
   795 38.2 0.0 CB 76 
   322 2.45 0.0 HG3 38 
   1380 26.3 0.0 CG 125 
   710 2.54 0.0 HG3 69 
   862 7.19 0.0 HD2 81 
   1754 18.2 0.0 CB 155 
   317 7.16 0.0 H 38 
   904 25.9 0.0 CG 84 
   1546 24.1 0.0 CG 138 
   244 8.58 0.0 H 33 
   933 39.5 0.0 CB 86 
   539 1.91 0.0 HB2 55 
   671 122.0 0.0 N 65 
   135 2.37 0.0 HB 23 
   701 24.4 0.0 CG 68 
   1743 42.6 0.0 CB 154 
   944 2.0 0.0 HG3 87 
   1369 1.43 0.0 HB2 125 
   698 3.0 0.0 HE3 68 
   1562 41.9 0.0 CE 139 
   1919 2.35 0.0 HG3 168 
   1587 3.92 0.0 HA 142 
   816 6.84 0.0 HH2 78 
   1389 1.41 0.0 HG23 126 
   476 42.2 0.0 CD 49 
   585 39.9 0.0 CB 59 
   814 7.17 0.0 HZ2 78 
   586 116.4 0.0 N 59 
   1330 1.47 0.0 HB3 122 
   581 2.76 0.0 HB3 59 
   1629 -0.05 0.0 HD13 145 
   1830 22.9 0.0 CD2 161 
   253 28.7 0.0 CB 33 
   1570 6.77 0.0 HE1 140 
   1737 0.88 0.0 HD12 154 
   1695 125.1 0.0 N 150 
   53 3.21 0.0 HD2 16 
   1801 2.05 0.0 HG3 159 
   94 116.9 0.0 N 19 
   21 54.2 0.0 CA 13 
   1375 0.33 0.0 HD21 125 
   971 41.3 0.0 CB 89 
   25 4.07 0.0 HA 14 
   600 9.85 0.0 HE1 61 
   1254 33.3 0.0 CB 113 
   310 1.13 0.0 HG22 37 
   1393 111.5 0.0 N 126 
   46 121.6 0.0 N 15 
   166 1.76 0.0 HB2 25 
   110 0.18 0.0 HG21 21 
   1795 8.6 0.0 CD1 158 
   229 1.65 0.0 HG3 31 
   78 0.94 0.0 HG12 18 
   1907 0.85 0.0 HD13 167 
   242 40.8 0.0 CB 32 
   190 9.34 0.0 H 27 
   1770 7.92 0.0 H 157 
   256 121.0 0.0 N 33 
   775 130.0 0.0 CE1 74 
   200 7.02 0.0 H 28 
   1563 122.6 0.0 N 139 
   1892 63.3 0.0 CA 166 
   997 33.5 0.0 CB 91 
   1417 7.05 0.0 HD2 129 
   1937 4.24 0.0 HA 170 
   1532 60.5 0.0 CA 137 
   365 1.74 0.0 HD2 41 
   606 29.6 0.0 CB 61 
   401 6.81 0.0 HE1 44 
   1518 7.29 0.0 HD22 136 
   734 1.5 0.0 HG2 72 
   132 50.7 0.0 CD 22 
   722 4.57 0.0 HB 71 
   2002 6.84 0.0 HE22 175 
   857 128.9 0.0 N 80 
   803 3.39 0.0 HB3 77 
   1551 1.6 0.0 HB3 139 
   602 7.45 0.0 HZ2 61 
   1262 1.17 0.0 HG21 114 
   1942 1.6 0.0 HD2 170 
   517 8.47 0.0 H 53 
   312 66.4 0.0 CA 37 
   649 1.83 0.0 HG 64 
   471 3.37 0.0 HD2 49 
   1121 59.6 0.0 CA 101 
   1973 32.8 0.0 CB 172 
   1035 55.2 0.0 CA 94 
   968 2.72 0.0 HB2 89 
   338 58.1 0.0 CA 39 
   1594 0.37 0.0 HD21 142 
   1566 1.98 0.0 HB2 140 
   783 107.1 0.0 N 75 
   1968 1.65 0.0 HD2 172 
   1446 1.83 0.0 HB2 131 
   1181 1.96 0.0 HB 107 
   129 63.3 0.0 CA 22 
   158 56.0 0.0 CA 24 
   1057 0.98 0.0 HG21 96 
   363 1.45 0.0 HG2 41 
   395 8.83 0.0 H 44 
   1843 65.1 0.0 CA 162 
   1619 115.6 0.0 CD2 144 
   1636 25.8 0.0 CD1 145 
   191 4.6 0.0 HA 27 
   1398 56.8 0.0 CA 127 
   163 126.3 0.0 N 24 
   1240 3.79 0.0 HA3 112 
   1627 -0.05 0.0 HD11 145 
   1434 1.72 0.0 HG3 130 
   876 1.57 0.0 HB2 83 
   1323 3.93 0.0 HA2 121 
   1325 45.6 0.0 CA 121 
   1078 103.6 0.0 N 97 
   1506 3.11 0.0 HD2 135 
   1354 61.9 0.0 CA 123 
   295 29.5 0.0 CB 36 
   1996 4.26 0.0 HA 175 
   116 59.2 0.0 CA 21 
   864 34.3 0.0 CB 81 
   255 43.1 0.0 CD 33 
   940 5.28 0.0 HA 87 
   14 35.9 0.0 CG 12 
   541 1.31 0.0 HG2 55 
   564 4.51 0.0 HA 57 
   1466 1.04 0.0 HD23 132 
   345 1.42 0.0 HB3 40 
   308 0.99 0.0 HG13 37 
   1469 27.0 0.0 CG 132 
   1267 20.7 0.0 CG2 114 
   1195 2.4 0.0 HB3 108 
   1099 3.44 0.0 HD2 99 
   1920 6.76 0.0 HE21 168 
   1291 4.86 0.0 HA 118 
   685 51.6 0.0 CA 67 
   1511 43.4 0.0 CD 135 
   1009 57.4 0.0 CA 92 
   1311 3.21 0.0 HD3 119 
   270 1.81 0.0 HB3 35 
   858 9.14 0.0 H 81 
   1706 3.08 0.0 HD2 152 
   856 12.7 0.0 CD1 80 
   1365 27.0 0.0 CB 124 
   873 131.6 0.0 N 82 
   1811 2.55 0.0 HB3 160 
   159 41.3 0.0 CB 24 
   24 7.95 0.0 H 14 
   379 2.4 0.0 HG2 42 
   1618 29.7 0.0 CB 144 
   956 7.18 0.0 HE2 88 
   1988 2.83 0.0 HB3 174 
   1549 4.17 0.0 HA 139 
   1916 1.92 0.0 HB2 168 
   1032 0.45 0.0 HD11 94 
   48 4.19 0.0 HA 16 
   195 7.45 0.0 HD22 27 
   789 1.57 0.0 HG3 76 
   688 110.7 0.0 ND2 67 
   1829 26.1 0.0 CD1 161 
   35 4.1 0.0 HA 15 
   1089 132.8 0.0 CD1 98 
   1710 28.3 0.0 CG 152 
   804 55.2 0.0 CA 77 
   1336 2.91 0.0 HE3 122 
   1316 120.9 0.0 N 119 
   45 43.1 0.0 CD 15 
   1755 115.0 0.0 N 155 
   798 42.2 0.0 CE 76 
   222 27.2 0.0 CG 30 
   1413 4.07 0.0 HA 129 
   656 54.3 0.0 CA 64 
   1854 2.49 0.0 HG3 163 
   1679 7.83 0.0 H 150 
   1006 6.63 0.0 HE1 92 
   689 8.83 0.0 H 68 
   171 1.6 0.0 HD3 25 
   1827 41.4 0.0 CB 161 
   624 40.9 0.0 CB 62 
   1812 57.2 0.0 CA 160 
   155 1.18 0.0 HD21 24 
   1890 1.0 0.0 HG22 166 
   1557 2.91 0.0 HE3 139 
   1222 0.68 0.0 HD21 110 
   531 4.55 0.0 HD21 54 
   1732 3.58 0.0 HA 154 
   1282 29.0 0.0 CB 116 
   1427 129.2 0.0 CZ 129 
   1741 1.14 0.0 HD23 154 
   1368 4.45 0.0 HA 125 
   1179 8.02 0.0 H 107 
   1239 4.25 0.0 HA2 112 
   1772 0.27 0.0 HB2 157 
   1192 119.5 0.0 N 107 
   1545 32.6 0.0 CB 138 
   1373 0.13 0.0 HD12 125 
   761 127.0 0.0 NE1 73 
   1677 45.7 0.0 CA 149 
   1522 116.8 0.0 ND2 136 
   288 7.34 0.0 HD1 36 
   653 0.91 0.0 HD21 64 
   518 4.48 0.0 HA 53 
   221 31.7 0.0 CB 30 
   1010 40.4 0.0 CB 92 
   1132 126.2 0.0 N 102 
   621 5.55 0.0 HE2 62 
   566 1.5 0.0 HB2 57 
   1246 1.82 0.0 HB3 113 
   249 1.85 0.0 HG3 33 
   1119 1.08 0.0 HG22 101 
   1703 2.44 0.0 HB3 152 
   1534 20.4 0.0 CG1 137 
   1385 4.28 0.0 HA 126 
   1110 1.25 0.0 HG23 100 
   1972 56.3 0.0 CA 172 
   1543 3.45 0.0 HD3 138 
   223 48.9 0.0 CD 30 
   632 4.37 0.0 HA 63 
   182 3.96 0.0 HB 26 
   1321 113.5 0.0 N 120 
   1422 39.5 0.0 CB 129 
   1904 0.95 0.0 HG23 167 
   1163 0.43 0.0 HD12 105 
   563 7.52 0.0 H 57 
   1008 6.45 0.0 HZ 92 
   1236 41.0 0.0 CB 111 
   1130 49.7 0.0 CA 102 
   620 5.55 0.0 HE1 62 
   333 2.31 0.0 HB3 39 
   1539 1.47 0.0 HB3 138 
   1611 7.37 0.0 H 144 
   15 122.1 0.0 N 12 
   1585 112.9 0.0 N 141 
   87 118.3 0.0 N 18 
   330 8.2 0.0 H 39 
   150 1.88 0.0 HB3 24 
   153 1.0 0.0 HD12 24 
   975 1.75 0.0 HB 90 
   601 7.9 0.0 HE3 61 
   446 23.9 0.0 CD2 47 
   448 8.86 0.0 H 48 
   773 131.7 0.0 CD1 74 
   1455 50.3 0.0 CD 131 
   1111 67.1 0.0 CA 100 
   1513 7.18 0.0 H 136 
   334 1.47 0.0 HG2 39 
   436 0.93 0.0 HD11 47 
   970 54.7 0.0 CA 89 
   660 24.2 0.0 CD2 64 
   1692 27.0 0.0 CG 150 
   855 17.1 0.0 CG2 80 
   510 2.21 0.0 HB3 52 
   51 1.6 0.0 HG2 16 
   1176 50.2 0.0 CA 106 
   650 0.91 0.0 HD11 64 
   314 21.0 0.0 CG1 37 
   231 3.17 0.0 HD3 31 
   999 117.4 0.0 N 91 
   1746 27.6 0.0 CD2 154 
   1064 37.7 0.0 CB 96 
   753 55.4 0.0 CA 73 
   636 1.74 0.0 HG3 63 
   687 116.8 0.0 N 67 
   902 53.6 0.0 CA 84 
   673 4.75 0.0 HA 66 
   573 2.55 0.0 HB2 58 
   247 2.12 0.0 HB3 33 
   818 32.6 0.0 CB 78 
   42 58.2 0.0 CA 15 
   1530 1.08 0.0 HG22 137 
   1386 4.54 0.0 HB 126 
   1408 30.4 0.0 CB 128 
   1491 130.6 0.0 NE1 133 
   1018 5.58 0.0 HA 93 
   891 7.9 0.0 H 84 
   84 31.9 0.0 CB 18 
   1674 7.41 0.0 H 149 
   1542 3.23 0.0 HD2 138 
   52 1.6 0.0 HG3 16 
   1874 26.3 0.0 CG 164 
   248 1.72 0.0 HG2 33 
   56 30.2 0.0 CB 16 
   228 1.58 0.0 HG2 31 
   483 7.26 0.0 HD2 50 
   1212 36.8 0.0 CG 109 
   32 22.0 0.0 CG2 14 
   468 2.07 0.0 HB3 49 
   411 4.15 0.0 HA 45 
   1939 1.7 0.0 HB3 170 
   497 0.78 0.0 HG12 51 
   1841 0.01 0.0 HD12 162 
   613 127.8 0.0 NE1 61 
   259 2.16 0.0 HB2 34 
   1392 21.7 0.0 CG2 126 
   562 112.3 0.0 ND2 56 
   354 41.3 0.0 CB 40 
   1870 2.92 0.0 HE2 164 
   1825 0.73 0.0 HD23 161 
   666 1.89 0.0 HG2 65 
   492 119.9 0.0 N 50 
   27 1.24 0.0 HG21 14 
   97 1.96 0.0 HB2 20 
   935 132.9 0.0 CD2 86 
   849 0.82 0.0 HD11 80 
   1657 8.89 0.0 H 148 
   143 32.8 0.0 CB 23 
   1025 4.37 0.0 HA 94 
   1673 110.9 0.0 N 148 
   420 34.2 0.0 CG 45 
   1102 33.2 0.0 CB 99 
   1138 2.95 0.0 HD2 103 
   1567 2.06 0.0 HB3 140 
   1856 6.84 0.0 HE22 163 
   1131 15.4 0.0 CB 102 
   969 2.91 0.0 HB3 89 
   681 3.07 0.0 HB2 67 
   1900 0.81 0.0 HG12 167 
   1718 7.08 0.0 HE3 153 
   1016 112.7 0.0 N 92 
   937 117.5 0.0 CE2 86 
   954 7.16 0.0 HD2 88 
   1568 6.2 0.0 HD1 140 
   879 0.82 0.0 HD11 83 
   1891 1.0 0.0 HG23 166 
   1478 9.6 0.0 HE1 133 
   1681 1.36 0.0 HB2 150 
   590 2.19 0.0 HB2 60 
   966 8.46 0.0 H 89 
   695 1.69 0.0 HD2 68 
   22 18.5 0.0 CB 13 
   1624 1.42 0.0 HB2 145 
   622 5.65 0.0 HZ 62 
   720 8.33 0.0 H 71 
   1199 3.77 0.0 HD3 108 
   162 25.5 0.0 CD2 24 
   1533 33.3 0.0 CB 137 
   892 4.47 0.0 HA 84 
   146 116.5 0.0 N 23 
   1034 0.45 0.0 HD13 94 
   99 2.21 0.0 HG2 20 
   62 2.21 0.0 HB 17 
   982 0.71 0.0 HD12 90 
   608 122.4 0.0 CE3 61 
   1091 118.2 0.0 CE1 98 
   1256 29.1 0.0 CD 113 
   534 36.9 0.0 CB 54 
   117 39.1 0.0 CB 21 
   1577 129.7 0.0 CE1 140 
   1529 1.08 0.0 HG21 137 
   1690 57.9 0.0 CA 150 
   1036 36.4 0.0 CB 94 
   1923 31.6 0.0 CB 168 
   305 2.2 0.0 HB 37 
   88 8.07 0.0 H 19 
   1769 113.1 0.0 N 156 
   450 1.98 0.0 HB 48 
   921 29.2 0.0 CD 85 
   434 2.21 0.0 HB3 47 
   152 1.0 0.0 HD11 24 
   760 125.1 0.0 N 73 
   1646 31.6 0.0 CB 146 
   1987 2.77 0.0 HB2 174 
   778 117.0 0.0 N 74 
   102 30.1 0.0 CB 20 
   697 3.0 0.0 HE2 68 
   412 2.23 0.0 HB2 45 
   1601 22.0 0.0 CD2 142 
   559 55.3 0.0 CA 56 
   1387 1.41 0.0 HG21 126 
   917 2.37 0.0 HE3 85 
   1463 0.93 0.0 HD13 132 
   797 29.6 0.0 CD 76 
   1250 1.6 0.0 HD3 113 
   724 1.1 0.0 HG22 71 
   459 65.0 0.0 CA 48 
   757 113.1 0.0 CZ2 73 
   219 3.47 0.0 HD3 30 
   128 4.08 0.0 HD3 22 
   591 2.96 0.0 HB3 60 
   1031 0.7 0.0 HG23 94 
   1912 14.6 0.0 CD1 167 
   1643 2.21 0.0 HG2 146 
   136 0.96 0.0 HG11 23 
   851 0.82 0.0 HD13 80 
   1033 0.45 0.0 HD12 94 
   167 1.76 0.0 HB3 25 
   2003 56.0 0.0 CA 175 
   71 21.1 0.0 CG1 17 
   1789 0.18 0.0 HD12 158 
   863 55.6 0.0 CA 81 
   1041 4.62 0.0 HA 95 
   599 7.87 0.0 HD1 61 
   869 2.25 0.0 HB2 82 
   976 0.84 0.0 HG12 90 
   1012 131.3 0.0 CD2 92 
   1038 16.8 0.0 CG2 94 
   405 131.7 0.0 CD1 44 
   1762 0.93 0.0 HG21 156 
   1791 63.4 0.0 CA 158 
   973 8.46 0.0 H 90 
   1479 7.41 0.0 HE3 133 
   1348 -0.36 0.0 HG21 123 
   1204 9.68 0.0 H 109 
   612 121.9 0.0 N 61 
   409 118.4 0.0 N 44 
   101 56.0 0.0 CA 20 
   1143 49.2 0.0 CD 103 
   1082 3.27 0.0 HB3 98 
   987 19.5 0.0 CG2 90 
   766 6.87 0.0 HD1 74 
   336 2.71 0.0 HD2 39 
   1101 62.8 0.0 CA 99 
   1671 26.1 0.0 CD1 148 
   1774 0.82 0.0 HG2 157 
   1397 2.68 0.0 HB3 127 
   1974 24.7 0.0 CG 172 
   480 3.32 0.0 HB2 50 
   639 7.37 0.0 HE 63 
   1238 8.62 0.0 H 112 
   1113 21.6 0.0 CG2 100 
   1828 26.2 0.0 CG 161 
   822 120.5 0.0 CZ3 78 
   1582 5.14 0.0 HA2 141 
   470 1.93 0.0 HG3 49 
   1318 4.1 0.0 HA2 120 
   1809 4.33 0.0 HA 160 
   388 2.34 0.0 HB3 43 
   1122 69.9 0.0 CB 101 
   1840 0.01 0.0 HD11 162 
   489 131.7 0.0 CD2 50 
   1079 7.67 0.0 H 98 
   1093 128.0 0.0 N 98 
   115 -0.19 0.0 HD13 21 
   1851 2.24 0.0 HB2 163 
   781 4.31 0.0 HA3 75 
   1053 3.78 0.0 HA 96 
   796 24.8 0.0 CG 76 
   1027 1.78 0.0 HG12 94 
   1356 24.8 0.0 CG1 123 
   1715 3.56 0.0 HB3 153 
   1991 53.2 0.0 CA 174 
   1992 38.6 0.0 CB 174 
   1360 7.71 0.0 H 124 
   1173 1.34 0.0 HB1 106 
   1298 53.1 0.0 CA 118 
   1622 8.62 0.0 H 145 
   1061 0.87 0.0 HD12 96 
   297 122.1 0.0 CE3 36 
   1850 4.04 0.0 HA 163 
   170 1.6 0.0 HD2 25 
   1278 4.0 0.0 HA 116 
   1059 0.98 0.0 HG23 96 
   1846 16.7 0.0 CG2 162 
   1520 40.4 0.0 CB 136 
   1786 0.42 0.0 HG22 158 
   1721 6.62 0.0 HH2 153 
   343 3.56 0.0 HA 40 
   1228 25.1 0.0 CD1 110 
   138 0.96 0.0 HG13 23 
   318 4.09 0.0 HA 38 
   13 29.4 0.0 CB 12 
   1175 1.34 0.0 HB3 106 
   1048 62.1 0.0 CA 95 
   1329 1.25 0.0 HB2 122 
   98 2.19 0.0 HB3 20 
   1276 128.2 0.0 N 115 
   529 3.06 0.0 HB2 54 
   1142 27.9 0.0 CG 103 
   1168 17.5 0.0 CG2 105 
   1498 18.5 0.0 CB 134 
   1157 0.33 0.0 HG12 105 
   1063 64.5 0.0 CA 96 
   283 119.1 0.0 N 35 
   1908 59.4 0.0 CA 167 
   327 33.3 0.0 CG 38 
   1172 5.09 0.0 HA 106 
   1092 116.0 0.0 CE2 98 
   1414 3.1 0.0 HB2 129 
   1472 119.9 0.0 N 132 
   1490 120.6 0.0 N 133 
   1525 1.75 0.0 HB 137 
   1887 1.0 0.0 HG12 166 
   950 5.09 0.0 HA 88 
   1593 -0.51 0.0 HD13 142 
   114 -0.19 0.0 HD12 21 
   714 115.4 0.0 N 69 
   493 8.77 0.0 H 51 
   357 24.3 0.0 CD2 40 
   1372 0.13 0.0 HD11 125 
   1302 117.4 0.0 CE1 118 
   945 54.3 0.0 CA 87 
   284 8.01 0.0 H 36 
   1798 1.66 0.0 HB2 159 
   742 123.7 0.0 N 72 
   920 25.6 0.0 CG 85 
   1505 1.72 0.0 HG3 135 
   1650 4.49 0.0 HA 147 
   1626 1.11 0.0 HG 145 
   731 5.02 0.0 HA 72 
   8 2.03 0.0 HB2 12 
   1686 0.87 0.0 HD13 150 
   1596 0.37 0.0 HD23 142 
   791 1.68 0.0 HD3 76 
   1788 0.18 0.0 HD11 158 
   211 44.9 0.0 CA 29 
   1693 23.0 0.0 CD1 150 
   619 5.47 0.0 HD2 62 
   1226 42.1 0.0 CB 110 
   1538 1.22 0.0 HB2 138 
   1457 3.95 0.0 HA 132 
   1497 54.7 0.0 CA 134 
   871 55.4 0.0 CA 82 
   1146 1.71 0.0 HB2 104 
   1995 8.36 0.0 H 175 
   737 3.19 0.0 HD3 72 
   1364 57.6 0.0 CA 124 
   80 1.01 0.0 HG21 18 
   1516 1.28 0.0 HB3 136 
   1409 120.2 0.0 CD2 128 
   112 0.18 0.0 HG23 21 
   47 8.18 0.0 H 16 
   1225 53.9 0.0 CA 110 
   1234 2.72 0.0 HB3 111 
   350 0.86 0.0 HD21 40 
   1879 3.97 0.0 HA2 165 
   1941 1.38 0.0 HG3 170 
   264 28.8 0.0 CB 34 
   1749 3.86 0.0 HA 155 
   983 0.71 0.0 HD13 90 
   1902 0.95 0.0 HG21 167 
   967 5.42 0.0 HA 89 
   1895 21.8 0.0 CG2 166 
   1696 9.07 0.0 H 151 
   1911 18.1 0.0 CG2 167 
   1462 0.93 0.0 HD12 132 
   1738 0.88 0.0 HD13 154 
   1748 7.31 0.0 H 155 
   1026 2.04 0.0 HB 94 
   527 8.75 0.0 H 54 
   831 6.96 0.0 HD2 79 
   1647 32.2 0.0 CG 146 
   1803 3.0 0.0 HD3 159 
   1244 4.41 0.0 HA 113 
   898 0.41 0.0 HD13 84 
   1068 118.2 0.0 N 96 
   1951 123.6 0.0 N 170 
   1428 121.3 0.0 N 129 
   894 1.93 0.0 HB3 84 
   523 55.6 0.0 CA 53 
   137 0.96 0.0 HG12 23 
   344 0.97 0.0 HB2 40 
   549 25.6 0.0 CG 55 
   1704 1.84 0.0 HG2 152 
   1126 3.87 0.0 HA 102 
   787 1.49 0.0 HB3 76 
   1847 14.9 0.0 CD1 162 
   1453 30.7 0.0 CB 131 
   1412 7.96 0.0 H 129 
   1317 8.98 0.0 H 120 
   1406 8.19 0.0 HE1 128 
   1676 3.16 0.0 HA3 149 
   839 117.3 0.0 CE2 79 
   1139 3.85 0.0 HD3 103 
   1660 2.08 0.0 HB3 148 
   1421 62.4 0.0 CA 129 
   466 4.23 0.0 HA 49 
   375 7.68 0.0 H 42 
   700 31.8 0.0 CB 68 
   1074 1.17 0.0 HG23 97 
   217 1.44 0.0 HG3 30 
   919 34.2 0.0 CB 85 
   201 4.74 0.0 HA 28 
   1170 124.1 0.0 N 105 
   793 2.95 0.0 HE3 76 
   1979 4.42 0.0 HA 173 
   890 108.0 0.0 N 83 
   1103 25.1 0.0 CG 99 
   67 1.1 0.0 HG22 17 
   1705 2.09 0.0 HG3 152 
   1320 45.5 0.0 CA 120 
   870 2.87 0.0 HB3 82 
   261 2.42 0.0 HG2 34 
   131 27.7 0.0 CG 22 
   1257 42.5 0.0 CE 113 
   1640 4.36 0.0 HA 146 
   1216 1.6 0.0 HB2 110 
   60 7.9 0.0 H 17 
   1273 1.43 0.0 HB3 115 
   1922 54.4 0.0 CA 168 
   1280 2.0 0.0 HB3 116 
   92 60.1 0.0 CA 19 
   555 2.93 0.0 HB2 56 
   1858 27.9 0.0 CB 163 
   1948 24.8 0.0 CG 170 
   6 8.75 0.0 H 12 
   1156 1.26 0.0 HB 105 
   707 2.1 0.0 HB2 69 
   1971 2.95 0.0 HE3 172 
   1733 1.24 0.0 HB2 154 
   567 1.5 0.0 HB3 57 
   475 26.1 0.0 CG 49 
   494 3.25 0.0 HA 51 
   1680 4.08 0.0 HA 150 
   1659 1.74 0.0 HB2 148 
   887 26.8 0.0 CG 83 
   1747 118.8 0.0 N 154 
   377 2.27 0.0 HB2 42 
   1878 7.93 0.0 H 165 
   1272 1.43 0.0 HB2 115 
   819 125.9 0.0 CD1 78 
   810 3.29 0.0 HB3 78 
   299 120.3 0.0 CZ3 36 
   1051 50.6 0.0 CD 95 
   595 7.49 0.0 H 61 
   339 29.8 0.0 CB 39 
   204 1.47 0.0 HB3 28 
   1808 6.55 0.0 H 160 
   456 0.92 0.0 HD11 48 
   402 6.81 0.0 HE2 44 
   384 119.4 0.0 N 42 
   1362 2.23 0.0 HB2 124 
   373 42.2 0.0 CE 41 
   321 2.45 0.0 HG2 38 
   2004 29.2 0.0 CB 175 
   1207 2.39 0.0 HB3 109 
   1914 8.64 0.0 H 168 
   194 6.5 0.0 HD21 27 
   394 120.6 0.0 N 43 
   1002 2.77 0.0 HB2 92 
   571 7.96 0.0 H 58 
   886 39.8 0.0 CB 83 
   473 57.4 0.0 CA 49 
   1210 58.3 0.0 CA 109 
   993 2.38 0.0 HB3 91 
   1437 2.99 0.0 HE2 130 
   1218 1.35 0.0 HG 110 
   184 1.25 0.0 HG22 26 
   746 2.21 0.0 HB3 73 
   807 9.24 0.0 H 78 
   925 4.52 0.0 HA 86 
   1862 7.88 0.0 H 164 
   1419 6.99 0.0 HE2 129 
   1782 1.56 0.0 HB 158 
   1308 1.58 0.0 HG2 119 
   1486 120.1 0.0 CE3 133 
   437 0.93 0.0 HD12 47 
   1784 1.49 0.0 HG13 158 
   296 127.0 0.0 CD1 36 
   1575 127.3 0.0 CD1 140 
   823 123.5 0.0 CH2 78 
   507 8.37 0.0 H 52 
   1164 0.43 0.0 HD13 105 
   1544 64.6 0.0 CA 138 
   1185 0.93 0.0 HG21 107 
   1792 30.6 0.0 CB 158 
   355 26.0 0.0 CG 40 
   1381 25.2 0.0 CD1 125 
   614 6.81 0.0 H 62 
   1740 1.14 0.0 HD22 154 
   205 51.9 0.0 CA 28 
   1123 21.0 0.0 CG2 101 
   782 45.8 0.0 CA 75 
   1573 51.9 0.0 CA 140 
   398 3.25 0.0 HB3 44 
   1553 1.46 0.0 HG3 139 
   515 36.4 0.0 CG 52 
   1496 1.5 0.0 HB3 134 
   1502 1.71 0.0 HB2 135 
   329 113.9 0.0 NE2 38 
   38 1.59 0.0 HG2 15 
   1926 112.3 0.0 NE2 168 
   1955 2.09 0.0 HB3 171 
   988 14.6 0.0 CD1 90 
   556 2.93 0.0 HB3 56 
   1177 21.6 0.0 CB 106 
   1183 0.58 0.0 HG12 107 
   768 7.0 0.0 HE1 74 
   1249 1.6 0.0 HD2 113 
   712 29.6 0.0 CB 69 
   1641 2.2 0.0 HB2 146 
   1050 27.0 0.0 CG 95 
   1736 0.88 0.0 HD11 154 
   875 3.58 0.0 HA 83 
   1929 2.59 0.0 HB2 169 
   1503 1.86 0.0 HB3 135 
   1464 1.04 0.0 HD21 132 
   1598 40.4 0.0 CB 142 
   1602 125.0 0.0 N 142 
   1314 27.1 0.0 CG 119 
   633 1.82 0.0 HB2 63 
   1190 20.0 0.0 CG1 107 
   676 55.8 0.0 CA 66 
   96 4.35 0.0 HA 20 
   269 1.46 0.0 HB2 35 
   185 1.25 0.0 HG23 26 
   691 1.81 0.0 HB2 68 
   872 39.0 0.0 CB 82 
   754 30.6 0.0 CB 73 
   139 1.13 0.0 HG21 23 
   387 2.22 0.0 HB2 43 
   1963 4.4 0.0 HA 172 
   246 2.0 0.0 HB2 33 
   353 57.5 0.0 CA 40 
   277 1.01 0.0 HD23 35 
   882 0.77 0.0 HD21 83 
   520 3.26 0.0 HB3 53 
   544 1.6 0.0 HD3 55 
   1621 115.4 0.0 N 144 
   30 64.2 0.0 CA 14 
   961 131.7 0.0 CD2 88 
   274 0.91 0.0 HD13 35 
   719 107.1 0.0 N 70 
   1353 -0.19 0.0 HD13 123 
   413 2.34 0.0 HB3 45 
   199 107.7 0.0 ND2 27 
   598 4.08 0.0 HB3 61 
   281 22.8 0.0 CD1 35 
   496 0.78 0.0 HG11 51 
   827 4.84 0.0 HA 79 
   106 4.14 0.0 HA 21 
   772 40.5 0.0 CB 74 
   50 1.9 0.0 HB3 16 
   1300 132.5 0.0 CD1 118 
   1724 127.0 0.0 CD1 153 
   1258 117.5 0.0 N 113 
   374 118.4 0.0 N 41 
   509 2.1 0.0 HB2 52 
   1197 2.12 0.0 HG3 108 
   1344 3.77 0.0 HA 123 
   1376 0.33 0.0 HD22 125 
   1775 1.28 0.0 HG3 157 
   745 1.04 0.0 HB2 73 
   1136 1.32 0.0 HG2 103 
   400 7.33 0.0 HD2 44 
