   1867 1.66 0.0 HG3 164 
   202 1.47 0.0 HB1 28 
   1673 110.9 0.0 N 148 
   1487 113.9 0.0 CZ2 133 
   1393 111.5 0.0 N 126 
   362 2.06 0.0 HB3 41 
   1887 1.0 0.0 HG12 166 
   1019 2.51 0.0 HB2 93 
   1509 30.1 0.0 CB 135 
   1383 126.2 0.0 N 125 
   183 1.25 0.0 HG21 26 
   812 10.66 0.0 HE1 78 
   212 107.0 0.0 N 29 
   110 0.18 0.0 HG21 21 
   953 7.16 0.0 HD1 88 
   1769 113.1 0.0 N 156 
   61 3.95 0.0 HA 17 
   444 27.4 0.0 CG 47 
   897 0.41 0.0 HD12 84 
   256 121.0 0.0 N 33 
   225 4.34 0.0 HA 31 
   706 4.19 0.0 HA 69 
   243 119.3 0.0 N 32 
   174 57.0 0.0 CA 25 
   83 64.2 0.0 CA 18 
   386 4.33 0.0 HA 43 
   1601 22.0 0.0 CD2 142 
   353 57.5 0.0 CA 40 
   1134 0.87 0.0 HB2 103 
   310 1.13 0.0 HG22 37 
   1338 32.9 0.0 CB 122 
   1057 0.98 0.0 HG21 96 
   714 115.4 0.0 N 69 
   1854 2.49 0.0 HG3 163 
   737 3.19 0.0 HD3 72 
   1908 59.4 0.0 CA 167 
   1476 3.07 0.0 HB3 133 
   1886 1.0 0.0 HG11 166 
   1631 0.45 0.0 HD22 145 
   269 1.46 0.0 HB2 35 
   540 1.91 0.0 HB3 55 
   341 121.0 0.0 N 39 
   1012 131.3 0.0 CD2 92 
   1056 1.48 0.0 HG13 96 
   430 114.9 0.0 N 46 
   124 2.46 0.0 HB3 22 
   1043 2.39 0.0 HB3 95 
   1427 129.2 0.0 CZ 129 
   670 36.3 0.0 CG 65 
   9 2.03 0.0 HB3 12 
   224 8.5 0.0 H 31 
   193 3.25 0.0 HB3 27 
   1679 7.83 0.0 H 150 
   961 131.7 0.0 CD2 88 
   535 122.2 0.0 N 54 
   1357 17.0 0.0 CG2 123 
   338 58.1 0.0 CA 39 
   485 6.97 0.0 HE2 50 
   818 32.6 0.0 CB 78 
   450 1.98 0.0 HB 48 
   578 8.55 0.0 H 59 
   492 119.9 0.0 N 50 
   779 8.54 0.0 H 75 
   452 1.86 0.0 HG13 48 
   270 1.81 0.0 HB3 35 
   1095 1.45 0.0 HB2 99 
   372 29.5 0.0 CD 41 
   804 55.2 0.0 CA 77 
   1143 49.2 0.0 CD 103 
   1308 1.58 0.0 HG2 119 
   778 117.0 0.0 N 74 
   1668 54.5 0.0 CA 148 
   1581 9.74 0.0 H 141 
   1038 16.8 0.0 CG2 94 
   1178 128.8 0.0 N 106 
   1055 1.32 0.0 HG12 96 
   102 30.1 0.0 CB 20 
   1719 7.16 0.0 HZ2 153 
   1665 0.92 0.0 HD21 148 
   1245 1.76 0.0 HB2 113 
   561 118.9 0.0 N 56 
   1834 1.39 0.0 HB 162 
   1935 122.1 0.0 N 169 
   1488 123.0 0.0 CZ3 133 
   1529 1.08 0.0 HG21 137 
   1752 1.43 0.0 HB3 155 
   635 1.6 0.0 HG2 63 
   329 113.9 0.0 NE2 38 
   1697 3.12 0.0 HA2 151 
   681 3.07 0.0 HB2 67 
   648 1.86 0.0 HB3 64 
   876 1.57 0.0 HB2 83 
   1686 0.87 0.0 HD13 150 
   1615 5.82 0.0 HD2 144 
   1335 2.91 0.0 HE2 122 
   244 8.58 0.0 H 33 
   1224 0.68 0.0 HD23 110 
   780 4.93 0.0 HA2 75 
   369 60.1 0.0 CA 41 
   1008 6.45 0.0 HZ 92 
   1018 5.58 0.0 HA 93 
   1124 114.3 0.0 N 101 
   618 5.47 0.0 HD1 62 
   639 7.37 0.0 HE 63 
   439 0.98 0.0 HD21 47 
   216 1.05 0.0 HG2 30 
   1922 54.4 0.0 CA 168 
   906 24.8 0.0 CD2 84 
   55 57.8 0.0 CA 16 
   691 1.81 0.0 HB2 68 
   232 56.1 0.0 CA 31 
   1458 1.61 0.0 HB2 132 
   1180 4.9 0.0 HA 107 
   1361 4.44 0.0 HA 124 
   1735 2.08 0.0 HG 154 
   1418 6.99 0.0 HE1 129 
   977 1.29 0.0 HG13 90 
   236 116.8 0.0 N 31 
   148 4.56 0.0 HA 24 
   1503 1.86 0.0 HB3 135 
   403 62.3 0.0 CA 44 
   469 1.74 0.0 HG2 49 
   1898 4.64 0.0 HA 167 
   891 7.9 0.0 H 84 
   1851 2.24 0.0 HB2 163 
   552 122.1 0.0 N 55 
   1439 62.3 0.0 CA 130 
   847 0.64 0.0 HG22 80 
   742 123.7 0.0 N 72 
   844 0.96 0.0 HG12 80 
   459 65.0 0.0 CA 48 
   218 2.45 0.0 HD2 30 
   604 7.04 0.0 HH2 61 
   976 0.84 0.0 HG12 90 
   732 1.63 0.0 HB2 72 
   1927 8.65 0.0 H 169 
   1035 55.2 0.0 CA 94 
   29 1.24 0.0 HG23 14 
   1571 6.77 0.0 HE2 140 
   651 0.91 0.0 HD12 64 
   6 8.75 0.0 H 12 
   1246 1.82 0.0 HB3 113 
   23 122.6 0.0 N 13 
   807 9.24 0.0 H 78 
   999 117.4 0.0 N 91 
   409 118.4 0.0 N 44 
   177 29.2 0.0 CD 25 
   619 5.47 0.0 HD2 62 
   1915 4.83 0.0 HA 168 
   1003 3.68 0.0 HB3 92 
   433 1.79 0.0 HB2 47 
   1555 1.62 0.0 HD3 139 
   647 1.83 0.0 HB2 64 
   1499 117.9 0.0 N 134 
   292 7.51 0.0 HZ3 36 
   1069 7.01 0.0 H 97 
   863 55.6 0.0 CA 81 
   1287 1.89 0.0 HE2 117 
   1000 8.46 0.0 H 92 
   33 113.2 0.0 N 14 
   284 8.01 0.0 H 36 
   941 1.9 0.0 HB2 87 
   1410 136.2 0.0 CE1 128 
   146 116.5 0.0 N 23 
   420 34.2 0.0 CG 45 
   380 2.69 0.0 HG3 42 
   536 104.6 0.0 ND2 54 
   1121 59.6 0.0 CA 101 
   1890 1.0 0.0 HG22 166 
   886 39.8 0.0 CB 83 
   625 132.0 0.0 CD1 62 
   644 118.8 0.0 N 63 
   1485 126.6 0.0 CD1 133 
   815 6.61 0.0 HZ3 78 
   1360 7.71 0.0 H 124 
   1951 123.6 0.0 N 170 
   638 3.25 0.0 HD3 63 
   1609 18.0 0.0 CB 143 
   684 6.71 0.0 HD22 67 
   1812 57.2 0.0 CA 160 
   1300 132.5 0.0 CD1 118 
   1996 4.26 0.0 HA 175 
   290 7.31 0.0 HE3 36 
   1533 33.3 0.0 CB 137 
   467 1.95 0.0 HB2 49 
   344 0.97 0.0 HB2 40 
   711 58.0 0.0 CA 69 
   227 2.02 0.0 HB3 31 
   1924 33.7 0.0 CG 168 
   1355 37.5 0.0 CB 123 
   522 6.74 0.0 HD22 53 
   1045 1.91 0.0 HG3 95 
   1494 1.5 0.0 HB1 134 
   502 67.2 0.0 CA 51 
   1660 2.08 0.0 HB3 148 
   556 2.93 0.0 HB3 56 
   890 108.0 0.0 N 83 
   1497 54.7 0.0 CA 134 
   1543 3.45 0.0 HD3 138 
   180 10.39 0.0 H 26 
   1734 2.04 0.0 HB3 154 
   866 126.2 0.0 N 81 
   1249 1.6 0.0 HD2 113 
   434 2.21 0.0 HB3 47 
   1182 0.58 0.0 HG11 107 
   498 0.78 0.0 HG13 51 
   1580 113.4 0.0 N 140 
   529 3.06 0.0 HB2 54 
   282 25.2 0.0 CD2 35 
   758 120.1 0.0 CZ3 73 
   1110 1.25 0.0 HG23 100 
   531 4.55 0.0 HD21 54 
   1550 1.74 0.0 HB2 139 
   1559 32.6 0.0 CB 139 
   936 117.5 0.0 CE1 86 
   217 1.44 0.0 HG3 30 
   1872 56.9 0.0 CA 164 
   182 3.96 0.0 HB 26 
   1123 21.0 0.0 CG2 101 
   106 4.14 0.0 HA 21 
   496 0.78 0.0 HG11 51 
   464 118.5 0.0 N 48 
   1670 27.0 0.0 CG 148 
   794 53.9 0.0 CA 76 
   1113 21.6 0.0 CG2 100 
   1280 2.0 0.0 HB3 116 
   1007 6.63 0.0 HE2 92 
   4 54.1 0.0 CA 11 
   1159 0.67 0.0 HG21 105 
   1374 0.13 0.0 HD13 125 
   963 129.6 0.0 CE2 88 
   1147 1.85 0.0 HB3 104 
   740 27.4 0.0 CG 72 
   652 0.91 0.0 HD13 64 
   1187 0.93 0.0 HG23 107 
   880 0.82 0.0 HD12 83 
   699 59.8 0.0 CA 68 
   60 7.9 0.0 H 17 
   1691 42.2 0.0 CB 150 
   223 48.9 0.0 CD 30 
   1196 1.88 0.0 HG2 108 
   449 3.79 0.0 HA 48 
   419 28.3 0.0 CB 45 
   601 7.9 0.0 HE3 61 
   582 6.69 0.0 HD21 59 
   1764 0.93 0.0 HG23 156 
   1939 1.7 0.0 HB3 170 
   1324 3.93 0.0 HA3 121 
   1862 7.88 0.0 H 164 
   1525 1.75 0.0 HB 137 
   885 57.1 0.0 CA 83 
   487 38.5 0.0 CB 50 
   42 58.2 0.0 CA 15 
   318 4.09 0.0 HA 38 
   1788 0.18 0.0 HD11 158 
   1126 3.87 0.0 HA 102 
   1557 2.91 0.0 HE3 139 
   12 58.2 0.0 CA 12 
   931 6.77 0.0 HE2 86 
   1195 2.4 0.0 HB3 108 
   1705 2.09 0.0 HG3 152 
   1783 0.82 0.0 HG12 158 
   1682 2.33 0.0 HB3 150 
   2002 6.84 0.0 HE22 175 
   154 1.0 0.0 HD13 24 
   334 1.47 0.0 HG2 39 
   668 54.6 0.0 CA 65 
   1040 121.6 0.0 N 94 
   77 0.94 0.0 HG11 18 
   1542 3.23 0.0 HD2 138 
   846 0.64 0.0 HG21 80 
   1262 1.17 0.0 HG21 114 
   1986 4.67 0.0 HA 174 
   470 1.93 0.0 HG3 49 
   1428 121.3 0.0 N 129 
   1349 -0.36 0.0 HG22 123 
   1729 118.4 0.0 N 153 
   114 -0.19 0.0 HD12 21 
   883 0.77 0.0 HD22 83 
   643 42.6 0.0 CD 63 
   1294 7.0 0.0 HD1 118 
   1169 14.7 0.0 CD1 105 
   1530 1.08 0.0 HG22 137 
   606 29.6 0.0 CB 61 
   164 8.31 0.0 H 25 
   11 2.32 0.0 HG3 12 
   1133 4.23 0.0 HA 103 
   66 1.1 0.0 HG21 17 
   489 131.7 0.0 CD2 50 
   1318 4.1 0.0 HA2 120 
   1724 127.0 0.0 CD1 153 
   1463 0.93 0.0 HD13 132 
   571 7.96 0.0 H 58 
   448 8.86 0.0 H 48 
   1822 0.66 0.0 HD13 161 
   95 7.79 0.0 H 20 
   669 34.1 0.0 CB 65 
   965 121.3 0.0 N 88 
   162 25.5 0.0 CD2 24 
   1119 1.08 0.0 HG22 101 
   915 1.28 0.0 HD3 85 
   1342 118.4 0.0 N 122 
   465 7.64 0.0 H 49 
   1674 7.41 0.0 H 149 
   783 107.1 0.0 N 75 
   1354 61.9 0.0 CA 123 
   295 29.5 0.0 CB 36 
   1009 57.4 0.0 CA 92 
   558 7.75 0.0 HD22 56 
   1253 56.4 0.0 CA 113 
   1194 2.03 0.0 HB2 108 
   1508 57.0 0.0 CA 135 
   1553 1.46 0.0 HG3 139 
   1714 3.23 0.0 HB2 153 
   1002 2.77 0.0 HB2 92 
   692 1.89 0.0 HB3 68 
   656 54.3 0.0 CA 64 
   1940 1.38 0.0 HG2 170 
   698 3.0 0.0 HE3 68 
   447 120.8 0.0 N 47 
   84 31.9 0.0 CB 18 
   620 5.55 0.0 HE1 62 
   957 7.05 0.0 HZ 88 
   839 117.3 0.0 CE2 79 
   260 2.16 0.0 HB3 34 
   340 26.9 0.0 CG 39 
   1332 1.23 0.0 HG3 122 
   421 117.4 0.0 N 45 
   1364 57.6 0.0 CA 124 
   757 113.1 0.0 CZ2 73 
   1379 41.7 0.0 CB 125 
   731 5.02 0.0 HA 72 
   1144 8.6 0.0 H 104 
   1210 58.3 0.0 CA 109 
   18 1.47 0.0 HB1 13 
   1998 2.08 0.0 HB3 175 
   1909 40.7 0.0 CB 167 
   837 131.9 0.0 CD2 79 
   1859 33.7 0.0 CG 163 
   1452 65.5 0.0 CA 131 
   1914 8.64 0.0 H 168 
   1081 2.76 0.0 HB2 98 
   825 131.3 0.0 NE1 78 
   1917 2.09 0.0 HB3 168 
   548 32.2 0.0 CB 55 
   1322 8.15 0.0 H 121 
   608 122.4 0.0 CE3 61 
   1684 0.87 0.0 HD11 150 
   1551 1.6 0.0 HB3 139 
   89 4.33 0.0 HA 19 
   303 7.5 0.0 H 37 
   1982 58.6 0.0 CA 173 
   1978 8.4 0.0 H 173 
   1032 0.45 0.0 HD11 94 
   654 0.91 0.0 HD22 64 
   169 1.29 0.0 HG3 25 
   748 9.32 0.0 HE1 73 
   104 119.8 0.0 N 20 
   1202 27.1 0.0 CG 108 
   1347 0.7 0.0 HG13 123 
   970 54.7 0.0 CA 89 
   1097 1.5 0.0 HG2 99 
   1836 1.33 0.0 HG13 162 
   1696 9.07 0.0 H 151 
   1334 1.73 0.0 HD3 122 
   1721 6.62 0.0 HH2 153 
   130 31.8 0.0 CB 22 
   1893 32.2 0.0 CB 166 
   929 7.33 0.0 HD2 86 
   1807 49.4 0.0 CD 159 
   568 51.2 0.0 CA 57 
   1214 7.93 0.0 H 110 
   1901 1.3 0.0 HG13 167 
   624 40.9 0.0 CB 62 
   1814 115.9 0.0 N 160 
   163 126.3 0.0 N 24 
   1350 -0.36 0.0 HG23 123 
   1217 1.6 0.0 HB3 110 
   437 0.93 0.0 HD12 47 
   1404 3.23 0.0 HB3 128 
   1286 1.89 0.0 HE1 117 
   1975 29.1 0.0 CD 172 
   887 26.8 0.0 CG 83 
   1648 117.1 0.0 N 146 
   254 27.3 0.0 CG 33 
   1390 62.4 0.0 CA 126 
   352 0.86 0.0 HD23 40 
   1302 117.4 0.0 CE1 118 
   263 59.6 0.0 CA 34 
   951 2.71 0.0 HB2 88 
   1612 3.57 0.0 HA 144 
   1299 39.5 0.0 CB 118 
   759 123.7 0.0 CH2 73 
   426 3.98 0.0 HB3 46 
   118 27.5 0.0 CG1 21 
   1225 53.9 0.0 CA 110 
   808 6.21 0.0 HA 78 
   40 3.21 0.0 HD2 15 
   1320 45.5 0.0 CA 120 
   1164 0.43 0.0 HD13 105 
   1188 58.3 0.0 CA 107 
   1505 1.72 0.0 HG3 135 
   1902 0.95 0.0 HG21 167 
   1392 21.7 0.0 CG2 126 
   359 7.57 0.0 H 41 
   399 7.33 0.0 HD1 44 
   1876 41.8 0.0 CE 164 
   1326 107.3 0.0 N 121 
   173 2.92 0.0 HE3 25 
   1704 1.84 0.0 HG2 152 
   1904 0.95 0.0 HG23 167 
   417 6.94 0.0 HE22 45 
   1414 3.1 0.0 HB2 129 
   1629 -0.05 0.0 HD13 145 
   602 7.45 0.0 HZ2 61 
   974 5.66 0.0 HA 90 
   1101 62.8 0.0 CA 99 
   1044 1.84 0.0 HG2 95 
   997 33.5 0.0 CB 91 
   1203 49.8 0.0 CD 108 
   328 118.6 0.0 N 38 
   1177 21.6 0.0 CB 106 
   1281 56.2 0.0 CA 116 
   1591 -0.51 0.0 HD11 142 
   1883 7.79 0.0 H 166 
   294 58.7 0.0 CA 36 
   1167 27.6 0.0 CG1 105 
   1050 27.0 0.0 CG 95 
   122 4.51 0.0 HA 22 
   15 122.1 0.0 N 12 
   1810 2.55 0.0 HB2 160 
   48 4.19 0.0 HA 16 
   446 23.9 0.0 CD2 47 
   623 57.0 0.0 CA 62 
   1181 1.96 0.0 HB 107 
   1605 1.04 0.0 HB1 143 
   1763 0.93 0.0 HG22 156 
   1400 122.0 0.0 N 127 
   199 107.7 0.0 ND2 27 
   1923 31.6 0.0 CB 168 
   514 29.2 0.0 CB 52 
   1988 2.83 0.0 HB3 174 
   432 4.23 0.0 HA 47 
   1611 7.37 0.0 H 144 
   65 1.01 0.0 HG13 17 
   52 1.6 0.0 HG3 16 
   54 3.21 0.0 HD3 16 
   1466 1.04 0.0 HD23 132 
   1961 119.4 0.0 N 171 
   1365 27.0 0.0 CB 124 
   1198 3.48 0.0 HD2 108 
   975 1.75 0.0 HB 90 
   895 1.54 0.0 HG 84 
   1860 121.6 0.0 N 163 
   1017 8.57 0.0 H 93 
   1046 3.51 0.0 HD2 95 
   414 2.54 0.0 HG2 45 
   189 121.3 0.0 N 26 
   324 8.08 0.0 HE22 38 
   1659 1.74 0.0 HB2 148 
   1930 2.88 0.0 HB3 169 
   1218 1.35 0.0 HG 110 
   1199 3.77 0.0 HD3 108 
   1970 2.95 0.0 HE2 172 
   938 129.3 0.0 N 86 
   1472 119.9 0.0 N 132 
   1228 25.1 0.0 CD1 110 
   1484 27.6 0.0 CB 133 
   1141 31.9 0.0 CB 103 
   1258 117.5 0.0 N 113 
   375 7.68 0.0 H 42 
   1041 4.62 0.0 HA 95 
   806 114.4 0.0 N 77 
   755 123.5 0.0 CD1 73 
   662 8.9 0.0 H 65 
   1667 0.92 0.0 HD23 148 
   729 107.9 0.0 N 71 
   773 131.7 0.0 CD1 74 
   1720 6.36 0.0 HZ3 153 
   347 0.84 0.0 HD11 40 
   314 21.0 0.0 CG1 37 
   1446 1.83 0.0 HB2 131 
   991 5.29 0.0 HA 91 
   491 118.8 0.0 CE2 50 
   833 6.69 0.0 HE2 79 
   197 36.8 0.0 CB 27 
   1325 45.6 0.0 CA 121 
   297 122.1 0.0 CE3 36 
   1870 2.92 0.0 HE2 164 
   1596 0.37 0.0 HD23 142 
   1796 115.7 0.0 N 158 
   144 18.2 0.0 CG1 23 
   226 1.82 0.0 HB2 31 
   1597 57.5 0.0 CA 142 
   811 7.03 0.0 HD1 78 
   689 8.83 0.0 H 68 
   949 9.09 0.0 H 88 
   934 132.9 0.0 CD1 86 
   747 6.4 0.0 HD1 73 
   2 2.76 0.0 HB2 11 
   1568 6.2 0.0 HD1 140 
   1272 1.43 0.0 HB2 115 
   238 4.9 0.0 HA 32 
   762 8.53 0.0 H 74 
   397 3.17 0.0 HB2 44 
   1377 0.33 0.0 HD23 125 
   1895 21.8 0.0 CG2 166 
   1728 122.7 0.0 CH2 153 
   1072 1.17 0.0 HG21 97 
   1766 33.1 0.0 CB 156 
   1207 2.39 0.0 HB3 109 
   1722 62.3 0.0 CA 153 
   1706 3.08 0.0 HD2 152 
   958 56.0 0.0 CA 88 
   1265 58.4 0.0 CA 114 
   1716 7.36 0.0 HD1 153 
   1599 26.2 0.0 CG 142 
   1896 115.2 0.0 N 166 
   1455 50.3 0.0 CD 131 
   36 1.87 0.0 HB2 15 
   1037 26.8 0.0 CG1 94 
   166 1.76 0.0 HB2 25 
   1647 32.2 0.0 CG 146 
   508 3.88 0.0 HA 52 
   671 122.0 0.0 N 65 
   956 7.18 0.0 HE2 88 
   394 120.6 0.0 N 43 
   526 110.8 0.0 ND2 53 
   1060 0.87 0.0 HD11 96 
   1158 1.15 0.0 HG13 105 
   841 8.07 0.0 H 80 
   1954 1.93 0.0 HB2 171 
   809 3.11 0.0 HB2 78 
   952 3.07 0.0 HB3 88 
   1022 43.0 0.0 CB 93 
   1681 1.36 0.0 HB2 150 
   1945 2.96 0.0 HE3 170 
   764 3.1 0.0 HB2 74 
   1116 4.28 0.0 HA 101 
   1797 3.52 0.0 HA 159 
   1341 41.8 0.0 CE 122 
   90 3.98 0.0 HB2 19 
   555 2.93 0.0 HB2 56 
   1830 22.9 0.0 CD2 161 
   389 2.14 0.0 HG2 43 
   1884 4.04 0.0 HA 166 
   200 7.02 0.0 H 28 
   802 2.94 0.0 HB2 77 
   1678 107.1 0.0 N 149 
   1026 2.04 0.0 HB 94 
   1929 2.59 0.0 HB2 169 
   1406 8.19 0.0 HE1 128 
   317 7.16 0.0 H 38 
   713 37.3 0.0 CG 69 
   1554 1.56 0.0 HD2 139 
   615 4.91 0.0 HA 62 
   1368 4.45 0.0 HA 125 
   1132 126.2 0.0 N 102 
   1107 4.44 0.0 HB 100 
   1065 27.8 0.0 CG1 96 
   412 2.23 0.0 HB2 45 
   1837 0.81 0.0 HG21 162 
   1429 8.59 0.0 H 130 
   476 42.2 0.0 CD 49 
   524 37.4 0.0 CB 53 
   1175 1.34 0.0 HB3 106 
   926 2.88 0.0 HB2 86 
   549 25.6 0.0 CG 55 
   1711 51.4 0.0 CD 152 
   1816 3.88 0.0 HA 161 
   501 0.8 0.0 HG23 51 
   230 3.17 0.0 HD2 31 
   1269 8.73 0.0 H 115 
   161 27.0 0.0 CD1 24 
   697 3.0 0.0 HE2 68 
   1586 10.28 0.0 H 142 
   140 1.13 0.0 HG22 23 
   211 44.9 0.0 CA 29 
   1353 -0.19 0.0 HD13 123 
   327 33.3 0.0 CG 38 
   274 0.91 0.0 HD13 35 
   1171 8.88 0.0 H 106 
   1911 18.1 0.0 CG2 167 
   1448 1.99 0.0 HG2 131 
   532 7.24 0.0 HD22 54 
   1260 4.63 0.0 HA 114 
   1174 1.34 0.0 HB2 106 
   1329 1.25 0.0 HB2 122 
   351 0.86 0.0 HD22 40 
   1576 127.3 0.0 CD2 140 
   330 8.2 0.0 H 39 
   1811 2.55 0.0 HB3 160 
   293 7.05 0.0 HH2 36 
   1583 4.14 0.0 HA3 141 
   442 58.8 0.0 CA 47 
   1471 26.2 0.0 CD2 132 
   1784 1.49 0.0 HG13 158 
   1426 129.8 0.0 CE2 129 
   30 64.2 0.0 CA 14 
   776 130.0 0.0 CE2 74 
   1937 4.24 0.0 HA 170 
   172 2.92 0.0 HE2 25 
   1264 1.17 0.0 HG23 114 
   1638 121.2 0.0 N 145 
   1512 113.5 0.0 N 135 
   1283 119.1 0.0 N 116 
   1397 2.68 0.0 HB3 127 
   603 6.87 0.0 HZ3 61 
   32 22.0 0.0 CG2 14 
   342 8.86 0.0 H 40 
   792 2.95 0.0 HE2 76 
   1791 63.4 0.0 CA 158 
   1687 1.16 0.0 HD21 150 
   882 0.77 0.0 HD21 83 
   170 1.6 0.0 HD2 25 
   1457 3.95 0.0 HA 132 
   1241 45.8 0.0 CA 112 
   1386 4.54 0.0 HB 126 
   879 0.82 0.0 HD11 83 
   240 3.09 0.0 HB3 32 
   28 1.24 0.0 HG22 14 
   1725 119.6 0.0 CE3 153 
   704 123.1 0.0 N 68 
   1165 62.8 0.0 CA 105 
   944 2.0 0.0 HG3 87 
   1756 6.91 0.0 H 156 
   1637 23.3 0.0 CD2 145 
   1646 31.6 0.0 CB 146 
   1826 57.4 0.0 CA 161 
   1278 4.0 0.0 HA 116 
   1371 1.35 0.0 HG 125 
   165 4.41 0.0 HA 25 
   299 120.3 0.0 CZ3 36 
   979 1.02 0.0 HG22 90 
   1962 8.44 0.0 H 172 
   1874 26.3 0.0 CG 164 
   828 3.01 0.0 HB2 79 
   799 121.3 0.0 N 76 
   1578 129.7 0.0 CE2 140 
   425 3.98 0.0 HB2 46 
   1030 0.7 0.0 HG22 94 
   246 2.0 0.0 HB2 33 
   817 56.7 0.0 CA 78 
   1561 29.3 0.0 CD 139 
   798 42.2 0.0 CE 76 
   868 4.02 0.0 HA 82 
   1010 40.4 0.0 CB 92 
   1891 1.0 0.0 HG23 166 
   139 1.13 0.0 HG21 23 
   969 2.91 0.0 HB3 89 
   842 5.13 0.0 HA 80 
   901 0.64 0.0 HD23 84 
   605 56.9 0.0 CA 61 
   273 0.91 0.0 HD12 35 
   1847 14.9 0.0 CD1 162 
   1869 1.59 0.0 HD3 164 
   474 29.4 0.0 CB 49 
   1417 7.05 0.0 HD2 129 
   1052 8.69 0.0 H 96 
   781 4.31 0.0 HA3 75 
   633 1.82 0.0 HB2 63 
   746 2.21 0.0 HB3 73 
   157 1.18 0.0 HD23 24 
   760 125.1 0.0 N 73 
   1541 1.72 0.0 HG3 138 
   1549 4.17 0.0 HA 139 
   1340 28.9 0.0 CD 122 
   1781 3.54 0.0 HA 158 
   1575 127.3 0.0 CD1 140 
   598 4.08 0.0 HB3 61 
   750 7.02 0.0 HZ2 73 
   1102 33.2 0.0 CB 99 
   1213 116.4 0.0 N 109 
   458 0.92 0.0 HD13 48 
   831 6.96 0.0 HD2 79 
   477 119.0 0.0 N 49 
   1048 62.1 0.0 CA 95 
   1871 2.92 0.0 HE3 164 
   401 6.81 0.0 HE1 44 
   1396 2.61 0.0 HB2 127 
   198 128.7 0.0 N 27 
   899 0.64 0.0 HD21 84 
   1409 120.2 0.0 CD2 128 
   374 118.4 0.0 N 41 
   726 61.7 0.0 CA 71 
   665 1.81 0.0 HB3 65 
   1689 1.16 0.0 HD23 150 
   201 4.74 0.0 HA 28 
   575 55.3 0.0 CA 58 
   167 1.76 0.0 HB3 25 
   1154 8.55 0.0 H 105 
   358 120.3 0.0 N 40 
   954 7.16 0.0 HD2 88 
   422 111.4 0.0 NE2 45 
   1093 128.0 0.0 N 98 
   481 3.32 0.0 HB3 50 
   1273 1.43 0.0 HB3 115 
   1782 1.56 0.0 HB 158 
   1062 0.87 0.0 HD13 96 
   1087 58.3 0.0 CA 98 
   777 129.4 0.0 CZ 74 
   31 68.6 0.0 CB 14 
   1076 67.7 0.0 CB 97 
   1078 103.6 0.0 N 97 
   354 41.3 0.0 CB 40 
   595 7.49 0.0 H 61 
   206 24.4 0.0 CB 28 
   1401 7.93 0.0 H 128 
   586 116.4 0.0 N 59 
   1223 0.68 0.0 HD22 110 
   123 1.93 0.0 HB2 22 
   1080 4.69 0.0 HA 98 
   495 2.1 0.0 HB 51 
   1574 36.4 0.0 CB 140 
   1790 0.18 0.0 HD13 158 
   429 62.7 0.0 CB 46 
   17 4.21 0.0 HA 13 
   505 21.0 0.0 CG2 51 
   967 5.42 0.0 HA 89 
   1849 8.1 0.0 H 163 
   1109 1.25 0.0 HG22 100 
   664 1.55 0.0 HB2 65 
   1444 118.4 0.0 N 130 
   379 2.4 0.0 HG2 42 
   722 4.57 0.0 HB 71 
   1348 -0.36 0.0 HG21 123 
   1765 63.4 0.0 CA 156 
   1516 1.28 0.0 HB3 136 
   1960 36.0 0.0 CG 171 
   609 113.7 0.0 CZ2 61 
   1844 38.3 0.0 CB 162 
   622 5.65 0.0 HZ 62 
   1 4.65 0.0 HA 11 
   1885 2.17 0.0 HB 166 
   679 8.15 0.0 H 67 
   395 8.83 0.0 H 44 
   62 2.21 0.0 HB 17 
   559 55.3 0.0 CA 56 
   107 1.29 0.0 HB 21 
   534 36.9 0.0 CB 54 
   1707 3.6 0.0 HD3 152 
   1840 0.01 0.0 HD11 162 
   1103 25.1 0.0 CG 99 
   367 2.96 0.0 HE2 41 
   1345 0.37 0.0 HB 123 
   1285 2.4 0.0 HG3 117 
   1421 62.4 0.0 CA 129 
   258 4.24 0.0 HA 34 
   611 123.3 0.0 CH2 61 
   1655 20.6 0.0 CB 147 
   357 24.3 0.0 CD2 40 
   1852 2.24 0.0 HB3 163 
   1993 121.0 0.0 N 174 
   1193 4.13 0.0 HA 108 
   1465 1.04 0.0 HD22 132 
   25 4.07 0.0 HA 14 
   565 1.5 0.0 HB1 57 
   1813 41.7 0.0 CB 160 
   1934 120.5 0.0 CD2 169 
   1031 0.7 0.0 HG23 94 
   1276 128.2 0.0 N 115 
   1753 53.8 0.0 CA 155 
   443 42.7 0.0 CB 47 
   1967 1.43 0.0 HG3 172 
   27 1.24 0.0 HG21 14 
   1723 29.6 0.0 CB 153 
   1613 2.35 0.0 HB2 144 
   1520 40.4 0.0 CB 136 
   1657 8.89 0.0 H 148 
   1694 27.2 0.0 CD2 150 
   1897 6.85 0.0 H 167 
   1803 3.0 0.0 HD3 159 
   8 2.03 0.0 HB2 12 
   800 9.17 0.0 H 77 
   1504 1.59 0.0 HG2 135 
   1490 120.6 0.0 N 133 
   234 27.1 0.0 CG 31 
   1343 7.91 0.0 H 123 
   1477 6.93 0.0 HD1 133 
   1858 27.9 0.0 CB 163 
   1486 120.1 0.0 CE3 133 
   1966 1.35 0.0 HG2 172 
   1979 4.42 0.0 HA 173 
   1323 3.93 0.0 HA2 121 
   924 9.53 0.0 H 86 
   1639 7.93 0.0 H 146 
   70 32.2 0.0 CB 17 
   336 2.71 0.0 HD2 39 
   872 39.0 0.0 CB 82 
   1519 53.4 0.0 CA 136 
   1957 2.2 0.0 HG3 171 
   916 2.27 0.0 HE2 85 
   1382 22.6 0.0 CD2 125 
   1572 6.2 0.0 HZ 140 
   592 54.1 0.0 CA 60 
   1053 3.78 0.0 HA 96 
   255 43.1 0.0 CD 33 
   56 30.2 0.0 CB 16 
   942 1.9 0.0 HB3 87 
   129 63.3 0.0 CA 22 
   475 26.1 0.0 CG 49 
   998 35.4 0.0 CG 91 
   24 7.95 0.0 H 14 
   1239 4.25 0.0 HA2 112 
   1146 1.71 0.0 HB2 104 
   1189 31.4 0.0 CB 107 
   579 5.05 0.0 HA 59 
   1531 1.08 0.0 HG23 137 
   545 2.84 0.0 HE2 55 
   2004 29.2 0.0 CB 175 
   279 42.7 0.0 CB 35 
   1449 2.12 0.0 HG3 131 
   1227 26.9 0.0 CG 110 
   1974 24.7 0.0 CG 172 
   37 1.87 0.0 HB3 15 
   1990 6.91 0.0 HD22 174 
   1919 2.35 0.0 HG3 168 
   875 3.58 0.0 HA 83 
   1403 3.23 0.0 HB2 128 
   570 121.1 0.0 N 57 
   984 58.5 0.0 CA 90 
   153 1.0 0.0 HD12 24 
   1537 4.86 0.0 HA 138 
   187 68.1 0.0 CB 26 
   1470 23.5 0.0 CD1 132 
   53 3.21 0.0 HD2 16 
   1385 4.28 0.0 HA 126 
   1953 4.39 0.0 HA 171 
   1594 0.37 0.0 HD21 142 
   600 9.85 0.0 HE1 61 
   332 1.78 0.0 HB2 39 
   265 36.3 0.0 CG 34 
   1128 0.01 0.0 HB2 102 
   1096 2.2 0.0 HB3 99 
   1663 0.8 0.0 HD12 148 
   253 28.7 0.0 CB 33 
   440 0.98 0.0 HD22 47 
   1547 48.1 0.0 CD 138 
   911 1.74 0.0 HB3 85 
   1205 4.3 0.0 HA 109 
   877 2.1 0.0 HB3 83 
   717 3.53 0.0 HA3 70 
   1067 13.2 0.0 CD1 96 
   1139 3.85 0.0 HD3 103 
   946 34.7 0.0 CB 87 
   858 9.14 0.0 H 81 
   709 2.34 0.0 HG2 69 
   1306 1.79 0.0 HB2 119 
   1211 30.2 0.0 CB 109 
   1381 25.2 0.0 CD1 125 
   479 4.78 0.0 HA 50 
   567 1.5 0.0 HB3 57 
   1801 2.05 0.0 HG3 159 
   1864 1.76 0.0 HB2 164 
   1621 115.4 0.0 N 144 
   181 3.89 0.0 HA 26 
   1369 1.43 0.0 HB2 125 
   126 2.1 0.0 HG3 22 
   1168 17.5 0.0 CG2 105 
   687 116.8 0.0 N 67 
   1633 58.4 0.0 CA 145 
   884 0.77 0.0 HD23 83 
   743 8.77 0.0 H 73 
   194 6.5 0.0 HD21 27 
   666 1.89 0.0 HG2 65 
   418 59.3 0.0 CA 45 
   710 2.54 0.0 HG3 69 
   632 4.37 0.0 HA 63 
   35 4.1 0.0 HA 15 
   384 119.4 0.0 N 42 
   594 120.0 0.0 N 60 
   1868 1.5 0.0 HD2 164 
   385 8.98 0.0 H 43 
   287 3.79 0.0 HB3 36 
   867 9.03 0.0 H 82 
   1232 4.44 0.0 HA 111 
   1910 25.3 0.0 CG1 167 
   1618 29.7 0.0 CB 144 
   160 31.1 0.0 CG 24 
   905 22.3 0.0 CD1 84 
   149 1.51 0.0 HB2 24 
   1742 57.8 0.0 CA 154 
   865 119.9 0.0 CD2 81 
   1690 57.9 0.0 CA 150 
   510 2.21 0.0 HB3 52 
   1138 2.95 0.0 HD2 103 
   678 111.7 0.0 N 66 
   1565 4.03 0.0 HA 140 
   1075 60.5 0.0 CA 97 
   261 2.42 0.0 HG2 34 
   645 8.7 0.0 H 64 
   607 128.3 0.0 CD1 61 
   1787 0.42 0.0 HG23 158 
   1222 0.68 0.0 HD21 110 
   1712 7.2 0.0 H 153 
   673 4.75 0.0 HA 66 
   147 9.12 0.0 H 24 
   1292 2.84 0.0 HB2 118 
   1622 8.62 0.0 H 145 
   1710 28.3 0.0 CG 152 
   917 2.37 0.0 HE3 85 
   1903 0.95 0.0 HG22 167 
   1469 27.0 0.0 CG 132 
   1047 3.51 0.0 HD3 95 
   1370 1.68 0.0 HB3 125 
   744 4.72 0.0 HA 73 
   1709 32.1 0.0 CB 152 
   1536 122.5 0.0 N 137 
   76 2.19 0.0 HB 18 
   19 1.47 0.0 HB2 13 
   616 2.1 0.0 HB2 62 
   1780 7.94 0.0 H 158 
   266 121.5 0.0 N 34 
   335 1.47 0.0 HG3 39 
   546 2.84 0.0 HE3 55 
   1653 1.22 0.0 HB3 147 
   120 13.1 0.0 CD1 21 
   1114 122.2 0.0 N 100 
   1436 1.74 0.0 HD3 130 
   1567 2.06 0.0 HB3 140 
   1969 1.65 0.0 HD3 172 
   320 2.23 0.0 HB3 38 
   770 6.92 0.0 HZ 74 
   1606 1.04 0.0 HB2 143 
   34 8.07 0.0 H 15 
   1432 2.04 0.0 HB3 130 
   43 30.1 0.0 CB 15 
   749 7.03 0.0 HE3 73 
   1751 1.43 0.0 HB2 155 
   580 2.37 0.0 HB2 59 
   1259 7.31 0.0 H 114 
   138 0.96 0.0 HG13 23 
   1405 7.06 0.0 HD2 128 
   208 8.82 0.0 H 29 
   171 1.6 0.0 HD3 25 
   1755 115.0 0.0 N 155 
   468 2.07 0.0 HB3 49 
   1372 0.13 0.0 HD11 125 
   658 27.3 0.0 CG 64 
   1548 8.76 0.0 H 139 
   277 1.01 0.0 HD23 35 
   982 0.71 0.0 HD12 90 
   1100 3.8 0.0 HD3 99 
   150 1.88 0.0 HB3 24 
   436 0.93 0.0 HD11 47 
   848 0.64 0.0 HG23 80 
   1464 1.04 0.0 HD21 132 
   1920 6.76 0.0 HE21 168 
   1598 40.4 0.0 CB 142 
   195 7.45 0.0 HD22 27 
   1394 8.77 0.0 H 127 
   900 0.64 0.0 HD22 84 
   892 4.47 0.0 HA 84 
   523 55.6 0.0 CA 53 
   1014 129.9 0.0 CE2 92 
   1263 1.17 0.0 HG22 114 
   1773 0.96 0.0 HB3 157 
   1634 42.1 0.0 CB 145 
   1702 1.82 0.0 HB2 152 
   105 7.66 0.0 H 21 
   1453 30.7 0.0 CB 131 
   1221 0.5 0.0 HD13 110 
   453 0.97 0.0 HG21 48 
   797 29.6 0.0 CD 76 
   1129 0.01 0.0 HB3 102 
   1792 30.6 0.0 CB 158 
   1992 38.6 0.0 CB 174 
   1275 18.9 0.0 CB 115 
   235 43.1 0.0 CD 31 
   2006 120.6 0.0 N 175 
   823 123.5 0.0 CH2 78 
   57 27.3 0.0 CG 16 
   860 2.85 0.0 HB2 81 
   1558 57.9 0.0 CA 139 
   830 6.96 0.0 HD1 79 
   305 2.2 0.0 HB 37 
   928 7.33 0.0 HD1 86 
   1020 2.67 0.0 HB3 93 
   1971 2.95 0.0 HE3 172 
   930 6.77 0.0 HE1 86 
   857 128.9 0.0 N 80 
   507 8.37 0.0 H 52 
   1938 1.7 0.0 HB2 170 
   1430 3.99 0.0 HA 130 
   630 115.3 0.0 N 62 
   506 118.9 0.0 N 51 
   1573 51.9 0.0 CA 140 
   1789 0.18 0.0 HD12 158 
   1474 3.57 0.0 HA 133 
   723 1.1 0.0 HG21 71 
   715 7.82 0.0 H 70 
   308 0.99 0.0 HG13 37 
   1478 9.6 0.0 HE1 133 
   7 4.11 0.0 HA 12 
   1656 120.5 0.0 N 147 
   1495 1.5 0.0 HB2 134 
   413 2.34 0.0 HB3 45 
   843 1.63 0.0 HB 80 
   985 42.8 0.0 CB 90 
   992 2.07 0.0 HB2 91 
   1086 7.33 0.0 HE2 98 
   1511 43.4 0.0 CD 135 
   1983 27.8 0.0 CB 173 
   1972 56.3 0.0 CA 172 
   1617 61.9 0.0 CA 144 
   480 3.32 0.0 HB2 50 
   910 1.51 0.0 HB2 85 
   1733 1.24 0.0 HB2 154 
   1172 5.09 0.0 HA 106 
   1156 1.26 0.0 HB 105 
   291 7.92 0.0 HZ2 36 
   551 41.8 0.0 CE 55 
   1140 61.6 0.0 CA 103 
   302 125.7 0.0 NE1 36 
   1084 7.38 0.0 HD2 98 
   1279 2.0 0.0 HB2 116 
   1235 56.4 0.0 CA 111 
   1534 20.4 0.0 CG1 137 
   1680 4.08 0.0 HA 150 
   701 24.4 0.0 CG 68 
   1666 0.92 0.0 HD22 148 
   1384 8.22 0.0 H 126 
   935 132.9 0.0 CD2 86 
   996 55.2 0.0 CA 91 
   1236 41.0 0.0 CB 111 
   990 8.61 0.0 H 91 
   1274 52.6 0.0 CA 115 
   761 127.0 0.0 NE1 73 
   816 6.84 0.0 HH2 78 
   1600 23.0 0.0 CD1 142 
   1817 1.16 0.0 HB2 161 
   1964 1.72 0.0 HB2 172 
   1358 13.5 0.0 CD1 123 
   621 5.55 0.0 HE2 62 
   721 4.41 0.0 HA 71 
   1411 114.8 0.0 N 128 
   392 28.4 0.0 CB 43 
   1952 8.55 0.0 H 171 
   497 0.78 0.0 HG12 51 
   1590 1.64 0.0 HG 142 
   281 22.8 0.0 CD1 35 
   345 1.42 0.0 HB3 40 
   772 40.5 0.0 CB 74 
   528 4.38 0.0 HA 54 
   1108 1.25 0.0 HG21 100 
   1415 3.22 0.0 HB3 129 
   285 4.72 0.0 HA 36 
   383 35.5 0.0 CG 42 
   1163 0.43 0.0 HD12 105 
   74 8.12 0.0 H 18 
   39 1.72 0.0 HG3 15 
   151 1.7 0.0 HG 24 
   719 107.1 0.0 N 70 
   1255 25.6 0.0 CG 113 
   1717 9.7 0.0 HE1 153 
   1437 2.99 0.0 HE2 130 
   2003 56.0 0.0 CA 175 
   321 2.45 0.0 HG2 38 
   520 3.26 0.0 HB3 53 
   683 7.79 0.0 HD21 67 
   1079 7.67 0.0 H 98 
   734 1.5 0.0 HG2 72 
   920 25.6 0.0 CG 85 
   1016 112.7 0.0 N 92 
   1587 3.92 0.0 HA 142 
   573 2.55 0.0 HB2 58 
   1776 57.3 0.0 CA 157 
   350 0.86 0.0 HD21 40 
   158 56.0 0.0 CA 24 
   814 7.17 0.0 HZ2 78 
   1833 3.68 0.0 HA 162 
   791 1.68 0.0 HD3 76 
   445 25.4 0.0 CD1 47 
   1105 8.2 0.0 H 100 
   1148 2.07 0.0 HG2 104 
   1701 4.25 0.0 HA 152 
   239 3.17 0.0 HB2 32 
   233 29.5 0.0 CB 31 
   1592 -0.51 0.0 HD12 142 
   576 39.1 0.0 CB 58 
   390 2.75 0.0 HG3 43 
   1866 1.45 0.0 HG2 164 
   530 3.06 0.0 HB3 54 
   132 50.7 0.0 CD 22 
   1703 2.44 0.0 HB3 152 
   908 8.45 0.0 H 85 
   1316 120.9 0.0 N 119 
   836 131.9 0.0 CD1 79 
   1173 1.34 0.0 HB1 106 
   298 114.2 0.0 CZ2 36 
   1973 32.8 0.0 CB 172 
   1240 3.79 0.0 HA3 112 
   1989 7.61 0.0 HD21 174 
   365 1.74 0.0 HD2 41 
   1875 29.2 0.0 CD 164 
   1051 50.6 0.0 CD 95 
   1616 7.71 0.0 HE1 144 
   1034 0.45 0.0 HD13 94 
   1330 1.47 0.0 HB3 122 
   191 4.6 0.0 HA 27 
   521 7.98 0.0 HD21 53 
   131 27.7 0.0 CG 22 
   267 8.01 0.0 H 35 
   136 0.96 0.0 HG11 23 
   488 131.7 0.0 CD1 50 
   411 4.15 0.0 HA 45 
   1454 27.9 0.0 CG 131 
   402 6.81 0.0 HE2 44 
   1683 1.88 0.0 HG 150 
   966 8.46 0.0 H 89 
   1730 127.7 0.0 NE1 153 
   1669 43.3 0.0 CB 148 
   1900 0.81 0.0 HG12 167 
   371 25.0 0.0 CG 41 
   3 2.76 0.0 HB3 11 
   1855 7.42 0.0 HE21 163 
   1539 1.47 0.0 HB3 138 
   563 7.52 0.0 H 57 
   1233 2.6 0.0 HB2 111 
   572 4.38 0.0 HA 58 
   1916 1.92 0.0 HB2 168 
   1535 22.9 0.0 CG2 137 
   923 121.7 0.0 N 85 
   1748 7.31 0.0 H 155 
   1850 4.04 0.0 HA 163 
   1630 0.45 0.0 HD21 145 
   753 55.4 0.0 CA 73 
   1027 1.78 0.0 HG12 94 
   1771 3.85 0.0 HA 157 
   1491 130.6 0.0 NE1 133 
   91 3.98 0.0 HB3 19 
   1131 15.4 0.0 CB 102 
   1518 7.29 0.0 HD22 136 
   907 121.8 0.0 N 84 
   289 9.86 0.0 HE1 36 
   415 2.64 0.0 HG3 45 
   1206 2.17 0.0 HB2 109 
   21 54.2 0.0 CA 13 
   1946 56.7 0.0 CA 170 
   855 17.1 0.0 CG2 80 
   1412 7.96 0.0 H 129 
   316 116.1 0.0 N 37 
   1284 2.3 0.0 HG2 117 
   203 1.47 0.0 HB2 28 
   581 2.76 0.0 HB3 59 
   262 2.42 0.0 HG3 34 
   64 1.01 0.0 HG12 17 
   1042 1.84 0.0 HB2 95 
   50 1.9 0.0 HB3 16 
   1015 127.8 0.0 CZ 92 
   1926 112.3 0.0 NE2 168 
   1976 41.8 0.0 CE 172 
   348 0.84 0.0 HD12 40 
   1252 3.12 0.0 HE3 113 
   768 7.0 0.0 HE1 74 
   955 7.18 0.0 HE1 88 
   1375 0.33 0.0 HD21 125 
   838 117.3 0.0 CE1 79 
   626 132.0 0.0 CD2 62 
   1111 67.1 0.0 CA 100 
   1311 3.21 0.0 HD3 119 
   1829 26.1 0.0 CD1 161 
   185 1.25 0.0 HG23 26 
   707 2.1 0.0 HB2 69 
   1635 26.4 0.0 CG 145 
   2005 33.7 0.0 CG 175 
   1880 4.11 0.0 HA3 165 
   686 37.3 0.0 CB 67 
   1489 123.1 0.0 CH2 133 
   1408 30.4 0.0 CB 128 
   1305 4.25 0.0 HA 119 
   1785 0.42 0.0 HG21 158 
   1632 0.45 0.0 HD23 145 
   1251 3.12 0.0 HE2 113 
   1510 27.0 0.0 CG 135 
   1545 32.6 0.0 CB 138 
   1058 0.98 0.0 HG22 96 
   775 130.0 0.0 CE1 74 
   1968 1.65 0.0 HD2 172 
   918 56.1 0.0 CA 85 
   343 3.56 0.0 HA 40 
   538 3.93 0.0 HA 55 
   1468 41.9 0.0 CB 132 
   859 4.82 0.0 HA 81 
   307 0.99 0.0 HG12 37 
   116 59.2 0.0 CA 21 
   46 121.6 0.0 N 15 
   1603 9.24 0.0 H 143 
   659 24.3 0.0 CD1 64 
   1021 52.0 0.0 CA 93 
   585 39.9 0.0 CB 59 
   820 119.9 0.0 CE3 78 
   1481 7.04 0.0 HZ3 133 
   1743 42.6 0.0 CB 154 
   1825 0.73 0.0 HD23 161 
   306 0.99 0.0 HG11 37 
   1250 1.6 0.0 HD3 113 
   1747 118.8 0.0 N 154 
   853 38.1 0.0 CB 80 
   1800 1.71 0.0 HG2 159 
   349 0.84 0.0 HD13 40 
   1150 54.1 0.0 CA 104 
   1877 115.9 0.0 N 164 
   1772 0.27 0.0 HB2 157 
   889 22.5 0.0 CD2 83 
   1450 3.64 0.0 HD2 131 
   1892 63.3 0.0 CA 166 
   78 0.94 0.0 HG12 18 
   1006 6.63 0.0 HE1 92 
   1373 0.13 0.0 HD12 125 
   377 2.27 0.0 HB2 42 
   912 1.18 0.0 HG2 85 
   1740 1.14 0.0 HD22 154 
   1088 42.0 0.0 CB 98 
   584 51.8 0.0 CA 59 
   646 5.07 0.0 HA 64 
   58 43.2 0.0 CD 16 
   1799 2.07 0.0 HB3 159 
   589 4.4 0.0 HA 60 
   730 7.61 0.0 H 72 
   1380 26.3 0.0 CG 125 
   693 1.46 0.0 HG2 68 
   1423 131.7 0.0 CD1 129 
   950 5.09 0.0 HA 88 
   1013 129.9 0.0 CE1 92 
   1288 1.89 0.0 HE3 117 
   1873 34.1 0.0 CB 164 
   1770 7.92 0.0 H 157 
   1718 7.08 0.0 HE3 153 
   71 21.1 0.0 CG1 17 
   1528 0.66 0.0 HG13 137 
   1562 41.9 0.0 CE 139 
   1577 129.7 0.0 CE1 140 
   133 8.04 0.0 H 23 
   1965 1.85 0.0 HB3 172 
   1732 3.58 0.0 HA 154 
   366 1.74 0.0 HD3 41 
   832 6.69 0.0 HE1 79 
   97 1.96 0.0 HB2 20 
   463 13.2 0.0 CD1 48 
   356 24.3 0.0 CD1 40 
   1479 7.41 0.0 HE3 133 
   1698 3.72 0.0 HA3 151 
   1422 39.5 0.0 CB 129 
   1186 0.93 0.0 HG22 107 
   1337 55.1 0.0 CA 122 
   1994 112.7 0.0 ND2 174 
   312 66.4 0.0 CA 37 
   1127 0.01 0.0 HB1 102 
   1004 6.51 0.0 HD1 92 
   631 8.75 0.0 H 63 
   1905 0.85 0.0 HD11 167 
   1857 58.8 0.0 CA 163 
   81 1.01 0.0 HG22 18 
   735 1.63 0.0 HG3 72 
   939 8.12 0.0 H 87 
   1570 6.77 0.0 HE1 140 
   888 25.2 0.0 CD1 83 
   1248 1.36 0.0 HG3 113 
   381 59.1 0.0 CA 42 
   134 4.44 0.0 HA 23 
   466 4.23 0.0 HA 49 
   125 2.1 0.0 HG2 22 
   288 7.34 0.0 HD1 36 
   1828 26.2 0.0 CG 161 
   1775 1.28 0.0 HG3 157 
   1738 0.88 0.0 HD13 154 
   355 26.0 0.0 CG 40 
   1774 0.82 0.0 HG2 157 
   1746 27.6 0.0 CD2 154 
   1425 129.8 0.0 CE1 129 
   1823 0.73 0.0 HD21 161 
   376 4.12 0.0 HA 42 
   728 23.0 0.0 CG2 71 
   1231 7.36 0.0 H 111 
   1063 64.5 0.0 CA 96 
   1501 4.14 0.0 HA 135 
   789 1.57 0.0 HG3 76 
   1151 30.1 0.0 CB 104 
   1882 108.0 0.0 N 165 
   503 31.5 0.0 CB 51 
   214 1.05 0.0 HB2 30 
   1888 1.0 0.0 HG13 166 
   1336 2.91 0.0 HE3 122 
   1036 36.4 0.0 CB 94 
   1984 120.4 0.0 N 173 
   75 3.81 0.0 HA 18 
   959 42.6 0.0 CB 88 
   1106 4.12 0.0 HA 100 
   517 8.47 0.0 H 53 
   978 1.02 0.0 HG21 90 
   1083 7.86 0.0 HD1 98 
   1662 0.8 0.0 HD11 148 
   1071 4.67 0.0 HB 97 
   1848 120.1 0.0 N 162 
   103 36.3 0.0 CG 20 
   674 0.91 0.0 HB2 66 
   10 2.32 0.0 HG2 12 
   1023 118.3 0.0 N 93 
   1841 0.01 0.0 HD12 162 
   695 1.69 0.0 HD2 68 
   660 24.2 0.0 CD2 64 
   513 59.7 0.0 CA 52 
   41 3.21 0.0 HD3 15 
   784 8.54 0.0 H 76 
   627 133.7 0.0 CE1 62 
   964 128.3 0.0 CZ 88 
   13 29.4 0.0 CB 12 
   482 7.26 0.0 HD1 50 
   1433 1.42 0.0 HG2 130 
   1527 0.66 0.0 HG12 137 
   1739 1.14 0.0 HD21 154 
   829 3.01 0.0 HB3 79 
   1200 66.4 0.0 CA 108 
   1492 8.33 0.0 H 134 
   142 61.6 0.0 CA 23 
   696 1.69 0.0 HD3 68 
   1727 119.6 0.0 CZ3 153 
   960 131.7 0.0 CD1 88 
   680 4.76 0.0 HA 67 
   1387 1.41 0.0 HG21 126 
   733 1.73 0.0 HB3 72 
   688 110.7 0.0 ND2 67 
   1098 1.77 0.0 HG3 99 
   101 56.0 0.0 CA 20 
   1220 0.5 0.0 HD12 110 
   373 42.2 0.0 CE 41 
   1955 2.09 0.0 HB3 171 
   1033 0.45 0.0 HD12 94 
   483 7.26 0.0 HD2 50 
   128 4.08 0.0 HD3 22 
   1215 4.34 0.0 HA 110 
   143 32.8 0.0 CB 23 
   694 1.46 0.0 HG3 68 
   87 118.3 0.0 N 18 
   856 12.7 0.0 CD1 80 
   1589 1.6 0.0 HB3 142 
   516 119.7 0.0 N 52 
   1661 1.64 0.0 HG 148 
   1513 7.18 0.0 H 136 
   1602 125.0 0.0 N 142 
   249 1.85 0.0 HG3 33 
   1407 57.1 0.0 CA 128 
   1155 3.79 0.0 HA 105 
   1434 1.72 0.0 HG3 130 
   410 8.21 0.0 H 45 
   1894 21.8 0.0 CG1 166 
   1610 120.1 0.0 N 143 
   962 129.6 0.0 CE1 88 
   252 58.8 0.0 CA 33 
   121 122.5 0.0 N 21 
   1376 0.33 0.0 HD22 125 
   1815 7.82 0.0 H 161 
   407 117.8 0.0 CE1 44 
   628 133.7 0.0 CE2 62 
   248 1.72 0.0 HG2 33 
   1700 105.7 0.0 N 151 
   490 118.8 0.0 CE1 50 
   1356 24.8 0.0 CG1 123 
   219 3.47 0.0 HD3 30 
   786 1.44 0.0 HB2 76 
   313 31.3 0.0 CB 37 
   1593 -0.51 0.0 HD13 142 
   852 59.6 0.0 CA 80 
   827 4.84 0.0 HA 79 
   1319 3.69 0.0 HA3 120 
   525 119.5 0.0 N 53 
   1085 6.93 0.0 HE1 98 
   461 29.8 0.0 CG1 48 
   1636 25.8 0.0 CD1 145 
   1162 0.43 0.0 HD11 105 
   1091 118.2 0.0 CE1 98 
   1588 0.74 0.0 HB2 142 
   904 25.9 0.0 CG 84 
   1913 112.3 0.0 N 167 
   408 117.8 0.0 CE2 44 
   1835 0.32 0.0 HG12 162 
   1191 22.2 0.0 CG2 107 
   937 117.5 0.0 CE2 86 
   1650 4.49 0.0 HA 147 
   1443 41.8 0.0 CE 130 
   810 3.29 0.0 HB3 78 
   1925 121.6 0.0 N 168 
   456 0.92 0.0 HD11 48 
   1130 49.7 0.0 CA 102 
   1070 4.43 0.0 HA 97 
   1257 42.5 0.0 CE 113 
   751 6.65 0.0 HZ3 73 
   1447 2.29 0.0 HB3 131 
   192 2.32 0.0 HB2 27 
   504 23.6 0.0 CG1 51 
   370 32.0 0.0 CB 41 
   1745 23.0 0.0 CD1 154 
   1293 3.08 0.0 HB3 118 
   1267 20.7 0.0 CG2 114 
   112 0.18 0.0 HG23 21 
   1843 65.1 0.0 CA 162 
   1804 66.3 0.0 CA 159 
   1237 119.9 0.0 N 111 
   454 0.97 0.0 HG22 48 
   1435 1.73 0.0 HD2 130 
   1059 0.98 0.0 HG23 96 
   1363 2.78 0.0 HB3 124 
   1137 1.47 0.0 HG3 103 
   1208 2.43 0.0 HG2 109 
   593 40.5 0.0 CB 60 
   1247 1.3 0.0 HG2 113 
   1473 8.49 0.0 H 133 
   1644 2.21 0.0 HG3 146 
   1981 2.88 0.0 HB3 173 
   893 0.6 0.0 HB2 84 
   1310 3.21 0.0 HD2 119 
   1303 117.4 0.0 CE2 118 
   1074 1.17 0.0 HG23 97 
   405 131.7 0.0 CD1 44 
   835 44.0 0.0 CB 79 
   222 27.2 0.0 CG 30 
   1584 44.0 0.0 CA 141 
   1039 8.7 0.0 CD1 94 
   404 37.9 0.0 CB 44 
   1749 3.86 0.0 HA 155 
   1179 8.02 0.0 H 107 
   1933 30.1 0.0 CB 169 
   862 7.19 0.0 HD2 81 
   682 3.59 0.0 HB3 67 
   712 29.6 0.0 CB 69 
   1736 0.88 0.0 HD11 154 
   1068 118.2 0.0 N 96 
   427 5.22 0.0 HG 46 
   1506 3.11 0.0 HD2 135 
   1212 36.8 0.0 CG 109 
   708 2.23 0.0 HB3 69 
   533 55.3 0.0 CA 54 
   840 121.1 0.0 N 79 
   360 4.16 0.0 HA 41 
   1991 53.2 0.0 CA 174 
   909 4.75 0.0 HA 85 
   257 9.25 0.0 H 34 
   1853 2.49 0.0 HG2 163 
   1879 3.97 0.0 HA2 165 
   596 4.27 0.0 HA 61 
   301 121.6 0.0 N 36 
   1949 29.2 0.0 CD 170 
   736 3.09 0.0 HD2 72 
   250 3.34 0.0 HD2 33 
   428 62.8 0.0 CA 46 
   1845 29.2 0.0 CG1 162 
   1089 132.8 0.0 CD1 98 
   2000 2.31 0.0 HG3 175 
   315 22.1 0.0 CG2 37 
   703 41.8 0.0 CE 68 
   788 1.43 0.0 HG2 76 
   1366 121.7 0.0 N 124 
   155 1.18 0.0 HD21 24 
   176 24.6 0.0 CG 25 
   1001 4.95 0.0 HA 92 
   319 2.23 0.0 HB2 38 
   204 1.47 0.0 HB3 28 
   178 41.8 0.0 CE 25 
   971 41.3 0.0 CB 89 
   1475 2.49 0.0 HB2 133 
   1359 117.1 0.0 N 123 
   1821 0.66 0.0 HD12 161 
   1699 49.3 0.0 CA 151 
   1566 1.98 0.0 HB2 140 
   1585 112.9 0.0 N 141 
   766 6.87 0.0 HD1 74 
   720 8.33 0.0 H 71 
   1502 1.71 0.0 HB2 135 
   1831 118.0 0.0 N 161 
   1805 30.6 0.0 CB 159 
   1482 7.06 0.0 HH2 133 
   1932 57.3 0.0 CA 169 
   1713 4.06 0.0 HA 153 
   304 3.36 0.0 HA 37 
   1024 8.43 0.0 H 94 
   333 2.31 0.0 HB3 39 
   346 0.96 0.0 HG 40 
   1185 0.93 0.0 HG21 107 
   296 127.0 0.0 CD1 36 
   1420 6.93 0.0 HZ 129 
   156 1.18 0.0 HD22 24 
   1569 6.2 0.0 HD2 140 
   455 0.97 0.0 HG23 48 
   870 2.87 0.0 HB3 82 
   1112 67.9 0.0 CB 100 
   1266 68.6 0.0 CB 114 
   1759 0.75 0.0 HG11 156 
   519 3.0 0.0 HB2 53 
   642 26.9 0.0 CG 63 
   2007 112.3 0.0 NE2 175 
   724 1.1 0.0 HG22 71 
   1997 1.94 0.0 HB2 175 
   947 37.4 0.0 CG 87 
   1331 1.04 0.0 HG2 122 
   221 31.7 0.0 CB 30 
   557 7.04 0.0 HD21 56 
   765 3.22 0.0 HB3 74 
   873 131.6 0.0 N 82 
   1243 8.33 0.0 H 113 
   705 8.77 0.0 H 69 
   1090 133.8 0.0 CD2 98 
   878 1.45 0.0 HG 83 
   894 1.93 0.0 HB3 84 
   1620 136.3 0.0 CE1 144 
   903 43.1 0.0 CB 84 
   1793 28.2 0.0 CG1 158 
   834 57.7 0.0 CA 79 
   44 27.3 0.0 CG 15 
   1268 110.1 0.0 N 114 
   1624 1.42 0.0 HB2 145 
   636 1.74 0.0 HG3 63 
   229 1.65 0.0 HG3 31 
   1628 -0.05 0.0 HD12 145 
   1441 26.5 0.0 CG 130 
   1314 27.1 0.0 CG 119 
   1526 0.66 0.0 HG11 137 
   1532 60.5 0.0 CA 137 
   590 2.19 0.0 HB2 60 
   1758 1.8 0.0 HB 156 
   268 4.34 0.0 HA 35 
   1658 4.51 0.0 HA 148 
   388 2.34 0.0 HB3 43 
   1514 4.26 0.0 HA 136 
   547 60.5 0.0 CA 55 
   67 1.1 0.0 HG22 17 
   398 3.25 0.0 HB3 44 
   1094 3.55 0.0 HA 99 
   1820 0.66 0.0 HD11 161 
   919 34.2 0.0 CB 85 
   591 2.96 0.0 HB3 60 
   1289 36.0 0.0 CG 117 
   1462 0.93 0.0 HD12 132 
   1623 4.15 0.0 HA 145 
   364 1.73 0.0 HG3 41 
   326 28.0 0.0 CB 38 
   484 6.97 0.0 HE1 50 
   1560 25.7 0.0 CG 139 
   1183 0.58 0.0 HG12 107 
   1768 21.8 0.0 CG2 156 
   1192 119.5 0.0 N 107 
   16 8.44 0.0 H 13 
   745 1.04 0.0 HB2 73 
   424 4.12 0.0 HA 46 
   1313 30.5 0.0 CB 119 
   1461 0.93 0.0 HD11 132 
   1642 2.46 0.0 HB3 146 
   1201 32.3 0.0 CB 108 
   361 2.06 0.0 HB2 41 
   311 1.13 0.0 HG23 37 
   137 0.96 0.0 HG12 23 
   574 3.11 0.0 HB3 58 
   1643 2.21 0.0 HG2 146 
   864 34.3 0.0 CB 81 
   1226 42.1 0.0 CB 110 
   1651 1.22 0.0 HB1 147 
   1889 1.0 0.0 HG21 166 
   1049 32.4 0.0 CB 95 
   583 7.7 0.0 HD22 59 
   152 1.0 0.0 HD11 24 
   1064 37.7 0.0 CB 96 
   637 3.25 0.0 HD2 63 
   560 38.1 0.0 CB 56 
   1688 1.16 0.0 HD22 150 
   1092 116.0 0.0 CE2 98 
   1142 27.9 0.0 CG 103 
   1333 1.6 0.0 HD2 122 
   738 56.1 0.0 CA 72 
   38 1.59 0.0 HG2 15 
   96 4.35 0.0 HA 20 
   566 1.5 0.0 HB2 57 
   617 2.5 0.0 HB3 62 
   1061 0.87 0.0 HD12 96 
   785 5.61 0.0 HA 76 
   86 22.0 0.0 CG2 18 
   599 7.87 0.0 HD1 61 
   111 0.18 0.0 HG22 21 
   902 53.6 0.0 CA 84 
   1899 1.86 0.0 HB 167 
   672 7.8 0.0 H 66 
   1942 1.6 0.0 HD2 170 
   471 3.37 0.0 HD2 49 
   493 8.77 0.0 H 51 
   1160 0.67 0.0 HG22 105 
   127 3.72 0.0 HD2 22 
   657 48.2 0.0 CB 64 
   486 58.8 0.0 CA 50 
   1077 22.0 0.0 CG2 97 
   1685 0.87 0.0 HD12 150 
   1399 40.2 0.0 CB 127 
   649 1.83 0.0 HG 64 
   1480 7.26 0.0 HZ2 133 
   1152 35.9 0.0 CG 104 
   141 1.13 0.0 HG23 23 
   300 122.2 0.0 CH2 36 
   564 4.51 0.0 HA 57 
   363 1.45 0.0 HG2 41 
   145 22.0 0.0 CG2 23 
   1328 4.58 0.0 HA 122 
   983 0.71 0.0 HD13 90 
   634 1.82 0.0 HB3 63 
   1654 55.8 0.0 CA 147 
   1540 1.25 0.0 HG2 138 
   1608 55.6 0.0 CA 143 
   1846 16.7 0.0 CG2 162 
