   431 8.42 0.0 H 47 
   1845 29.2 0.0 CG1 162 
   1698 3.72 0.0 HA3 151 
   570 121.1 0.0 N 57 
   303 7.5 0.0 H 37 
   1040 121.6 0.0 N 94 
   697 3.0 0.0 HE2 68 
   1363 2.78 0.0 HB3 124 
   1505 1.72 0.0 HG3 135 
   297 122.1 0.0 CE3 36 
   509 2.1 0.0 HB2 52 
   522 6.74 0.0 HD22 53 
   1440 29.7 0.0 CB 130 
   666 1.89 0.0 HG2 65 
   617 2.5 0.0 HB3 62 
   1091 118.2 0.0 CE1 98 
   1772 0.27 0.0 HB2 157 
   1464 1.04 0.0 HD21 132 
   1292 2.84 0.0 HB2 118 
   51 1.6 0.0 HG2 16 
   1649 8.35 0.0 H 147 
   83 64.2 0.0 CA 18 
   1423 131.7 0.0 CD1 129 
   585 39.9 0.0 CB 59 
   1179 8.02 0.0 H 107 
   842 5.13 0.0 HA 80 
   1427 129.2 0.0 CZ 129 
   1373 0.13 0.0 HD12 125 
   1089 132.8 0.0 CD1 98 
   1441 26.5 0.0 CG 130 
   662 8.9 0.0 H 65 
   1813 41.7 0.0 CB 160 
   714 115.4 0.0 N 69 
   1920 6.76 0.0 HE21 168 
   198 128.7 0.0 N 27 
   222 27.2 0.0 CG 30 
   1930 2.88 0.0 HB3 169 
   966 8.46 0.0 H 89 
   1939 1.7 0.0 HB3 170 
   119 17.2 0.0 CG2 21 
   1962 8.44 0.0 H 172 
   627 133.7 0.0 CE1 62 
   785 5.61 0.0 HA 76 
   1541 1.72 0.0 HG3 138 
   1515 0.92 0.0 HB2 136 
   1773 0.96 0.0 HB3 157 
   1870 2.92 0.0 HE2 164 
   888 25.2 0.0 CD1 83 
   1228 25.1 0.0 CD1 110 
   700 31.8 0.0 CB 68 
   94 116.9 0.0 N 19 
   1011 131.3 0.0 CD1 92 
   1527 0.66 0.0 HG12 137 
   279 42.7 0.0 CB 35 
   1064 37.7 0.0 CB 96 
   595 7.49 0.0 H 61 
   412 2.23 0.0 HB2 45 
   1835 0.32 0.0 HG12 162 
   269 1.46 0.0 HB2 35 
   1328 4.58 0.0 HA 122 
   1661 1.64 0.0 HG 148 
   137 0.96 0.0 HG12 23 
   544 1.6 0.0 HD3 55 
   1902 0.95 0.0 HG21 167 
   469 1.74 0.0 HG2 49 
   318 4.09 0.0 HA 38 
   1884 4.04 0.0 HA 166 
   1075 60.5 0.0 CA 97 
   936 117.5 0.0 CE1 86 
   11 2.32 0.0 HG3 12 
   1827 41.4 0.0 CB 161 
   867 9.03 0.0 H 82 
   554 4.54 0.0 HA 56 
   1874 26.3 0.0 CG 164 
   1207 2.39 0.0 HB3 109 
   1639 7.93 0.0 H 146 
   1701 4.25 0.0 HA 152 
   312 66.4 0.0 CA 37 
   675 2.44 0.0 HB3 66 
   143 32.8 0.0 CB 23 
   309 1.13 0.0 HG21 37 
   355 26.0 0.0 CG 40 
   1986 4.67 0.0 HA 174 
   1020 2.67 0.0 HB3 93 
   1818 1.9 0.0 HB3 161 
   25 4.07 0.0 HA 14 
   1651 1.22 0.0 HB1 147 
   934 132.9 0.0 CD1 86 
   373 42.2 0.0 CE 41 
   107 1.29 0.0 HB 21 
   623 57.0 0.0 CA 62 
   489 131.7 0.0 CD2 50 
   1267 20.7 0.0 CG2 114 
   1907 0.85 0.0 HD13 167 
   1355 37.5 0.0 CB 123 
   1191 22.2 0.0 CG2 107 
   242 40.8 0.0 CB 32 
   1259 7.31 0.0 H 114 
   501 0.8 0.0 HG23 51 
   1591 -0.51 0.0 HD11 142 
   1345 0.37 0.0 HB 123 
   310 1.13 0.0 HG22 37 
   898 0.41 0.0 HD13 84 
   1580 113.4 0.0 N 140 
   1074 1.17 0.0 HG23 97 
   439 0.98 0.0 HD21 47 
   1436 1.74 0.0 HD3 130 
   236 116.8 0.0 N 31 
   1300 132.5 0.0 CD1 118 
   1374 0.13 0.0 HD13 125 
   880 0.82 0.0 HD12 83 
   1467 57.9 0.0 CA 132 
   193 3.25 0.0 HB3 27 
   982 0.71 0.0 HD12 90 
   1788 0.18 0.0 HD11 158 
   1372 0.13 0.0 HD11 125 
   1112 67.9 0.0 CB 100 
   161 27.0 0.0 CD1 24 
   354 41.3 0.0 CB 40 
   485 6.97 0.0 HE2 50 
   1031 0.7 0.0 HG23 94 
   1775 1.28 0.0 HG3 157 
   1923 31.6 0.0 CB 168 
   402 6.81 0.0 HE2 44 
   1732 3.58 0.0 HA 154 
   250 3.34 0.0 HD2 33 
   1285 2.4 0.0 HG3 117 
   1843 65.1 0.0 CA 162 
   1650 4.49 0.0 HA 147 
   1935 122.1 0.0 N 169 
   1760 0.75 0.0 HG12 156 
   1126 3.87 0.0 HA 102 
   1391 69.5 0.0 CB 126 
   1351 -0.19 0.0 HD11 123 
   1706 3.08 0.0 HD2 152 
   643 42.6 0.0 CD 63 
   1861 111.2 0.0 NE2 163 
   1123 21.0 0.0 CG2 101 
   1462 0.93 0.0 HD12 132 
   767 6.87 0.0 HD2 74 
   1678 107.1 0.0 N 149 
   220 63.2 0.0 CA 30 
   727 69.3 0.0 CB 71 
   1329 1.25 0.0 HB2 122 
   301 121.6 0.0 N 36 
   1076 67.7 0.0 CB 97 
   1019 2.51 0.0 HB2 93 
   1049 32.4 0.0 CB 95 
   166 1.76 0.0 HB2 25 
   733 1.73 0.0 HB3 72 
   639 7.37 0.0 HE 63 
   903 43.1 0.0 CB 84 
   1734 2.04 0.0 HB3 154 
   1872 56.9 0.0 CA 164 
   619 5.47 0.0 HD2 62 
   1575 127.3 0.0 CD1 140 
   156 1.18 0.0 HD22 24 
   1915 4.83 0.0 HA 168 
   1303 117.4 0.0 CE2 118 
   1309 1.68 0.0 HG3 119 
   1066 18.1 0.0 CG2 96 
   765 3.22 0.0 HB3 74 
   398 3.25 0.0 HB3 44 
   1054 1.9 0.0 HB 96 
   672 7.8 0.0 H 66 
   364 1.73 0.0 HG3 41 
   1420 6.93 0.0 HZ 129 
   814 7.17 0.0 HZ2 78 
   1215 4.34 0.0 HA 110 
   1471 26.2 0.0 CD2 132 
   452 1.86 0.0 HG13 48 
   1319 3.69 0.0 HA3 120 
   1234 2.72 0.0 HB3 111 
   274 0.91 0.0 HD13 35 
   1342 118.4 0.0 N 122 
   434 2.21 0.0 HB3 47 
   1502 1.71 0.0 HB2 135 
   589 4.4 0.0 HA 60 
   1966 1.35 0.0 HG2 172 
   1879 3.97 0.0 HA2 165 
   383 35.5 0.0 CG 42 
   961 131.7 0.0 CD2 88 
   1631 0.45 0.0 HD22 145 
   1015 127.8 0.0 CZ 92 
   1257 42.5 0.0 CE 113 
   275 1.01 0.0 HD21 35 
   1720 6.36 0.0 HZ3 153 
   1507 3.11 0.0 HD3 135 
   958 56.0 0.0 CA 88 
   1753 53.8 0.0 CA 155 
   1800 1.71 0.0 HG2 159 
   1806 28.7 0.0 CG 159 
   185 1.25 0.0 HG23 26 
   1985 8.55 0.0 H 174 
   1092 116.0 0.0 CE2 98 
   2005 33.7 0.0 CG 175 
   673 4.75 0.0 HA 66 
   382 29.2 0.0 CB 42 
   1331 1.04 0.0 HG2 122 
   1443 41.8 0.0 CE 130 
