   585 39.9 0.0 CB 59 
   693 1.46 0.0 HG2 68 
   825 131.3 0.0 NE1 78 
   1564 6.28 0.0 H 140 
   8 2.03 0.0 HB2 12 
   282 25.2 0.0 CD2 35 
   71 21.1 0.0 CG1 17 
   565 1.5 0.0 HB1 57 
   478 8.25 0.0 H 50 
   536 104.6 0.0 ND2 54 
   1015 127.8 0.0 CZ 92 
   385 8.98 0.0 H 43 
   200 7.02 0.0 H 28 
   1590 1.64 0.0 HG 142 
   212 107.0 0.0 N 29 
   1484 27.6 0.0 CB 133 
   529 3.06 0.0 HB2 54 
   814 7.17 0.0 HZ2 78 
   1922 54.4 0.0 CA 168 
   1820 0.66 0.0 HD11 161 
   1235 56.4 0.0 CA 111 
   204 1.47 0.0 HB3 28 
   1671 26.1 0.0 CD1 148 
   1173 1.34 0.0 HB1 106 
   1 4.65 0.0 HA 11 
   1371 1.35 0.0 HG 125 
   906 24.8 0.0 CD2 84 
   1407 57.1 0.0 CA 128 
   476 42.2 0.0 CD 49 
   274 0.91 0.0 HD13 35 
   1893 32.2 0.0 CB 166 
   835 44.0 0.0 CB 79 
   1379 41.7 0.0 CB 125 
   1012 131.3 0.0 CD2 92 
   134 4.44 0.0 HA 23 
   881 0.82 0.0 HD13 83 
   145 22.0 0.0 CG2 23 
   1866 1.45 0.0 HG2 164 
   894 1.93 0.0 HB3 84 
   1808 6.55 0.0 H 160 
   1657 8.89 0.0 H 148 
   1888 1.0 0.0 HG13 166 
   1044 1.84 0.0 HG2 95 
   1792 30.6 0.0 CB 158 
   2007 112.3 0.0 NE2 175 
   523 55.6 0.0 CA 53 
   1598 40.4 0.0 CB 142 
   1713 4.06 0.0 HA 153 
   613 127.8 0.0 NE1 61 
   827 4.84 0.0 HA 79 
   367 2.96 0.0 HE2 41 
   1002 2.77 0.0 HB2 92 
   1078 103.6 0.0 N 97 
   1848 120.1 0.0 N 162 
   1865 2.04 0.0 HB3 164 
   991 5.29 0.0 HA 91 
   1229 22.5 0.0 CD2 110 
   248 1.72 0.0 HG2 33 
   1101 62.8 0.0 CA 99 
   519 3.0 0.0 HB2 53 
   1134 0.87 0.0 HB2 103 
   1659 1.74 0.0 HB2 148 
   1037 26.8 0.0 CG1 94 
   67 1.1 0.0 HG22 17 
   1317 8.98 0.0 H 120 
   1803 3.0 0.0 HD3 159 
   1749 3.86 0.0 HA 155 
   199 107.7 0.0 ND2 27 
   1453 30.7 0.0 CB 131 
   331 4.12 0.0 HA 39 
   742 123.7 0.0 N 72 
   1902 0.95 0.0 HG21 167 
   555 2.93 0.0 HB2 56 
   1978 8.4 0.0 H 173 
   419 28.3 0.0 CB 45 
   1056 1.48 0.0 HG13 96 
   1849 8.1 0.0 H 163 
   102 30.1 0.0 CB 20 
   1561 29.3 0.0 CD 139 
   1409 120.2 0.0 CD2 128 
   1466 1.04 0.0 HD23 132 
   371 25.0 0.0 CG 41 
   1770 7.92 0.0 H 157 
   833 6.69 0.0 HE2 79 
   304 3.36 0.0 HA 37 
   764 3.1 0.0 HB2 74 
   70 32.2 0.0 CB 17 
   253 28.7 0.0 CB 33 
   413 2.34 0.0 HB3 45 
   1930 2.88 0.0 HB3 169 
   1944 2.96 0.0 HE2 170 
   1516 1.28 0.0 HB3 136 
   22 18.5 0.0 CB 13 
   876 1.57 0.0 HB2 83 
   541 1.31 0.0 HG2 55 
   189 121.3 0.0 N 26 
   246 2.0 0.0 HB2 33 
   258 4.24 0.0 HA 34 
   144 18.2 0.0 CG1 23 
   1583 4.14 0.0 HA3 141 
   527 8.75 0.0 H 54 
   551 41.8 0.0 CE 55 
   1784 1.49 0.0 HG13 158 
   448 8.86 0.0 H 48 
   1040 121.6 0.0 N 94 
   1199 3.77 0.0 HD3 108 
   1011 131.3 0.0 CD1 92 
   320 2.23 0.0 HB3 38 
   1457 3.95 0.0 HA 132 
   1913 112.3 0.0 N 167 
   639 7.37 0.0 HE 63 
   1528 0.66 0.0 HG13 137 
   181 3.89 0.0 HA 26 
   409 118.4 0.0 N 44 
   2001 7.5 0.0 HE21 175 
   1093 128.0 0.0 N 98 
   912 1.18 0.0 HG2 85 
   1076 67.7 0.0 CB 97 
   1404 3.23 0.0 HB3 128 
   1886 1.0 0.0 HG11 166 
   516 119.7 0.0 N 52 
   837 131.9 0.0 CD2 79 
   1191 22.2 0.0 CG2 107 
   515 36.4 0.0 CG 52 
   1949 29.2 0.0 CD 170 
   319 2.23 0.0 HB2 38 
   1250 1.6 0.0 HD3 113 
   1536 122.5 0.0 N 137 
   1439 62.3 0.0 CA 130 
   117 39.1 0.0 CB 21 
   1775 1.28 0.0 HG3 157 
   297 122.1 0.0 CE3 36 
   273 0.91 0.0 HD12 35 
   1038 16.8 0.0 CG2 94 
   1733 1.24 0.0 HB2 154 
   1979 4.42 0.0 HA 173 
   919 34.2 0.0 CB 85 
   605 56.9 0.0 CA 61 
   89 4.33 0.0 HA 19 
   1977 122.0 0.0 N 172 
   1013 129.9 0.0 CE1 92 
   606 29.6 0.0 CB 61 
   1560 25.7 0.0 CG 139 
   1088 42.0 0.0 CB 98 
   1593 -0.51 0.0 HD13 142 
   1626 1.11 0.0 HG 145 
   225 4.34 0.0 HA 31 
   1252 3.12 0.0 HE3 113 
   328 118.6 0.0 N 38 
   989 113.7 0.0 N 90 
   77 0.94 0.0 HG11 18 
   507 8.37 0.0 H 52 
   421 117.4 0.0 N 45 
   1881 45.6 0.0 CA 165 
   1939 1.7 0.0 HB3 170 
   1707 3.6 0.0 HD3 152 
   1823 0.73 0.0 HD21 161 
   895 1.54 0.0 HG 84 
   1455 50.3 0.0 CD 131 
   1000 8.46 0.0 H 92 
   1418 6.99 0.0 HE1 129 
   778 117.0 0.0 N 74 
   1515 0.92 0.0 HB2 136 
   1463 0.93 0.0 HD13 132 
   1924 33.7 0.0 CG 168 
   1552 1.26 0.0 HG2 139 
   1401 7.93 0.0 H 128 
   972 122.9 0.0 N 89 
   1938 1.7 0.0 HB2 170 
   1232 4.44 0.0 HA 111 
   1047 3.51 0.0 HD3 95 
   1715 3.56 0.0 HB3 153 
   841 8.07 0.0 H 80 
   594 120.0 0.0 N 60 
   691 1.81 0.0 HB2 68 
   1391 69.5 0.0 CB 126 
   886 39.8 0.0 CB 83 
   1406 8.19 0.0 HE1 128 
   1496 1.5 0.0 HB3 134 
   625 132.0 0.0 CD1 62 
   99 2.21 0.0 HG2 20 
   445 25.4 0.0 CD1 47 
   1829 26.1 0.0 CD1 161 
   1764 0.93 0.0 HG23 156 
   1449 2.12 0.0 HG3 131 
   1968 1.65 0.0 HD2 172 
   110 0.18 0.0 HG21 21 
   1097 1.5 0.0 HG2 99 
   544 1.6 0.0 HD3 55 
   471 3.37 0.0 HD2 49 
   539 1.91 0.0 HB2 55 
   820 119.9 0.0 CE3 78 
   1508 57.0 0.0 CA 135 
   1067 13.2 0.0 CD1 96 
   1806 28.7 0.0 CG 159 
   1032 0.45 0.0 HD11 94 
   400 7.33 0.0 HD2 44 
   234 27.1 0.0 CG 31 
   1967 1.43 0.0 HG3 172 
   1962 8.44 0.0 H 172 
   414 2.54 0.0 HG2 45 
   1555 1.62 0.0 HD3 139 
   425 3.98 0.0 HB2 46 
   1061 0.87 0.0 HD12 96 
   1237 119.9 0.0 N 111 
   846 0.64 0.0 HG21 80 
   670 36.3 0.0 CG 65 
   658 27.3 0.0 CG 64 
   74 8.12 0.0 H 18 
   1162 0.43 0.0 HD11 105 
   88 8.07 0.0 H 19 
   1168 17.5 0.0 CG2 105 
   357 24.3 0.0 CD2 40 
   1919 2.35 0.0 HG3 168 
   1929 2.59 0.0 HB2 169 
   1771 3.85 0.0 HA 157 
   1214 7.93 0.0 H 110 
   430 114.9 0.0 N 46 
   1923 31.6 0.0 CB 168 
   237 8.17 0.0 H 32 
   1544 64.6 0.0 CA 138 
   269 1.46 0.0 HB2 35 
   1589 1.6 0.0 HB3 142 
   1895 21.8 0.0 CG2 166 
   201 4.74 0.0 HA 28 
   1124 114.3 0.0 N 101 
   568 51.2 0.0 CA 57 
   722 4.57 0.0 HB 71 
   1933 30.1 0.0 CB 169 
   580 2.37 0.0 HB2 59 
   1261 4.2 0.0 HB 114 
   663 4.51 0.0 HA 65 
   312 66.4 0.0 CA 37 
   1372 0.13 0.0 HD11 125 
   944 2.0 0.0 HG3 87 
   517 8.47 0.0 H 53 
   904 25.9 0.0 CG 84 
   168 1.29 0.0 HG2 25 
   1956 2.2 0.0 HG2 171 
   1106 4.12 0.0 HA 100 
   822 120.5 0.0 CZ3 78 
   1883 7.79 0.0 H 166 
   1769 113.1 0.0 N 156 
   880 0.82 0.0 HD12 83 
   353 57.5 0.0 CA 40 
   692 1.89 0.0 HB3 68 
   738 56.1 0.0 CA 72 
   1156 1.26 0.0 HB 105 
   751 6.65 0.0 HZ3 73 
   694 1.46 0.0 HG3 68 
   1482 7.06 0.0 HH2 133 
   1499 117.9 0.0 N 134 
   1678 107.1 0.0 N 149 
   1288 1.89 0.0 HE3 117 
   1174 1.34 0.0 HB2 106 
   520 3.26 0.0 HB3 53 
   1233 2.6 0.0 HB2 111 
   214 1.05 0.0 HB2 30 
   554 4.54 0.0 HA 56 
   1245 1.76 0.0 HB2 113 
   582 6.69 0.0 HD21 59 
   938 129.3 0.0 N 86 
   557 7.04 0.0 HD21 56 
   842 5.13 0.0 HA 80 
   1126 3.87 0.0 HA 102 
   1670 27.0 0.0 CG 148 
   545 2.84 0.0 HE2 55 
   1149 2.24 0.0 HG3 104 
   1340 28.9 0.0 CD 122 
   372 29.5 0.0 CD 41 
   1857 58.8 0.0 CA 163 
   1693 23.0 0.0 CD1 150 
   631 8.75 0.0 H 63 
   879 0.82 0.0 HD11 83 
   153 1.0 0.0 HD12 24 
   1782 1.56 0.0 HB 158 
   376 4.12 0.0 HA 42 
   603 6.87 0.0 HZ3 61 
   1297 6.74 0.0 HE2 118 
   1594 0.37 0.0 HD21 142 
   1414 3.1 0.0 HB2 129 
   1314 27.1 0.0 CG 119 
   407 117.8 0.0 CE1 44 
   994 2.13 0.0 HG2 91 
   1513 7.18 0.0 H 136 
   953 7.16 0.0 HD1 88 
   1871 2.92 0.0 HE3 164 
   718 46.2 0.0 CA 70 
   871 55.4 0.0 CA 82 
   948 122.6 0.0 N 87 
   583 7.7 0.0 HD22 59 
   1858 27.9 0.0 CB 163 
   900 0.64 0.0 HD22 84 
   17 4.21 0.0 HA 13 
   660 24.2 0.0 CD2 64 
   1096 2.2 0.0 HB3 99 
   1649 8.35 0.0 H 147 
   1413 4.07 0.0 HA 129 
   1834 1.39 0.0 HB 162 
   1916 1.92 0.0 HB2 168 
   897 0.41 0.0 HD12 84 
   1813 41.7 0.0 CB 160 
   1779 117.5 0.0 N 157 
   649 1.83 0.0 HG 64 
   1729 118.4 0.0 N 153 
   401 6.81 0.0 HE1 44 
   1070 4.43 0.0 HA 97 
   101 56.0 0.0 CA 20 
   530 3.06 0.0 HB3 54 
   1523 6.64 0.0 H 137 
   1387 1.41 0.0 HG21 126 
   1868 1.5 0.0 HD2 164 
   232 56.1 0.0 CA 31 
   1504 1.59 0.0 HG2 135 
   1075 60.5 0.0 CA 97 
   115 -0.19 0.0 HD13 21 
   1045 1.91 0.0 HG3 95 
   1565 4.03 0.0 HA 140 
   573 2.55 0.0 HB2 58 
   1079 7.67 0.0 H 98 
   1478 9.6 0.0 HE1 133 
   1180 4.9 0.0 HA 107 
   1877 115.9 0.0 N 164 
   503 31.5 0.0 CB 51 
   1658 4.51 0.0 HA 148 
   877 2.1 0.0 HB3 83 
   592 54.1 0.0 CA 60 
   1258 117.5 0.0 N 113 
   858 9.14 0.0 H 81 
   35 4.1 0.0 HA 15 
   890 108.0 0.0 N 83 
   1248 1.36 0.0 HG3 113 
   149 1.51 0.0 HB2 24 
   78 0.94 0.0 HG12 18 
   33 113.2 0.0 N 14 
   1460 1.53 0.0 HG 132 
   1275 18.9 0.0 CB 115 
   1329 1.25 0.0 HB2 122 
   1255 25.6 0.0 CG 113 
   615 4.91 0.0 HA 62 
   1390 62.4 0.0 CA 126 
   293 7.05 0.0 HH2 36 
   1014 129.9 0.0 CE2 92 
   810 3.29 0.0 HB3 78 
   363 1.45 0.0 HG2 41 
   1246 1.82 0.0 HB3 113 
   1077 22.0 0.0 CG2 97 
   342 8.86 0.0 H 40 
   1351 -0.19 0.0 HD11 123 
   323 6.95 0.0 HE21 38 
   239 3.17 0.0 HB2 32 
   1006 6.63 0.0 HE1 92 
   374 118.4 0.0 N 41 
   218 2.45 0.0 HD2 30 
   48 4.19 0.0 HA 16 
   1483 61.0 0.0 CA 133 
   884 0.77 0.0 HD23 83 
   911 1.74 0.0 HB3 85 
   1151 30.1 0.0 CB 104 
   1854 2.49 0.0 HG3 163 
   1104 49.5 0.0 CD 99 
   1768 21.8 0.0 CG2 156 
   540 1.91 0.0 HB3 55 
   1765 63.4 0.0 CA 156 
   653 0.91 0.0 HD21 64 
   131 27.7 0.0 CG 22 
   1846 16.7 0.0 CG2 162 
   1742 57.8 0.0 CA 154 
   1578 129.7 0.0 CE2 140 
   1791 63.4 0.0 CA 158 
   465 7.64 0.0 H 49 
   982 0.71 0.0 HD12 90 
   1021 52.0 0.0 CA 93 
   334 1.47 0.0 HG2 39 
   1842 0.01 0.0 HD13 162 
   1278 4.0 0.0 HA 116 
   165 4.41 0.0 HA 25 
   1722 62.3 0.0 CA 153 
   1746 27.6 0.0 CD2 154 
   1632 0.45 0.0 HD23 145 
   1522 116.8 0.0 ND2 136 
   350 0.86 0.0 HD21 40 
   700 31.8 0.0 CB 68 
   121 122.5 0.0 N 21 
   1487 113.9 0.0 CZ2 133 
   1139 3.85 0.0 HD3 103 
   999 117.4 0.0 N 91 
   444 27.4 0.0 CG 47 
   746 2.21 0.0 HB3 73 
   1950 41.8 0.0 CE 170 
   431 8.42 0.0 H 47 
   1790 0.18 0.0 HD13 158 
   1816 3.88 0.0 HA 161 
   909 4.75 0.0 HA 85 
   12 58.2 0.0 CA 12 
   946 34.7 0.0 CB 87 
   1325 45.6 0.0 CA 121 
   139 1.13 0.0 HG21 23 
   1726 113.9 0.0 CZ2 153 
   1908 59.4 0.0 CA 167 
   865 119.9 0.0 CD2 81 
   1438 2.99 0.0 HE3 130 
   1362 2.23 0.0 HB2 124 
   1892 63.3 0.0 CA 166 
   1953 4.39 0.0 HA 171 
   1608 55.6 0.0 CA 143 
   1381 25.2 0.0 CD1 125 
   684 6.71 0.0 HD22 67 
   1302 117.4 0.0 CE1 118 
   1731 8.68 0.0 H 154 
   1393 111.5 0.0 N 126 
   1331 1.04 0.0 HG2 122 
   1324 3.93 0.0 HA3 121 
   1366 121.7 0.0 N 124 
   191 4.6 0.0 HA 27 
   124 2.46 0.0 HB3 22 
   309 1.13 0.0 HG21 37 
   882 0.77 0.0 HD21 83 
   1122 69.9 0.0 CB 101 
   1198 3.48 0.0 HD2 108 
   1242 115.0 0.0 N 112 
   13 29.4 0.0 CB 12 
   241 55.0 0.0 CA 32 
   1633 58.4 0.0 CA 145 
   1254 33.3 0.0 CB 113 
   745 1.04 0.0 HB2 73 
   588 8.49 0.0 H 60 
   32 22.0 0.0 CG2 14 
   683 7.79 0.0 HD21 67 
   1234 2.72 0.0 HB3 111 
   1948 24.8 0.0 CG 170 
   918 56.1 0.0 CA 85 
   1539 1.47 0.0 HB3 138 
   723 1.1 0.0 HG21 71 
   1333 1.6 0.0 HD2 122 
   1863 4.19 0.0 HA 164 
   998 35.4 0.0 CG 91 
   1920 6.76 0.0 HE21 168 
   1462 0.93 0.0 HD12 132 
   1355 37.5 0.0 CB 123 
   652 0.91 0.0 HD13 64 
   1284 2.3 0.0 HG2 117 
   1735 2.08 0.0 HG 154 
   1474 3.57 0.0 HA 133 
   1679 7.83 0.0 H 150 
   1236 41.0 0.0 CB 111 
   896 0.41 0.0 HD11 84 
   162 25.5 0.0 CD2 24 
   1153 119.5 0.0 N 104 
   786 1.44 0.0 HB2 76 
   108 0.36 0.0 HG12 21 
   616 2.1 0.0 HB2 62 
   617 2.5 0.0 HB3 62 
   1430 3.99 0.0 HA 130 
   1709 32.1 0.0 CB 152 
   1995 8.36 0.0 H 175 
   1799 2.07 0.0 HB3 159 
   762 8.53 0.0 H 74 
   1083 7.86 0.0 HD1 98 
   1904 0.95 0.0 HG23 167 
   21 54.2 0.0 CA 13 
   242 40.8 0.0 CB 32 
   790 1.55 0.0 HD2 76 
   854 27.8 0.0 CG1 80 
   1147 1.85 0.0 HB3 104 
   1116 4.28 0.0 HA 101 
   861 3.25 0.0 HB3 81 
   1265 58.4 0.0 CA 114 
   1653 1.22 0.0 HB3 147 
   1498 18.5 0.0 CB 134 
   1610 120.1 0.0 N 143 
   1987 2.77 0.0 HB2 174 
   1752 1.43 0.0 HB3 155 
   682 3.59 0.0 HB3 67 
   1545 32.6 0.0 CB 138 
   759 123.7 0.0 CH2 73 
   229 1.65 0.0 HG3 31 
   1788 0.18 0.0 HD11 158 
   1531 1.08 0.0 HG23 137 
   55 57.8 0.0 CA 16 
   1662 0.8 0.0 HD11 148 
   844 0.96 0.0 HG12 80 
   1850 4.04 0.0 HA 163 
   487 38.5 0.0 CB 50 
   271 1.77 0.0 HG 35 
   703 41.8 0.0 CE 68 
   1665 0.92 0.0 HD21 148 
   1108 1.25 0.0 HG21 100 
   1973 32.8 0.0 CB 172 
   988 14.6 0.0 CD1 90 
   830 6.96 0.0 HD1 79 
   178 41.8 0.0 CE 25 
   397 3.17 0.0 HB2 44 
   489 131.7 0.0 CD2 50 
   1400 122.0 0.0 N 127 
   1525 1.75 0.0 HB 137 
   1656 120.5 0.0 N 147 
   255 43.1 0.0 CD 33 
   321 2.45 0.0 HG2 38 
   795 38.2 0.0 CB 76 
   995 2.13 0.0 HG3 91 
   1296 6.74 0.0 HE1 118 
   1469 27.0 0.0 CG 132 
   975 1.75 0.0 HB 90 
   243 119.3 0.0 N 32 
   1359 117.1 0.0 N 123 
   235 43.1 0.0 CD 31 
   1291 4.86 0.0 HA 118 
   1700 105.7 0.0 N 151 
   512 2.42 0.0 HG3 52 
   927 3.29 0.0 HB3 86 
   1268 110.1 0.0 N 114 
   1774 0.82 0.0 HG2 157 
   415 2.64 0.0 HG3 45 
   1063 64.5 0.0 CA 96 
   311 1.13 0.0 HG23 37 
   1825 0.73 0.0 HD23 161 
   860 2.85 0.0 HB2 81 
   990 8.61 0.0 H 91 
   1683 1.88 0.0 HG 150 
   506 118.9 0.0 N 51 
   60 7.9 0.0 H 17 
   1621 115.4 0.0 N 144 
   1321 113.5 0.0 N 120 
   1605 1.04 0.0 HB1 143 
   1192 119.5 0.0 N 107 
   1183 0.58 0.0 HG12 107 
   1005 6.51 0.0 HD2 92 
   1511 43.4 0.0 CD 135 
   456 0.92 0.0 HD11 48 
   1128 0.01 0.0 HB2 102 
   272 0.91 0.0 HD11 35 
   1193 4.13 0.0 HA 108 
   1421 62.4 0.0 CA 129 
   1874 26.3 0.0 CG 164 
   1285 2.4 0.0 HG3 117 
   986 25.7 0.0 CG1 90 
   154 1.0 0.0 HD13 24 
   37 1.87 0.0 HB3 15 
   749 7.03 0.0 HE3 73 
   1963 4.4 0.0 HA 172 
   1787 0.42 0.0 HG23 158 
   1800 1.71 0.0 HG2 159 
   997 33.5 0.0 CB 91 
   1204 9.68 0.0 H 109 
   538 3.93 0.0 HA 55 
   1251 3.12 0.0 HE2 113 
   942 1.9 0.0 HB3 87 
   1103 25.1 0.0 CG 99 
   853 38.1 0.0 CB 80 
   688 110.7 0.0 ND2 67 
   198 128.7 0.0 N 27 
   1249 1.6 0.0 HD2 113 
   1436 1.74 0.0 HD3 130 
   1843 65.1 0.0 CA 162 
   926 2.88 0.0 HB2 86 
   1125 7.94 0.0 H 102 
   1526 0.66 0.0 HG11 137 
   1599 26.2 0.0 CG 142 
   1226 42.1 0.0 CB 110 
   868 4.02 0.0 HA 82 
   893 0.6 0.0 HB2 84 
   1350 -0.36 0.0 HG23 123 
   612 121.9 0.0 N 61 
   219 3.47 0.0 HD3 30 
   469 1.74 0.0 HG2 49 
   1969 1.65 0.0 HD3 172 
   1584 44.0 0.0 CA 141 
   1648 117.1 0.0 N 146 
   1187 0.93 0.0 HG23 107 
   546 2.84 0.0 HE3 55 
   574 3.11 0.0 HB3 58 
   1365 27.0 0.0 CB 124 
   1878 7.93 0.0 H 165 
   1517 6.92 0.0 HD21 136 
   708 2.23 0.0 HB3 69 
   1663 0.8 0.0 HD12 148 
   839 117.3 0.0 CE2 79 
   175 35.9 0.0 CB 25 
   286 3.29 0.0 HB2 36 
   1559 32.6 0.0 CB 139 
   1547 48.1 0.0 CD 138 
   1588 0.74 0.0 HB2 142 
   915 1.28 0.0 HD3 85 
   19 1.47 0.0 HB2 13 
   388 2.34 0.0 HB3 43 
   474 29.4 0.0 CB 49 
   1175 1.34 0.0 HB3 106 
   961 131.7 0.0 CD2 88 
   513 59.7 0.0 CA 52 
   1087 58.3 0.0 CA 98 
   1596 0.37 0.0 HD23 142 
   508 3.88 0.0 HA 52 
   1821 0.66 0.0 HD12 161 
   543 1.6 0.0 HD2 55 
   1876 41.8 0.0 CE 164 
   1689 1.16 0.0 HD23 150 
   1646 31.6 0.0 CB 146 
   1053 3.78 0.0 HA 96 
   1614 3.34 0.0 HB3 144 
   391 58.5 0.0 CA 43 
   662 8.9 0.0 H 65 
   1864 1.76 0.0 HB2 164 
   1085 6.93 0.0 HE1 98 
   1169 14.7 0.0 CD1 105 
   935 132.9 0.0 CD2 86 
   264 28.8 0.0 CB 34 
   1428 121.3 0.0 N 129 
   1681 1.36 0.0 HB2 150 
   1112 67.9 0.0 CB 100 
   1309 1.68 0.0 HG3 119 
   1300 132.5 0.0 CD1 118 
   1618 29.7 0.0 CB 144 
   216 1.05 0.0 HG2 30 
   6 8.75 0.0 H 12 
   874 8.23 0.0 H 83 
   1380 26.3 0.0 CG 125 
   621 5.55 0.0 HE2 62 
   1318 4.1 0.0 HA2 120 
   1677 45.7 0.0 CA 149 
   1551 1.6 0.0 HB3 139 
   914 1.27 0.0 HD2 85 
   360 4.16 0.0 HA 41 
   58 43.2 0.0 CD 16 
   766 6.87 0.0 HD1 74 
   1143 49.2 0.0 CD 103 
   40 3.21 0.0 HD2 15 
   727 69.3 0.0 CB 71 
   250 3.34 0.0 HD2 33 
   1282 29.0 0.0 CB 116 
   167 1.76 0.0 HB3 25 
   484 6.97 0.0 HE1 50 
   1247 1.3 0.0 HG2 113 
   1530 1.08 0.0 HG22 137 
   228 1.58 0.0 HG2 31 
   395 8.83 0.0 H 44 
   773 131.7 0.0 CD1 74 
   24 7.95 0.0 H 14 
   1492 8.33 0.0 H 134 
   324 8.08 0.0 HE22 38 
   23 122.6 0.0 N 13 
   468 2.07 0.0 HB3 49 
   301 121.6 0.0 N 36 
   737 3.19 0.0 HD3 72 
   1941 1.38 0.0 HG3 170 
   1165 62.8 0.0 CA 105 
   1984 120.4 0.0 N 173 
   346 0.96 0.0 HG 40 
   590 2.19 0.0 HB2 60 
   1273 1.43 0.0 HB3 115 
   1259 7.31 0.0 H 114 
   1754 18.2 0.0 CB 155 
   470 1.93 0.0 HG3 49 
   1885 2.17 0.0 HB 166 
   600 9.85 0.0 HE1 61 
   936 117.5 0.0 CE1 86 
   958 56.0 0.0 CA 88 
   969 2.91 0.0 HB3 89 
   330 8.2 0.0 H 39 
   1105 8.2 0.0 H 100 
   63 1.01 0.0 HG11 17 
   921 29.2 0.0 CD 85 
   816 6.84 0.0 HH2 78 
   1612 3.57 0.0 HA 144 
   1668 54.5 0.0 CA 148 
   497 0.78 0.0 HG12 51 
   806 114.4 0.0 N 77 
   399 7.33 0.0 HD1 44 
   850 0.82 0.0 HD12 80 
   760 125.1 0.0 N 73 
   83 64.2 0.0 CA 18 
   1785 0.42 0.0 HG21 158 
   533 55.3 0.0 CA 54 
   136 0.96 0.0 HG11 23 
   1613 2.35 0.0 HB2 144 
   1119 1.08 0.0 HG22 101 
   1064 37.7 0.0 CB 96 
   368 2.96 0.0 HE3 41 
   1609 18.0 0.0 CB 143 
   1348 -0.36 0.0 HG21 123 
   1157 0.33 0.0 HG12 105 
   1170 124.1 0.0 N 105 
   1461 0.93 0.0 HD11 132 
   808 6.21 0.0 HA 78 
   674 0.91 0.0 HB2 66 
   770 6.92 0.0 HZ 74 
   1789 0.18 0.0 HD12 158 
   984 58.5 0.0 CA 90 
   1184 0.58 0.0 HG13 107 
   501 0.8 0.0 HG23 51 
   767 6.87 0.0 HD2 74 
   1068 118.2 0.0 N 96 
   1640 4.36 0.0 HA 146 
   1281 56.2 0.0 CA 116 
   851 0.82 0.0 HD13 80 
   1579 130.1 0.0 CZ 140 
   710 2.54 0.0 HG3 69 
   1435 1.73 0.0 HD2 130 
   1710 28.3 0.0 CG 152 
   1582 5.14 0.0 HA2 141 
   1253 56.4 0.0 CA 113 
   1732 3.58 0.0 HA 154 
   1059 0.98 0.0 HG23 96 
   129 63.3 0.0 CA 22 
   1814 115.9 0.0 N 160 
   1577 129.7 0.0 CE1 140 
   949 9.09 0.0 H 88 
   1052 8.69 0.0 H 96 
   1243 8.33 0.0 H 113 
   417 6.94 0.0 HE22 45 
   1343 7.91 0.0 H 123 
   699 59.8 0.0 CA 68 
   1160 0.67 0.0 HG22 105 
   563 7.52 0.0 H 57 
   714 115.4 0.0 N 69 
   447 120.8 0.0 N 47 
   461 29.8 0.0 CG1 48 
   51 1.6 0.0 HG2 16 
   1339 25.6 0.0 CG 122 
   780 4.93 0.0 HA2 75 
   20 1.47 0.0 HB3 13 
   1060 0.87 0.0 HD11 96 
   434 2.21 0.0 HB3 47 
   608 122.4 0.0 CE3 61 
   1831 118.0 0.0 N 161 
   1361 4.44 0.0 HA 124 
   634 1.82 0.0 HB3 63 
   707 2.1 0.0 HB2 69 
   1185 0.93 0.0 HG21 107 
   532 7.24 0.0 HD22 54 
   2004 29.2 0.0 CB 175 
   1691 42.2 0.0 CB 150 
   1082 3.27 0.0 HB3 98 
   803 3.39 0.0 HB3 77 
   1049 32.4 0.0 CB 95 
   483 7.26 0.0 HD2 50 
   1327 7.0 0.0 H 122 
   1080 4.69 0.0 HA 98 
   1932 57.3 0.0 CA 169 
   1639 7.93 0.0 H 146 
   712 29.6 0.0 CB 69 
   317 7.16 0.0 H 38 
   1240 3.79 0.0 HA3 112 
   1311 3.21 0.0 HD3 119 
   1374 0.13 0.0 HD13 125 
   1446 1.83 0.0 HB2 131 
   1805 30.6 0.0 CB 159 
   418 59.3 0.0 CA 45 
   1057 0.98 0.0 HG21 96 
   1363 2.78 0.0 HB3 124 
   2002 6.84 0.0 HE22 175 
   437 0.93 0.0 HD12 47 
   276 1.01 0.0 HD22 35 
   1100 3.8 0.0 HD3 99 
   1654 55.8 0.0 CA 147 
   1833 3.68 0.0 HA 162 
   910 1.51 0.0 HB2 85 
   870 2.87 0.0 HB3 82 
   1661 1.64 0.0 HG 148 
   1619 115.6 0.0 CD2 144 
   1341 41.8 0.0 CE 122 
   667 2.03 0.0 HG3 65 
   1951 123.6 0.0 N 170 
   1836 1.33 0.0 HG13 162 
   941 1.9 0.0 HB2 87 
   1937 4.24 0.0 HA 170 
   1412 7.96 0.0 H 129 
   16 8.44 0.0 H 13 
   632 4.37 0.0 HA 63 
   1218 1.35 0.0 HG 110 
   1520 40.4 0.0 CB 136 
   1952 8.55 0.0 H 171 
   812 10.66 0.0 HE1 78 
   5 40.9 0.0 CB 11 
   296 127.0 0.0 CD1 36 
   1473 8.49 0.0 H 133 
   794 53.9 0.0 CA 76 
   1840 0.01 0.0 HD11 162 
   335 1.47 0.0 HG3 39 
   931 6.77 0.0 HE2 86 
   120 13.1 0.0 CD1 21 
   628 133.7 0.0 CE2 62 
   1257 42.5 0.0 CE 113 
   840 121.1 0.0 N 79 
   1534 20.4 0.0 CG1 137 
   633 1.82 0.0 HB2 63 
   866 126.2 0.0 N 81 
   1573 51.9 0.0 CA 140 
   64 1.01 0.0 HG12 17 
   943 2.0 0.0 HG2 87 
   1238 8.62 0.0 H 112 
   316 116.1 0.0 N 37 
   1121 59.6 0.0 CA 101 
   1357 17.0 0.0 CG2 123 
   675 2.44 0.0 HB3 66 
   1176 50.2 0.0 CA 106 
   1972 56.3 0.0 CA 172 
   1617 61.9 0.0 CA 144 
   697 3.0 0.0 HE2 68 
   1307 1.79 0.0 HB3 119 
   1382 22.6 0.0 CD2 125 
   728 23.0 0.0 CG2 71 
   343 3.56 0.0 HA 40 
   386 4.33 0.0 HA 43 
   601 7.9 0.0 HE3 61 
   278 56.6 0.0 CA 35 
   1491 130.6 0.0 NE1 133 
   956 7.18 0.0 HE2 88 
   547 60.5 0.0 CA 55 
   1711 51.4 0.0 CD 152 
   1352 -0.19 0.0 HD12 123 
   635 1.6 0.0 HG2 63 
   50 1.9 0.0 HB3 16 
   186 65.4 0.0 CA 26 
   14 35.9 0.0 CG 12 
   755 123.5 0.0 CD1 73 
   622 5.65 0.0 HZ 62 
   1142 27.9 0.0 CG 103 
   1532 60.5 0.0 CA 137 
   1166 38.7 0.0 CB 105 
   1135 2.45 0.0 HB3 103 
   905 22.3 0.0 CD1 84 
   1817 1.16 0.0 HB2 161 
   1870 2.92 0.0 HE2 164 
   971 41.3 0.0 CB 89 
   1267 20.7 0.0 CG2 114 
   824 117.5 0.0 N 78 
   1266 68.6 0.0 CB 114 
   1377 0.33 0.0 HD23 125 
   1203 49.8 0.0 CD 108 
   148 4.56 0.0 HA 24 
   424 4.12 0.0 HA 46 
   443 42.7 0.0 CB 47 
   1546 24.1 0.0 CG 138 
   1566 1.98 0.0 HB2 140 
   49 1.9 0.0 HB2 16 
   542 1.59 0.0 HG3 55 
   1319 3.69 0.0 HA3 120 
   878 1.45 0.0 HG 83 
   1127 0.01 0.0 HB1 102 
   294 58.7 0.0 CA 36 
   637 3.25 0.0 HD2 63 
   1781 3.54 0.0 HA 158 
   1219 0.5 0.0 HD11 110 
   150 1.88 0.0 HB3 24 
   318 4.09 0.0 HA 38 
   1493 4.17 0.0 HA 134 
   226 1.82 0.0 HB2 31 
   279 42.7 0.0 CB 35 
   112 0.18 0.0 HG23 21 
   528 4.38 0.0 HA 54 
   43 30.1 0.0 CB 15 
   428 62.8 0.0 CA 46 
   268 4.34 0.0 HA 35 
   252 58.8 0.0 CA 33 
   1434 1.72 0.0 HG3 130 
   221 31.7 0.0 CB 30 
   1585 112.9 0.0 N 141 
   262 2.42 0.0 HG3 34 
   1819 1.91 0.0 HG 161 
   251 3.34 0.0 HD3 33 
   1556 2.87 0.0 HE2 139 
   195 7.45 0.0 HD22 27 
   396 4.5 0.0 HA 44 
   907 121.8 0.0 N 84 
   1480 7.26 0.0 HZ2 133 
   566 1.5 0.0 HB2 57 
   1416 7.05 0.0 HD1 129 
   614 6.81 0.0 H 62 
   1767 21.1 0.0 CG1 156 
   398 3.25 0.0 HB3 44 
   364 1.73 0.0 HG3 41 
   1023 118.3 0.0 N 93 
   92 60.1 0.0 CA 19 
   1388 1.41 0.0 HG22 126 
   781 4.31 0.0 HA3 75 
   1777 29.2 0.0 CB 157 
   491 118.8 0.0 CE2 50 
   1755 115.0 0.0 N 155 
   420 34.2 0.0 CG 45 
   1798 1.66 0.0 HB2 159 
   885 57.1 0.0 CA 83 
   654 0.91 0.0 HD22 64 
   1529 1.08 0.0 HG21 137 
   709 2.34 0.0 HG2 69 
   1164 0.43 0.0 HD13 105 
   408 117.8 0.0 CE2 44 
   962 129.6 0.0 CE1 88 
   1852 2.24 0.0 HB3 163 
   9 2.03 0.0 HB3 12 
   169 1.29 0.0 HG3 25 
   1465 1.04 0.0 HD22 132 
   159 41.3 0.0 CB 24 
   1197 2.12 0.0 HG3 108 
   522 6.74 0.0 HD22 53 
   659 24.3 0.0 CD1 64 
   1432 2.04 0.0 HB3 130 
   1370 1.68 0.0 HB3 125 
   1943 1.6 0.0 HD3 170 
   798 42.2 0.0 CE 76 
   1395 4.38 0.0 HA 127 
   202 1.47 0.0 HB1 28 
   1592 -0.51 0.0 HD12 142 
   873 131.6 0.0 N 82 
   1780 7.94 0.0 H 158 
   2000 2.31 0.0 HG3 175 
   799 121.3 0.0 N 76 
   1145 4.26 0.0 HA 104 
   705 8.77 0.0 H 69 
   1697 3.12 0.0 HA2 151 
   28 1.24 0.0 HG22 14 
   107 1.29 0.0 HB 21 
   1636 25.8 0.0 CD1 145 
   390 2.75 0.0 HG3 43 
   1141 31.9 0.0 CB 103 
   552 122.1 0.0 N 55 
   1086 7.33 0.0 HE2 98 
   326 28.0 0.0 CB 38 
   209 3.95 0.0 HA2 29 
   379 2.4 0.0 HG2 42 
   477 119.0 0.0 N 49 
   404 37.9 0.0 CB 44 
   641 33.8 0.0 CB 63 
   100 2.4 0.0 HG3 20 
   1572 6.2 0.0 HZ 140 
   1524 4.01 0.0 HA 137 
   378 2.71 0.0 HB3 42 
   332 1.78 0.0 HB2 39 
   122 4.51 0.0 HA 22 
   1213 116.4 0.0 N 109 
   224 8.5 0.0 H 31 
   1323 3.93 0.0 HA2 121 
   1468 41.9 0.0 CB 132 
   521 7.98 0.0 HD21 53 
   1346 0.57 0.0 HG12 123 
   411 4.15 0.0 HA 45 
   1342 118.4 0.0 N 122 
   1225 53.9 0.0 CA 110 
   1793 28.2 0.0 CG1 158 
   1109 1.25 0.0 HG22 100 
   1706 3.08 0.0 HD2 152 
   1724 127.0 0.0 CD1 153 
   1900 0.81 0.0 HG12 167 
   1696 9.07 0.0 H 151 
   244 8.58 0.0 H 33 
   1354 61.9 0.0 CA 123 
   1760 0.75 0.0 HG12 156 
   126 2.1 0.0 HG3 22 
   1717 9.7 0.0 HE1 153 
   1682 2.33 0.0 HB3 150 
   1205 4.3 0.0 HA 109 
   1335 2.91 0.0 HE2 122 
   1444 118.4 0.0 N 130 
   1389 1.41 0.0 HG23 126 
   1940 1.38 0.0 HG2 170 
   779 8.54 0.0 H 75 
   423 8.3 0.0 H 46 
   1837 0.81 0.0 HG21 162 
   648 1.86 0.0 HB3 64 
   1294 7.0 0.0 HD1 118 
   66 1.1 0.0 HG21 17 
   1835 0.32 0.0 HG12 162 
   966 8.46 0.0 H 89 
   1997 1.94 0.0 HB2 175 
   314 21.0 0.0 CG1 37 
   179 116.8 0.0 N 25 
   486 58.8 0.0 CA 50 
   403 62.3 0.0 CA 44 
   457 0.92 0.0 HD12 48 
   1915 4.83 0.0 HA 168 
   1557 2.91 0.0 HE3 139 
   531 4.55 0.0 HD21 54 
   1634 42.1 0.0 CB 145 
   1315 42.9 0.0 CD 119 
   356 24.3 0.0 CD1 40 
   1099 3.44 0.0 HD2 99 
   664 1.55 0.0 HB2 65 
   575 55.3 0.0 CA 58 
   1642 2.46 0.0 HB3 146 
   719 107.1 0.0 N 70 
   281 22.8 0.0 CD1 35 
   467 1.95 0.0 HB2 49 
   480 3.32 0.0 HB2 50 
   352 0.86 0.0 HD23 40 
   1025 4.37 0.0 HA 94 
   1543 3.45 0.0 HD3 138 
   1138 2.95 0.0 HD2 103 
   1647 32.2 0.0 CG 146 
   1554 1.56 0.0 HD2 139 
   158 56.0 0.0 CA 24 
   223 48.9 0.0 CD 30 
   325 58.3 0.0 CA 38 
   1575 127.3 0.0 CD1 140 
   1065 27.8 0.0 CG1 96 
   932 57.5 0.0 CA 86 
   160 31.1 0.0 CG 24 
   787 1.49 0.0 HB3 76 
   1964 1.72 0.0 HB2 172 
   118 27.5 0.0 CG1 21 
   261 2.42 0.0 HG2 34 
   247 2.12 0.0 HB3 33 
   81 1.01 0.0 HG22 18 
   1720 6.36 0.0 HZ3 153 
   1629 -0.05 0.0 HD13 145 
   801 5.55 0.0 HA 77 
   1514 4.26 0.0 HA 136 
   1419 6.99 0.0 HE2 129 
   1349 -0.36 0.0 HG22 123 
   570 121.1 0.0 N 57 
   903 43.1 0.0 CB 84 
   1620 136.3 0.0 CE1 144 
   1643 2.21 0.0 HG2 146 
   577 116.9 0.0 N 58 
   1569 6.2 0.0 HD2 140 
   1287 1.89 0.0 HE2 117 
   190 9.34 0.0 H 27 
   210 4.82 0.0 HA3 29 
   1356 24.8 0.0 CG1 123 
   1570 6.77 0.0 HE1 140 
   1828 26.2 0.0 CG 161 
   847 0.64 0.0 HG22 80 
   807 9.24 0.0 H 78 
   769 7.0 0.0 HE2 74 
   677 66.8 0.0 CB 66 
   793 2.95 0.0 HE3 76 
   1220 0.5 0.0 HD12 110 
   1624 1.42 0.0 HB2 145 
   1537 4.86 0.0 HA 138 
   1364 57.6 0.0 CA 124 
   1703 2.44 0.0 HB3 152 
   1887 1.0 0.0 HG12 166 
   1505 1.72 0.0 HG3 135 
   950 5.09 0.0 HA 88 
   1208 2.43 0.0 HG2 109 
   298 114.2 0.0 CZ2 36 
   525 119.5 0.0 N 53 
   809 3.11 0.0 HB2 78 
   1443 41.8 0.0 CE 130 
   607 128.3 0.0 CD1 61 
   862 7.19 0.0 HD2 81 
   38 1.59 0.0 HG2 15 
   137 0.96 0.0 HG12 23 
   493 8.77 0.0 H 51 
   1017 8.57 0.0 H 93 
   180 10.39 0.0 H 26 
   354 41.3 0.0 CB 40 
   959 42.6 0.0 CB 88 
   103 36.3 0.0 CG 20 
   618 5.47 0.0 HD1 62 
   1708 64.6 0.0 CA 152 
   1353 -0.19 0.0 HD13 123 
   220 63.2 0.0 CA 30 
   473 57.4 0.0 CA 49 
   1909 40.7 0.0 CB 167 
   1155 3.79 0.0 HA 105 
   732 1.63 0.0 HB2 72 
   171 1.6 0.0 HD3 25 
   1757 3.87 0.0 HA 156 
   193 3.25 0.0 HB3 27 
   1576 127.3 0.0 CD2 140 
   1033 0.45 0.0 HD12 94 
   1880 4.11 0.0 HA3 165 
   1519 53.4 0.0 CA 136 
   138 0.96 0.0 HG13 23 
   1970 2.95 0.0 HE2 172 
   928 7.33 0.0 HD1 86 
   1272 1.43 0.0 HB2 115 
   1989 7.61 0.0 HD21 174 
   1802 3.0 0.0 HD2 159 
   1673 110.9 0.0 N 148 
   859 4.82 0.0 HA 81 
   283 119.1 0.0 N 35 
   1558 57.9 0.0 CA 139 
   1853 2.49 0.0 HG2 163 
   676 55.8 0.0 CA 66 
   1812 57.2 0.0 CA 160 
   524 37.4 0.0 CB 53 
   1471 26.2 0.0 CD2 132 
   427 5.22 0.0 HG 46 
   1701 4.25 0.0 HA 152 
   537 8.89 0.0 H 55 
   459 65.0 0.0 CA 48 
   1983 27.8 0.0 CB 173 
   726 61.7 0.0 CA 71 
   1368 4.45 0.0 HA 125 
   924 9.53 0.0 H 86 
   1721 6.62 0.0 HH2 153 
   377 2.27 0.0 HB2 42 
   315 22.1 0.0 CG2 37 
   1303 117.4 0.0 CE2 118 
   940 5.28 0.0 HA 87 
   1628 -0.05 0.0 HD12 145 
   983 0.71 0.0 HD13 90 
   1422 39.5 0.0 CB 129 
   1326 107.3 0.0 N 121 
   1699 49.3 0.0 CA 151 
   285 4.72 0.0 HA 36 
   898 0.41 0.0 HD13 84 
   1494 1.5 0.0 HB1 134 
   1470 23.5 0.0 CD1 132 
   562 112.3 0.0 ND2 56 
   1740 1.14 0.0 HD22 154 
   1992 38.6 0.0 CB 174 
   1167 27.6 0.0 CG1 105 
   572 4.38 0.0 HA 58 
   163 126.3 0.0 N 24 
   696 1.69 0.0 HD3 68 
   1976 41.8 0.0 CE 172 
   245 3.99 0.0 HA 33 
   1171 8.88 0.0 H 106 
   1181 1.96 0.0 HB 107 
   341 121.0 0.0 N 39 
   550 29.7 0.0 CD 55 
   817 56.7 0.0 CA 78 
   1066 18.1 0.0 CG2 96 
   1541 1.72 0.0 HG3 138 
   1178 128.8 0.0 N 106 
   1809 4.33 0.0 HA 160 
   731 5.02 0.0 HA 72 
   299 120.3 0.0 CZ3 36 
   706 4.19 0.0 HA 69 
   358 120.3 0.0 N 40 
   1999 2.31 0.0 HG2 175 
   553 8.2 0.0 H 56 
   1200 66.4 0.0 CA 108 
   1402 4.57 0.0 HA 128 
   1826 57.4 0.0 CA 161 
   996 55.2 0.0 CA 91 
   1702 1.82 0.0 HB2 152 
   1553 1.46 0.0 HG3 139 
   985 42.8 0.0 CB 90 
   1330 1.47 0.0 HB3 122 
   1901 1.3 0.0 HG13 167 
   960 131.7 0.0 CD1 88 
   947 37.4 0.0 CG 87 
   668 54.6 0.0 CA 65 
   1360 7.71 0.0 H 124 
   1635 26.4 0.0 CG 145 
   1286 1.89 0.0 HE1 117 
   394 120.6 0.0 N 43 
   1306 1.79 0.0 HB2 119 
   177 29.2 0.0 CD 25 
   54 3.21 0.0 HD3 16 
   130 31.8 0.0 CB 22 
   213 2.52 0.0 HA 30 
   1030 0.7 0.0 HG22 94 
   1606 1.04 0.0 HB2 143 
   578 8.55 0.0 H 59 
   1911 18.1 0.0 CG2 167 
   672 7.8 0.0 H 66 
   929 7.33 0.0 HD2 86 
   7 4.11 0.0 HA 12 
   1228 25.1 0.0 CD1 110 
   307 0.99 0.0 HG12 37 
   1762 0.93 0.0 HG21 156 
   937 117.5 0.0 CE2 86 
   205 51.9 0.0 CA 28 
   1378 54.2 0.0 CA 125 
   596 4.27 0.0 HA 61 
   1415 3.22 0.0 HB3 129 
   496 0.78 0.0 HG11 51 
   460 37.8 0.0 CB 48 
   1581 9.74 0.0 H 141 
   1269 8.73 0.0 H 115 
   1622 8.62 0.0 H 145 
   80 1.01 0.0 HG21 18 
   558 7.75 0.0 HD22 56 
   135 2.37 0.0 HB 23 
   901 0.64 0.0 HD23 84 
   146 116.5 0.0 N 23 
   412 2.23 0.0 HB2 45 
   203 1.47 0.0 HB2 28 
   1739 1.14 0.0 HD21 154 
   863 55.6 0.0 CA 81 
   1954 1.93 0.0 HB2 171 
   1611 7.37 0.0 H 144 
   295 29.5 0.0 CB 36 
   1423 131.7 0.0 CD1 129 
   1408 30.4 0.0 CB 128 
   1861 111.2 0.0 NE2 163 
   1129 0.01 0.0 HB3 102 
   1684 0.87 0.0 HD11 150 
   772 40.5 0.0 CB 74 
   106 4.14 0.0 HA 21 
   1270 4.47 0.0 HA 115 
   1847 14.9 0.0 CD1 162 
   123 1.93 0.0 HB2 22 
   462 17.0 0.0 CG2 48 
   974 5.66 0.0 HA 90 
   1411 114.8 0.0 N 128 
   1427 129.2 0.0 CZ 129 
   1072 1.17 0.0 HG21 97 
   611 123.3 0.0 CH2 61 
   1091 118.2 0.0 CE1 98 
   1094 3.55 0.0 HA 99 
   1332 1.23 0.0 HG3 122 
   308 0.99 0.0 HG13 37 
   1042 1.84 0.0 HB2 95 
   300 122.2 0.0 CH2 36 
   1262 1.17 0.0 HG21 114 
   978 1.02 0.0 HG21 90 
   57 27.3 0.0 CG 16 
   47 8.18 0.0 H 16 
   1041 4.62 0.0 HA 95 
   303 7.5 0.0 H 37 
   599 7.87 0.0 HD1 61 
   1991 53.2 0.0 CA 174 
   26 4.2 0.0 HB 14 
   1299 39.5 0.0 CB 118 
   610 120.2 0.0 CZ3 61 
   1140 61.6 0.0 CA 103 
   1358 13.5 0.0 CD1 123 
   1019 2.51 0.0 HB2 93 
   733 1.73 0.0 HB3 72 
   1424 131.7 0.0 CD2 129 
   475 26.1 0.0 CG 49 
   275 1.01 0.0 HD21 35 
   1925 121.6 0.0 N 168 
   1981 2.88 0.0 HB3 173 
   1905 0.85 0.0 HD11 167 
   1587 3.92 0.0 HA 142 
   1113 21.6 0.0 CG2 100 
   438 0.93 0.0 HD13 47 
   756 119.8 0.0 CE3 73 
   104 119.8 0.0 N 20 
   945 54.3 0.0 CA 87 
   1158 1.15 0.0 HG13 105 
   1454 27.9 0.0 CG 131 
   832 6.69 0.0 HE1 79 
   44 27.3 0.0 CG 15 
   656 54.3 0.0 CA 64 
   920 25.6 0.0 CG 85 
   373 42.2 0.0 CE 41 
   741 43.1 0.0 CD 72 
   729 107.9 0.0 N 71 
   187 68.1 0.0 CB 26 
   735 1.63 0.0 HG3 72 
   1172 5.09 0.0 HA 106 
   510 2.21 0.0 HB3 52 
   559 55.3 0.0 CA 56 
   249 1.85 0.0 HG3 33 
   1186 0.93 0.0 HG22 107 
   899 0.64 0.0 HD21 84 
   1136 1.32 0.0 HG2 103 
   1394 8.77 0.0 H 127 
   85 21.7 0.0 CG1 18 
   1761 0.75 0.0 HG13 156 
   1631 0.45 0.0 HD22 145 
   788 1.43 0.0 HG2 76 
   1441 26.5 0.0 CG 130 
   925 4.52 0.0 HA 86 
   1485 126.6 0.0 CD1 133 
   114 -0.19 0.0 HD12 21 
   1889 1.0 0.0 HG21 166 
   1728 122.7 0.0 CH2 153 
   2006 120.6 0.0 N 175 
   1074 1.17 0.0 HG23 97 
   288 7.34 0.0 HD1 36 
   730 7.61 0.0 H 72 
   1982 58.6 0.0 CA 173 
   1856 6.84 0.0 HE22 163 
   1882 108.0 0.0 N 165 
   1794 18.6 0.0 CG2 158 
   1548 8.76 0.0 H 139 
   647 1.83 0.0 HB2 64 
   1838 0.81 0.0 HG22 162 
   310 1.13 0.0 HG22 37 
   1961 119.4 0.0 N 171 
   1822 0.66 0.0 HD13 161 
   336 2.71 0.0 HD2 39 
   584 51.8 0.0 CA 59 
   843 1.63 0.0 HB 80 
   463 13.2 0.0 CD1 48 
   1574 36.4 0.0 CB 140 
   1437 2.99 0.0 HE2 130 
   1069 7.01 0.0 H 97 
   1276 128.2 0.0 N 115 
   1144 8.6 0.0 H 104 
   125 2.1 0.0 HG2 22 
   495 2.1 0.0 HB 51 
   548 32.2 0.0 CB 55 
   1758 1.8 0.0 HB 156 
   1918 2.32 0.0 HG2 168 
   1118 1.08 0.0 HG21 101 
   1896 115.2 0.0 N 166 
   1763 0.93 0.0 HG22 156 
   485 6.97 0.0 HE2 50 
   1734 2.04 0.0 HB3 154 
   441 0.98 0.0 HD23 47 
   15 122.1 0.0 N 12 
   1600 23.0 0.0 CD1 142 
   1110 1.25 0.0 HG23 100 
   1897 6.85 0.0 H 167 
   1903 0.95 0.0 HG22 167 
   259 2.16 0.0 HB2 34 
   1322 8.15 0.0 H 121 
   79 0.94 0.0 HG13 18 
   1921 7.47 0.0 HE22 168 
   369 60.1 0.0 CA 41 
   208 8.82 0.0 H 29 
   581 2.76 0.0 HB3 59 
   184 1.25 0.0 HG22 26 
   1563 122.6 0.0 N 139 
   556 2.93 0.0 HB3 56 
   196 51.1 0.0 CA 27 
   1111 67.1 0.0 CA 100 
   119 17.2 0.0 CG2 21 
   1376 0.33 0.0 HD22 125 
   715 7.82 0.0 H 70 
   717 3.53 0.0 HA3 70 
   1026 2.04 0.0 HB 94 
   1753 53.8 0.0 CA 155 
   254 27.3 0.0 CG 33 
   4 54.1 0.0 CA 11 
   789 1.57 0.0 HG3 76 
   161 27.0 0.0 CD1 24 
   1993 121.0 0.0 N 174 
   1320 45.5 0.0 CA 120 
   1966 1.35 0.0 HG2 172 
   1535 22.9 0.0 CG2 137 
   504 23.6 0.0 CG1 51 
   702 28.9 0.0 CD 68 
   365 1.74 0.0 HD2 41 
   1345 0.37 0.0 HB 123 
   1280 2.0 0.0 HB3 116 
   514 29.2 0.0 CB 52 
   2005 33.7 0.0 CG 175 
   804 55.2 0.0 CA 77 
   1879 3.97 0.0 HA2 165 
   1209 2.43 0.0 HG3 109 
   1369 1.43 0.0 HB2 125 
   979 1.02 0.0 HG22 90 
   132 50.7 0.0 CD 22 
   1985 8.55 0.0 H 174 
   305 2.2 0.0 HB 37 
   454 0.97 0.0 HG22 48 
   609 113.7 0.0 CZ2 61 
   593 40.5 0.0 CB 60 
   1159 0.67 0.0 HG21 105 
   72 21.8 0.0 CG2 17 
   831 6.96 0.0 HD2 79 
   436 0.93 0.0 HD11 47 
   1054 1.9 0.0 HB 96 
   1440 29.7 0.0 CB 130 
   1489 123.1 0.0 CH2 133 
   695 1.69 0.0 HD2 68 
   1392 21.7 0.0 CG2 126 
   1914 8.64 0.0 H 168 
   1431 1.96 0.0 HB2 130 
   771 54.9 0.0 CA 74 
   973 8.46 0.0 H 90 
   587 110.7 0.0 ND2 59 
   238 4.9 0.0 HA 32 
   1996 4.26 0.0 HA 175 
   1988 2.83 0.0 HB3 174 
   747 6.4 0.0 HD1 73 
   1095 1.45 0.0 HB2 99 
   69 64.5 0.0 CA 17 
   1907 0.85 0.0 HD13 167 
   1616 7.71 0.0 HE1 144 
   721 4.41 0.0 HA 71 
   56 30.2 0.0 CB 16 
   671 122.0 0.0 N 65 
   287 3.79 0.0 HB3 36 
   1562 41.9 0.0 CE 139 
   981 0.71 0.0 HD11 90 
   197 36.8 0.0 CB 27 
   1807 49.4 0.0 CD 159 
   534 36.9 0.0 CB 54 
   1674 7.41 0.0 H 149 
   823 123.5 0.0 CH2 78 
   339 29.8 0.0 CB 39 
   52 1.6 0.0 HG3 16 
   1586 10.28 0.0 H 142 
   1795 8.6 0.0 CD1 158 
   604 7.04 0.0 HH2 61 
   185 1.25 0.0 HG23 26 
   1801 2.05 0.0 HG3 159 
   791 1.68 0.0 HD3 76 
   834 57.7 0.0 CA 79 
   752 6.46 0.0 HH2 73 
   651 0.91 0.0 HD12 64 
   230 3.17 0.0 HD2 31 
   1114 122.2 0.0 N 100 
   776 130.0 0.0 CE2 74 
   1211 30.2 0.0 CB 109 
   1190 20.0 0.0 CG1 107 
   1020 2.67 0.0 HB3 93 
   620 5.55 0.0 HE1 62 
   1507 3.11 0.0 HD3 135 
   36 1.87 0.0 HB2 15 
   1495 1.5 0.0 HB2 134 
   290 7.31 0.0 HE3 36 
   569 19.0 0.0 CB 57 
   1373 0.13 0.0 HD12 125 
   1130 49.7 0.0 CA 102 
   775 130.0 0.0 CE1 74 
   1675 4.05 0.0 HA2 149 
   1201 32.3 0.0 CB 108 
   845 1.57 0.0 HG13 80 
   1146 1.71 0.0 HB2 104 
   1705 2.09 0.0 HG3 152 
   1680 4.08 0.0 HA 150 
   917 2.37 0.0 HE3 85 
