   855 17.1 0.0 CG2 80 
   747 6.4 0.0 HD1 73 
   1332 1.23 0.0 HG3 122 
   1746 27.6 0.0 CD2 154 
   1118 1.08 0.0 HG21 101 
   405 131.7 0.0 CD1 44 
   134 4.44 0.0 HA 23 
   195 7.45 0.0 HD22 27 
   217 1.44 0.0 HG3 30 
   1089 132.8 0.0 CD1 98 
   1984 120.4 0.0 N 173 
   559 55.3 0.0 CA 56 
   1824 0.73 0.0 HD22 161 
   1637 23.3 0.0 CD2 145 
   1400 122.0 0.0 N 127 
   943 2.0 0.0 HG2 87 
   508 3.88 0.0 HA 52 
   875 3.58 0.0 HA 83 
   1899 1.86 0.0 HB 167 
   458 0.92 0.0 HD13 48 
   48 4.19 0.0 HA 16 
   603 6.87 0.0 HZ3 61 
   1289 36.0 0.0 CG 117 
   1616 7.71 0.0 HE1 144 
   1402 4.57 0.0 HA 128 
   1699 49.3 0.0 CA 151 
   1457 3.95 0.0 HA 132 
   1536 122.5 0.0 N 137 
   82 1.01 0.0 HG23 18 
   848 0.64 0.0 HG23 80 
   533 55.3 0.0 CA 54 
   298 114.2 0.0 CZ2 36 
   332 1.78 0.0 HB2 39 
   252 58.8 0.0 CA 33 
   216 1.05 0.0 HG2 30 
   585 39.9 0.0 CB 59 
   1407 57.1 0.0 CA 128 
   1012 131.3 0.0 CD2 92 
   1687 1.16 0.0 HD21 150 
   1963 4.4 0.0 HA 172 
   1902 0.95 0.0 HG21 167 
   166 1.76 0.0 HB2 25 
   963 129.6 0.0 CE2 88 
   1379 41.7 0.0 CB 125 
   1323 3.93 0.0 HA2 121 
   1338 32.9 0.0 CB 122 
   506 118.9 0.0 N 51 
   451 1.26 0.0 HG12 48 
   464 118.5 0.0 N 48 
   322 2.45 0.0 HG3 38 
   1019 2.51 0.0 HB2 93 
   779 8.54 0.0 H 75 
   455 0.97 0.0 HG23 48 
   1709 32.1 0.0 CB 152 
   212 107.0 0.0 N 29 
   613 127.8 0.0 NE1 61 
   612 121.9 0.0 N 61 
   1053 3.78 0.0 HA 96 
   1707 3.6 0.0 HD3 152 
   1183 0.58 0.0 HG12 107 
   374 118.4 0.0 N 41 
   942 1.9 0.0 HB3 87 
   11 2.32 0.0 HG3 12 
   85 21.7 0.0 CG1 18 
   1881 45.6 0.0 CA 165 
   1834 1.39 0.0 HB 162 
   378 2.71 0.0 HB3 42 
   541 1.31 0.0 HG2 55 
   1567 2.06 0.0 HB3 140 
   1413 4.07 0.0 HA 129 
   683 7.79 0.0 HD21 67 
   450 1.98 0.0 HB 48 
   1391 69.5 0.0 CB 126 
   1465 1.04 0.0 HD22 132 
   1989 7.61 0.0 HD21 174 
   293 7.05 0.0 HH2 36 
   993 2.38 0.0 HB3 91 
   1020 2.67 0.0 HB3 93 
   1509 30.1 0.0 CB 135 
   1021 52.0 0.0 CA 93 
   273 0.91 0.0 HD12 35 
   1620 136.3 0.0 CE1 144 
   1380 26.3 0.0 CG 125 
   1090 133.8 0.0 CD2 98 
   1303 117.4 0.0 CE2 118 
   548 32.2 0.0 CB 55 
   1767 21.1 0.0 CG1 156 
   784 8.54 0.0 H 76 
   1474 3.57 0.0 HA 133 
   259 2.16 0.0 HB2 34 
   1370 1.68 0.0 HB3 125 
   1905 0.85 0.0 HD11 167 
   802 2.94 0.0 HB2 77 
   1410 136.2 0.0 CE1 128 
   1278 4.0 0.0 HA 116 
   404 37.9 0.0 CB 44 
   1196 1.88 0.0 HG2 108 
   944 2.0 0.0 HG3 87 
   1203 49.8 0.0 CD 108 
   505 21.0 0.0 CG2 51 
   479 4.78 0.0 HA 50 
   61 3.95 0.0 HA 17 
   1993 121.0 0.0 N 174 
   1547 48.1 0.0 CD 138 
   1121 59.6 0.0 CA 101 
   174 57.0 0.0 CA 25 
   819 125.9 0.0 CD1 78 
   695 1.69 0.0 HD2 68 
   1393 111.5 0.0 N 126 
   1754 18.2 0.0 CB 155 
   616 2.1 0.0 HB2 62 
   576 39.1 0.0 CB 58 
   692 1.89 0.0 HB3 68 
   1389 1.41 0.0 HG23 126 
   655 0.91 0.0 HD23 64 
   648 1.86 0.0 HB3 64 
   1110 1.25 0.0 HG23 100 
   125 2.1 0.0 HG2 22 
   1800 1.71 0.0 HG2 159 
   1206 2.17 0.0 HB2 109 
   119 17.2 0.0 CG2 21 
   1349 -0.36 0.0 HG22 123 
   1251 3.12 0.0 HE2 113 
   1235 56.4 0.0 CA 111 
   1285 2.4 0.0 HG3 117 
   1246 1.82 0.0 HB3 113 
   795 38.2 0.0 CB 76 
   1275 18.9 0.0 CB 115 
   1587 3.92 0.0 HA 142 
   924 9.53 0.0 H 86 
   493 8.77 0.0 H 51 
   1611 7.37 0.0 H 144 
   1360 7.71 0.0 H 124 
   97 1.96 0.0 HB2 20 
   880 0.82 0.0 HD12 83 
   2001 7.5 0.0 HE21 175 
   813 7.27 0.0 HE3 78 
   554 4.54 0.0 HA 56 
   698 3.0 0.0 HE3 68 
   716 4.53 0.0 HA2 70 
   686 37.3 0.0 CB 67 
   1233 2.6 0.0 HB2 111 
   1459 1.92 0.0 HB3 132 
   675 2.44 0.0 HB3 66 
   507 8.37 0.0 H 52 
   480 3.32 0.0 HB2 50 
   98 2.19 0.0 HB3 20 
   966 8.46 0.0 H 89 
   911 1.74 0.0 HB3 85 
   611 123.3 0.0 CH2 61 
   155 1.18 0.0 HD21 24 
   1622 8.62 0.0 H 145 
   2007 112.3 0.0 NE2 175 
   284 8.01 0.0 H 36 
   1882 108.0 0.0 N 165 
   812 10.66 0.0 HE1 78 
   1873 34.1 0.0 CB 164 
   1045 1.91 0.0 HG3 95 
   1471 26.2 0.0 CD2 132 
   40 3.21 0.0 HD2 15 
   730 7.61 0.0 H 72 
   478 8.25 0.0 H 50 
   1804 66.3 0.0 CA 159 
   1644 2.21 0.0 HG3 146 
   83 64.2 0.0 CA 18 
   512 2.42 0.0 HG3 52 
   621 5.55 0.0 HE2 62 
   995 2.13 0.0 HG3 91 
   7 4.11 0.0 HA 12 
   811 7.03 0.0 HD1 78 
   1835 0.32 0.0 HG12 162 
   1840 0.01 0.0 HD11 162 
   1450 3.64 0.0 HD2 131 
   862 7.19 0.0 HD2 81 
   1652 1.22 0.0 HB2 147 
   1312 57.4 0.0 CA 119 
   1094 3.55 0.0 HA 99 
   402 6.81 0.0 HE2 44 
   823 123.5 0.0 CH2 78 
   10 2.32 0.0 HG2 12 
   366 1.74 0.0 HD3 41 
   1488 123.0 0.0 CZ3 133 
   344 0.97 0.0 HB2 40 
   842 5.13 0.0 HA 80 
   1026 2.04 0.0 HB 94 
   622 5.65 0.0 HZ 62 
   1632 0.45 0.0 HD23 145 
   430 114.9 0.0 N 46 
   1414 3.1 0.0 HB2 129 
   1127 0.01 0.0 HB1 102 
   1958 55.9 0.0 CA 171 
   1593 -0.51 0.0 HD13 142 
   1050 27.0 0.0 CG 95 
   736 3.09 0.0 HD2 72 
   1677 45.7 0.0 CA 149 
   1995 8.36 0.0 H 175 
   928 7.33 0.0 HD1 86 
   775 130.0 0.0 CE1 74 
   1430 3.99 0.0 HA 130 
   465 7.64 0.0 H 49 
   1913 112.3 0.0 N 167 
   1589 1.6 0.0 HB3 142 
   1207 2.39 0.0 HB3 109 
   1502 1.71 0.0 HB2 135 
   1423 131.7 0.0 CD1 129 
   90 3.98 0.0 HB2 19 
   1257 42.5 0.0 CE 113 
   172 2.92 0.0 HE2 25 
   1695 125.1 0.0 N 150 
   1475 2.49 0.0 HB2 133 
   1839 0.81 0.0 HG23 162 
   901 0.64 0.0 HD23 84 
   884 0.77 0.0 HD23 83 
   1653 1.22 0.0 HB3 147 
   1167 27.6 0.0 CG1 105 
   269 1.46 0.0 HB2 35 
   906 24.8 0.0 CD2 84 
   1660 2.08 0.0 HB3 148 
   868 4.02 0.0 HA 82 
   123 1.93 0.0 HB2 22 
   379 2.4 0.0 HG2 42 
   466 4.23 0.0 HA 49 
   403 62.3 0.0 CA 44 
   1751 1.43 0.0 HB2 155 
   735 1.63 0.0 HG3 72 
   1590 1.64 0.0 HG 142 
   1964 1.72 0.0 HB2 172 
   1044 1.84 0.0 HG2 95 
   1512 113.5 0.0 N 135 
   610 120.2 0.0 CZ3 61 
   511 2.31 0.0 HG2 52 
   939 8.12 0.0 H 87 
   1055 1.32 0.0 HG12 96 
   1747 118.8 0.0 N 154 
   347 0.84 0.0 HD11 40 
   1719 7.16 0.0 HZ2 153 
   1671 26.1 0.0 CD1 148 
   1392 21.7 0.0 CG2 126 
   46 121.6 0.0 N 15 
   306 0.99 0.0 HG11 37 
   601 7.9 0.0 HE3 61 
   1768 21.8 0.0 CG2 156 
   778 117.0 0.0 N 74 
   691 1.81 0.0 HB2 68 
   147 9.12 0.0 H 24 
   1397 2.68 0.0 HB3 127 
   1756 6.91 0.0 H 156 
   258 4.24 0.0 HA 34 
   194 6.5 0.0 HD21 27 
   22 18.5 0.0 CB 13 
   1783 0.82 0.0 HG12 158 
   334 1.47 0.0 HG2 39 
   1914 8.64 0.0 H 168 
   30 64.2 0.0 CA 14 
   894 1.93 0.0 HB3 84 
   128 4.08 0.0 HD3 22 
   1224 0.68 0.0 HD23 110 
   1982 58.6 0.0 CA 173 
   358 120.3 0.0 N 40 
   870 2.87 0.0 HB3 82 
   1514 4.26 0.0 HA 136 
   153 1.0 0.0 HD12 24 
   910 1.51 0.0 HB2 85 
   1078 103.6 0.0 N 97 
   1845 29.2 0.0 CG1 162 
   926 2.88 0.0 HB2 86 
   921 29.2 0.0 CD 85 
   1645 57.0 0.0 CA 146 
   1562 41.9 0.0 CE 139 
   1826 57.4 0.0 CA 161 
   952 3.07 0.0 HB3 88 
   1326 107.3 0.0 N 121 
   189 121.3 0.0 N 26 
   595 7.49 0.0 H 61 
   1192 119.5 0.0 N 107 
   782 45.8 0.0 CA 75 
   804 55.2 0.0 CA 77 
   827 4.84 0.0 HA 79 
   577 116.9 0.0 N 58 
   1311 3.21 0.0 HD3 119 
   659 24.3 0.0 CD1 64 
   1237 119.9 0.0 N 111 
   712 29.6 0.0 CB 69 
   23 122.6 0.0 N 13 
   190 9.34 0.0 H 27 
   1681 1.36 0.0 HB2 150 
   1006 6.63 0.0 HE1 92 
   1948 24.8 0.0 CG 170 
   1108 1.25 0.0 HG21 100 
   636 1.74 0.0 HG3 63 
   1159 0.67 0.0 HG21 105 
   1253 56.4 0.0 CA 113 
   1334 1.73 0.0 HD3 122 
   1276 128.2 0.0 N 115 
   530 3.06 0.0 HB3 54 
   693 1.46 0.0 HG2 68 
   1428 121.3 0.0 N 129 
   1794 18.6 0.0 CG2 158 
   141 1.13 0.0 HG23 23 
   830 6.96 0.0 HD1 79 
   553 8.2 0.0 H 56 
   1191 22.2 0.0 CG2 107 
   453 0.97 0.0 HG21 48 
   1603 9.24 0.0 H 143 
   299 120.3 0.0 CZ3 36 
   883 0.77 0.0 HD22 83 
   885 57.1 0.0 CA 83 
   954 7.16 0.0 HD2 88 
   19 1.47 0.0 HB2 13 
   425 3.98 0.0 HB2 46 
   1299 39.5 0.0 CB 118 
   1153 119.5 0.0 N 104 
   1371 1.35 0.0 HG 125 
   694 1.46 0.0 HG3 68 
   1180 4.9 0.0 HA 107 
   918 56.1 0.0 CA 85 
   947 37.4 0.0 CG 87 
   29 1.24 0.0 HG23 14 
   1832 8.16 0.0 H 162 
   593 40.5 0.0 CB 60 
   398 3.25 0.0 HB3 44 
   851 0.82 0.0 HD13 80 
   1363 2.78 0.0 HB3 124 
   913 1.18 0.0 HG3 85 
   774 131.7 0.0 CD2 74 
   1361 4.44 0.0 HA 124 
   1114 122.2 0.0 N 100 
   1787 0.42 0.0 HG23 158 
   806 114.4 0.0 N 77 
   1972 56.3 0.0 CA 172 
   1144 8.6 0.0 H 104 
   1202 27.1 0.0 CG 108 
   1071 4.67 0.0 HB 97 
   1374 0.13 0.0 HD13 125 
   729 107.9 0.0 N 71 
   561 118.9 0.0 N 56 
   1917 2.09 0.0 HB3 168 
   723 1.1 0.0 HG21 71 
   1426 129.8 0.0 CE2 129 
   1000 8.46 0.0 H 92 
   1560 25.7 0.0 CG 139 
   1464 1.04 0.0 HD21 132 
   1225 53.9 0.0 CA 110 
   1138 2.95 0.0 HD2 103 
   874 8.23 0.0 H 83 
   1555 1.62 0.0 HD3 139 
   1491 130.6 0.0 NE1 133 
   1096 2.2 0.0 HB3 99 
   1165 62.8 0.0 CA 105 
   1405 7.06 0.0 HD2 128 
   37 1.87 0.0 HB3 15 
   1641 2.2 0.0 HB2 146 
   1187 0.93 0.0 HG23 107 
   1945 2.96 0.0 HE3 170 
   387 2.22 0.0 HB2 43 
   524 37.4 0.0 CB 53 
   546 2.84 0.0 HE3 55 
   58 43.2 0.0 CD 16 
   818 32.6 0.0 CB 78 
   998 35.4 0.0 CG 91 
   122 4.51 0.0 HA 22 
   557 7.04 0.0 HD21 56 
   154 1.0 0.0 HD13 24 
   1424 131.7 0.0 CD2 129 
   137 0.96 0.0 HG12 23 
   596 4.27 0.0 HA 61 
   665 1.81 0.0 HB3 65 
   1007 6.63 0.0 HE2 92 
   113 -0.19 0.0 HD11 21 
   1446 1.83 0.0 HB2 131 
   673 4.75 0.0 HA 66 
   1784 1.49 0.0 HG13 158 
   1855 7.42 0.0 HE21 163 
   705 8.77 0.0 H 69 
   169 1.29 0.0 HG3 25 
   96 4.35 0.0 HA 20 
   940 5.28 0.0 HA 87 
   1527 0.66 0.0 HG12 137 
   1269 8.73 0.0 H 115 
   1461 0.93 0.0 HD11 132 
   1680 4.08 0.0 HA 150 
   270 1.81 0.0 HB3 35 
   1772 0.27 0.0 HB2 157 
   1117 3.67 0.0 HB 101 
   267 8.01 0.0 H 35 
   618 5.47 0.0 HD1 62 
   1657 8.89 0.0 H 148 
   709 2.34 0.0 HG2 69 
   1544 64.6 0.0 CA 138 
   967 5.42 0.0 HA 89 
   1978 8.4 0.0 H 173 
   1607 1.04 0.0 HB3 143 
   127 3.72 0.0 HD2 22 
   1448 1.99 0.0 HG2 131 
   1857 58.8 0.0 CA 163 
   1649 8.35 0.0 H 147 
   1384 8.22 0.0 H 126 
   744 4.72 0.0 HA 73 
   467 1.95 0.0 HB2 49 
   627 133.7 0.0 CE1 62 
   1169 14.7 0.0 CD1 105 
