   11 2.32 0.0 HG3 12 
   1171 8.88 0.0 H 106 
   61 3.95 0.0 HA 17 
   340 26.9 0.0 CG 39 
   101 56.0 0.0 CA 20 
   1974 24.7 0.0 CG 172 
   1551 1.6 0.0 HB3 139 
   1892 63.3 0.0 CA 166 
   1550 1.74 0.0 HB2 139 
   1421 62.4 0.0 CA 129 
   1061 0.87 0.0 HD12 96 
   1862 7.88 0.0 H 164 
   716 4.53 0.0 HA2 70 
   1923 31.6 0.0 CB 168 
   615 4.91 0.0 HA 62 
   2004 29.2 0.0 CB 175 
   212 107.0 0.0 N 29 
   1204 9.68 0.0 H 109 
   1660 2.08 0.0 HB3 148 
   1907 0.85 0.0 HD13 167 
   435 1.91 0.0 HG 47 
   784 8.54 0.0 H 76 
   1060 0.87 0.0 HD11 96 
   750 7.02 0.0 HZ2 73 
   58 43.2 0.0 CD 16 
   1089 132.8 0.0 CD1 98 
   1339 25.6 0.0 CG 122 
   1340 28.9 0.0 CD 122 
   552 122.1 0.0 N 55 
   1202 27.1 0.0 CG 108 
   1234 2.72 0.0 HB3 111 
   23 122.6 0.0 N 13 
   977 1.29 0.0 HG13 90 
   225 4.34 0.0 HA 31 
   1058 0.98 0.0 HG22 96 
   1537 4.86 0.0 HA 138 
   371 25.0 0.0 CG 41 
   1395 4.38 0.0 HA 127 
   760 125.1 0.0 N 73 
   1633 58.4 0.0 CA 145 
   1413 4.07 0.0 HA 129 
   753 55.4 0.0 CA 73 
   226 1.82 0.0 HB2 31 
   741 43.1 0.0 CD 72 
   848 0.64 0.0 HG23 80 
   1449 2.12 0.0 HG3 131 
   261 2.42 0.0 HG2 34 
   289 9.86 0.0 HE1 36 
   581 2.76 0.0 HB3 59 
   522 6.74 0.0 HD22 53 
   1504 1.59 0.0 HG2 135 
   901 0.64 0.0 HD23 84 
   629 131.9 0.0 CZ 62 
   793 2.95 0.0 HE3 76 
   675 2.44 0.0 HB3 66 
   1258 117.5 0.0 N 113 
   713 37.3 0.0 CG 69 
   1156 1.26 0.0 HB 105 
   706 4.19 0.0 HA 69 
   682 3.59 0.0 HB3 67 
   1967 1.43 0.0 HG3 172 
   1631 0.45 0.0 HD22 145 
   285 4.72 0.0 HA 36 
   63 1.01 0.0 HG11 17 
   1634 42.1 0.0 CB 145 
   1158 1.15 0.0 HG13 105 
   445 25.4 0.0 CD1 47 
   1970 2.95 0.0 HE2 172 
   292 7.51 0.0 HZ3 36 
   1542 3.23 0.0 HD2 138 
   143 32.8 0.0 CB 23 
   326 28.0 0.0 CB 38 
   394 120.6 0.0 N 43 
   1493 4.17 0.0 HA 134 
   1512 113.5 0.0 N 135 
   1502 1.71 0.0 HB2 135 
   639 7.37 0.0 HE 63 
   94 116.9 0.0 N 19 
   21 54.2 0.0 CA 13 
   555 2.93 0.0 HB2 56 
   354 41.3 0.0 CB 40 
   903 43.1 0.0 CB 84 
   416 7.61 0.0 HE21 45 
   493 8.77 0.0 H 51 
   1113 21.6 0.0 CG2 100 
   20 1.47 0.0 HB3 13 
   573 2.55 0.0 HB2 58 
   1175 1.34 0.0 HB3 106 
   637 3.25 0.0 HD2 63 
   1328 4.58 0.0 HA 122 
   969 2.91 0.0 HB3 89 
   26 4.2 0.0 HB 14 
   719 107.1 0.0 N 70 
   1326 107.3 0.0 N 121 
   1920 6.76 0.0 HE21 168 
   406 131.7 0.0 CD2 44 
   434 2.21 0.0 HB3 47 
   1938 1.7 0.0 HB2 170 
   1949 29.2 0.0 CD 170 
   755 123.5 0.0 CD1 73 
   1176 50.2 0.0 CA 106 
   908 8.45 0.0 H 85 
   8 2.03 0.0 HB2 12 
   1408 30.4 0.0 CB 128 
   579 5.05 0.0 HA 59 
   1396 2.61 0.0 HB2 127 
   1184 0.58 0.0 HG13 107 
   1553 1.46 0.0 HG3 139 
   1932 57.3 0.0 CA 169 
   99 2.21 0.0 HG2 20 
   1579 130.1 0.0 CZ 140 
   1927 8.65 0.0 H 169 
   1637 23.3 0.0 CD2 145 
   366 1.74 0.0 HD3 41 
   998 35.4 0.0 CG 91 
   1059 0.98 0.0 HG23 96 
   1450 3.64 0.0 HD2 131 
   160 31.1 0.0 CG 24 
   1040 121.6 0.0 N 94 
   1082 3.27 0.0 HB3 98 
   1823 0.73 0.0 HD21 161 
   961 131.7 0.0 CD2 88 
   530 3.06 0.0 HB3 54 
   1604 3.75 0.0 HA 143 
   590 2.19 0.0 HB2 60 
   281 22.8 0.0 CD1 35 
   270 1.81 0.0 HB3 35 
   210 4.82 0.0 HA3 29 
   1693 23.0 0.0 CD1 150 
   533 55.3 0.0 CA 54 
   1035 55.2 0.0 CA 94 
   1304 8.4 0.0 H 119 
   2007 112.3 0.0 NE2 175 
   38 1.59 0.0 HG2 15 
   1161 0.67 0.0 HG23 105 
   572 4.38 0.0 HA 58 
   1625 2.33 0.0 HB3 145 
   1897 6.85 0.0 H 167 
   971 41.3 0.0 CB 89 
   1928 4.05 0.0 HA 169 
   1097 1.5 0.0 HG2 99 
   1960 36.0 0.0 CG 171 
   1826 57.4 0.0 CA 161 
   1941 1.38 0.0 HG3 170 
   30 64.2 0.0 CA 14 
   64 1.01 0.0 HG12 17 
   700 31.8 0.0 CB 68 
   542 1.59 0.0 HG3 55 
   309 1.13 0.0 HG21 37 
   1 4.65 0.0 HA 11 
   1896 115.2 0.0 N 166 
   1305 4.25 0.0 HA 119 
   501 0.8 0.0 HG23 51 
   1483 61.0 0.0 CA 133 
   392 28.4 0.0 CB 43 
   852 59.6 0.0 CA 80 
   1320 45.5 0.0 CA 120 
   1098 1.77 0.0 HG3 99 
   575 55.3 0.0 CA 58 
   596 4.27 0.0 HA 61 
   1128 0.01 0.0 HB2 102 
   1069 7.01 0.0 H 97 
   808 6.21 0.0 HA 78 
   1459 1.92 0.0 HB3 132 
   668 54.6 0.0 CA 65 
   1686 0.87 0.0 HD13 150 
   1412 7.96 0.0 H 129 
   357 24.3 0.0 CD2 40 
   1197 2.12 0.0 HG3 108 
   1584 44.0 0.0 CA 141 
   817 56.7 0.0 CA 78 
   1863 4.19 0.0 HA 164 
   827 4.84 0.0 HA 79 
   469 1.74 0.0 HG2 49 
   723 1.1 0.0 HG21 71 
   563 7.52 0.0 H 57 
   1878 7.93 0.0 H 165 
   83 64.2 0.0 CA 18 
   462 17.0 0.0 CG2 48 
   425 3.98 0.0 HB2 46 
   1954 1.93 0.0 HB2 171 
   1482 7.06 0.0 HH2 133 
   795 38.2 0.0 CB 76 
   1674 7.41 0.0 H 149 
   231 3.17 0.0 HD3 31 
   1848 120.1 0.0 N 162 
   288 7.34 0.0 HD1 36 
   346 0.96 0.0 HG 40 
   178 41.8 0.0 CE 25 
   703 41.8 0.0 CE 68 
   1081 2.76 0.0 HB2 98 
   1507 3.11 0.0 HD3 135 
   1214 7.93 0.0 H 110 
   1801 2.05 0.0 HG3 159 
   683 7.79 0.0 HD21 67 
   1303 117.4 0.0 CE2 118 
   891 7.9 0.0 H 84 
   1030 0.7 0.0 HG22 94 
   119 17.2 0.0 CG2 21 
   1951 123.6 0.0 N 170 
   523 55.6 0.0 CA 53 
   327 33.3 0.0 CG 38 
   368 2.96 0.0 HE3 41 
   1882 108.0 0.0 N 165 
   1559 32.6 0.0 CB 139 
   612 121.9 0.0 N 61 
   1690 57.9 0.0 CA 150 
   662 8.9 0.0 H 65 
   1385 4.28 0.0 HA 126 
   235 43.1 0.0 CD 31 
   708 2.23 0.0 HB3 69 
   850 0.82 0.0 HD12 80 
   1090 133.8 0.0 CD2 98 
   304 3.36 0.0 HA 37 
   1198 3.48 0.0 HD2 108 
   1657 8.89 0.0 H 148 
   364 1.73 0.0 HG3 41 
   613 127.8 0.0 NE1 61 
   1132 126.2 0.0 N 102 
   1147 1.85 0.0 HB3 104 
   1142 27.9 0.0 CG 103 
   1014 129.9 0.0 CE2 92 
   1722 62.3 0.0 CA 153 
   1266 68.6 0.0 CB 114 
   1364 57.6 0.0 CA 124 
   201 4.74 0.0 HA 28 
   1428 121.3 0.0 N 129 
   334 1.47 0.0 HG2 39 
   1240 3.79 0.0 HA3 112 
   591 2.96 0.0 HB3 60 
   286 3.29 0.0 HB2 36 
   401 6.81 0.0 HE1 44 
   1883 7.79 0.0 H 166 
   1933 30.1 0.0 CB 169 
   603 6.87 0.0 HZ3 61 
   122 4.51 0.0 HA 22 
   90 3.98 0.0 HB2 19 
   1714 3.23 0.0 HB2 153 
   296 127.0 0.0 CD1 36 
   1192 119.5 0.0 N 107 
   1578 129.7 0.0 CE2 140 
   1314 27.1 0.0 CG 119 
   720 8.33 0.0 H 71 
   1780 7.94 0.0 H 158 
   710 2.54 0.0 HG3 69 
   1139 3.85 0.0 HD3 103 
   569 19.0 0.0 CB 57 
   1378 54.2 0.0 CA 125 
   829 3.01 0.0 HB3 79 
   1590 1.64 0.0 HG 142 
   1864 1.76 0.0 HB2 164 
   440 0.98 0.0 HD22 47 
   251 3.34 0.0 HD3 33 
   490 118.8 0.0 CE1 50 
   1926 112.3 0.0 NE2 168 
   1088 42.0 0.0 CB 98 
   446 23.9 0.0 CD2 47 
   1984 120.4 0.0 N 173 
   108 0.36 0.0 HG12 21 
   1496 1.5 0.0 HB3 134 
   275 1.01 0.0 HD21 35 
   1554 1.56 0.0 HD2 139 
   1670 27.0 0.0 CG 148 
   279 42.7 0.0 CB 35 
   669 34.1 0.0 CB 65 
   1527 0.66 0.0 HG12 137 
   1182 0.58 0.0 HG11 107 
   913 1.18 0.0 HG3 85 
   396 4.5 0.0 HA 44 
   1887 1.0 0.0 HG12 166 
   1904 0.95 0.0 HG23 167 
   1221 0.5 0.0 HD13 110 
   698 3.0 0.0 HE3 68 
   866 126.2 0.0 N 81 
   36 1.87 0.0 HB2 15 
   82 1.01 0.0 HG23 18 
   480 3.32 0.0 HB2 50 
   1962 8.44 0.0 H 172 
   782 45.8 0.0 CA 75 
   1758 1.8 0.0 HB 156 
   1694 27.2 0.0 CD2 150 
   1466 1.04 0.0 HD23 132 
   588 8.49 0.0 H 60 
   547 60.5 0.0 CA 55 
   705 8.77 0.0 H 69 
   1778 34.2 0.0 CG 157 
   1787 0.42 0.0 HG23 158 
   1576 127.3 0.0 CD2 140 
   1532 60.5 0.0 CA 137 
   1861 111.2 0.0 NE2 163 
   1373 0.13 0.0 HD12 125 
   1117 3.67 0.0 HB 101 
   671 122.0 0.0 N 65 
   336 2.71 0.0 HD2 39 
   1307 1.79 0.0 HB3 119 
   1830 22.9 0.0 CD2 161 
   1743 42.6 0.0 CB 154 
   622 5.65 0.0 HZ 62 
   1179 8.02 0.0 H 107 
   699 59.8 0.0 CA 68 
   788 1.43 0.0 HG2 76 
   803 3.39 0.0 HB3 77 
   41 3.21 0.0 HD3 15 
   65 1.01 0.0 HG13 17 
   105 7.66 0.0 H 21 
   606 29.6 0.0 CB 61 
   1842 0.01 0.0 HD13 162 
   1565 4.03 0.0 HA 140 
   1505 1.72 0.0 HG3 135 
   196 51.1 0.0 CA 27 
   1425 129.8 0.0 CE1 129 
   1991 53.2 0.0 CA 174 
   1306 1.79 0.0 HB2 119 
   697 3.0 0.0 HE2 68 
   1691 42.2 0.0 CB 150 
   1294 7.0 0.0 HD1 118 
   790 1.55 0.0 HD2 76 
   437 0.93 0.0 HD12 47 
   1963 4.4 0.0 HA 172 
   1943 1.6 0.0 HD3 170 
   206 24.4 0.0 CB 28 
   1196 1.88 0.0 HG2 108 
   899 0.64 0.0 HD21 84 
   1586 10.28 0.0 H 142 
   436 0.93 0.0 HD11 47 
   822 120.5 0.0 CZ3 78 
   388 2.34 0.0 HB3 43 
   1411 114.8 0.0 N 128 
   928 7.33 0.0 HD1 86 
   878 1.45 0.0 HG 83 
   1322 8.15 0.0 H 121 
   333 2.31 0.0 HB3 39 
   1405 7.06 0.0 HD2 128 
   1125 7.94 0.0 H 102 
   9 2.03 0.0 HB3 12 
   1700 105.7 0.0 N 151 
   1929 2.59 0.0 HB2 169 
   146 116.5 0.0 N 23 
   1936 8.48 0.0 H 170 
   423 8.3 0.0 H 46 
   1802 3.0 0.0 HD2 159 
   1112 67.9 0.0 CB 100 
   1903 0.95 0.0 HG22 167 
   370 32.0 0.0 CB 41 
   74 8.12 0.0 H 18 
   942 1.9 0.0 HB3 87 
   1964 1.72 0.0 HB2 172 
   161 27.0 0.0 CD1 24 
   317 7.16 0.0 H 38 
   1346 0.57 0.0 HG12 123 
   1008 6.45 0.0 HZ 92 
   1533 33.3 0.0 CB 137 
   624 40.9 0.0 CB 62 
   970 54.7 0.0 CA 89 
   1822 0.66 0.0 HD13 161 
   531 4.55 0.0 HD21 54 
   152 1.0 0.0 HD11 24 
   1598 40.4 0.0 CB 142 
   849 0.82 0.0 HD11 80 
   378 2.71 0.0 HB3 42 
   560 38.1 0.0 CB 56 
   1676 3.16 0.0 HA3 149 
   868 4.02 0.0 HA 82 
   1757 3.87 0.0 HA 156 
   381 59.1 0.0 CA 42 
   1499 117.9 0.0 N 134 
   1783 0.82 0.0 HG12 158 
   1276 128.2 0.0 N 115 
   1403 3.23 0.0 HB2 128 
   1280 2.0 0.0 HB3 116 
   44 27.3 0.0 CG 15 
   1539 1.47 0.0 HB3 138 
   1654 55.8 0.0 CA 147 
   1977 122.0 0.0 N 172 
   799 121.3 0.0 N 76 
   1683 1.88 0.0 HG 150 
   1994 112.7 0.0 ND2 174 
   887 26.8 0.0 CG 83 
   1990 6.91 0.0 HD22 174 
   645 8.7 0.0 H 64 
   628 133.7 0.0 CE2 62 
   957 7.05 0.0 HZ 88 
   269 1.46 0.0 HB2 35 
   1538 1.22 0.0 HB2 138 
   1057 0.98 0.0 HG21 96 
   318 4.09 0.0 HA 38 
   1027 1.78 0.0 HG12 94 
   525 119.5 0.0 N 53 
   1911 18.1 0.0 CG2 167 
   1663 0.8 0.0 HD12 148 
   1296 6.74 0.0 HE1 118 
   1435 1.73 0.0 HD2 130 
   1216 1.6 0.0 HB2 110 
   144 18.2 0.0 CG1 23 
   806 114.4 0.0 N 77 
   2002 6.84 0.0 HE22 175 
   128 4.08 0.0 HD3 22 
   1851 2.24 0.0 HB2 163 
   958 56.0 0.0 CA 88 
   321 2.45 0.0 HG2 38 
   1269 8.73 0.0 H 115 
