   1904 0.95 0.0 HG23 167 
   1546 24.1 0.0 CG 138 
   228 1.58 0.0 HG2 31 
   1916 1.92 0.0 HB2 168 
   244 8.58 0.0 H 33 
   220 63.2 0.0 CA 30 
   770 6.92 0.0 HZ 74 
   559 55.3 0.0 CA 56 
   1187 0.93 0.0 HG23 107 
   785 5.61 0.0 HA 76 
   1598 40.4 0.0 CB 142 
   851 0.82 0.0 HD13 80 
   1135 2.45 0.0 HB3 103 
   1618 29.7 0.0 CB 144 
   313 31.3 0.0 CB 37 
   1168 17.5 0.0 CG2 105 
   670 36.3 0.0 CG 65 
   456 0.92 0.0 HD11 48 
   1832 8.16 0.0 H 162 
   1638 121.2 0.0 N 145 
   2 2.76 0.0 HB2 11 
   1072 1.17 0.0 HG21 97 
   980 1.02 0.0 HG23 90 
   1896 115.2 0.0 N 166 
   1110 1.25 0.0 HG23 100 
   1141 31.9 0.0 CB 103 
   1501 4.14 0.0 HA 135 
   402 6.81 0.0 HE2 44 
   600 9.85 0.0 HE1 61 
   2007 112.3 0.0 NE2 175 
   193 3.25 0.0 HB3 27 
   1741 1.14 0.0 HD23 154 
   711 58.0 0.0 CA 69 
   874 8.23 0.0 H 83 
   586 116.4 0.0 N 59 
   1926 112.3 0.0 NE2 168 
   543 1.6 0.0 HD2 55 
   1297 6.74 0.0 HE2 118 
   673 4.75 0.0 HA 66 
   1517 6.92 0.0 HD21 136 
   376 4.12 0.0 HA 42 
   677 66.8 0.0 CB 66 
   1866 1.45 0.0 HG2 164 
   492 119.9 0.0 N 50 
   1509 30.1 0.0 CB 135 
   137 0.96 0.0 HG12 23 
   1906 0.85 0.0 HD12 167 
   1657 8.89 0.0 H 148 
   1557 2.91 0.0 HE3 139 
   1360 7.71 0.0 H 124 
   1232 4.44 0.0 HA 111 
   1790 0.18 0.0 HD13 158 
   1430 3.99 0.0 HA 130 
   250 3.34 0.0 HD2 33 
   690 3.96 0.0 HA 68 
   1814 115.9 0.0 N 160 
   1007 6.63 0.0 HE2 92 
   1003 3.68 0.0 HB3 92 
   1221 0.5 0.0 HD13 110 
   267 8.01 0.0 H 35 
   319 2.23 0.0 HB2 38 
   1305 4.25 0.0 HA 119 
   979 1.02 0.0 HG22 90 
   1392 21.7 0.0 CG2 126 
   906 24.8 0.0 CD2 84 
   663 4.51 0.0 HA 65 
   653 0.91 0.0 HD21 64 
   554 4.54 0.0 HA 56 
   369 60.1 0.0 CA 41 
   1635 26.4 0.0 CG 145 
   948 122.6 0.0 N 87 
   1152 35.9 0.0 CG 104 
   452 1.86 0.0 HG13 48 
   45 43.1 0.0 CD 15 
   1970 2.95 0.0 HE2 172 
   1121 59.6 0.0 CA 101 
   1025 4.37 0.0 HA 94 
   1534 20.4 0.0 CG1 137 
   1538 1.22 0.0 HB2 138 
   1950 41.8 0.0 CE 170 
   399 7.33 0.0 HD1 44 
   49 1.9 0.0 HB2 16 
   103 36.3 0.0 CG 20 
   628 133.7 0.0 CE2 62 
   1978 8.4 0.0 H 173 
   1702 1.82 0.0 HB2 152 
   1960 36.0 0.0 CG 171 
   158 56.0 0.0 CA 24 
   1718 7.08 0.0 HE3 153 
   144 18.2 0.0 CG1 23 
   1876 41.8 0.0 CE 164 
   1742 57.8 0.0 CA 154 
   763 5.33 0.0 HA 74 
   1000 8.46 0.0 H 92 
   44 27.3 0.0 CG 15 
   681 3.07 0.0 HB2 67 
   1606 1.04 0.0 HB2 143 
   253 28.7 0.0 CB 33 
   207 123.5 0.0 N 28 
   858 9.14 0.0 H 81 
   678 111.7 0.0 N 66 
   595 7.49 0.0 H 61 
   808 6.21 0.0 HA 78 
   17 4.21 0.0 HA 13 
   1493 4.17 0.0 HA 134 
   1293 3.08 0.0 HB3 118 
   141 1.13 0.0 HG23 23 
   74 8.12 0.0 H 18 
   1167 27.6 0.0 CG1 105 
   299 120.3 0.0 CZ3 36 
   69 64.5 0.0 CA 17 
   323 6.95 0.0 HE21 38 
   1219 0.5 0.0 HD11 110 
   105 7.66 0.0 H 21 
   676 55.8 0.0 CA 66 
   1947 33.5 0.0 CB 170 
   34 8.07 0.0 H 15 
   1752 1.43 0.0 HB3 155 
   1005 6.51 0.0 HD2 92 
   966 8.46 0.0 H 89 
   993 2.38 0.0 HB3 91 
   165 4.41 0.0 HA 25 
   115 -0.19 0.0 HD13 21 
   513 59.7 0.0 CA 52 
   1128 0.01 0.0 HB2 102 
   308 0.99 0.0 HG13 37 
   1753 53.8 0.0 CA 155 
   1761 0.75 0.0 HG13 156 
   27 1.24 0.0 HG21 14 
   334 1.47 0.0 HG2 39 
   1975 29.1 0.0 CD 172 
   1574 36.4 0.0 CB 140 
   1627 -0.05 0.0 HD11 145 
   202 1.47 0.0 HB1 28 
   1676 3.16 0.0 HA3 149 
   1034 0.45 0.0 HD13 94 
   1783 0.82 0.0 HG12 158 
   947 37.4 0.0 CG 87 
   1750 1.43 0.0 HB1 155 
   1496 1.5 0.0 HB3 134 
   522 6.74 0.0 HD22 53 
   1495 1.5 0.0 HB2 134 
   2005 33.7 0.0 CG 175 
   1138 2.95 0.0 HD2 103 
   923 121.7 0.0 N 85 
   1266 68.6 0.0 CB 114 
   337 2.71 0.0 HD3 39 
   1385 4.28 0.0 HA 126 
   1694 27.2 0.0 CD2 150 
   265 36.3 0.0 CG 34 
   1050 27.0 0.0 CG 95 
   1489 123.1 0.0 CH2 133 
   875 3.58 0.0 HA 83 
   1210 58.3 0.0 CA 109 
   928 7.33 0.0 HD1 86 
   949 9.09 0.0 H 88 
   2004 29.2 0.0 CB 175 
   713 37.3 0.0 CG 69 
   1541 1.72 0.0 HG3 138 
   1588 0.74 0.0 HB2 142 
   258 4.24 0.0 HA 34 
   1536 122.5 0.0 N 137 
   145 22.0 0.0 CG2 23 
   1668 54.5 0.0 CA 148 
   1967 1.43 0.0 HG3 172 
   1474 3.57 0.0 HA 133 
   1796 115.7 0.0 N 158 
   812 10.66 0.0 HE1 78 
   780 4.93 0.0 HA2 75 
   1615 5.82 0.0 HD2 144 
   1680 4.08 0.0 HA 150 
   1828 26.2 0.0 CG 161 
   405 131.7 0.0 CD1 44 
   950 5.09 0.0 HA 88 
   683 7.79 0.0 HD21 67 
   1313 30.5 0.0 CB 119 
   266 121.5 0.0 N 34 
   1278 4.0 0.0 HA 116 
   774 131.7 0.0 CD2 74 
   1712 7.2 0.0 H 153 
   714 115.4 0.0 N 69 
   1871 2.92 0.0 HE3 164 
   223 48.9 0.0 CD 30 
   1428 121.3 0.0 N 129 
   287 3.79 0.0 HB3 36 
   282 25.2 0.0 CD2 35 
   912 1.18 0.0 HG2 85 
   521 7.98 0.0 HD21 53 
   156 1.18 0.0 HD22 24 
   592 54.1 0.0 CA 60 
   1420 6.93 0.0 HZ 129 
   1404 3.23 0.0 HB3 128 
   562 112.3 0.0 ND2 56 
   1021 52.0 0.0 CA 93 
   1977 122.0 0.0 N 172 
   458 0.92 0.0 HD13 48 
   1526 0.66 0.0 HG11 137 
   593 40.5 0.0 CB 60 
   981 0.71 0.0 HD11 90 
   1423 131.7 0.0 CD1 129 
   1903 0.95 0.0 HG22 167 
   2006 120.6 0.0 N 175 
   269 1.46 0.0 HB2 35 
   1897 6.85 0.0 H 167 
   1272 1.43 0.0 HB2 115 
   804 55.2 0.0 CA 77 
   120 13.1 0.0 CD1 21 
   530 3.06 0.0 HB3 54 
   649 1.83 0.0 HG 64 
   1571 6.77 0.0 HE2 140 
   50 1.9 0.0 HB3 16 
   1510 27.0 0.0 CG 135 
   566 1.5 0.0 HB2 57 
   902 53.6 0.0 CA 84 
   437 0.93 0.0 HD12 47 
   1022 43.0 0.0 CB 93 
   365 1.74 0.0 HD2 41 
   607 128.3 0.0 CD1 61 
   943 2.0 0.0 HG2 87 
   1562 41.9 0.0 CE 139 
   518 4.48 0.0 HA 53 
   1946 56.7 0.0 CA 170 
   1155 3.79 0.0 HA 105 
   1032 0.45 0.0 HD11 94 
   1450 3.64 0.0 HD2 131 
   590 2.19 0.0 HB2 60 
   1410 136.2 0.0 CE1 128 
   667 2.03 0.0 HG3 65 
   33 113.2 0.0 N 14 
   93 63.2 0.0 CB 19 
   1599 26.2 0.0 CG 142 
   19 1.47 0.0 HB2 13 
   1260 4.63 0.0 HA 114 
   1041 4.62 0.0 HA 95 
   725 1.1 0.0 HG23 71 
   195 7.45 0.0 HD22 27 
   833 6.69 0.0 HE2 79 
   72 21.8 0.0 CG2 17 
   1679 7.83 0.0 H 150 
   101 56.0 0.0 CA 20 
   1076 67.7 0.0 CB 97 
   617 2.5 0.0 HB3 62 
   1786 0.42 0.0 HG22 158 
   1326 107.3 0.0 N 121 
   209 3.95 0.0 HA2 29 
   124 2.46 0.0 HB3 22 
   1789 0.18 0.0 HD12 158 
   1645 57.0 0.0 CA 146 
   865 119.9 0.0 CD2 81 
   401 6.81 0.0 HE1 44 
   1907 0.85 0.0 HD13 167 
   1176 50.2 0.0 CA 106 
   347 0.84 0.0 HD11 40 
   927 3.29 0.0 HB3 86 
   596 4.27 0.0 HA 61 
   475 26.1 0.0 CG 49 
   891 7.9 0.0 H 84 
   1112 67.9 0.0 CB 100 
   1693 23.0 0.0 CD1 150 
   716 4.53 0.0 HA2 70 
   1992 38.6 0.0 CB 174 
   242 40.8 0.0 CB 32 
   1504 1.59 0.0 HG2 135 
   1810 2.55 0.0 HB2 160 
   900 0.64 0.0 HD22 84 
   1691 42.2 0.0 CB 150 
   1379 41.7 0.0 CB 125 
   534 36.9 0.0 CB 54 
   815 6.61 0.0 HZ3 78 
   1231 7.36 0.0 H 111 
   1357 17.0 0.0 CG2 123 
   1201 32.3 0.0 CB 108 
   1923 31.6 0.0 CB 168 
   685 51.6 0.0 CA 67 
   778 117.0 0.0 N 74 
   860 2.85 0.0 HB2 81 
   1609 18.0 0.0 CB 143 
   1451 3.77 0.0 HD3 131 
   459 65.0 0.0 CA 48 
   1870 2.92 0.0 HE2 164 
   1864 1.76 0.0 HB2 164 
   246 2.0 0.0 HB2 33 
   984 58.5 0.0 CA 90 
   1949 29.2 0.0 CD 170 
   483 7.26 0.0 HD2 50 
   908 8.45 0.0 H 85 
   222 27.2 0.0 CG 30 
   1051 50.6 0.0 CD 95 
   178 41.8 0.0 CE 25 
   1673 110.9 0.0 N 148 
   779 8.54 0.0 H 75 
   1075 60.5 0.0 CA 97 
   1936 8.48 0.0 H 170 
   1895 21.8 0.0 CG2 166 
   1449 2.12 0.0 HG3 131 
   1706 3.08 0.0 HD2 152 
   290 7.31 0.0 HE3 36 
   1185 0.93 0.0 HG21 107 
   939 8.12 0.0 H 87 
   1837 0.81 0.0 HG21 162 
   1522 116.8 0.0 ND2 136 
   1624 1.42 0.0 HB2 145 
   1091 118.2 0.0 CE1 98 
   843 1.63 0.0 HB 80 
   621 5.55 0.0 HE2 62 
   1227 26.9 0.0 CG 110 
   226 1.82 0.0 HB2 31 
   278 56.6 0.0 CA 35 
   604 7.04 0.0 HH2 61 
   764 3.1 0.0 HB2 74 
   1956 2.2 0.0 HG2 171 
   1743 42.6 0.0 CB 154 
   598 4.08 0.0 HB3 61 
   25 4.07 0.0 HA 14 
   1736 0.88 0.0 HD11 154 
   1134 0.87 0.0 HB2 103 
   861 3.25 0.0 HB3 81 
   1973 32.8 0.0 CB 172 
   407 117.8 0.0 CE1 44 
   494 3.25 0.0 HA 51 
   1086 7.33 0.0 HE2 98 
   613 127.8 0.0 NE1 61 
   1341 41.8 0.0 CE 122 
   1708 64.6 0.0 CA 152 
   1938 1.7 0.0 HB2 170 
   946 34.7 0.0 CB 87 
   498 0.78 0.0 HG13 51 
   1119 1.08 0.0 HG22 101 
   1296 6.74 0.0 HE1 118 
   98 2.19 0.0 HB3 20 
   59 120.5 0.0 N 16 
   501 0.8 0.0 HG23 51 
   194 6.5 0.0 HD21 27 
   1851 2.24 0.0 HB2 163 
   616 2.1 0.0 HB2 62 
   992 2.07 0.0 HB2 91 
   834 57.7 0.0 CA 79 
   496 0.78 0.0 HG11 51 
   1280 2.0 0.0 HB3 116 
   1179 8.02 0.0 H 107 
   760 125.1 0.0 N 73 
   1914 8.64 0.0 H 168 
   570 121.1 0.0 N 57 
   1429 8.59 0.0 H 130 
   18 1.47 0.0 HB1 13 
   1855 7.42 0.0 HE21 163 
   1162 0.43 0.0 HD11 105 
   1169 14.7 0.0 CD1 105 
   1353 -0.19 0.0 HD13 123 
   587 110.7 0.0 ND2 59 
   1739 1.14 0.0 HD21 154 
   1209 2.43 0.0 HG3 109 
   214 1.05 0.0 HB2 30 
   1203 49.8 0.0 CD 108 
   1578 129.7 0.0 CE2 140 
   1862 7.88 0.0 H 164 
   888 25.2 0.0 CD1 83 
   1945 2.96 0.0 HE3 170 
   83 64.2 0.0 CA 18 
   1265 58.4 0.0 CA 114 
   24 7.95 0.0 H 14 
   661 123.1 0.0 N 64 
   1237 119.9 0.0 N 111 
   379 2.4 0.0 HG2 42 
   1665 0.92 0.0 HD21 148 
   1797 3.52 0.0 HA 159 
   1345 0.37 0.0 HB 123 
   52 1.6 0.0 HG3 16 
   1939 1.7 0.0 HB3 170 
   108 0.36 0.0 HG12 21 
   330 8.2 0.0 H 39 
   969 2.91 0.0 HB3 89 
   9 2.03 0.0 HB3 12 
   382 29.2 0.0 CB 42 
   547 60.5 0.0 CA 55 
   1123 21.0 0.0 CG2 101 
   516 119.7 0.0 N 52 
   421 117.4 0.0 N 45 
   1984 120.4 0.0 N 173 
   1813 41.7 0.0 CB 160 
   30 64.2 0.0 CA 14 
   1543 3.45 0.0 HD3 138 
   696 1.69 0.0 HD3 68 
   1983 27.8 0.0 CB 173 
   757 113.1 0.0 CZ2 73 
   128 4.08 0.0 HD3 22 
   945 54.3 0.0 CA 87 
   1829 26.1 0.0 CD1 161 
   1035 55.2 0.0 CA 94 
   524 37.4 0.0 CB 53 
   575 55.3 0.0 CA 58 
   346 0.96 0.0 HG 40 
   172 2.92 0.0 HE2 25 
   724 1.1 0.0 HG22 71 
   799 121.3 0.0 N 76 
   1020 2.67 0.0 HB3 93 
   664 1.55 0.0 HB2 65 
   1157 0.33 0.0 HG12 105 
   1090 133.8 0.0 CD2 98 
   741 43.1 0.0 CD 72 
   1508 57.0 0.0 CA 135 
   712 29.6 0.0 CB 69 
   665 1.81 0.0 HB3 65 
   1966 1.35 0.0 HG2 172 
   79 0.94 0.0 HG13 18 
   173 2.92 0.0 HE3 25 
   640 54.8 0.0 CA 63 
   1744 26.8 0.0 CG 154 
   1391 69.5 0.0 CB 126 
   336 2.71 0.0 HD2 39 
   1974 24.7 0.0 CG 172 
   797 29.6 0.0 CD 76 
   1431 1.96 0.0 HB2 130 
   1371 1.35 0.0 HG 125 
   325 58.3 0.0 CA 38 
   1682 2.33 0.0 HB3 150 
   565 1.5 0.0 HB1 57 
   839 117.3 0.0 CE2 79 
   1555 1.62 0.0 HD3 139 
   1833 3.68 0.0 HA 162 
   1471 26.2 0.0 CD2 132 
   1664 0.8 0.0 HD13 148 
   1910 25.3 0.0 CG1 167 
   1961 119.4 0.0 N 171 
   1922 54.4 0.0 CA 168 
   1842 0.01 0.0 HD13 162 
   1170 124.1 0.0 N 105 
   1245 1.76 0.0 HB2 113 
   357 24.3 0.0 CD2 40 
   1710 28.3 0.0 CG 152 
   1809 4.33 0.0 HA 160 
   472 3.42 0.0 HD3 49 
   1747 118.8 0.0 N 154 
   1877 115.9 0.0 N 164 
   1784 1.49 0.0 HG13 158 
   1703 2.44 0.0 HB3 152 
   726 61.7 0.0 CA 71 
   1838 0.81 0.0 HG22 162 
   285 4.72 0.0 HA 36 
   1105 8.2 0.0 H 100 
   633 1.82 0.0 HB2 63 
   1366 121.7 0.0 N 124 
   1560 25.7 0.0 CG 139 
   1492 8.33 0.0 H 134 
   1113 21.6 0.0 CG2 100 
   1684 0.87 0.0 HD11 150 
   1308 1.58 0.0 HG2 119 
   800 9.17 0.0 H 77 
   1515 0.92 0.0 HB2 136 
   1442 29.4 0.0 CD 130 
   1156 1.26 0.0 HB 105 
   1727 119.6 0.0 CZ3 153 
   179 116.8 0.0 N 25 
   777 129.4 0.0 CZ 74 
   1593 -0.51 0.0 HD13 142 
   400 7.33 0.0 HD2 44 
   1715 3.56 0.0 HB3 153 
   1336 2.91 0.0 HE3 122 
   1749 3.86 0.0 HA 155 
   1570 6.77 0.0 HE1 140 
   1464 1.04 0.0 HD21 132 
   896 0.41 0.0 HD11 84 
   868 4.02 0.0 HA 82 
   1775 1.28 0.0 HG3 157 
   1 4.65 0.0 HA 11 
   1197 2.12 0.0 HG3 108 
   1275 18.9 0.0 CB 115 
   894 1.93 0.0 HB3 84 
   344 0.97 0.0 HB2 40 
   1633 58.4 0.0 CA 145 
   818 32.6 0.0 CB 78 
   215 1.42 0.0 HB3 30 
   655 0.91 0.0 HD23 64 
   1630 0.45 0.0 HD21 145 
   636 1.74 0.0 HG3 63 
   231 3.17 0.0 HD3 31 
   1971 2.95 0.0 HE3 172 
   1551 1.6 0.0 HB3 139 
   629 131.9 0.0 CZ 62 
   1887 1.0 0.0 HG12 166 
   384 119.4 0.0 N 42 
   836 131.9 0.0 CD1 79 
   1915 4.83 0.0 HA 168 
   42 58.2 0.0 CA 15 
   254 27.3 0.0 CG 33 
   1177 21.6 0.0 CB 106 
   1216 1.6 0.0 HB2 110 
   1993 121.0 0.0 N 174 
   698 3.0 0.0 HE3 68 
   1620 136.3 0.0 CE1 144 
   758 120.1 0.0 CZ3 73 
   748 9.32 0.0 HE1 73 
   1347 0.7 0.0 HG13 123 
   1479 7.41 0.0 HE3 133 
   1636 25.8 0.0 CD1 145 
   985 42.8 0.0 CB 90 
   1356 24.8 0.0 CG1 123 
   990 8.61 0.0 H 91 
   1994 112.7 0.0 ND2 174 
   1654 55.8 0.0 CA 147 
   180 10.39 0.0 H 26 
   1523 6.64 0.0 H 137 
   973 8.46 0.0 H 90 
   1352 -0.19 0.0 HD12 123 
   1533 33.3 0.0 CB 137 
   1863 4.19 0.0 HA 164 
   1287 1.89 0.0 HE2 117 
   157 1.18 0.0 HD23 24 
   412 2.23 0.0 HB2 45 
   623 57.0 0.0 CA 62 
   1354 61.9 0.0 CA 123 
   520 3.26 0.0 HB3 53 
   871 55.4 0.0 CA 82 
   1472 119.9 0.0 N 132 
   1670 27.0 0.0 CG 148 
   155 1.18 0.0 HD21 24 
   1349 -0.36 0.0 HG22 123 
   1087 58.3 0.0 CA 98 
   796 24.8 0.0 CG 76 
   1466 1.04 0.0 HD23 132 
   506 118.9 0.0 N 51 
   1928 4.05 0.0 HA 169 
   1218 1.35 0.0 HG 110 
   884 0.77 0.0 HD23 83 
   201 4.74 0.0 HA 28 
   322 2.45 0.0 HG3 38 
   76 2.19 0.0 HB 18 
   1487 113.9 0.0 CZ2 133 
   699 59.8 0.0 CA 68 
   1362 2.23 0.0 HB2 124 
   234 27.1 0.0 CG 31 
   1692 27.0 0.0 CG 150 
   476 42.2 0.0 CD 49 
   733 1.73 0.0 HB3 72 
   1376 0.33 0.0 HD22 125 
   1554 1.56 0.0 HD2 139 
   4 54.1 0.0 CA 11 
   1705 2.09 0.0 HG3 152 
   164 8.31 0.0 H 25 
   1997 1.94 0.0 HB2 175 
   1440 29.7 0.0 CB 130 
   1972 56.3 0.0 CA 172 
   1063 64.5 0.0 CA 96 
   1892 63.3 0.0 CA 166 
   1340 28.9 0.0 CD 122 
   759 123.7 0.0 CH2 73 
   1817 1.16 0.0 HB2 161 
   449 3.79 0.0 HA 48 
   10 2.32 0.0 HG2 12 
   1006 6.63 0.0 HE1 92 
   1818 1.9 0.0 HB3 161 
   71 21.1 0.0 CG1 17 
   1223 0.68 0.0 HD22 110 
   526 110.8 0.0 ND2 53 
   1918 2.32 0.0 HG2 168 
   1388 1.41 0.0 HG22 126 
   47 8.18 0.0 H 16 
   646 5.07 0.0 HA 64 
   1254 33.3 0.0 CB 113 
   1396 2.61 0.0 HB2 127 
   3 2.76 0.0 HB3 11 
   1662 0.8 0.0 HD11 148 
   892 4.47 0.0 HA 84 
   1196 1.88 0.0 HG2 108 
   1637 23.3 0.0 CD2 145 
   988 14.6 0.0 CD1 90 
   1730 127.7 0.0 NE1 153 
   1497 54.7 0.0 CA 134 
   1399 40.2 0.0 CB 127 
   1016 112.7 0.0 N 92 
   1012 131.3 0.0 CD2 92 
   580 2.37 0.0 HB2 59 
   1602 125.0 0.0 N 142 
   12 58.2 0.0 CA 12 
   705 8.77 0.0 H 69 
   1412 7.96 0.0 H 129 
   965 121.3 0.0 N 88 
   338 58.1 0.0 CA 39 
   1457 3.95 0.0 HA 132 
   935 132.9 0.0 CD2 86 
   504 23.6 0.0 CG1 51 
   772 40.5 0.0 CB 74 
   1262 1.17 0.0 HG21 114 
   853 38.1 0.0 CB 80 
   1626 1.11 0.0 HG 145 
   440 0.98 0.0 HD22 47 
   852 59.6 0.0 CA 80 
   268 4.34 0.0 HA 35 
   1568 6.2 0.0 HD1 140 
   1475 2.49 0.0 HB2 133 
   1290 18.0 0.0 CE 117 
   825 131.3 0.0 NE1 78 
   366 1.74 0.0 HD3 41 
   341 121.0 0.0 N 39 
   1148 2.07 0.0 HG2 104 
   1908 59.4 0.0 CA 167 
   420 34.2 0.0 CG 45 
   2002 6.84 0.0 HE22 175 
   1120 1.08 0.0 HG23 101 
   256 121.0 0.0 N 33 
   1999 2.31 0.0 HG2 175 
   1917 2.09 0.0 HB3 168 
