   276 1.01 0.0 HD22 35 
   643 42.6 0.0 CD 63 
   162 25.5 0.0 CD2 24 
   1173 1.34 0.0 HB1 106 
   397 3.17 0.0 HB2 44 
   1563 122.6 0.0 N 139 
   1117 3.67 0.0 HB 101 
   869 2.25 0.0 HB2 82 
   527 8.75 0.0 H 54 
   656 54.3 0.0 CA 64 
   1695 125.1 0.0 N 150 
   325 58.3 0.0 CA 38 
   1074 1.17 0.0 HG23 97 
   723 1.1 0.0 HG21 71 
   456 0.92 0.0 HD11 48 
   499 0.8 0.0 HG21 51 
   545 2.84 0.0 HE2 55 
   1306 1.79 0.0 HB2 119 
   586 116.4 0.0 N 59 
   638 3.25 0.0 HD3 63 
   454 0.97 0.0 HG22 48 
   1403 3.23 0.0 HB2 128 
   445 25.4 0.0 CD1 47 
   231 3.17 0.0 HD3 31 
   1926 112.3 0.0 NE2 168 
   1349 -0.36 0.0 HG22 123 
   1141 31.9 0.0 CB 103 
   1594 0.37 0.0 HD21 142 
   1073 1.17 0.0 HG22 97 
   752 6.46 0.0 HH2 73 
   327 33.3 0.0 CG 38 
   495 2.1 0.0 HB 51 
   323 6.95 0.0 HE21 38 
   753 55.4 0.0 CA 73 
   1305 4.25 0.0 HA 119 
   1071 4.67 0.0 HB 97 
   1469 27.0 0.0 CG 132 
   1590 1.64 0.0 HG 142 
   1634 42.1 0.0 CB 145 
   1744 26.8 0.0 CG 154 
   1831 118.0 0.0 N 161 
   51 1.6 0.0 HG2 16 
   536 104.6 0.0 ND2 54 
   245 3.99 0.0 HA 33 
   1291 4.86 0.0 HA 118 
   1220 0.5 0.0 HD12 110 
   1905 0.85 0.0 HD11 167 
   867 9.03 0.0 H 82 
   460 37.8 0.0 CB 48 
   950 5.09 0.0 HA 88 
   1159 0.67 0.0 HG21 105 
   1920 6.76 0.0 HE21 168 
   159 41.3 0.0 CB 24 
   1807 49.4 0.0 CD 159 
   1019 2.51 0.0 HB2 93 
   54 3.21 0.0 HD3 16 
   1984 120.4 0.0 N 173 
   1774 0.82 0.0 HG2 157 
   1648 117.1 0.0 N 146 
   407 117.8 0.0 CE1 44 
   1921 7.47 0.0 HE22 168 
   305 2.2 0.0 HB 37 
   286 3.29 0.0 HB2 36 
   22 18.5 0.0 CB 13 
   68 1.1 0.0 HG23 17 
   220 63.2 0.0 CA 30 
   1346 0.57 0.0 HG12 123 
   720 8.33 0.0 H 71 
   710 2.54 0.0 HG3 69 
   95 7.79 0.0 H 20 
   1355 37.5 0.0 CB 123 
   277 1.01 0.0 HD23 35 
   1002 2.77 0.0 HB2 92 
   1333 1.6 0.0 HD2 122 
   1771 3.85 0.0 HA 157 
   256 121.0 0.0 N 33 
   100 2.4 0.0 HG3 20 
   911 1.74 0.0 HB3 85 
   663 4.51 0.0 HA 65 
   1215 4.34 0.0 HA 110 
   374 118.4 0.0 N 41 
   1157 0.33 0.0 HG12 105 
   467 1.95 0.0 HB2 49 
   1640 4.36 0.0 HA 146 
   1863 4.19 0.0 HA 164 
   503 31.5 0.0 CB 51 
   970 54.7 0.0 CA 89 
   756 119.8 0.0 CE3 73 
   269 1.46 0.0 HB2 35 
   1188 58.3 0.0 CA 107 
   1377 0.33 0.0 HD23 125 
   1649 8.35 0.0 H 147 
   1793 28.2 0.0 CG1 158 
   1916 1.92 0.0 HB2 168 
   1730 127.7 0.0 NE1 153 
   1989 7.61 0.0 HD21 174 
   474 29.4 0.0 CB 49 
   1687 1.16 0.0 HD21 150 
   1405 7.06 0.0 HD2 128 
   1734 2.04 0.0 HB3 154 
   1474 3.57 0.0 HA 133 
   1568 6.2 0.0 HD1 140 
   690 3.96 0.0 HA 68 
   563 7.52 0.0 H 57 
   873 131.6 0.0 N 82 
   346 0.96 0.0 HG 40 
   1011 131.3 0.0 CD1 92 
   1241 45.8 0.0 CA 112 
   1828 26.2 0.0 CG 161 
   1804 66.3 0.0 CA 159 
   1728 122.7 0.0 CH2 153 
   956 7.18 0.0 HE2 88 
   611 123.3 0.0 CH2 61 
   300 122.2 0.0 CH2 36 
   1219 0.5 0.0 HD11 110 
   1201 32.3 0.0 CB 108 
   493 8.77 0.0 H 51 
   1816 3.88 0.0 HA 161 
   1212 36.8 0.0 CG 109 
   1525 1.75 0.0 HB 137 
   615 4.91 0.0 HA 62 
   1980 2.81 0.0 HB2 173 
   311 1.13 0.0 HG23 37 
   1195 2.4 0.0 HB3 108 
   831 6.96 0.0 HD2 79 
   1033 0.45 0.0 HD12 94 
   1049 32.4 0.0 CB 95 
   1146 1.71 0.0 HB2 104 
   1437 2.99 0.0 HE2 130 
   1442 29.4 0.0 CD 130 
   799 121.3 0.0 N 76 
   1107 4.44 0.0 HB 100 
   600 9.85 0.0 HE1 61 
   130 31.8 0.0 CB 22 
   608 122.4 0.0 CE3 61 
   389 2.14 0.0 HG2 43 
   227 2.02 0.0 HB3 31 
   1721 6.62 0.0 HH2 153 
   613 127.8 0.0 NE1 61 
   598 4.08 0.0 HB3 61 
   735 1.63 0.0 HG3 72 
   655 0.91 0.0 HD23 64 
   1415 3.22 0.0 HB3 129 
   945 54.3 0.0 CA 87 
   870 2.87 0.0 HB3 82 
   793 2.95 0.0 HE3 76 
   569 19.0 0.0 CB 57 
   1587 3.92 0.0 HA 142 
   232 56.1 0.0 CA 31 
   2006 120.6 0.0 N 175 
   250 3.34 0.0 HD2 33 
   108 0.36 0.0 HG12 21 
   832 6.69 0.0 HE1 79 
   222 27.2 0.0 CG 30 
   1478 9.6 0.0 HE1 133 
   696 1.69 0.0 HD3 68 
   1080 4.69 0.0 HA 98 
   1183 0.58 0.0 HG12 107 
   1935 122.1 0.0 N 169 
   1162 0.43 0.0 HD11 105 
   573 2.55 0.0 HB2 58 
   1300 132.5 0.0 CD1 118 
   1624 1.42 0.0 HB2 145 
   1893 32.2 0.0 CB 166 
   36 1.87 0.0 HB2 15 
   550 29.7 0.0 CD 55 
   147 9.12 0.0 H 24 
   1439 62.3 0.0 CA 130 
   1985 8.55 0.0 H 174 
   1827 41.4 0.0 CB 161 
   1144 8.6 0.0 H 104 
   1742 57.8 0.0 CA 154 
   1401 7.93 0.0 H 128 
   40 3.21 0.0 HD2 15 
   838 117.3 0.0 CE1 79 
   921 29.2 0.0 CD 85 
   151 1.7 0.0 HG 24 
   1451 3.77 0.0 HD3 131 
   1694 27.2 0.0 CD2 150 
   1178 128.8 0.0 N 106 
   248 1.72 0.0 HG2 33 
   377 2.27 0.0 HB2 42 
   1874 26.3 0.0 CG 164 
   1116 4.28 0.0 HA 101 
   1382 22.6 0.0 CD2 125 
   1551 1.6 0.0 HB3 139 
   1882 108.0 0.0 N 165 
   1294 7.0 0.0 HD1 118 
   234 27.1 0.0 CG 31 
   400 7.33 0.0 HD2 44 
   1001 4.95 0.0 HA 92 
   1613 2.35 0.0 HB2 144 
   1949 29.2 0.0 CD 170 
   1958 55.9 0.0 CA 171 
   1037 26.8 0.0 CG1 94 
   1557 2.91 0.0 HE3 139 
   207 123.5 0.0 N 28 
   90 3.98 0.0 HB2 19 
   685 51.6 0.0 CA 67 
   282 25.2 0.0 CD2 35 
