   1241 45.8 0.0 CA 112 
   894 1.93 0.0 HB3 84 
   402 6.81 0.0 HE2 44 
   499 0.8 0.0 HG21 51 
   1921 7.47 0.0 HE22 168 
   1326 107.3 0.0 N 121 
   166 1.76 0.0 HB2 25 
   94 116.9 0.0 N 19 
   1064 37.7 0.0 CB 96 
   1190 20.0 0.0 CG1 107 
   298 114.2 0.0 CZ2 36 
   1737 0.88 0.0 HD12 154 
   1312 57.4 0.0 CA 119 
   1519 53.4 0.0 CA 136 
   1822 0.66 0.0 HD13 161 
   769 7.0 0.0 HE2 74 
   669 34.1 0.0 CB 65 
   1763 0.93 0.0 HG22 156 
   464 118.5 0.0 N 48 
   827 4.84 0.0 HA 79 
   503 31.5 0.0 CB 51 
   1978 8.4 0.0 H 173 
   376 4.12 0.0 HA 42 
   435 1.91 0.0 HG 47 
   637 3.25 0.0 HD2 63 
   944 2.0 0.0 HG3 87 
   867 9.03 0.0 H 82 
   814 7.17 0.0 HZ2 78 
   1413 4.07 0.0 HA 129 
   713 37.3 0.0 CG 69 
   768 7.0 0.0 HE1 74 
   8 2.03 0.0 HB2 12 
   1336 2.91 0.0 HE3 122 
   16 8.44 0.0 H 13 
   1873 34.1 0.0 CB 164 
   157 1.18 0.0 HD23 24 
   781 4.31 0.0 HA3 75 
   440 0.98 0.0 HD22 47 
   1186 0.93 0.0 HG22 107 
   1780 7.94 0.0 H 158 
   1676 3.16 0.0 HA3 149 
   859 4.82 0.0 HA 81 
   1656 120.5 0.0 N 147 
   1880 4.11 0.0 HA3 165 
   887 26.8 0.0 CG 83 
   1708 64.6 0.0 CA 152 
   286 3.29 0.0 HB2 36 
   1195 2.4 0.0 HB3 108 
   1388 1.41 0.0 HG22 126 
   1382 22.6 0.0 CD2 125 
   1386 4.54 0.0 HB 126 
   1050 27.0 0.0 CG 95 
   481 3.32 0.0 HB3 50 
   751 6.65 0.0 HZ3 73 
   1045 1.91 0.0 HG3 95 
   506 118.9 0.0 N 51 
   52 1.6 0.0 HG3 16 
   132 50.7 0.0 CD 22 
   662 8.9 0.0 H 65 
   1620 136.3 0.0 CE1 144 
   1925 121.6 0.0 N 168 
   1112 67.9 0.0 CB 100 
   1039 8.7 0.0 CD1 94 
   1487 113.9 0.0 CZ2 133 
   633 1.82 0.0 HB2 63 
   1139 3.85 0.0 HD3 103 
   1798 1.66 0.0 HB2 159 
   1960 36.0 0.0 CG 171 
   1760 0.75 0.0 HG12 156 
   607 128.3 0.0 CD1 61 
   1161 0.67 0.0 HG23 105 
   1706 3.08 0.0 HD2 152 
   265 36.3 0.0 CG 34 
   240 3.09 0.0 HB3 32 
   1888 1.0 0.0 HG13 166 
   905 22.3 0.0 CD1 84 
   224 8.5 0.0 H 31 
   755 123.5 0.0 CD1 73 
   802 2.94 0.0 HB2 77 
   1576 127.3 0.0 CD2 140 
   1151 30.1 0.0 CB 104 
   1601 22.0 0.0 CD2 142 
   2007 112.3 0.0 NE2 175 
   1489 123.1 0.0 CH2 133 
   616 2.1 0.0 HB2 62 
   1093 128.0 0.0 N 98 
   1809 4.33 0.0 HA 160 
   1278 4.0 0.0 HA 116 
   1742 57.8 0.0 CA 154 
   1119 1.08 0.0 HG22 101 
   442 58.8 0.0 CA 47 
   170 1.6 0.0 HD2 25 
   1106 4.12 0.0 HA 100 
   1152 35.9 0.0 CG 104 
   775 130.0 0.0 CE1 74 
   372 29.5 0.0 CD 41 
   1659 1.74 0.0 HB2 148 
   1469 27.0 0.0 CG 132 
   1830 22.9 0.0 CD2 161 
   1192 119.5 0.0 N 107 
   99 2.21 0.0 HG2 20 
   620 5.55 0.0 HE1 62 
   1805 30.6 0.0 CB 159 
   628 133.7 0.0 CE2 62 
   1437 2.99 0.0 HE2 130 
   1864 1.76 0.0 HB2 164 
   390 2.75 0.0 HG3 43 
   1002 2.77 0.0 HB2 92 
   151 1.7 0.0 HG 24 
   507 8.37 0.0 H 52 
   364 1.73 0.0 HG3 41 
   1989 7.61 0.0 HD21 174 
   434 2.21 0.0 HB3 47 
   758 120.1 0.0 CZ3 73 
   1622 8.62 0.0 H 145 
   508 3.88 0.0 HA 52 
   175 35.9 0.0 CB 25 
   810 3.29 0.0 HB3 78 
   693 1.46 0.0 HG2 68 
   1320 45.5 0.0 CA 120 
   1564 6.28 0.0 H 140 
   686 37.3 0.0 CB 67 
   1662 0.8 0.0 HD11 148 
   1001 4.95 0.0 HA 92 
   1795 8.6 0.0 CD1 158 
   370 32.0 0.0 CB 41 
   1551 1.6 0.0 HB3 139 
   119 17.2 0.0 CG2 21 
   501 0.8 0.0 HG23 51 
   956 7.18 0.0 HE2 88 
   1365 27.0 0.0 CB 124 
   1931 7.31 0.0 HD2 169 
   1269 8.73 0.0 H 115 
   977 1.29 0.0 HG13 90 
   1595 0.37 0.0 HD22 142 
   1424 131.7 0.0 CD2 129 
   441 0.98 0.0 HD23 47 
   3 2.76 0.0 HB3 11 
   1158 1.15 0.0 HG13 105 
   319 2.23 0.0 HB2 38 
   1929 2.59 0.0 HB2 169 
   276 1.01 0.0 HD22 35 
   1012 131.3 0.0 CD2 92 
   1612 3.57 0.0 HA 144 
   1332 1.23 0.0 HG3 122 
   872 39.0 0.0 CB 82 
   1724 127.0 0.0 CD1 153 
   1866 1.45 0.0 HG2 164 
   1743 42.6 0.0 CB 154 
   1752 1.43 0.0 HB3 155 
   532 7.24 0.0 HD22 54 
   780 4.93 0.0 HA2 75 
   326 28.0 0.0 CB 38 
   996 55.2 0.0 CA 91 
   574 3.11 0.0 HB3 58 
   589 4.4 0.0 HA 60 
   903 43.1 0.0 CB 84 
   821 114.1 0.0 CZ2 78 
   1138 2.95 0.0 HD2 103 
   295 29.5 0.0 CB 36 
   525 119.5 0.0 N 53 
   323 6.95 0.0 HE21 38 
   369 60.1 0.0 CA 41 
   610 120.2 0.0 CZ3 61 
   961 131.7 0.0 CD2 88 
   1904 0.95 0.0 HG23 167 
   304 3.36 0.0 HA 37 
   1567 2.06 0.0 HB3 140 
   906 24.8 0.0 CD2 84 
   1274 52.6 0.0 CA 115 
   476 42.2 0.0 CD 49 
   938 129.3 0.0 N 86 
   560 38.1 0.0 CB 56 
   159 41.3 0.0 CB 24 
   1799 2.07 0.0 HB3 159 
   759 123.7 0.0 CH2 73 
   1029 0.7 0.0 HG21 94 
   885 57.1 0.0 CA 83 
   1107 4.44 0.0 HB 100 
   1665 0.92 0.0 HD21 148 
   573 2.55 0.0 HB2 58 
   1254 33.3 0.0 CB 113 
   232 56.1 0.0 CA 31 
   70 32.2 0.0 CB 17 
   710 2.54 0.0 HG3 69 
   978 1.02 0.0 HG21 90 
   1200 66.4 0.0 CA 108 
   300 122.2 0.0 CH2 36 
   226 1.82 0.0 HB2 31 
   259 2.16 0.0 HB2 34 
   901 0.64 0.0 HD23 84 
   673 4.75 0.0 HA 66 
   407 117.8 0.0 CE1 44 
   1582 5.14 0.0 HA2 141 
   92 60.1 0.0 CA 19 
   109 1.61 0.0 HG13 21 
   1968 1.65 0.0 HD2 172 
   995 2.13 0.0 HG3 91 
   1156 1.26 0.0 HB 105 
   796 24.8 0.0 CG 76 
   183 1.25 0.0 HG21 26 
   1966 1.35 0.0 HG2 172 
   1928 4.05 0.0 HA 169 
   223 48.9 0.0 CD 30 
   212 107.0 0.0 N 29 
   1301 132.5 0.0 CD2 118 
   26 4.2 0.0 HB 14 
   299 120.3 0.0 CZ3 36 
   417 6.94 0.0 HE22 45 
   1690 57.9 0.0 CA 150 
   971 41.3 0.0 CB 89 
   647 1.83 0.0 HB2 64 
   1385 4.28 0.0 HA 126 
   1741 1.14 0.0 HD23 154 
   185 1.25 0.0 HG23 26 
   1536 122.5 0.0 N 137 
   1428 121.3 0.0 N 129 
   1044 1.84 0.0 HG2 95 
   291 7.92 0.0 HZ2 36 
   389 2.14 0.0 HG2 43 
   1999 2.31 0.0 HG2 175 
   535 122.2 0.0 N 54 
   1756 6.91 0.0 H 156 
   116 59.2 0.0 CA 21 
   1349 -0.36 0.0 HG22 123 
   108 0.36 0.0 HG12 21 
   1819 1.91 0.0 HG 161 
   1399 40.2 0.0 CB 127 
   582 6.69 0.0 HD21 59 
   42 58.2 0.0 CA 15 
   239 3.17 0.0 HB2 32 
   17 4.21 0.0 HA 13 
   1433 1.42 0.0 HG2 130 
   1243 8.33 0.0 H 113 
   1007 6.63 0.0 HE2 92 
   1618 29.7 0.0 CB 144 
   524 37.4 0.0 CB 53 
   176 24.6 0.0 CG 25 
   613 127.8 0.0 NE1 61 
   1335 2.91 0.0 HE2 122 
   282 25.2 0.0 CD2 35 
   1571 6.77 0.0 HE2 140 
   1319 3.69 0.0 HA3 120 
   380 2.69 0.0 HG3 42 
   13 29.4 0.0 CB 12 
   729 107.9 0.0 N 71 
   391 58.5 0.0 CA 43 
   1379 41.7 0.0 CB 125 
   1980 2.81 0.0 HB2 173 
   399 7.33 0.0 HD1 44 
   706 4.19 0.0 HA 69 
   496 0.78 0.0 HG11 51 
   880 0.82 0.0 HD12 83 
   1148 2.07 0.0 HG2 104 
   1936 8.48 0.0 H 170 
   681 3.07 0.0 HB2 67 
   1474 3.57 0.0 HA 133 
   478 8.25 0.0 H 50 
   1604 3.75 0.0 HA 143 
   74 8.12 0.0 H 18 
   1419 6.99 0.0 HE2 129 
   1438 2.99 0.0 HE3 130 
   1757 3.87 0.0 HA 156 
   1251 3.12 0.0 HE2 113 
   1084 7.38 0.0 HD2 98 
   794 53.9 0.0 CA 76 
   177 29.2 0.0 CD 25 
   1478 9.6 0.0 HE1 133 
   1490 120.6 0.0 N 133 
   302 125.7 0.0 NE1 36 
   736 3.09 0.0 HD2 72 
   1711 51.4 0.0 CD 152 
   1017 8.57 0.0 H 93 
   1089 132.8 0.0 CD1 98 
   1957 2.2 0.0 HG3 171 
   470 1.93 0.0 HG3 49 
   472 3.42 0.0 HD3 49 
   77 0.94 0.0 HG11 18 
   1642 2.46 0.0 HB3 146 
   257 9.25 0.0 H 34 
   415 2.64 0.0 HG3 45 
   421 117.4 0.0 N 45 
   822 120.5 0.0 CZ3 78 
   1807 49.4 0.0 CD 159 
   963 129.6 0.0 CE2 88 
   1406 8.19 0.0 HE1 128 
   1442 29.4 0.0 CD 130 
   2002 6.84 0.0 HE22 175 
   1578 129.7 0.0 CE2 140 
   209 3.95 0.0 HA2 29 
   1443 41.8 0.0 CE 130 
   1174 1.34 0.0 HB2 106 
   1504 1.59 0.0 HG2 135 
   807 9.24 0.0 H 78 
   551 41.8 0.0 CE 55 
   1829 26.1 0.0 CD1 161 
   678 111.7 0.0 N 66 
   86 22.0 0.0 CG2 18 
   1628 -0.05 0.0 HD12 145 
   1655 20.6 0.0 CB 147 
   134 4.44 0.0 HA 23 
   1225 53.9 0.0 CA 110 
   90 3.98 0.0 HB2 19 
   1892 63.3 0.0 CA 166 
   728 23.0 0.0 CG2 71 
   833 6.69 0.0 HE2 79 
   1184 0.58 0.0 HG13 107 
   860 2.85 0.0 HB2 81 
   1417 7.05 0.0 HD2 129 
   1823 0.73 0.0 HD21 161 
   1836 1.33 0.0 HG13 162 
   1004 6.51 0.0 HD1 92 
   917 2.37 0.0 HE3 85 
   324 8.08 0.0 HE22 38 
   1253 56.4 0.0 CA 113 
   214 1.05 0.0 HB2 30 
   1934 120.5 0.0 CD2 169 
   1448 1.99 0.0 HG2 131 
   1534 20.4 0.0 CG1 137 
   1427 129.2 0.0 CZ 129 
   1131 15.4 0.0 CB 102 
   1060 0.87 0.0 HD11 96 
   743 8.77 0.0 H 73 
   1631 0.45 0.0 HD22 145 
   169 1.29 0.0 HG3 25 
   284 8.01 0.0 H 36 
   49 1.9 0.0 HB2 16 
   597 2.65 0.0 HB2 61 
   954 7.16 0.0 HD2 88 
   1730 127.7 0.0 NE1 153 
   1764 0.93 0.0 HG23 156 
   1296 6.74 0.0 HE1 118 
   1688 1.16 0.0 HD22 150 
   1270 4.47 0.0 HA 115 
   468 2.07 0.0 HB3 49 
   581 2.76 0.0 HB3 59 
   511 2.31 0.0 HG2 52 
   1623 4.15 0.0 HA 145 
   258 4.24 0.0 HA 34 
   1916 1.92 0.0 HB2 168 
   377 2.27 0.0 HB2 42 
   868 4.02 0.0 HA 82 
   778 117.0 0.0 N 74 
   2004 29.2 0.0 CB 175 
   910 1.51 0.0 HB2 85 
   1565 4.03 0.0 HA 140 
   742 123.7 0.0 N 72 
   1351 -0.19 0.0 HD11 123 
   1833 3.68 0.0 HA 162 
   19 1.47 0.0 HB2 13 
   469 1.74 0.0 HG2 49 
   914 1.27 0.0 HD2 85 
   931 6.77 0.0 HE2 86 
   292 7.51 0.0 HZ3 36 
   614 6.81 0.0 H 62 
   1661 1.64 0.0 HG 148 
   96 4.35 0.0 HA 20 
   1922 54.4 0.0 CA 168 
   1302 117.4 0.0 CE1 118 
   340 26.9 0.0 CG 39 
   902 53.6 0.0 CA 84 
   1883 7.79 0.0 H 166 
   1235 56.4 0.0 CA 111 
   1126 3.87 0.0 HA 102 
   1944 2.96 0.0 HE2 170 
   1579 130.1 0.0 CZ 140 
   1040 121.6 0.0 N 94 
   1626 1.11 0.0 HG 145 
   487 38.5 0.0 CB 50 
   682 3.59 0.0 HB3 67 
   801 5.55 0.0 HA 77 
   180 10.39 0.0 H 26 
   68 1.1 0.0 HG23 17 
   1256 29.1 0.0 CD 113 
   1395 4.38 0.0 HA 127 
   612 121.9 0.0 N 61 
   278 56.6 0.0 CA 35 
   1940 1.38 0.0 HG2 170 
   1354 61.9 0.0 CA 123 
   153 1.0 0.0 HD12 24 
   10 2.32 0.0 HG2 12 
   62 2.21 0.0 HB 17 
   1766 33.1 0.0 CB 156 
   310 1.13 0.0 HG22 37 
   530 3.06 0.0 HB3 54 
   1255 25.6 0.0 CG 113 
   1788 0.18 0.0 HD11 158 
   1392 21.7 0.0 CG2 126 
   1634 42.1 0.0 CB 145 
   344 0.97 0.0 HB2 40 
   1705 2.09 0.0 HG3 152 
   766 6.87 0.0 HD1 74 
   149 1.51 0.0 HB2 24 
   452 1.86 0.0 HG13 48 
   1651 1.22 0.0 HB1 147 
   1607 1.04 0.0 HB3 143 
   929 7.33 0.0 HD2 86 
   5 40.9 0.0 CB 11 
   1221 0.5 0.0 HD13 110 
   1159 0.67 0.0 HG21 105 
   121 122.5 0.0 N 21 
   227 2.02 0.0 HB3 31 
   112 0.18 0.0 HG23 21 
   1792 30.6 0.0 CB 158 
   871 55.4 0.0 CA 82 
   1059 0.98 0.0 HG23 96 
   320 2.23 0.0 HB3 38 
   1572 6.2 0.0 HZ 140 
   970 54.7 0.0 CA 89 
   1267 20.7 0.0 CG2 114 
   1359 117.1 0.0 N 123 
   1488 123.0 0.0 CZ3 133 
   1123 21.0 0.0 CG2 101 
   1121 59.6 0.0 CA 101 
   184 1.25 0.0 HG22 26 
   1484 27.6 0.0 CB 133 
   414 2.54 0.0 HG2 45 
   1247 1.3 0.0 HG2 113 
   32 22.0 0.0 CG2 14 
   1397 2.68 0.0 HB3 127 
   1825 0.73 0.0 HD23 161 
   1633 58.4 0.0 CA 145 
   1568 6.2 0.0 HD1 140 
   1903 0.95 0.0 HG22 167 
   1061 0.87 0.0 HD12 96 
   527 8.75 0.0 H 54 
   564 4.51 0.0 HA 57 
   235 43.1 0.0 CD 31 
   1874 26.3 0.0 CG 164 
   236 116.8 0.0 N 31 
   558 7.75 0.0 HD22 56 
   1520 40.4 0.0 CB 136 
   570 121.1 0.0 N 57 
   494 3.25 0.0 HA 51 
   594 120.0 0.0 N 60 
   1284 2.3 0.0 HG2 117 
   114 -0.19 0.0 HD12 21 
   1003 3.68 0.0 HB3 92 
   1675 4.05 0.0 HA2 149 
   133 8.04 0.0 H 23 
   27 1.24 0.0 HG21 14 
   1867 1.66 0.0 HG3 164 
   345 1.42 0.0 HB3 40 
   1872 56.9 0.0 CA 164 
   811 7.03 0.0 HD1 78 
   989 113.7 0.0 N 90 
   1434 1.72 0.0 HG3 130 
   865 119.9 0.0 CD2 81 
   523 55.6 0.0 CA 53 
   1726 113.9 0.0 CZ2 153 
   721 4.41 0.0 HA 71 
   1145 4.26 0.0 HA 104 
   339 29.8 0.0 CB 39 
   522 6.74 0.0 HD22 53 
   1024 8.43 0.0 H 94 
   851 0.82 0.0 HD13 80 
   1491 130.6 0.0 NE1 133 
   1882 108.0 0.0 N 165 
   1281 56.2 0.0 CA 116 
   1318 4.1 0.0 HA2 120 
   424 4.12 0.0 HA 46 
   1586 10.28 0.0 H 142 
   80 1.01 0.0 HG21 18 
   1516 1.28 0.0 HB3 136 
   20 1.47 0.0 HB3 13 
   1558 57.9 0.0 CA 139 
   544 1.6 0.0 HD3 55 
   1070 4.43 0.0 HA 97 
   586 116.4 0.0 N 59 
   1844 38.3 0.0 CB 162 
   54 3.21 0.0 HD3 16 
   1862 7.88 0.0 H 164 
   1249 1.6 0.0 HD2 113 
   1961 119.4 0.0 N 171 
   605 56.9 0.0 CA 61 
   1005 6.51 0.0 HD2 92 
   1041 4.62 0.0 HA 95 
   1699 49.3 0.0 CA 151 
   1085 6.93 0.0 HE1 98 
   717 3.53 0.0 HA3 70 
   1230 116.5 0.0 N 110 
   986 25.7 0.0 CG1 90 
   696 1.69 0.0 HD3 68 
   1630 0.45 0.0 HD21 145 
   1436 1.74 0.0 HD3 130 
   328 118.6 0.0 N 38 
   754 30.6 0.0 CB 73 
   1125 7.94 0.0 H 102 
   67 1.1 0.0 HG22 17 
   900 0.64 0.0 HD22 84 
   518 4.48 0.0 HA 53 
   160 31.1 0.0 CG 24 
   76 2.19 0.0 HB 18 
   1366 121.7 0.0 N 124 
   485 6.97 0.0 HE2 50 
   1171 8.88 0.0 H 106 
   1896 115.2 0.0 N 166 
   22 18.5 0.0 CB 13 
   1116 4.28 0.0 HA 101 
   1294 7.0 0.0 HD1 118 
   1201 32.3 0.0 CB 108 
   242 40.8 0.0 CB 32 
   1322 8.15 0.0 H 121 
   545 2.84 0.0 HE2 55 
   615 4.91 0.0 HA 62 
   1308 1.58 0.0 HG2 119 
   1092 116.0 0.0 CE2 98 
   896 0.41 0.0 HD11 84 
   1776 57.3 0.0 CA 157 
   1609 18.0 0.0 CB 143 
   216 1.05 0.0 HG2 30 
   1118 1.08 0.0 HG21 101 
   1376 0.33 0.0 HD22 125 
   1493 4.17 0.0 HA 134 
   923 121.7 0.0 N 85 
   483 7.26 0.0 HD2 50 
   330 8.2 0.0 H 39 
   1439 62.3 0.0 CA 130 
   657 48.2 0.0 CB 64 
   293 7.05 0.0 HH2 36 
   502 67.2 0.0 CA 51 
   1030 0.7 0.0 HG22 94 
   1850 4.04 0.0 HA 163 
   627 133.7 0.0 CE1 62 
   939 8.12 0.0 H 87 
   1353 -0.19 0.0 HD13 123 
   1552 1.26 0.0 HG2 139 
   561 118.9 0.0 N 56 
   849 0.82 0.0 HD11 80 
   1315 42.9 0.0 CD 119 
   515 36.4 0.0 CG 52 
   1939 1.7 0.0 HB3 170 
   196 51.1 0.0 CA 27 
   697 3.0 0.0 HE2 68 
   1036 36.4 0.0 CB 94 
   1524 4.01 0.0 HA 137 
   241 55.0 0.0 CA 32 
   490 118.8 0.0 CE1 50 
   1053 3.78 0.0 HA 96 
   246 2.0 0.0 HB2 33 
   215 1.42 0.0 HB3 30 
   1263 1.17 0.0 HG22 114 
   378 2.71 0.0 HB3 42 
   1117 3.67 0.0 HB 101 
   40 3.21 0.0 HD2 15 
   1639 7.93 0.0 H 146 
   1262 1.17 0.0 HG21 114 
   1905 0.85 0.0 HD11 167 
   829 3.01 0.0 HB3 79 
   173 2.92 0.0 HE3 25 
   779 8.54 0.0 H 75 
   450 1.98 0.0 HB 48 
   959 42.6 0.0 CB 88 
   466 4.23 0.0 HA 49 
   279 42.7 0.0 CB 35 
   1782 1.56 0.0 HB 158 
   1718 7.08 0.0 HE3 153 
   727 69.3 0.0 CB 71 
   1715 3.56 0.0 HB3 153 
   338 58.1 0.0 CA 39 
   146 116.5 0.0 N 23 
   1878 7.93 0.0 H 165 
   55 57.8 0.0 CA 16 
   1937 4.24 0.0 HA 170 
   990 8.61 0.0 H 91 
   1330 1.47 0.0 HB3 122 
   1988 2.83 0.0 HB3 174 
   459 65.0 0.0 CA 48 
   1550 1.74 0.0 HB2 139 
   1297 6.74 0.0 HE2 118 
   999 117.4 0.0 N 91 
   862 7.19 0.0 HD2 81 
   864 34.3 0.0 CB 81 
   56 30.2 0.0 CB 16 
   842 5.13 0.0 HA 80 
   820 119.9 0.0 CE3 78 
   1617 61.9 0.0 CA 144 
   1063 64.5 0.0 CA 96 
   1664 0.8 0.0 HD13 148 
   1339 25.6 0.0 CG 122 
   1992 38.6 0.0 CB 174 
   550 29.7 0.0 CD 55 
   208 8.82 0.0 H 29 
   828 3.01 0.0 HB2 79 
   289 9.86 0.0 HE1 36 
   1876 41.8 0.0 CE 164 
   984 58.5 0.0 CA 90 
   1167 27.6 0.0 CG1 105 
   791 1.68 0.0 HD3 76 
   1981 2.88 0.0 HB3 173 
   1492 8.33 0.0 H 134 
   428 62.8 0.0 CA 46 
   1562 41.9 0.0 CE 139 
   484 6.97 0.0 HE1 50 
   1329 1.25 0.0 HB2 122 
   1870 2.92 0.0 HE2 164 
   1431 1.96 0.0 HB2 130 
   1652 1.22 0.0 HB2 147 
   1714 3.23 0.0 HB2 153 
   1426 129.8 0.0 CE2 129 
   1483 61.0 0.0 CA 133 
   987 19.5 0.0 CG2 90 
   491 118.8 0.0 CE2 50 
   756 119.8 0.0 CE3 73 
   1515 0.92 0.0 HB2 136 
   1948 24.8 0.0 CG 170 
   1667 0.92 0.0 HD23 148 
   726 61.7 0.0 CA 71 
   1149 2.24 0.0 HG3 104 
   1196 1.88 0.0 HG2 108 
   877 2.1 0.0 HB3 83 
   1891 1.0 0.0 HG23 166 
   1069 7.01 0.0 H 97 
   308 0.99 0.0 HG13 37 
   957 7.05 0.0 HZ 88 
   1381 25.2 0.0 CD1 125 
   826 9.23 0.0 H 79 
   1444 118.4 0.0 N 130 
   992 2.07 0.0 HB2 91 
   854 27.8 0.0 CG1 80 
   753 55.4 0.0 CA 73 
   429 62.7 0.0 CB 46 
   1506 3.11 0.0 HD2 135 
   336 2.71 0.0 HD2 39 
   1100 3.8 0.0 HD3 99 
   1421 62.4 0.0 CA 129 
   21 54.2 0.0 CA 13 
   404 37.9 0.0 CB 44 
   152 1.0 0.0 HD11 24 
   1814 115.9 0.0 N 160 
   120 13.1 0.0 CD1 21 
   1411 114.8 0.0 N 128 
   1734 2.04 0.0 HB3 154 
   1958 55.9 0.0 CA 171 
   1995 8.36 0.0 H 175 
   1222 0.68 0.0 HD21 110 
   1749 3.86 0.0 HA 155 
   193 3.25 0.0 HB3 27 
   882 0.77 0.0 HD21 83 
   516 119.7 0.0 N 52 
   1754 18.2 0.0 CB 155 
   1932 57.3 0.0 CA 169 
   1840 0.01 0.0 HD11 162 
   549 25.6 0.0 CG 55 
   211 44.9 0.0 CA 29 
   1373 0.13 0.0 HD12 125 
   1557 2.91 0.0 HE3 139 
   1518 7.29 0.0 HD22 136 
   918 56.1 0.0 CA 85 
   492 119.9 0.0 N 50 
   972 122.9 0.0 N 89 
   420 34.2 0.0 CG 45 
   803 3.39 0.0 HB3 77 
   303 7.5 0.0 H 37 
   1451 3.77 0.0 HD3 131 
   1032 0.45 0.0 HD11 94 
   998 35.4 0.0 CG 91 
   1629 -0.05 0.0 HD13 145 
   1812 57.2 0.0 CA 160 
   1009 57.4 0.0 CA 92 
   709 2.34 0.0 HG2 69 
   360 4.16 0.0 HA 41 
   1731 8.68 0.0 H 154 
   88 8.07 0.0 H 19 
   58 43.2 0.0 CD 16 
   1166 38.7 0.0 CB 105 
   1603 9.24 0.0 H 143 
   356 24.3 0.0 CD1 40 
   714 115.4 0.0 N 69 
   362 2.06 0.0 HB3 41 
   1732 3.58 0.0 HA 154 
   1211 30.2 0.0 CB 109 
   690 3.96 0.0 HA 68 
   1462 0.93 0.0 HD12 132 
   342 8.86 0.0 H 40 
   1750 1.43 0.0 HB1 155 
   968 2.72 0.0 HB2 89 
   1644 2.21 0.0 HG3 146 
   1625 2.33 0.0 HB3 145 
   1324 3.93 0.0 HA3 121 
   41 3.21 0.0 HD3 15 
   1666 0.92 0.0 HD22 148 
   1875 29.2 0.0 CD 164 
   1744 26.8 0.0 CG 154 
   1188 58.3 0.0 CA 107 
   1182 0.58 0.0 HG11 107 
   1693 23.0 0.0 CD1 150 
   309 1.13 0.0 HG21 37 
   1498 18.5 0.0 CB 134 
   1547 48.1 0.0 CD 138 
   765 3.22 0.0 HB3 74 
   1635 26.4 0.0 CG 145 
   1979 4.42 0.0 HA 173 
   1154 8.55 0.0 H 105 
   252 58.8 0.0 CA 33 
   334 1.47 0.0 HG2 39 
   800 9.17 0.0 H 77 
   1113 21.6 0.0 CG2 100 
   471 3.37 0.0 HD2 49 
   480 3.32 0.0 HB2 50 
   1695 125.1 0.0 N 150 
   806 114.4 0.0 N 77 
   830 6.96 0.0 HD1 79 
   1914 8.64 0.0 H 168 
   1848 120.1 0.0 N 162 
   48 4.19 0.0 HA 16 
   72 21.8 0.0 CG2 17 
   1015 127.8 0.0 CZ 92 
   1037 26.8 0.0 CG1 94 
   1234 2.72 0.0 HB3 111 
   332 1.78 0.0 HB2 39 
   1546 24.1 0.0 CG 138 
   1637 23.3 0.0 CD2 145 
   928 7.33 0.0 HD1 86 
   84 31.9 0.0 CB 18 
   557 7.04 0.0 HD21 56 
   1389 1.41 0.0 HG23 126 
   200 7.02 0.0 H 28 
   1398 56.8 0.0 CA 127 
   2006 120.6 0.0 N 175 
   87 118.3 0.0 N 18 
   1555 1.62 0.0 HD3 139 
   1962 8.44 0.0 H 172 
   247 2.12 0.0 HB3 33 
   1600 23.0 0.0 CD1 142 
   812 10.66 0.0 HE1 78 
   1834 1.39 0.0 HB 162 
   1356 24.8 0.0 CG1 123 
   1963 4.4 0.0 HA 172 
   11 2.32 0.0 HG3 12 
   1800 1.71 0.0 HG2 159 
   1869 1.59 0.0 HD3 164 
   438 0.93 0.0 HD13 47 
   563 7.52 0.0 H 57 
   1266 68.6 0.0 CB 114 
   1997 1.94 0.0 HB2 175 
   913 1.18 0.0 HG3 85 
   584 51.8 0.0 CA 59 
   1391 69.5 0.0 CB 126 
   462 17.0 0.0 CG2 48 
   716 4.53 0.0 HA2 70 
   1581 9.74 0.0 H 141 
   634 1.82 0.0 HB3 63 
   958 56.0 0.0 CA 88 
   251 3.34 0.0 HD3 33 
   1048 62.1 0.0 CA 95 
   639 7.37 0.0 HE 63 
   1429 8.59 0.0 H 130 
   1672 22.7 0.0 CD2 148 
   630 115.3 0.0 N 62 
   1175 1.34 0.0 HB3 106 
   204 1.47 0.0 HB3 28 
   1787 0.42 0.0 HG23 158 
   213 2.52 0.0 HA 30 
   579 5.05 0.0 HA 59 
   631 8.75 0.0 H 63 
   1820 0.66 0.0 HD11 161 
   1286 1.89 0.0 HE1 117 
   1293 3.08 0.0 HB3 118 
   297 122.1 0.0 CE3 36 
   106 4.14 0.0 HA 21 
   455 0.97 0.0 HG23 48 
   528 4.38 0.0 HA 54 
   1097 1.5 0.0 HG2 99 
   418 59.3 0.0 CA 45 
   283 119.1 0.0 N 35 
   1238 8.62 0.0 H 112 
   1157 0.33 0.0 HG12 105 
   9 2.03 0.0 HB3 12 
   354 41.3 0.0 CB 40 
   752 6.46 0.0 HH2 73 
   1047 3.51 0.0 HD3 95 
   187 68.1 0.0 CB 26 
   1689 1.16 0.0 HD23 150 
   444 27.4 0.0 CG 47 
   142 61.6 0.0 CA 23 
   762 8.53 0.0 H 74 
   1031 0.7 0.0 HG23 94 
   28 1.24 0.0 HG22 14 
   707 2.1 0.0 HB2 69 
   1970 2.95 0.0 HE2 172 
   432 4.23 0.0 HA 47 
   451 1.26 0.0 HG12 48 
   1275 18.9 0.0 CB 115 
   1163 0.43 0.0 HD12 105 
   78 0.94 0.0 HG12 18 
   1902 0.95 0.0 HG21 167 
   1994 112.7 0.0 ND2 174 
   1423 131.7 0.0 CD1 129 
   1252 3.12 0.0 HE3 113 
   767 6.87 0.0 HD2 74 
   233 29.5 0.0 CB 31 
   1415 3.22 0.0 HB3 129 
   1210 58.3 0.0 CA 109 
   652 0.91 0.0 HD13 64 
   886 39.8 0.0 CB 83 
   568 51.2 0.0 CA 57 
   819 125.9 0.0 CD1 78 
   335 1.47 0.0 HG3 39 
   873 131.6 0.0 N 82 
   1852 2.24 0.0 HB3 163 
   394 120.6 0.0 N 43 
