   2005 33.7 0.0 CG 175 
   161 27.0 0.0 CD1 24 
   229 1.65 0.0 HG3 31 
   1406 8.19 0.0 HE1 128 
   1570 6.77 0.0 HE1 140 
   1628 -0.05 0.0 HD12 145 
   295 29.5 0.0 CB 36 
   1918 2.32 0.0 HG2 168 
   774 131.7 0.0 CD2 74 
   764 3.1 0.0 HB2 74 
   1501 4.14 0.0 HA 135 
   1415 3.22 0.0 HB3 129 
   1112 67.9 0.0 CB 100 
   822 120.5 0.0 CZ3 78 
   155 1.18 0.0 HD21 24 
   568 51.2 0.0 CA 57 
   2000 2.31 0.0 HG3 175 
   1962 8.44 0.0 H 172 
   315 22.1 0.0 CG2 37 
   1531 1.08 0.0 HG23 137 
   1317 8.98 0.0 H 120 
   1816 3.88 0.0 HA 161 
   552 122.1 0.0 N 55 
   1193 4.13 0.0 HA 108 
   1528 0.66 0.0 HG13 137 
   1597 57.5 0.0 CA 142 
   148 4.56 0.0 HA 24 
   527 8.75 0.0 H 54 
   369 60.1 0.0 CA 41 
   162 25.5 0.0 CD2 24 
   1244 4.41 0.0 HA 113 
   749 7.03 0.0 HE3 73 
   63 1.01 0.0 HG11 17 
   1191 22.2 0.0 CG2 107 
   1064 37.7 0.0 CB 96 
   1376 0.33 0.0 HD22 125 
   1792 30.6 0.0 CB 158 
   718 46.2 0.0 CA 70 
   572 4.38 0.0 HA 58 
   1957 2.2 0.0 HG3 171 
   1889 1.0 0.0 HG21 166 
   1386 4.54 0.0 HB 126 
   1825 0.73 0.0 HD23 161 
   788 1.43 0.0 HG2 76 
   1421 62.4 0.0 CA 129 
   269 1.46 0.0 HB2 35 
   88 8.07 0.0 H 19 
   1668 54.5 0.0 CA 148 
   312 66.4 0.0 CA 37 
   175 35.9 0.0 CB 25 
   1001 4.95 0.0 HA 92 
   68 1.1 0.0 HG23 17 
   1896 115.2 0.0 N 166 
   806 114.4 0.0 N 77 
   702 28.9 0.0 CD 68 
   1428 121.3 0.0 N 129 
   732 1.63 0.0 HB2 72 
   670 36.3 0.0 CG 65 
   1475 2.49 0.0 HB2 133 
   1314 27.1 0.0 CG 119 
   1493 4.17 0.0 HA 134 
   1093 128.0 0.0 N 98 
   689 8.83 0.0 H 68 
   1088 42.0 0.0 CB 98 
   1574 36.4 0.0 CB 140 
   655 0.91 0.0 HD23 64 
   1587 3.92 0.0 HA 142 
   398 3.25 0.0 HB3 44 
   710 2.54 0.0 HG3 69 
   274 0.91 0.0 HD13 35 
   7 4.11 0.0 HA 12 
   1880 4.11 0.0 HA3 165 
   1537 4.86 0.0 HA 138 
   1600 23.0 0.0 CD1 142 
   1456 6.93 0.0 H 132 
   1059 0.98 0.0 HG23 96 
   1079 7.67 0.0 H 98 
   100 2.4 0.0 HG3 20 
   1705 2.09 0.0 HG3 152 
   583 7.7 0.0 HD22 59 
   611 123.3 0.0 CH2 61 
   758 120.1 0.0 CZ3 73 
   610 120.2 0.0 CZ3 61 
   1181 1.96 0.0 HB 107 
   1462 0.93 0.0 HD12 132 
   1095 1.45 0.0 HB2 99 
   386 4.33 0.0 HA 43 
   1737 0.88 0.0 HD12 154 
   1463 0.93 0.0 HD13 132 
   1720 6.36 0.0 HZ3 153 
   1492 8.33 0.0 H 134 
   1522 116.8 0.0 ND2 136 
   1991 53.2 0.0 CA 174 
   2001 7.5 0.0 HE21 175 
   277 1.01 0.0 HD23 35 
   196 51.1 0.0 CA 27 
   1993 121.0 0.0 N 174 
   1999 2.31 0.0 HG2 175 
   1593 -0.51 0.0 HD13 142 
   857 128.9 0.0 N 80 
   1043 2.39 0.0 HB3 95 
   1638 121.2 0.0 N 145 
   1169 14.7 0.0 CD1 105 
   494 3.25 0.0 HA 51 
   567 1.5 0.0 HB3 57 
   457 0.92 0.0 HD12 48 
   320 2.23 0.0 HB3 38 
   1364 57.6 0.0 CA 124 
   874 8.23 0.0 H 83 
   548 32.2 0.0 CB 55 
   1131 15.4 0.0 CB 102 
   1000 8.46 0.0 H 92 
   996 55.2 0.0 CA 91 
   1089 132.8 0.0 CD1 98 
   993 2.38 0.0 HB3 91 
   458 0.92 0.0 HD13 48 
   265 36.3 0.0 CG 34 
   1606 1.04 0.0 HB2 143 
   1334 1.73 0.0 HD3 122 
   1221 0.5 0.0 HD13 110 
   358 120.3 0.0 N 40 
   1931 7.31 0.0 HD2 169 
   1071 4.67 0.0 HB 97 
   960 131.7 0.0 CD1 88 
   534 36.9 0.0 CB 54 
   289 9.86 0.0 HE1 36 
   1 4.65 0.0 HA 11 
   98 2.19 0.0 HB3 20 
   782 45.8 0.0 CA 75 
   1841 0.01 0.0 HD12 162 
   851 0.82 0.0 HD13 80 
   1675 4.05 0.0 HA2 149 
   281 22.8 0.0 CD1 35 
   1586 10.28 0.0 H 142 
   982 0.71 0.0 HD12 90 
   218 2.45 0.0 HD2 30 
   1296 6.74 0.0 HE1 118 
   163 126.3 0.0 N 24 
   144 18.2 0.0 CG1 23 
   604 7.04 0.0 HH2 61 
   1130 49.7 0.0 CA 102 
   469 1.74 0.0 HG2 49 
   746 2.21 0.0 HB3 73 
   1508 57.0 0.0 CA 135 
   1754 18.2 0.0 CB 155 
   401 6.81 0.0 HE1 44 
   883 0.77 0.0 HD22 83 
   1451 3.77 0.0 HD3 131 
   416 7.61 0.0 HE21 45 
   1978 8.4 0.0 H 173 
   1094 3.55 0.0 HA 99 
   695 1.69 0.0 HD2 68 
   1601 22.0 0.0 CD2 142 
   252 58.8 0.0 CA 33 
   1734 2.04 0.0 HB3 154 
   1260 4.63 0.0 HA 114 
   1322 8.15 0.0 H 121 
   983 0.71 0.0 HD13 90 
   15 122.1 0.0 N 12 
   654 0.91 0.0 HD22 64 
   221 31.7 0.0 CB 30 
   551 41.8 0.0 CE 55 
   789 1.57 0.0 HG3 76 
   903 43.1 0.0 CB 84 
   1392 21.7 0.0 CG2 126 
   834 57.7 0.0 CA 79 
   60 7.9 0.0 H 17 
   1419 6.99 0.0 HE2 129 
   1536 122.5 0.0 N 137 
   1306 1.79 0.0 HB2 119 
   1910 25.3 0.0 CG1 167 
   1938 1.7 0.0 HB2 170 
   553 8.2 0.0 H 56 
   34 8.07 0.0 H 15 
   658 27.3 0.0 CG 64 
   378 2.71 0.0 HB3 42 
   1562 41.9 0.0 CE 139 
   590 2.19 0.0 HB2 60 
   311 1.13 0.0 HG23 37 
   12 58.2 0.0 CA 12 
   1458 1.61 0.0 HB2 132 
   280 27.0 0.0 CG 35 
   943 2.0 0.0 HG2 87 
   1922 54.4 0.0 CA 168 
   209 3.95 0.0 HA2 29 
   1699 49.3 0.0 CA 151 
   1188 58.3 0.0 CA 107 
   1578 129.7 0.0 CE2 140 
   1237 119.9 0.0 N 111 
   1775 1.28 0.0 HG3 157 
   310 1.13 0.0 HG22 37 
   1648 117.1 0.0 N 146 
   1270 4.47 0.0 HA 115 
   803 3.39 0.0 HB3 77 
   1869 1.59 0.0 HD3 164 
   1629 -0.05 0.0 HD13 145 
   82 1.01 0.0 HG23 18 
   1138 2.95 0.0 HD2 103 
   747 6.4 0.0 HD1 73 
   1688 1.16 0.0 HD22 150 
   432 4.23 0.0 HA 47 
   1337 55.1 0.0 CA 122 
   214 1.05 0.0 HB2 30 
   1161 0.67 0.0 HG23 105 
   1226 42.1 0.0 CB 110 
   1753 53.8 0.0 CA 155 
   253 28.7 0.0 CB 33 
   545 2.84 0.0 HE2 55 
   1391 69.5 0.0 CB 126 
   326 28.0 0.0 CB 38 
   1952 8.55 0.0 H 171 
   1385 4.28 0.0 HA 126 
   1336 2.91 0.0 HE3 122 
   1062 0.87 0.0 HD13 96 
   1924 33.7 0.0 CG 168 
   177 29.2 0.0 CD 25 
   1479 7.41 0.0 HE3 133 
   650 0.91 0.0 HD11 64 
   1303 117.4 0.0 CE2 118 
   1541 1.72 0.0 HG3 138 
   1897 6.85 0.0 H 167 
   939 8.12 0.0 H 87 
   1954 1.93 0.0 HB2 171 
   1837 0.81 0.0 HG21 162 
   1323 3.93 0.0 HA2 121 
   153 1.0 0.0 HD12 24 
   272 0.91 0.0 HD11 35 
   1141 31.9 0.0 CB 103 
   1031 0.7 0.0 HG23 94 
   1687 1.16 0.0 HD21 150 
   1736 0.88 0.0 HD11 154 
   1796 115.7 0.0 N 158 
   781 4.31 0.0 HA3 75 
   1779 117.5 0.0 N 157 
   762 8.53 0.0 H 74 
   938 129.3 0.0 N 86 
   43 30.1 0.0 CB 15 
   515 36.4 0.0 CG 52 
   430 114.9 0.0 N 46 
   502 67.2 0.0 CA 51 
   1407 57.1 0.0 CA 128 
   332 1.78 0.0 HB2 39 
   1921 7.47 0.0 HE22 168 
   1532 60.5 0.0 CA 137 
   541 1.31 0.0 HG2 55 
   1272 1.43 0.0 HB2 115 
   1708 64.6 0.0 CA 152 
   1733 1.24 0.0 HB2 154 
   524 37.4 0.0 CB 53 
   724 1.1 0.0 HG22 71 
   970 54.7 0.0 CA 89 
   599 7.87 0.0 HD1 61 
   1194 2.03 0.0 HB2 108 
   777 129.4 0.0 CZ 74 
   1330 1.47 0.0 HB3 122 
   91 3.98 0.0 HB3 19 
   537 8.89 0.0 H 55 
   1489 123.1 0.0 CH2 133 
   1683 1.88 0.0 HG 150 
   1203 49.8 0.0 CD 108 
   1546 24.1 0.0 CG 138 
   585 39.9 0.0 CB 59 
   1633 58.4 0.0 CA 145 
   629 131.9 0.0 CZ 62 
   1387 1.41 0.0 HG21 126 
   563 7.52 0.0 H 57 
   385 8.98 0.0 H 43 
   258 4.24 0.0 HA 34 
   363 1.45 0.0 HG2 41 
   1360 7.71 0.0 H 124 
   1144 8.6 0.0 H 104 
   1647 32.2 0.0 CG 146 
   1616 7.71 0.0 HE1 144 
   504 23.6 0.0 CG1 51 
   1081 2.76 0.0 HB2 98 
   1890 1.0 0.0 HG22 166 
   1483 61.0 0.0 CA 133 
   1087 58.3 0.0 CA 98 
   1416 7.05 0.0 HD1 129 
   38 1.59 0.0 HG2 15 
   498 0.78 0.0 HG13 51 
   1037 26.8 0.0 CG1 94 
   1563 122.6 0.0 N 139 
   1401 7.93 0.0 H 128 
   441 0.98 0.0 HD23 47 
   566 1.5 0.0 HB2 57 
   1440 29.7 0.0 CB 130 
   113 -0.19 0.0 HD11 21 
   1380 26.3 0.0 CG 125 
   1731 8.68 0.0 H 154 
   240 3.09 0.0 HB3 32 
   71 21.1 0.0 CG1 17 
   379 2.4 0.0 HG2 42 
   1967 1.43 0.0 HG3 172 
   178 41.8 0.0 CE 25 
   1070 4.43 0.0 HA 97 
   613 127.8 0.0 NE1 61 
   1524 4.01 0.0 HA 137 
   1268 110.1 0.0 N 114 
   461 29.8 0.0 CG1 48 
   1488 123.0 0.0 CZ3 133 
   1065 27.8 0.0 CG1 96 
   783 107.1 0.0 N 75 
   508 3.88 0.0 HA 52 
   1236 41.0 0.0 CB 111 
   1685 0.87 0.0 HD12 150 
   417 6.94 0.0 HE22 45 
   1288 1.89 0.0 HE3 117 
   740 27.4 0.0 CG 72 
   717 3.53 0.0 HA3 70 
   1173 1.34 0.0 HB1 106 
   573 2.55 0.0 HB2 58 
   1132 126.2 0.0 N 102 
   1726 113.9 0.0 CZ2 153 
   569 19.0 0.0 CB 57 
   285 4.72 0.0 HA 36 
   1602 125.0 0.0 N 142 
   1238 8.62 0.0 H 112 
   733 1.73 0.0 HB3 72 
   885 57.1 0.0 CA 83 
   1946 56.7 0.0 CA 170 
   837 131.9 0.0 CD2 79 
   1292 2.84 0.0 HB2 118 
   139 1.13 0.0 HG21 23 
   575 55.3 0.0 CA 58 
   357 24.3 0.0 CD2 40 
   158 56.0 0.0 CA 24 
   129 63.3 0.0 CA 22 
   1727 119.6 0.0 CZ3 153 
   1542 3.23 0.0 HD2 138 
   1666 0.92 0.0 HD22 148 
   594 120.0 0.0 N 60 
   126 2.1 0.0 HG3 22 
   1651 1.22 0.0 HB1 147 
   334 1.47 0.0 HG2 39 
   1670 27.0 0.0 CG 148 
   89 4.33 0.0 HA 19 
   1694 27.2 0.0 CD2 150 
   1382 22.6 0.0 CD2 125 
   217 1.44 0.0 HG3 30 
   1367 8.42 0.0 H 125 
   122 4.51 0.0 HA 22 
   1424 131.7 0.0 CD2 129 
   1596 0.37 0.0 HD23 142 
   518 4.48 0.0 HA 53 
   482 7.26 0.0 HD1 50 
   672 7.8 0.0 H 66 
   528 4.38 0.0 HA 54 
   414 2.54 0.0 HG2 45 
   1351 -0.19 0.0 HD11 123 
   981 0.71 0.0 HD11 90 
   1555 1.62 0.0 HD3 139 
   1164 0.43 0.0 HD13 105 
   1066 18.1 0.0 CG2 96 
   305 2.2 0.0 HB 37 
   1223 0.68 0.0 HD22 110 
   67 1.1 0.0 HG22 17 
   1209 2.43 0.0 HG3 109 
   1907 0.85 0.0 HD13 167 
   1771 3.85 0.0 HA 157 
   772 40.5 0.0 CB 74 
   223 48.9 0.0 CD 30 
   35 4.1 0.0 HA 15 
   1313 30.5 0.0 CB 119 
   140 1.13 0.0 HG22 23 
   130 31.8 0.0 CB 22 
   1615 5.82 0.0 HD2 144 
   1145 4.26 0.0 HA 104 
   635 1.6 0.0 HG2 63 
   929 7.33 0.0 HD2 86 
   778 117.0 0.0 N 74 
   1749 3.86 0.0 HA 155 
   1246 1.82 0.0 HB3 113 
   584 51.8 0.0 CA 59 
   426 3.98 0.0 HB3 46 
   1714 3.23 0.0 HB2 153 
   407 117.8 0.0 CE1 44 
   1549 4.17 0.0 HA 139 
   1427 129.2 0.0 CZ 129 
   1034 0.45 0.0 HD13 94 
   1928 4.05 0.0 HA 169 
   793 2.95 0.0 HE3 76 
   1618 29.7 0.0 CB 144 
   157 1.18 0.0 HD23 24 
   1431 1.96 0.0 HB2 130 
   913 1.18 0.0 HG3 85 
   99 2.21 0.0 HG2 20 
   596 4.27 0.0 HA 61 
   509 2.1 0.0 HB2 52 
   1861 111.2 0.0 NE2 163 
   1207 2.39 0.0 HB3 109 
   261 2.42 0.0 HG2 34 
   13 29.4 0.0 CB 12 
   1171 8.88 0.0 H 106 
   1826 57.4 0.0 CA 161 
   1263 1.17 0.0 HG22 114 
   333 2.31 0.0 HB3 39 
   464 118.5 0.0 N 48 
   881 0.82 0.0 HD13 83 
   1836 1.33 0.0 HG13 162 
   646 5.07 0.0 HA 64 
