   1468 41.9 0.0 CB 132 
   1011 131.3 0.0 CD1 92 
   482 7.26 0.0 HD1 50 
   649 1.83 0.0 HG 64 
   1552 1.26 0.0 HG2 139 
   1580 113.4 0.0 N 140 
   1721 6.62 0.0 HH2 153 
   301 121.6 0.0 N 36 
   575 55.3 0.0 CA 58 
   1064 37.7 0.0 CB 96 
   1635 26.4 0.0 CG 145 
   1741 1.14 0.0 HD23 154 
   503 31.5 0.0 CB 51 
   780 4.93 0.0 HA2 75 
   578 8.55 0.0 H 59 
   494 3.25 0.0 HA 51 
   1006 6.63 0.0 HE1 92 
   645 8.7 0.0 H 64 
   961 131.7 0.0 CD2 88 
   1535 22.9 0.0 CG2 137 
   1305 4.25 0.0 HA 119 
   1818 1.9 0.0 HB3 161 
   1958 55.9 0.0 CA 171 
   410 8.21 0.0 H 45 
   1221 0.5 0.0 HD13 110 
   847 0.64 0.0 HG22 80 
   1240 3.79 0.0 HA3 112 
   774 131.7 0.0 CD2 74 
   1888 1.0 0.0 HG13 166 
   415 2.64 0.0 HG3 45 
   383 35.5 0.0 CG 42 
   1982 58.6 0.0 CA 173 
   427 5.22 0.0 HG 46 
   532 7.24 0.0 HD22 54 
   416 7.61 0.0 HE21 45 
   1255 25.6 0.0 CG 113 
   1146 1.71 0.0 HB2 104 
   633 1.82 0.0 HB2 63 
   807 9.24 0.0 H 78 
   249 1.85 0.0 HG3 33 
   968 2.72 0.0 HB2 89 
   277 1.01 0.0 HD23 35 
   1125 7.94 0.0 H 102 
   663 4.51 0.0 HA 65 
   1646 31.6 0.0 CB 146 
   863 55.6 0.0 CA 81 
   1107 4.44 0.0 HB 100 
   1777 29.2 0.0 CB 157 
   355 26.0 0.0 CG 40 
   1073 1.17 0.0 HG22 97 
   495 2.1 0.0 HB 51 
   1668 54.5 0.0 CA 148 
   1687 1.16 0.0 HD21 150 
   955 7.18 0.0 HE1 88 
   457 0.92 0.0 HD12 48 
   82 1.01 0.0 HG23 18 
   123 1.93 0.0 HB2 22 
   327 33.3 0.0 CG 38 
   1334 1.73 0.0 HD3 122 
   506 118.9 0.0 N 51 
   1184 0.58 0.0 HG13 107 
   742 123.7 0.0 N 72 
   197 36.8 0.0 CB 27 
   920 25.6 0.0 CG 85 
   1465 1.04 0.0 HD22 132 
   614 6.81 0.0 H 62 
   1538 1.22 0.0 HB2 138 
   330 8.2 0.0 H 39 
   704 123.1 0.0 N 68 
   261 2.42 0.0 HG2 34 
   1356 24.8 0.0 CG1 123 
   1203 49.8 0.0 CD 108 
   1228 25.1 0.0 CD1 110 
   754 30.6 0.0 CB 73 
   168 1.29 0.0 HG2 25 
   1144 8.6 0.0 H 104 
   424 4.12 0.0 HA 46 
   191 4.6 0.0 HA 27 
   1363 2.78 0.0 HB3 124 
   382 29.2 0.0 CB 42 
   1997 1.94 0.0 HB2 175 
   353 57.5 0.0 CA 40 
   1077 22.0 0.0 CG2 97 
   404 37.9 0.0 CB 44 
   300 122.2 0.0 CH2 36 
   1275 18.9 0.0 CB 115 
   302 125.7 0.0 NE1 36 
   954 7.16 0.0 HD2 88 
   351 0.86 0.0 HD22 40 
   1384 8.22 0.0 H 126 
   716 4.53 0.0 HA2 70 
   1079 7.67 0.0 H 98 
   13 29.4 0.0 CB 12 
   1657 8.89 0.0 H 148 
   1136 1.32 0.0 HG2 103 
   815 6.61 0.0 HZ3 78 
   781 4.31 0.0 HA3 75 
   1897 6.85 0.0 H 167 
   529 3.06 0.0 HB2 54 
   263 59.6 0.0 CA 34 
   1075 60.5 0.0 CA 97 
   602 7.45 0.0 HZ2 61 
   1559 32.6 0.0 CB 139 
   834 57.7 0.0 CA 79 
   1158 1.15 0.0 HG13 105 
   29 1.24 0.0 HG23 14 
   1609 18.0 0.0 CB 143 
   1461 0.93 0.0 HD11 132 
   1025 4.37 0.0 HA 94 
   1514 4.26 0.0 HA 136 
   549 25.6 0.0 CG 55 
   1385 4.28 0.0 HA 126 
   1362 2.23 0.0 HB2 124 
   1774 0.82 0.0 HG2 157 
   1562 41.9 0.0 CE 139 
   822 120.5 0.0 CZ3 78 
   522 6.74 0.0 HD22 53 
   746 2.21 0.0 HB3 73 
   40 3.21 0.0 HD2 15 
   428 62.8 0.0 CA 46 
   187 68.1 0.0 CB 26 
   1719 7.16 0.0 HZ2 153 
   1758 1.8 0.0 HB 156 
   721 4.41 0.0 HA 71 
   310 1.13 0.0 HG22 37 
   1652 1.22 0.0 HB2 147 
   1396 2.61 0.0 HB2 127 
   1710 28.3 0.0 CG 152 
   12 58.2 0.0 CA 12 
   1131 15.4 0.0 CB 102 
   422 111.4 0.0 NE2 45 
   1639 7.93 0.0 H 146 
   837 131.9 0.0 CD2 79 
   1869 1.59 0.0 HD3 164 
   1999 2.31 0.0 HG2 175 
   1926 112.3 0.0 NE2 168 
   904 25.9 0.0 CG 84 
   1036 36.4 0.0 CB 94 
   766 6.87 0.0 HD1 74 
   326 28.0 0.0 CB 38 
   872 39.0 0.0 CB 82 
   606 29.6 0.0 CB 61 
   1194 2.03 0.0 HB2 108 
   709 2.34 0.0 HG2 69 
   1757 3.87 0.0 HA 156 
   636 1.74 0.0 HG3 63 
   1836 1.33 0.0 HG13 162 
   122 4.51 0.0 HA 22 
   1773 0.96 0.0 HB3 157 
   1316 120.9 0.0 N 119 
   1438 2.99 0.0 HE3 130 
   329 113.9 0.0 NE2 38 
   1223 0.68 0.0 HD22 110 
   1294 7.0 0.0 HD1 118 
   1486 120.1 0.0 CE3 133 
   1024 8.43 0.0 H 94 
   654 0.91 0.0 HD22 64 
   1553 1.46 0.0 HG3 139 
   146 116.5 0.0 N 23 
   777 129.4 0.0 CZ 74 
   323 6.95 0.0 HE21 38 
   1883 7.79 0.0 H 166 
   150 1.88 0.0 HB3 24 
   1612 3.57 0.0 HA 144 
   749 7.03 0.0 HE3 73 
   1838 0.81 0.0 HG22 162 
   1940 1.38 0.0 HG2 170 
   1030 0.7 0.0 HG22 94 
   71 21.1 0.0 CG1 17 
   1418 6.99 0.0 HE1 129 
   1434 1.72 0.0 HG3 130 
   700 31.8 0.0 CB 68 
   1929 2.59 0.0 HB2 169 
   1032 0.45 0.0 HD11 94 
   444 27.4 0.0 CG 47 
   1368 4.45 0.0 HA 125 
   100 2.4 0.0 HG3 20 
   1747 118.8 0.0 N 154 
   1701 4.25 0.0 HA 152 
   1440 29.7 0.0 CB 130 
   902 53.6 0.0 CA 84 
   311 1.13 0.0 HG23 37 
   587 110.7 0.0 ND2 59 
   940 5.28 0.0 HA 87 
   1859 33.7 0.0 CG 163 
   785 5.61 0.0 HA 76 
   1764 0.93 0.0 HG23 156 
   1479 7.41 0.0 HE3 133 
   1139 3.85 0.0 HD3 103 
   922 41.3 0.0 CE 85 
   218 2.45 0.0 HD2 30 
   1439 62.3 0.0 CA 130 
   1111 67.1 0.0 CA 100 
   879 0.82 0.0 HD11 83 
   791 1.68 0.0 HD3 76 
   77 0.94 0.0 HG11 18 
   1930 2.88 0.0 HB3 169 
   319 2.23 0.0 HB2 38 
   1128 0.01 0.0 HB2 102 
   1370 1.68 0.0 HB3 125 
   1433 1.42 0.0 HG2 130 
   2 2.76 0.0 HB2 11 
   451 1.26 0.0 HG12 48 
   1070 4.43 0.0 HA 97 
   380 2.69 0.0 HG3 42 
   870 2.87 0.0 HB3 82 
   1619 115.6 0.0 CD2 144 
   336 2.71 0.0 HD2 39 
   528 4.38 0.0 HA 54 
   548 32.2 0.0 CB 55 
   616 2.1 0.0 HB2 62 
   1890 1.0 0.0 HG22 166 
   1068 118.2 0.0 N 96 
   1063 64.5 0.0 CA 96 
   15 122.1 0.0 N 12 
   1636 25.8 0.0 CD1 145 
   1912 14.6 0.0 CD1 167 
   1728 122.7 0.0 CH2 153 
   1827 41.4 0.0 CB 161 
   334 1.47 0.0 HG2 39 
   1302 117.4 0.0 CE1 118 
   182 3.96 0.0 HB 26 
   808 6.21 0.0 HA 78 
   753 55.4 0.0 CA 73 
   1596 0.37 0.0 HD23 142 
   544 1.6 0.0 HD3 55 
   1280 2.0 0.0 HB3 116 
   1153 119.5 0.0 N 104 
   1953 4.39 0.0 HA 171 
   993 2.38 0.0 HB3 91 
   969 2.91 0.0 HB3 89 
   51 1.6 0.0 HG2 16 
   784 8.54 0.0 H 76 
   1587 3.92 0.0 HA 142 
   1459 1.92 0.0 HB3 132 
   199 107.7 0.0 ND2 27 
   996 55.2 0.0 CA 91 
   679 8.15 0.0 H 67 
   1989 7.61 0.0 HD21 174 
   481 3.32 0.0 HB3 50 
   331 4.12 0.0 HA 39 
   315 22.1 0.0 CG2 37 
   787 1.49 0.0 HB3 76 
   157 1.18 0.0 HD23 24 
   1735 2.08 0.0 HG 154 
   135 2.37 0.0 HB 23 
   589 4.4 0.0 HA 60 
   768 7.0 0.0 HE1 74 
   585 39.9 0.0 CB 59 
   884 0.77 0.0 HD23 83 
   714 115.4 0.0 N 69 
   852 59.6 0.0 CA 80 
   1672 22.7 0.0 CD2 148 
   1331 1.04 0.0 HG2 122 
   725 1.1 0.0 HG23 71 
   878 1.45 0.0 HG 83 
   1948 24.8 0.0 CG 170 
   1380 26.3 0.0 CG 125 
   1913 112.3 0.0 N 167 
   1808 6.55 0.0 H 160 
   1317 8.98 0.0 H 120 
   873 131.6 0.0 N 82 
   526 110.8 0.0 ND2 53 
   387 2.22 0.0 HB2 43 
   34 8.07 0.0 H 15 
   1444 118.4 0.0 N 130 
   1824 0.73 0.0 HD22 161 
   45 43.1 0.0 CD 15 
   1623 4.15 0.0 HA 145 
   1086 7.33 0.0 HE2 98 
   287 3.79 0.0 HB3 36 
   1110 1.25 0.0 HG23 100 
   1662 0.8 0.0 HD11 148 
   1896 115.2 0.0 N 166 
   1785 0.42 0.0 HG21 158 
   773 131.7 0.0 CD1 74 
   551 41.8 0.0 CE 55 
   23 122.6 0.0 N 13 
   1308 1.58 0.0 HG2 119 
   836 131.9 0.0 CD1 79 
   637 3.25 0.0 HD2 63 
   46 121.6 0.0 N 15 
   68 1.1 0.0 HG23 17 
   1916 1.92 0.0 HB2 168 
   64 1.01 0.0 HG12 17 
   939 8.12 0.0 H 87 
   1206 2.17 0.0 HB2 109 
   1919 2.35 0.0 HG3 168 
   342 8.86 0.0 H 40 
   1847 14.9 0.0 CD1 162 
   979 1.02 0.0 HG22 90 
   1850 4.04 0.0 HA 163 
   1003 3.68 0.0 HB3 92 
   918 56.1 0.0 CA 85 
   1866 1.45 0.0 HG2 164 
   646 5.07 0.0 HA 64 
   665 1.81 0.0 HB3 65 
   957 7.05 0.0 HZ 88 
   1244 4.41 0.0 HA 113 
   792 2.95 0.0 HE2 76 
   1950 41.8 0.0 CE 170 
   194 6.5 0.0 HD21 27 
   459 65.0 0.0 CA 48 
   1371 1.35 0.0 HG 125 
   915 1.28 0.0 HD3 85 
   1502 1.71 0.0 HB2 135 
   55 57.8 0.0 CA 16 
   542 1.59 0.0 HG3 55 
   66 1.1 0.0 HG21 17 
   339 29.8 0.0 CB 39 
   1226 42.1 0.0 CB 110 
   1296 6.74 0.0 HE1 118 
   756 119.8 0.0 CE3 73 
   796 24.8 0.0 CG 76 
   795 38.2 0.0 CB 76 
   1998 2.08 0.0 HB3 175 
   1536 122.5 0.0 N 137 
   1045 1.91 0.0 HG3 95 
   718 46.2 0.0 CA 70 
   631 8.75 0.0 H 63 
   1867 1.66 0.0 HG3 164 
   507 8.37 0.0 H 52 
   938 129.3 0.0 N 86 
   554 4.54 0.0 HA 56 
   1398 56.8 0.0 CA 127 
   1846 16.7 0.0 CG2 162 
   1204 9.68 0.0 H 109 
   1969 1.65 0.0 HD3 172 
   882 0.77 0.0 HD21 83 
   1910 25.3 0.0 CG1 167 
   866 126.2 0.0 N 81 
   1534 20.4 0.0 CG1 137 
   1156 1.26 0.0 HB 105 
   1655 20.6 0.0 CB 147 
   1512 113.5 0.0 N 135 
   625 132.0 0.0 CD1 62 
   1986 4.67 0.0 HA 174 
   497 0.78 0.0 HG12 51 
   1603 9.24 0.0 H 143 
   1715 3.56 0.0 HB3 153 
   1875 29.2 0.0 CD 164 
   137 0.96 0.0 HG12 23 
   512 2.42 0.0 HG3 52 
   648 1.86 0.0 HB3 64 
   132 50.7 0.0 CD 22 
   1641 2.2 0.0 HB2 146 
   417 6.94 0.0 HE22 45 
   1462 0.93 0.0 HD12 132 
   1060 0.87 0.0 HD11 96 
   1678 107.1 0.0 N 149 
   1406 8.19 0.0 HE1 128 
   41 3.21 0.0 HD3 15 
   1521 116.3 0.0 N 136 
   393 34.7 0.0 CG 43 
   1993 121.0 0.0 N 174 
   278 56.6 0.0 CA 35 
   607 128.3 0.0 CD1 61 
   592 54.1 0.0 CA 60 
   1307 1.79 0.0 HB3 119 
   1260 4.63 0.0 HA 114 
   1491 130.6 0.0 NE1 133 
   1134 0.87 0.0 HB2 103 
   36 1.87 0.0 HB2 15 
   1852 2.24 0.0 HB3 163 
   1067 13.2 0.0 CD1 96 
   1653 1.22 0.0 HB3 147 
   643 42.6 0.0 CD 63 
   651 0.91 0.0 HD12 64 
   1404 3.23 0.0 HB3 128 
   154 1.0 0.0 HD13 24 
   1199 3.77 0.0 HD3 108 
   115 -0.19 0.0 HD13 21 
   25 4.07 0.0 HA 14 
   802 2.94 0.0 HB2 77 
   896 0.41 0.0 HD11 84 
   1699 49.3 0.0 CA 151 
   1743 42.6 0.0 CB 154 
   251 3.34 0.0 HD3 33 
   1053 3.78 0.0 HA 96 
   891 7.9 0.0 H 84 
   675 2.44 0.0 HB3 66 
   190 9.34 0.0 H 27 
   769 7.0 0.0 HE2 74 
   344 0.97 0.0 HB2 40 
   1382 22.6 0.0 CD2 125 
   600 9.85 0.0 HE1 61 
   562 112.3 0.0 ND2 56 
   1318 4.1 0.0 HA2 120 
   1332 1.23 0.0 HG3 122 
   615 4.91 0.0 HA 62 
   117 39.1 0.0 CB 21 
   1954 1.93 0.0 HB2 171 
   1505 1.72 0.0 HG3 135 
   618 5.47 0.0 HD1 62 
   557 7.04 0.0 HD21 56 
   695 1.69 0.0 HD2 68 
   1126 3.87 0.0 HA 102 
   1386 4.54 0.0 HB 126 
   1525 1.75 0.0 HB 137 
   189 121.3 0.0 N 26 
   1575 127.3 0.0 CD1 140 
   1281 56.2 0.0 CA 116 
   1967 1.43 0.0 HG3 172 
   230 3.17 0.0 HD2 31 
   1083 7.86 0.0 HD1 98 
   859 4.82 0.0 HA 81 
   823 123.5 0.0 CH2 78 
   690 3.96 0.0 HA 68 
   723 1.1 0.0 HG21 71 
   745 1.04 0.0 HB2 73 
   543 1.6 0.0 HD2 55 
   1055 1.32 0.0 HG12 96 
   1878 7.93 0.0 H 165 
   452 1.86 0.0 HG13 48 
   307 0.99 0.0 HG12 37 
   1348 -0.36 0.0 HG21 123 
   980 1.02 0.0 HG23 90 
   296 127.0 0.0 CD1 36 
   1602 125.0 0.0 N 142 
   1357 17.0 0.0 CG2 123 
   1168 17.5 0.0 CG2 105 
   515 36.4 0.0 CG 52 
   1189 31.4 0.0 CB 107 
   1784 1.49 0.0 HG13 158 
   1800 1.71 0.0 HG2 159 
   299 120.3 0.0 CZ3 36 
   134 4.44 0.0 HA 23 
   254 27.3 0.0 CG 33 
   1179 8.02 0.0 H 107 
   231 3.17 0.0 HD3 31 
   1458 1.61 0.0 HB2 132 
   1842 0.01 0.0 HD13 162 
   856 12.7 0.0 CD1 80 
   1566 1.98 0.0 HB2 140 
   1452 65.5 0.0 CA 131 
   1807 49.4 0.0 CD 159 
   1618 29.7 0.0 CB 144 
   819 125.9 0.0 CD1 78 
   1499 117.9 0.0 N 134 
   89 4.33 0.0 HA 19 
   159 41.3 0.0 CB 24 
   42 58.2 0.0 CA 15 
   19 1.47 0.0 HB2 13 
   680 4.76 0.0 HA 67 
   114 -0.19 0.0 HD12 21 
   1483 61.0 0.0 CA 133 
   1242 115.0 0.0 N 112 
   238 4.9 0.0 HA 32 
   1831 118.0 0.0 N 161 
   1871 2.92 0.0 HE3 164 
   1478 9.6 0.0 HE1 133 
   1851 2.24 0.0 HB2 163 
   1443 41.8 0.0 CE 130 
   1015 127.8 0.0 CZ 92 
   877 2.1 0.0 HB3 83 
   1381 25.2 0.0 CD1 125 
   1211 30.2 0.0 CB 109 
   1008 6.45 0.0 HZ 92 
   488 131.7 0.0 CD1 50 
   890 108.0 0.0 N 83 
   1477 6.93 0.0 HD1 133 
   1474 3.57 0.0 HA 133 
   1634 42.1 0.0 CB 145 
   942 1.9 0.0 HB3 87 
   53 3.21 0.0 HD2 16 
   256 121.0 0.0 N 33 
   871 55.4 0.0 CA 82 
   726 61.7 0.0 CA 71 
   1585 112.9 0.0 N 141 
   1106 4.12 0.0 HA 100 
   14 35.9 0.0 CG 12 
   1970 2.95 0.0 HE2 172 
   1864 1.76 0.0 HB2 164 
   778 117.0 0.0 N 74 
   1143 49.2 0.0 CD 103 
   1663 0.8 0.0 HD12 148 
   105 7.66 0.0 H 21 
   1554 1.56 0.0 HD2 139 
   1200 66.4 0.0 CA 108 
   216 1.05 0.0 HG2 30 
   147 9.12 0.0 H 24 
   1509 30.1 0.0 CB 135 
   1082 3.27 0.0 HB3 98 
   1608 55.6 0.0 CA 143 
   388 2.34 0.0 HB3 43 
   160 31.1 0.0 CG 24 
   476 42.2 0.0 CD 49 
   921 29.2 0.0 CD 85 
   1586 10.28 0.0 H 142 
   232 56.1 0.0 CA 31 
   1868 1.5 0.0 HD2 164 
   367 2.96 0.0 HE2 41 
   1432 2.04 0.0 HB3 130 
   485 6.97 0.0 HE2 50 
   1791 63.4 0.0 CA 158 
   1697 3.12 0.0 HA2 151 
   102 30.1 0.0 CB 20 
   1610 120.1 0.0 N 143 
   1781 3.54 0.0 HA 158 
   284 8.01 0.0 H 36 
   423 8.3 0.0 H 46 
   1360 7.71 0.0 H 124 
   225 4.34 0.0 HA 31 
   564 4.51 0.0 HA 57 
   129 63.3 0.0 CA 22 
   995 2.13 0.0 HG3 91 
   1480 7.26 0.0 HZ2 133 
   702 28.9 0.0 CD 68 
   901 0.64 0.0 HD23 84 
   91 3.98 0.0 HB3 19 
   894 1.93 0.0 HB3 84 
   1224 0.68 0.0 HD23 110 
   611 123.3 0.0 CH2 61 
   155 1.18 0.0 HD21 24 
   475 26.1 0.0 CG 49 
   1844 38.3 0.0 CB 162 
   224 8.5 0.0 H 31 
   794 53.9 0.0 CA 76 
   1761 0.75 0.0 HG13 156 
   1856 6.84 0.0 HE22 163 
   1472 119.9 0.0 N 132 
   1383 126.2 0.0 N 125 
   394 120.6 0.0 N 43 
   1695 125.1 0.0 N 150 
   403 62.3 0.0 CA 44 
   192 2.32 0.0 HB2 27 
   1142 27.9 0.0 CG 103 
   72 21.8 0.0 CG2 17 
   491 118.8 0.0 CE2 50 
   1448 1.99 0.0 HG2 131 
   817 56.7 0.0 CA 78 
   1249 1.6 0.0 HD2 113 
   906 24.8 0.0 CD2 84 
   1422 39.5 0.0 CB 129 
   946 34.7 0.0 CB 87 
   1323 3.93 0.0 HA2 121 
   563 7.52 0.0 H 57 
   748 9.32 0.0 HE1 73 
   838 117.3 0.0 CE1 79 
   1787 0.42 0.0 HG23 158 
   1520 40.4 0.0 CB 136 
   215 1.42 0.0 HB3 30 
   1703 2.44 0.0 HB3 152 
   574 3.11 0.0 HB3 58 
   1675 4.05 0.0 HA2 149 
   255 43.1 0.0 CD 33 
   952 3.07 0.0 HB3 88 
   4 54.1 0.0 CA 11 
   1420 6.93 0.0 HZ 129 
   1098 1.77 0.0 HG3 99 
   1722 62.3 0.0 CA 153 
   1185 0.93 0.0 HG21 107 
   239 3.17 0.0 HB2 32 
   149 1.51 0.0 HB2 24 
   1085 6.93 0.0 HE1 98 
   1918 2.32 0.0 HG2 168 
   175 35.9 0.0 CB 25 
   623 57.0 0.0 CA 62 
   1951 123.6 0.0 N 170 
   1577 129.7 0.0 CE1 140 
   320 2.23 0.0 HB3 38 
   667 2.03 0.0 HG3 65 
   359 7.57 0.0 H 41 
   1975 29.1 0.0 CD 172 
   1681 1.36 0.0 HB2 150 
   1379 41.7 0.0 CB 125 
   430 114.9 0.0 N 46 
   295 29.5 0.0 CB 36 
   747 6.4 0.0 HD1 73 
   1287 1.89 0.0 HE2 117 
   354 41.3 0.0 CB 40 
   1630 0.45 0.0 HD21 145 
   1306 1.79 0.0 HB2 119 
   1078 103.6 0.0 N 97 
   357 24.3 0.0 CD2 40 
   119 17.2 0.0 CG2 21 
   559 55.3 0.0 CA 56 
   1593 -0.51 0.0 HD13 142 
   865 119.9 0.0 CD2 81 
   376 4.12 0.0 HA 42 
   1737 0.88 0.0 HD12 154 
   770 6.92 0.0 HZ 74 
   501 0.8 0.0 HG23 51 
   619 5.47 0.0 HD2 62 
   1183 0.58 0.0 HG12 107 
   83 64.2 0.0 CA 18 
   1492 8.33 0.0 H 134 
   1961 119.4 0.0 N 171 
   1682 2.33 0.0 HB3 150 
   707 2.1 0.0 HB2 69 
   715 7.82 0.0 H 70 
   1198 3.48 0.0 HD2 108 
   580 2.37 0.0 HB2 59 
   964 128.3 0.0 CZ 88 
   1152 35.9 0.0 CG 104 
   899 0.64 0.0 HD21 84 
   668 54.6 0.0 CA 65 
   537 8.89 0.0 H 55 
   1230 116.5 0.0 N 110 
   80 1.01 0.0 HG21 18 
   1981 2.88 0.0 HB3 173 
   1049 32.4 0.0 CB 95 
   1914 8.64 0.0 H 168 
   1159 0.67 0.0 HG21 105 
   970 54.7 0.0 CA 89 
   1123 21.0 0.0 CG2 101 
   1187 0.93 0.0 HG23 107 
   1343 7.91 0.0 H 123 
   1689 1.16 0.0 HD23 150 
   744 4.72 0.0 HA 73 
   1581 9.74 0.0 H 141 
   106 4.14 0.0 HA 21 
   687 116.8 0.0 N 67 
   346 0.96 0.0 HG 40 
   305 2.2 0.0 HB 37 
   32 22.0 0.0 CG2 14 
   207 123.5 0.0 N 28 
   243 119.3 0.0 N 32 
   814 7.17 0.0 HZ2 78 
   917 2.37 0.0 HE3 85 
   880 0.82 0.0 HD12 83 
   677 66.8 0.0 CB 66 
   867 9.03 0.0 H 82 
   1899 1.86 0.0 HB 167 
   233 29.5 0.0 CB 31 
   463 13.2 0.0 CD1 48 
   111 0.18 0.0 HG22 21 
   947 37.4 0.0 CG 87 
   925 4.52 0.0 HA 86 
   242 40.8 0.0 CB 32 
   1947 33.5 0.0 CB 170 
   128 4.08 0.0 HD3 22 
   1574 36.4 0.0 CB 140 
   1753 53.8 0.0 CA 155 
   541 1.31 0.0 HG2 55 
   691 1.81 0.0 HB2 68 
   1428 121.3 0.0 N 129 
   1104 49.5 0.0 CD 99 
   864 34.3 0.0 CB 81 
   832 6.69 0.0 HE1 79 
   109 1.61 0.0 HG13 21 
   1389 1.41 0.0 HG23 126 
   1165 62.8 0.0 CA 105 
   279 42.7 0.0 CB 35 
   221 31.7 0.0 CB 30 
   435 1.91 0.0 HG 47 
   656 54.3 0.0 CA 64 
   486 58.8 0.0 CA 50 
   517 8.47 0.0 H 53 
   1565 4.03 0.0 HA 140 
   1724 127.0 0.0 CD1 153 
   335 1.47 0.0 HG3 39 
   1009 57.4 0.0 CA 92 
   603 6.87 0.0 HZ3 61 
   712 29.6 0.0 CB 69 
   1810 2.55 0.0 HB2 160 
   298 114.2 0.0 CZ2 36 
   1654 55.8 0.0 CA 147 
   1442 29.4 0.0 CD 130 
   392 28.4 0.0 CB 43 
   761 127.0 0.0 NE1 73 
   1837 0.81 0.0 HG21 162 
   588 8.49 0.0 H 60 
   1708 64.6 0.0 CA 152 
   1261 4.2 0.0 HB 114 
   582 6.69 0.0 HD21 59 
   669 34.1 0.0 CB 65 
   179 116.8 0.0 N 25 
   1177 21.6 0.0 CB 106 
   1546 24.1 0.0 CG 138 
   601 7.9 0.0 HE3 61 
   1162 0.43 0.0 HD11 105 
   666 1.89 0.0 HG2 65 
   1599 26.2 0.0 CG 142 
   1091 118.2 0.0 CE1 98 
   1677 45.7 0.0 CA 149 
   101 56.0 0.0 CA 20 
   1062 0.87 0.0 HD13 96 
   1121 59.6 0.0 CA 101 
   1934 120.5 0.0 CD2 169 
   1019 2.51 0.0 HB2 93 
   379 2.4 0.0 HG2 42 
   1166 38.7 0.0 CB 105 
   1300 132.5 0.0 CD1 118 
   1414 3.1 0.0 HB2 129 
   1455 50.3 0.0 CD 131 
   1500 7.5 0.0 H 135 
   209 3.95 0.0 HA2 29 
   1390 62.4 0.0 CA 126 
   47 8.18 0.0 H 16 
   63 1.01 0.0 HG11 17 
   1130 49.7 0.0 CA 102 
   1712 7.2 0.0 H 153 
   907 121.8 0.0 N 84 
   1392 21.7 0.0 CG2 126 
   597 2.65 0.0 HB2 61 
   1879 3.97 0.0 HA2 165 
   1829 26.1 0.0 CD1 161 
   285 4.72 0.0 HA 36 
   950 5.09 0.0 HA 88 
   1219 0.5 0.0 HD11 110 
   270 1.81 0.0 HB3 35 
   292 7.51 0.0 HZ3 36 
   94 116.9 0.0 N 19 
   1822 0.66 0.0 HD13 161 
   1680 4.08 0.0 HA 150 
   2003 56.0 0.0 CA 175 
   671 122.0 0.0 N 65 
   1590 1.64 0.0 HG 142 
   924 9.53 0.0 H 86 
   1014 129.9 0.0 CE2 92 
   1826 57.4 0.0 CA 161 
   988 14.6 0.0 CD1 90 
   1792 30.6 0.0 CB 158 
   227 2.02 0.0 HB3 31 
   1285 2.4 0.0 HG3 117 
   1001 4.95 0.0 HA 92 
   48 4.19 0.0 HA 16 
   400 7.33 0.0 HD2 44 
   1900 0.81 0.0 HG12 167 
   1320 45.5 0.0 CA 120 
   1233 2.6 0.0 HB2 111 
   527 8.75 0.0 H 54 
   553 8.2 0.0 H 56 
   1265 58.4 0.0 CA 114 
   1549 4.17 0.0 HA 139 
   1770 7.92 0.0 H 157 
   375 7.68 0.0 H 42 
   1227 26.9 0.0 CG 110 
   43 30.1 0.0 CB 15 
   1651 1.22 0.0 HB1 147 
   408 117.8 0.0 CE2 44 
   610 120.2 0.0 CZ3 61 
   1616 7.71 0.0 HE1 144 
   126 2.1 0.0 HG3 22 
   1990 6.91 0.0 HD22 174 
   378 2.71 0.0 HB3 42 
   886 39.8 0.0 CB 83 
   1579 130.1 0.0 CZ 140 
   783 107.1 0.0 N 75 
   509 2.1 0.0 HB2 52 
   1214 7.93 0.0 H 110 
   1208 2.43 0.0 HG2 109 
   1862 7.88 0.0 H 164 
   974 5.66 0.0 HA 90 
   152 1.0 0.0 HD11 24 
   1081 2.76 0.0 HB2 98 
   11 2.32 0.0 HG3 12 
   821 114.1 0.0 CZ2 78 
   755 123.5 0.0 CD1 73 
   1449 2.12 0.0 HG3 131 
   1605 1.04 0.0 HB1 143 
   1901 1.3 0.0 HG13 167 
   1648 117.1 0.0 N 146 
   213 2.52 0.0 HA 30 
   1876 41.8 0.0 CE 164 
   434 2.21 0.0 HB3 47 
   1133 4.23 0.0 HA 103 
   252 58.8 0.0 CA 33 
   143 32.8 0.0 CB 23 
   511 2.31 0.0 HG2 52 
   722 4.57 0.0 HB 71 
   1946 56.7 0.0 CA 170 
   1874 26.3 0.0 CG 164 
   1450 3.64 0.0 HD2 131 
   1693 23.0 0.0 CD1 150 
   1974 24.7 0.0 CG 172 
   984 58.5 0.0 CA 90 
   900 0.64 0.0 HD22 84 
   1365 27.0 0.0 CB 124 
   1195 2.4 0.0 HB3 108 
   732 1.63 0.0 HB2 72 
   1092 116.0 0.0 CE2 98 
   1555 1.62 0.0 HD3 139 
   1475 2.49 0.0 HB2 133 
   1378 54.2 0.0 CA 125 
   381 59.1 0.0 CA 42 
   1353 -0.19 0.0 HD13 123 
   581 2.76 0.0 HB3 59 
   108 0.36 0.0 HG12 21 
   816 6.84 0.0 HH2 78 
   1857 58.8 0.0 CA 163 
   70 32.2 0.0 CB 17 
   86 22.0 0.0 CG2 18 
   1527 0.66 0.0 HG12 137 
   1445 4.38 0.0 HA 131 
   729 107.9 0.0 N 71 
   1730 127.7 0.0 NE1 153 
   1421 62.4 0.0 CA 129 
   1564 6.28 0.0 H 140 
   1066 18.1 0.0 CG2 96 
   1132 126.2 0.0 N 102 
   490 118.8 0.0 CE1 50 
   456 0.92 0.0 HD11 48 
   1937 4.24 0.0 HA 170 
   1547 48.1 0.0 CD 138 
   1366 121.7 0.0 N 124 
   887 26.8 0.0 CG 83 
   1416 7.05 0.0 HD1 129 
   1895 21.8 0.0 CG2 166 
   211 44.9 0.0 CA 29 
   1010 40.4 0.0 CB 92 
   1095 1.45 0.0 HB2 99 
   1410 136.2 0.0 CE1 128 
   788 1.43 0.0 HG2 76 
   1673 110.9 0.0 N 148 
   910 1.51 0.0 HB2 85 
   374 118.4 0.0 N 41 
   1052 8.69 0.0 H 96 
   390 2.75 0.0 HG3 43 
   30 64.2 0.0 CA 14 
   681 3.07 0.0 HB2 67 
   635 1.6 0.0 HG2 63 
   998 35.4 0.0 CG 91 
   728 23.0 0.0 CG2 71 
   705 8.77 0.0 H 69 
   1463 0.93 0.0 HD13 132 
   1344 3.77 0.0 HA 123 
   414 2.54 0.0 HG2 45 
   1329 1.25 0.0 HB2 122 
   429 62.7 0.0 CB 46 
   499 0.8 0.0 HG21 51 
   539 1.91 0.0 HB2 55 
   275 1.01 0.0 HD21 35 
   1523 6.64 0.0 H 137 
   1322 8.15 0.0 H 121 
   1034 0.45 0.0 HD13 94 
   711 58.0 0.0 CA 69 
   1464 1.04 0.0 HD21 132 
   1519 53.4 0.0 CA 136 
   262 2.42 0.0 HG3 34 
   1709 32.1 0.0 CB 152 
   1238 8.62 0.0 H 112 
   1246 1.82 0.0 HB3 113 
   442 58.8 0.0 CA 47 
   237 8.17 0.0 H 32 
   684 6.71 0.0 HD22 67 
   1973 32.8 0.0 CB 172 
   1151 30.1 0.0 CB 104 
   1889 1.0 0.0 HG21 166 
   678 111.7 0.0 N 66 
   661 123.1 0.0 N 64 
   1664 0.8 0.0 HD13 148 
   1798 1.66 0.0 HB2 159 
   1282 29.0 0.0 CB 116 
   222 27.2 0.0 CG 30 
   1666 0.92 0.0 HD22 148 
   1923 31.6 0.0 CB 168 
   257 9.25 0.0 H 34 
   283 119.1 0.0 N 35 
   1350 -0.36 0.0 HG23 123 
   1342 118.4 0.0 N 122 
   69 64.5 0.0 CA 17 
   670 36.3 0.0 CG 65 
   1319 3.69 0.0 HA3 120 
   831 6.96 0.0 HD2 79 
   521 7.98 0.0 HD21 53 
   519 3.0 0.0 HB2 53 
   1744 26.8 0.0 CG 154 
   1201 32.3 0.0 CB 108 
   798 42.2 0.0 CE 76 
   1963 4.4 0.0 HA 172 
   272 0.91 0.0 HD11 35 
   1640 4.36 0.0 HA 146 
   1488 123.0 0.0 CZ3 133 
   1775 1.28 0.0 HG3 157 
   358 120.3 0.0 N 40 
   1720 6.36 0.0 HZ3 153 
   228 1.58 0.0 HG2 31 
   338 58.1 0.0 CA 39 
   1685 0.87 0.0 HD12 150 
   1809 4.33 0.0 HA 160 
   1805 30.6 0.0 CB 159 
   1526 0.66 0.0 HG11 137 
   1400 122.0 0.0 N 127 
   1243 8.33 0.0 H 113 
   1994 112.7 0.0 ND2 174 
   1767 21.1 0.0 CG1 156 
   313 31.3 0.0 CB 37 
   1550 1.74 0.0 HB2 139 
   269 1.46 0.0 HB2 35 
   1621 115.4 0.0 N 144 
   271 1.77 0.0 HG 35 
   1210 58.3 0.0 CA 109 
   801 5.55 0.0 HA 77 
   240 3.09 0.0 HB3 32 
   219 3.47 0.0 HD3 30 
   1704 1.84 0.0 HG2 152 
   363 1.45 0.0 HG2 41 
   1016 112.7 0.0 N 92 
   1959 31.0 0.0 CB 171 
   828 3.01 0.0 HB2 79 
   978 1.02 0.0 HG21 90 
   1778 34.2 0.0 CG 157 
   1828 26.2 0.0 CG 161 
   1117 3.67 0.0 HB 101 
   662 8.9 0.0 H 65 
   803 3.39 0.0 HB3 77 
   1508 57.0 0.0 CA 135 
   944 2.0 0.0 HG3 87 
   73 119.6 0.0 N 17 
   1943 1.6 0.0 HD3 170 
   1175 1.34 0.0 HB3 106 
   470 1.93 0.0 HG3 49 
   1212 36.8 0.0 CG 109 
   1823 0.73 0.0 HD21 161 
   1304 8.4 0.0 H 119 
   730 7.61 0.0 H 72 
   983 0.71 0.0 HD13 90 
   1120 1.08 0.0 HG23 101 
   1723 29.6 0.0 CB 153 
   183 1.25 0.0 HG21 26 
   467 1.95 0.0 HB2 49 
   1872 56.9 0.0 CA 164 
   1949 29.2 0.0 CD 170 
   1337 55.1 0.0 CA 122 
   763 5.33 0.0 HA 74 
   1114 122.2 0.0 N 100 
   520 3.26 0.0 HB3 53 
   642 26.9 0.0 CG 63 
   1578 129.7 0.0 CE2 140 
   972 122.9 0.0 N 89 
   120 13.1 0.0 CD1 21 
   989 113.7 0.0 N 90 
   322 2.45 0.0 HG3 38 
   776 130.0 0.0 CE2 74 
   1190 20.0 0.0 CG1 107 
   1563 122.6 0.0 N 139 
   1725 119.6 0.0 CE3 153 
   1816 3.88 0.0 HA 161 
   1660 2.08 0.0 HB3 148 
   1532 60.5 0.0 CA 137 
   518 4.48 0.0 HA 53 
   267 8.01 0.0 H 35 
   1968 1.65 0.0 HD2 172 
   386 4.33 0.0 HA 43 
   688 110.7 0.0 ND2 67 
   1979 4.42 0.0 HA 173 
   35 4.1 0.0 HA 15 
   1806 28.7 0.0 CG 159 
   1996 4.26 0.0 HA 175 
   1592 -0.51 0.0 HD12 142 
   1373 0.13 0.0 HD12 125 
   236 116.8 0.0 N 31 
   1314 27.1 0.0 CG 119 
   1607 1.04 0.0 HB3 143 
   1267 20.7 0.0 CG2 114 
   140 1.13 0.0 HG22 23 
   1100 3.8 0.0 HD3 99 
   1033 0.45 0.0 HD12 94 
   1815 7.82 0.0 H 161 
   1779 117.5 0.0 N 157 
   1820 0.66 0.0 HD11 161 
   632 4.37 0.0 HA 63 
   1236 41.0 0.0 CB 111 
   913 1.18 0.0 HG3 85 
   1026 2.04 0.0 HB 94 
   1576 127.3 0.0 CD2 140 
   1237 119.9 0.0 N 111 
   1288 1.89 0.0 HE3 117 
   1503 1.86 0.0 HB3 135 
   948 122.6 0.0 N 87 
   1346 0.57 0.0 HG12 123 
   540 1.91 0.0 HB3 55 
   805 32.7 0.0 CB 77 
   1167 27.6 0.0 CG1 105 
   1335 2.91 0.0 HE2 122 
   1731 8.68 0.0 H 154 
   1213 116.4 0.0 N 109 
   927 3.29 0.0 HB3 86 
   1476 3.07 0.0 HB3 133 
   214 1.05 0.0 HB2 30 
   176 24.6 0.0 CG 25 
   1921 7.47 0.0 HE22 168 
   280 27.0 0.0 CG 35 
   1848 120.1 0.0 N 162 
   1247 1.3 0.0 HG2 113 
   958 56.0 0.0 CA 88 
   250 3.34 0.0 HD2 33 
   1755 115.0 0.0 N 155 
   1548 8.76 0.0 H 139 
   56 30.2 0.0 CB 16 
   208 8.82 0.0 H 29 
   1622 8.62 0.0 H 145 
   1718 7.08 0.0 HE3 153 
   1750 1.43 0.0 HB1 155 
   484 6.97 0.0 HE1 50 
   1258 117.5 0.0 N 113 
   127 3.72 0.0 HD2 22 
   1909 40.7 0.0 CB 167 
   604 7.04 0.0 HH2 61 
   620 5.55 0.0 HE1 62 
   1702 1.82 0.0 HB2 152 
   276 1.01 0.0 HD22 35 
   953 7.16 0.0 HD1 88 
   1628 -0.05 0.0 HD12 145 
   1256 29.1 0.0 CD 113 
   533 55.3 0.0 CA 54 
   812 10.66 0.0 HE1 78 
   708 2.23 0.0 HB3 69 
   824 117.5 0.0 N 78 
   1597 57.5 0.0 CA 142 
   1894 21.8 0.0 CG1 166 
   247 2.12 0.0 HB3 33 
   1614 3.34 0.0 HB3 144 
   1429 8.59 0.0 H 130 
   258 4.24 0.0 HA 34 
   1469 27.0 0.0 CG 132 
   762 8.53 0.0 H 74 
   1873 34.1 0.0 CB 164 
   833 6.69 0.0 HE2 79 
   1795 8.6 0.0 CD1 158 
   1005 6.51 0.0 HD2 92 
   289 9.86 0.0 HE1 36 
   1460 1.53 0.0 HG 132 
   1276 128.2 0.0 N 115 
   846 0.64 0.0 HG21 80 
   1830 22.9 0.0 CD2 161 
   1511 43.4 0.0 CD 135 
   438 0.93 0.0 HD13 47 
   1932 57.3 0.0 CA 169 
   504 23.6 0.0 CG1 51 
   682 3.59 0.0 HB3 67 
   1490 120.6 0.0 N 133 
   469 1.74 0.0 HG2 49 
   181 3.89 0.0 HA 26 
   1327 7.0 0.0 H 122 
   1408 30.4 0.0 CB 128 
   565 1.5 0.0 HB1 57 
   1262 1.17 0.0 HG21 114 
   1529 1.08 0.0 HG21 137 
   1589 1.6 0.0 HB3 142 
   425 3.98 0.0 HB2 46 
   999 117.4 0.0 N 91 
   1885 2.17 0.0 HB 166 
   1915 4.83 0.0 HA 168 
   1568 6.2 0.0 HD1 140 
   567 1.5 0.0 HB3 57 
   1780 7.94 0.0 H 158 
   1289 36.0 0.0 CG 117 
   384 119.4 0.0 N 42 
   332 1.78 0.0 HB2 39 
   1044 1.84 0.0 HG2 95 
   162 25.5 0.0 CD2 24 
   370 32.0 0.0 CB 41 
   1783 0.82 0.0 HG12 158 
   333 2.31 0.0 HB3 39 
   1917 2.09 0.0 HB3 168 
   1768 21.8 0.0 CG2 156 
   8 2.03 0.0 HB2 12 
   1980 2.81 0.0 HB2 173 
   713 37.3 0.0 CG 69 
   1157 0.33 0.0 HG12 105 
   20 1.47 0.0 HB3 13 
   1987 2.77 0.0 HB2 174 
   163 126.3 0.0 N 24 
   167 1.76 0.0 HB3 25 
   1345 0.37 0.0 HB 123 
   92 60.1 0.0 CA 19 
   1631 0.45 0.0 HD22 145 
   473 57.4 0.0 CA 49 
   1962 8.44 0.0 H 172 
   1293 3.08 0.0 HB3 118 
   1181 1.96 0.0 HB 107 
   58 43.2 0.0 CD 16 
   758 120.1 0.0 CZ3 73 
   2002 6.84 0.0 HE22 175 
   1341 41.8 0.0 CE 122 
   1376 0.33 0.0 HD22 125 
   1691 42.2 0.0 CB 150 
   1644 2.21 0.0 HG3 146 
   1232 4.44 0.0 HA 111 
   350 0.86 0.0 HD21 40 
   246 2.0 0.0 HB2 33 
   737 3.19 0.0 HD3 72 
   1311 3.21 0.0 HD3 119 
   1457 3.95 0.0 HA 132 
   997 33.5 0.0 CB 91 
   638 3.25 0.0 HD3 63 
   1127 0.01 0.0 HB1 102 
   1099 3.44 0.0 HD2 99 
   366 1.74 0.0 HD3 41 
   650 0.91 0.0 HD11 64 
   1907 0.85 0.0 HD13 167 
   1330 1.47 0.0 HB3 122 
   1124 114.3 0.0 N 101 
   1050 27.0 0.0 CG 95 
   1430 3.99 0.0 HA 130 
   1811 2.55 0.0 HB3 160 
   1656 120.5 0.0 N 147 
   1315 42.9 0.0 CD 119 
   62 2.21 0.0 HB 17 
   253 28.7 0.0 CB 33 
   994 2.13 0.0 HG2 91 
   806 114.4 0.0 N 77 
   212 107.0 0.0 N 29 
   1397 2.68 0.0 HB3 127 
   1140 61.6 0.0 CA 103 
   653 0.91 0.0 HD21 64 
   1516 1.28 0.0 HB3 136 
   1533 33.3 0.0 CB 137 
   26 4.2 0.0 HB 14 
   1626 1.11 0.0 HG 145 
   1584 44.0 0.0 CA 141 
   303 7.5 0.0 H 37 
   1056 1.48 0.0 HG13 96 
   389 2.14 0.0 HG2 43 
   2004 29.2 0.0 CB 175 
   1734 2.04 0.0 HB3 154 
   420 34.2 0.0 CG 45 
   364 1.73 0.0 HG3 41 
   1037 26.8 0.0 CG1 94 
   876 1.57 0.0 HB2 83 
   1076 67.7 0.0 CB 97 
   1686 0.87 0.0 HD13 150 
   291 7.92 0.0 HZ2 36 
   341 121.0 0.0 N 39 
   577 116.9 0.0 N 58 
   1401 7.93 0.0 H 128 
   1169 14.7 0.0 CD1 105 
   1020 2.67 0.0 HB3 93 
   982 0.71 0.0 HD12 90 
   2000 2.31 0.0 HG3 175 
   487 38.5 0.0 CB 50 
   325 58.3 0.0 CA 38 
   1298 53.1 0.0 CA 118 
   471 3.37 0.0 HD2 49 
   1154 8.55 0.0 H 105 
   1291 4.86 0.0 HA 118 
   17 4.21 0.0 HA 13 
   1840 0.01 0.0 HD11 162 
   1482 7.06 0.0 HH2 133 
   148 4.56 0.0 HA 24 
   909 4.75 0.0 HA 85 
   1756 6.91 0.0 H 156 
   453 0.97 0.0 HG21 48 
   639 7.37 0.0 HE 63 
   33 113.2 0.0 N 14 
   1793 28.2 0.0 CG1 158 
   59 120.5 0.0 N 16 
   1496 1.5 0.0 HB3 134 
   180 10.39 0.0 H 26 
   1716 7.36 0.0 HD1 153 
   340 26.9 0.0 CG 39 
   1942 1.6 0.0 HD2 170 
   851 0.82 0.0 HD13 80 
   743 8.77 0.0 H 73 
   1012 131.3 0.0 CD2 92 
   848 0.64 0.0 HG23 80 
   1905 0.85 0.0 HD11 167 
   288 7.34 0.0 HD1 36 
   1692 27.0 0.0 CG 150 
   1059 0.98 0.0 HG23 96 
   210 4.82 0.0 HA3 29 
   1391 69.5 0.0 CB 126 
   1763 0.93 0.0 HG22 156 
   347 0.84 0.0 HD11 40 
   1789 0.18 0.0 HD12 158 
   962 129.6 0.0 CE1 88 
   849 0.82 0.0 HD11 80 
   309 1.13 0.0 HG21 37 
   672 7.8 0.0 H 66 
   1786 0.42 0.0 HG22 158 
   1797 3.52 0.0 HA 159 
   142 61.6 0.0 CA 23 
   88 8.07 0.0 H 19 
   843 1.63 0.0 HB 80 
   447 120.8 0.0 N 47 
   1772 0.27 0.0 HB2 157 
   1754 18.2 0.0 CB 155 
   1451 3.77 0.0 HD3 131 
   24 7.95 0.0 H 14 
   1606 1.04 0.0 HB2 143 
   1435 1.73 0.0 HD2 130 
   1642 2.46 0.0 HB3 146 
   1051 50.6 0.0 CD 95 
   1884 4.04 0.0 HA 166 
   706 4.19 0.0 HA 69 
   1854 2.49 0.0 HG3 163 
   1588 0.74 0.0 HB2 142 
   990 8.61 0.0 H 91 
   1992 38.6 0.0 CB 174 
   1160 0.67 0.0 HG22 105 
   560 38.1 0.0 CB 56 
   916 2.27 0.0 HE2 85 
   245 3.99 0.0 HA 33 
   1268 110.1 0.0 N 114 
   1902 0.95 0.0 HG21 167 
   204 1.47 0.0 HB3 28 
   1359 117.1 0.0 N 123 
   893 0.6 0.0 HB2 84 
   1748 7.31 0.0 H 155 
   1600 23.0 0.0 CD1 142 
   1782 1.56 0.0 HB 158 
   61 3.95 0.0 HA 17 
   1877 115.9 0.0 N 164 
   793 2.95 0.0 HE3 76 
   445 25.4 0.0 CD1 47 
   293 7.05 0.0 HH2 36 
   1002 2.77 0.0 HB2 92 
   1292 2.84 0.0 HB2 118 
   1217 1.6 0.0 HB3 110 
   1266 68.6 0.0 CB 114 
   965 121.3 0.0 N 88 
