   121 122.5 0.0 N 21 
   1747 118.8 0.0 N 154 
   985 42.8 0.0 CB 90 
   1440 29.7 0.0 CB 130 
   1951 123.6 0.0 N 170 
   1281 56.2 0.0 CA 116 
   1222 0.68 0.0 HD21 110 
   1538 1.22 0.0 HB2 138 
   930 6.77 0.0 HE1 86 
   1645 57.0 0.0 CA 146 
   542 1.59 0.0 HG3 55 
   1599 26.2 0.0 CG 142 
   1252 3.12 0.0 HE3 113 
   852 59.6 0.0 CA 80 
   1006 6.63 0.0 HE1 92 
   1534 20.4 0.0 CG1 137 
   822 120.5 0.0 CZ3 78 
   1292 2.84 0.0 HB2 118 
   952 3.07 0.0 HB3 88 
   480 3.32 0.0 HB2 50 
   563 7.52 0.0 H 57 
   1879 3.97 0.0 HA2 165 
   846 0.64 0.0 HG21 80 
   534 36.9 0.0 CB 54 
   1064 37.7 0.0 CB 96 
   1039 8.7 0.0 CD1 94 
   540 1.91 0.0 HB3 55 
   808 6.21 0.0 HA 78 
   1167 27.6 0.0 CG1 105 
   393 34.7 0.0 CG 43 
   1452 65.5 0.0 CA 131 
   784 8.54 0.0 H 76 
   1309 1.68 0.0 HG3 119 
   111 0.18 0.0 HG22 21 
   1950 41.8 0.0 CE 170 
   1838 0.81 0.0 HG22 162 
   1164 0.43 0.0 HD13 105 
   1289 36.0 0.0 CG 117 
   1429 8.59 0.0 H 130 
   993 2.38 0.0 HB3 91 
   1883 7.79 0.0 H 166 
   160 31.1 0.0 CG 24 
   730 7.61 0.0 H 72 
   1714 3.23 0.0 HB2 153 
   1140 61.6 0.0 CA 103 
   159 41.3 0.0 CB 24 
   1113 21.6 0.0 CG2 100 
   256 121.0 0.0 N 33 
   920 25.6 0.0 CG 85 
   501 0.8 0.0 HG23 51 
   800 9.17 0.0 H 77 
   1434 1.72 0.0 HG3 130 
   1818 1.9 0.0 HB3 161 
   1874 26.3 0.0 CG 164 
   1313 30.5 0.0 CB 119 
   614 6.81 0.0 H 62 
   698 3.0 0.0 HE3 68 
   433 1.79 0.0 HB2 47 
   463 13.2 0.0 CD1 48 
   535 122.2 0.0 N 54 
   1378 54.2 0.0 CA 125 
   494 3.25 0.0 HA 51 
   1497 54.7 0.0 CA 134 
   115 -0.19 0.0 HD13 21 
   1372 0.13 0.0 HD11 125 
   1571 6.77 0.0 HE2 140 
   183 1.25 0.0 HG21 26 
   538 3.93 0.0 HA 55 
   1590 1.64 0.0 HG 142 
   1854 2.49 0.0 HG3 163 
   1801 2.05 0.0 HG3 159 
   1916 1.92 0.0 HB2 168 
   964 128.3 0.0 CZ 88 
   738 56.1 0.0 CA 72 
   546 2.84 0.0 HE3 55 
   175 35.9 0.0 CB 25 
   861 3.25 0.0 HB3 81 
   733 1.73 0.0 HB3 72 
   388 2.34 0.0 HB3 43 
   1260 4.63 0.0 HA 114 
   1952 8.55 0.0 H 171 
   69 64.5 0.0 CA 17 
   1396 2.61 0.0 HB2 127 
   1949 29.2 0.0 CD 170 
   1997 1.94 0.0 HB2 175 
   1012 131.3 0.0 CD2 92 
   1035 55.2 0.0 CA 94 
   530 3.06 0.0 HB3 54 
   1136 1.32 0.0 HG2 103 
   484 6.97 0.0 HE1 50 
   469 1.74 0.0 HG2 49 
   1038 16.8 0.0 CG2 94 
   118 27.5 0.0 CG1 21 
   1220 0.5 0.0 HD12 110 
   655 0.91 0.0 HD23 64 
   1137 1.47 0.0 HG3 103 
   857 128.9 0.0 N 80 
   1643 2.21 0.0 HG2 146 
   560 38.1 0.0 CB 56 
   1112 67.9 0.0 CB 100 
   685 51.6 0.0 CA 67 
   1163 0.43 0.0 HD12 105 
   620 5.55 0.0 HE1 62 
   1533 33.3 0.0 CB 137 
   1126 3.87 0.0 HA 102 
   658 27.3 0.0 CG 64 
   1699 49.3 0.0 CA 151 
   937 117.5 0.0 CE2 86 
   243 119.3 0.0 N 32 
   1693 23.0 0.0 CD1 150 
   1542 3.23 0.0 HD2 138 
   328 118.6 0.0 N 38 
   1563 122.6 0.0 N 139 
   1610 120.1 0.0 N 143 
   759 123.7 0.0 CH2 73 
   1830 22.9 0.0 CD2 161 
   1525 1.75 0.0 HB 137 
   725 1.1 0.0 HG23 71 
   949 9.09 0.0 H 88 
   1409 120.2 0.0 CD2 128 
   728 23.0 0.0 CG2 71 
   1984 120.4 0.0 N 173 
   664 1.55 0.0 HB2 65 
   1175 1.34 0.0 HB3 106 
   682 3.59 0.0 HB3 67 
   187 68.1 0.0 CB 26 
   242 40.8 0.0 CB 32 
   619 5.47 0.0 HD2 62 
   71 21.1 0.0 CG1 17 
   601 7.9 0.0 HE3 61 
   1284 2.3 0.0 HG2 117 
   551 41.8 0.0 CE 55 
   1503 1.86 0.0 HB3 135 
   75 3.81 0.0 HA 18 
   1237 119.9 0.0 N 111 
   7 4.11 0.0 HA 12 
   1036 36.4 0.0 CB 94 
   568 51.2 0.0 CA 57 
   761 127.0 0.0 NE1 73 
   1098 1.77 0.0 HG3 99 
   264 28.8 0.0 CB 34 
   1382 22.6 0.0 CD2 125 
   609 113.7 0.0 CZ2 61 
   1404 3.23 0.0 HB3 128 
   1685 0.87 0.0 HD12 150 
   1829 26.1 0.0 CD1 161 
   409 118.4 0.0 N 44 
   323 6.95 0.0 HE21 38 
   747 6.4 0.0 HD1 73 
   1166 38.7 0.0 CB 105 
   181 3.89 0.0 HA 26 
   421 117.4 0.0 N 45 
   1458 1.61 0.0 HB2 132 
   1901 1.3 0.0 HG13 167 
   1880 4.11 0.0 HA3 165 
   671 122.0 0.0 N 65 
   95 7.79 0.0 H 20 
   1301 132.5 0.0 CD2 118 
   474 29.4 0.0 CB 49 
   1105 8.2 0.0 H 100 
   1001 4.95 0.0 HA 92 
   689 8.83 0.0 H 68 
   1076 67.7 0.0 CB 97 
   1226 42.1 0.0 CB 110 
   216 1.05 0.0 HG2 30 
   943 2.0 0.0 HG2 87 
   1993 121.0 0.0 N 174 
   1722 62.3 0.0 CA 153 
   572 4.38 0.0 HA 58 
   1449 2.12 0.0 HG3 131 
   467 1.95 0.0 HB2 49 
   1721 6.62 0.0 HH2 153 
   679 8.15 0.0 H 67 
   279 42.7 0.0 CB 35 
   239 3.17 0.0 HB2 32 
   1413 4.07 0.0 HA 129 
   2004 29.2 0.0 CB 175 
   1023 118.3 0.0 N 93 
   1906 0.85 0.0 HD12 167 
   1560 25.7 0.0 CG 139 
   1276 128.2 0.0 N 115 
   163 126.3 0.0 N 24 
   1228 25.1 0.0 CD1 110 
   878 1.45 0.0 HG 83 
   1564 6.28 0.0 H 140 
   282 25.2 0.0 CD2 35 
   1681 1.36 0.0 HB2 150 
   978 1.02 0.0 HG21 90 
   1900 0.81 0.0 HG12 167 
   1964 1.72 0.0 HB2 172 
   125 2.1 0.0 HG2 22 
   574 3.11 0.0 HB3 58 
   1768 21.8 0.0 CG2 156 
   1953 4.39 0.0 HA 171 
   109 1.61 0.0 HG13 21 
   1457 3.95 0.0 HA 132 
   780 4.93 0.0 HA2 75 
   193 3.25 0.0 HB3 27 
   1195 2.4 0.0 HB3 108 
   584 51.8 0.0 CA 59 
   431 8.42 0.0 H 47 
   1352 -0.19 0.0 HD12 123 
   1485 126.6 0.0 CD1 133 
   238 4.9 0.0 HA 32 
   425 3.98 0.0 HB2 46 
   1462 0.93 0.0 HD12 132 
   1878 7.93 0.0 H 165 
   96 4.35 0.0 HA 20 
   1706 3.08 0.0 HD2 152 
   855 17.1 0.0 CG2 80 
   1531 1.08 0.0 HG23 137 
   809 3.11 0.0 HB2 78 
   1477 6.93 0.0 HD1 133 
   1979 4.42 0.0 HA 173 
   1658 4.51 0.0 HA 148 
   22 18.5 0.0 CB 13 
   791 1.68 0.0 HD3 76 
   1800 1.71 0.0 HG2 159 
   590 2.19 0.0 HB2 60 
   60 7.9 0.0 H 17 
   640 54.8 0.0 CA 63 
   1683 1.88 0.0 HG 150 
   743 8.77 0.0 H 73 
   25 4.07 0.0 HA 14 
   24 7.95 0.0 H 14 
   1439 62.3 0.0 CA 130 
   89 4.33 0.0 HA 19 
   1858 27.9 0.0 CB 163 
   460 37.8 0.0 CB 48 
   1488 123.0 0.0 CZ3 133 
   1267 20.7 0.0 CG2 114 
   1184 0.58 0.0 HG13 107 
   1475 2.49 0.0 HB2 133 
   631 8.75 0.0 H 63 
   1489 123.1 0.0 CH2 133 
   1577 129.7 0.0 CE1 140 
   446 23.9 0.0 CD2 47 
   152 1.0 0.0 HD11 24 
   752 6.46 0.0 HH2 73 
   1994 112.7 0.0 ND2 174 
   1124 114.3 0.0 N 101 
   1209 2.43 0.0 HG3 109 
   1042 1.84 0.0 HB2 95 
   873 131.6 0.0 N 82 
   1719 7.16 0.0 HZ2 153 
   686 37.3 0.0 CB 67 
   1588 0.74 0.0 HB2 142 
   1096 2.2 0.0 HB3 99 
   1062 0.87 0.0 HD13 96 
   488 131.7 0.0 CD1 50 
   1849 8.1 0.0 H 163 
   1667 0.92 0.0 HD23 148 
   983 0.71 0.0 HD13 90 
   145 22.0 0.0 CG2 23 
   1748 7.31 0.0 H 155 
   457 0.92 0.0 HD12 48 
   179 116.8 0.0 N 25 
   687 116.8 0.0 N 67 
   537 8.89 0.0 H 55 
   1991 53.2 0.0 CA 174 
   673 4.75 0.0 HA 66 
   114 -0.19 0.0 HD12 21 
   1653 1.22 0.0 HB3 147 
   647 1.83 0.0 HB2 64 
   1278 4.0 0.0 HA 116 
   397 3.17 0.0 HB2 44 
   1634 42.1 0.0 CB 145 
   337 2.71 0.0 HD3 39 
   1501 4.14 0.0 HA 135 
   870 2.87 0.0 HB3 82 
   42 58.2 0.0 CA 15 
   1304 8.4 0.0 H 119 
   1471 26.2 0.0 CD2 132 
   820 119.9 0.0 CE3 78 
   1888 1.0 0.0 HG13 166 
   692 1.89 0.0 HB3 68 
   1127 0.01 0.0 HB1 102 
   1065 27.8 0.0 CG1 96 
   1690 57.9 0.0 CA 150 
   509 2.1 0.0 HB2 52 
   741 43.1 0.0 CD 72 
   15 122.1 0.0 N 12 
   330 8.2 0.0 H 39 
   1996 4.26 0.0 HA 175 
   882 0.77 0.0 HD21 83 
   1028 2.13 0.0 HG13 94 
   1128 0.01 0.0 HB2 102 
   223 48.9 0.0 CD 30 
   587 110.7 0.0 ND2 59 
   1329 1.25 0.0 HB2 122 
   1664 0.8 0.0 HD13 148 
   401 6.81 0.0 HE1 44 
   1890 1.0 0.0 HG22 166 
   1332 1.23 0.0 HG3 122 
   292 7.51 0.0 HZ3 36 
   1698 3.72 0.0 HA3 151 
   1659 1.74 0.0 HB2 148 
   221 31.7 0.0 CB 30 
   390 2.75 0.0 HG3 43 
   1665 0.92 0.0 HD21 148 
   1617 61.9 0.0 CA 144 
   1308 1.58 0.0 HG2 119 
   1798 1.66 0.0 HB2 159 
   1365 27.0 0.0 CB 124 
   641 33.8 0.0 CB 63 
   195 7.45 0.0 HD22 27 
   1294 7.0 0.0 HD1 118 
   262 2.42 0.0 HG3 34 
   1750 1.43 0.0 HB1 155 
   331 4.12 0.0 HA 39 
   1517 6.92 0.0 HD21 136 
   285 4.72 0.0 HA 36 
   929 7.33 0.0 HD2 86 
   636 1.74 0.0 HG3 63 
   169 1.29 0.0 HG3 25 
   1738 0.88 0.0 HD13 154 
   1461 0.93 0.0 HD11 132 
   1150 54.1 0.0 CA 104 
   558 7.75 0.0 HD22 56 
   450 1.98 0.0 HB 48 
   1977 122.0 0.0 N 172 
   957 7.05 0.0 HZ 88 
   1692 27.0 0.0 CG 150 
   645 8.7 0.0 H 64 
   1946 56.7 0.0 CA 170 
   1174 1.34 0.0 HB2 106 
   477 119.0 0.0 N 49 
   415 2.64 0.0 HG3 45 
   637 3.25 0.0 HD2 63 
   1103 25.1 0.0 CG 99 
   1741 1.14 0.0 HD23 154 
   294 58.7 0.0 CA 36 
   167 1.76 0.0 HB3 25 
   281 22.8 0.0 CD1 35 
   1758 1.8 0.0 HB 156 
   1007 6.63 0.0 HE2 92 
   950 5.09 0.0 HA 88 
   1068 118.2 0.0 N 96 
   1817 1.16 0.0 HB2 161 
   358 120.3 0.0 N 40 
   1945 2.96 0.0 HE3 170 
   1191 22.2 0.0 CG2 107 
   1567 2.06 0.0 HB3 140 
   1317 8.98 0.0 H 120 
   1402 4.57 0.0 HA 128 
   1045 1.91 0.0 HG3 95 
   984 58.5 0.0 CA 90 
   1886 1.0 0.0 HG11 166 
   1422 39.5 0.0 CB 129 
   1322 8.15 0.0 H 121 
   586 116.4 0.0 N 59 
   410 8.21 0.0 H 45 
   166 1.76 0.0 HB2 25 
   1092 116.0 0.0 CE2 98 
   940 5.28 0.0 HA 87 
   1740 1.14 0.0 HD22 154 
   1066 18.1 0.0 CG2 96 
   1207 2.39 0.0 HB3 109 
   1104 49.5 0.0 CD 99 
   1521 116.3 0.0 N 136 
   653 0.91 0.0 HD21 64 
   124 2.46 0.0 HB3 22 
   103 36.3 0.0 CG 20 
   1592 -0.51 0.0 HD12 142 
   807 9.24 0.0 H 78 
   1474 3.57 0.0 HA 133 
   1305 4.25 0.0 HA 119 
   472 3.42 0.0 HD3 49 
   1420 6.93 0.0 HZ 129 
   1263 1.17 0.0 HG22 114 
   1141 31.9 0.0 CB 103 
   723 1.1 0.0 HG21 71 
   1493 4.17 0.0 HA 134 
   828 3.01 0.0 HB2 79 
   172 2.92 0.0 HE2 25 
   1591 -0.51 0.0 HD11 142 
   1924 33.7 0.0 CG 168 
   58 43.2 0.0 CD 16 
   877 2.1 0.0 HB3 83 
   1086 7.33 0.0 HE2 98 
   1115 7.25 0.0 H 101 
   1143 49.2 0.0 CD 103 
   804 55.2 0.0 CA 77 
   1716 7.36 0.0 HD1 153 
   86 22.0 0.0 CG2 18 
   504 23.6 0.0 CG1 51 
   32 22.0 0.0 CG2 14 
   1087 58.3 0.0 CA 98 
   1426 129.8 0.0 CE2 129 
   1989 7.61 0.0 HD21 174 
   795 38.2 0.0 CB 76 
   389 2.14 0.0 HG2 43 
   1407 57.1 0.0 CA 128 
   1695 125.1 0.0 N 150 
   295 29.5 0.0 CB 36 
   982 0.71 0.0 HD12 90 
   70 32.2 0.0 CB 17 
   1259 7.31 0.0 H 114 
   1193 4.13 0.0 HA 108 
   1275 18.9 0.0 CB 115 
   946 34.7 0.0 CB 87 
   1596 0.37 0.0 HD23 142 
   874 8.23 0.0 H 83 
   580 2.37 0.0 HB2 59 
   468 2.07 0.0 HB3 49 
   897 0.41 0.0 HD12 84 
   1607 1.04 0.0 HB3 143 
   881 0.82 0.0 HD13 83 
   567 1.5 0.0 HB3 57 
   1958 55.9 0.0 CA 171 
   1545 32.6 0.0 CB 138 
   520 3.26 0.0 HB3 53 
   604 7.04 0.0 HH2 61 
   43 30.1 0.0 CB 15 
   525 119.5 0.0 N 53 
   708 2.23 0.0 HB3 69 
   596 4.27 0.0 HA 61 
   1328 4.58 0.0 HA 122 
   758 120.1 0.0 CZ3 73 
   697 3.0 0.0 HE2 68 
   998 35.4 0.0 CG 91 
   405 131.7 0.0 CD1 44 
   1581 9.74 0.0 H 141 
   503 31.5 0.0 CB 51 
   266 121.5 0.0 N 34 
   510 2.21 0.0 HB3 52 
   1481 7.04 0.0 HZ3 133 
   357 24.3 0.0 CD2 40 
   1957 2.2 0.0 HG3 171 
   253 28.7 0.0 CB 33 
   672 7.8 0.0 H 66 
   246 2.0 0.0 HB2 33 
   1011 131.3 0.0 CD1 92 
   760 125.1 0.0 N 73 
   1059 0.98 0.0 HG23 96 
   1811 2.55 0.0 HB3 160 
   918 56.1 0.0 CA 85 
   557 7.04 0.0 HD21 56 
   1524 4.01 0.0 HA 137 
   851 0.82 0.0 HD13 80 
   1655 20.6 0.0 CB 147 
   1646 31.6 0.0 CB 146 
   583 7.7 0.0 HD22 59 
   1118 1.08 0.0 HG21 101 
   473 57.4 0.0 CA 49 
   1672 22.7 0.0 CD2 148 
   64 1.01 0.0 HG12 17 
   1058 0.98 0.0 HG22 96 
   981 0.71 0.0 HD11 90 
   184 1.25 0.0 HG22 26 
   613 127.8 0.0 NE1 61 
   543 1.6 0.0 HD2 55 
   500 0.8 0.0 HG22 51 
   905 22.3 0.0 CD1 84 
   345 1.42 0.0 HB3 40 
   994 2.13 0.0 HG2 91 
   83 64.2 0.0 CA 18 
   430 114.9 0.0 N 46 
   827 4.84 0.0 HA 79 
   1700 105.7 0.0 N 151 
   1899 1.86 0.0 HB 167 
   1162 0.43 0.0 HD11 105 
   493 8.77 0.0 H 51 
   79 0.94 0.0 HG13 18 
   1963 4.4 0.0 HA 172 
   864 34.3 0.0 CB 81 
   1286 1.89 0.0 HE1 117 
   995 2.13 0.0 HG3 91 
   1837 0.81 0.0 HG21 162 
   324 8.08 0.0 HE22 38 
   1723 29.6 0.0 CB 153 
   1532 60.5 0.0 CA 137 
   23 122.6 0.0 N 13 
   122 4.51 0.0 HA 22 
   1959 31.0 0.0 CB 171 
   1204 9.68 0.0 H 109 
   1017 8.57 0.0 H 93 
   887 26.8 0.0 CG 83 
   714 115.4 0.0 N 69 
   440 0.98 0.0 HD22 47 
   1246 1.82 0.0 HB3 113 
   674 0.91 0.0 HB2 66 
   885 57.1 0.0 CA 83 
   695 1.69 0.0 HD2 68 
   1213 116.4 0.0 N 109 
   245 3.99 0.0 HA 33 
   628 133.7 0.0 CE2 62 
   1551 1.6 0.0 HB3 139 
   622 5.65 0.0 HZ 62 
   372 29.5 0.0 CD 41 
   623 57.0 0.0 CA 62 
   297 122.1 0.0 CE3 36 
   731 5.02 0.0 HA 72 
   1125 7.94 0.0 H 102 
   782 45.8 0.0 CA 75 
   666 1.89 0.0 HG2 65 
   1749 3.86 0.0 HA 155 
   1327 7.0 0.0 H 122 
   1845 29.2 0.0 CG1 162 
   306 0.99 0.0 HG11 37 
   143 32.8 0.0 CB 23 
   562 112.3 0.0 ND2 56 
   722 4.57 0.0 HB 71 
   1862 7.88 0.0 H 164 
   974 5.66 0.0 HA 90 
   1391 69.5 0.0 CB 126 
   518 4.48 0.0 HA 53 
   835 44.0 0.0 CB 79 
   1743 42.6 0.0 CB 154 
   407 117.8 0.0 CE1 44 
   1057 0.98 0.0 HG21 96 
   850 0.82 0.0 HD12 80 
   646 5.07 0.0 HA 64 
   1149 2.24 0.0 HG3 104 
   1021 52.0 0.0 CA 93 
   94 116.9 0.0 N 19 
   1131 15.4 0.0 CB 102 
   1242 115.0 0.0 N 112 
   757 113.1 0.0 CZ2 73 
   953 7.16 0.0 HD1 88 
   669 34.1 0.0 CB 65 
   1932 57.3 0.0 CA 169 
   701 24.4 0.0 CG 68 
   348 0.84 0.0 HD12 40 
   523 55.6 0.0 CA 53 
   754 30.6 0.0 CB 73 
   1583 4.14 0.0 HA3 141 
   442 58.8 0.0 CA 47 
   28 1.24 0.0 HG22 14 
   1937 4.24 0.0 HA 170 
   821 114.1 0.0 CZ2 78 
   1441 26.5 0.0 CG 130 
   1287 1.89 0.0 HE2 117 
   1405 7.06 0.0 HD2 128 
   276 1.01 0.0 HD22 35 
   1902 0.95 0.0 HG21 167 
   947 37.4 0.0 CG 87 
   1804 66.3 0.0 CA 159 
   1666 0.92 0.0 HD22 148 
   1570 6.77 0.0 HE1 140 
   1026 2.04 0.0 HB 94 
   135 2.37 0.0 HB 23 
   55 57.8 0.0 CA 16 
   555 2.93 0.0 HB2 56 
   189 121.3 0.0 N 26 
   923 121.7 0.0 N 85 
   659 24.3 0.0 CD1 64 
   711 58.0 0.0 CA 69 
   464 118.5 0.0 N 48 
   1463 0.93 0.0 HD13 132 
   661 123.1 0.0 N 64 
   1650 4.49 0.0 HA 147 
   1494 1.5 0.0 HB1 134 
   845 1.57 0.0 HG13 80 
   1686 0.87 0.0 HD13 150 
   1159 0.67 0.0 HG21 105 
   288 7.34 0.0 HD1 36 
   1172 5.09 0.0 HA 106 
   1315 42.9 0.0 CD 119 
   1020 2.67 0.0 HB3 93 
   84 31.9 0.0 CB 18 
   400 7.33 0.0 HD2 44 
   386 4.33 0.0 HA 43 
   133 8.04 0.0 H 23 
   441 0.98 0.0 HD23 47 
   1641 2.2 0.0 HB2 146 
   1995 8.36 0.0 H 175 
   171 1.6 0.0 HD3 25 
   763 5.33 0.0 HA 74 
   1737 0.88 0.0 HD12 154 
   1649 8.35 0.0 H 147 
   1325 45.6 0.0 CA 121 
   1225 53.9 0.0 CA 110 
   751 6.65 0.0 HZ3 73 
   1868 1.5 0.0 HD2 164 
   101 56.0 0.0 CA 20 
   1189 31.4 0.0 CB 107 
   481 3.32 0.0 HB3 50 
   1473 8.49 0.0 H 133 
   803 3.39 0.0 HB3 77 
   962 129.6 0.0 CE1 88 
   1728 122.7 0.0 CH2 153 
   1911 18.1 0.0 CG2 167 
   783 107.1 0.0 N 75 
   1795 8.6 0.0 CD1 158 
   1266 68.6 0.0 CB 114 
   154 1.0 0.0 HD13 24 
   1781 3.54 0.0 HA 158 
   597 2.65 0.0 HB2 61 
   1333 1.6 0.0 HD2 122 
   524 37.4 0.0 CB 53 
   1005 6.51 0.0 HD2 92 
   505 21.0 0.0 CG2 51 
   420 34.2 0.0 CG 45 
   825 131.3 0.0 NE1 78 
   849 0.82 0.0 HD11 80 
   1717 9.7 0.0 HE1 153 
   1214 7.93 0.0 H 110 
   13 29.4 0.0 CB 12 
   519 3.0 0.0 HB2 53 
   1250 1.6 0.0 HD3 113 
   1826 57.4 0.0 CA 161 
   1500 7.5 0.0 H 135 
   146 116.5 0.0 N 23 
   617 2.5 0.0 HB3 62 
   296 127.0 0.0 CD1 36 
   703 41.8 0.0 CE 68 
   6 8.75 0.0 H 12 
   1677 45.7 0.0 CA 149 
   1933 30.1 0.0 CB 169 
   1777 29.2 0.0 CB 157 
   381 59.1 0.0 CA 42 
   326 28.0 0.0 CB 38 
   255 43.1 0.0 CD 33 
   1314 27.1 0.0 CG 119 
   1290 18.0 0.0 CE 117 
   1552 1.26 0.0 HG2 139 
   298 114.2 0.0 CZ2 36 
   1031 0.7 0.0 HG23 94 
   767 6.87 0.0 HD2 74 
   1731 8.68 0.0 H 154 
   1201 32.3 0.0 CB 108 
   364 1.73 0.0 HG3 41 
   1939 1.7 0.0 HB3 170 
   1673 110.9 0.0 N 148 
   54 3.21 0.0 HD3 16 
   575 55.3 0.0 CA 58 
   1846 16.7 0.0 CG2 162 
   116 59.2 0.0 CA 21 
   346 0.96 0.0 HG 40 
   772 40.5 0.0 CB 74 
   1669 43.3 0.0 CB 148 
   768 7.0 0.0 HE1 74 
   1454 27.9 0.0 CG 131 
   20 1.47 0.0 HB3 13 
   1927 8.65 0.0 H 169 
   865 119.9 0.0 CD2 81 
   710 2.54 0.0 HG3 69 
   1553 1.46 0.0 HG3 139 
   909 4.75 0.0 HA 85 
   1782 1.56 0.0 HB 158 
   1589 1.6 0.0 HB3 142 
   1869 1.59 0.0 HD3 164 
   139 1.13 0.0 HG21 23 
   376 4.12 0.0 HA 42 
   360 4.16 0.0 HA 41 
   1745 23.0 0.0 CD1 154 
   449 3.79 0.0 HA 48 
   1271 1.43 0.0 HB1 115 
   1842 0.01 0.0 HD13 162 
   879 0.82 0.0 HD11 83 
   1094 3.55 0.0 HA 99 
   1943 1.6 0.0 HD3 170 
   1000 8.46 0.0 H 92 
   131 27.7 0.0 CG 22 
   341 121.0 0.0 N 39 
   1088 42.0 0.0 CB 98 
   412 2.23 0.0 HB2 45 
   1780 7.94 0.0 H 158 
   51 1.6 0.0 HG2 16 
   1873 34.1 0.0 CB 164 
   1264 1.17 0.0 HG23 114 
   896 0.41 0.0 HD11 84 
   781 4.31 0.0 HA3 75 
   1703 2.44 0.0 HB3 152 
   569 19.0 0.0 CB 57 
   831 6.96 0.0 HD2 79 
   299 120.3 0.0 CZ3 36 
   1631 0.45 0.0 HD22 145 
   1491 130.6 0.0 NE1 133 
   1241 45.8 0.0 CA 112 
   1014 129.9 0.0 CE2 92 
   1160 0.67 0.0 HG22 105 
   333 2.31 0.0 HB3 39 
   429 62.7 0.0 CB 46 
   915 1.28 0.0 HD3 85 
   1273 1.43 0.0 HB3 115 
   539 1.91 0.0 HB2 55 
   1971 2.95 0.0 HE3 172 
   829 3.01 0.0 HB3 79 
   318 4.09 0.0 HA 38 
   608 122.4 0.0 CE3 61 
   1981 2.88 0.0 HB3 173 
   1078 103.6 0.0 N 97 
   1961 119.4 0.0 N 171 
   1805 30.6 0.0 CB 159 
   439 0.98 0.0 HD21 47 
   340 26.9 0.0 CG 39 
   271 1.77 0.0 HG 35 
   755 123.5 0.0 CD1 73 
   1774 0.82 0.0 HG2 157 
   365 1.74 0.0 HD2 41 
   314 21.0 0.0 CG1 37 
   1171 8.88 0.0 H 106 
   1885 2.17 0.0 HB 166 
   379 2.4 0.0 HG2 42 
   1459 1.92 0.0 HB3 132 
   826 9.23 0.0 H 79 
   756 119.8 0.0 CE3 73 
   1416 7.05 0.0 HD1 129 
   732 1.63 0.0 HB2 72 
   776 130.0 0.0 CE2 74 
   68 1.1 0.0 HG23 17 
   162 25.5 0.0 CD2 24 
   1236 41.0 0.0 CB 111 
   1374 0.13 0.0 HD13 125 
   670 36.3 0.0 CG 65 
   521 7.98 0.0 HD21 53 
   1986 4.67 0.0 HA 174 
   665 1.81 0.0 HB3 65 
   117 39.1 0.0 CB 21 
   419 28.3 0.0 CB 45 
   966 8.46 0.0 H 89 
   1406 8.19 0.0 HE1 128 
   248 1.72 0.0 HG2 33 
   502 67.2 0.0 CA 51 
   1073 1.17 0.0 HG22 97 
   1319 3.69 0.0 HA3 120 
   1215 4.34 0.0 HA 110 
   592 54.1 0.0 CA 60 
   975 1.75 0.0 HB 90 
   576 39.1 0.0 CB 58 
   1340 28.9 0.0 CD 122 
   1424 131.7 0.0 CD2 129 
   1074 1.17 0.0 HG23 97 
   261 2.42 0.0 HG2 34 
   1513 7.18 0.0 H 136 
   1877 115.9 0.0 N 164 
   1912 14.6 0.0 CD1 167 
   31 68.6 0.0 CB 14 
   1176 50.2 0.0 CA 106 
   903 43.1 0.0 CB 84 
   1470 23.5 0.0 CD1 132 
   922 41.3 0.0 CE 85 
   992 2.07 0.0 HB2 91 
   496 0.78 0.0 HG11 51 
   862 7.19 0.0 HD2 81 
   802 2.94 0.0 HB2 77 
   736 3.09 0.0 HD2 72 
   799 121.3 0.0 N 76 
   1299 39.5 0.0 CB 118 
   119 17.2 0.0 CG2 21 
   919 34.2 0.0 CB 85 
   1253 56.4 0.0 CA 113 
   11 2.32 0.0 HG3 12 
   1779 117.5 0.0 N 157 
   847 0.64 0.0 HG22 80 
   729 107.9 0.0 N 71 
   1206 2.17 0.0 HB2 109 
   209 3.95 0.0 HA2 29 
   1600 23.0 0.0 CD1 142 
   212 107.0 0.0 N 29 
   612 121.9 0.0 N 61 
   785 5.61 0.0 HA 76 
   1930 2.88 0.0 HB3 169 
   1727 119.6 0.0 CZ3 153 
   268 4.34 0.0 HA 35 
   924 9.53 0.0 H 86 
   1739 1.14 0.0 HD21 154 
   1212 36.8 0.0 CG 109 
   545 2.84 0.0 HE2 55 
   406 131.7 0.0 CD2 44 
   986 25.7 0.0 CG1 90 
   591 2.96 0.0 HB3 60 
   1734 2.04 0.0 HB3 154 
   626 132.0 0.0 CD2 62 
   853 38.1 0.0 CB 80 
   1639 7.93 0.0 H 146 
   1114 122.2 0.0 N 100 
   869 2.25 0.0 HB2 82 
   1675 4.05 0.0 HA2 149 
   454 0.97 0.0 HG22 48 
   349 0.84 0.0 HD13 40 
   1558 57.9 0.0 CA 139 
   1523 6.64 0.0 H 137 
   263 59.6 0.0 CA 34 
   132 50.7 0.0 CD 22 
   775 130.0 0.0 CE1 74 
   1642 2.46 0.0 HB3 146 
   254 27.3 0.0 CG 33 
   153 1.0 0.0 HD12 24 
   1942 1.6 0.0 HD2 170 
   603 6.87 0.0 HZ3 61 
   798 42.2 0.0 CE 76 
   2005 33.7 0.0 CG 175 
   1499 117.9 0.0 N 134 
   1447 2.29 0.0 HB3 131 
   1633 58.4 0.0 CA 145 
   1392 21.7 0.0 CG2 126 
   438 0.93 0.0 HD13 47 
   4 54.1 0.0 CA 11 
   1233 2.6 0.0 HB2 111 
   1896 115.2 0.0 N 166 
   1465 1.04 0.0 HD22 132 
   1363 2.78 0.0 HB3 124 
   329 113.9 0.0 NE2 38 
   1615 5.82 0.0 HD2 144 
   769 7.0 0.0 HE2 74 
   1973 32.8 0.0 CB 172 
   1130 49.7 0.0 CA 102 
   1966 1.35 0.0 HG2 172 
   1399 40.2 0.0 CB 127 
