   1192 119.5 0.0 N 107 
   506 118.9 0.0 N 51 
   597 2.65 0.0 HB2 61 
   930 6.77 0.0 HE1 86 
   1467 57.9 0.0 CA 132 
   1567 2.06 0.0 HB3 140 
   1909 40.7 0.0 CB 167 
   19 1.47 0.0 HB2 13 
   118 27.5 0.0 CG1 21 
   1140 61.6 0.0 CA 103 
   127 3.72 0.0 HD2 22 
   972 122.9 0.0 N 89 
   1987 2.77 0.0 HB2 174 
   836 131.9 0.0 CD1 79 
   1279 2.0 0.0 HB2 116 
   1772 0.27 0.0 HB2 157 
   191 4.6 0.0 HA 27 
   820 119.9 0.0 CE3 78 
   1584 44.0 0.0 CA 141 
   776 130.0 0.0 CE2 74 
   732 1.63 0.0 HB2 72 
   450 1.98 0.0 HB 48 
   847 0.64 0.0 HG22 80 
   1805 30.6 0.0 CB 159 
   1461 0.93 0.0 HD11 132 
   1183 0.58 0.0 HG12 107 
   1001 4.95 0.0 HA 92 
   1761 0.75 0.0 HG13 156 
   1540 1.25 0.0 HG2 138 
   1028 2.13 0.0 HG13 94 
   1651 1.22 0.0 HB1 147 
   1546 24.1 0.0 CG 138 
   1622 8.62 0.0 H 145 
   1474 3.57 0.0 HA 133 
   1669 43.3 0.0 CB 148 
   910 1.51 0.0 HB2 85 
   1488 123.0 0.0 CZ3 133 
   1906 0.85 0.0 HD12 167 
   1655 20.6 0.0 CB 147 
   1401 7.93 0.0 H 128 
   990 8.61 0.0 H 91 
   863 55.6 0.0 CA 81 
   1670 27.0 0.0 CG 148 
   1449 2.12 0.0 HG3 131 
   1685 0.87 0.0 HD12 150 
   327 33.3 0.0 CG 38 
   1915 4.83 0.0 HA 168 
   1286 1.89 0.0 HE1 117 
   952 3.07 0.0 HB3 88 
   1617 61.9 0.0 CA 144 
   876 1.57 0.0 HB2 83 
   607 128.3 0.0 CD1 61 
   398 3.25 0.0 HB3 44 
   1969 1.65 0.0 HD3 172 
   599 7.87 0.0 HD1 61 
   194 6.5 0.0 HD21 27 
   150 1.88 0.0 HB3 24 
   691 1.81 0.0 HB2 68 
   1175 1.34 0.0 HB3 106 
   982 0.71 0.0 HD12 90 
   422 111.4 0.0 NE2 45 
   779 8.54 0.0 H 75 
   1654 55.8 0.0 CA 147 
   838 117.3 0.0 CE1 79 
   1648 117.1 0.0 N 146 
   2002 6.84 0.0 HE22 175 
   1241 45.8 0.0 CA 112 
   515 36.4 0.0 CG 52 
   1877 115.9 0.0 N 164 
   172 2.92 0.0 HE2 25 
   399 7.33 0.0 HD1 44 
   1766 33.1 0.0 CB 156 
   1656 120.5 0.0 N 147 
   555 2.93 0.0 HB2 56 
   527 8.75 0.0 H 54 
   594 120.0 0.0 N 60 
   649 1.83 0.0 HG 64 
   121 122.5 0.0 N 21 
   1698 3.72 0.0 HA3 151 
   1107 4.44 0.0 HB 100 
   1743 42.6 0.0 CB 154 
   202 1.47 0.0 HB1 28 
   966 8.46 0.0 H 89 
   1570 6.77 0.0 HE1 140 
   949 9.09 0.0 H 88 
   708 2.23 0.0 HB3 69 
   372 29.5 0.0 CD 41 
   400 7.33 0.0 HD2 44 
   768 7.0 0.0 HE1 74 
   943 2.0 0.0 HG2 87 
   425 3.98 0.0 HB2 46 
   1904 0.95 0.0 HG23 167 
   1144 8.6 0.0 H 104 
   1261 4.2 0.0 HB 114 
   767 6.87 0.0 HD2 74 
   1167 27.6 0.0 CG1 105 
   1354 61.9 0.0 CA 123 
   1532 60.5 0.0 CA 137 
   1942 1.6 0.0 HD2 170 
   404 37.9 0.0 CB 44 
   1337 55.1 0.0 CA 122 
   1926 112.3 0.0 NE2 168 
   1924 33.7 0.0 CG 168 
   1636 25.8 0.0 CD1 145 
   905 22.3 0.0 CD1 84 
   1922 54.4 0.0 CA 168 
   1785 0.42 0.0 HG21 158 
   1043 2.39 0.0 HB3 95 
   1411 114.8 0.0 N 128 
   1120 1.08 0.0 HG23 101 
   1005 6.51 0.0 HD2 92 
   388 2.34 0.0 HB3 43 
   1640 4.36 0.0 HA 146 
   920 25.6 0.0 CG 85 
   1473 8.49 0.0 H 133 
   1632 0.45 0.0 HD23 145 
   997 33.5 0.0 CB 91 
   760 125.1 0.0 N 73 
   868 4.02 0.0 HA 82 
   773 131.7 0.0 CD1 74 
   827 4.84 0.0 HA 79 
   1187 0.93 0.0 HG23 107 
   858 9.14 0.0 H 81 
   1643 2.21 0.0 HG2 146 
   1433 1.42 0.0 HG2 130 
   323 6.95 0.0 HE21 38 
   1143 49.2 0.0 CD 103 
   502 67.2 0.0 CA 51 
   1371 1.35 0.0 HG 125 
   424 4.12 0.0 HA 46 
   1916 1.92 0.0 HB2 168 
   401 6.81 0.0 HE1 44 
   1553 1.46 0.0 HG3 139 
   1557 2.91 0.0 HE3 139 
   128 4.08 0.0 HD3 22 
   1998 2.08 0.0 HB3 175 
   633 1.82 0.0 HB2 63 
   86 22.0 0.0 CG2 18 
   973 8.46 0.0 H 90 
   1732 3.58 0.0 HA 154 
   455 0.97 0.0 HG23 48 
   113 -0.19 0.0 HD11 21 
   1424 131.7 0.0 CD2 129 
   741 43.1 0.0 CD 72 
   504 23.6 0.0 CG1 51 
   377 2.27 0.0 HB2 42 
   1893 32.2 0.0 CB 166 
   994 2.13 0.0 HG2 91 
   4 54.1 0.0 CA 11 
   1408 30.4 0.0 CB 128 
   1387 1.41 0.0 HG21 126 
   1593 -0.51 0.0 HD13 142 
   1228 25.1 0.0 CD1 110 
   73 119.6 0.0 N 17 
   403 62.3 0.0 CA 44 
   1986 4.67 0.0 HA 174 
   1353 -0.19 0.0 HD13 123 
   415 2.64 0.0 HG3 45 
   152 1.0 0.0 HD11 24 
   1077 22.0 0.0 CG2 97 
   803 3.39 0.0 HB3 77 
   866 126.2 0.0 N 81 
   693 1.46 0.0 HG2 68 
   1083 7.86 0.0 HD1 98 
   724 1.1 0.0 HG22 71 
   490 118.8 0.0 CE1 50 
   1090 133.8 0.0 CD2 98 
   1498 18.5 0.0 CB 134 
   239 3.17 0.0 HB2 32 
   1709 32.1 0.0 CB 152 
   1740 1.14 0.0 HD22 154 
   452 1.86 0.0 HG13 48 
   585 39.9 0.0 CB 59 
   560 38.1 0.0 CB 56 
   528 4.38 0.0 HA 54 
   1937 4.24 0.0 HA 170 
   1031 0.7 0.0 HG23 94 
   309 1.13 0.0 HG21 37 
   337 2.71 0.0 HD3 39 
   1409 120.2 0.0 CD2 128 
   960 131.7 0.0 CD1 88 
   294 58.7 0.0 CA 36 
   923 121.7 0.0 N 85 
   1929 2.59 0.0 HB2 169 
   1423 131.7 0.0 CD1 129 
   912 1.18 0.0 HG2 85 
   549 25.6 0.0 CG 55 
   299 120.3 0.0 CZ3 36 
   1541 1.72 0.0 HG3 138 
   945 54.3 0.0 CA 87 
   628 133.7 0.0 CE2 62 
   598 4.08 0.0 HB3 61 
   1463 0.93 0.0 HD13 132 
   1754 18.2 0.0 CB 155 
   1158 1.15 0.0 HG13 105 
   733 1.73 0.0 HB3 72 
   1351 -0.19 0.0 HD11 123 
   1727 119.6 0.0 CZ3 153 
   1240 3.79 0.0 HA3 112 
   132 50.7 0.0 CD 22 
   82 1.01 0.0 HG23 18 
   1620 136.3 0.0 CE1 144 
   1035 55.2 0.0 CA 94 
   315 22.1 0.0 CG2 37 
   1102 33.2 0.0 CB 99 
   1061 0.87 0.0 HD12 96 
   1644 2.21 0.0 HG3 146 
   563 7.52 0.0 H 57 
   2006 120.6 0.0 N 175 
   33 113.2 0.0 N 14 
   818 32.6 0.0 CB 78 
   290 7.31 0.0 HE3 36 
   64 1.01 0.0 HG12 17 
   786 1.44 0.0 HB2 76 
   1069 7.01 0.0 H 97 
   1972 56.3 0.0 CA 172 
   229 1.65 0.0 HG3 31 
   793 2.95 0.0 HE3 76 
   1518 7.29 0.0 HD22 136 
   159 41.3 0.0 CB 24 
   1585 112.9 0.0 N 141 
   1248 1.36 0.0 HG3 113 
   1454 27.9 0.0 CG 131 
   1139 3.85 0.0 HD3 103 
   291 7.92 0.0 HZ2 36 
   1885 2.17 0.0 HB 166 
   1963 4.4 0.0 HA 172 
   1246 1.82 0.0 HB3 113 
   340 26.9 0.0 CG 39 
   383 35.5 0.0 CG 42 
   1190 20.0 0.0 CG1 107 
   1500 7.5 0.0 H 135 
   1815 7.82 0.0 H 161 
   617 2.5 0.0 HB3 62 
   1016 112.7 0.0 N 92 
   1101 62.8 0.0 CA 99 
   1928 4.05 0.0 HA 169 
   964 128.3 0.0 CZ 88 
   849 0.82 0.0 HD11 80 
   1436 1.74 0.0 HD3 130 
   1294 7.0 0.0 HD1 118 
   330 8.2 0.0 H 39 
   1350 -0.36 0.0 HG23 123 
   227 2.02 0.0 HB3 31 
   1366 121.7 0.0 N 124 
   622 5.65 0.0 HZ 62 
   1627 -0.05 0.0 HD11 145 
   1847 14.9 0.0 CD1 162 
   1534 20.4 0.0 CG1 137 
   1441 26.5 0.0 CG 130 
   791 1.68 0.0 HD3 76 
   1561 29.3 0.0 CD 139 
   491 118.8 0.0 CE2 50 
   1993 121.0 0.0 N 174 
   1458 1.61 0.0 HB2 132 
   548 32.2 0.0 CB 55 
   1006 6.63 0.0 HE1 92 
   750 7.02 0.0 HZ2 73 
   96 4.35 0.0 HA 20 
   1377 0.33 0.0 HD23 125 
   95 7.79 0.0 H 20 
   537 8.89 0.0 H 55 
   1420 6.93 0.0 HZ 129 
   312 66.4 0.0 CA 37 
   566 1.5 0.0 HB2 57 
   137 0.96 0.0 HG12 23 
   1714 3.23 0.0 HB2 153 
   1440 29.7 0.0 CB 130 
   822 120.5 0.0 CZ3 78 
   813 7.27 0.0 HE3 78 
   1653 1.22 0.0 HB3 147 
   1786 0.42 0.0 HG22 158 
   217 1.44 0.0 HG3 30 
   1676 3.16 0.0 HA3 149 
   1160 0.67 0.0 HG22 105 
   1126 3.87 0.0 HA 102 
   738 56.1 0.0 CA 72 
   1844 38.3 0.0 CB 162 
   1153 119.5 0.0 N 104 
   804 55.2 0.0 CA 77 
   987 19.5 0.0 CG2 90 
   824 117.5 0.0 N 78 
   1719 7.16 0.0 HZ2 153 
   429 62.7 0.0 CB 46 
   207 123.5 0.0 N 28 
   1911 18.1 0.0 CG2 167 
   453 0.97 0.0 HG21 48 
   386 4.33 0.0 HA 43 
   1843 65.1 0.0 CA 162 
   1421 62.4 0.0 CA 129 
   1384 8.22 0.0 H 126 
   1502 1.71 0.0 HB2 135 
   1074 1.17 0.0 HG23 97 
   1232 4.44 0.0 HA 111 
   280 27.0 0.0 CG 35 
   133 8.04 0.0 H 23 
   1150 54.1 0.0 CA 104 
   1723 29.6 0.0 CB 153 
   653 0.91 0.0 HD21 64 
   1834 1.39 0.0 HB 162 
   1524 4.01 0.0 HA 137 
   1694 27.2 0.0 CD2 150 
   692 1.89 0.0 HB3 68 
   540 1.91 0.0 HB3 55 
   1692 27.0 0.0 CG 150 
   604 7.04 0.0 HH2 61 
   1307 1.79 0.0 HB3 119 
   1649 8.35 0.0 H 147 
   444 27.4 0.0 CG 47 
   1368 4.45 0.0 HA 125 
   641 33.8 0.0 CB 63 
   544 1.6 0.0 HD3 55 
   954 7.16 0.0 HD2 88 
   1290 18.0 0.0 CE 117 
   1352 -0.19 0.0 HD12 123 
   660 24.2 0.0 CD2 64 
   642 26.9 0.0 CG 63 
   1484 27.6 0.0 CB 133 
   171 1.6 0.0 HD3 25 
   1576 127.3 0.0 CD2 140 
   313 31.3 0.0 CB 37 
   885 57.1 0.0 CA 83 
   1519 53.4 0.0 CA 136 
   1796 115.7 0.0 N 158 
   1040 121.6 0.0 N 94 
   1231 7.36 0.0 H 111 
   1574 36.4 0.0 CB 140 
   1210 58.3 0.0 CA 109 
   680 4.76 0.0 HA 67 
   1956 2.2 0.0 HG2 171 
   1407 57.1 0.0 CA 128 
   395 8.83 0.0 H 44 
   962 129.6 0.0 CE1 88 
   71 21.1 0.0 CG1 17 
   652 0.91 0.0 HD13 64 
   1602 125.0 0.0 N 142 
   1347 0.7 0.0 HG13 123 
   102 30.1 0.0 CB 20 
   1252 3.12 0.0 HE3 113 
   907 121.8 0.0 N 84 
   669 34.1 0.0 CB 65 
   67 1.1 0.0 HG22 17 
   1385 4.28 0.0 HA 126 
   336 2.71 0.0 HD2 39 
   1724 127.0 0.0 CD1 153 
   644 118.8 0.0 N 63 
   1794 18.6 0.0 CG2 158 
   1317 8.98 0.0 H 120 
   715 7.82 0.0 H 70 
   1939 1.7 0.0 HB3 170 
   1022 43.0 0.0 CB 93 
   1427 129.2 0.0 CZ 129 
   1485 126.6 0.0 CD1 133 
   1134 0.87 0.0 HB2 103 
   423 8.3 0.0 H 46 
   1217 1.6 0.0 HB3 110 
   1204 9.68 0.0 H 109 
   1560 25.7 0.0 CG 139 
   658 27.3 0.0 CG 64 
   694 1.46 0.0 HG3 68 
   1901 1.3 0.0 HG13 167 
   494 3.25 0.0 HA 51 
   14 35.9 0.0 CG 12 
   688 110.7 0.0 ND2 67 
   1068 118.2 0.0 N 96 
   1403 3.23 0.0 HB2 128 
   80 1.01 0.0 HG21 18 
   1197 2.12 0.0 HG3 108 
   348 0.84 0.0 HD12 40 
   1650 4.49 0.0 HA 147 
   1641 2.2 0.0 HB2 146 
   304 3.36 0.0 HA 37 
   342 8.86 0.0 H 40 
   469 1.74 0.0 HG2 49 
   1067 13.2 0.0 CD1 96 
   893 0.6 0.0 HB2 84 
   513 59.7 0.0 CA 52 
   353 57.5 0.0 CA 40 
   1311 3.21 0.0 HD3 119 
   1154 8.55 0.0 H 105 
   1818 1.9 0.0 HB3 161 
   405 131.7 0.0 CD1 44 
   1973 32.8 0.0 CB 172 
   218 2.45 0.0 HD2 30 
   1118 1.08 0.0 HG21 101 
   1899 1.86 0.0 HB 167 
   332 1.78 0.0 HB2 39 
   1933 30.1 0.0 CB 169 
   1526 0.66 0.0 HG11 137 
   508 3.88 0.0 HA 52 
   737 3.19 0.0 HD3 72 
   1710 28.3 0.0 CG 152 
   1084 7.38 0.0 HD2 98 
   873 131.6 0.0 N 82 
   1429 8.59 0.0 H 130 
   829 3.01 0.0 HB3 79 
   1720 6.36 0.0 HZ3 153 
   1608 55.6 0.0 CA 143 
   1706 3.08 0.0 HD2 152 
   806 114.4 0.0 N 77 
   1568 6.2 0.0 HD1 140 
   1586 10.28 0.0 H 142 
   1797 3.52 0.0 HA 159 
   412 2.23 0.0 HB2 45 
   154 1.0 0.0 HD13 24 
   757 113.1 0.0 CZ2 73 
   931 6.77 0.0 HE2 86 
   765 3.22 0.0 HB3 74 
   1017 8.57 0.0 H 93 
   385 8.98 0.0 H 43 
   158 56.0 0.0 CA 24 
   1159 0.67 0.0 HG21 105 
   1565 4.03 0.0 HA 140 
   1376 0.33 0.0 HD22 125 
   853 38.1 0.0 CB 80 
   1200 66.4 0.0 CA 108 
   1456 6.93 0.0 H 132 
   1981 2.88 0.0 HB3 173 
   240 3.09 0.0 HB3 32 
   889 22.5 0.0 CD2 83 
   1903 0.95 0.0 HG22 167 
   592 54.1 0.0 CA 60 
   371 25.0 0.0 CG 41 
   38 1.59 0.0 HG2 15 
   1988 2.83 0.0 HB3 174 
   1662 0.8 0.0 HD11 148 
   887 26.8 0.0 CG 83 
   717 3.53 0.0 HA3 70 
   559 55.3 0.0 CA 56 
   317 7.16 0.0 H 38 
   1145 4.26 0.0 HA 104 
   1858 27.9 0.0 CB 163 
   1308 1.58 0.0 HG2 119 
   79 0.94 0.0 HG13 18 
   180 10.39 0.0 H 26 
   347 0.84 0.0 HD11 40 
   1856 6.84 0.0 HE22 163 
   1038 16.8 0.0 CG2 94 
   34 8.07 0.0 H 15 
   1329 1.25 0.0 HB2 122 
   174 57.0 0.0 CA 25 
   1188 58.3 0.0 CA 107 
   25 4.07 0.0 HA 14 
   689 8.83 0.0 H 68 
   1121 59.6 0.0 CA 101 
   26 4.2 0.0 HB 14 
   590 2.19 0.0 HB2 60 
   196 51.1 0.0 CA 27 
   1041 4.62 0.0 HA 95 
   1348 -0.36 0.0 HG21 123 
   50 1.9 0.0 HB3 16 
   884 0.77 0.0 HD23 83 
   358 120.3 0.0 N 40 
   1530 1.08 0.0 HG22 137 
   260 2.16 0.0 HB3 34 
   832 6.69 0.0 HE1 79 
   1478 9.6 0.0 HE1 133 
   1453 30.7 0.0 CB 131 
   287 3.79 0.0 HB3 36 
   969 2.91 0.0 HB3 89 
   730 7.61 0.0 H 72 
   719 107.1 0.0 N 70 
   1087 58.3 0.0 CA 98 
   222 27.2 0.0 CG 30 
   165 4.41 0.0 HA 25 
   654 0.91 0.0 HD22 64 
   927 3.29 0.0 HB3 86 
   1799 2.07 0.0 HB3 159 
   203 1.47 0.0 HB2 28 
   1888 1.0 0.0 HG13 166 
   43 30.1 0.0 CB 15 
   1472 119.9 0.0 N 132 
   1434 1.72 0.0 HG3 130 
   1718 7.08 0.0 HE3 153 
   531 4.55 0.0 HD21 54 
   1542 3.23 0.0 HD2 138 
   1907 0.85 0.0 HD13 167 
   1119 1.08 0.0 HG22 101 
   1782 1.56 0.0 HB 158 
   746 2.21 0.0 HB3 73 
   1808 6.55 0.0 H 160 
   1459 1.92 0.0 HB3 132 
   586 116.4 0.0 N 59 
   808 6.21 0.0 HA 78 
   62 2.21 0.0 HB 17 
   1832 8.16 0.0 H 162 
   787 1.49 0.0 HB3 76 
   1731 8.68 0.0 H 154 
   589 4.4 0.0 HA 60 
   761 127.0 0.0 NE1 73 
   1395 4.38 0.0 HA 127 
   507 8.37 0.0 H 52 
   722 4.57 0.0 HB 71 
   1020 2.67 0.0 HB3 93 
   1588 0.74 0.0 HB2 142 
   1194 2.03 0.0 HB2 108 
   1396 2.61 0.0 HB2 127 
   416 7.61 0.0 HE21 45 
   812 10.66 0.0 HE1 78 
   47 8.18 0.0 H 16 
   713 37.3 0.0 CG 69 
   1886 1.0 0.0 HG11 166 
   1713 4.06 0.0 HA 153 
   205 51.9 0.0 CA 28 
   448 8.86 0.0 H 48 
   541 1.31 0.0 HG2 55 
   1406 8.19 0.0 HE1 128 
   249 1.85 0.0 HG3 33 
   1775 1.28 0.0 HG3 157 
   1066 18.1 0.0 CG2 96 
   1712 7.2 0.0 H 153 
   307 0.99 0.0 HG12 37 
   486 58.8 0.0 CA 50 
   1938 1.7 0.0 HB2 170 
   676 55.8 0.0 CA 66 
   373 42.2 0.0 CE 41 
   865 119.9 0.0 CD2 81 
   1413 4.07 0.0 HA 129 
   85 21.7 0.0 CG1 18 
   1004 6.51 0.0 HD1 92 
   800 9.17 0.0 H 77 
   522 6.74 0.0 HD22 53 
   520 3.26 0.0 HB3 53 
   462 17.0 0.0 CG2 48 
   366 1.74 0.0 HD3 41 
   1363 2.78 0.0 HB3 124 
   1075 60.5 0.0 CA 97 
   411 4.15 0.0 HA 45 
   1024 8.43 0.0 H 94 
   603 6.87 0.0 HZ3 61 
   16 8.44 0.0 H 13 
   821 114.1 0.0 CZ2 78 
   384 119.4 0.0 N 42 
   568 51.2 0.0 CA 57 
   1386 4.54 0.0 HB 126 
   625 132.0 0.0 CD1 62 
   3 2.76 0.0 HB3 11 
   244 8.58 0.0 H 33 
   449 3.79 0.0 HA 48 
   914 1.27 0.0 HD2 85 
   170 1.6 0.0 HD2 25 
   1674 7.41 0.0 H 149 
   1737 0.88 0.0 HD12 154 
   1611 7.37 0.0 H 144 
   1073 1.17 0.0 HG22 97 
   1007 6.63 0.0 HE2 92 
   224 8.5 0.0 H 31 
   339 29.8 0.0 CB 39 
   1330 1.47 0.0 HB3 122 
   157 1.18 0.0 HD23 24 
   91 3.98 0.0 HB3 19 
   1501 4.14 0.0 HA 135 
   1762 0.93 0.0 HG21 156 
   1267 20.7 0.0 CG2 114 
   707 2.1 0.0 HB2 69 
   1774 0.82 0.0 HG2 157 
   1665 0.92 0.0 HD21 148 
   1364 57.6 0.0 CA 124 
   942 1.9 0.0 HB3 87 
   1374 0.13 0.0 HD13 125 
   451 1.26 0.0 HG12 48 
   1671 26.1 0.0 CD1 148 
   1825 0.73 0.0 HD23 161 
   247 2.12 0.0 HB3 33 
   1135 2.45 0.0 HB3 103 
   1828 26.2 0.0 CG 161 
   1086 7.33 0.0 HE2 98 
   1592 -0.51 0.0 HD12 142 
   1181 1.96 0.0 HB 107 
   1917 2.09 0.0 HB3 168 
   225 4.34 0.0 HA 31 
   1974 24.7 0.0 CG 172 
   361 2.06 0.0 HB2 41 
   1388 1.41 0.0 HG22 126 
   795 38.2 0.0 CB 76 
   1673 110.9 0.0 N 148 
   1259 7.31 0.0 H 114 
   1199 3.77 0.0 HD3 108 
   685 51.6 0.0 CA 67 
   1764 0.93 0.0 HG23 156 
   1871 2.92 0.0 HE3 164 
   1397 2.68 0.0 HB3 127 
   844 0.96 0.0 HG12 80 
   1115 7.25 0.0 H 101 
   1619 115.6 0.0 CD2 144 
   1202 27.1 0.0 CG 108 
   533 55.3 0.0 CA 54 
   1033 0.45 0.0 HD12 94 
   1171 8.88 0.0 H 106 
   274 0.91 0.0 HD13 35 
   968 2.72 0.0 HB2 89 
   1212 36.8 0.0 CG 109 
   283 119.1 0.0 N 35 
   913 1.18 0.0 HG3 85 
   237 8.17 0.0 H 32 
   840 121.1 0.0 N 79 
   42 58.2 0.0 CA 15 
   1702 1.82 0.0 HB2 152 
   1177 21.6 0.0 CB 106 
   93 63.2 0.0 CB 19 
   1755 115.0 0.0 N 155 
   762 8.53 0.0 H 74 
   1520 40.4 0.0 CB 136 
   744 4.72 0.0 HA 73 
   1195 2.4 0.0 HB3 108 
   1687 1.16 0.0 HD21 150 
   1663 0.8 0.0 HD12 148 
   492 119.9 0.0 N 50 
   1482 7.06 0.0 HH2 133 
   246 2.0 0.0 HB2 33 
   1381 25.2 0.0 CD1 125 
   1689 1.16 0.0 HD23 150 
   316 116.1 0.0 N 37 
   534 36.9 0.0 CB 54 
   1285 2.4 0.0 HG3 117 
   210 4.82 0.0 HA3 29 
   1466 1.04 0.0 HD23 132 
   687 116.8 0.0 N 67 
   783 107.1 0.0 N 75 
   1375 0.33 0.0 HD21 125 
   1426 129.8 0.0 CE2 129 
   1072 1.17 0.0 HG21 97 
   481 3.32 0.0 HB3 50 
   1070 4.43 0.0 HA 97 
   781 4.31 0.0 HA3 75 
   1810 2.55 0.0 HB2 160 
   148 4.56 0.0 HA 24 
   57 27.3 0.0 CG 16 
   487 38.5 0.0 CB 50 
   1065 27.8 0.0 CG1 96 
   789 1.57 0.0 HG3 76 
   1990 6.91 0.0 HD22 174 
   390 2.75 0.0 HG3 43 
   1757 3.87 0.0 HA 156 
   1945 2.96 0.0 HE3 170 
   1594 0.37 0.0 HD21 142 
   677 66.8 0.0 CB 66 
   1452 65.5 0.0 CA 131 
   129 63.3 0.0 CA 22 
   473 57.4 0.0 CA 49 
   1289 36.0 0.0 CG 117 
   1418 6.99 0.0 HE1 129 
   565 1.5 0.0 HB1 57 
   1970 2.95 0.0 HE2 172 
   1802 3.0 0.0 HD2 159 
   281 22.8 0.0 CD1 35 
   1410 136.2 0.0 CE1 128 
   1753 53.8 0.0 CA 155 
   897 0.41 0.0 HD12 84 
   790 1.55 0.0 HD2 76 
   1559 32.6 0.0 CB 139 
   1025 4.37 0.0 HA 94 
   1564 6.28 0.0 H 140 
   1483 61.0 0.0 CA 133 
   696 1.69 0.0 HD3 68 
   620 5.55 0.0 HE1 62 
   32 22.0 0.0 CG2 14 
   1605 1.04 0.0 HB1 143 
   860 2.85 0.0 HB2 81 
   580 2.37 0.0 HB2 59 
   1804 66.3 0.0 CA 159 
   510 2.21 0.0 HB3 52 
   1239 4.25 0.0 HA2 112 
   1806 28.7 0.0 CG 159 
   1229 22.5 0.0 CD2 110 
   747 6.4 0.0 HD1 73 
   282 25.2 0.0 CD2 35 
   1957 2.2 0.0 HG3 171 
   1883 7.79 0.0 H 166 
   1490 120.6 0.0 N 133 
   656 54.3 0.0 CA 64 
   1936 8.48 0.0 H 170 
   1136 1.32 0.0 HG2 103 
   1344 3.77 0.0 HA 123 
   1322 8.15 0.0 H 121 
   532 7.24 0.0 HD22 54 
   1725 119.6 0.0 CE3 153 
   78 0.94 0.0 HG12 18 
   1425 129.8 0.0 CE1 129 
   924 9.53 0.0 H 86 
   957 7.05 0.0 HZ 88 
   503 31.5 0.0 CB 51 
   1379 41.7 0.0 CB 125 
   1060 0.87 0.0 HD11 96 
   1010 40.4 0.0 CB 92 
   784 8.54 0.0 H 76 
   545 2.84 0.0 HE2 55 
   1393 111.5 0.0 N 126 
   1394 8.77 0.0 H 127 
   99 2.21 0.0 HG2 20 
   740 27.4 0.0 CG 72 
   1260 4.63 0.0 HA 114 
   1165 62.8 0.0 CA 105 
   626 132.0 0.0 CD2 62 
   1848 120.1 0.0 N 162 
   701 24.4 0.0 CG 68 
   980 1.02 0.0 HG23 90 
   986 25.7 0.0 CG1 90 
   268 4.34 0.0 HA 35 
   718 46.2 0.0 CA 70 
   1081 2.76 0.0 HB2 98 
   1149 2.24 0.0 HG3 104 
   1055 1.32 0.0 HG12 96 
   1079 7.67 0.0 H 98 
   631 8.75 0.0 H 63 
   1837 0.81 0.0 HG21 162 
   378 2.71 0.0 HB3 42 
   1660 2.08 0.0 HB3 148 
   554 4.54 0.0 HA 56 
   1790 0.18 0.0 HD13 158 
   306 0.99 0.0 HG11 37 
   1417 7.05 0.0 HD2 129 
   1595 0.37 0.0 HD22 142 
   153 1.0 0.0 HD12 24 
   1048 62.1 0.0 CA 95 
   1999 2.31 0.0 HG2 175 
   1798 1.66 0.0 HB2 159 
   564 4.51 0.0 HA 57 
   638 3.25 0.0 HD3 63 
   1288 1.89 0.0 HE3 117 
   614 6.81 0.0 H 62 
   125 2.1 0.0 HG2 22 
   1092 116.0 0.0 CE2 98 
   1537 4.86 0.0 HA 138 
   1496 1.5 0.0 HB3 134 
   293 7.05 0.0 HH2 36 
   1968 1.65 0.0 HD2 172 
   1889 1.0 0.0 HG21 166 
   754 30.6 0.0 CB 73 
   1213 116.4 0.0 N 109 
   298 114.2 0.0 CZ2 36 
   918 56.1 0.0 CA 85 
   1683 1.88 0.0 HG 150 
   77 0.94 0.0 HG11 18 
   1800 1.71 0.0 HG2 159 
   1443 41.8 0.0 CE 130 
   1872 56.9 0.0 CA 164 
   254 27.3 0.0 CG 33 
   963 129.6 0.0 CE2 88 
   141 1.13 0.0 HG23 23 
   454 0.97 0.0 HG22 48 
   321 2.45 0.0 HG2 38 
   276 1.01 0.0 HD22 35 
   1931 7.31 0.0 HD2 169 
   1863 4.19 0.0 HA 164 
   36 1.87 0.0 HB2 15 
   1902 0.95 0.0 HG21 167 
   909 4.75 0.0 HA 85 
   104 119.8 0.0 N 20 
   1269 8.73 0.0 H 115 
   1099 3.44 0.0 HD2 99 
   782 45.8 0.0 CA 75 
   1795 8.6 0.0 CD1 158 
   1748 7.31 0.0 H 155 
   286 3.29 0.0 HB2 36 
   255 43.1 0.0 CD 33 
   1789 0.18 0.0 HD12 158 
   1852 2.24 0.0 HB3 163 
   2000 2.31 0.0 HG3 175 
   894 1.93 0.0 HB3 84 
   1365 27.0 0.0 CB 124 
   1811 2.55 0.0 HB3 160 
   529 3.06 0.0 HB2 54 
   376 4.12 0.0 HA 42 
   1511 43.4 0.0 CD 135 
   370 32.0 0.0 CB 41 
   1470 23.5 0.0 CD1 132 
   979 1.02 0.0 HG22 90 
   1708 64.6 0.0 CA 152 
   1684 0.87 0.0 HD11 150 
   777 129.4 0.0 CZ 74 
   220 63.2 0.0 CA 30 
   1535 22.9 0.0 CG2 137 
   1771 3.85 0.0 HA 157 
   1378 54.2 0.0 CA 125 
   877 2.1 0.0 HB3 83 
   1675 4.05 0.0 HA2 149 
   1471 26.2 0.0 CD2 132 
   1389 1.41 0.0 HG23 126 
   1529 1.08 0.0 HG21 137 
   1037 26.8 0.0 CG1 94 
   214 1.05 0.0 HB2 30 
   1549 4.17 0.0 HA 139 
   629 131.9 0.0 CZ 62 
   1577 129.7 0.0 CE1 140 
   1300 132.5 0.0 CD1 118 
   1647 32.2 0.0 CG 146 
   145 22.0 0.0 CG2 23 
   1321 113.5 0.0 N 120 
   324 8.08 0.0 HE22 38 
   1894 21.8 0.0 CG1 166 
   160 31.1 0.0 CG 24 
   472 3.42 0.0 HD3 49 
   1442 29.4 0.0 CD 130 
   1521 116.3 0.0 N 136 
   582 6.69 0.0 HD21 59 
   1034 0.45 0.0 HD13 94 
   272 0.91 0.0 HD11 35 
   771 54.9 0.0 CA 74 
   1335 2.91 0.0 HE2 122 
   618 5.47 0.0 HD1 62 
   1257 42.5 0.0 CE 113 
   675 2.44 0.0 HB3 66 
   30 64.2 0.0 CA 14 
   9 2.03 0.0 HB3 12 
   1826 57.4 0.0 CA 161 
   1152 35.9 0.0 CG 104 
   817 56.7 0.0 CA 78 
   1203 49.8 0.0 CD 108 
   1842 0.01 0.0 HD13 162 
   119 17.2 0.0 CG2 21 
   908 8.45 0.0 H 85 
   460 37.8 0.0 CB 48 
   211 44.9 0.0 CA 29 
   1127 0.01 0.0 HB1 102 
   881 0.82 0.0 HD13 83 
   1063 64.5 0.0 CA 96 
   1783 0.82 0.0 HG12 158 
   184 1.25 0.0 HG22 26 
   101 56.0 0.0 CA 20 
   553 8.2 0.0 H 56 
   1896 115.2 0.0 N 166 
   1699 49.3 0.0 CA 151 
   1047 3.51 0.0 HD3 95 
   130 31.8 0.0 CB 22 
   1298 53.1 0.0 CA 118 
   955 7.18 0.0 HE1 88 
   1950 41.8 0.0 CE 170 
   1583 4.14 0.0 HA3 141 
   1548 8.76 0.0 H 139 
   505 21.0 0.0 CG2 51 
   233 29.5 0.0 CB 31 
   1982 58.6 0.0 CA 173 
   1760 0.75 0.0 HG12 156 
   743 8.77 0.0 H 73 
   704 123.1 0.0 N 68 
   1360 7.71 0.0 H 124 
   1751 1.43 0.0 HB2 155 
   1631 0.45 0.0 HD22 145 
   357 24.3 0.0 CD2 40 
   678 111.7 0.0 N 66 
   375 7.68 0.0 H 42 
   438 0.93 0.0 HD13 47 
   2004 29.2 0.0 CB 175 
   526 110.8 0.0 ND2 53 
   1332 1.23 0.0 HG3 122 
   66 1.1 0.0 HG21 17 
   1184 0.58 0.0 HG13 107 
   1390 62.4 0.0 CA 126 
   1777 29.2 0.0 CB 157 
   850 0.82 0.0 HD12 80 
   1349 -0.36 0.0 HG22 123 
   1293 3.08 0.0 HB3 118 
   458 0.92 0.0 HD13 48 
   1749 3.86 0.0 HA 155 
   1182 0.58 0.0 HG11 107 
   471 3.37 0.0 HD2 49 
   1639 7.93 0.0 H 146 
   1361 4.44 0.0 HA 124 
   1251 3.12 0.0 HE2 113 
   288 7.34 0.0 HD1 36 
   1400 122.0 0.0 N 127 
   1984 120.4 0.0 N 173 
   1211 30.2 0.0 CB 109 
   602 7.45 0.0 HZ2 61 
   1563 122.6 0.0 N 139 
   1943 1.6 0.0 HD3 170 
   988 14.6 0.0 CD1 90 
   232 56.1 0.0 CA 31 
   879 0.82 0.0 HD11 83 
   1787 0.42 0.0 HG23 158 
   1780 7.94 0.0 H 158 
   681 3.07 0.0 HB2 67 
   1895 21.8 0.0 CG2 166 
   1853 2.49 0.0 HG2 163 
   1664 0.8 0.0 HD13 148 
   1948 24.8 0.0 CG 170 
   1336 2.91 0.0 HE3 122 
   464 118.5 0.0 N 48 
   467 1.95 0.0 HB2 49 
   1522 116.8 0.0 ND2 136 
   898 0.41 0.0 HD13 84 
   1058 0.98 0.0 HG22 96 
   950 5.09 0.0 HA 88 
   1430 3.99 0.0 HA 130 
   1497 54.7 0.0 CA 134 
   1892 63.3 0.0 CA 166 
   369 60.1 0.0 CA 41 
   49 1.9 0.0 HB2 16 
   1039 8.7 0.0 CD1 94 
   861 3.25 0.0 HB3 81 
   1162 0.43 0.0 HD11 105 
   365 1.74 0.0 HD2 41 
   1625 2.33 0.0 HB3 145 
   996 55.2 0.0 CA 91 
   940 5.28 0.0 HA 87 
   1299 39.5 0.0 CB 118 
   951 2.71 0.0 HB2 88 
   1734 2.04 0.0 HB3 154 
   428 62.8 0.0 CA 46 
   1096 2.2 0.0 HB3 99 
   343 3.56 0.0 HA 40 
   637 3.25 0.0 HD2 63 
   1839 0.81 0.0 HG23 162 
   17 4.21 0.0 HA 13 
   901 0.64 0.0 HD23 84 
   44 27.3 0.0 CG 15 
   1243 8.33 0.0 H 113 
   243 119.3 0.0 N 32 
   1151 30.1 0.0 CB 104 
   1846 16.7 0.0 CG2 162 
   1882 108.0 0.0 N 165 
   1249 1.6 0.0 HD2 113 
   37 1.87 0.0 HB3 15 
   1506 3.11 0.0 HD2 135 
   1949 29.2 0.0 CD 170 
   647 1.83 0.0 HB2 64 
   600 9.85 0.0 HE1 61 
   1614 3.34 0.0 HB3 144 
   485 6.97 0.0 HE2 50 
   763 5.33 0.0 HA 74 
   1226 42.1 0.0 CB 110 
   859 4.82 0.0 HA 81 
   335 1.47 0.0 HG3 39 
   27 1.24 0.0 HG21 14 
   1769 113.1 0.0 N 156 
   236 116.8 0.0 N 31 
   1014 129.9 0.0 CE2 92 
   1946 56.7 0.0 CA 170 
   1117 3.67 0.0 HB 101 
   937 117.5 0.0 CE2 86 
   1205 4.3 0.0 HA 109 
   1505 1.72 0.0 HG3 135 
   857 128.9 0.0 N 80 
   570 121.1 0.0 N 57 
   815 6.61 0.0 HZ3 78 
   1100 3.8 0.0 HD3 99 
   1091 118.2 0.0 CE1 98 
   1792 30.6 0.0 CB 158 
   1600 23.0 0.0 CD1 142 
   147 9.12 0.0 H 24 
   711 58.0 0.0 CA 69 
   562 112.3 0.0 ND2 56 
   1920 6.76 0.0 HE21 168 
   5 40.9 0.0 CB 11 
   1861 111.2 0.0 NE2 163 
   1932 57.3 0.0 CA 169 
   999 117.4 0.0 N 91 
   1776 57.3 0.0 CA 157 
   1558 57.9 0.0 CA 139 
   1512 113.5 0.0 N 135 
   459 65.0 0.0 CA 48 
   1862 7.88 0.0 H 164 
   1604 3.75 0.0 HA 143 
   816 6.84 0.0 HH2 78 
   921 29.2 0.0 CD 85 
   146 116.5 0.0 N 23 
   546 2.84 0.0 HE3 55 
   1816 3.88 0.0 HA 161 
   645 8.7 0.0 H 64 
   1857 58.8 0.0 CA 163 
   1705 2.09 0.0 HG3 152 
   1422 39.5 0.0 CB 129 
   1824 0.73 0.0 HD22 161 
   1866 1.45 0.0 HG2 164 
   721 4.41 0.0 HA 71 
   1638 121.2 0.0 N 145 
   1018 5.58 0.0 HA 93 
   1914 8.64 0.0 H 168 
   1295 7.0 0.0 HD2 118 
   509 2.1 0.0 HB2 52 
   1696 9.07 0.0 H 151 
   823 123.5 0.0 CH2 78 
   1125 7.94 0.0 H 102 
   965 121.3 0.0 N 88 
   1951 123.6 0.0 N 170 
   1597 57.5 0.0 CA 142 
   7 4.11 0.0 HA 12 
   431 8.42 0.0 H 47 
   825 131.3 0.0 NE1 78 
   1082 3.27 0.0 HB3 98 
   1703 2.44 0.0 HB3 152 
   558 7.75 0.0 HD22 56 
   1325 45.6 0.0 CA 121 
   1510 27.0 0.0 CG 135 
   792 2.95 0.0 HE2 76 
   2005 33.7 0.0 CG 175 
   917 2.37 0.0 HE3 85 
   639 7.37 0.0 HE 63 
   835 44.0 0.0 CB 79 
   1451 3.77 0.0 HD3 131 
   1263 1.17 0.0 HG22 114 
   1598 40.4 0.0 CB 142 
   1196 1.88 0.0 HG2 108 
   1624 1.42 0.0 HB2 145 
   1234 2.72 0.0 HB3 111 
   1809 4.33 0.0 HA 160 
   179 116.8 0.0 N 25 
   270 1.81 0.0 HB3 35 
   1829 26.1 0.0 CD1 161 
   828 3.01 0.0 HB2 79 
   576 39.1 0.0 CB 58 
   18 1.47 0.0 HB1 13 
   1303 117.4 0.0 CE2 118 
   892 4.47 0.0 HA 84 
   352 0.86 0.0 HD23 40 
   1910 25.3 0.0 CG1 167 
   1953 4.39 0.0 HA 171 
   1995 8.36 0.0 H 175 
   1991 53.2 0.0 CA 174 
   595 7.49 0.0 H 61 
   1756 6.91 0.0 H 156 
   251 3.34 0.0 HD3 33 
   1618 29.7 0.0 CB 144 
   443 42.7 0.0 CB 47 
   514 29.2 0.0 CB 52 
   867 9.03 0.0 H 82 
   650 0.91 0.0 HD11 64 
   998 35.4 0.0 CG 91 
   864 34.3 0.0 CB 81 
   1013 129.9 0.0 CE1 92 
   410 8.21 0.0 H 45 
   1155 3.79 0.0 HA 105 
   295 29.5 0.0 CB 36 
   1803 3.0 0.0 HD3 159 
   756 119.8 0.0 CE3 73 
   1447 2.29 0.0 HB3 131 
   156 1.18 0.0 HD22 24 
   794 53.9 0.0 CA 76 
   231 3.17 0.0 HD3 31 
   15 122.1 0.0 N 12 
   646 5.07 0.0 HA 64 
   1495 1.5 0.0 HB2 134 
   88 8.07 0.0 H 19 
   74 8.12 0.0 H 18 
   413 2.34 0.0 HB3 45 
   659 24.3 0.0 CD1 64 
   1309 1.68 0.0 HG3 119 
   1517 6.92 0.0 HD21 136 
   916 2.27 0.0 HE2 85 
   731 5.02 0.0 HA 72 
   1362 2.23 0.0 HB2 124 
   1579 130.1 0.0 CZ 140 
   168 1.29 0.0 HG2 25 
   1952 8.55 0.0 H 171 
   992 2.07 0.0 HB2 91 
   1105 8.2 0.0 H 100 
   29 1.24 0.0 HG23 14 
   117 39.1 0.0 CB 21 
   1547 48.1 0.0 CD 138 
   1276 128.2 0.0 N 115 
   1716 7.36 0.0 HD1 153 
   1011 131.3 0.0 CD1 92 
   1827 41.4 0.0 CB 161 
   297 122.1 0.0 CE3 36 
   826 9.23 0.0 H 79 
   234 27.1 0.0 CG 31 
   1616 7.71 0.0 HE1 144 
   932 57.5 0.0 CA 86 
   944 2.0 0.0 HG3 87 
   1262 1.17 0.0 HG21 114 
   764 3.1 0.0 HB2 74 
   686 37.3 0.0 CB 67 
   1820 0.66 0.0 HD11 161 
   517 8.47 0.0 H 53 
   1236 41.0 0.0 CB 111 
   433 1.79 0.0 HB2 47 
   144 18.2 0.0 CG1 23 
   1438 2.99 0.0 HE3 130 
   213 2.52 0.0 HA 30 
   616 2.1 0.0 HB2 62 
   1807 49.4 0.0 CD 159 
   311 1.13 0.0 HG23 37 
   1036 36.4 0.0 CB 94 
   1131 15.4 0.0 CB 102 
   899 0.64 0.0 HD21 84 
   164 8.31 0.0 H 25 
   1255 25.6 0.0 CG 113 
   742 123.7 0.0 N 72 
   690 3.96 0.0 HA 68 
   1208 2.43 0.0 HG2 109 
   571 7.96 0.0 H 58 
   854 27.8 0.0 CG1 80 
   1224 0.68 0.0 HD23 110 
   1225 53.9 0.0 CA 110 
   1296 6.74 0.0 HE1 118 
   314 21.0 0.0 CG1 37 
   976 0.84 0.0 HG12 90 
   1021 52.0 0.0 CA 93 
   124 2.46 0.0 HB3 22 
   1172 5.09 0.0 HA 106 
   775 130.0 0.0 CE1 74 
   1064 37.7 0.0 CB 96 
   1370 1.68 0.0 HB3 125 
   262 2.42 0.0 HG3 34 
   1752 1.43 0.0 HB3 155 
   238 4.9 0.0 HA 32 
   1032 0.45 0.0 HD11 94 
   501 0.8 0.0 HG23 51 
   1773 0.96 0.0 HB3 157 
   1851 2.24 0.0 HB2 163 
   615 4.91 0.0 HA 62 
   267 8.01 0.0 H 35 
   1813 41.7 0.0 CB 160 
   1566 1.98 0.0 HB2 140 
   257 9.25 0.0 H 34 
   48 4.19 0.0 HA 16 
   709 2.34 0.0 HG2 69 
   139 1.13 0.0 HG21 23 
   1274 52.6 0.0 CA 115 
   1291 4.86 0.0 HA 118 
   1305 4.25 0.0 HA 119 
   354 41.3 0.0 CB 40 
   59 120.5 0.0 N 16 
   1545 32.6 0.0 CB 138 
   1310 3.21 0.0 HD2 119 
   89 4.33 0.0 HA 19 
   1591 -0.51 0.0 HD11 142 
   748 9.32 0.0 HE1 73 
   1944 2.96 0.0 HE2 170 
   1840 0.01 0.0 HD11 162 
   1346 0.57 0.0 HG12 123 
   665 1.81 0.0 HB3 65 
   869 2.25 0.0 HB2 82 
   1148 2.07 0.0 HG2 104 
   947 37.4 0.0 CG 87 
   1304 8.4 0.0 H 119 
   1404 3.23 0.0 HB3 128 
   624 40.9 0.0 CB 62 
   436 0.93 0.0 HD11 47 
   729 107.9 0.0 N 71 
   1865 2.04 0.0 HB3 164 
   1342 118.4 0.0 N 122 
   1715 3.56 0.0 HB3 153 
   1831 118.0 0.0 N 161 
   135 2.37 0.0 HB 23 
   736 3.09 0.0 HD2 72 
   1312 57.4 0.0 CA 119 
   1221 0.5 0.0 HD13 110 
   1306 1.79 0.0 HB2 119 
   831 6.96 0.0 HD2 79 
   1415 3.22 0.0 HB3 129 
   420 34.2 0.0 CG 45 
   329 113.9 0.0 NE2 38 
   1331 1.04 0.0 HG2 122 
   1742 57.8 0.0 CA 154 
   1658 4.51 0.0 HA 148 
   772 40.5 0.0 CB 74 
   587 110.7 0.0 ND2 59 
   1779 117.5 0.0 N 157 
   938 129.3 0.0 N 86 
   1054 1.9 0.0 HB 96 
   1992 38.6 0.0 CB 174 
   811 7.03 0.0 HD1 78 
   1626 1.11 0.0 HG 145 
   187 68.1 0.0 CB 26 
   1681 1.36 0.0 HB2 150 
   1793 28.2 0.0 CG1 158 
   1448 1.99 0.0 HG2 131 
   797 29.6 0.0 CD 76 
   445 25.4 0.0 CD1 47 
   679 8.15 0.0 H 67 
   362 2.06 0.0 HB3 41 
   271 1.77 0.0 HG 35 
   13 29.4 0.0 CB 12 
   100 2.4 0.0 HG3 20 
   278 56.6 0.0 CA 35 
   1621 115.4 0.0 N 144 
   123 1.93 0.0 HB2 22 
   162 25.5 0.0 CD2 24 
   111 0.18 0.0 HG22 21 
   975 1.75 0.0 HB 90 
   106 4.14 0.0 HA 21 
   1768 21.8 0.0 CG2 156 
   363 1.45 0.0 HG2 41 
   1562 41.9 0.0 CE 139 
   561 118.9 0.0 N 56 
   169 1.29 0.0 HG3 25 
   226 1.82 0.0 HB2 31 
   623 57.0 0.0 CA 62 
   1097 1.5 0.0 HG2 99 
   402 6.81 0.0 HE2 44 
   351 0.86 0.0 HD22 40 
   519 3.0 0.0 HB2 53 
   769 7.0 0.0 HE2 74 
   1513 7.18 0.0 H 136 
   552 122.1 0.0 N 55 
   468 2.07 0.0 HB3 49 
   1830 22.9 0.0 CD2 161 
   1214 7.93 0.0 H 110 
   122 4.51 0.0 HA 22 
   985 42.8 0.0 CB 90 
   90 3.98 0.0 HB2 19 
   1123 21.0 0.0 CG2 101 
   1419 6.99 0.0 HE2 129 
   1940 1.38 0.0 HG2 170 
   61 3.95 0.0 HA 17 
   1215 4.34 0.0 HA 110 
   345 1.42 0.0 HB3 40 
   1186 0.93 0.0 HG22 107 
   619 5.47 0.0 HD2 62 
   1860 121.6 0.0 N 163 
   263 59.6 0.0 CA 34 
   414 2.54 0.0 HG2 45 
