   727 69.3 0.0 CB 71 
   841 8.07 0.0 H 80 
   1652 1.22 0.0 HB2 147 
   1264 1.17 0.0 HG23 114 
   955 7.18 0.0 HE1 88 
   401 6.81 0.0 HE1 44 
   1365 27.0 0.0 CB 124 
   1483 61.0 0.0 CA 133 
   1769 113.1 0.0 N 156 
   1873 34.1 0.0 CB 164 
   631 8.75 0.0 H 63 
   704 123.1 0.0 N 68 
   1044 1.84 0.0 HG2 95 
   1895 21.8 0.0 CG2 166 
   1425 129.8 0.0 CE1 129 
   357 24.3 0.0 CD2 40 
   934 132.9 0.0 CD1 86 
   1498 18.5 0.0 CB 134 
   478 8.25 0.0 H 50 
   92 60.1 0.0 CA 19 
   531 4.55 0.0 HD21 54 
   1221 0.5 0.0 HD13 110 
   554 4.54 0.0 HA 56 
   164 8.31 0.0 H 25 
   234 27.1 0.0 CG 31 
   692 1.89 0.0 HB3 68 
   1707 3.6 0.0 HD3 152 
   1327 7.0 0.0 H 122 
   612 121.9 0.0 N 61 
   814 7.17 0.0 HZ2 78 
   1684 0.87 0.0 HD11 150 
   143 32.8 0.0 CB 23 
   1097 1.5 0.0 HG2 99 
   1007 6.63 0.0 HE2 92 
   487 38.5 0.0 CB 50 
   923 121.7 0.0 N 85 
   591 2.96 0.0 HB3 60 
   924 9.53 0.0 H 86 
   715 7.82 0.0 H 70 
   534 36.9 0.0 CB 54 
   829 3.01 0.0 HB3 79 
   627 133.7 0.0 CE1 62 
   1931 7.31 0.0 HD2 169 
   1215 4.34 0.0 HA 110 
   166 1.76 0.0 HB2 25 
   909 4.75 0.0 HA 85 
   1866 1.45 0.0 HG2 164 
   450 1.98 0.0 HB 48 
   586 116.4 0.0 N 59 
   649 1.83 0.0 HG 64 
   655 0.91 0.0 HD23 64 
   1479 7.41 0.0 HE3 133 
   1634 42.1 0.0 CB 145 
   783 107.1 0.0 N 75 
   140 1.13 0.0 HG22 23 
   1882 108.0 0.0 N 165 
   821 114.1 0.0 CZ2 78 
   381 59.1 0.0 CA 42 
   1807 49.4 0.0 CD 159 
   22 18.5 0.0 CB 13 
   697 3.0 0.0 HE2 68 
   883 0.77 0.0 HD22 83 
   1671 26.1 0.0 CD1 148 
   494 3.25 0.0 HA 51 
   216 1.05 0.0 HG2 30 
   1319 3.69 0.0 HA3 120 
   1611 7.37 0.0 H 144 
   992 2.07 0.0 HB2 91 
   405 131.7 0.0 CD1 44 
   885 57.1 0.0 CA 83 
   744 4.72 0.0 HA 73 
   953 7.16 0.0 HD1 88 
   1729 118.4 0.0 N 153 
   1350 -0.36 0.0 HG23 123 
   1648 117.1 0.0 N 146 
   179 116.8 0.0 N 25 
   790 1.55 0.0 HD2 76 
   225 4.34 0.0 HA 31 
   1878 7.93 0.0 H 165 
   1070 4.43 0.0 HA 97 
   1437 2.99 0.0 HE2 130 
   763 5.33 0.0 HA 74 
   254 27.3 0.0 CG 33 
   555 2.93 0.0 HB2 56 
   165 4.41 0.0 HA 25 
   812 10.66 0.0 HE1 78 
   785 5.61 0.0 HA 76 
   751 6.65 0.0 HZ3 73 
   399 7.33 0.0 HD1 44 
   583 7.7 0.0 HD22 59 
   1539 1.47 0.0 HB3 138 
   528 4.38 0.0 HA 54 
   1167 27.6 0.0 CG1 105 
   371 25.0 0.0 CG 41 
   653 0.91 0.0 HD21 64 
   1367 8.42 0.0 H 125 
   1163 0.43 0.0 HD12 105 
   1453 30.7 0.0 CB 131 
   1658 4.51 0.0 HA 148 
   1267 20.7 0.0 CG2 114 
   184 1.25 0.0 HG22 26 
   212 107.0 0.0 N 29 
   824 117.5 0.0 N 78 
   223 48.9 0.0 CD 30 
   459 65.0 0.0 CA 48 
   983 0.71 0.0 HD13 90 
   1751 1.43 0.0 HB2 155 
   1860 121.6 0.0 N 163 
   363 1.45 0.0 HG2 41 
   1356 24.8 0.0 CG1 123 
   1669 43.3 0.0 CB 148 
   1891 1.0 0.0 HG23 166 
   1510 27.0 0.0 CG 135 
   651 0.91 0.0 HD12 64 
   1525 1.75 0.0 HB 137 
   887 26.8 0.0 CG 83 
   1320 45.5 0.0 CA 120 
   1654 55.8 0.0 CA 147 
   57 27.3 0.0 CG 16 
   227 2.02 0.0 HB3 31 
   568 51.2 0.0 CA 57 
   1164 0.43 0.0 HD13 105 
   1055 1.32 0.0 HG12 96 
   1955 2.09 0.0 HB3 171 
   602 7.45 0.0 HZ2 61 
   1239 4.25 0.0 HA2 112 
   1818 1.9 0.0 HB3 161 
   1924 33.7 0.0 CG 168 
   1630 0.45 0.0 HD21 145 
   907 121.8 0.0 N 84 
   175 35.9 0.0 CB 25 
   936 117.5 0.0 CE1 86 
   1942 1.6 0.0 HD2 170 
   635 1.6 0.0 HG2 63 
   406 131.7 0.0 CD2 44 
   532 7.24 0.0 HD22 54 
   786 1.44 0.0 HB2 76 
   1824 0.73 0.0 HD22 161 
   320 2.23 0.0 HB3 38 
   707 2.1 0.0 HB2 69 
   475 26.1 0.0 CG 49 
   774 131.7 0.0 CD2 74 
   822 120.5 0.0 CZ3 78 
   905 22.3 0.0 CD1 84 
   1589 1.6 0.0 HB3 142 
   1543 3.45 0.0 HD3 138 
   11 2.32 0.0 HG3 12 
   1545 32.6 0.0 CB 138 
   1567 2.06 0.0 HB3 140 
   1127 0.01 0.0 HB1 102 
   902 53.6 0.0 CA 84 
   517 8.47 0.0 H 53 
   1651 1.22 0.0 HB1 147 
   252 58.8 0.0 CA 33 
   1750 1.43 0.0 HB1 155 
   780 4.93 0.0 HA2 75 
   947 37.4 0.0 CG 87 
   802 2.94 0.0 HB2 77 
   1782 1.56 0.0 HB 158 
   312 66.4 0.0 CA 37 
   1759 0.75 0.0 HG11 156 
   1486 120.1 0.0 CE3 133 
   1526 0.66 0.0 HG11 137 
   1401 7.93 0.0 H 128 
   1725 119.6 0.0 CE3 153 
   240 3.09 0.0 HB3 32 
   1380 26.3 0.0 CG 125 
   1835 0.32 0.0 HG12 162 
   540 1.91 0.0 HB3 55 
   515 36.4 0.0 CG 52 
   986 25.7 0.0 CG1 90 
   1197 2.12 0.0 HG3 108 
   288 7.34 0.0 HD1 36 
   1016 112.7 0.0 N 92 
   444 27.4 0.0 CG 47 
   25 4.07 0.0 HA 14 
   375 7.68 0.0 H 42 
   108 0.36 0.0 HG12 21 
   1217 1.6 0.0 HB3 110 
   170 1.6 0.0 HD2 25 
   869 2.25 0.0 HB2 82 
   1040 121.6 0.0 N 94 
   1765 63.4 0.0 CA 156 
   142 61.6 0.0 CA 23 
   131 27.7 0.0 CG 22 
   1003 3.68 0.0 HB3 92 
   329 113.9 0.0 NE2 38 
   1552 1.26 0.0 HG2 139 
   590 2.19 0.0 HB2 60 
   1561 29.3 0.0 CD 139 
   675 2.44 0.0 HB3 66 
   1331 1.04 0.0 HG2 122 
   1952 8.55 0.0 H 171 
   990 8.61 0.0 H 91 
   1265 58.4 0.0 CA 114 
   1228 25.1 0.0 CD1 110 
   867 9.03 0.0 H 82 
   1599 26.2 0.0 CG 142 
   1848 120.1 0.0 N 162 
   809 3.11 0.0 HB2 78 
   1586 10.28 0.0 H 142 
   987 19.5 0.0 CG2 90 
   709 2.34 0.0 HG2 69 
   1057 0.98 0.0 HG21 96 
   1371 1.35 0.0 HG 125 
   1321 113.5 0.0 N 120 
   1972 56.3 0.0 CA 172 
   740 27.4 0.0 CG 72 
   1031 0.7 0.0 HG23 94 
   95 7.79 0.0 H 20 
   1126 3.87 0.0 HA 102 
   1977 122.0 0.0 N 172 
   1374 0.13 0.0 HD13 125 
   211 44.9 0.0 CA 29 
   1889 1.0 0.0 HG21 166 
   154 1.0 0.0 HD13 24 
   1842 0.01 0.0 HD13 162 
   493 8.77 0.0 H 51 
   1730 127.7 0.0 NE1 153 
   250 3.34 0.0 HD2 33 
   1902 0.95 0.0 HG21 167 
   639 7.37 0.0 HE 63 
   1557 2.91 0.0 HE3 139 
   1516 1.28 0.0 HB3 136 
   1073 1.17 0.0 HG22 97 
   373 42.2 0.0 CE 41 
   1375 0.33 0.0 HD21 125 
   40 3.21 0.0 HD2 15 
   447 120.8 0.0 N 47 
   1053 3.78 0.0 HA 96 
   572 4.38 0.0 HA 58 
   1027 1.78 0.0 HG12 94 
   1883 7.79 0.0 H 166 
   492 119.9 0.0 N 50 
   1971 2.95 0.0 HE3 172 
   956 7.18 0.0 HE2 88 
   1101 62.8 0.0 CA 99 
   56 30.2 0.0 CB 16 
   133 8.04 0.0 H 23 
   36 1.87 0.0 HB2 15 
   1270 4.47 0.0 HA 115 
   1791 63.4 0.0 CA 158 
   1879 3.97 0.0 HA2 165 
   1568 6.2 0.0 HD1 140 
   1646 31.6 0.0 CB 146 
   1146 1.71 0.0 HB2 104 
   594 120.0 0.0 N 60 
   1897 6.85 0.0 H 167 
   1206 2.17 0.0 HB2 109 
   1480 7.26 0.0 HZ2 133 
   190 9.34 0.0 H 27 
   1213 116.4 0.0 N 109 
   1155 3.79 0.0 HA 105 
   1558 57.9 0.0 CA 139 
   1280 2.0 0.0 HB3 116 
   161 27.0 0.0 CD1 24 
   1894 21.8 0.0 CG1 166 
   98 2.19 0.0 HB3 20 
   702 28.9 0.0 CD 68 
   117 39.1 0.0 CB 21 
   916 2.27 0.0 HE2 85 
   82 1.01 0.0 HG23 18 
   507 8.37 0.0 H 52 
   193 3.25 0.0 HB3 27 
   1277 8.32 0.0 H 116 
   1761 0.75 0.0 HG13 156 
   1681 1.36 0.0 HB2 150 
   719 107.1 0.0 N 70 
   926 2.88 0.0 HB2 86 
   334 1.47 0.0 HG2 39 
   1464 1.04 0.0 HD21 132 
   1369 1.43 0.0 HB2 125 
   595 7.49 0.0 H 61 
   71 21.1 0.0 CG1 17 
   309 1.13 0.0 HG21 37 
   1575 127.3 0.0 CD1 140 
   652 0.91 0.0 HD13 64 
   1238 8.62 0.0 H 112 
   1312 57.4 0.0 CA 119 
   632 4.37 0.0 HA 63 
   582 6.69 0.0 HD21 59 
   1542 3.23 0.0 HD2 138 
   547 60.5 0.0 CA 55 
   1080 4.69 0.0 HA 98 
   825 131.3 0.0 NE1 78 
   278 56.6 0.0 CA 35 
   935 132.9 0.0 CD2 86 
   826 9.23 0.0 H 79 
   1210 58.3 0.0 CA 109 
   1828 26.2 0.0 CG 161 
   321 2.45 0.0 HG2 38 
   1108 1.25 0.0 HG21 100 
   1732 3.58 0.0 HA 154 
   585 39.9 0.0 CB 59 
   1175 1.34 0.0 HB3 106 
   1024 8.43 0.0 H 94 
   599 7.87 0.0 HD1 61 
   561 118.9 0.0 N 56 
   1283 119.1 0.0 N 116 
   1793 28.2 0.0 CG1 158 
   1551 1.6 0.0 HB3 139 
   890 108.0 0.0 N 83 
   1386 4.54 0.0 HB 126 
   1448 1.99 0.0 HG2 131 
   831 6.96 0.0 HD2 79 
   1777 29.2 0.0 CB 157 
   1760 0.75 0.0 HG12 156 
   778 117.0 0.0 N 74 
   215 1.42 0.0 HB3 30 
   886 39.8 0.0 CB 83 
   340 26.9 0.0 CG 39 
   1430 3.99 0.0 HA 130 
   1173 1.34 0.0 HB1 106 
   42 58.2 0.0 CA 15 
   1332 1.23 0.0 HG3 122 
   903 43.1 0.0 CB 84 
   596 4.27 0.0 HA 61 
   359 7.57 0.0 H 41 
   1912 14.6 0.0 CD1 167 
   33 113.2 0.0 N 14 
   1153 119.5 0.0 N 104 
   480 3.32 0.0 HB2 50 
   1778 34.2 0.0 CG 157 
   1056 1.48 0.0 HG13 96 
   1899 1.86 0.0 HB 167 
   266 121.5 0.0 N 34 
   1913 112.3 0.0 N 167 
   1505 1.72 0.0 HG3 135 
   988 14.6 0.0 CD1 90 
   1998 2.08 0.0 HB3 175 
   196 51.1 0.0 CA 27 
   575 55.3 0.0 CA 58 
   1733 1.24 0.0 HB2 154 
   1050 27.0 0.0 CG 95 
   181 3.89 0.0 HA 26 
   1853 2.49 0.0 HG2 163 
   123 1.93 0.0 HB2 22 
   1015 127.8 0.0 CZ 92 
   1797 3.52 0.0 HA 159 
   66 1.1 0.0 HG21 17 
   1870 2.92 0.0 HE2 164 
   1452 65.5 0.0 CA 131 
   100 2.4 0.0 HG3 20 
   862 7.19 0.0 HD2 81 
   663 4.51 0.0 HA 65 
   467 1.95 0.0 HB2 49 
   434 2.21 0.0 HB3 47 
   1863 4.19 0.0 HA 164 
   616 2.1 0.0 HB2 62 
   1366 121.7 0.0 N 124 
   1315 42.9 0.0 CD 119 
   1275 18.9 0.0 CB 115 
   1749 3.86 0.0 HA 155 
   1735 2.08 0.0 HG 154 
   1334 1.73 0.0 HD3 122 
   943 2.0 0.0 HG2 87 
   1169 14.7 0.0 CD1 105 
   1353 -0.19 0.0 HD13 123 
   116 59.2 0.0 CA 21 
   600 9.85 0.0 HE1 61 
   757 113.1 0.0 CZ2 73 
   718 46.2 0.0 CA 70 
   1921 7.47 0.0 HE22 168 
   1120 1.08 0.0 HG23 101 
   772 40.5 0.0 CB 74 
   46 121.6 0.0 N 15 
   1697 3.12 0.0 HA2 151 
   1969 1.65 0.0 HD3 172 
   759 123.7 0.0 CH2 73 
   1688 1.16 0.0 HD22 150 
   198 128.7 0.0 N 27 
   1364 57.6 0.0 CA 124 
   519 3.0 0.0 HB2 53 
   1920 6.76 0.0 HE21 168 
   1251 3.12 0.0 HE2 113 
   1844 38.3 0.0 CB 162 
   1650 4.49 0.0 HA 147 
   1456 6.93 0.0 H 132 
   1607 1.04 0.0 HB3 143 
   287 3.79 0.0 HB3 36 
   624 40.9 0.0 CB 62 
   1626 1.11 0.0 HG 145 
   504 23.6 0.0 CG1 51 
   773 131.7 0.0 CD1 74 
   51 1.6 0.0 HG2 16 
   1459 1.92 0.0 HB3 132 
   911 1.74 0.0 HB3 85 
   1885 2.17 0.0 HB 166 
   439 0.98 0.0 HD21 47 
   1603 9.24 0.0 H 143 
   1758 1.8 0.0 HB 156 
   1937 4.24 0.0 HA 170 
   347 0.84 0.0 HD11 40 
   658 27.3 0.0 CG 64 
   361 2.06 0.0 HB2 41 
   189 121.3 0.0 N 26 
   919 34.2 0.0 CB 85 
   944 2.0 0.0 HG3 87 
   1792 30.6 0.0 CB 158 
   1509 30.1 0.0 CB 135 
   1359 117.1 0.0 N 123 
   204 1.47 0.0 HB3 28 
   1811 2.55 0.0 HB3 160 
   1736 0.88 0.0 HD11 154 
   1443 41.8 0.0 CE 130 
   574 3.11 0.0 HB3 58 
   1764 0.93 0.0 HG23 156 
   1922 54.4 0.0 CA 168 
   1711 51.4 0.0 CD 152 
   1477 6.93 0.0 HD1 133 
   265 36.3 0.0 CG 34 
   1821 0.66 0.0 HD12 161 
   1129 0.01 0.0 HB3 102 
   136 0.96 0.0 HG11 23 
   1919 2.35 0.0 HG3 168 
   1419 6.99 0.0 HE2 129 
   708 2.23 0.0 HB3 69 
   1400 122.0 0.0 N 127 
   833 6.69 0.0 HE2 79 
   241 55.0 0.0 CA 32 
   734 1.5 0.0 HG2 72 
   292 7.51 0.0 HZ3 36 
   83 64.2 0.0 CA 18 
   1253 56.4 0.0 CA 113 
   1083 7.86 0.0 HD1 98 
   1132 126.2 0.0 N 102 
   1588 0.74 0.0 HB2 142 
   1918 2.32 0.0 HG2 168 
   220 63.2 0.0 CA 30 
   332 1.78 0.0 HB2 39 
   1432 2.04 0.0 HB3 130 
   1610 120.1 0.0 N 143 
   1025 4.37 0.0 HA 94 
   415 2.64 0.0 HG3 45 
   637 3.25 0.0 HD2 63 
   1554 1.56 0.0 HD2 139 
   1670 27.0 0.0 CG 148 
   304 3.36 0.0 HA 37 
   928 7.33 0.0 HD1 86 
   681 3.07 0.0 HB2 67 
   1087 58.3 0.0 CA 98 
   1808 6.55 0.0 H 160 
   835 44.0 0.0 CB 79 
   1587 3.92 0.0 HA 142 
   922 41.3 0.0 CE 85 
   1641 2.2 0.0 HB2 146 
   1740 1.14 0.0 HD22 154 
   1346 0.57 0.0 HG12 123 
   897 0.41 0.0 HD12 84 
   1468 41.9 0.0 CB 132 
   541 1.31 0.0 HG2 55 
   167 1.76 0.0 HB3 25 
   1633 58.4 0.0 CA 145 
   1623 4.15 0.0 HA 145 
   687 116.8 0.0 N 67 
   1134 0.87 0.0 HB2 103 
   29 1.24 0.0 HG23 14 
   650 0.91 0.0 HD11 64 
   976 0.84 0.0 HG12 90 
   1939 1.7 0.0 HB3 170 
   236 116.8 0.0 N 31 
   1343 7.91 0.0 H 123 
   2000 2.31 0.0 HG3 175 
   1992 38.6 0.0 CB 174 
   861 3.25 0.0 HB3 81 
   1201 32.3 0.0 CB 108 
   682 3.59 0.0 HB3 67 
   1285 2.4 0.0 HG3 117 
   985 42.8 0.0 CB 90 
   1511 43.4 0.0 CD 135 
   900 0.64 0.0 HD22 84 
   1874 26.3 0.0 CG 164 
   539 1.91 0.0 HB2 55 
   959 42.6 0.0 CB 88 
   52 1.6 0.0 HG3 16 
   1385 4.28 0.0 HA 126 
   1313 30.5 0.0 CB 119 
   1553 1.46 0.0 HG3 139 
   1389 1.41 0.0 HG23 126 
   485 6.97 0.0 HE2 50 
   1307 1.79 0.0 HB3 119 
   760 125.1 0.0 N 73 
   125 2.1 0.0 HG2 22 
   1685 0.87 0.0 HD12 150 
   299 120.3 0.0 CZ3 36 
   85 21.7 0.0 CG1 18 
   1399 40.2 0.0 CB 127 
   1559 32.6 0.0 CB 139 
   670 36.3 0.0 CG 65 
   894 1.93 0.0 HB3 84 
   1254 33.3 0.0 CB 113 
   9 2.03 0.0 HB3 12 
   1590 1.64 0.0 HG 142 
   1862 7.88 0.0 H 164 
   407 117.8 0.0 CE1 44 
   1148 2.07 0.0 HG2 104 
   1071 4.67 0.0 HB 97 
   28 1.24 0.0 HG22 14 
   1579 130.1 0.0 CZ 140 
   1877 115.9 0.0 N 164 
   1933 30.1 0.0 CB 169 
   1779 117.5 0.0 N 157 
   1674 7.41 0.0 H 149 
   1407 57.1 0.0 CA 128 
   1185 0.93 0.0 HG21 107 
   860 2.85 0.0 HB2 81 
   1428 121.3 0.0 N 129 
   1656 120.5 0.0 N 147 
   1997 1.94 0.0 HB2 175 
   1935 122.1 0.0 N 169 
   1841 0.01 0.0 HD12 162 
   520 3.26 0.0 HB3 53 
   349 0.84 0.0 HD13 40 
   1408 30.4 0.0 CB 128 
   54 3.21 0.0 HD3 16 
   1326 107.3 0.0 N 121 
   1884 4.04 0.0 HA 166 
   1079 7.67 0.0 H 98 
   1212 36.8 0.0 CG 109 
   1001 4.95 0.0 HA 92 
   513 59.7 0.0 CA 52 
   300 122.2 0.0 CH2 36 
   72 21.8 0.0 CG2 17 
   452 1.86 0.0 HG13 48 
   1936 8.48 0.0 H 170 
   1095 1.45 0.0 HB2 99 
   1426 129.8 0.0 CE2 129 
   1739 1.14 0.0 HD21 154 
   1967 1.43 0.0 HG3 172 
   1038 16.8 0.0 CG2 94 
   364 1.73 0.0 HG3 41 
   1294 7.0 0.0 HD1 118 
   1438 2.99 0.0 HE3 130 
   1642 2.46 0.0 HB3 146 
   1121 59.6 0.0 CA 101 
   385 8.98 0.0 H 43 
   1240 3.79 0.0 HA3 112 
   152 1.0 0.0 HD11 24 
   842 5.13 0.0 HA 80 
   258 4.24 0.0 HA 34 
   20 1.47 0.0 HB3 13 
   592 54.1 0.0 CA 60 
   1112 67.9 0.0 CB 100 
   1485 126.6 0.0 CD1 133 
   1907 0.85 0.0 HD13 167 
   1855 7.42 0.0 HE21 163 
   1482 7.06 0.0 HH2 133 
   1082 3.27 0.0 HB3 98 
   999 117.4 0.0 N 91 
   565 1.5 0.0 HB1 57 
   121 122.5 0.0 N 21 
   1520 40.4 0.0 CB 136 
   379 2.4 0.0 HG2 42 
   843 1.63 0.0 HB 80 
   341 121.0 0.0 N 39 
   409 118.4 0.0 N 44 
   1677 45.7 0.0 CA 149 
   1932 57.3 0.0 CA 169 
   1362 2.23 0.0 HB2 124 
   1617 61.9 0.0 CA 144 
   622 5.65 0.0 HZ 62 
   326 28.0 0.0 CB 38 
   8 2.03 0.0 HB2 12 
   587 110.7 0.0 ND2 59 
   267 8.01 0.0 H 35 
   1341 41.8 0.0 CE 122 
   18 1.47 0.0 HB1 13 
   1136 1.32 0.0 HG2 103 
   1903 0.95 0.0 HG22 167 
   1649 8.35 0.0 H 147 
   378 2.71 0.0 HB3 42 
   466 4.23 0.0 HA 49 
   1436 1.74 0.0 HD3 130 
   750 7.02 0.0 HZ2 73 
   256 121.0 0.0 N 33 
   1869 1.59 0.0 HD3 164 
   1026 2.04 0.0 HB 94 
   339 29.8 0.0 CB 39 
   1726 113.9 0.0 CZ2 153 
   410 8.21 0.0 H 45 
   1753 53.8 0.0 CA 155 
   1644 2.21 0.0 HG3 146 
   1381 25.2 0.0 CD1 125 
   1205 4.3 0.0 HA 109 
   182 3.96 0.0 HB 26 
   1166 38.7 0.0 CB 105 
   228 1.58 0.0 HG2 31 
   458 0.92 0.0 HD13 48 
   472 3.42 0.0 HD3 49 
   818 32.6 0.0 CB 78 
   50 1.9 0.0 HB3 16 
   1328 4.58 0.0 HA 122 
   874 8.23 0.0 H 83 
   1290 18.0 0.0 CE 117 
   446 23.9 0.0 CD2 47 
   1180 4.9 0.0 HA 107 
   863 55.6 0.0 CA 81 
   1713 4.06 0.0 HA 153 
   500 0.8 0.0 HG22 51 
   1032 0.45 0.0 HD11 94 
   1469 27.0 0.0 CG 132 
   1965 1.85 0.0 HB3 172 
   613 127.8 0.0 NE1 61 
   1908 59.4 0.0 CA 167 
   208 8.82 0.0 H 29 
   949 9.09 0.0 H 88 
   1481 7.04 0.0 HZ3 133 
   423 8.3 0.0 H 46 
   160 31.1 0.0 CG 24 
   1467 57.9 0.0 CA 132 
   1232 4.44 0.0 HA 111 
   1527 0.66 0.0 HG12 137 
   1752 1.43 0.0 HB3 155 
   1643 2.21 0.0 HG2 146 
   1986 4.67 0.0 HA 174 
   782 45.8 0.0 CA 75 
   456 0.92 0.0 HD11 48 
   449 3.79 0.0 HA 48 
   1490 120.6 0.0 N 133 
   1143 49.2 0.0 CD 103 
   659 24.3 0.0 CD1 64 
   400 7.33 0.0 HD2 44 
   84 31.9 0.0 CB 18 
   253 28.7 0.0 CB 33 
   1309 1.68 0.0 HG3 119 
   1880 4.11 0.0 HA3 165 
   1989 7.61 0.0 HD21 174 
   331 4.12 0.0 HA 39 
   1154 8.55 0.0 H 105 
   529 3.06 0.0 HB2 54 
   793 2.95 0.0 HE3 76 
   1645 57.0 0.0 CA 146 
   607 128.3 0.0 CD1 61 
   875 3.58 0.0 HA 83 
   1193 4.13 0.0 HA 108 
   1342 118.4 0.0 N 122 
   524 37.4 0.0 CB 53 
   915 1.28 0.0 HD3 85 
   146 116.5 0.0 N 23 
   1748 7.31 0.0 H 155 
   1458 1.61 0.0 HB2 132 
   1429 8.59 0.0 H 130 
   1257 42.5 0.0 CE 113 
   474 29.4 0.0 CB 49 
   657 48.2 0.0 CB 64 
   1668 54.5 0.0 CA 148 
   889 22.5 0.0 CD2 83 
   1300 132.5 0.0 CD1 118 
   424 4.12 0.0 HA 46 
   1653 1.22 0.0 HB3 147 
   847 0.64 0.0 HG22 80 
   481 3.32 0.0 HB3 50 
   1565 4.03 0.0 HA 140 
   1825 0.73 0.0 HD23 161 
   745 1.04 0.0 HB2 73 
   1742 57.8 0.0 CA 154 
   852 59.6 0.0 CA 80 
   678 111.7 0.0 N 66 
   1815 7.82 0.0 H 161 
   1745 23.0 0.0 CD1 154 
   352 0.86 0.0 HD23 40 
   1110 1.25 0.0 HG23 100 
   119 17.2 0.0 CG2 21 
   34 8.07 0.0 H 15 
   1683 1.88 0.0 HG 150 
   1996 4.26 0.0 HA 175 
   73 119.6 0.0 N 17 
   1950 41.8 0.0 CE 170 
   1905 0.85 0.0 HD11 167 
   1392 21.7 0.0 CG2 126 
   1060 0.87 0.0 HD11 96 
   816 6.84 0.0 HH2 78 
   1377 0.33 0.0 HD23 125 
   1622 8.62 0.0 H 145 
   1390 62.4 0.0 CA 126 
   1507 3.11 0.0 HD3 135 
   1064 37.7 0.0 CB 96 
   1039 8.7 0.0 CD1 94 
   1794 18.6 0.0 CG2 158 
   981 0.71 0.0 HD11 90 
   792 2.95 0.0 HE2 76 
   462 17.0 0.0 CG2 48 
   665 1.81 0.0 HB3 65 
   677 66.8 0.0 CB 66 
   1297 6.74 0.0 HE2 118 
   828 3.01 0.0 HB2 79 
   1776 57.3 0.0 CA 157 
   1846 16.7 0.0 CG2 162 
   1814 115.9 0.0 N 160 
   430 114.9 0.0 N 46 
   1158 1.15 0.0 HG13 105 
   1564 6.28 0.0 H 140 
   645 8.7 0.0 H 64 
   122 4.51 0.0 HA 22 
   1261 4.2 0.0 HB 114 
   1301 132.5 0.0 CD2 118 
   1696 9.07 0.0 H 151 
   1008 6.45 0.0 HZ 92 
   545 2.84 0.0 HE2 55 
   502 67.2 0.0 CA 51 
   1508 57.0 0.0 CA 135 
   904 25.9 0.0 CG 84 
   1378 54.2 0.0 CA 125 
   1111 67.1 0.0 CA 100 
   1555 1.62 0.0 HD3 139 
   1833 3.68 0.0 HA 162 
   525 119.5 0.0 N 53 
   1338 32.9 0.0 CB 122 
   1182 0.58 0.0 HG11 107 
   429 62.7 0.0 CB 46 
   1237 119.9 0.0 N 111 
   128 4.08 0.0 HD3 22 
   206 24.4 0.0 CB 28 
   235 43.1 0.0 CD 31 
   834 57.7 0.0 CA 79 
   284 8.01 0.0 H 36 
   1854 2.49 0.0 HG3 163 
   1339 25.6 0.0 CG 122 
   1638 121.2 0.0 N 145 
   61 3.95 0.0 HA 17 
   1799 2.07 0.0 HB3 159 
   1538 1.22 0.0 HB2 138 
   1005 6.51 0.0 HD2 92 
   448 8.86 0.0 H 48 
   1618 29.7 0.0 CB 144 
   70 32.2 0.0 CB 17 
   1220 0.5 0.0 HD12 110 
   503 31.5 0.0 CB 51 
   1317 8.98 0.0 H 120 
   630 115.3 0.0 N 62 
   1754 18.2 0.0 CB 155 
   1857 58.8 0.0 CA 163 
   1687 1.16 0.0 HD21 150 
   188 22.0 0.0 CG2 26 
   264 28.8 0.0 CB 34 
   1255 25.6 0.0 CG 113 
   362 2.06 0.0 HB3 41 
   937 117.5 0.0 CE2 86 
   1514 4.26 0.0 HA 136 
   1404 3.23 0.0 HB3 128 
   1137 1.47 0.0 HG3 103 
   1719 7.16 0.0 HZ2 153 
   1871 2.92 0.0 HE3 164 
   1757 3.87 0.0 HA 156 
   1518 7.29 0.0 HD22 136 
   1517 6.92 0.0 HD21 136 
   1973 32.8 0.0 CB 172 
   1802 3.0 0.0 HD2 159 
   1768 21.8 0.0 CG2 156 
   721 4.41 0.0 HA 71 
   55 57.8 0.0 CA 16 
   411 4.15 0.0 HA 45 
   1773 0.96 0.0 HB3 157 
   691 1.81 0.0 HB2 68 
   217 1.44 0.0 HG3 30 
   422 111.4 0.0 NE2 45 
   1927 8.65 0.0 H 169 
   291 7.92 0.0 HZ2 36 
   1770 7.92 0.0 H 157 
   1422 39.5 0.0 CB 129 
   1524 4.01 0.0 HA 137 
   1856 6.84 0.0 HE22 163 
   496 0.78 0.0 HG11 51 
   1699 49.3 0.0 CA 151 
   1444 118.4 0.0 N 130 
   103 36.3 0.0 CG 20 
   1503 1.86 0.0 HB3 135 
   1298 53.1 0.0 CA 118 
   680 4.76 0.0 HA 67 
   1570 6.77 0.0 HE1 140 
   733 1.73 0.0 HB3 72 
   1970 2.95 0.0 HE2 172 
   505 21.0 0.0 CG2 51 
   578 8.55 0.0 H 59 
   1800 1.71 0.0 HG2 159 
   473 57.4 0.0 CA 49 
   1424 131.7 0.0 CD2 129 
   290 7.31 0.0 HE3 36 
   1544 64.6 0.0 CA 138 
   1246 1.82 0.0 HB3 113 
   817 56.7 0.0 CA 78 
   1838 0.81 0.0 HG22 162 
   619 5.47 0.0 HD2 62 
   296 127.0 0.0 CD1 36 
   1393 111.5 0.0 N 126 
   105 7.66 0.0 H 21 
   747 6.4 0.0 HD1 73 
   1694 27.2 0.0 CD2 150 
   1904 0.95 0.0 HG23 167 
   110 0.18 0.0 HG21 21 
   150 1.88 0.0 HB3 24 
   1584 44.0 0.0 CA 141 
   1188 58.3 0.0 CA 107 
   688 110.7 0.0 ND2 67 
   1693 23.0 0.0 CD1 150 
   1413 4.07 0.0 HA 129 
   1348 -0.36 0.0 HG21 123 
   711 58.0 0.0 CA 69 
   1199 3.77 0.0 HD3 108 
   1951 123.6 0.0 N 170 
   1209 2.43 0.0 HG3 109 
   1831 118.0 0.0 N 161 
   1528 0.66 0.0 HG13 137 
   1314 27.1 0.0 CG 119 
   1822 0.66 0.0 HD13 161 
   1928 4.05 0.0 HA 169 
   1455 50.3 0.0 CD 131 
   1534 20.4 0.0 CG1 137 
   1578 129.7 0.0 CE2 140 
   893 0.6 0.0 HB2 84 
   1876 41.8 0.0 CE 164 
   1566 1.98 0.0 HB2 140 
   1865 2.04 0.0 HB3 164 
   178 41.8 0.0 CE 25 
   1636 25.8 0.0 CD1 145 
   1676 3.16 0.0 HA3 149 
   789 1.57 0.0 HG3 76 
   921 29.2 0.0 CD 85 
   1170 124.1 0.0 N 105 
   815 6.61 0.0 HZ3 78 
   846 0.64 0.0 HG21 80 
   1017 8.57 0.0 H 93 
   367 2.96 0.0 HE2 41 
   1984 120.4 0.0 N 173 
   1609 18.0 0.0 CB 143 
   1450 3.64 0.0 HD2 131 
   1195 2.4 0.0 HB3 108 
   1088 42.0 0.0 CB 98 
   1207 2.39 0.0 HB3 109 
   1850 4.04 0.0 HA 163 
   317 7.16 0.0 H 38 
   1700 105.7 0.0 N 151 
   99 2.21 0.0 HG2 20 
   1202 27.1 0.0 CG 108 
   563 7.52 0.0 H 57 
   395 8.83 0.0 H 44 
   1072 1.17 0.0 HG21 97 
   1440 29.7 0.0 CB 130 
   899 0.64 0.0 HD21 84 
   106 4.14 0.0 HA 21 
   1995 8.36 0.0 H 175 
   1612 3.57 0.0 HA 144 
   910 1.51 0.0 HB2 85 
   581 2.76 0.0 HB3 59 
   201 4.74 0.0 HA 28 
   1388 1.41 0.0 HG22 126 
   542 1.59 0.0 HG3 55 
   857 128.9 0.0 N 80 
   1090 133.8 0.0 CD2 98 
   1081 2.76 0.0 HB2 98 
   764 3.1 0.0 HB2 74 
   1820 0.66 0.0 HD11 161 
   1816 3.88 0.0 HA 161 
   1574 36.4 0.0 CB 140 
   171 1.6 0.0 HD3 25 
   931 6.77 0.0 HE2 86 
   797 29.6 0.0 CD 76 
   732 1.63 0.0 HB2 72 
   948 122.6 0.0 N 87 
   998 35.4 0.0 CG 91 
   1368 4.45 0.0 HA 125 
   1258 117.5 0.0 N 113 
   1122 69.9 0.0 CB 101 
   989 113.7 0.0 N 90 
   437 0.93 0.0 HD12 47 
   1954 1.93 0.0 HB2 171 
   1926 112.3 0.0 NE2 168 
   1689 1.16 0.0 HD23 150 
   979 1.02 0.0 HG22 90 
   1325 45.6 0.0 CA 121 
   737 3.19 0.0 HD3 72 
   716 4.53 0.0 HA2 70 
   75 3.81 0.0 HA 18 
   876 1.57 0.0 HB2 83 
   1140 61.6 0.0 CA 103 
   168 1.29 0.0 HG2 25 
   1702 1.82 0.0 HB2 152 
   79 0.94 0.0 HG13 18 
   808 6.21 0.0 HA 78 
   202 1.47 0.0 HB1 28 
   523 55.6 0.0 CA 53 
   880 0.82 0.0 HD12 83 
   1849 8.1 0.0 H 163 
   553 8.2 0.0 H 56 
   838 117.3 0.0 CE1 79 
   1785 0.42 0.0 HG21 158 
   1727 119.6 0.0 CZ3 153 
   130 31.8 0.0 CB 22 
   518 4.48 0.0 HA 53 
   1045 1.91 0.0 HG3 95 
   87 118.3 0.0 N 18 
   742 123.7 0.0 N 72 
   1741 1.14 0.0 HD23 154 
   1435 1.73 0.0 HD2 130 
   1431 1.96 0.0 HB2 130 
   322 2.45 0.0 HG3 38 
   1457 3.95 0.0 HA 132 
   912 1.18 0.0 HG2 85 
   16 8.44 0.0 H 13 
   1287 1.89 0.0 HE2 117 
   1361 4.44 0.0 HA 124 
   477 119.0 0.0 N 49 
   1208 2.43 0.0 HG2 109 
   1445 4.38 0.0 HA 131 
   1608 55.6 0.0 CA 143 
   1446 1.83 0.0 HB2 131 
   881 0.82 0.0 HD13 83 
   1174 1.34 0.0 HB2 106 
   767 6.87 0.0 HD2 74 
   1962 8.44 0.0 H 172 
   1022 43.0 0.0 CB 93 
   535 122.2 0.0 N 54 
   633 1.82 0.0 HB2 63 
   311 1.13 0.0 HG23 37 
   354 41.3 0.0 CB 40 
   1720 6.36 0.0 HZ3 153 
   1628 -0.05 0.0 HD12 145 
   1165 62.8 0.0 CA 105 
   1616 7.71 0.0 HE1 144 
   229 1.65 0.0 HG3 31 
   560 38.1 0.0 CB 56 
   499 0.8 0.0 HG21 51 
   76 2.19 0.0 HB 18 
   1497 54.7 0.0 CA 134 
   1583 4.14 0.0 HA3 141 
   1152 35.9 0.0 CG 104 
   495 2.1 0.0 HB 51 
   2001 7.5 0.0 HE21 175 
   609 113.7 0.0 CZ2 61 
   210 4.82 0.0 HA3 29 
   544 1.6 0.0 HD3 55 
   920 25.6 0.0 CG 85 
   694 1.46 0.0 HG3 68 
   1184 0.58 0.0 HG13 107 
   766 6.87 0.0 HD1 74 
   1556 2.87 0.0 HE2 139 
   603 6.87 0.0 HZ3 61 
   1216 1.6 0.0 HB2 110 
   425 3.98 0.0 HB2 46 
   1465 1.04 0.0 HD22 132 
   845 1.57 0.0 HG13 80 
   310 1.13 0.0 HG22 37 
   1953 4.39 0.0 HA 171 
   158 56.0 0.0 CA 24 
   1084 7.38 0.0 HD2 98 
   736 3.09 0.0 HD2 72 
   796 24.8 0.0 CG 76 
   1484 27.6 0.0 CB 133 
   1227 26.9 0.0 CG 110 
   1784 1.49 0.0 HG13 158 
   995 2.13 0.0 HG3 91 
   840 121.1 0.0 N 79 
   180 10.39 0.0 H 26 
   1447 2.29 0.0 HB3 131 
   588 8.49 0.0 H 60 
   643 42.6 0.0 CD 63 
   355 26.0 0.0 CG 40 
   323 6.95 0.0 HE21 38 
   1659 1.74 0.0 HB2 148 
   1089 132.8 0.0 CD1 98 
   41 3.21 0.0 HD3 15 
   2005 33.7 0.0 CG 175 
   1804 66.3 0.0 CA 159 
   1597 57.5 0.0 CA 142 
   1851 2.24 0.0 HB2 163 
   1066 18.1 0.0 CG2 96 
   295 29.5 0.0 CB 36 
   1115 7.25 0.0 H 101 
   970 54.7 0.0 CA 89 
   1562 41.9 0.0 CE 139 
   230 3.17 0.0 HD2 31 
   1620 136.3 0.0 CE1 144 
   1058 0.98 0.0 HG22 96 
   713 37.3 0.0 CG 69 
   68 1.1 0.0 HG23 17 
   1204 9.68 0.0 H 109 
   746 2.21 0.0 HB3 73 
   43 30.1 0.0 CB 15 
   1892 63.3 0.0 CA 166 
   1117 3.67 0.0 HB 101 
   344 0.97 0.0 HB2 40 
   469 1.74 0.0 HG2 49 
   115 -0.19 0.0 HD13 21 
   432 4.23 0.0 HA 47 
   1629 -0.05 0.0 HD13 145 
   1063 64.5 0.0 CA 96 
   120 13.1 0.0 CD1 21 
   191 4.6 0.0 HA 27 
   636 1.74 0.0 HG3 63 
   700 31.8 0.0 CB 68 
   615 4.91 0.0 HA 62 
   1337 55.1 0.0 CA 122 
   1959 31.0 0.0 CB 171 
   159 41.3 0.0 CB 24 
   1078 103.6 0.0 N 97 
   1135 2.45 0.0 HB3 103 
   313 31.3 0.0 CB 37 
   454 0.97 0.0 HG22 48 
   1460 1.53 0.0 HG 132 
   739 32.8 0.0 CB 72 
   37 1.87 0.0 HB3 15 
   69 64.5 0.0 CA 17 
   564 4.51 0.0 HA 57 
   648 1.86 0.0 HB3 64 
   977 1.29 0.0 HG13 90 
   370 32.0 0.0 CB 41 
   837 131.9 0.0 CD2 79 
   44 27.3 0.0 CG 15 
   1747 118.8 0.0 N 154 
   827 4.84 0.0 HA 79 
   1675 4.05 0.0 HA2 149 
   1619 115.6 0.0 CD2 144 
   1872 56.9 0.0 CA 164 
   614 6.81 0.0 H 62 
   611 123.3 0.0 CH2 61 
   149 1.51 0.0 HB2 24 
   908 8.45 0.0 H 85 
   1790 0.18 0.0 HD13 158 
   1577 129.7 0.0 CE1 140 
   1563 122.6 0.0 N 139 
   218 2.45 0.0 HD2 30 
   1075 60.5 0.0 CA 97 
   753 55.4 0.0 CA 73 
   213 2.52 0.0 HA 30 
   813 7.27 0.0 HE3 78 
   579 5.05 0.0 HA 59 
   1278 4.0 0.0 HA 116 
   548 32.2 0.0 CB 55 
   484 6.97 0.0 HE1 50 
   174 57.0 0.0 CA 25 
   1347 0.7 0.0 HG13 123 
   1947 33.5 0.0 CB 170 
   1796 115.7 0.0 N 158 
   365 1.74 0.0 HD2 41 
   1330 1.47 0.0 HB3 122 
   442 58.8 0.0 CA 47 
   1406 8.19 0.0 HE1 128 
   435 1.91 0.0 HG 47 
   1099 3.44 0.0 HD2 99 
   1042 1.84 0.0 HB2 95 
   706 4.19 0.0 HA 69 
   408 117.8 0.0 CE2 44 
   1572 6.2 0.0 HZ 140 
   402 6.81 0.0 HE2 44 
   526 110.8 0.0 ND2 53 
   696 1.69 0.0 HD3 68 
   1886 1.0 0.0 HG11 166 
   1360 7.71 0.0 H 124 
   1974 24.7 0.0 CG 172 
   1318 4.1 0.0 HA2 120 
   514 29.2 0.0 CB 52 
   1606 1.04 0.0 HB2 143 
   1743 42.6 0.0 CB 154 
   1772 0.27 0.0 HB2 157 
   242 40.8 0.0 CB 32 
   281 22.8 0.0 CD1 35 
   1925 121.6 0.0 N 168 
   865 119.9 0.0 CD2 81 
   1049 32.4 0.0 CB 95 
   1245 1.76 0.0 HB2 113 
   285 4.72 0.0 HA 36 
   1076 67.7 0.0 CB 97 
   1092 116.0 0.0 CE2 98 
   1615 5.82 0.0 HD2 144 
   47 8.18 0.0 H 16 
   384 119.4 0.0 N 42 
   1994 112.7 0.0 ND2 174 
   1723 29.6 0.0 CB 153 
   666 1.89 0.0 HG2 65 
   1442 29.4 0.0 CD 130 
   717 3.53 0.0 HA3 70 
   1002 2.77 0.0 HB2 92 
   233 29.5 0.0 CB 31 
   980 1.02 0.0 HG23 90 
   1054 1.9 0.0 HB 96 
   111 0.18 0.0 HG22 21 
   864 34.3 0.0 CB 81 
   1291 4.86 0.0 HA 118 
   463 13.2 0.0 CD1 48 
   257 9.25 0.0 H 34 
   1621 115.4 0.0 N 144 
   1975 29.1 0.0 CD 172 
   731 5.02 0.0 HA 72 
   67 1.1 0.0 HG22 17 
   74 8.12 0.0 H 18 
   1823 0.73 0.0 HD21 161 
   1993 121.0 0.0 N 174 
   938 129.3 0.0 N 86 
   1268 110.1 0.0 N 114 
   1462 0.93 0.0 HD12 132 
   1519 53.4 0.0 CA 136 
   621 5.55 0.0 HE2 62 
   350 0.86 0.0 HD21 40 
   679 8.15 0.0 H 67 
   445 25.4 0.0 CD1 47 
   546 2.84 0.0 HE3 55 
   1664 0.8 0.0 HD13 148 
   205 51.9 0.0 CA 28 
   654 0.91 0.0 HD22 64 
   1887 1.0 0.0 HG12 166 
   1409 120.2 0.0 CD2 128 
   1840 0.01 0.0 HD11 162 
   177 29.2 0.0 CD 25 
   1451 3.77 0.0 HD3 131 
   1639 7.93 0.0 H 146 
   1708 64.6 0.0 CA 152 
   945 54.3 0.0 CA 87 
   1234 2.72 0.0 HB3 111 
   366 1.74 0.0 HD3 41 
   1410 136.2 0.0 CE1 128 
   91 3.98 0.0 HB3 19 
   1496 1.5 0.0 HB3 134 
   996 55.2 0.0 CA 91 
   1861 111.2 0.0 NE2 163 
   1308 1.58 0.0 HG2 119 
   537 8.89 0.0 H 55 
   1260 4.63 0.0 HA 114 
   335 1.47 0.0 HG3 39 
   1069 7.01 0.0 H 97 
   1522 116.8 0.0 ND2 136 
   1104 49.5 0.0 CD 99 
   963 129.6 0.0 CE2 88 
   328 118.6 0.0 N 38 
   1812 57.2 0.0 CA 160 
   1323 3.93 0.0 HA2 121 
   1488 123.0 0.0 CZ3 133 
   1397 2.68 0.0 HB3 127 
   1266 68.6 0.0 CB 114 
   1474 3.57 0.0 HA 133 
   584 51.8 0.0 CA 59 
   933 39.5 0.0 CB 86 
   1028 2.13 0.0 HG13 94 
   1065 27.8 0.0 CG1 96 
   428 62.8 0.0 CA 46 
   1349 -0.36 0.0 HG22 123 
   551 41.8 0.0 CE 55 
   1640 4.36 0.0 HA 146 
   1941 1.38 0.0 HG3 170 
   1943 1.6 0.0 HD3 170 
   302 125.7 0.0 NE1 36 
   993 2.38 0.0 HB3 91 
   12 58.2 0.0 CA 12 
   735 1.63 0.0 HG3 72 
   1500 7.5 0.0 H 135 
   856 12.7 0.0 CD1 80 
   952 3.07 0.0 HB3 88 
   232 56.1 0.0 CA 31 
   729 107.9 0.0 N 71 
   417 6.94 0.0 HE22 45 
   247 2.12 0.0 HB3 33 
   153 1.0 0.0 HD12 24 
   1493 4.17 0.0 HA 134 
   1200 66.4 0.0 CA 108 
   803 3.39 0.0 HB3 77 
   1019 2.51 0.0 HB2 93 
   1541 1.72 0.0 HG3 138 
   19 1.47 0.0 HB2 13 
   53 3.21 0.0 HD2 16 
   1288 1.89 0.0 HE3 117 
   1728 122.7 0.0 CH2 153 
   918 56.1 0.0 CA 85 
   124 2.46 0.0 HB3 22 
   440 0.98 0.0 HD22 47 
   1547 48.1 0.0 CD 138 
   1418 6.99 0.0 HE1 129 
   1691 42.2 0.0 CB 150 
   419 28.3 0.0 CB 45 
   854 27.8 0.0 CG1 80 
   59 120.5 0.0 N 16 
   465 7.64 0.0 H 49 
   129 63.3 0.0 CA 22 
   1036 36.4 0.0 CB 94 
   1614 3.34 0.0 HB3 144 
   413 2.34 0.0 HB3 45 
   712 29.6 0.0 CB 69 
   925 4.52 0.0 HA 86 
   1569 6.2 0.0 HD2 140 
   1968 1.65 0.0 HD2 172 
   895 1.54 0.0 HG 84 
   1113 21.6 0.0 CG2 100 
   277 1.01 0.0 HD23 35 
   27 1.24 0.0 HG21 14 
   1292 2.84 0.0 HB2 118 
   1647 32.2 0.0 CG 146 
   369 60.1 0.0 CA 41 
   1515 0.92 0.0 HB2 136 
   286 3.29 0.0 HB2 36 
   1149 2.24 0.0 HG3 104 
   162 25.5 0.0 CD2 24 
   222 27.2 0.0 CG 30 
   251 3.34 0.0 HD3 33 
   1504 1.59 0.0 HG2 135 
   141 1.13 0.0 HG23 23 
   1373 0.13 0.0 HD12 125 
   1837 0.81 0.0 HG21 162 
   570 121.1 0.0 N 57 
   1657 8.89 0.0 H 148 
   1709 32.1 0.0 CB 152 
   1299 39.5 0.0 CB 118 
   969 2.91 0.0 HB3 89 
   151 1.7 0.0 HG 24 
   173 2.92 0.0 HE3 25 
   1231 7.36 0.0 H 111 
   1470 23.5 0.0 CD1 132 
