   120 13.1 0.0 CD1 21 
   3 2.76 0.0 HB3 11 
   1059 0.98 0.0 HG23 96 
   357 24.3 0.0 CD2 40 
   1186 0.93 0.0 HG22 107 
   365 1.74 0.0 HD2 41 
   768 7.0 0.0 HE1 74 
   1006 6.63 0.0 HE1 92 
   541 1.31 0.0 HG2 55 
   1162 0.43 0.0 HD11 105 
   1876 41.8 0.0 CE 164 
   767 6.87 0.0 HD2 74 
   1382 22.6 0.0 CD2 125 
   1863 4.19 0.0 HA 164 
   1720 6.36 0.0 HZ3 153 
   1861 111.2 0.0 NE2 163 
   1780 7.94 0.0 H 158 
   661 123.1 0.0 N 64 
   1574 36.4 0.0 CB 140 
   987 19.5 0.0 CG2 90 
   501 0.8 0.0 HG23 51 
   1331 1.04 0.0 HG2 122 
   1698 3.72 0.0 HA3 151 
   569 19.0 0.0 CB 57 
   172 2.92 0.0 HE2 25 
   316 116.1 0.0 N 37 
   80 1.01 0.0 HG21 18 
   248 1.72 0.0 HG2 33 
   1839 0.81 0.0 HG23 162 
   1498 18.5 0.0 CB 134 
   1319 3.69 0.0 HA3 120 
   1491 130.6 0.0 NE1 133 
   644 118.8 0.0 N 63 
   955 7.18 0.0 HE1 88 
   952 3.07 0.0 HB3 88 
   149 1.51 0.0 HB2 24 
   1416 7.05 0.0 HD1 129 
   506 118.9 0.0 N 51 
   1778 34.2 0.0 CG 157 
   176 24.6 0.0 CG 25 
   1305 4.25 0.0 HA 119 
   1480 7.26 0.0 HZ2 133 
   65 1.01 0.0 HG13 17 
   1917 2.09 0.0 HB3 168 
   1738 0.88 0.0 HD13 154 
   157 1.18 0.0 HD23 24 
   645 8.7 0.0 H 64 
   710 2.54 0.0 HG3 69 
   1745 23.0 0.0 CD1 154 
   264 28.8 0.0 CB 34 
   1216 1.6 0.0 HB2 110 
   326 28.0 0.0 CB 38 
   1093 128.0 0.0 N 98 
   613 127.8 0.0 NE1 61 
   938 129.3 0.0 N 86 
   1229 22.5 0.0 CD2 110 
   161 27.0 0.0 CD1 24 
   94 116.9 0.0 N 19 
   1191 22.2 0.0 CG2 107 
   1824 0.73 0.0 HD22 161 
   1181 1.96 0.0 HB 107 
   1538 1.22 0.0 HB2 138 
   23 122.6 0.0 N 13 
   1188 58.3 0.0 CA 107 
   1349 -0.36 0.0 HG22 123 
   2001 7.5 0.0 HE21 175 
   1329 1.25 0.0 HB2 122 
   1886 1.0 0.0 HG11 166 
   499 0.8 0.0 HG21 51 
   1496 1.5 0.0 HB3 134 
   620 5.55 0.0 HE1 62 
   990 8.61 0.0 H 91 
   456 0.92 0.0 HD11 48 
   1663 0.8 0.0 HD12 148 
   618 5.47 0.0 HD1 62 
   896 0.41 0.0 HD11 84 
   715 7.82 0.0 H 70 
   27 1.24 0.0 HG21 14 
   1276 128.2 0.0 N 115 
   283 119.1 0.0 N 35 
   879 0.82 0.0 HD11 83 
   1537 4.86 0.0 HA 138 
   1067 13.2 0.0 CD1 96 
   1816 3.88 0.0 HA 161 
   984 58.5 0.0 CA 90 
   482 7.26 0.0 HD1 50 
   904 25.9 0.0 CG 84 
   1709 32.1 0.0 CB 152 
   1817 1.16 0.0 HB2 161 
   852 59.6 0.0 CA 80 
   1074 1.17 0.0 HG23 97 
   445 25.4 0.0 CD1 47 
   1693 23.0 0.0 CD1 150 
   204 1.47 0.0 HB3 28 
   411 4.15 0.0 HA 45 
   1266 68.6 0.0 CB 114 
   530 3.06 0.0 HB3 54 
   474 29.4 0.0 CB 49 
   622 5.65 0.0 HZ 62 
   205 51.9 0.0 CA 28 
   475 26.1 0.0 CG 49 
   1695 125.1 0.0 N 150 
   1122 69.9 0.0 CB 101 
   977 1.29 0.0 HG13 90 
   1160 0.67 0.0 HG22 105 
   1171 8.88 0.0 H 106 
   1651 1.22 0.0 HB1 147 
   637 3.25 0.0 HD2 63 
   659 24.3 0.0 CD1 64 
   410 8.21 0.0 H 45 
   1672 22.7 0.0 CD2 148 
   1985 8.55 0.0 H 174 
   1308 1.58 0.0 HG2 119 
   897 0.41 0.0 HD12 84 
   1968 1.65 0.0 HD2 172 
   853 38.1 0.0 CB 80 
   1751 1.43 0.0 HB2 155 
   89 4.33 0.0 HA 19 
   1225 53.9 0.0 CA 110 
   1960 36.0 0.0 CG 171 
   4 54.1 0.0 CA 11 
   636 1.74 0.0 HG3 63 
   1654 55.8 0.0 CA 147 
   1759 0.75 0.0 HG11 156 
   1466 1.04 0.0 HD23 132 
   173 2.92 0.0 HE3 25 
   1068 118.2 0.0 N 96 
   1129 0.01 0.0 HB3 102 
   171 1.6 0.0 HD3 25 
   1845 29.2 0.0 CG1 162 
   612 121.9 0.0 N 61 
   1639 7.93 0.0 H 146 
   206 24.4 0.0 CB 28 
   1425 129.8 0.0 CE1 129 
   35 4.1 0.0 HA 15 
   1272 1.43 0.0 HB2 115 
   207 123.5 0.0 N 28 
   1456 6.93 0.0 H 132 
   122 4.51 0.0 HA 22 
   1620 136.3 0.0 CE1 144 
   9 2.03 0.0 HB3 12 
   1664 0.8 0.0 HD13 148 
   1560 25.7 0.0 CG 139 
   1723 29.6 0.0 CB 153 
   1075 60.5 0.0 CA 97 
   1948 24.8 0.0 CG 170 
   889 22.5 0.0 CD2 83 
   1300 132.5 0.0 CD1 118 
   455 0.97 0.0 HG23 48 
   634 1.82 0.0 HB3 63 
   1783 0.82 0.0 HG12 158 
   1036 36.4 0.0 CB 94 
   782 45.8 0.0 CA 75 
   784 8.54 0.0 H 76 
   1463 0.93 0.0 HD13 132 
   1878 7.93 0.0 H 165 
   48 4.19 0.0 HA 16 
   766 6.87 0.0 HD1 74 
   1807 49.4 0.0 CD 159 
   1489 123.1 0.0 CH2 133 
   1297 6.74 0.0 HE2 118 
   134 4.44 0.0 HA 23 
   1503 1.86 0.0 HB3 135 
   403 62.3 0.0 CA 44 
   1603 9.24 0.0 H 143 
   1725 119.6 0.0 CE3 153 
   2 2.76 0.0 HB2 11 
   1435 1.73 0.0 HD2 130 
   1891 1.0 0.0 HG23 166 
   1551 1.6 0.0 HB3 139 
   487 38.5 0.0 CB 50 
   1995 8.36 0.0 H 175 
   423 8.3 0.0 H 46 
   232 56.1 0.0 CA 31 
   1215 4.34 0.0 HA 110 
   453 0.97 0.0 HG21 48 
   1237 119.9 0.0 N 111 
   335 1.47 0.0 HG3 39 
   1705 2.09 0.0 HG3 152 
   1421 62.4 0.0 CA 129 
   288 7.34 0.0 HD1 36 
   865 119.9 0.0 CD2 81 
   293 7.05 0.0 HH2 36 
   1204 9.68 0.0 H 109 
   980 1.02 0.0 HG23 90 
   10 2.32 0.0 HG2 12 
   820 119.9 0.0 CE3 78 
   943 2.0 0.0 HG2 87 
   464 118.5 0.0 N 48 
   1432 2.04 0.0 HB3 130 
   830 6.96 0.0 HD1 79 
   832 6.69 0.0 HE1 79 
   731 5.02 0.0 HA 72 
   1304 8.4 0.0 H 119 
   1728 122.7 0.0 CH2 153 
   302 125.7 0.0 NE1 36 
   1199 3.77 0.0 HD3 108 
   1099 3.44 0.0 HD2 99 
   818 32.6 0.0 CB 78 
   885 57.1 0.0 CA 83 
   1092 116.0 0.0 CE2 98 
   793 2.95 0.0 HE3 76 
   436 0.93 0.0 HD11 47 
   483 7.26 0.0 HD2 50 
   1860 121.6 0.0 N 163 
   46 121.6 0.0 N 15 
   772 40.5 0.0 CB 74 
   1984 120.4 0.0 N 173 
   1763 0.93 0.0 HG22 156 
   1875 29.2 0.0 CD 164 
   1214 7.93 0.0 H 110 
   883 0.77 0.0 HD22 83 
   1809 4.33 0.0 HA 160 
   662 8.9 0.0 H 65 
   1572 6.2 0.0 HZ 140 
   140 1.13 0.0 HG22 23 
   2000 2.31 0.0 HG3 175 
   292 7.51 0.0 HZ3 36 
   266 121.5 0.0 N 34 
   375 7.68 0.0 H 42 
   721 4.41 0.0 HA 71 
   20 1.47 0.0 HB3 13 
   389 2.14 0.0 HG2 43 
   1528 0.66 0.0 HG13 137 
   1174 1.34 0.0 HB2 106 
   769 7.0 0.0 HE2 74 
   795 38.2 0.0 CB 76 
   720 8.33 0.0 H 71 
   443 42.7 0.0 CB 47 
   1910 25.3 0.0 CG1 167 
   1339 25.6 0.0 CG 122 
   953 7.16 0.0 HD1 88 
   136 0.96 0.0 HG11 23 
   127 3.72 0.0 HD2 22 
   1196 1.88 0.0 HG2 108 
   141 1.13 0.0 HG23 23 
   337 2.71 0.0 HD3 39 
   309 1.13 0.0 HG21 37 
   1855 7.42 0.0 HE21 163 
   353 57.5 0.0 CA 40 
   1213 116.4 0.0 N 109 
   567 1.5 0.0 HB3 57 
   873 131.6 0.0 N 82 
   2003 56.0 0.0 CA 175 
   1932 57.3 0.0 CA 169 
   1512 113.5 0.0 N 135 
   596 4.27 0.0 HA 61 
   1529 1.08 0.0 HG21 137 
   245 3.99 0.0 HA 33 
   1111 67.1 0.0 CA 100 
   1521 116.3 0.0 N 136 
   1348 -0.36 0.0 HG21 123 
   1126 3.87 0.0 HA 102 
   1996 4.26 0.0 HA 175 
   1979 4.42 0.0 HA 173 
   399 7.33 0.0 HD1 44 
   1713 4.06 0.0 HA 153 
   361 2.06 0.0 HB2 41 
   704 123.1 0.0 N 68 
   1461 0.93 0.0 HD11 132 
   1758 1.8 0.0 HB 156 
   1575 127.3 0.0 CD1 140 
   770 6.92 0.0 HZ 74 
   38 1.59 0.0 HG2 15 
   197 36.8 0.0 CB 27 
   1563 122.6 0.0 N 139 
   666 1.89 0.0 HG2 65 
   1155 3.79 0.0 HA 105 
   900 0.64 0.0 HD22 84 
   709 2.34 0.0 HG2 69 
   282 25.2 0.0 CD2 35 
   1999 2.31 0.0 HG2 175 
   1347 0.7 0.0 HG13 123 
   1864 1.76 0.0 HB2 164 
   1393 111.5 0.0 N 126 
   1245 1.76 0.0 HB2 113 
   1929 2.59 0.0 HB2 169 
   296 127.0 0.0 CD1 36 
   522 6.74 0.0 HD22 53 
   1976 41.8 0.0 CE 172 
   1848 120.1 0.0 N 162 
   221 31.7 0.0 CB 30 
   1177 21.6 0.0 CB 106 
   255 43.1 0.0 CD 33 
   1904 0.95 0.0 HG23 167 
   6 8.75 0.0 H 12 
   1114 122.2 0.0 N 100 
   1900 0.81 0.0 HG12 167 
   545 2.84 0.0 HE2 55 
   941 1.9 0.0 HB2 87 
   1685 0.87 0.0 HD12 150 
   40 3.21 0.0 HD2 15 
   1919 2.35 0.0 HG3 168 
   1643 2.21 0.0 HG2 146 
   705 8.77 0.0 H 69 
   1202 27.1 0.0 CG 108 
   1254 33.3 0.0 CB 113 
   126 2.1 0.0 HG3 22 
   880 0.82 0.0 HD12 83 
   246 2.0 0.0 HB2 33 
   111 0.18 0.0 HG22 21 
   347 0.84 0.0 HD11 40 
   1368 4.45 0.0 HA 125 
   1542 3.23 0.0 HD2 138 
   1562 41.9 0.0 CE 139 
   783 107.1 0.0 N 75 
   1731 8.68 0.0 H 154 
   334 1.47 0.0 HG2 39 
   1610 120.1 0.0 N 143 
   621 5.55 0.0 HE2 62 
   124 2.46 0.0 HB3 22 
   1194 2.03 0.0 HB2 108 
   1616 7.71 0.0 HE1 144 
   1452 65.5 0.0 CA 131 
   996 55.2 0.0 CA 91 
   1608 55.6 0.0 CA 143 
   1889 1.0 0.0 HG21 166 
   1403 3.23 0.0 HB2 128 
   1166 38.7 0.0 CB 105 
   670 36.3 0.0 CG 65 
   1510 27.0 0.0 CG 135 
   251 3.34 0.0 HD3 33 
   1158 1.15 0.0 HG13 105 
   1622 8.62 0.0 H 145 
   400 7.33 0.0 HD2 44 
   746 2.21 0.0 HB3 73 
   1457 3.95 0.0 HA 132 
   1701 4.25 0.0 HA 152 
   1841 0.01 0.0 HD12 162 
   961 131.7 0.0 CD2 88 
   461 29.8 0.0 CG1 48 
   1008 6.45 0.0 HZ 92 
   1772 0.27 0.0 HB2 157 
   500 0.8 0.0 HG22 51 
   195 7.45 0.0 HD22 27 
   598 4.08 0.0 HB3 61 
   1748 7.31 0.0 H 155 
   1555 1.62 0.0 HD3 139 
   1805 30.6 0.0 CB 159 
   1624 1.42 0.0 HB2 145 
   676 55.8 0.0 CA 66 
   738 56.1 0.0 CA 72 
   493 8.77 0.0 H 51 
   685 51.6 0.0 CA 67 
   1630 0.45 0.0 HD21 145 
   1073 1.17 0.0 HG22 97 
   1793 28.2 0.0 CG1 158 
   1524 4.01 0.0 HA 137 
   682 3.59 0.0 HB3 67 
   1765 63.4 0.0 CA 156 
   1927 8.65 0.0 H 169 
   727 69.3 0.0 CB 71 
   1205 4.3 0.0 HA 109 
   72 21.8 0.0 CG2 17 
   1717 9.7 0.0 HE1 153 
   1823 0.73 0.0 HD21 161 
   1100 3.8 0.0 HD3 99 
   484 6.97 0.0 HE1 50 
   1165 62.8 0.0 CA 105 
   183 1.25 0.0 HG21 26 
   1558 57.9 0.0 CA 139 
   916 2.27 0.0 HE2 85 
   1623 4.15 0.0 HA 145 
   561 118.9 0.0 N 56 
   1431 1.96 0.0 HB2 130 
   265 36.3 0.0 CG 34 
   1430 3.99 0.0 HA 130 
   1139 3.85 0.0 HD3 103 
   933 39.5 0.0 CB 86 
   1374 0.13 0.0 HD13 125 
   1203 49.8 0.0 CD 108 
   39 1.72 0.0 HG3 15 
   1644 2.21 0.0 HG3 146 
   664 1.55 0.0 HB2 65 
   1295 7.0 0.0 HD2 118 
   547 60.5 0.0 CA 55 
   305 2.2 0.0 HB 37 
   1071 4.67 0.0 HB 97 
   79 0.94 0.0 HG13 18 
   891 7.9 0.0 H 84 
   440 0.98 0.0 HD22 47 
   1673 110.9 0.0 N 148 
   1737 0.88 0.0 HD12 154 
   713 37.3 0.0 CG 69 
   1208 2.43 0.0 HG2 109 
   29 1.24 0.0 HG23 14 
   15 122.1 0.0 N 12 
   1583 4.14 0.0 HA3 141 
   1761 0.75 0.0 HG13 156 
   413 2.34 0.0 HB3 45 
   19 1.47 0.0 HB2 13 
   535 122.2 0.0 N 54 
   308 0.99 0.0 HG13 37 
   1768 21.8 0.0 CG2 156 
   643 42.6 0.0 CD 63 
   11 2.32 0.0 HG3 12 
   1946 56.7 0.0 CA 170 
   490 118.8 0.0 CE1 50 
   1137 1.47 0.0 HG3 103 
   1031 0.7 0.0 HG23 94 
   83 64.2 0.0 CA 18 
   1125 7.94 0.0 H 102 
   1047 3.51 0.0 HD3 95 
   1726 113.9 0.0 CZ2 153 
   792 2.95 0.0 HE2 76 
   1131 15.4 0.0 CB 102 
   1000 8.46 0.0 H 92 
   1291 4.86 0.0 HA 118 
   97 1.96 0.0 HB2 20 
   888 25.2 0.0 CD1 83 
   1401 7.93 0.0 H 128 
   1262 1.17 0.0 HG21 114 
   1794 18.6 0.0 CG2 158 
   323 6.95 0.0 HE21 38 
   548 32.2 0.0 CB 55 
   1897 6.85 0.0 H 167 
   1964 1.72 0.0 HB2 172 
   1180 4.9 0.0 HA 107 
   210 4.82 0.0 HA3 29 
   903 43.1 0.0 CB 84 
   315 22.1 0.0 CG2 37 
   703 41.8 0.0 CE 68 
   1361 4.44 0.0 HA 124 
   591 2.96 0.0 HB3 60 
   272 0.91 0.0 HD11 35 
   104 119.8 0.0 N 20 
   473 57.4 0.0 CA 49 
   325 58.3 0.0 CA 38 
   1650 4.49 0.0 HA 147 
   1156 1.26 0.0 HB 105 
   1736 0.88 0.0 HD11 154 
   1222 0.68 0.0 HD21 110 
   497 0.78 0.0 HG12 51 
   684 6.71 0.0 HD22 67 
   364 1.73 0.0 HG3 41 
   1105 8.2 0.0 H 100 
   606 29.6 0.0 CB 61 
   1268 110.1 0.0 N 114 
   1945 2.96 0.0 HE3 170 
   803 3.39 0.0 HB3 77 
   1653 1.22 0.0 HB3 147 
   1997 1.94 0.0 HB2 175 
   915 1.28 0.0 HD3 85 
   1788 0.18 0.0 HD11 158 
   160 31.1 0.0 CG 24 
   139 1.13 0.0 HG21 23 
   571 7.96 0.0 H 58 
   1257 42.5 0.0 CE 113 
   479 4.78 0.0 HA 50 
   1494 1.5 0.0 HB1 134 
   1443 41.8 0.0 CE 130 
   544 1.6 0.0 HD3 55 
   1676 3.16 0.0 HA3 149 
   602 7.45 0.0 HZ2 61 
   1899 1.86 0.0 HB 167 
   1998 2.08 0.0 HB3 175 
   371 25.0 0.0 CG 41 
   1934 120.5 0.0 CD2 169 
   994 2.13 0.0 HG2 91 
   1056 1.48 0.0 HG13 96 
   121 122.5 0.0 N 21 
   672 7.8 0.0 H 66 
   466 4.23 0.0 HA 49 
   132 50.7 0.0 CD 22 
   143 32.8 0.0 CB 23 
   202 1.47 0.0 HB1 28 
   1336 2.91 0.0 HE3 122 
   1316 120.9 0.0 N 119 
   1867 1.66 0.0 HG3 164 
   62 2.21 0.0 HB 17 
   243 119.3 0.0 N 32 
   1311 3.21 0.0 HD3 119 
   928 7.33 0.0 HD1 86 
   1516 1.28 0.0 HB3 136 
   1426 129.8 0.0 CE2 129 
   1808 6.55 0.0 H 160 
   1380 26.3 0.0 CG 125 
   476 42.2 0.0 CD 49 
   861 3.25 0.0 HB3 81 
   374 118.4 0.0 N 41 
   1253 56.4 0.0 CA 113 
   211 44.9 0.0 CA 29 
   1671 26.1 0.0 CD1 148 
   1076 67.7 0.0 CB 97 
   1055 1.32 0.0 HG12 96 
   993 2.38 0.0 HB3 91 
   1615 5.82 0.0 HD2 144 
   923 121.7 0.0 N 85 
   1483 61.0 0.0 CA 133 
   1743 42.6 0.0 CB 154 
   1455 50.3 0.0 CD 131 
   1428 121.3 0.0 N 129 
   268 4.34 0.0 HA 35 
   1318 4.1 0.0 HA2 120 
   1706 3.08 0.0 HD2 152 
   532 7.24 0.0 HD22 54 
   2002 6.84 0.0 HE22 175 
   557 7.04 0.0 HD21 56 
   624 40.9 0.0 CB 62 
   12 58.2 0.0 CA 12 
   1490 120.6 0.0 N 133 
   87 118.3 0.0 N 18 
   1420 6.93 0.0 HZ 129 
   1943 1.6 0.0 HD3 170 
   1949 29.2 0.0 CD 170 
   471 3.37 0.0 HD2 49 
   1429 8.59 0.0 H 130 
   1366 121.7 0.0 N 124 
   660 24.2 0.0 CD2 64 
   899 0.64 0.0 HD21 84 
   1372 0.13 0.0 HD11 125 
   1522 116.8 0.0 ND2 136 
   1911 18.1 0.0 CG2 167 
   1273 1.43 0.0 HB3 115 
   1119 1.08 0.0 HG22 101 
   677 66.8 0.0 CB 66 
   351 0.86 0.0 HD22 40 
   1956 2.2 0.0 HG2 171 
   1936 8.48 0.0 H 170 
   431 8.42 0.0 H 47 
   1785 0.42 0.0 HG21 158 
   1437 2.99 0.0 HE2 130 
   1974 24.7 0.0 CG 172 
   1102 33.2 0.0 CB 99 
   736 3.09 0.0 HD2 72 
   153 1.0 0.0 HD12 24 
   1054 1.9 0.0 HB 96 
   1419 6.99 0.0 HE2 129 
   558 7.75 0.0 HD22 56 
   1260 4.63 0.0 HA 114 
   610 120.2 0.0 CZ3 61 
   1970 2.95 0.0 HE2 172 
   1548 8.76 0.0 H 139 
   1159 0.67 0.0 HG21 105 
   599 7.87 0.0 HD1 61 
   1829 26.1 0.0 CD1 161 
   765 3.22 0.0 HB3 74 
   1690 57.9 0.0 CA 150 
   348 0.84 0.0 HD12 40 
   836 131.9 0.0 CD1 79 
   1492 8.33 0.0 H 134 
   1511 43.4 0.0 CD 135 
   513 59.7 0.0 CA 52 
   1750 1.43 0.0 HB1 155 
   85 21.7 0.0 CG1 18 
   1739 1.14 0.0 HD21 154 
   77 0.94 0.0 HG11 18 
   1916 1.92 0.0 HB2 168 
   1908 59.4 0.0 CA 167 
   303 7.5 0.0 H 37 
   263 59.6 0.0 CA 34 
   239 3.17 0.0 HB2 32 
   1057 0.98 0.0 HG21 96 
   1345 0.37 0.0 HB 123 
   1697 3.12 0.0 HA2 151 
   1830 22.9 0.0 CD2 161 
   329 113.9 0.0 NE2 38 
   188 22.0 0.0 CG2 26 
   1019 2.51 0.0 HB2 93 
   92 60.1 0.0 CA 19 
   687 116.8 0.0 N 67 
   1400 122.0 0.0 N 127 
   74 8.12 0.0 H 18 
   802 2.94 0.0 HB2 77 
   603 6.87 0.0 HZ3 61 
   1212 36.8 0.0 CG 109 
   1470 23.5 0.0 CD1 132 
   114 -0.19 0.0 HD12 21 
   1360 7.71 0.0 H 124 
   929 7.33 0.0 HD2 86 
   749 7.03 0.0 HE3 73 
   402 6.81 0.0 HE2 44 
   1464 1.04 0.0 HD21 132 
   1342 118.4 0.0 N 122 
   236 116.8 0.0 N 31 
   273 0.91 0.0 HD12 35 
   1332 1.23 0.0 HG3 122 
   1798 1.66 0.0 HB2 159 
   1939 1.7 0.0 HB3 170 
   1324 3.93 0.0 HA3 121 
   307 0.99 0.0 HG12 37 
   1942 1.6 0.0 HD2 170 
   442 58.8 0.0 CA 47 
   1994 112.7 0.0 ND2 174 
   57 27.3 0.0 CG 16 
   926 2.88 0.0 HB2 86 
   528 4.38 0.0 HA 54 
   1197 2.12 0.0 HG3 108 
   1770 7.92 0.0 H 157 
   1263 1.17 0.0 HG22 114 
   1554 1.56 0.0 HD2 139 
   700 31.8 0.0 CB 68 
   910 1.51 0.0 HB2 85 
   86 22.0 0.0 CG2 18 
   574 3.11 0.0 HB3 58 
   1703 2.44 0.0 HB3 152 
   191 4.6 0.0 HA 27 
   631 8.75 0.0 H 63 
   1334 1.73 0.0 HD3 122 
   1321 113.5 0.0 N 120 
   1462 0.93 0.0 HD12 132 
   586 116.4 0.0 N 59 
