   978 1.02 0.0 HG21 90 
   1012 131.3 0.0 CD2 92 
   1690 57.9 0.0 CA 150 
   515 36.4 0.0 CG 52 
   1857 58.8 0.0 CA 163 
   571 7.96 0.0 H 58 
   1907 0.85 0.0 HD13 167 
   1712 7.2 0.0 H 153 
   1017 8.57 0.0 H 93 
   955 7.18 0.0 HE1 88 
   590 2.19 0.0 HB2 60 
   924 9.53 0.0 H 86 
   1677 45.7 0.0 CA 149 
   765 3.22 0.0 HB3 74 
   271 1.77 0.0 HG 35 
   748 9.32 0.0 HE1 73 
   1884 4.04 0.0 HA 166 
   1806 28.7 0.0 CG 159 
   245 3.99 0.0 HA 33 
   1140 61.6 0.0 CA 103 
   1526 0.66 0.0 HG11 137 
   1721 6.62 0.0 HH2 153 
   1508 57.0 0.0 CA 135 
   1108 1.25 0.0 HG21 100 
   1642 2.46 0.0 HB3 146 
   1970 2.95 0.0 HE2 172 
   1178 128.8 0.0 N 106 
   1093 128.0 0.0 N 98 
   1961 119.4 0.0 N 171 
   1438 2.99 0.0 HE3 130 
   1960 36.0 0.0 CG 171 
   1313 30.5 0.0 CB 119 
   1469 27.0 0.0 CG 132 
   737 3.19 0.0 HD3 72 
   1451 3.77 0.0 HD3 131 
   1798 1.66 0.0 HB2 159 
   84 31.9 0.0 CB 18 
   668 54.6 0.0 CA 65 
   51 1.6 0.0 HG2 16 
   148 4.56 0.0 HA 24 
   1503 1.86 0.0 HB3 135 
   1833 3.68 0.0 HA 162 
   1056 1.48 0.0 HG13 96 
   1413 4.07 0.0 HA 129 
   852 59.6 0.0 CA 80 
   1984 120.4 0.0 N 173 
   766 6.87 0.0 HD1 74 
   1047 3.51 0.0 HD3 95 
   1979 4.42 0.0 HA 173 
   940 5.28 0.0 HA 87 
   1357 17.0 0.0 CG2 123 
   1575 127.3 0.0 CD1 140 
   1931 7.31 0.0 HD2 169 
   694 1.46 0.0 HG3 68 
   1054 1.9 0.0 HB 96 
   372 29.5 0.0 CD 41 
   1659 1.74 0.0 HB2 148 
   1504 1.59 0.0 HG2 135 
   1549 4.17 0.0 HA 139 
   1528 0.66 0.0 HG13 137 
   1672 22.7 0.0 CD2 148 
   592 54.1 0.0 CA 60 
   1813 41.7 0.0 CB 160 
   105 7.66 0.0 H 21 
   94 116.9 0.0 N 19 
   1339 25.6 0.0 CG 122 
   1603 9.24 0.0 H 143 
   845 1.57 0.0 HG13 80 
   1938 1.7 0.0 HB2 170 
   1911 18.1 0.0 CG2 167 
   1466 1.04 0.0 HD23 132 
   1120 1.08 0.0 HG23 101 
   652 0.91 0.0 HD13 64 
   1537 4.86 0.0 HA 138 
   418 59.3 0.0 CA 45 
   188 22.0 0.0 CG2 26 
   692 1.89 0.0 HB3 68 
   923 121.7 0.0 N 85 
   1139 3.85 0.0 HD3 103 
   532 7.24 0.0 HD22 54 
   1553 1.46 0.0 HG3 139 
   701 24.4 0.0 CG 68 
   746 2.21 0.0 HB3 73 
   1728 122.7 0.0 CH2 153 
   986 25.7 0.0 CG1 90 
   1133 4.23 0.0 HA 103 
   839 117.3 0.0 CE2 79 
   118 27.5 0.0 CG1 21 
   886 39.8 0.0 CB 83 
   1084 7.38 0.0 HD2 98 
   306 0.99 0.0 HG11 37 
   98 2.19 0.0 HB3 20 
   994 2.13 0.0 HG2 91 
   1366 121.7 0.0 N 124 
   1740 1.14 0.0 HD22 154 
   696 1.69 0.0 HD3 68 
   518 4.48 0.0 HA 53 
   1530 1.08 0.0 HG22 137 
   937 117.5 0.0 CE2 86 
   144 18.2 0.0 CG1 23 
   1105 8.2 0.0 H 100 
   1675 4.05 0.0 HA2 149 
   227 2.02 0.0 HB3 31 
   853 38.1 0.0 CB 80 
   1994 112.7 0.0 ND2 174 
   439 0.98 0.0 HD21 47 
   18 1.47 0.0 HB1 13 
   624 40.9 0.0 CB 62 
   1289 36.0 0.0 CG 117 
   1934 120.5 0.0 CD2 169 
   1906 0.85 0.0 HD12 167 
   543 1.6 0.0 HD2 55 
   446 23.9 0.0 CD2 47 
   1155 3.79 0.0 HA 105 
   1681 1.36 0.0 HB2 150 
   842 5.13 0.0 HA 80 
   1228 25.1 0.0 CD1 110 
   1348 -0.36 0.0 HG21 123 
   376 4.12 0.0 HA 42 
   941 1.9 0.0 HB2 87 
   743 8.77 0.0 H 73 
   1254 33.3 0.0 CB 113 
   315 22.1 0.0 CG2 37 
   1582 5.14 0.0 HA2 141 
   308 0.99 0.0 HG13 37 
   1845 29.2 0.0 CG1 162 
   1982 58.6 0.0 CA 173 
   520 3.26 0.0 HB3 53 
   663 4.51 0.0 HA 65 
   1122 69.9 0.0 CB 101 
   958 56.0 0.0 CA 88 
   583 7.7 0.0 HD22 59 
   1612 3.57 0.0 HA 144 
   1477 6.93 0.0 HD1 133 
   959 42.6 0.0 CB 88 
   1729 118.4 0.0 N 153 
   1811 2.55 0.0 HB3 160 
   1376 0.33 0.0 HD22 125 
   686 37.3 0.0 CB 67 
   1699 49.3 0.0 CA 151 
   963 129.6 0.0 CE2 88 
   147 9.12 0.0 H 24 
   327 33.3 0.0 CG 38 
   284 8.01 0.0 H 36 
   1401 7.93 0.0 H 128 
   1506 3.11 0.0 HD2 135 
   567 1.5 0.0 HB3 57 
   1223 0.68 0.0 HD22 110 
   20 1.47 0.0 HB3 13 
   1856 6.84 0.0 HE22 163 
   1511 43.4 0.0 CD 135 
   1242 115.0 0.0 N 112 
   1649 8.35 0.0 H 147 
   365 1.74 0.0 HD2 41 
   14 35.9 0.0 CG 12 
   1087 58.3 0.0 CA 98 
   984 58.5 0.0 CA 90 
   217 1.44 0.0 HG3 30 
   458 0.92 0.0 HD13 48 
   473 57.4 0.0 CA 49 
   942 1.9 0.0 HB3 87 
   979 1.02 0.0 HG22 90 
   1759 0.75 0.0 HG11 156 
   417 6.94 0.0 HE22 45 
   1409 120.2 0.0 CD2 128 
   1655 20.6 0.0 CB 147 
   1489 123.1 0.0 CH2 133 
   796 24.8 0.0 CG 76 
   1613 2.35 0.0 HB2 144 
   901 0.64 0.0 HD23 84 
   1726 113.9 0.0 CZ2 153 
   1617 61.9 0.0 CA 144 
   895 1.54 0.0 HG 84 
   1840 0.01 0.0 HD11 162 
   1425 129.8 0.0 CE1 129 
   1442 29.4 0.0 CD 130 
   346 0.96 0.0 HG 40 
   1215 4.34 0.0 HA 110 
   1743 42.6 0.0 CB 154 
   708 2.23 0.0 HB3 69 
   1048 62.1 0.0 CA 95 
   1419 6.99 0.0 HE2 129 
   180 10.39 0.0 H 26 
   1800 1.71 0.0 HG2 159 
   1239 4.25 0.0 HA2 112 
   40 3.21 0.0 HD2 15 
   1147 1.85 0.0 HB3 104 
   1784 1.49 0.0 HG13 158 
   651 0.91 0.0 HD12 64 
   58 43.2 0.0 CD 16 
   1267 20.7 0.0 CG2 114 
   1174 1.34 0.0 HB2 106 
   1937 4.24 0.0 HA 170 
   135 2.37 0.0 HB 23 
   1250 1.6 0.0 HD3 113 
   103 36.3 0.0 CG 20 
   1684 0.87 0.0 HD11 150 
   174 57.0 0.0 CA 25 
   1624 1.42 0.0 HB2 145 
   1157 0.33 0.0 HG12 105 
   587 110.7 0.0 ND2 59 
   837 131.9 0.0 CD2 79 
   879 0.82 0.0 HD11 83 
   774 131.7 0.0 CD2 74 
   1576 127.3 0.0 CD2 140 
   604 7.04 0.0 HH2 61 
   1321 113.5 0.0 N 120 
   1107 4.44 0.0 HB 100 
   1650 4.49 0.0 HA 147 
   428 62.8 0.0 CA 46 
   1309 1.68 0.0 HG3 119 
   1057 0.98 0.0 HG21 96 
   398 3.25 0.0 HB3 44 
   2006 120.6 0.0 N 175 
   1481 7.04 0.0 HZ3 133 
   1485 126.6 0.0 CD1 133 
   627 133.7 0.0 CE1 62 
   235 43.1 0.0 CD 31 
   703 41.8 0.0 CE 68 
   1799 2.07 0.0 HB3 159 
   206 24.4 0.0 CB 28 
   1392 21.7 0.0 CG2 126 
   719 107.1 0.0 N 70 
   510 2.21 0.0 HB3 52 
   1808 6.55 0.0 H 160 
   33 113.2 0.0 N 14 
   183 1.25 0.0 HG21 26 
   1888 1.0 0.0 HG13 166 
   1939 1.7 0.0 HB3 170 
   1505 1.72 0.0 HG3 135 
   287 3.79 0.0 HB3 36 
   1854 2.49 0.0 HG3 163 
   957 7.05 0.0 HZ 88 
   614 6.81 0.0 H 62 
   647 1.83 0.0 HB2 64 
   775 130.0 0.0 CE1 74 
   863 55.6 0.0 CA 81 
   1020 2.67 0.0 HB3 93 
   209 3.95 0.0 HA2 29 
   1514 4.26 0.0 HA 136 
   158 56.0 0.0 CA 24 
   1029 0.7 0.0 HG21 94 
   1615 5.82 0.0 HD2 144 
   723 1.1 0.0 HG21 71 
   1862 7.88 0.0 H 164 
   396 4.5 0.0 HA 44 
   173 2.92 0.0 HE3 25 
   1893 32.2 0.0 CB 166 
   858 9.14 0.0 H 81 
   725 1.1 0.0 HG23 71 
   1929 2.59 0.0 HB2 169 
   1294 7.0 0.0 HD1 118 
   683 7.79 0.0 HD21 67 
   1641 2.2 0.0 HB2 146 
   1219 0.5 0.0 HD11 110 
   1144 8.6 0.0 H 104 
   1308 1.58 0.0 HG2 119 
   608 122.4 0.0 CE3 61 
   843 1.63 0.0 HB 80 
   1601 22.0 0.0 CD2 142 
   1316 120.9 0.0 N 119 
   1082 3.27 0.0 HB3 98 
   972 122.9 0.0 N 89 
   332 1.78 0.0 HB2 39 
   441 0.98 0.0 HD23 47 
   1329 1.25 0.0 HB2 122 
   1342 118.4 0.0 N 122 
   1016 112.7 0.0 N 92 
   798 42.2 0.0 CE 76 
   875 3.58 0.0 HA 83 
   1983 27.8 0.0 CB 173 
   1145 4.26 0.0 HA 104 
   1359 117.1 0.0 N 123 
   556 2.93 0.0 HB3 56 
   1373 0.13 0.0 HD12 125 
   96 4.35 0.0 HA 20 
   828 3.01 0.0 HB2 79 
   305 2.2 0.0 HB 37 
   1653 1.22 0.0 HB3 147 
   1022 43.0 0.0 CB 93 
   1246 1.82 0.0 HB3 113 
   146 116.5 0.0 N 23 
   474 29.4 0.0 CB 49 
   459 65.0 0.0 CA 48 
   1345 0.37 0.0 HB 123 
   204 1.47 0.0 HB3 28 
   366 1.74 0.0 HD3 41 
   718 46.2 0.0 CA 70 
   247 2.12 0.0 HB3 33 
   205 51.9 0.0 CA 28 
   160 31.1 0.0 CG 24 
   1621 115.4 0.0 N 144 
   537 8.89 0.0 H 55 
   1851 2.24 0.0 HB2 163 
   1235 56.4 0.0 CA 111 
   487 38.5 0.0 CB 50 
   1883 7.79 0.0 H 166 
   1541 1.72 0.0 HG3 138 
   1517 6.92 0.0 HD21 136 
   240 3.09 0.0 HB3 32 
   95 7.79 0.0 H 20 
   1557 2.91 0.0 HE3 139 
   849 0.82 0.0 HD11 80 
   367 2.96 0.0 HE2 41 
   190 9.34 0.0 H 27 
   406 131.7 0.0 CD2 44 
   1880 4.11 0.0 HA3 165 
   483 7.26 0.0 HD2 50 
   817 56.7 0.0 CA 78 
   1355 37.5 0.0 CB 123 
   1391 69.5 0.0 CB 126 
   2005 33.7 0.0 CG 175 
   557 7.04 0.0 HD21 56 
   1476 3.07 0.0 HB3 133 
   1640 4.36 0.0 HA 146 
   1775 1.28 0.0 HG3 157 
   1807 49.4 0.0 CD 159 
   1149 2.24 0.0 HG3 104 
   1106 4.12 0.0 HA 100 
   1398 56.8 0.0 CA 127 
   152 1.0 0.0 HD11 24 
   388 2.34 0.0 HB3 43 
   792 2.95 0.0 HE2 76 
   423 8.3 0.0 H 46 
   645 8.7 0.0 H 64 
   279 42.7 0.0 CB 35 
   908 8.45 0.0 H 85 
   431 8.42 0.0 H 47 
   1502 1.71 0.0 HB2 135 
   1957 2.2 0.0 HG3 171 
   1356 24.8 0.0 CG1 123 
   1475 2.49 0.0 HB2 133 
   397 3.17 0.0 HB2 44 
   691 1.81 0.0 HB2 68 
   443 42.7 0.0 CB 47 
   1826 57.4 0.0 CA 161 
   867 9.03 0.0 H 82 
   897 0.41 0.0 HD12 84 
   3 2.76 0.0 HB3 11 
   1571 6.77 0.0 HE2 140 
   170 1.6 0.0 HD2 25 
   1066 18.1 0.0 CG2 96 
   1470 23.5 0.0 CD1 132 
   1959 31.0 0.0 CB 171 
   1010 40.4 0.0 CB 92 
   434 2.21 0.0 HB3 47 
   949 9.09 0.0 H 88 
   1969 1.65 0.0 HD3 172 
   333 2.31 0.0 HB3 39 
   1630 0.45 0.0 HD21 145 
   711 58.0 0.0 CA 69 
   437 0.93 0.0 HD12 47 
   1490 120.6 0.0 N 133 
   1644 2.21 0.0 HG3 146 
   1090 133.8 0.0 CD2 98 
   1618 29.7 0.0 CB 144 
   420 34.2 0.0 CG 45 
   34 8.07 0.0 H 15 
   1897 6.85 0.0 H 167 
   662 8.9 0.0 H 65 
   562 112.3 0.0 ND2 56 
   925 4.52 0.0 HA 86 
   257 9.25 0.0 H 34 
   1386 4.54 0.0 HB 126 
   1955 2.09 0.0 HB3 171 
   422 111.4 0.0 NE2 45 
   1616 7.71 0.0 HE1 144 
   1371 1.35 0.0 HG 125 
   1803 3.0 0.0 HD3 159 
   1021 52.0 0.0 CA 93 
   1792 30.6 0.0 CB 158 
   1301 132.5 0.0 CD2 118 
   1583 4.14 0.0 HA3 141 
   197 36.8 0.0 CB 27 
   402 6.81 0.0 HE2 44 
   368 2.96 0.0 HE3 41 
   664 1.55 0.0 HB2 65 
   243 119.3 0.0 N 32 
   76 2.19 0.0 HB 18 
   665 1.81 0.0 HB3 65 
   1374 0.13 0.0 HD13 125 
   533 55.3 0.0 CA 54 
   1428 121.3 0.0 N 129 
   253 28.7 0.0 CB 33 
   409 118.4 0.0 N 44 
   1274 52.6 0.0 CA 115 
   264 28.8 0.0 CB 34 
   1785 0.42 0.0 HG21 158 
   730 7.61 0.0 H 72 
   177 29.2 0.0 CD 25 
   884 0.77 0.0 HD23 83 
   1086 7.33 0.0 HE2 98 
   1950 41.8 0.0 CE 170 
   844 0.96 0.0 HG12 80 
   968 2.72 0.0 HB2 89 
   1292 2.84 0.0 HB2 118 
   244 8.58 0.0 H 33 
   1628 -0.05 0.0 HD12 145 
   1715 3.56 0.0 HB3 153 
   1852 2.24 0.0 HB3 163 
   1879 3.97 0.0 HA2 165 
   1837 0.81 0.0 HG21 162 
   757 113.1 0.0 CZ2 73 
   529 3.06 0.0 HB2 54 
   107 1.29 0.0 HB 21 
   1764 0.93 0.0 HG23 156 
   1589 1.6 0.0 HB3 142 
   1560 25.7 0.0 CG 139 
   1416 7.05 0.0 HD1 129 
   1220 0.5 0.0 HD12 110 
   896 0.41 0.0 HD11 84 
   272 0.91 0.0 HD11 35 
   1774 0.82 0.0 HG2 157 
   1735 2.08 0.0 HG 154 
   1136 1.32 0.0 HG2 103 
   1399 40.2 0.0 CB 127 
   815 6.61 0.0 HZ3 78 
   821 114.1 0.0 CZ2 78 
   50 1.9 0.0 HB3 16 
   1965 1.85 0.0 HB3 172 
   325 58.3 0.0 CA 38 
   1257 42.5 0.0 CE 113 
   355 26.0 0.0 CG 40 
   80 1.01 0.0 HG21 18 
   1367 8.42 0.0 H 125 
   611 123.3 0.0 CH2 61 
   1352 -0.19 0.0 HD12 123 
   9 2.03 0.0 HB3 12 
   1121 59.6 0.0 CA 101 
   1008 6.45 0.0 HZ 92 
   1771 3.85 0.0 HA 157 
   1654 55.8 0.0 CA 147 
   869 2.25 0.0 HB2 82 
   615 4.91 0.0 HA 62 
   882 0.77 0.0 HD21 83 
   790 1.55 0.0 HD2 76 
   675 2.44 0.0 HB3 66 
   2000 2.31 0.0 HG3 175 
   1420 6.93 0.0 HZ 129 
   461 29.8 0.0 CG1 48 
   132 50.7 0.0 CD 22 
   874 8.23 0.0 H 83 
   682 3.59 0.0 HB3 67 
   1062 0.87 0.0 HD13 96 
   123 1.93 0.0 HB2 22 
   570 121.1 0.0 N 57 
   851 0.82 0.0 HD13 80 
   550 29.7 0.0 CD 55 
   729 107.9 0.0 N 71 
   1404 3.23 0.0 HB3 128 
   481 3.32 0.0 HB3 50 
   41 3.21 0.0 HD3 15 
   1486 120.1 0.0 CE3 133 
   269 1.46 0.0 HB2 35 
   1596 0.37 0.0 HD23 142 
   1285 2.4 0.0 HG3 117 
   1838 0.81 0.0 HG22 162 
   1509 30.1 0.0 CB 135 
   1738 0.88 0.0 HD13 154 
   1380 26.3 0.0 CG 125 
   762 8.53 0.0 H 74 
   72 21.8 0.0 CG2 17 
   1150 54.1 0.0 CA 104 
   370 32.0 0.0 CB 41 
   526 110.8 0.0 ND2 53 
   1694 27.2 0.0 CD2 150 
   1295 7.0 0.0 HD2 118 
   1161 0.67 0.0 HG23 105 
   1388 1.41 0.0 HG22 126 
   1935 122.1 0.0 N 169 
   1525 1.75 0.0 HB 137 
   859 4.82 0.0 HA 81 
   1498 18.5 0.0 CB 134 
   918 56.1 0.0 CA 85 
   606 29.6 0.0 CB 61 
   993 2.38 0.0 HB3 91 
   1707 3.6 0.0 HD3 152 
   1855 7.42 0.0 HE21 163 
   857 128.9 0.0 N 80 
   1073 1.17 0.0 HG22 97 
   1496 1.5 0.0 HB3 134 
   593 40.5 0.0 CB 60 
   275 1.01 0.0 HD21 35 
   154 1.0 0.0 HD13 24 
   1846 16.7 0.0 CG2 162 
   771 54.9 0.0 CA 74 
   1635 26.4 0.0 CG 145 
   1607 1.04 0.0 HB3 143 
   1113 21.6 0.0 CG2 100 
   1926 112.3 0.0 NE2 168 
   131 27.7 0.0 CG 22 
   966 8.46 0.0 H 89 
   934 132.9 0.0 CD1 86 
   1387 1.41 0.0 HG21 126 
   769 7.0 0.0 HE2 74 
   584 51.8 0.0 CA 59 
   359 7.57 0.0 H 41 
   480 3.32 0.0 HB2 50 
   916 2.27 0.0 HE2 85 
   1633 58.4 0.0 CA 145 
   820 119.9 0.0 CE3 78 
   856 12.7 0.0 CD1 80 
   468 2.07 0.0 HB3 49 
   278 56.6 0.0 CA 35 
   1836 1.33 0.0 HG13 162 
   841 8.07 0.0 H 80 
   25 4.07 0.0 HA 14 
   29 1.24 0.0 HG23 14 
   735 1.63 0.0 HG3 72 
   1674 7.41 0.0 H 149 
   381 59.1 0.0 CA 42 
   1402 4.57 0.0 HA 128 
   1864 1.76 0.0 HB2 164 
   1182 0.58 0.0 HG11 107 
   1125 7.94 0.0 H 102 
   1763 0.93 0.0 HG22 156 
   560 38.1 0.0 CB 56 
   1440 29.7 0.0 CB 130 
   1918 2.32 0.0 HG2 168 
   200 7.02 0.0 H 28 
   523 55.6 0.0 CA 53 
   804 55.2 0.0 CA 77 
   1013 129.9 0.0 CE1 92 
   732 1.63 0.0 HB2 72 
   1908 59.4 0.0 CA 167 
   1660 2.08 0.0 HB3 148 
   273 0.91 0.0 HD12 35 
   585 39.9 0.0 CB 59 
   472 3.42 0.0 HD3 49 
   1716 7.36 0.0 HD1 153 
   1492 8.33 0.0 H 134 
   678 111.7 0.0 N 66 
   198 128.7 0.0 N 27 
   1901 1.3 0.0 HG13 167 
   464 118.5 0.0 N 48 
   352 0.86 0.0 HD23 40 
   920 25.6 0.0 CG 85 
   1917 2.09 0.0 HB3 168 
   54 3.21 0.0 HD3 16 
   1135 2.45 0.0 HB3 103 
   707 2.1 0.0 HB2 69 
   1996 4.26 0.0 HA 175 
   734 1.5 0.0 HG2 72 
   1218 1.35 0.0 HG 110 
   1909 40.7 0.0 CB 167 
   1697 3.12 0.0 HA2 151 
   716 4.53 0.0 HA2 70 
   1237 119.9 0.0 N 111 
   939 8.12 0.0 H 87 
   488 131.7 0.0 CD1 50 
   1900 0.81 0.0 HG12 167 
   1384 8.22 0.0 H 126 
   1474 3.57 0.0 HA 133 
   987 19.5 0.0 CG2 90 
   1711 51.4 0.0 CD 152 
   312 66.4 0.0 CA 37 
   1200 66.4 0.0 CA 108 
   1608 55.6 0.0 CA 143 
   1590 1.64 0.0 HG 142 
   1894 21.8 0.0 CG1 166 
   1820 0.66 0.0 HD11 161 
   512 2.42 0.0 HG3 52 
   1303 117.4 0.0 CE2 118 
   710 2.54 0.0 HG3 69 
   1882 108.0 0.0 N 165 
   1899 1.86 0.0 HB 167 
   371 25.0 0.0 CG 41 
   1443 41.8 0.0 CE 130 
   1501 4.14 0.0 HA 135 
   772 40.5 0.0 CB 74 
   816 6.84 0.0 HH2 78 
   1766 33.1 0.0 CB 156 
   928 7.33 0.0 HD1 86 
   363 1.45 0.0 HG2 41 
   293 7.05 0.0 HH2 36 
   1229 22.5 0.0 CD2 110 
   229 1.65 0.0 HG3 31 
   28 1.24 0.0 HG22 14 
   320 2.23 0.0 HB3 38 
   1535 22.9 0.0 CG2 137 
   814 7.17 0.0 HZ2 78 
   313 31.3 0.0 CB 37 
   1255 25.6 0.0 CG 113 
   1028 2.13 0.0 HG13 94 
   1988 2.83 0.0 HB3 174 
   830 6.96 0.0 HD1 79 
   1947 33.5 0.0 CB 170 
   1314 27.1 0.0 CG 119 
   115 -0.19 0.0 HD13 21 
   754 30.6 0.0 CB 73 
   832 6.69 0.0 HE1 79 
   1719 7.16 0.0 HZ2 153 
   1770 7.92 0.0 H 157 
   1542 3.23 0.0 HD2 138 
   127 3.72 0.0 HD2 22 
   1584 44.0 0.0 CA 141 
   161 27.0 0.0 CD1 24 
   140 1.13 0.0 HG22 23 
   1599 26.2 0.0 CG 142 
   1003 3.68 0.0 HB3 92 
   1645 57.0 0.0 CA 146 
   383 35.5 0.0 CG 42 
   212 107.0 0.0 N 29 
   1231 7.36 0.0 H 111 
   582 6.69 0.0 HD21 59 
   643 42.6 0.0 CD 63 
   1802 3.0 0.0 HD2 159 
   75 3.81 0.0 HA 18 
   1669 43.3 0.0 CB 148 
   1109 1.25 0.0 HG22 100 
   674 0.91 0.0 HB2 66 
   872 39.0 0.0 CB 82 
   449 3.79 0.0 HA 48 
   224 8.5 0.0 H 31 
   528 4.38 0.0 HA 54 
   930 6.77 0.0 HE1 86 
   74 8.12 0.0 H 18 
   1524 4.01 0.0 HA 137 
   1378 54.2 0.0 CA 125 
   171 1.6 0.0 HD3 25 
   1844 38.3 0.0 CB 162 
   1307 1.79 0.0 HB3 119 
   677 66.8 0.0 CB 66 
   230 3.17 0.0 HD2 31 
   1632 0.45 0.0 HD23 145 
   1634 42.1 0.0 CB 145 
   1394 8.77 0.0 H 127 
   1870 2.92 0.0 HE2 164 
   1061 0.87 0.0 HD12 96 
   1094 3.55 0.0 HA 99 
   773 131.7 0.0 CD1 74 
   752 6.46 0.0 HH2 73 
   579 5.05 0.0 HA 59 
   783 107.1 0.0 N 75 
   90 3.98 0.0 HB2 19 
   525 119.5 0.0 N 53 
   834 57.7 0.0 CA 79 
   551 41.8 0.0 CE 55 
   1767 21.1 0.0 CG1 156 
   721 4.41 0.0 HA 71 
   1605 1.04 0.0 HB1 143 
   1181 1.96 0.0 HB 107 
   1377 0.33 0.0 HD23 125 
   998 35.4 0.0 CG 91 
   52 1.6 0.0 HG3 16 
   444 27.4 0.0 CG 47 
   935 132.9 0.0 CD2 86 
   1320 45.5 0.0 CA 120 
   1592 -0.51 0.0 HD12 142 
   259 2.16 0.0 HB2 34 
   1071 4.67 0.0 HB 97 
   1705 2.09 0.0 HG3 152 
   964 128.3 0.0 CZ 88 
   55 57.8 0.0 CA 16 
   1072 1.17 0.0 HG21 97 
   1952 8.55 0.0 H 171 
   681 3.07 0.0 HB2 67 
   1146 1.71 0.0 HB2 104 
   1722 62.3 0.0 CA 153 
   1853 2.49 0.0 HG2 163 
   1570 6.77 0.0 HE1 140 
   167 1.76 0.0 HB3 25 
   179 116.8 0.0 N 25 
   203 1.47 0.0 HB2 28 
   1868 1.5 0.0 HD2 164 
   1662 0.8 0.0 HD11 148 
   1546 24.1 0.0 CG 138 
   728 23.0 0.0 CG2 71 
   251 3.34 0.0 HD3 33 
   517 8.47 0.0 H 53 
   1713 4.06 0.0 HA 153 
   294 58.7 0.0 CA 36 
   1183 0.58 0.0 HG12 107 
   1412 7.96 0.0 H 129 
   1866 1.45 0.0 HG2 164 
   471 3.37 0.0 HD2 49 
   1217 1.6 0.0 HB3 110 
   1414 3.1 0.0 HB2 129 
   1281 56.2 0.0 CA 116 
   780 4.93 0.0 HA2 75 
   1382 22.6 0.0 CD2 125 
   1430 3.99 0.0 HA 130 
   1119 1.08 0.0 HG22 101 
   1396 2.61 0.0 HB2 127 
   83 64.2 0.0 CA 18 
   1280 2.0 0.0 HB3 116 
   391 58.5 0.0 CA 43 
   1958 55.9 0.0 CA 171 
   521 7.98 0.0 HD21 53 
   784 8.54 0.0 H 76 
   513 59.7 0.0 CA 52 
   1521 116.3 0.0 N 136 
   1777 29.2 0.0 CB 157 
   1188 58.3 0.0 CA 107 
   194 6.5 0.0 HD21 27 
   1742 57.8 0.0 CA 154 
   1353 -0.19 0.0 HD13 123 
   1243 8.33 0.0 H 113 
   1580 113.4 0.0 N 140 
   1989 7.61 0.0 HD21 174 
   1195 2.4 0.0 HB3 108 
   1198 3.48 0.0 HD2 108 
   813 7.27 0.0 HE3 78 
   1304 8.4 0.0 H 119 
   1539 1.47 0.0 HB3 138 
   1019 2.51 0.0 HB2 93 
   591 2.96 0.0 HB3 60 
   1753 53.8 0.0 CA 155 
   1944 2.96 0.0 HE2 170 
   318 4.09 0.0 HA 38 
   1609 18.0 0.0 CB 143 
   234 27.1 0.0 CG 31 
   612 121.9 0.0 N 61 
   945 54.3 0.0 CA 87 
   256 121.0 0.0 N 33 
   106 4.14 0.0 HA 21 
   931 6.77 0.0 HE2 86 
   451 1.26 0.0 HG12 48 
   1406 8.19 0.0 HE1 128 
   911 1.74 0.0 HB3 85 
   1040 121.6 0.0 N 94 
   1299 39.5 0.0 CB 118 
   2002 6.84 0.0 HE22 175 
   1597 57.5 0.0 CA 142 
   274 0.91 0.0 HD13 35 
   1801 2.05 0.0 HG3 159 
   1117 3.67 0.0 HB 101 
   1011 131.3 0.0 CD1 92 
   1141 31.9 0.0 CB 103 
   182 3.96 0.0 HB 26 
   840 121.1 0.0 N 79 
   78 0.94 0.0 HG12 18 
   350 0.86 0.0 HD21 40 
   726 61.7 0.0 CA 71 
   720 8.33 0.0 H 71 
   522 6.74 0.0 HD22 53 
   1311 3.21 0.0 HD3 119 
   860 2.85 0.0 HB2 81 
   803 3.39 0.0 HB3 77 
   977 1.29 0.0 HG13 90 
   1679 7.83 0.0 H 150 
   282 25.2 0.0 CD2 35 
   452 1.86 0.0 HG13 48 
   1912 14.6 0.0 CD1 167 
   1986 4.67 0.0 HA 174 
   1779 117.5 0.0 N 157 
   1999 2.31 0.0 HG2 175 
   1043 2.39 0.0 HB3 95 
   1216 1.6 0.0 HB2 110 
   93 63.2 0.0 CB 19 
   281 22.8 0.0 CD1 35 
   589 4.4 0.0 HA 60 
   1393 111.5 0.0 N 126 
   864 34.3 0.0 CB 81 
   1455 50.3 0.0 CD 131 
   960 131.7 0.0 CD1 88 
   1074 1.17 0.0 HG23 97 
   385 8.98 0.0 H 43 
   143 32.8 0.0 CB 23 
   1324 3.93 0.0 HA3 121 
   1134 0.87 0.0 HB2 103 
   1717 9.7 0.0 HE1 153 
   46 121.6 0.0 N 15 
   277 1.01 0.0 HD23 35 
   81 1.01 0.0 HG22 18 
   2007 112.3 0.0 NE2 175 
   1943 1.6 0.0 HD3 170 
   1283 119.1 0.0 N 116 
   408 117.8 0.0 CE2 44 
   109 1.61 0.0 HG13 21 
   706 4.19 0.0 HA 69 
   1795 8.6 0.0 CD1 158 
   927 3.29 0.0 HB3 86 
   213 2.52 0.0 HA 30 
   1240 3.79 0.0 HA3 112 
   1610 120.1 0.0 N 143 
   597 2.65 0.0 HB2 61 
   400 7.33 0.0 HD2 44 
   1152 35.9 0.0 CG 104 
   1103 25.1 0.0 CG 99 
   1567 2.06 0.0 HB3 140 
   1383 126.2 0.0 N 125 
   917 2.37 0.0 HE3 85 
   1098 1.77 0.0 HG3 99 
   788 1.43 0.0 HG2 76 
   220 63.2 0.0 CA 30 
   1695 125.1 0.0 N 150 
   496 0.78 0.0 HG11 51 
   892 4.47 0.0 HA 84 
   44 27.3 0.0 CG 15 
   795 38.2 0.0 CB 76 
   202 1.47 0.0 HB1 28 
   1823 0.73 0.0 HD21 161 
   1550 1.74 0.0 HB2 139 
   1680 4.08 0.0 HA 150 
   534 36.9 0.0 CB 54 
   1089 132.8 0.0 CD1 98 
   469 1.74 0.0 HG2 49 
   1252 3.12 0.0 HE3 113 
   1497 54.7 0.0 CA 134 
   1407 57.1 0.0 CA 128 
   1922 54.4 0.0 CA 168 
   1272 1.43 0.0 HB2 115 
   503 31.5 0.0 CB 51 
   956 7.18 0.0 HE2 88 
   1468 41.9 0.0 CB 132 
   335 1.47 0.0 HG3 39 
   134 4.44 0.0 HA 23 
   538 3.93 0.0 HA 55 
   575 55.3 0.0 CA 58 
   1185 0.93 0.0 HG21 107 
   361 2.06 0.0 HB2 41 
   13 29.4 0.0 CB 12 
   1493 4.17 0.0 HA 134 
   1124 114.3 0.0 N 101 
   1488 123.0 0.0 CZ3 133 
   163 126.3 0.0 N 24 
   1453 30.7 0.0 CB 131 
   1648 117.1 0.0 N 146 
   1068 118.2 0.0 N 96 
   196 51.1 0.0 CA 27 
   673 4.75 0.0 HA 66 
   1162 0.43 0.0 HD11 105 
   1973 32.8 0.0 CB 172 
   572 4.38 0.0 HA 58 
   1284 2.3 0.0 HG2 117 
   854 27.8 0.0 CG1 80 
   530 3.06 0.0 HB3 54 
   100 2.4 0.0 HG3 20 
   492 119.9 0.0 N 50 
   622 5.65 0.0 HZ 62 
   1375 0.33 0.0 HD21 125 
   1578 129.7 0.0 CE2 140 
   1030 0.7 0.0 HG22 94 
   1417 7.05 0.0 HD2 129 
   601 7.9 0.0 HE3 61 
   479 4.78 0.0 HA 50 
   642 26.9 0.0 CG 63 
   794 53.9 0.0 CA 76 
   1967 1.43 0.0 HG3 172 
   660 24.2 0.0 CD2 64 
   1450 3.64 0.0 HD2 131 
   1099 3.44 0.0 HD2 99 
   1563 122.6 0.0 N 139 
   165 4.41 0.0 HA 25 
   1427 129.2 0.0 CZ 129 
   1581 9.74 0.0 H 141 
   1786 0.42 0.0 HG22 158 
   1629 -0.05 0.0 HD13 145 
   514 29.2 0.0 CB 52 
   73 119.6 0.0 N 17 
   1651 1.22 0.0 HB1 147 
   932 57.5 0.0 CA 86 
   303 7.5 0.0 H 37 
   709 2.34 0.0 HG2 69 
   733 1.73 0.0 HB3 72 
   1755 115.0 0.0 N 155 
   1971 2.95 0.0 HE3 172 
   736 3.09 0.0 HD2 72 
   1832 8.16 0.0 H 162 
   555 2.93 0.0 HB2 56 
   1963 4.4 0.0 HA 172 
   1995 8.36 0.0 H 175 
   898 0.41 0.0 HD13 84 
   1436 1.74 0.0 HD3 130 
   1238 8.62 0.0 H 112 
   1661 1.64 0.0 HG 148 
   988 14.6 0.0 CD1 90 
   415 2.64 0.0 HG3 45 
   635 1.6 0.0 HG2 63 
   290 7.31 0.0 HE3 36 
   175 35.9 0.0 CB 25 
   267 8.01 0.0 H 35 
   1104 49.5 0.0 CD 99 
   384 119.4 0.0 N 42 
   1746 27.6 0.0 CD2 154 
   1092 116.0 0.0 CE2 98 
   216 1.05 0.0 HG2 30 
   1275 18.9 0.0 CB 115 
   1824 0.73 0.0 HD22 161 
   502 67.2 0.0 CA 51 
   760 125.1 0.0 N 73 
   680 4.76 0.0 HA 67 
   292 7.51 0.0 HZ3 36 
   1165 62.8 0.0 CA 105 
   753 55.4 0.0 CA 73 
   124 2.46 0.0 HB3 22 
   566 1.5 0.0 HB2 57 
   646 5.07 0.0 HA 64 
   357 24.3 0.0 CD2 40 
   1461 0.93 0.0 HD11 132 
   63 1.01 0.0 HG11 17 
   1812 57.2 0.0 CA 160 
   1197 2.12 0.0 HG3 108 
   1095 1.45 0.0 HB2 99 
   983 0.71 0.0 HD13 90 
   1276 128.2 0.0 N 115 
   374 118.4 0.0 N 41 
   1042 1.84 0.0 HB2 95 
   1088 42.0 0.0 CB 98 
   1562 41.9 0.0 CE 139 
   1256 29.1 0.0 CD 113 
   463 13.2 0.0 CD1 48 
   605 56.9 0.0 CA 61 
   1230 116.5 0.0 N 110 
   1478 9.6 0.0 HE1 133 
   1287 1.89 0.0 HE2 117 
   747 6.4 0.0 HD1 73 
   1720 6.36 0.0 HZ3 153 
   638 3.25 0.0 HD3 63 
   1127 0.01 0.0 HB1 102 
   1459 1.92 0.0 HB3 132 
   630 115.3 0.0 N 62 
   136 0.96 0.0 HG11 23 
   1638 121.2 0.0 N 145 
   578 8.55 0.0 H 59 
   122 4.51 0.0 HA 22 
   599 7.87 0.0 HD1 61 
   613 127.8 0.0 NE1 61 
   654 0.91 0.0 HD22 64 
   410 8.21 0.0 H 45 
   1600 23.0 0.0 CD1 142 
   1036 36.4 0.0 CB 94 
   298 114.2 0.0 CZ2 36 
   1346 0.57 0.0 HG12 123 
   1323 3.93 0.0 HA2 121 
   386 4.33 0.0 HA 43 
   919 34.2 0.0 CB 85 
   1701 4.25 0.0 HA 152 
   16 8.44 0.0 H 13 
   1494 1.5 0.0 HB1 134 
   307 0.99 0.0 HG12 37 
   679 8.15 0.0 H 67 
   1000 8.46 0.0 H 92 
   1623 4.15 0.0 HA 145 
   218 2.45 0.0 HD2 30 
   1877 115.9 0.0 N 164 
   1271 1.43 0.0 HB1 115 
   304 3.36 0.0 HA 37 
   1176 50.2 0.0 CA 106 
   981 0.71 0.0 HD11 90 
   241 55.0 0.0 CA 32 
   1752 1.43 0.0 HB3 155 
   641 33.8 0.0 CB 63 
   322 2.45 0.0 HG3 38 
   509 2.1 0.0 HB2 52 
   1688 1.16 0.0 HD22 150 
   1676 3.16 0.0 HA3 149 
   1682 2.33 0.0 HB3 150 
   128 4.08 0.0 HD3 22 
   914 1.27 0.0 HD2 85 
   1552 1.26 0.0 HG2 139 
   1336 2.91 0.0 HE3 122 
   659 24.3 0.0 CD1 64 
   1024 8.43 0.0 H 94 
   1932 57.3 0.0 CA 169 
   862 7.19 0.0 HD2 81 
   104 119.8 0.0 N 20 
   191 4.6 0.0 HA 27 
   390 2.75 0.0 HG3 43 
   1317 8.98 0.0 H 120 
   1031 0.7 0.0 HG23 94 
   42 58.2 0.0 CA 15 
   870 2.87 0.0 HB3 82 
   466 4.23 0.0 HA 49 
   704 123.1 0.0 N 68 
   744 4.72 0.0 HA 73 
   763 5.33 0.0 HA 74 
   559 55.3 0.0 CA 56 
   117 39.1 0.0 CB 21 
   672 7.8 0.0 H 66 
   524 37.4 0.0 CB 53 
   1698 3.72 0.0 HA3 151 
   1258 117.5 0.0 N 113 
   1809 4.33 0.0 HA 160 
   967 5.42 0.0 HA 89 
   1245 1.76 0.0 HB2 113 
   108 0.36 0.0 HG12 21 
   1312 57.4 0.0 CA 119 
   785 5.61 0.0 HA 76 
   922 41.3 0.0 CE 85 
   470 1.93 0.0 HG3 49 
   693 1.46 0.0 HG2 68 
   741 43.1 0.0 CD 72 
   1636 25.8 0.0 CD1 145 
   936 117.5 0.0 CE1 86 
   1990 6.91 0.0 HD22 174 
   336 2.71 0.0 HD2 39 
   1956 2.2 0.0 HG2 171 
   347 0.84 0.0 HD11 40 
   1594 0.37 0.0 HD21 142 
   519 3.0 0.0 HB2 53 
   1793 28.2 0.0 CG1 158 
   504 23.6 0.0 CG1 51 
   893 0.6 0.0 HB2 84 
   1942 1.6 0.0 HD2 170 
   1083 7.86 0.0 HD1 98 
   825 131.3 0.0 NE1 78 
   1732 3.58 0.0 HA 154 
   262 2.42 0.0 HG3 34 
   507 8.37 0.0 H 52 
   546 2.84 0.0 HE3 55 
   1434 1.72 0.0 HG3 130 
   1751 1.43 0.0 HB2 155 
   1875 29.2 0.0 CD 164 
   511 2.31 0.0 HG2 52 
   8 2.03 0.0 HB2 12 
   2003 56.0 0.0 CA 175 
   1516 1.28 0.0 HB3 136 
   189 121.3 0.0 N 26 
   1291 4.86 0.0 HA 118 
   586 116.4 0.0 N 59 
   1325 45.6 0.0 CA 121 
   491 118.8 0.0 CE2 50 
   1747 118.8 0.0 N 154 
   1351 -0.19 0.0 HD11 123 
   102 30.1 0.0 CB 20 
   1210 58.3 0.0 CA 109 
   1328 4.58 0.0 HA 122 
   1070 4.43 0.0 HA 97 
   1593 -0.51 0.0 HD13 142 
   751 6.65 0.0 HZ3 73 
   1279 2.0 0.0 HB2 116 
   69 64.5 0.0 CA 17 
   1233 2.6 0.0 HB2 111 
   1523 6.64 0.0 H 137 
   1559 32.6 0.0 CB 139 
   810 3.29 0.0 HB3 78 
   565 1.5 0.0 HB1 57 
   1843 65.1 0.0 CA 162 
   348 0.84 0.0 HD12 40 
   1081 2.76 0.0 HB2 98 
   1822 0.66 0.0 HD13 161 
   1365 27.0 0.0 CB 124 
   427 5.22 0.0 HG 46 
   1203 49.8 0.0 CD 108 
   633 1.82 0.0 HB2 63 
   1421 62.4 0.0 CA 129 
   1579 130.1 0.0 CZ 140 
   1166 38.7 0.0 CB 105 
   412 2.23 0.0 HB2 45 
   536 104.6 0.0 ND2 54 
   85 21.7 0.0 CG1 18 
   326 28.0 0.0 CB 38 
   1347 0.7 0.0 HG13 123 
   1872 56.9 0.0 CA 164 
   495 2.1 0.0 HB 51 
   1818 1.9 0.0 HB3 161 
   1902 0.95 0.0 HG21 167 
   1536 122.5 0.0 N 137 
   970 54.7 0.0 CA 89 
   563 7.52 0.0 H 57 
   802 2.94 0.0 HB2 77 
   777 129.4 0.0 CZ 74 
   902 53.6 0.0 CA 84 
   906 24.8 0.0 CD2 84 
   1333 1.6 0.0 HD2 122 
   676 55.8 0.0 CA 66 
   1825 0.73 0.0 HD23 161 
   424 4.12 0.0 HA 46 
   328 118.6 0.0 N 38 
   433 1.79 0.0 HB2 47 
   838 117.3 0.0 CE1 79 
   380 2.69 0.0 HG3 42 
   184 1.25 0.0 HG22 26 
   890 108.0 0.0 N 83 
   1949 29.2 0.0 CD 170 
   846 0.64 0.0 HG21 80 
   1064 37.7 0.0 CB 96 
   1783 0.82 0.0 HG12 158 
   1991 53.2 0.0 CA 174 
   667 2.03 0.0 HG3 65 
   255 43.1 0.0 CD 33 
   425 3.98 0.0 HB2 46 
   1224 0.68 0.0 HD23 110 
   1385 4.28 0.0 HA 126 
   1221 0.5 0.0 HD13 110 
   1265 58.4 0.0 CA 114 
   574 3.11 0.0 HB3 58 
   155 1.18 0.0 HD21 24 
   1773 0.96 0.0 HB3 157 
   1577 129.7 0.0 CE1 140 
   787 1.49 0.0 HB3 76 
   395 8.83 0.0 H 44 
   252 58.8 0.0 CA 33 
   1928 4.05 0.0 HA 169 
   1834 1.39 0.0 HB 162 
   1156 1.26 0.0 HB 105 
   1876 41.8 0.0 CE 164 
   1664 0.8 0.0 HD13 148 
   819 125.9 0.0 CD1 78 
   1980 2.81 0.0 HB2 173 
   1065 27.8 0.0 CG1 96 
   62 2.21 0.0 HB 17 
   1138 2.95 0.0 HD2 103 
   999 117.4 0.0 N 91 
   1129 0.01 0.0 HB3 102 
   905 22.3 0.0 CD1 84 
   1190 20.0 0.0 CG1 107 
   631 8.75 0.0 H 63 
   616 2.1 0.0 HB2 62 
   1788 0.18 0.0 HD11 158 
   295 29.5 0.0 CB 36 
   1180 4.9 0.0 HA 107 
   15 122.1 0.0 N 12 
   1206 2.17 0.0 HB2 109 
   626 132.0 0.0 CD2 62 
   1212 36.8 0.0 CG 109 
   1415 3.22 0.0 HB3 129 
   755 123.5 0.0 CD1 73 
   1741 1.14 0.0 HD23 154 
   1293 3.08 0.0 HB3 118 
   1014 129.9 0.0 CE2 92 
   1543 3.45 0.0 HD3 138 
   228 1.58 0.0 HG2 31 
   687 116.8 0.0 N 67 
   865 119.9 0.0 CD2 81 
   756 119.8 0.0 CE3 73 
   791 1.68 0.0 HD3 76 
   541 1.31 0.0 HG2 55 
   68 1.1 0.0 HG23 17 
   786 1.44 0.0 HB2 76 
   1077 22.0 0.0 CG2 97 
   1512 113.5 0.0 N 135 
   1858 27.9 0.0 CB 163 
   195 7.45 0.0 HD22 27 
   1924 33.7 0.0 CG 168 
   1702 1.82 0.0 HB2 152 
   319 2.23 0.0 HB2 38 
   603 6.87 0.0 HZ3 61 
   836 131.9 0.0 CD1 79 
   411 4.15 0.0 HA 45 
   1297 6.74 0.0 HE2 118 
   1433 1.42 0.0 HG2 130 
   1429 8.59 0.0 H 130 
   1452 65.5 0.0 CA 131 
   232 56.1 0.0 CA 31 
   1112 67.9 0.0 CB 100 
   1319 3.69 0.0 HA3 120 
   430 114.9 0.0 N 46 
   1606 1.04 0.0 HB2 143 
   270 1.81 0.0 HB3 35 
   440 0.98 0.0 HD22 47 
   1059 0.98 0.0 HG23 96 
   1925 121.6 0.0 N 168 
   2 2.76 0.0 HB2 11 
   996 55.2 0.0 CA 91 
   1985 8.55 0.0 H 174 
   1987 2.77 0.0 HB2 174 
   722 4.57 0.0 HB 71 
   1306 1.79 0.0 HB2 119 
   1847 14.9 0.0 CD1 162 
   242 40.8 0.0 CB 32 
   404 37.9 0.0 CB 44 
   876 1.57 0.0 HB2 83 
   1483 61.0 0.0 CA 133 
   1561 29.3 0.0 CD 139 
   1015 127.8 0.0 CZ 92 
   1892 63.3 0.0 CA 166 
   2004 29.2 0.0 CB 175 
   1529 1.08 0.0 HG21 137 
   56 30.2 0.0 CB 16 
   1500 7.5 0.0 H 135 
   827 4.84 0.0 HA 79 
   564 4.51 0.0 HA 57 
   1531 1.08 0.0 HG23 137 
   1693 23.0 0.0 CD1 150 
   393 34.7 0.0 CG 43 
   1992 38.6 0.0 CB 174 
   812 10.66 0.0 HE1 78 
   201 4.74 0.0 HA 28 
   700 31.8 0.0 CB 68 
   1948 24.8 0.0 CG 170 
   1390 62.4 0.0 CA 126 
   1739 1.14 0.0 HD21 154 
   553 8.2 0.0 H 56 
   995 2.13 0.0 HG3 91 
   1266 68.6 0.0 CB 114 
   1035 55.2 0.0 CA 94 
   1448 1.99 0.0 HG2 131 
   338 58.1 0.0 CA 39 
   818 32.6 0.0 CB 78 
   82 1.01 0.0 HG23 18 
   636 1.74 0.0 HG3 63 
   1395 4.38 0.0 HA 127 
   1975 29.1 0.0 CD 172 
   1424 131.7 0.0 CD2 129 
   823 123.5 0.0 CH2 78 
   211 44.9 0.0 CA 29 
   12 58.2 0.0 CA 12 
   1211 30.2 0.0 CB 109 
   6 8.75 0.0 H 12 
   1691 42.2 0.0 CB 150 
   455 0.97 0.0 HG23 48 
   1540 1.25 0.0 HG2 138 
   617 2.5 0.0 HB3 62 
   149 1.51 0.0 HB2 24 
   296 127.0 0.0 CD1 36 
   456 0.92 0.0 HD11 48 
   394 120.6 0.0 N 43 
   577 116.9 0.0 N 58 
   490 118.8 0.0 CE1 50 
   49 1.9 0.0 HB2 16 
   1709 32.1 0.0 CB 152 
   1173 1.34 0.0 HB1 106 
   1723 29.6 0.0 CB 153 
   1358 13.5 0.0 CD1 123 
   1997 1.94 0.0 HB2 175 
   265 36.3 0.0 CG 34 
   634 1.82 0.0 HB3 63 
   342 8.86 0.0 H 40 
   1214 7.93 0.0 H 110 
   1471 26.2 0.0 CD2 132 
   21 54.2 0.0 CA 13 
   745 1.04 0.0 HB2 73 
   1269 8.73 0.0 H 115 
   500 0.8 0.0 HG22 51 
   187 68.1 0.0 CB 26 
   261 2.42 0.0 HG2 34 
   91 3.98 0.0 HB3 19 
   894 1.93 0.0 HB3 84 
   225 4.34 0.0 HA 31 
   1300 132.5 0.0 CD1 118 
   1974 24.7 0.0 CG 172 
   421 117.4 0.0 N 45 
   1544 64.6 0.0 CA 138 
   1647 32.2 0.0 CG 146 
   866 126.2 0.0 N 81 
   1828 26.2 0.0 CG 161 
   1673 110.9 0.0 N 148 
   640 54.8 0.0 CA 63 
   1457 3.95 0.0 HA 132 
   644 118.8 0.0 N 63 
   1513 7.18 0.0 H 136 
   910 1.51 0.0 HB2 85 
   1527 0.66 0.0 HG12 137 
   1046 3.51 0.0 HD2 95 
   159 41.3 0.0 CB 24 
   727 69.3 0.0 CB 71 
   435 1.91 0.0 HG 47 
   1933 30.1 0.0 CB 169 
   975 1.75 0.0 HB 90 
   549 25.6 0.0 CG 55 
   88 8.07 0.0 H 19 
   1842 0.01 0.0 HD13 162 
   1464 1.04 0.0 HD21 132 
   1007 6.63 0.0 HE2 92 
   1778 34.2 0.0 CG 157 
   1168 17.5 0.0 CG2 105 
   1191 22.2 0.0 CG2 107 
   1315 42.9 0.0 CD 119 
   878 1.45 0.0 HG 83 
   1037 26.8 0.0 CG1 94 
   289 9.86 0.0 HE1 36 
   462 17.0 0.0 CG2 48 
   1041 4.62 0.0 HA 95 
   1034 0.45 0.0 HD13 94 
   1322 8.15 0.0 H 121 
   53 3.21 0.0 HD2 16 
   101 56.0 0.0 CA 20 
   695 1.69 0.0 HD2 68 
   130 31.8 0.0 CB 22 
   770 6.92 0.0 HZ 74 
   1757 3.87 0.0 HA 156 
   1458 1.61 0.0 HB2 132 
   22 18.5 0.0 CB 13 
   1611 7.37 0.0 H 144 
   650 0.91 0.0 HD11 64 
   30 64.2 0.0 CA 14 
   1158 1.15 0.0 HG13 105 
   1268 110.1 0.0 N 114 
   1063 64.5 0.0 CA 96 
   111 0.18 0.0 HG22 21 
   1772 0.27 0.0 HB2 157 
   1411 114.8 0.0 N 128 
   378 2.71 0.0 HB3 42 
   453 0.97 0.0 HG21 48 
   1668 54.5 0.0 CA 148 
   1962 8.44 0.0 H 172 
   141 1.13 0.0 HG23 23 
   1671 26.1 0.0 CD1 148 
   45 43.1 0.0 CD 15 
   1334 1.73 0.0 HD3 122 
   1055 1.32 0.0 HG12 96 
   1993 121.0 0.0 N 174 
   1226 42.1 0.0 CB 110 
   1750 1.43 0.0 HB1 155 
   1859 33.7 0.0 CG 163 
   351 0.86 0.0 HD22 40 
   1397 2.68 0.0 HB3 127 
   888 25.2 0.0 CD1 83 
   1465 1.04 0.0 HD22 132 
   712 29.6 0.0 CB 69 
   317 7.16 0.0 H 38 
   382 29.2 0.0 CB 42 
   850 0.82 0.0 HD12 80 
   1727 119.6 0.0 CZ3 153 
   185 1.25 0.0 HG23 26 
   436 0.93 0.0 HD11 47 
   632 4.37 0.0 HA 63 
   926 2.88 0.0 HB2 86 
   1658 4.51 0.0 HA 148 
   1456 6.93 0.0 H 132 
   948 122.6 0.0 N 87 
   767 6.87 0.0 HD2 74 
   717 3.53 0.0 HA3 70 
   749 7.03 0.0 HE3 73 
   596 4.27 0.0 HA 61 
   1454 27.9 0.0 CG 131 
   1264 1.17 0.0 HG23 114 
   1123 21.0 0.0 CG2 101 
   1936 8.48 0.0 H 170 
   1110 1.25 0.0 HG23 100 
   345 1.42 0.0 HB3 40 
   1724 127.0 0.0 CD1 153 
   558 7.75 0.0 HD22 56 
   484 6.97 0.0 HE1 50 
   1053 3.78 0.0 HA 96 
   1874 26.3 0.0 CG 164 
   1005 6.51 0.0 HD2 92 
   1910 25.3 0.0 CG1 167 
   713 37.3 0.0 CG 69 
   946 34.7 0.0 CB 87 
   221 31.7 0.0 CB 30 
   782 45.8 0.0 CA 75 
   1405 7.06 0.0 HD2 128 
   568 51.2 0.0 CA 57 
   1370 1.68 0.0 HB3 125 
   498 0.78 0.0 HG13 51 
   885 57.1 0.0 CA 83 
   285 4.72 0.0 HA 36 
   685 51.6 0.0 CA 67 
   64 1.01 0.0 HG12 17 
   1573 51.9 0.0 CA 140 
   1027 1.78 0.0 HG12 94 
   1890 1.0 0.0 HG22 166 
   1236 41.0 0.0 CB 111 
   761 127.0 0.0 NE1 73 
   340 26.9 0.0 CG 39 
   178 41.8 0.0 CE 25 
   299 120.3 0.0 CZ3 36 
   316 116.1 0.0 N 37 
   887 26.8 0.0 CG 83 
   1954 1.93 0.0 HB2 171 
   364 1.73 0.0 HG3 41 
   331 4.12 0.0 HA 39 
   344 0.97 0.0 HB2 40 
   656 54.3 0.0 CA 64 
   688 110.7 0.0 ND2 67 
   222 27.2 0.0 CG 30 
   1261 4.2 0.0 HB 114 
   1998 2.08 0.0 HB3 175 
   1204 9.68 0.0 H 109 
   1310 3.21 0.0 HD2 119 
   1227 26.9 0.0 CG 110 
   1914 8.64 0.0 H 168 
   539 1.91 0.0 HB2 55 
   1704 1.84 0.0 HG2 152 
   985 42.8 0.0 CB 90 
   239 3.17 0.0 HB2 32 
   1049 32.4 0.0 CB 95 
   1172 5.09 0.0 HA 106 
   1213 116.4 0.0 N 109 
   1234 2.72 0.0 HB3 111 
   1555 1.62 0.0 HD3 139 
   953 7.16 0.0 HD1 88 
   59 120.5 0.0 N 16 
   1205 4.3 0.0 HA 109 
   162 25.5 0.0 CD2 24 
   193 3.25 0.0 HB3 27 
   1472 119.9 0.0 N 132 
   1167 27.6 0.0 CG1 105 
   1004 6.51 0.0 HD1 92 
   1025 4.37 0.0 HA 94 
   1760 0.75 0.0 HG12 156 
   11 2.32 0.0 HG3 12 
   112 0.18 0.0 HG23 21 
   1111 67.1 0.0 CA 100 
   142 61.6 0.0 CA 23 
   260 2.16 0.0 HB3 34 
   99 2.21 0.0 HG2 20 
   1006 6.63 0.0 HE1 92 
   1733 1.24 0.0 HB2 154 
   87 118.3 0.0 N 18 
   121 122.5 0.0 N 21 
   1881 45.6 0.0 CA 165 
   1153 119.5 0.0 N 104 
   1354 61.9 0.0 CA 123 
   137 0.96 0.0 HG12 23 
   1913 112.3 0.0 N 167 
   1765 63.4 0.0 CA 156 
   1249 1.6 0.0 HD2 113 
   1787 0.42 0.0 HG23 158 
   1479 7.41 0.0 HE3 133 
   465 7.64 0.0 H 49 
   1026 2.04 0.0 HB 94 
   1586 10.28 0.0 H 142 
   1964 1.72 0.0 HB2 172 
   1001 4.95 0.0 HA 92 
   1350 -0.36 0.0 HG23 123 
   1491 130.6 0.0 NE1 133 
   1518 7.29 0.0 HD22 136 
   1340 28.9 0.0 CD 122 
   1381 25.2 0.0 CD1 125 
   1830 22.9 0.0 CD2 161 
   655 0.91 0.0 HD23 64 
   1754 18.2 0.0 CB 155 
   43 30.1 0.0 CB 15 
   1331 1.04 0.0 HG2 122 
   973 8.46 0.0 H 90 
   1744 26.8 0.0 CG 154 
   903 43.1 0.0 CB 84 
   150 1.88 0.0 HB3 24 
   657 48.2 0.0 CB 64 
   989 113.7 0.0 N 90 
   353 57.5 0.0 CA 40 
   429 62.7 0.0 CB 46 
   36 1.87 0.0 HB2 15 
   1277 8.32 0.0 H 116 
   1097 1.5 0.0 HG2 99 
   826 9.23 0.0 H 79 
   742 123.7 0.0 N 72 
   971 41.3 0.0 CB 89 
   1441 26.5 0.0 CG 130 
   1643 2.21 0.0 HG2 146 
   915 1.28 0.0 HD3 85 
   1447 2.29 0.0 HB3 131 
   1096 2.2 0.0 HB3 99 
   797 29.6 0.0 CD 76 
   1652 1.22 0.0 HB2 147 
   1921 7.47 0.0 HE22 168 
   669 34.1 0.0 CB 65 
   621 5.55 0.0 HE2 62 
   620 5.55 0.0 HE1 62 
   375 7.68 0.0 H 42 
   1177 21.6 0.0 CB 106 
   70 32.2 0.0 CB 17 
   477 119.0 0.0 N 49 
   569 19.0 0.0 CB 57 
   1861 111.2 0.0 NE2 163 
   1860 121.6 0.0 N 163 
   552 122.1 0.0 N 55 
   1891 1.0 0.0 HG23 166 
   7 4.11 0.0 HA 12 
   153 1.0 0.0 HD12 24 
   399 7.33 0.0 HD1 44 
   356 24.3 0.0 CD1 40 
   139 1.13 0.0 HG21 23 
   1362 2.23 0.0 HB2 124 
   980 1.02 0.0 HG23 90 
   250 3.34 0.0 HD2 33 
   297 122.1 0.0 CE3 36 
   698 3.0 0.0 HE3 68 
   548 32.2 0.0 CB 55 
   1296 6.74 0.0 HE1 118 
   1725 119.6 0.0 CE3 153 
   824 117.5 0.0 N 78 
   1263 1.17 0.0 HG22 114 
   1298 53.1 0.0 CA 118 
   1193 4.13 0.0 HA 108 
   1685 0.87 0.0 HD12 150 
   1349 -0.36 0.0 HG22 123 
   1422 39.5 0.0 CB 129 
   1923 31.6 0.0 CB 168 
   1102 33.2 0.0 CB 99 
   1797 3.52 0.0 HA 159 
   156 1.18 0.0 HD22 24 
   609 113.7 0.0 CZ2 61 
   1896 115.2 0.0 N 166 
   168 1.29 0.0 HG2 25 
   671 122.0 0.0 N 65 
   653 0.91 0.0 HD21 64 
   1585 112.9 0.0 N 141 
   181 3.89 0.0 HA 26 
   1159 0.67 0.0 HG21 105 
   1403 3.23 0.0 HB2 128 
   1670 27.0 0.0 CG 148 
   199 107.7 0.0 ND2 27 
   172 2.92 0.0 HE2 25 
   1749 3.86 0.0 HA 155 
   389 2.14 0.0 HG2 43 
   460 37.8 0.0 CB 48 
   1039 8.7 0.0 CD1 94 
   1338 32.9 0.0 CB 122 
   505 21.0 0.0 CG2 51 
   1045 1.91 0.0 HG3 95 
   1976 41.8 0.0 CE 172 
   1981 2.88 0.0 HB3 173 
   1945 2.96 0.0 HE3 170 
   991 5.29 0.0 HA 91 
   231 3.17 0.0 HD3 31 
   192 2.32 0.0 HB2 27 
   1033 0.45 0.0 HD12 94 
   1437 2.99 0.0 HE2 130 
   1462 0.93 0.0 HD12 132 
   806 114.4 0.0 N 77 
   1700 105.7 0.0 N 151 
   1114 122.2 0.0 N 100 
   233 29.5 0.0 CB 31 
   1903 0.95 0.0 HG22 167 
   750 7.02 0.0 HZ2 73 
   561 118.9 0.0 N 56 
   699 59.8 0.0 CA 68 
   1915 4.83 0.0 HA 168 
   1745 23.0 0.0 CD1 154 
   1435 1.73 0.0 HD2 130 
   1588 0.74 0.0 HB2 142 
   1341 41.8 0.0 CE 122 
   32 22.0 0.0 CG2 14 
   1032 0.45 0.0 HD11 94 
   1426 129.8 0.0 CE2 129 
   1758 1.8 0.0 HB 156 
   2001 7.5 0.0 HE21 175 
   1080 4.69 0.0 HA 98 
   1484 27.6 0.0 CB 133 
   1163 0.43 0.0 HD12 105 
   1805 30.6 0.0 CB 159 
   1762 0.93 0.0 HG21 156 
   237 8.17 0.0 H 32 
   226 1.82 0.0 HB2 31 
   354 41.3 0.0 CB 40 
   236 116.8 0.0 N 31 
   1895 21.8 0.0 CG2 166 
   913 1.18 0.0 HG3 85 
   1360 7.71 0.0 H 124 
   494 3.25 0.0 HA 51 
   1445 4.38 0.0 HA 131 
   628 133.7 0.0 CE2 62 
   258 4.24 0.0 HA 34 
   811 7.03 0.0 HD1 78 
   877 2.1 0.0 HB3 83 
   861 3.25 0.0 HB3 81 
   47 8.18 0.0 H 16 
   1132 126.2 0.0 N 102 
   403 62.3 0.0 CA 44 
   1444 118.4 0.0 N 130 
   661 123.1 0.0 N 64 
   891 7.9 0.0 H 84 
   1736 0.88 0.0 HD11 154 
   1050 27.0 0.0 CG 95 
   1115 7.25 0.0 H 101 
   808 6.21 0.0 HA 78 
   801 5.55 0.0 HA 77 
   764 3.1 0.0 HB2 74 
   738 56.1 0.0 CA 72 
   414 2.54 0.0 HG2 45 
   1927 8.65 0.0 H 169 
   1966 1.35 0.0 HG2 172 
   27 1.24 0.0 HG21 14 
   1369 1.43 0.0 HB2 125 
   301 121.6 0.0 N 36 
   1460 1.53 0.0 HG 132 
   1547 48.1 0.0 CD 138 
   625 132.0 0.0 CD1 62 
   334 1.47 0.0 HG2 39 
   1253 56.4 0.0 CA 113 
   944 2.0 0.0 HG3 87 
   689 8.83 0.0 H 68 
   392 28.4 0.0 CB 43 
   10 2.32 0.0 HG2 12 
   157 1.18 0.0 HD23 24 
   1154 8.55 0.0 H 105 
   724 1.1 0.0 HG22 71 
   1886 1.0 0.0 HG11 166 
   1554 1.56 0.0 HD2 139 
   19 1.47 0.0 HB2 13 
   1510 27.0 0.0 CG 135 
   759 123.7 0.0 CH2 73 
   588 8.49 0.0 H 60 
   448 8.86 0.0 H 48 
   1904 0.95 0.0 HG23 167 
   1332 1.23 0.0 HG3 122 
   1591 -0.51 0.0 HD11 142 
   5 40.9 0.0 CB 11 
   215 1.42 0.0 HB3 30 
   1379 41.7 0.0 CB 125 
   1756 6.91 0.0 H 156 
   314 21.0 0.0 CG1 37 
   740 27.4 0.0 CG 72 
   739 32.8 0.0 CB 72 
   1769 113.1 0.0 N 156 
   1169 14.7 0.0 CD1 105 
   476 42.2 0.0 CD 49 
   89 4.33 0.0 HA 19 
   377 2.27 0.0 HB2 42 
   547 60.5 0.0 CA 55 
   1326 107.3 0.0 N 121 
   405 131.7 0.0 CD1 44 
   581 2.76 0.0 HB3 59 
   1626 1.11 0.0 HG 145 
   618 5.47 0.0 HD1 62 
   1850 4.04 0.0 HA 163 
   576 39.1 0.0 CB 58 
   214 1.05 0.0 HB2 30 
   66 1.1 0.0 HG21 17 
   1143 49.2 0.0 CD 103 
   1718 7.08 0.0 HE3 153 
   952 3.07 0.0 HB3 88 
   1202 27.1 0.0 CG 108 
   291 7.92 0.0 HZ2 36 
   254 27.3 0.0 CG 33 
   992 2.07 0.0 HB2 91 
   1100 3.8 0.0 HD3 99 
   1487 113.9 0.0 CZ2 133 
   690 3.96 0.0 HA 68 
