   1024 8.43 0.0 H 94 
   952 3.07 0.0 HB3 88 
   1799 2.07 0.0 HB3 159 
   307 0.99 0.0 HG12 37 
   235 43.1 0.0 CD 31 
   1706 3.08 0.0 HD2 152 
   1519 53.4 0.0 CA 136 
   1396 2.61 0.0 HB2 127 
   1924 33.7 0.0 CG 168 
   293 7.05 0.0 HH2 36 
   932 57.5 0.0 CA 86 
   1997 1.94 0.0 HB2 175 
   1659 1.74 0.0 HB2 148 
   638 3.25 0.0 HD3 63 
   1487 113.9 0.0 CZ2 133 
   1914 8.64 0.0 H 168 
   1507 3.11 0.0 HD3 135 
   758 120.1 0.0 CZ3 73 
   421 117.4 0.0 N 45 
   114 -0.19 0.0 HD12 21 
   1224 0.68 0.0 HD23 110 
   1906 0.85 0.0 HD12 167 
   784 8.54 0.0 H 76 
   21 54.2 0.0 CA 13 
   471 3.37 0.0 HD2 49 
   839 117.3 0.0 CE2 79 
   222 27.2 0.0 CG 30 
   872 39.0 0.0 CB 82 
   1767 21.1 0.0 CG1 156 
   167 1.76 0.0 HB3 25 
   580 2.37 0.0 HB2 59 
   1951 123.6 0.0 N 170 
   1219 0.5 0.0 HD11 110 
   1431 1.96 0.0 HB2 130 
   1567 2.06 0.0 HB3 140 
   770 6.92 0.0 HZ 74 
   2003 56.0 0.0 CA 175 
   1806 28.7 0.0 CG 159 
   1060 0.87 0.0 HD11 96 
   1880 4.11 0.0 HA3 165 
   170 1.6 0.0 HD2 25 
   925 4.52 0.0 HA 86 
   978 1.02 0.0 HG21 90 
   25 4.07 0.0 HA 14 
   1839 0.81 0.0 HG23 162 
   129 63.3 0.0 CA 22 
   1483 61.0 0.0 CA 133 
   1000 8.46 0.0 H 92 
   467 1.95 0.0 HB2 49 
   159 41.3 0.0 CB 24 
   249 1.85 0.0 HG3 33 
   1939 1.7 0.0 HB3 170 
   124 2.46 0.0 HB3 22 
   187 68.1 0.0 CB 26 
   1769 113.1 0.0 N 156 
   1068 118.2 0.0 N 96 
   1851 2.24 0.0 HB2 163 
   665 1.81 0.0 HB3 65 
   1121 59.6 0.0 CA 101 
   1086 7.33 0.0 HE2 98 
   1012 131.3 0.0 CD2 92 
   1149 2.24 0.0 HG3 104 
   1385 4.28 0.0 HA 126 
   1240 3.79 0.0 HA3 112 
   850 0.82 0.0 HD12 80 
   1426 129.8 0.0 CE2 129 
   1299 39.5 0.0 CB 118 
   1881 45.6 0.0 CA 165 
   1280 2.0 0.0 HB3 116 
   34 8.07 0.0 H 15 
   809 3.11 0.0 HB2 78 
   1694 27.2 0.0 CD2 150 
   1114 122.2 0.0 N 100 
   743 8.77 0.0 H 73 
   1295 7.0 0.0 HD2 118 
   499 0.8 0.0 HG21 51 
   805 32.7 0.0 CB 77 
   1501 4.14 0.0 HA 135 
   1925 121.6 0.0 N 168 
   156 1.18 0.0 HD22 24 
   1609 18.0 0.0 CB 143 
   621 5.55 0.0 HE2 62 
   254 27.3 0.0 CG 33 
   1174 1.34 0.0 HB2 106 
   1514 4.26 0.0 HA 136 
   1766 33.1 0.0 CB 156 
   424 4.12 0.0 HA 46 
   1778 34.2 0.0 CG 157 
   1036 36.4 0.0 CB 94 
   973 8.46 0.0 H 90 
   1834 1.39 0.0 HB 162 
   454 0.97 0.0 HG22 48 
   258 4.24 0.0 HA 34 
   1765 63.4 0.0 CA 156 
   1159 0.67 0.0 HG21 105 
   1156 1.26 0.0 HB 105 
   1028 2.13 0.0 HG13 94 
   223 48.9 0.0 CD 30 
   1324 3.93 0.0 HA3 121 
   1644 2.21 0.0 HG3 146 
   336 2.71 0.0 HD2 39 
   1041 4.62 0.0 HA 95 
   1707 3.6 0.0 HD3 152 
   1570 6.77 0.0 HE1 140 
   558 7.75 0.0 HD22 56 
   966 8.46 0.0 H 89 
   2001 7.5 0.0 HE21 175 
   1367 8.42 0.0 H 125 
   652 0.91 0.0 HD13 64 
   682 3.59 0.0 HB3 67 
   1537 4.86 0.0 HA 138 
   1362 2.23 0.0 HB2 124 
   688 110.7 0.0 ND2 67 
   1386 4.54 0.0 HB 126 
   878 1.45 0.0 HG 83 
   628 133.7 0.0 CE2 62 
   840 121.1 0.0 N 79 
   1864 1.76 0.0 HB2 164 
   1667 0.92 0.0 HD23 148 
   1650 4.49 0.0 HA 147 
   107 1.29 0.0 HB 21 
   1817 1.16 0.0 HB2 161 
   797 29.6 0.0 CD 76 
   679 8.15 0.0 H 67 
   1249 1.6 0.0 HD2 113 
   1938 1.7 0.0 HB2 170 
   1822 0.66 0.0 HD13 161 
   875 3.58 0.0 HA 83 
   564 4.51 0.0 HA 57 
   1653 1.22 0.0 HB3 147 
   923 121.7 0.0 N 85 
   1329 1.25 0.0 HB2 122 
   896 0.41 0.0 HD11 84 
   860 2.85 0.0 HB2 81 
   1441 26.5 0.0 CG 130 
   1052 8.69 0.0 H 96 
   690 3.96 0.0 HA 68 
   371 25.0 0.0 CG 41 
   264 28.8 0.0 CB 34 
   1735 2.08 0.0 HG 154 
   250 3.34 0.0 HD2 33 
   515 36.4 0.0 CG 52 
   1437 2.99 0.0 HE2 130 
   631 8.75 0.0 H 63 
   1505 1.72 0.0 HG3 135 
   791 1.68 0.0 HD3 76 
   893 0.6 0.0 HB2 84 
   1215 4.34 0.0 HA 110 
   1693 23.0 0.0 CD1 150 
   198 128.7 0.0 N 27 
   982 0.71 0.0 HD12 90 
   1863 4.19 0.0 HA 164 
   1428 121.3 0.0 N 129 
   1732 3.58 0.0 HA 154 
   1981 2.88 0.0 HB3 173 
   290 7.31 0.0 HE3 36 
   1336 2.91 0.0 HE3 122 
   2 2.76 0.0 HB2 11 
   556 2.93 0.0 HB3 56 
   1879 3.97 0.0 HA2 165 
   1577 129.7 0.0 CE1 140 
   1477 6.93 0.0 HD1 133 
   1117 3.67 0.0 HB 101 
   422 111.4 0.0 NE2 45 
   237 8.17 0.0 H 32 
   1193 4.13 0.0 HA 108 
   1958 55.9 0.0 CA 171 
   594 120.0 0.0 N 60 
   1725 119.6 0.0 CE3 153 
   541 1.31 0.0 HG2 55 
   1106 4.12 0.0 HA 100 
   11 2.32 0.0 HG3 12 
   1407 57.1 0.0 CA 128 
   1380 26.3 0.0 CG 125 
   1346 0.57 0.0 HG12 123 
   944 2.0 0.0 HG3 87 
   1308 1.58 0.0 HG2 119 
   449 3.79 0.0 HA 48 
   446 23.9 0.0 CD2 47 
   1485 126.6 0.0 CD1 133 
   1917 2.09 0.0 HB3 168 
   255 43.1 0.0 CD 33 
   1326 107.3 0.0 N 121 
   1904 0.95 0.0 HG23 167 
   592 54.1 0.0 CA 60 
   1657 8.89 0.0 H 148 
   1611 7.37 0.0 H 144 
   603 6.87 0.0 HZ3 61 
   118 27.5 0.0 CG1 21 
   1967 1.43 0.0 HG3 172 
   1702 1.82 0.0 HB2 152 
   74 8.12 0.0 H 18 
   480 3.32 0.0 HB2 50 
   1488 123.0 0.0 CZ3 133 
   1050 27.0 0.0 CG 95 
   1074 1.17 0.0 HG23 97 
   1225 53.9 0.0 CA 110 
   1342 118.4 0.0 N 122 
   1963 4.4 0.0 HA 172 
   783 107.1 0.0 N 75 
   1401 7.93 0.0 H 128 
   1900 0.81 0.0 HG12 167 
   1266 68.6 0.0 CB 114 
   399 7.33 0.0 HD1 44 
   1811 2.55 0.0 HB3 160 
   438 0.93 0.0 HD13 47 
   703 41.8 0.0 CE 68 
   1163 0.43 0.0 HD12 105 
   641 33.8 0.0 CB 63 
   347 0.84 0.0 HD11 40 
   1980 2.81 0.0 HB2 173 
   1492 8.33 0.0 H 134 
   2005 33.7 0.0 CG 175 
   1878 7.93 0.0 H 165 
   1618 29.7 0.0 CB 144 
   1061 0.87 0.0 HD12 96 
   1907 0.85 0.0 HD13 167 
   176 24.6 0.0 CG 25 
   1899 1.86 0.0 HB 167 
   1663 0.8 0.0 HD12 148 
   1544 64.6 0.0 CA 138 
   725 1.1 0.0 HG23 71 
   1908 59.4 0.0 CA 167 
   1327 7.0 0.0 H 122 
   294 58.7 0.0 CA 36 
   1238 8.62 0.0 H 112 
   1870 2.92 0.0 HE2 164 
   1214 7.93 0.0 H 110 
   748 9.32 0.0 HE1 73 
   1357 17.0 0.0 CG2 123 
   1031 0.7 0.0 HG23 94 
   146 116.5 0.0 N 23 
   451 1.26 0.0 HG12 48 
   549 25.6 0.0 CG 55 
   1093 128.0 0.0 N 98 
   1943 1.6 0.0 HD3 170 
   379 2.4 0.0 HG2 42 
   1830 22.9 0.0 CD2 161 
   1932 57.3 0.0 CA 169 
   736 3.09 0.0 HD2 72 
   1055 1.32 0.0 HG12 96 
   1047 3.51 0.0 HD3 95 
   349 0.84 0.0 HD13 40 
   1395 4.38 0.0 HA 127 
   1510 27.0 0.0 CG 135 
   78 0.94 0.0 HG12 18 
   745 1.04 0.0 HB2 73 
   1107 4.44 0.0 HB 100 
   437 0.93 0.0 HD12 47 
   1065 27.8 0.0 CG1 96 
   755 123.5 0.0 CD1 73 
   685 51.6 0.0 CA 67 
   1791 63.4 0.0 CA 158 
   1738 0.88 0.0 HD13 154 
   1112 67.9 0.0 CB 100 
   1468 41.9 0.0 CB 132 
   358 120.3 0.0 N 40 
   599 7.87 0.0 HD1 61 
   296 127.0 0.0 CD1 36 
   350 0.86 0.0 HD21 40 
   1067 13.2 0.0 CD1 96 
   1509 30.1 0.0 CB 135 
   197 36.8 0.0 CB 27 
   518 4.48 0.0 HA 53 
   522 6.74 0.0 HD22 53 
   1751 1.43 0.0 HB2 155 
   1734 2.04 0.0 HB3 154 
   1092 116.0 0.0 CE2 98 
   913 1.18 0.0 HG3 85 
   561 118.9 0.0 N 56 
   795 38.2 0.0 CB 76 
   500 0.8 0.0 HG22 51 
   1579 130.1 0.0 CZ 140 
   305 2.2 0.0 HB 37 
   1527 0.66 0.0 HG12 137 
   1526 0.66 0.0 HG11 137 
   397 3.17 0.0 HB2 44 
   1294 7.0 0.0 HD1 118 
   1146 1.71 0.0 HB2 104 
   1083 7.86 0.0 HD1 98 
   1793 28.2 0.0 CG1 158 
   1120 1.08 0.0 HG23 101 
   203 1.47 0.0 HB2 28 
   1809 4.33 0.0 HA 160 
   141 1.13 0.0 HG23 23 
   1022 43.0 0.0 CB 93 
   1743 42.6 0.0 CB 154 
   1934 120.5 0.0 CD2 169 
   816 6.84 0.0 HH2 78 
   1583 4.14 0.0 HA3 141 
   987 19.5 0.0 CG2 90 
   1278 4.0 0.0 HA 116 
   475 26.1 0.0 CG 49 
   1840 0.01 0.0 HD11 162 
   1584 44.0 0.0 CA 141 
   1091 118.2 0.0 CE1 98 
   361 2.06 0.0 HB2 41 
   1531 1.08 0.0 HG23 137 
   240 3.09 0.0 HB3 32 
   693 1.46 0.0 HG2 68 
   713 37.3 0.0 CG 69 
   856 12.7 0.0 CD1 80 
   112 0.18 0.0 HG23 21 
   895 1.54 0.0 HG 84 
   545 2.84 0.0 HE2 55 
   1491 130.6 0.0 NE1 133 
   160 31.1 0.0 CG 24 
   38 1.59 0.0 HG2 15 
   620 5.55 0.0 HE1 62 
   453 0.97 0.0 HG21 48 
   880 0.82 0.0 HD12 83 
   554 4.54 0.0 HA 56 
   1030 0.7 0.0 HG22 94 
   313 31.3 0.0 CB 37 
   1494 1.5 0.0 HB1 134 
   1813 41.7 0.0 CB 160 
   48 4.19 0.0 HA 16 
   1236 41.0 0.0 CB 111 
   64 1.01 0.0 HG12 17 
   1044 1.84 0.0 HG2 95 
   890 108.0 0.0 N 83 
   887 26.8 0.0 CG 83 
   919 34.2 0.0 CB 85 
   702 28.9 0.0 CD 68 
   965 121.3 0.0 N 88 
   1848 120.1 0.0 N 162 
   309 1.13 0.0 HG21 37 
   119 17.2 0.0 CG2 21 
   1217 1.6 0.0 HB3 110 
   1949 29.2 0.0 CD 170 
   199 107.7 0.0 ND2 27 
   348 0.84 0.0 HD12 40 
   1628 -0.05 0.0 HD12 145 
   1178 128.8 0.0 N 106 
   1486 120.1 0.0 CE3 133 
   584 51.8 0.0 CA 59 
   1713 4.06 0.0 HA 153 
   1330 1.47 0.0 HB3 122 
   867 9.03 0.0 H 82 
   1446 1.83 0.0 HB2 131 
   193 3.25 0.0 HB3 27 
   1711 51.4 0.0 CD 152 
   1681 1.36 0.0 HB2 150 
   1833 3.68 0.0 HA 162 
   425 3.98 0.0 HB2 46 
   946 34.7 0.0 CB 87 
   1776 57.3 0.0 CA 157 
   1529 1.08 0.0 HG21 137 
   1942 1.6 0.0 HD2 170 
   1115 7.25 0.0 H 101 
   154 1.0 0.0 HD13 24 
   1652 1.22 0.0 HB2 147 
   1948 24.8 0.0 CG 170 
   244 8.58 0.0 H 33 
   716 4.53 0.0 HA2 70 
   1137 1.47 0.0 HG3 103 
   1102 33.2 0.0 CB 99 
   72 21.8 0.0 CG2 17 
   267 8.01 0.0 H 35 
   1959 31.0 0.0 CB 171 
   1313 30.5 0.0 CB 119 
   192 2.32 0.0 HB2 27 
   1424 131.7 0.0 CD2 129 
   865 119.9 0.0 CD2 81 
   1670 27.0 0.0 CG 148 
   202 1.47 0.0 HB1 28 
   1484 27.6 0.0 CB 133 
   1677 45.7 0.0 CA 149 
   513 59.7 0.0 CA 52 
   461 29.8 0.0 CG1 48 
   678 111.7 0.0 N 66 
   1691 42.2 0.0 CB 150 
   606 29.6 0.0 CB 61 
   916 2.27 0.0 HE2 85 
   1251 3.12 0.0 HE2 113 
   1921 7.47 0.0 HE22 168 
   344 0.97 0.0 HB2 40 
   530 3.06 0.0 HB3 54 
   497 0.78 0.0 HG12 51 
   1063 64.5 0.0 CA 96 
   926 2.88 0.0 HB2 86 
   1339 25.6 0.0 CG 122 
   790 1.55 0.0 HD2 76 
   1758 1.8 0.0 HB 156 
   36 1.87 0.0 HB2 15 
   842 5.13 0.0 HA 80 
   1596 0.37 0.0 HD23 142 
   953 7.16 0.0 HD1 88 
   1196 1.88 0.0 HG2 108 
   127 3.72 0.0 HD2 22 
   459 65.0 0.0 CA 48 
   1132 126.2 0.0 N 102 
   1568 6.2 0.0 HD1 140 
   1721 6.62 0.0 HH2 153 
   763 5.33 0.0 HA 74 
   670 36.3 0.0 CG 65 
   555 2.93 0.0 HB2 56 
   1279 2.0 0.0 HB2 116 
   1913 112.3 0.0 N 167 
   231 3.17 0.0 HD3 31 
   69 64.5 0.0 CA 17 
   409 118.4 0.0 N 44 
   1837 0.81 0.0 HG21 162 
   30 64.2 0.0 CA 14 
   683 7.79 0.0 HD21 67 
   1162 0.43 0.0 HD11 105 
   1984 120.4 0.0 N 173 
   575 55.3 0.0 CA 58 
   387 2.22 0.0 HB2 43 
   1601 22.0 0.0 CD2 142 
   1422 39.5 0.0 CB 129 
   1261 4.2 0.0 HB 114 
   427 5.22 0.0 HG 46 
   981 0.71 0.0 HD11 90 
   1803 3.0 0.0 HD3 159 
   651 0.91 0.0 HD12 64 
   1600 23.0 0.0 CD1 142 
   1771 3.85 0.0 HA 157 
   882 0.77 0.0 HD21 83 
   512 2.42 0.0 HG3 52 
   1503 1.86 0.0 HB3 135 
   1742 57.8 0.0 CA 154 
   226 1.82 0.0 HB2 31 
   1541 1.72 0.0 HG3 138 
   179 116.8 0.0 N 25 
   133 8.04 0.0 H 23 
   173 2.92 0.0 HE3 25 
   700 31.8 0.0 CB 68 
   1372 0.13 0.0 HD11 125 
   1138 2.95 0.0 HD2 103 
   873 131.6 0.0 N 82 
   318 4.09 0.0 HA 38 
   769 7.0 0.0 HE2 74 
   1815 7.82 0.0 H 161 
   169 1.29 0.0 HG3 25 
   90 3.98 0.0 HB2 19 
   1532 60.5 0.0 CA 137 
   571 7.96 0.0 H 58 
   1635 26.4 0.0 CG 145 
   780 4.93 0.0 HA2 75 
   994 2.13 0.0 HG2 91 
   1941 1.38 0.0 HG3 170 
   1686 0.87 0.0 HD13 150 
   253 28.7 0.0 CB 33 
   625 132.0 0.0 CD1 62 
   1449 2.12 0.0 HG3 131 
   228 1.58 0.0 HG2 31 
   234 27.1 0.0 CG 31 
   536 104.6 0.0 ND2 54 
   1723 29.6 0.0 CB 153 
   750 7.02 0.0 HZ2 73 
   175 35.9 0.0 CB 25 
   8 2.03 0.0 HB2 12 
   287 3.79 0.0 HB3 36 
   747 6.4 0.0 HD1 73 
   914 1.27 0.0 HD2 85 
   53 3.21 0.0 HD2 16 
   481 3.32 0.0 HB3 50 
   1554 1.56 0.0 HD2 139 
   1556 2.87 0.0 HE2 139 
   392 28.4 0.0 CB 43 
   821 114.1 0.0 CZ2 78 
   1627 -0.05 0.0 HD11 145 
   1307 1.79 0.0 HB3 119 
   1852 2.24 0.0 HB3 163 
   1749 3.86 0.0 HA 155 
   1651 1.22 0.0 HB1 147 
   1594 0.37 0.0 HD21 142 
   1708 64.6 0.0 CA 152 
   874 8.23 0.0 H 83 
   473 57.4 0.0 CA 49 
   239 3.17 0.0 HB2 32 
   906 24.8 0.0 CD2 84 
   458 0.92 0.0 HD13 48 
   1745 23.0 0.0 CD1 154 
   1722 62.3 0.0 CA 153 
   418 59.3 0.0 CA 45 
   940 5.28 0.0 HA 87 
   304 3.36 0.0 HA 37 
   1127 0.01 0.0 HB1 102 
   1303 117.4 0.0 CE2 118 
   1481 7.04 0.0 HZ3 133 
   1170 124.1 0.0 N 105 
   1073 1.17 0.0 HG22 97 
   669 34.1 0.0 CB 65 
   1301 132.5 0.0 CD2 118 
   151 1.7 0.0 HG 24 
   1995 8.36 0.0 H 175 
   1257 42.5 0.0 CE 113 
   433 1.79 0.0 HB2 47 
   991 5.29 0.0 HA 91 
   257 9.25 0.0 H 34 
   578 8.55 0.0 H 59 
   717 3.53 0.0 HA3 70 
   80 1.01 0.0 HG21 18 
   697 3.0 0.0 HE2 68 
   521 7.98 0.0 HD21 53 
   274 0.91 0.0 HD13 35 
   338 58.1 0.0 CA 39 
   587 110.7 0.0 ND2 59 
   1034 0.45 0.0 HD13 94 
   1680 4.08 0.0 HA 150 
   45 43.1 0.0 CD 15 
   1133 4.23 0.0 HA 103 
   1831 118.0 0.0 N 161 
   37 1.87 0.0 HB3 15 
   852 59.6 0.0 CA 80 
   937 117.5 0.0 CE2 86 
   462 17.0 0.0 CG2 48 
   1101 62.8 0.0 CA 99 
   1246 1.82 0.0 HB3 113 
   147 9.12 0.0 H 24 
   1785 0.42 0.0 HG21 158 
   1427 129.2 0.0 CZ 129 
   1262 1.17 0.0 HG21 114 
   352 0.86 0.0 HD23 40 
   1724 127.0 0.0 CD1 153 
   547 60.5 0.0 CA 55 
   335 1.47 0.0 HG3 39 
   1233 2.6 0.0 HB2 111 
   59 120.5 0.0 N 16 
   122 4.51 0.0 HA 22 
   195 7.45 0.0 HD22 27 
   1499 117.9 0.0 N 134 
   1989 7.61 0.0 HD21 174 
   332 1.78 0.0 HB2 39 
   858 9.14 0.0 H 81 
   149 1.51 0.0 HB2 24 
   789 1.57 0.0 HG3 76 
   505 21.0 0.0 CG2 51 
   29 1.24 0.0 HG23 14 
   95 7.79 0.0 H 20 
   402 6.81 0.0 HE2 44 
   1498 18.5 0.0 CB 134 
   1490 120.6 0.0 N 133 
   910 1.51 0.0 HB2 85 
   1419 6.99 0.0 HE2 129 
   732 1.63 0.0 HB2 72 
   1536 122.5 0.0 N 137 
   864 34.3 0.0 CB 81 
   1629 -0.05 0.0 HD13 145 
   434 2.21 0.0 HB3 47 
   121 122.5 0.0 N 21 
   1384 8.22 0.0 H 126 
   1393 111.5 0.0 N 126 
   1222 0.68 0.0 HD21 110 
   1035 55.2 0.0 CA 94 
   563 7.52 0.0 H 57 
   1580 113.4 0.0 N 140 
   1639 7.93 0.0 H 146 
   1582 5.14 0.0 HA2 141 
   140 1.13 0.0 HG22 23 
   826 9.23 0.0 H 79 
   1415 3.22 0.0 HB3 129 
   1018 5.58 0.0 HA 93 
   1011 131.3 0.0 CD1 92 
   110 0.18 0.0 HG21 21 
   1901 1.3 0.0 HG13 167 
   909 4.75 0.0 HA 85 
   590 2.19 0.0 HB2 60 
   1753 53.8 0.0 CA 155 
   1465 1.04 0.0 HD22 132 
   60 7.9 0.0 H 17 
   1876 41.8 0.0 CE 164 
   1790 0.18 0.0 HD13 158 
   366 1.74 0.0 HD3 41 
   211 44.9 0.0 CA 29 
   898 0.41 0.0 HD13 84 
   1161 0.67 0.0 HG23 105 
   1719 7.16 0.0 HZ2 153 
   1818 1.9 0.0 HB3 161 
   1672 22.7 0.0 CD2 148 
   1798 1.66 0.0 HB2 159 
   1874 26.3 0.0 CG 164 
   86 22.0 0.0 CG2 18 
   1276 128.2 0.0 N 115 
   1206 2.17 0.0 HB2 109 
   656 54.3 0.0 CA 64 
   1423 131.7 0.0 CD1 129 
   1821 0.66 0.0 HD12 161 
   201 4.74 0.0 HA 28 
   714 115.4 0.0 N 69 
   1972 56.3 0.0 CA 172 
   729 107.9 0.0 N 71 
   689 8.83 0.0 H 68 
   1977 122.0 0.0 N 172 
   1640 4.36 0.0 HA 146 
   271 1.77 0.0 HG 35 
   364 1.73 0.0 HG3 41 
   767 6.87 0.0 HD2 74 
   1795 8.6 0.0 CD1 158 
   934 132.9 0.0 CD1 86 
   629 131.9 0.0 CZ 62 
   324 8.08 0.0 HE22 38 
   312 66.4 0.0 CA 37 
   1736 0.88 0.0 HD11 154 
   698 3.0 0.0 HE3 68 
   20 1.47 0.0 HB3 13 
   1029 0.7 0.0 HG21 94 
   484 6.97 0.0 HE1 50 
   247 2.12 0.0 HB3 33 
   302 125.7 0.0 NE1 36 
   1947 33.5 0.0 CB 170 
   1858 27.9 0.0 CB 163 
   225 4.34 0.0 HA 31 
   1404 3.23 0.0 HB3 128 
   1581 9.74 0.0 H 141 
   316 116.1 0.0 N 37 
   204 1.47 0.0 HB3 28 
   1675 4.05 0.0 HA2 149 
   1910 25.3 0.0 CG1 167 
   786 1.44 0.0 HB2 76 
   1345 0.37 0.0 HB 123 
   351 0.86 0.0 HD22 40 
   985 42.8 0.0 CB 90 
   666 1.89 0.0 HG2 65 
   837 131.9 0.0 CD2 79 
   76 2.19 0.0 HB 18 
   1124 114.3 0.0 N 101 
   1321 113.5 0.0 N 120 
   420 34.2 0.0 CG 45 
   1612 3.57 0.0 HA 144 
   1919 2.35 0.0 HG3 168 
   1300 132.5 0.0 CD1 118 
   259 2.16 0.0 HB2 34 
   760 125.1 0.0 N 73 
   822 120.5 0.0 CZ3 78 
   1332 1.23 0.0 HG3 122 
   1088 42.0 0.0 CB 98 
   881 0.82 0.0 HD13 83 
   1993 121.0 0.0 N 174 
   1697 3.12 0.0 HA2 151 
   879 0.82 0.0 HD11 83 
   1617 61.9 0.0 CA 144 
   373 42.2 0.0 CE 41 
   673 4.75 0.0 HA 66 
   136 0.96 0.0 HG11 23 
   1961 119.4 0.0 N 171 
   1482 7.06 0.0 HH2 133 
   1561 29.3 0.0 CD 139 
   1045 1.91 0.0 HG3 95 
   39 1.72 0.0 HG3 15 
   327 33.3 0.0 CG 38 
   1779 117.5 0.0 N 157 
   1473 8.49 0.0 H 133 
   1602 125.0 0.0 N 142 
   1349 -0.36 0.0 HG22 123 
   1545 32.6 0.0 CB 138 
   1859 33.7 0.0 CG 163 
   1542 3.23 0.0 HD2 138 
   1922 54.4 0.0 CA 168 
   16 8.44 0.0 H 13 
   1263 1.17 0.0 HG22 114 
   633 1.82 0.0 HB2 63 
   490 118.8 0.0 CE1 50 
   32 22.0 0.0 CG2 14 
   1042 1.84 0.0 HB2 95 
   465 7.64 0.0 H 49 
   31 68.6 0.0 CB 14 
   1730 127.7 0.0 NE1 153 
   730 7.61 0.0 H 72 
   414 2.54 0.0 HG2 45 
   503 31.5 0.0 CB 51 
   788 1.43 0.0 HG2 76 
   1462 0.93 0.0 HD12 132 
   687 116.8 0.0 N 67 
   1546 24.1 0.0 CG 138 
   460 37.8 0.0 CB 48 
   70 32.2 0.0 CB 17 
   216 1.05 0.0 HG2 30 
   848 0.64 0.0 HG23 80 
   992 2.07 0.0 HB2 91 
   442 58.8 0.0 CA 47 
   1291 4.86 0.0 HA 118 
   501 0.8 0.0 HG23 51 
   712 29.6 0.0 CB 69 
   230 3.17 0.0 HD2 31 
   2007 112.3 0.0 NE2 175 
   1408 30.4 0.0 CB 128 
   1718 7.08 0.0 HE3 153 
   519 3.0 0.0 HB2 53 
   9 2.03 0.0 HB3 12 
   101 56.0 0.0 CA 20 
   1614 3.34 0.0 HB3 144 
   960 131.7 0.0 CD1 88 
   1019 2.51 0.0 HB2 93 
   1256 29.1 0.0 CD 113 
   1502 1.71 0.0 HB2 135 
   1935 122.1 0.0 N 169 
   131 27.7 0.0 CG 22 
   205 51.9 0.0 CA 28 
   738 56.1 0.0 CA 72 
   284 8.01 0.0 H 36 
   155 1.18 0.0 HD21 24 
   464 118.5 0.0 N 48 
   955 7.18 0.0 HE1 88 
   614 6.81 0.0 H 62 
   1312 57.4 0.0 CA 119 
   1990 6.91 0.0 HD22 174 
   404 37.9 0.0 CB 44 
   443 42.7 0.0 CB 47 
   1642 2.46 0.0 HB3 146 
   89 4.33 0.0 HA 19 
   1438 2.99 0.0 HE3 130 
   419 28.3 0.0 CB 45 
   1122 69.9 0.0 CB 101 
   1157 0.33 0.0 HG12 105 
   1001 4.95 0.0 HA 92 
   1145 4.26 0.0 HA 104 
   1538 1.22 0.0 HB2 138 
   604 7.04 0.0 HH2 61 
   489 131.7 0.0 CD2 50 
   1816 3.88 0.0 HA 161 
   1216 1.6 0.0 HB2 110 
   588 8.49 0.0 H 60 
   337 2.71 0.0 HD3 39 
   190 9.34 0.0 H 27 
   276 1.01 0.0 HD22 35 
   1469 27.0 0.0 CG 132 
   1316 120.9 0.0 N 119 
   1896 115.2 0.0 N 166 
   573 2.55 0.0 HB2 58 
   663 4.51 0.0 HA 65 
   772 40.5 0.0 CB 74 
   1414 3.1 0.0 HB2 129 
   646 5.07 0.0 HA 64 
   972 122.9 0.0 N 89 
   477 119.0 0.0 N 49 
   115 -0.19 0.0 HD13 21 
   81 1.01 0.0 HG22 18 
   1534 20.4 0.0 CG1 137 
   1079 7.67 0.0 H 98 
   1886 1.0 0.0 HG11 166 
   144 18.2 0.0 CG1 23 
   181 3.89 0.0 HA 26 
   1104 49.5 0.0 CD 99 
   315 22.1 0.0 CG2 37 
   1964 1.72 0.0 HB2 172 
   1264 1.17 0.0 HG23 114 
   383 35.5 0.0 CG 42 
   692 1.89 0.0 HB3 68 
   227 2.02 0.0 HB3 31 
   41 3.21 0.0 HD3 15 
   640 54.8 0.0 CA 63 
   478 8.25 0.0 H 50 
   483 7.26 0.0 HD2 50 
   1410 136.2 0.0 CE1 128 
   1043 2.39 0.0 HB3 95 
   210 4.82 0.0 HA3 29 
   1607 1.04 0.0 HB3 143 
   883 0.77 0.0 HD22 83 
   130 31.8 0.0 CB 22 
   1620 136.3 0.0 CE1 144 
   166 1.76 0.0 HB2 25 
   1533 33.3 0.0 CB 137 
   709 2.34 0.0 HG2 69 
   543 1.6 0.0 HD2 55 
   552 122.1 0.0 N 55 
   1448 1.99 0.0 HG2 131 
   830 6.96 0.0 HD1 79 
   1521 116.3 0.0 N 136 
   219 3.47 0.0 HD3 30 
   566 1.5 0.0 HB2 57 
   1027 1.78 0.0 HG12 94 
   1150 54.1 0.0 CA 104 
   1084 7.38 0.0 HD2 98 
   997 33.5 0.0 CB 91 
   1105 8.2 0.0 H 100 
   1053 3.78 0.0 HA 96 
   172 2.92 0.0 HE2 25 
   1195 2.4 0.0 HB3 108 
   1334 1.73 0.0 HD3 122 
   593 40.5 0.0 CB 60 
   359 7.57 0.0 H 41 
   637 3.25 0.0 HD2 63 
   995 2.13 0.0 HG3 91 
   374 118.4 0.0 N 41 
   704 123.1 0.0 N 68 
   662 8.9 0.0 H 65 
   61 3.95 0.0 HA 17 
   401 6.81 0.0 HE1 44 
   612 121.9 0.0 N 61 
   524 37.4 0.0 CB 53 
   1148 2.07 0.0 HG2 104 
   1648 117.1 0.0 N 146 
   440 0.98 0.0 HD22 47 
   1213 116.4 0.0 N 109 
   1369 1.43 0.0 HB2 125 
   1962 8.44 0.0 H 172 
   996 55.2 0.0 CA 91 
   520 3.26 0.0 HB3 53 
   1838 0.81 0.0 HG22 162 
   12 58.2 0.0 CA 12 
   377 2.27 0.0 HB2 42 
   1182 0.58 0.0 HG11 107 
   180 10.39 0.0 H 26 
   1890 1.0 0.0 HG22 166 
   111 0.18 0.0 HG22 21 
   1820 0.66 0.0 HD11 161 
   818 32.6 0.0 CB 78 
   1528 0.66 0.0 HG13 137 
   275 1.01 0.0 HD21 35 
   452 1.86 0.0 HG13 48 
   1573 51.9 0.0 CA 140 
   469 1.74 0.0 HG2 49 
   1194 2.03 0.0 HB2 108 
   1937 4.24 0.0 HA 170 
   1804 66.3 0.0 CA 159 
   627 133.7 0.0 CE1 62 
   1409 120.2 0.0 CD2 128 
   567 1.5 0.0 HB3 57 
   1443 41.8 0.0 CE 130 
   1891 1.0 0.0 HG23 166 
   1453 30.7 0.0 CB 131 
   931 6.77 0.0 HE2 86 
   1819 1.91 0.0 HG 161 
   525 119.5 0.0 N 53 
   927 3.29 0.0 HB3 86 
   1516 1.28 0.0 HB3 136 
   1759 0.75 0.0 HG11 156 
   653 0.91 0.0 HD21 64 
   644 118.8 0.0 N 63 
   1800 1.71 0.0 HG2 159 
   281 22.8 0.0 CD1 35 
   1643 2.21 0.0 HG2 146 
   1272 1.43 0.0 HB2 115 
   1720 6.36 0.0 HZ3 153 
   1252 3.12 0.0 HE3 113 
   622 5.65 0.0 HZ 62 
   746 2.21 0.0 HB3 73 
   208 8.82 0.0 H 29 
   1515 0.92 0.0 HB2 136 
   1271 1.43 0.0 HB1 115 
   948 122.6 0.0 N 87 
   455 0.97 0.0 HG23 48 
   482 7.26 0.0 HD1 50 
   1787 0.42 0.0 HG23 158 
   1340 28.9 0.0 CD 122 
   901 0.64 0.0 HD23 84 
   1241 45.8 0.0 CA 112 
   1038 16.8 0.0 CG2 94 
   93 63.2 0.0 CB 19 
   342 8.86 0.0 H 40 
   1126 3.87 0.0 HA 102 
   1897 6.85 0.0 H 167 
   319 2.23 0.0 HB2 38 
   999 117.4 0.0 N 91 
   1872 56.9 0.0 CA 164 
   406 131.7 0.0 CD2 44 
   1824 0.73 0.0 HD22 161 
   1190 20.0 0.0 CG1 107 
   314 21.0 0.0 CG1 37 
   761 127.0 0.0 NE1 73 
   1508 57.0 0.0 CA 135 
   1323 3.93 0.0 HA2 121 
   980 1.02 0.0 HG23 90 
   1430 3.99 0.0 HA 130 
   66 1.1 0.0 HG21 17 
   967 5.42 0.0 HA 89 
   1710 28.3 0.0 CG 152 
   1090 133.8 0.0 CD2 98 
   949 9.09 0.0 H 88 
   487 38.5 0.0 CB 50 
   1082 3.27 0.0 HB3 98 
   1673 110.9 0.0 N 148 
   514 29.2 0.0 CB 52 
   343 3.56 0.0 HA 40 
   776 130.0 0.0 CE2 74 
   1425 129.8 0.0 CE1 129 
   800 9.17 0.0 H 77 
   1405 7.06 0.0 HD2 128 
   617 2.5 0.0 HB3 62 
   432 4.23 0.0 HA 47 
   819 125.9 0.0 CD1 78 
   1009 57.4 0.0 CA 92 
   912 1.18 0.0 HG2 85 
   1320 45.5 0.0 CA 120 
   1825 0.73 0.0 HD23 161 
   2006 120.6 0.0 N 175 
   1844 38.3 0.0 CB 162 
   445 25.4 0.0 CD1 47 
   1072 1.17 0.0 HG21 97 
   918 56.1 0.0 CA 85 
   1575 127.3 0.0 CD1 140 
   46 121.6 0.0 N 15 
   1447 2.29 0.0 HB3 131 
   781 4.31 0.0 HA3 75 
   431 8.42 0.0 H 47 
   1314 27.1 0.0 CG 119 
   248 1.72 0.0 HG2 33 
   793 2.95 0.0 HE3 76 
   861 3.25 0.0 HB3 81 
   289 9.86 0.0 HE1 36 
   1033 0.45 0.0 HD12 94 
   13 29.4 0.0 CB 12 
   1970 2.95 0.0 HE2 172 
   737 3.19 0.0 HD3 72 
   495 2.1 0.0 HB 51 
   851 0.82 0.0 HD13 80 
   1110 1.25 0.0 HG23 100 
   735 1.63 0.0 HG3 72 
   1726 113.9 0.0 CZ2 153 
   1701 4.25 0.0 HA 152 
   1348 -0.36 0.0 HG21 123 
   989 113.7 0.0 N 90 
   1200 66.4 0.0 CA 108 
   586 116.4 0.0 N 59 
   1187 0.93 0.0 HG23 107 
   1207 2.39 0.0 HB3 109 
   137 0.96 0.0 HG12 23 
   1512 113.5 0.0 N 135 
   596 4.27 0.0 HA 61 
   731 5.02 0.0 HA 72 
   367 2.96 0.0 HE2 41 
   877 2.1 0.0 HB3 83 
   301 121.6 0.0 N 36 
   1915 4.83 0.0 HA 168 
   58 43.2 0.0 CD 16 
   341 121.0 0.0 N 39 
   1952 8.55 0.0 H 171 
   1066 18.1 0.0 CG2 96 
   165 4.41 0.0 HA 25 
   428 62.8 0.0 CA 46 
   1506 3.11 0.0 HD2 135 
   1773 0.96 0.0 HB3 157 
   1717 9.7 0.0 HE1 153 
   502 67.2 0.0 CA 51 
   1588 0.74 0.0 HB2 142 
   1634 42.1 0.0 CB 145 
   766 6.87 0.0 HD1 74 
   1812 57.2 0.0 CA 160 
   624 40.9 0.0 CB 62 
   1370 1.68 0.0 HB3 125 
   1099 3.44 0.0 HD2 99 
   903 43.1 0.0 CB 84 
   535 122.2 0.0 N 54 
   436 0.93 0.0 HD11 47 
   897 0.41 0.0 HD12 84 
   215 1.42 0.0 HB3 30 
   1374 0.13 0.0 HD13 125 
   5 40.9 0.0 CB 11 
   1647 32.2 0.0 CG 146 
   1841 0.01 0.0 HD12 162 
   333 2.31 0.0 HB3 39 
   1564 6.28 0.0 H 140 
   317 7.16 0.0 H 38 
   648 1.86 0.0 HB3 64 
   601 7.9 0.0 HE3 61 
   1857 58.8 0.0 CA 163 
   930 6.77 0.0 HE1 86 
   375 7.68 0.0 H 42 
   1610 120.1 0.0 N 143 
   1705 2.09 0.0 HG3 152 
   827 4.84 0.0 HA 79 
   936 117.5 0.0 CE1 86 
   1355 37.5 0.0 CB 123 
   777 129.4 0.0 CZ 74 
   1123 21.0 0.0 CG2 101 
   1975 29.1 0.0 CD 172 
   630 115.3 0.0 N 62 
   62 2.21 0.0 HB 17 
   762 8.53 0.0 H 74 
   1212 36.8 0.0 CG 109 
   1616 7.71 0.0 HE1 144 
   680 4.76 0.0 HA 67 
   1311 3.21 0.0 HD3 119 
   1982 58.6 0.0 CA 173 
   1589 1.6 0.0 HB3 142 
   1828 26.2 0.0 CG 161 
   177 29.2 0.0 CD 25 
   1353 -0.19 0.0 HD13 123 
   1875 29.2 0.0 CD 164 
   1103 25.1 0.0 CG 99 
   859 4.82 0.0 HA 81 
   272 0.91 0.0 HD11 35 
   1566 1.98 0.0 HB2 140 
   1524 4.01 0.0 HA 137 
   562 112.3 0.0 ND2 56 
   1197 2.12 0.0 HG3 108 
   1737 0.88 0.0 HD12 154 
   1375 0.33 0.0 HD21 125 
   1352 -0.19 0.0 HD12 123 
   1147 1.85 0.0 HB3 104 
   417 6.94 0.0 HE22 45 
   1559 32.6 0.0 CB 139 
   1258 117.5 0.0 N 113 
   1205 4.3 0.0 HA 109 
   1416 7.05 0.0 HD1 129 
   1260 4.63 0.0 HA 114 
   1592 -0.51 0.0 HD12 142 
   724 1.1 0.0 HG22 71 
   900 0.64 0.0 HD22 84 
   1557 2.91 0.0 HE3 139 
   1463 0.93 0.0 HD13 132 
   67 1.1 0.0 HG22 17 
   1774 0.82 0.0 HG2 157 
   47 8.18 0.0 H 16 
   439 0.98 0.0 HD21 47 
   148 4.56 0.0 HA 24 
   659 24.3 0.0 CD1 64 
   1986 4.67 0.0 HA 174 
   658 27.3 0.0 CG 64 
   184 1.25 0.0 HG22 26 
   1535 22.9 0.0 CG2 137 
   1661 1.64 0.0 HG 148 
   1551 1.6 0.0 HB3 139 
   1860 121.6 0.0 N 163 
   1966 1.35 0.0 HG2 172 
   55 57.8 0.0 CA 16 
   1593 -0.51 0.0 HD13 142 
   1853 2.49 0.0 HG2 163 
   813 7.27 0.0 HE3 78 
   1358 13.5 0.0 CD1 123 
   891 7.9 0.0 H 84 
   71 21.1 0.0 CG1 17 
   1622 8.62 0.0 H 145 
   1496 1.5 0.0 HB3 134 
   945 54.3 0.0 CA 87 
   139 1.13 0.0 HG21 23 
   1688 1.16 0.0 HD22 150 
   1976 41.8 0.0 CE 172 
   1368 4.45 0.0 HA 125 
   1671 26.1 0.0 CD1 148 
   1056 1.48 0.0 HG13 96 
   1376 0.33 0.0 HD22 125 
   1757 3.87 0.0 HA 156 
   472 3.42 0.0 HD3 49 
   1281 56.2 0.0 CA 116 
   1996 4.26 0.0 HA 175 
   1756 6.91 0.0 H 156 
   1728 122.7 0.0 CH2 153 
   636 1.74 0.0 HG3 63 
   1021 52.0 0.0 CA 93 
   1054 1.9 0.0 HB 96 
   1002 2.77 0.0 HB2 92 
   1131 15.4 0.0 CB 102 
   329 113.9 0.0 NE2 38 
   1049 32.4 0.0 CB 95 
   619 5.47 0.0 HD2 62 
   1210 58.3 0.0 CA 109 
   1595 0.37 0.0 HD22 142 
   162 25.5 0.0 CD2 24 
   1198 3.48 0.0 HD2 108 
   1383 126.2 0.0 N 125 
   1153 119.5 0.0 N 104 
   1794 18.6 0.0 CG2 158 
   1180 4.9 0.0 HA 107 
   1134 0.87 0.0 HB2 103 
   339 29.8 0.0 CB 39 
   720 8.33 0.0 H 71 
   1237 119.9 0.0 N 111 
   674 0.91 0.0 HB2 66 
   1553 1.46 0.0 HG3 139 
   103 36.3 0.0 CG 20 
   171 1.6 0.0 HD3 25 
   238 4.9 0.0 HA 32 
   862 7.19 0.0 HD2 81 
   546 2.84 0.0 HE3 55 
   796 24.8 0.0 CG 76 
   902 53.6 0.0 CA 84 
   1641 2.2 0.0 HB2 146 
   52 1.6 0.0 HG3 16 
   456 0.92 0.0 HD11 48 
   1655 20.6 0.0 CB 147 
   1071 4.67 0.0 HB 97 
   964 128.3 0.0 CZ 88 
   23 122.6 0.0 N 13 
   1623 4.15 0.0 HA 145 
   1298 53.1 0.0 CA 118 
   1232 4.44 0.0 HA 111 
   22 18.5 0.0 CB 13 
   368 2.96 0.0 HE3 41 
   98 2.19 0.0 HB3 20 
   607 128.3 0.0 CD1 61 
   470 1.93 0.0 HG3 49 
   1202 27.1 0.0 CG 108 
   654 0.91 0.0 HD22 64 
   705 8.77 0.0 H 69 
   297 122.1 0.0 CE3 36 
   1660 2.08 0.0 HB3 148 
   1167 27.6 0.0 CG1 105 
   1613 2.35 0.0 HB2 144 
   1331 1.04 0.0 HG2 122 
   83 64.2 0.0 CA 18 
   1277 8.32 0.0 H 116 
   263 59.6 0.0 CA 34 
   845 1.57 0.0 HG13 80 
   1015 127.8 0.0 CZ 92 
   533 55.3 0.0 CA 54 
   1969 1.65 0.0 HD3 172 
   1356 24.8 0.0 CG1 123 
   915 1.28 0.0 HD3 85 
   1931 7.31 0.0 HD2 169 
   68 1.1 0.0 HG23 17 
   1562 41.9 0.0 CE 139 
   310 1.13 0.0 HG22 37 
   846 0.64 0.0 HG21 80 
   126 2.1 0.0 HG3 22 
   96 4.35 0.0 HA 20 
   1186 0.93 0.0 HG22 107 
   6 8.75 0.0 H 12 
   99 2.21 0.0 HG2 20 
   15 122.1 0.0 N 12 
   1218 1.35 0.0 HG 110 
   1245 1.76 0.0 HB2 113 
   40 3.21 0.0 HD2 15 
   447 120.8 0.0 N 47 
   57 27.3 0.0 CG 16 
   836 131.9 0.0 CD1 79 
   1397 2.68 0.0 HB3 127 
   1176 50.2 0.0 CA 106 
   277 1.01 0.0 HD23 35 
   1135 2.45 0.0 HB3 103 
   1199 3.77 0.0 HD3 108 
   1248 1.36 0.0 HG3 113 
   1823 0.73 0.0 HD21 161 
   681 3.07 0.0 HB2 67 
   888 25.2 0.0 CD1 83 
   28 1.24 0.0 HG22 14 
   889 22.5 0.0 CD2 83 
   1064 37.7 0.0 CB 96 
   1420 6.93 0.0 HZ 129 
   1849 8.1 0.0 H 163 
   1014 129.9 0.0 CE2 92 
   1230 116.5 0.0 N 110 
   1940 1.38 0.0 HG2 170 
   444 27.4 0.0 CG 47 
   1902 0.95 0.0 HG21 167 
   1155 3.79 0.0 HA 105 
   667 2.03 0.0 HG3 65 
   1754 18.2 0.0 CB 155 
   1239 4.25 0.0 HA2 112 
   956 7.18 0.0 HE2 88 
   1464 1.04 0.0 HD21 132 
   236 116.8 0.0 N 31 
   610 120.2 0.0 CZ3 61 
   957 7.05 0.0 HZ 88 
   1403 3.23 0.0 HB2 128 
   1933 30.1 0.0 CB 169 
   727 69.3 0.0 CB 71 
   810 3.29 0.0 HB3 78 
   1783 0.82 0.0 HG12 158 
   87 118.3 0.0 N 18 
   1177 21.6 0.0 CB 106 
   1402 4.57 0.0 HA 128 
   1646 31.6 0.0 CB 146 
   191 4.6 0.0 HA 27 
   430 114.9 0.0 N 46 
   1136 1.32 0.0 HG2 103 
   1418 6.99 0.0 HE1 129 
   1350 -0.36 0.0 HG23 123 
   838 117.3 0.0 CE1 79 
   1574 36.4 0.0 CB 140 
   1151 30.1 0.0 CB 104 
   391 58.5 0.0 CA 43 
   579 5.05 0.0 HA 59 
   1558 57.9 0.0 CA 139 
   990 8.61 0.0 H 91 
   723 1.1 0.0 HG21 71 
   326 28.0 0.0 CB 38 
   380 2.69 0.0 HG3 42 
   647 1.83 0.0 HB2 64 
   1497 54.7 0.0 CA 134 
   1223 0.68 0.0 HD22 110 
   907 121.8 0.0 N 84 
   291 7.92 0.0 HZ2 36 
   815 6.61 0.0 HZ3 78 
   1023 118.3 0.0 N 93 
   476 42.2 0.0 CD 49 
   1885 2.17 0.0 HB 166 
   1927 8.65 0.0 H 169 
   163 126.3 0.0 N 24 
   1471 26.2 0.0 CD2 132 
   844 0.96 0.0 HG12 80 
   1843 65.1 0.0 CA 162 
   463 13.2 0.0 CD1 48 
   1797 3.52 0.0 HA 159 
   410 8.21 0.0 H 45 
   1116 4.28 0.0 HA 101 
   1912 14.6 0.0 CD1 167 
   812 10.66 0.0 HE1 78 
   1296 6.74 0.0 HE1 118 
   1069 7.01 0.0 H 97 
   1955 2.09 0.0 HB3 171 
   1746 27.6 0.0 CD2 154 
   164 8.31 0.0 H 25 
   1140 61.6 0.0 CA 103 
   1563 122.6 0.0 N 139 
   1560 25.7 0.0 CG 139 
   1459 1.92 0.0 HB3 132 
   1244 4.41 0.0 HA 113 
   108 0.36 0.0 HG12 21 
   773 131.7 0.0 CD1 74 
   1630 0.45 0.0 HD21 145 
   661 123.1 0.0 N 64 
   1682 2.33 0.0 HB3 150 
   1389 1.41 0.0 HG23 126 
   576 39.1 0.0 CB 58 
   557 7.04 0.0 HD21 56 
   1892 63.3 0.0 CA 166 
   262 2.42 0.0 HG3 34 
   252 58.8 0.0 CA 33 
   1552 1.26 0.0 HG2 139 
   1282 29.0 0.0 CB 116 
