   1270 4.47 0.0 HA 115 
   1403 3.23 0.0 HB2 128 
   844 0.96 0.0 HG12 80 
   1997 1.94 0.0 HB2 175 
   1370 1.68 0.0 HB3 125 
   1652 1.22 0.0 HB2 147 
   1808 6.55 0.0 H 160 
   530 3.06 0.0 HB3 54 
   995 2.13 0.0 HG3 91 
   1089 132.8 0.0 CD1 98 
   1555 1.62 0.0 HD3 139 
   58 43.2 0.0 CD 16 
   391 58.5 0.0 CA 43 
   184 1.25 0.0 HG22 26 
   1168 17.5 0.0 CG2 105 
   1893 32.2 0.0 CB 166 
   900 0.64 0.0 HD22 84 
   544 1.6 0.0 HD3 55 
   438 0.93 0.0 HD13 47 
   1320 45.5 0.0 CA 120 
   1112 67.9 0.0 CB 100 
   1189 31.4 0.0 CB 107 
   1703 2.44 0.0 HB3 152 
   1845 29.2 0.0 CG1 162 
   1985 8.55 0.0 H 174 
   769 7.0 0.0 HE2 74 
   637 3.25 0.0 HD2 63 
   984 58.5 0.0 CA 90 
   1753 53.8 0.0 CA 155 
   700 31.8 0.0 CB 68 
   1738 0.88 0.0 HD13 154 
   87 118.3 0.0 N 18 
   609 113.7 0.0 CZ2 61 
   1029 0.7 0.0 HG21 94 
   1783 0.82 0.0 HG12 158 
   760 125.1 0.0 N 73 
   1825 0.73 0.0 HD23 161 
   240 3.09 0.0 HB3 32 
   1626 1.11 0.0 HG 145 
   1624 1.42 0.0 HB2 145 
   1526 0.66 0.0 HG11 137 
   944 2.0 0.0 HG3 87 
   687 116.8 0.0 N 67 
   1446 1.83 0.0 HB2 131 
   889 22.5 0.0 CD2 83 
   367 2.96 0.0 HE2 41 
   1150 54.1 0.0 CA 104 
   1677 45.7 0.0 CA 149 
   241 55.0 0.0 CA 32 
   546 2.84 0.0 HE3 55 
   1881 45.6 0.0 CA 165 
   954 7.16 0.0 HD2 88 
   1494 1.5 0.0 HB1 134 
   27 1.24 0.0 HG21 14 
   1710 28.3 0.0 CG 152 
   1305 4.25 0.0 HA 119 
   946 34.7 0.0 CB 87 
   479 4.78 0.0 HA 50 
   645 8.7 0.0 H 64 
   230 3.17 0.0 HD2 31 
   474 29.4 0.0 CB 49 
   1023 118.3 0.0 N 93 
   520 3.26 0.0 HB3 53 
   343 3.56 0.0 HA 40 
   839 117.3 0.0 CE2 79 
   863 55.6 0.0 CA 81 
   907 121.8 0.0 N 84 
   846 0.64 0.0 HG21 80 
   1768 21.8 0.0 CG2 156 
   119 17.2 0.0 CG2 21 
   1355 37.5 0.0 CB 123 
   1627 -0.05 0.0 HD11 145 
   1100 3.8 0.0 HD3 99 
   1648 117.1 0.0 N 146 
   1376 0.33 0.0 HD22 125 
   1382 22.6 0.0 CD2 125 
   1510 27.0 0.0 CG 135 
   304 3.36 0.0 HA 37 
   1745 23.0 0.0 CD1 154 
   640 54.8 0.0 CA 63 
   1514 4.26 0.0 HA 136 
   100 2.4 0.0 HG3 20 
   513 59.7 0.0 CA 52 
   554 4.54 0.0 HA 56 
   1115 7.25 0.0 H 101 
   1930 2.88 0.0 HB3 169 
   1144 8.6 0.0 H 104 
   70 32.2 0.0 CB 17 
   1701 4.25 0.0 HA 152 
   1430 3.99 0.0 HA 130 
   1654 55.8 0.0 CA 147 
   1568 6.2 0.0 HD1 140 
   189 121.3 0.0 N 26 
   550 29.7 0.0 CD 55 
   1999 2.31 0.0 HG2 175 
   1073 1.17 0.0 HG22 97 
   1675 4.05 0.0 HA2 149 
   1302 117.4 0.0 CE1 118 
   1481 7.04 0.0 HZ3 133 
   777 129.4 0.0 CZ 74 
   1735 2.08 0.0 HG 154 
   1461 0.93 0.0 HD11 132 
   1963 4.4 0.0 HA 172 
   1920 6.76 0.0 HE21 168 
   406 131.7 0.0 CD2 44 
   212 107.0 0.0 N 29 
   1533 33.3 0.0 CB 137 
   1424 131.7 0.0 CD2 129 
   1561 29.3 0.0 CD 139 
   625 132.0 0.0 CD1 62 
   1332 1.23 0.0 HG3 122 
   1178 128.8 0.0 N 106 
   165 4.41 0.0 HA 25 
   1640 4.36 0.0 HA 146 
   1058 0.98 0.0 HG22 96 
   178 41.8 0.0 CE 25 
   1656 120.5 0.0 N 147 
   110 0.18 0.0 HG21 21 
   105 7.66 0.0 H 21 
   819 125.9 0.0 CD1 78 
   636 1.74 0.0 HG3 63 
   992 2.07 0.0 HB2 91 
   1546 24.1 0.0 CG 138 
   1748 7.31 0.0 H 155 
   1391 69.5 0.0 CB 126 
   1368 4.45 0.0 HA 125 
   1114 122.2 0.0 N 100 
   1217 1.6 0.0 HB3 110 
   815 6.61 0.0 HZ3 78 
   1891 1.0 0.0 HG23 166 
   1949 29.2 0.0 CD 170 
   821 114.1 0.0 CZ2 78 
   833 6.69 0.0 HE2 79 
   814 7.17 0.0 HZ2 78 
   987 19.5 0.0 CG2 90 
   1727 119.6 0.0 CZ3 153 
   194 6.5 0.0 HD21 27 
   1679 7.83 0.0 H 150 
   589 4.4 0.0 HA 60 
   1543 3.45 0.0 HD3 138 
   1880 4.11 0.0 HA3 165 
   298 114.2 0.0 CZ2 36 
   1051 50.6 0.0 CD 95 
   408 117.8 0.0 CE2 44 
   460 37.8 0.0 CB 48 
   1027 1.78 0.0 HG12 94 
   235 43.1 0.0 CD 31 
   1515 0.92 0.0 HB2 136 
   214 1.05 0.0 HB2 30 
   834 57.7 0.0 CA 79 
   1734 2.04 0.0 HB3 154 
   309 1.13 0.0 HG21 37 
   120 13.1 0.0 CD1 21 
   539 1.91 0.0 HB2 55 
   118 27.5 0.0 CG1 21 
   1184 0.58 0.0 HG13 107 
   1740 1.14 0.0 HD22 154 
   1485 126.6 0.0 CD1 133 
   1280 2.0 0.0 HB3 116 
   69 64.5 0.0 CA 17 
   729 107.9 0.0 N 71 
   521 7.98 0.0 HD21 53 
   1091 118.2 0.0 CE1 98 
   1060 0.87 0.0 HD11 96 
   1048 62.1 0.0 CA 95 
   1651 1.22 0.0 HB1 147 
   1032 0.45 0.0 HD11 94 
   971 41.3 0.0 CB 89 
   267 8.01 0.0 H 35 
   376 4.12 0.0 HA 42 
   1175 1.34 0.0 HB3 106 
   1267 20.7 0.0 CG2 114 
   690 3.96 0.0 HA 68 
   563 7.52 0.0 H 57 
   40 3.21 0.0 HD2 15 
   411 4.15 0.0 HA 45 
   531 4.55 0.0 HD21 54 
   660 24.2 0.0 CD2 64 
   1938 1.7 0.0 HB2 170 
   735 1.63 0.0 HG3 72 
   958 56.0 0.0 CA 88 
   1172 5.09 0.0 HA 106 
   1536 122.5 0.0 N 137 
   1333 1.6 0.0 HD2 122 
   1702 1.82 0.0 HB2 152 
   71 21.1 0.0 CG1 17 
   112 0.18 0.0 HG23 21 
   655 0.91 0.0 HD23 64 
   623 57.0 0.0 CA 62 
   1452 65.5 0.0 CA 131 
   1241 45.8 0.0 CA 112 
   347 0.84 0.0 HD11 40 
   473 57.4 0.0 CA 49 
   135 2.37 0.0 HB 23 
   1933 30.1 0.0 CB 169 
   469 1.74 0.0 HG2 49 
   770 6.92 0.0 HZ 74 
   1315 42.9 0.0 CD 119 
   607 128.3 0.0 CD1 61 
   1254 33.3 0.0 CB 113 
   1266 68.6 0.0 CB 114 
   274 0.91 0.0 HD13 35 
   551 41.8 0.0 CE 55 
   1130 49.7 0.0 CA 102 
   529 3.06 0.0 HB2 54 
   1085 6.93 0.0 HE1 98 
   1947 33.5 0.0 CB 170 
   1122 69.9 0.0 CB 101 
   1573 51.9 0.0 CA 140 
   532 7.24 0.0 HD22 54 
   1388 1.41 0.0 HG22 126 
   1447 2.29 0.0 HB3 131 
   405 131.7 0.0 CD1 44 
   10 2.32 0.0 HG2 12 
   903 43.1 0.0 CB 84 
   1429 8.59 0.0 H 130 
   1128 0.01 0.0 HB2 102 
   670 36.3 0.0 CG 65 
   352 0.86 0.0 HD23 40 
   96 4.35 0.0 HA 20 
   919 34.2 0.0 CB 85 
   986 25.7 0.0 CG1 90 
   427 5.22 0.0 HG 46 
   64 1.01 0.0 HG12 17 
   402 6.81 0.0 HE2 44 
   738 56.1 0.0 CA 72 
   775 130.0 0.0 CE1 74 
   447 120.8 0.0 N 47 
   1215 4.34 0.0 HA 110 
   611 123.3 0.0 CH2 61 
   778 117.0 0.0 N 74 
   454 0.97 0.0 HG22 48 
   547 60.5 0.0 CA 55 
   1746 27.6 0.0 CD2 154 
   1639 7.93 0.0 H 146 
   832 6.69 0.0 HE1 79 
   602 7.45 0.0 HZ2 61 
   386 4.33 0.0 HA 43 
   1500 7.5 0.0 H 135 
   435 1.91 0.0 HG 47 
   1984 120.4 0.0 N 173 
   1397 2.68 0.0 HB3 127 
   1724 127.0 0.0 CD1 153 
   1107 4.44 0.0 HB 100 
   1779 117.5 0.0 N 157 
   753 55.4 0.0 CA 73 
   1782 1.56 0.0 HB 158 
   49 1.9 0.0 HB2 16 
   2003 56.0 0.0 CA 175 
   1575 127.3 0.0 CD1 140 
   1024 8.43 0.0 H 94 
   865 119.9 0.0 CD2 81 
   148 4.56 0.0 HA 24 
   1955 2.09 0.0 HB3 171 
   18 1.47 0.0 HB1 13 
   1739 1.14 0.0 HD21 154 
   1495 1.5 0.0 HB2 134 
   1557 2.91 0.0 HE3 139 
   125 2.1 0.0 HG2 22 
   1341 41.8 0.0 CE 122 
   682 3.59 0.0 HB3 67 
   296 127.0 0.0 CD1 36 
   851 0.82 0.0 HD13 80 
   1325 45.6 0.0 CA 121 
   523 55.6 0.0 CA 53 
   1791 63.4 0.0 CA 158 
   1375 0.33 0.0 HD21 125 
   72 21.8 0.0 CG2 17 
   1638 121.2 0.0 N 145 
   612 121.9 0.0 N 61 
   259 2.16 0.0 HB2 34 
   507 8.37 0.0 H 52 
   1019 2.51 0.0 HB2 93 
   1818 1.9 0.0 HB3 161 
   1865 2.04 0.0 HB3 164 
   1337 55.1 0.0 CA 122 
   284 8.01 0.0 H 36 
   1013 129.9 0.0 CE1 92 
   1466 1.04 0.0 HD23 132 
   1010 40.4 0.0 CB 92 
   1361 4.44 0.0 HA 124 
   2007 112.3 0.0 NE2 175 
   675 2.44 0.0 HB3 66 
   1038 16.8 0.0 CG2 94 
   1498 18.5 0.0 CB 134 
   445 25.4 0.0 CD1 47 
   733 1.73 0.0 HB3 72 
   359 7.57 0.0 H 41 
   1521 116.3 0.0 N 136 
   1283 119.1 0.0 N 116 
   1415 3.22 0.0 HB3 129 
   1763 0.93 0.0 HG22 156 
   710 2.54 0.0 HG3 69 
   920 25.6 0.0 CG 85 
   221 31.7 0.0 CB 30 
   744 4.72 0.0 HA 73 
   786 1.44 0.0 HB2 76 
   1392 21.7 0.0 CG2 126 
   582 6.69 0.0 HD21 59 
   668 54.6 0.0 CA 65 
   430 114.9 0.0 N 46 
   1356 24.8 0.0 CG1 123 
   956 7.18 0.0 HE2 88 
   1365 27.0 0.0 CB 124 
   669 34.1 0.0 CB 65 
   1407 57.1 0.0 CA 128 
   1090 133.8 0.0 CD2 98 
   861 3.25 0.0 HB3 81 
   1672 22.7 0.0 CD2 148 
   1693 23.0 0.0 CD1 150 
   1016 112.7 0.0 N 92 
   1722 62.3 0.0 CA 153 
   957 7.05 0.0 HZ 88 
   1208 2.43 0.0 HG2 109 
   78 0.94 0.0 HG12 18 
   1384 8.22 0.0 H 126 
   62 2.21 0.0 HB 17 
   31 68.6 0.0 CB 14 
   799 121.3 0.0 N 76 
   1338 32.9 0.0 CB 122 
   41 3.21 0.0 HD3 15 
   997 33.5 0.0 CB 91 
   384 119.4 0.0 N 42 
   1414 3.1 0.0 HB2 129 
   1811 2.55 0.0 HB3 160 
   1455 50.3 0.0 CD 131 
   604 7.04 0.0 HH2 61 
   1827 41.4 0.0 CB 161 
   57 27.3 0.0 CG 16 
   1587 3.92 0.0 HA 142 
   6 8.75 0.0 H 12 
   1882 108.0 0.0 N 165 
   1323 3.93 0.0 HA2 121 
   1971 2.95 0.0 HE3 172 
   232 56.1 0.0 CA 31 
   1413 4.07 0.0 HA 129 
   959 42.6 0.0 CB 88 
   858 9.14 0.0 H 81 
   1506 3.11 0.0 HD2 135 
   224 8.5 0.0 H 31 
   463 13.2 0.0 CD1 48 
   23 122.6 0.0 N 13 
   281 22.8 0.0 CD1 35 
   803 3.39 0.0 HB3 77 
   245 3.99 0.0 HA 33 
   1464 1.04 0.0 HD21 132 
   1671 26.1 0.0 CD1 148 
   1755 115.0 0.0 N 155 
   1625 2.33 0.0 HB3 145 
   1321 113.5 0.0 N 120 
   835 44.0 0.0 CB 79 
   268 4.34 0.0 HA 35 
   392 28.4 0.0 CB 43 
   1691 42.2 0.0 CB 150 
   704 123.1 0.0 N 68 
   1878 7.93 0.0 H 165 
   98 2.19 0.0 HB3 20 
   1729 118.4 0.0 N 153 
   1869 1.59 0.0 HD3 164 
   635 1.6 0.0 HG2 63 
   629 131.9 0.0 CZ 62 
   498 0.78 0.0 HG13 51 
   1957 2.2 0.0 HG3 171 
   831 6.96 0.0 HD2 79 
   496 0.78 0.0 HG11 51 
   1218 1.35 0.0 HG 110 
   5 40.9 0.0 CB 11 
   1401 7.93 0.0 H 128 
   1422 39.5 0.0 CB 129 
   372 29.5 0.0 CD 41 
   1915 4.83 0.0 HA 168 
   24 7.95 0.0 H 14 
   325 58.3 0.0 CA 38 
   1041 4.62 0.0 HA 95 
   773 131.7 0.0 CD1 74 
   1295 7.0 0.0 HD2 118 
   1922 54.4 0.0 CA 168 
   714 115.4 0.0 N 69 
   1802 3.0 0.0 HD2 159 
   1898 4.64 0.0 HA 167 
   14 35.9 0.0 CG 12 
   763 5.33 0.0 HA 74 
   216 1.05 0.0 HG2 30 
   1421 62.4 0.0 CA 129 
   1594 0.37 0.0 HD21 142 
   1504 1.59 0.0 HG2 135 
   1034 0.45 0.0 HD13 94 
   934 132.9 0.0 CD1 86 
   854 27.8 0.0 CG1 80 
   754 30.6 0.0 CB 73 
   1496 1.5 0.0 HB3 134 
   1967 1.43 0.0 HG3 172 
   764 3.1 0.0 HB2 74 
   1585 112.9 0.0 N 141 
   1022 43.0 0.0 CB 93 
   1156 1.26 0.0 HB 105 
   619 5.47 0.0 HD2 62 
   29 1.24 0.0 HG23 14 
   379 2.4 0.0 HG2 42 
   591 2.96 0.0 HB3 60 
   597 2.65 0.0 HB2 61 
   1851 2.24 0.0 HB2 163 
   776 130.0 0.0 CE2 74 
   1859 33.7 0.0 CG 163 
   360 4.16 0.0 HA 41 
   561 118.9 0.0 N 56 
   768 7.0 0.0 HE1 74 
   683 7.79 0.0 HD21 67 
   1733 1.24 0.0 HB2 154 
   319 2.23 0.0 HB2 38 
   1037 26.8 0.0 CG1 94 
   722 4.57 0.0 HB 71 
   226 1.82 0.0 HB2 31 
   249 1.85 0.0 HG3 33 
   569 19.0 0.0 CB 57 
   836 131.9 0.0 CD1 79 
   318 4.09 0.0 HA 38 
   824 117.5 0.0 N 78 
   1080 4.69 0.0 HA 98 
   676 55.8 0.0 CA 66 
   1925 121.6 0.0 N 168 
   1641 2.2 0.0 HB2 146 
   1968 1.65 0.0 HD2 172 
   1535 22.9 0.0 CG2 137 
   1797 3.52 0.0 HA 159 
   1176 50.2 0.0 CA 106 
   1566 1.98 0.0 HB2 140 
   1774 0.82 0.0 HG2 157 
   482 7.26 0.0 HD1 50 
   991 5.29 0.0 HA 91 
   394 120.6 0.0 N 43 
   771 54.9 0.0 CA 74 
   689 8.83 0.0 H 68 
   1747 118.8 0.0 N 154 
   1281 56.2 0.0 CA 116 
   1040 121.6 0.0 N 94 
   1025 4.37 0.0 HA 94 
   1438 2.99 0.0 HE3 130 
   1211 30.2 0.0 CB 109 
   592 54.1 0.0 CA 60 
   1834 1.39 0.0 HB 162 
   1804 66.3 0.0 CA 159 
   827 4.84 0.0 HA 79 
   222 27.2 0.0 CG 30 
   266 121.5 0.0 N 34 
   1998 2.08 0.0 HB3 175 
   1989 7.61 0.0 HD21 174 
   585 39.9 0.0 CB 59 
   1771 3.85 0.0 HA 157 
   36 1.87 0.0 HB2 15 
   1063 64.5 0.0 CA 96 
   1182 0.58 0.0 HG11 107 
   1647 32.2 0.0 CG 146 
   1395 4.38 0.0 HA 127 
   538 3.93 0.0 HA 55 
   187 68.1 0.0 CB 26 
   730 7.61 0.0 H 72 
   869 2.25 0.0 HB2 82 
   1700 105.7 0.0 N 151 
   1265 58.4 0.0 CA 114 
   456 0.92 0.0 HD11 48 
   1290 18.0 0.0 CE 117 
   248 1.72 0.0 HG2 33 
   795 38.2 0.0 CB 76 
   751 6.65 0.0 HZ3 73 
   1759 0.75 0.0 HG11 156 
   236 116.8 0.0 N 31 
   1317 8.98 0.0 H 120 
   1988 2.83 0.0 HB3 174 
   615 4.91 0.0 HA 62 
   1007 6.63 0.0 HE2 92 
   261 2.42 0.0 HG2 34 
   1583 4.14 0.0 HA3 141 
   596 4.27 0.0 HA 61 
   92 60.1 0.0 CA 19 
   1757 3.87 0.0 HA 156 
   642 26.9 0.0 CG 63 
   610 120.2 0.0 CZ3 61 
   1874 26.3 0.0 CG 164 
   717 3.53 0.0 HA3 70 
   83 64.2 0.0 CA 18 
   156 1.18 0.0 HD22 24 
   830 6.96 0.0 HD1 79 
   17 4.21 0.0 HA 13 
   300 122.2 0.0 CH2 36 
   1650 4.49 0.0 HA 147 
   963 129.6 0.0 CE2 88 
   584 51.8 0.0 CA 59 
   1129 0.01 0.0 HB3 102 
   1593 -0.51 0.0 HD13 142 
   1212 36.8 0.0 CG 109 
   527 8.75 0.0 H 54 
   1277 8.32 0.0 H 116 
   1539 1.47 0.0 HB3 138 
   174 57.0 0.0 CA 25 
   1074 1.17 0.0 HG23 97 
   1717 9.7 0.0 HE1 153 
   618 5.47 0.0 HD1 62 
   1441 26.5 0.0 CG 130 
   1855 7.42 0.0 HE21 163 
   952 3.07 0.0 HB3 88 
   1628 -0.05 0.0 HD12 145 
   282 25.2 0.0 CD2 35 
   332 1.78 0.0 HB2 39 
   1082 3.27 0.0 HB3 98 
   886 39.8 0.0 CB 83 
   1762 0.93 0.0 HG21 156 
   643 42.6 0.0 CD 63 
   398 3.25 0.0 HB3 44 
   1634 42.1 0.0 CB 145 
   1121 59.6 0.0 CA 101 
   378 2.71 0.0 HB3 42 
   1609 18.0 0.0 CB 143 
   841 8.07 0.0 H 80 
   866 126.2 0.0 N 81 
   1170 124.1 0.0 N 105 
   1900 0.81 0.0 HG12 167 
   1444 118.4 0.0 N 130 
   446 23.9 0.0 CD2 47 
   289 9.86 0.0 HE1 36 
   654 0.91 0.0 HD22 64 
   594 120.0 0.0 N 60 
   859 4.82 0.0 HA 81 
   933 39.5 0.0 CB 86 
   377 2.27 0.0 HB2 42 
   423 8.3 0.0 H 46 
   1886 1.0 0.0 HG11 166 
   557 7.04 0.0 HD21 56 
   1615 5.82 0.0 HD2 144 
   1509 30.1 0.0 CB 135 
   124 2.46 0.0 HB3 22 
   1678 107.1 0.0 N 149 
   549 25.6 0.0 CG 55 
   1839 0.81 0.0 HG23 162 
   902 53.6 0.0 CA 84 
   1126 3.87 0.0 HA 102 
   1434 1.72 0.0 HG3 130 
   1158 1.15 0.0 HG13 105 
   1617 61.9 0.0 CA 144 
   901 0.64 0.0 HD23 84 
   1231 7.36 0.0 H 111 
   1092 116.0 0.0 CE2 98 
   262 2.42 0.0 HG3 34 
   1174 1.34 0.0 HB2 106 
   210 4.82 0.0 HA3 29 
   1917 2.09 0.0 HB3 168 
   434 2.21 0.0 HB3 47 
   348 0.84 0.0 HD12 40 
   213 2.52 0.0 HA 30 
   1059 0.98 0.0 HG23 96 
   130 31.8 0.0 CB 22 
   1666 0.92 0.0 HD22 148 
   1696 9.07 0.0 H 151 
   1983 27.8 0.0 CB 173 
   1826 57.4 0.0 CA 161 
   968 2.72 0.0 HB2 89 
   829 3.01 0.0 HB3 79 
   1000 8.46 0.0 H 92 
   599 7.87 0.0 HD1 61 
   1769 113.1 0.0 N 156 
   1469 27.0 0.0 CG 132 
   1601 22.0 0.0 CD2 142 
   68 1.1 0.0 HG23 17 
   1685 0.87 0.0 HD12 150 
   93 63.2 0.0 CB 19 
   1440 29.7 0.0 CB 130 
   60 7.9 0.0 H 17 
   1591 -0.51 0.0 HD11 142 
   1629 -0.05 0.0 HD13 145 
   1039 8.7 0.0 CD1 94 
   355 26.0 0.0 CG 40 
   864 34.3 0.0 CB 81 
   1792 30.6 0.0 CB 158 
   1871 2.92 0.0 HE3 164 
   1699 49.3 0.0 CA 151 
   1681 1.36 0.0 HB2 150 
   905 22.3 0.0 CD1 84 
   1798 1.66 0.0 HB2 159 
   949 9.09 0.0 H 88 
   994 2.13 0.0 HG2 91 
   556 2.93 0.0 HB3 56 
   600 9.85 0.0 HE1 61 
   1518 7.29 0.0 HD22 136 
   1071 4.67 0.0 HB 97 
   1293 3.08 0.0 HB3 118 
   1181 1.96 0.0 HB 107 
   1358 13.5 0.0 CD1 123 
   362 2.06 0.0 HB3 41 
   1339 25.6 0.0 CG 122 
   32 22.0 0.0 CG2 14 
   90 3.98 0.0 HB2 19 
   1294 7.0 0.0 HD1 118 
   853 38.1 0.0 CB 80 
   981 0.71 0.0 HD11 90 
   1896 115.2 0.0 N 166 
   1399 40.2 0.0 CB 127 
   1419 6.99 0.0 HE2 129 
   1373 0.13 0.0 HD12 125 
   167 1.76 0.0 HB3 25 
   1470 23.5 0.0 CD1 132 
   570 121.1 0.0 N 57 
   299 120.3 0.0 CZ3 36 
   400 7.33 0.0 HD2 44 
   876 1.57 0.0 HB2 83 
   1086 7.33 0.0 HE2 98 
   1227 26.9 0.0 CG 110 
   1872 56.9 0.0 CA 164 
   7 4.11 0.0 HA 12 
   1902 0.95 0.0 HG21 167 
   1264 1.17 0.0 HG23 114 
   1269 8.73 0.0 H 115 
   1767 21.1 0.0 CG1 156 
   450 1.98 0.0 HB 48 
   1695 125.1 0.0 N 150 
   628 133.7 0.0 CE2 62 
   1820 0.66 0.0 HD11 161 
   1766 33.1 0.0 CB 156 
   1497 54.7 0.0 CA 134 
   1952 8.55 0.0 H 171 
   941 1.9 0.0 HB2 87 
   718 46.2 0.0 CA 70 
   206 24.4 0.0 CB 28 
   338 58.1 0.0 CA 39 
   644 118.8 0.0 N 63 
   415 2.64 0.0 HG3 45 
   756 119.8 0.0 CE3 73 
   1344 3.77 0.0 HA 123 
   1364 57.6 0.0 CA 124 
   1841 0.01 0.0 HD12 162 
   872 39.0 0.0 CB 82 
   748 9.32 0.0 HE1 73 
   1056 1.48 0.0 HG13 96 
   811 7.03 0.0 HD1 78 
   1313 30.5 0.0 CB 119 
   336 2.71 0.0 HD2 39 
   1584 44.0 0.0 CA 141 
   1789 0.18 0.0 HD12 158 
   1838 0.81 0.0 HG22 162 
   1958 55.9 0.0 CA 171 
   1781 3.54 0.0 HA 158 
   1532 60.5 0.0 CA 137 
   1475 2.49 0.0 HB2 133 
   1308 1.58 0.0 HG2 119 
   822 120.5 0.0 CZ3 78 
   1459 1.92 0.0 HB3 132 
   1035 55.2 0.0 CA 94 
   1932 57.3 0.0 CA 169 
   978 1.02 0.0 HG21 90 
   1913 112.3 0.0 N 167 
   1649 8.35 0.0 H 147 
   1698 3.72 0.0 HA3 151 
   785 5.61 0.0 HA 76 
   810 3.29 0.0 HB3 78 
   1221 0.5 0.0 HD13 110 
   693 1.46 0.0 HG2 68 
   1713 4.06 0.0 HA 153 
   1259 7.31 0.0 H 114 
   508 3.88 0.0 HA 52 
   1512 113.5 0.0 N 135 
   1973 32.8 0.0 CB 172 
   1643 2.21 0.0 HG2 146 
   1326 107.3 0.0 N 121 
   335 1.47 0.0 HG3 39 
   1075 60.5 0.0 CA 97 
   128 4.08 0.0 HD3 22 
   188 22.0 0.0 CG2 26 
   1683 1.88 0.0 HG 150 
   974 5.66 0.0 HA 90 
   1981 2.88 0.0 HB3 173 
   218 2.45 0.0 HD2 30 
   774 131.7 0.0 CD2 74 
   1553 1.46 0.0 HG3 139 
   849 0.82 0.0 HD11 80 
   396 4.5 0.0 HA 44 
   1578 129.7 0.0 CE2 140 
   20 1.47 0.0 HB3 13 
   1910 25.3 0.0 CG1 167 
   1616 7.71 0.0 HE1 144 
   204 1.47 0.0 HB3 28 
   1450 3.64 0.0 HD2 131 
   1476 3.07 0.0 HB3 133 
   1785 0.42 0.0 HG21 158 
   1540 1.25 0.0 HG2 138 
   82 1.01 0.0 HG23 18 
   875 3.58 0.0 HA 83 
   1960 36.0 0.0 CG 171 
   1163 0.43 0.0 HD12 105 
   1167 27.6 0.0 CG1 105 
   340 26.9 0.0 CG 39 
   1544 64.6 0.0 CA 138 
   1428 121.3 0.0 N 129 
   533 55.3 0.0 CA 54 
   142 61.6 0.0 CA 23 
   401 6.81 0.0 HE1 44 
   1335 2.91 0.0 HE2 122 
   1633 58.4 0.0 CA 145 
   860 2.85 0.0 HB2 81 
   1458 1.61 0.0 HB2 132 
   1362 2.23 0.0 HB2 124 
   1991 53.2 0.0 CA 174 
   1730 127.7 0.0 NE1 153 
   1396 2.61 0.0 HB2 127 
   183 1.25 0.0 HG21 26 
   893 0.6 0.0 HB2 84 
   990 8.61 0.0 H 91 
   1257 42.5 0.0 CE 113 
   706 4.19 0.0 HA 69 
   1185 0.93 0.0 HG21 107 
   1709 32.1 0.0 CB 152 
   671 122.0 0.0 N 65 
   1417 7.05 0.0 HD2 129 
   1605 1.04 0.0 HB1 143 
   924 9.53 0.0 H 86 
   1646 31.6 0.0 CB 146 
   605 56.9 0.0 CA 61 
   1304 8.4 0.0 H 119 
   74 8.12 0.0 H 18 
   791 1.68 0.0 HD3 76 
   1311 3.21 0.0 HD3 119 
   820 119.9 0.0 CE3 78 
   1067 13.2 0.0 CD1 96 
   132 50.7 0.0 CD 22 
   243 119.3 0.0 N 32 
   720 8.33 0.0 H 71 
   912 1.18 0.0 HG2 85 
   271 1.77 0.0 HG 35 
   510 2.21 0.0 HB3 52 
   193 3.25 0.0 HB3 27 
   805 32.7 0.0 CB 77 
   962 129.6 0.0 CE1 88 
   517 8.47 0.0 H 53 
   1232 4.44 0.0 HA 111 
   1556 2.87 0.0 HE2 139 
   341 121.0 0.0 N 39 
   54 3.21 0.0 HD3 16 
   1793 28.2 0.0 CG1 158 
   439 0.98 0.0 HD21 47 
   1083 7.86 0.0 HD1 98 
   1404 3.23 0.0 HB3 128 
   1572 6.2 0.0 HZ 140 
   948 122.6 0.0 N 87 
   1926 112.3 0.0 NE2 168 
   1607 1.04 0.0 HB3 143 
   1349 -0.36 0.0 HG22 123 
   996 55.2 0.0 CA 91 
   1484 27.6 0.0 CB 133 
   838 117.3 0.0 CE1 79 
   310 1.13 0.0 HG22 37 
   1790 0.18 0.0 HD13 158 
   458 0.92 0.0 HD13 48 
   381 59.1 0.0 CA 42 
   91 3.98 0.0 HB3 19 
   1274 52.6 0.0 CA 115 
   1948 24.8 0.0 CG 170 
   503 31.5 0.0 CB 51 
   1719 7.16 0.0 HZ2 153 
   664 1.55 0.0 HB2 65 
   1278 4.0 0.0 HA 116 
   322 2.45 0.0 HG3 38 
   320 2.23 0.0 HB3 38 
   1462 0.93 0.0 HD12 132 
   624 40.9 0.0 CB 62 
   1165 62.8 0.0 CA 105 
   1204 9.68 0.0 H 109 
   921 29.2 0.0 CD 85 
   559 55.3 0.0 CA 56 
   896 0.41 0.0 HD11 84 
   494 3.25 0.0 HA 51 
   1499 117.9 0.0 N 134 
   1911 18.1 0.0 CG2 167 
   1817 1.16 0.0 HB2 161 
   788 1.43 0.0 HG2 76 
   779 8.54 0.0 H 75 
   1706 3.08 0.0 HD2 152 
   1106 4.12 0.0 HA 100 
   1505 1.72 0.0 HG3 135 
   713 37.3 0.0 CG 69 
   1954 1.93 0.0 HB2 171 
   293 7.05 0.0 HH2 36 
   207 123.5 0.0 N 28 
   1547 48.1 0.0 CD 138 
   1228 25.1 0.0 CD1 110 
   418 59.3 0.0 CA 45 
   1794 18.6 0.0 CG2 158 
   277 1.01 0.0 HD23 35 
   1343 7.91 0.0 H 123 
   942 1.9 0.0 HB3 87 
   1936 8.48 0.0 H 170 
   480 3.32 0.0 HB2 50 
   121 122.5 0.0 N 21 
   1312 57.4 0.0 CA 119 
   1400 122.0 0.0 N 127 
   442 58.8 0.0 CA 47 
   1279 2.0 0.0 HB2 116 
   1151 30.1 0.0 CB 104 
   697 3.0 0.0 HE2 68 
   1705 2.09 0.0 HG3 152 
   573 2.55 0.0 HB2 58 
   1253 56.4 0.0 CA 113 
   1236 41.0 0.0 CB 111 
   758 120.1 0.0 CZ3 73 
   1598 40.4 0.0 CB 142 
   1155 3.79 0.0 HA 105 
   1139 3.85 0.0 HD3 103 
   1179 8.02 0.0 H 107 
   910 1.51 0.0 HB2 85 
   711 58.0 0.0 CA 69 
   399 7.33 0.0 HD1 44 
   317 7.16 0.0 H 38 
   1065 27.8 0.0 CG1 96 
   1570 6.77 0.0 HE1 140 
   1657 8.89 0.0 H 148 
   828 3.01 0.0 HB2 79 
   1659 1.74 0.0 HB2 148 
   383 35.5 0.0 CG 42 
   759 123.7 0.0 CH2 73 
   1192 119.5 0.0 N 107 
   680 4.76 0.0 HA 67 
   817 56.7 0.0 CA 78 
   1492 8.33 0.0 H 134 
   877 2.1 0.0 HB3 83 
   1015 127.8 0.0 CZ 92 
   1830 22.9 0.0 CD2 161 
   1138 2.95 0.0 HD2 103 
   1093 128.0 0.0 N 98 
   855 17.1 0.0 CG2 80 
   159 41.3 0.0 CB 24 
   1788 0.18 0.0 HD11 158 
   1223 0.68 0.0 HD22 110 
   16 8.44 0.0 H 13 
   462 17.0 0.0 CG2 48 
   621 5.55 0.0 HE2 62 
   1780 7.94 0.0 H 158 
   1580 113.4 0.0 N 140 
   1858 27.9 0.0 CB 163 
   626 132.0 0.0 CD2 62 
   1389 1.41 0.0 HG23 126 
   1877 115.9 0.0 N 164 
   56 30.2 0.0 CB 16 
   1328 4.58 0.0 HA 122 
   915 1.28 0.0 HD3 85 
   975 1.75 0.0 HB 90 
   1923 31.6 0.0 CB 168 
   926 2.88 0.0 HB2 86 
   888 25.2 0.0 CD1 83 
   106 4.14 0.0 HA 21 
   1467 57.9 0.0 CA 132 
   205 51.9 0.0 CA 28 
   1477 6.93 0.0 HD1 133 
   1831 118.0 0.0 N 161 
   657 48.2 0.0 CB 64 
   1214 7.93 0.0 H 110 
   15 122.1 0.0 N 12 
   492 119.9 0.0 N 50 
   767 6.87 0.0 HD2 74 
   1113 21.6 0.0 CG2 100 
   153 1.0 0.0 HD12 24 
   1319 3.69 0.0 HA3 120 
   707 2.1 0.0 HB2 69 
   703 41.8 0.0 CE 68 
   857 128.9 0.0 N 80 
   1943 1.6 0.0 HD3 170 
   560 38.1 0.0 CB 56 
   258 4.24 0.0 HA 34 
   674 0.91 0.0 HB2 66 
   61 3.95 0.0 HA 17 
   354 41.3 0.0 CB 40 
   1773 0.96 0.0 HB3 157 
   1186 0.93 0.0 HG22 107 
   1299 39.5 0.0 CB 118 
   904 25.9 0.0 CG 84 
   1009 57.4 0.0 CA 92 
   701 24.4 0.0 CG 68 
   1864 1.76 0.0 HB2 164 
   1348 -0.36 0.0 HG21 123 
   1756 6.91 0.0 H 156 
   1381 25.2 0.0 CD1 125 
   790 1.55 0.0 HD2 76 
   1836 1.33 0.0 HG13 162 
   186 65.4 0.0 CA 26 
   1660 2.08 0.0 HB3 148 
   825 131.3 0.0 NE1 78 
   73 119.6 0.0 N 17 
   1632 0.45 0.0 HD23 145 
   525 119.5 0.0 N 53 
   329 113.9 0.0 NE2 38 
   1636 25.8 0.0 CD1 145 
   1852 2.24 0.0 HB3 163 
   1124 114.3 0.0 N 101 
   421 117.4 0.0 N 45 
   114 -0.19 0.0 HD12 21 
   988 14.6 0.0 CD1 90 
   1674 7.41 0.0 H 149 
   911 1.74 0.0 HB3 85 
   727 69.3 0.0 CB 71 
   925 4.52 0.0 HA 86 
   571 7.96 0.0 H 58 
   1946 56.7 0.0 CA 170 
   440 0.98 0.0 HD22 47 
   590 2.19 0.0 HB2 60 
   1522 116.8 0.0 ND2 136 
   1673 110.9 0.0 N 148 
   1330 1.47 0.0 HB3 122 
   1117 3.67 0.0 HB 101 
   1127 0.01 0.0 HB1 102 
   66 1.1 0.0 HG21 17 
   973 8.46 0.0 H 90 
   86 22.0 0.0 CG2 18 
   1708 64.6 0.0 CA 152 
   257 9.25 0.0 H 34 
   1610 120.1 0.0 N 143 
   826 9.23 0.0 H 79 
   200 7.02 0.0 H 28 
   1975 29.1 0.0 CD 172 
   1884 4.04 0.0 HA 166 
   1033 0.45 0.0 HD12 94 
   486 58.8 0.0 CA 50 
   1289 36.0 0.0 CG 117 
   1707 3.6 0.0 HD3 152 
   168 1.29 0.0 HG2 25 
   295 29.5 0.0 CB 36 
   940 5.28 0.0 HA 87 
   1284 2.3 0.0 HG2 117 
   361 2.06 0.0 HB2 41 
   225 4.34 0.0 HA 31 
   351 0.86 0.0 HD22 40 
   1183 0.58 0.0 HG12 107 
   712 29.6 0.0 CB 69 
   1990 6.91 0.0 HD22 174 
   115 -0.19 0.0 HD13 21 
   732 1.63 0.0 HB2 72 
   761 127.0 0.0 NE1 73 
   1905 0.85 0.0 HD11 167 
   380 2.69 0.0 HG3 42 
   800 9.17 0.0 H 77 
   1736 0.88 0.0 HD11 154 
   564 4.51 0.0 HA 57 
   1197 2.12 0.0 HG3 108 
   44 27.3 0.0 CG 15 
   781 4.31 0.0 HA3 75 
   1901 1.3 0.0 HG13 167 
   1929 2.59 0.0 HB2 169 
   146 116.5 0.0 N 23 
   1777 29.2 0.0 CB 157 
   699 59.8 0.0 CA 68 
   909 4.75 0.0 HA 85 
   728 23.0 0.0 CG2 71 
   588 8.49 0.0 H 60 
   330 8.2 0.0 H 39 
   856 12.7 0.0 CD1 80 
   1694 27.2 0.0 CD2 150 
   1109 1.25 0.0 HG22 100 
   1914 8.64 0.0 H 168 
   545 2.84 0.0 HE2 55 
   734 1.5 0.0 HG2 72 
   1246 1.82 0.0 HB3 113 
   913 1.18 0.0 HG3 85 
   1057 0.98 0.0 HG21 96 
   129 63.3 0.0 CA 22 
   448 8.86 0.0 H 48 
   1538 1.22 0.0 HB2 138 
   535 122.2 0.0 N 54 
   792 2.95 0.0 HE2 76 
   95 7.79 0.0 H 20 
   1487 113.9 0.0 CZ2 133 
   451 1.26 0.0 HG12 48 
   1145 4.26 0.0 HA 104 
   1868 1.5 0.0 HD2 164 
   191 4.6 0.0 HA 27 
   1809 4.33 0.0 HA 160 
   1642 2.46 0.0 HB3 146 
   692 1.89 0.0 HB3 68 
   847 0.64 0.0 HG22 80 
   972 122.9 0.0 N 89 
   1456 6.93 0.0 H 132 
   1493 4.17 0.0 HA 134 
   1644 2.21 0.0 HG3 146 
   109 1.61 0.0 HG13 21 
   1411 114.8 0.0 N 128 
   67 1.1 0.0 HG22 17 
   1799 2.07 0.0 HB3 159 
   303 7.5 0.0 H 37 
   13 29.4 0.0 CB 12 
   239 3.17 0.0 HB2 32 
   104 119.8 0.0 N 20 
   1049 32.4 0.0 CB 95 
   593 40.5 0.0 CB 60 
   1239 4.25 0.0 HA2 112 
   1244 4.41 0.0 HA 113 
   816 6.84 0.0 HH2 78 
   472 3.42 0.0 HD3 49 
   804 55.2 0.0 CA 77 
   94 116.9 0.0 N 19 
   1342 118.4 0.0 N 122 
   500 0.8 0.0 HG22 51 
   495 2.1 0.0 HB 51 
   807 9.24 0.0 H 78 
   667 2.03 0.0 HG3 65 
   1378 54.2 0.0 CA 125 
   323 6.95 0.0 HE21 38 
   1132 126.2 0.0 N 102 
   1837 0.81 0.0 HG21 162 
   1472 119.9 0.0 N 132 
   1854 2.49 0.0 HG3 163 
   107 1.29 0.0 HB 21 
   1443 41.8 0.0 CE 130 
   1119 1.08 0.0 HG22 101 
   1094 3.55 0.0 HA 99 
   794 53.9 0.0 CA 76 
   1883 7.79 0.0 H 166 
   254 27.3 0.0 CG 33 
   270 1.81 0.0 HB3 35 
   1195 2.4 0.0 HB3 108 
   1161 0.67 0.0 HG23 105 
   1597 57.5 0.0 CA 142 
   475 26.1 0.0 CG 49 
   983 0.71 0.0 HD13 90 
   1876 41.8 0.0 CE 164 
   1478 9.6 0.0 HE1 133 
   1716 7.36 0.0 HD1 153 
   1252 3.12 0.0 HE3 113 
   117 39.1 0.0 CB 21 
   1581 9.74 0.0 H 141 
   677 66.8 0.0 CB 66 
   1754 18.2 0.0 CB 155 
   26 4.2 0.0 HB 14 
   1420 6.93 0.0 HZ 129 
   467 1.95 0.0 HB2 49 
   1149 2.24 0.0 HG3 104 
   1525 1.75 0.0 HB 137 
   524 37.4 0.0 CB 53 
   1193 4.13 0.0 HA 108 
   1895 21.8 0.0 CG2 166 
   736 3.09 0.0 HD2 72 
   1848 120.1 0.0 N 162 
   30 64.2 0.0 CA 14 
   1603 9.24 0.0 H 143 
   1778 34.2 0.0 CG 157 
   1078 103.6 0.0 N 97 
   429 62.7 0.0 CB 46 
   215 1.42 0.0 HB3 30 
   47 8.18 0.0 H 16 
   1548 8.76 0.0 H 139 
   1357 17.0 0.0 CG2 123 
   686 37.3 0.0 CB 67 
   342 8.86 0.0 H 40 
   1202 27.1 0.0 CG 108 
   152 1.0 0.0 HD11 24 
   171 1.6 0.0 HD3 25 
   630 115.3 0.0 N 62 
   1959 31.0 0.0 CB 171 
   916 2.27 0.0 HE2 85 
   1345 0.37 0.0 HB 123 
   1153 119.5 0.0 N 104 
   2002 6.84 0.0 HE22 175 
   1942 1.6 0.0 HD2 170 
   579 5.05 0.0 HA 59 
   163 126.3 0.0 N 24 
   1807 49.4 0.0 CD 159 
   1097 1.5 0.0 HG2 99 
   601 7.9 0.0 HE3 61 
   1507 3.11 0.0 HD3 135 
   279 42.7 0.0 CB 35 
   1237 119.9 0.0 N 111 
   1418 6.99 0.0 HE1 129 
   1146 1.71 0.0 HB2 104 
   1405 7.06 0.0 HD2 128 
   512 2.42 0.0 HG3 52 
   487 38.5 0.0 CB 50 
   935 132.9 0.0 CD2 86 
   2000 2.31 0.0 HG3 175 
   476 42.2 0.0 CD 49 
   1011 131.3 0.0 CD1 92 
   595 7.49 0.0 H 61 
   490 118.8 0.0 CE1 50 
   1853 2.49 0.0 HG2 163 
   522 6.74 0.0 HD22 53 
   1714 3.23 0.0 HB2 153 
   922 41.3 0.0 CE 85 
   878 1.45 0.0 HG 83 
   1336 2.91 0.0 HE3 122 
   1445 4.38 0.0 HA 131 
   1272 1.43 0.0 HB2 115 
   103 36.3 0.0 CG 20 
   385 8.98 0.0 H 43 
   608 122.4 0.0 CE3 61 
   1273 1.43 0.0 HB3 115 
   1927 8.65 0.0 H 169 
   1937 4.24 0.0 HA 170 
   721 4.41 0.0 HA 71 
   157 1.18 0.0 HD23 24 
   1271 1.43 0.0 HB1 115 
   918 56.1 0.0 CA 85 
   1916 1.92 0.0 HB2 168 
   237 8.17 0.0 H 32 
   179 116.8 0.0 N 25 
   1296 6.74 0.0 HE1 118 
   251 3.34 0.0 HD3 33 
   437 0.93 0.0 HD12 47 
   149 1.51 0.0 HB2 24 
   1840 0.01 0.0 HD11 162 
   1563 122.6 0.0 N 139 
   1979 4.42 0.0 HA 173 
   809 3.11 0.0 HB2 78 
   993 2.38 0.0 HB3 91 
   659 24.3 0.0 CD1 64 
   891 7.9 0.0 H 84 
   280 27.0 0.0 CG 35 
   1157 0.33 0.0 HG12 105 
   127 3.72 0.0 HD2 22 
   1111 67.1 0.0 CA 100 
   723 1.1 0.0 HG21 71 
   656 54.3 0.0 CA 64 
   552 122.1 0.0 N 55 
   1743 42.6 0.0 CB 154 
   137 0.96 0.0 HG12 23 
   965 121.3 0.0 N 88 
   982 0.71 0.0 HD12 90 
   1377 0.33 0.0 HD23 125 
   1200 66.4 0.0 CA 108 
   1066 18.1 0.0 CG2 96 
   566 1.5 0.0 HB2 57 
   1125 7.94 0.0 H 102 
   1088 42.0 0.0 CB 98 
   789 1.57 0.0 HG3 76 
   1894 21.8 0.0 CG1 166 
   416 7.61 0.0 HE21 45 
   1676 3.16 0.0 HA3 149 
   696 1.69 0.0 HD3 68 
   1136 1.32 0.0 HG2 103 
   116 59.2 0.0 CA 21 
   455 0.97 0.0 HG23 48 
   1226 42.1 0.0 CB 110 
   223 48.9 0.0 CD 30 
   1095 1.45 0.0 HB2 99 
   772 40.5 0.0 CB 74 
   939 8.12 0.0 H 87 
   1550 1.74 0.0 HB2 139 
   48 4.19 0.0 HA 16 
   79 0.94 0.0 HG13 18 
   617 2.5 0.0 HB3 62 
   151 1.7 0.0 HG 24 
   181 3.89 0.0 HA 26 
   627 133.7 0.0 CE1 62 
   285 4.72 0.0 HA 36 
   144 18.2 0.0 CG1 23 
   1488 123.0 0.0 CZ3 133 
   1908 59.4 0.0 CA 167 
   198 128.7 0.0 N 27 
   1800 1.71 0.0 HG2 159 
   568 51.2 0.0 CA 57 
   1822 0.66 0.0 HD13 161 
   158 56.0 0.0 CA 24 
   1888 1.0 0.0 HG13 166 
   493 8.77 0.0 H 51 
   1423 131.7 0.0 CD1 129 
   1558 57.9 0.0 CA 139 
   1560 25.7 0.0 CG 139 
   1614 3.34 0.0 HB3 144 
   541 1.31 0.0 HG2 55 
   1008 6.45 0.0 HZ 92 
   1287 1.89 0.0 HE2 117 
   1031 0.7 0.0 HG23 94 
   502 67.2 0.0 CA 51 
   634 1.82 0.0 HB3 63 
   923 121.7 0.0 N 85 
   1744 26.8 0.0 CG 154 
   1867 1.66 0.0 HG3 164 
   1371 1.35 0.0 HG 125 
   252 58.8 0.0 CA 33 
   979 1.02 0.0 HG22 90 
   575 55.3 0.0 CA 58 
   1857 58.8 0.0 CA 163 
   197 36.8 0.0 CB 27 
   1216 1.6 0.0 HB2 110 
   464 118.5 0.0 N 48 
   1912 14.6 0.0 CD1 167 
   650 0.91 0.0 HD11 64 
   562 112.3 0.0 ND2 56 
   1055 1.32 0.0 HG12 96 
   1256 29.1 0.0 CD 113 
   147 9.12 0.0 H 24 
   843 1.63 0.0 HB 80 
   407 117.8 0.0 CE1 44 
   1104 49.5 0.0 CD 99 
   1622 8.62 0.0 H 145 
   1394 8.77 0.0 H 127 
   1249 1.6 0.0 HD2 113 
   969 2.91 0.0 HB3 89 
   176 24.6 0.0 CG 25 
   1307 1.79 0.0 HB3 119 
   837 131.9 0.0 CD2 79 
   1690 57.9 0.0 CA 150 
   1796 115.7 0.0 N 158 
   260 2.16 0.0 HB3 34 
   1689 1.16 0.0 HD23 150 
   673 4.75 0.0 HA 66 
   1715 3.56 0.0 HB3 153 
   1050 27.0 0.0 CG 95 
   1171 8.88 0.0 H 106 
   1457 3.95 0.0 HA 132 
   695 1.69 0.0 HD2 68 
   489 131.7 0.0 CD2 50 
   1297 6.74 0.0 HE2 118 
   898 0.41 0.0 HD13 84 
   542 1.59 0.0 HG3 55 
   22 18.5 0.0 CB 13 
   1618 29.7 0.0 CB 144 
   1692 27.0 0.0 CG 150 
   784 8.54 0.0 H 76 
   1924 33.7 0.0 CG 168 
   1832 8.16 0.0 H 162 
   1439 62.3 0.0 CA 130 
   358 120.3 0.0 N 40 
   555 2.93 0.0 HB2 56 
   750 7.02 0.0 HZ2 73 
   1148 2.07 0.0 HG2 104 
   1600 23.0 0.0 CD1 142 
   651 0.91 0.0 HD12 64 
   345 1.42 0.0 HB3 40 
   452 1.86 0.0 HG13 48 
   1928 4.05 0.0 HA 169 
   1918 2.32 0.0 HG2 168 
   141 1.13 0.0 HG23 23 
   1052 8.69 0.0 H 96 
   350 0.86 0.0 HD21 40 
   1374 0.13 0.0 HD13 125 
   895 1.54 0.0 HG 84 
   162 25.5 0.0 CD2 24 
   1103 25.1 0.0 CG 99 
   1595 0.37 0.0 HD22 142 
   1879 3.97 0.0 HA2 165 
   1571 6.77 0.0 HE2 140 
   1448 1.99 0.0 HG2 131 
   1369 1.43 0.0 HB2 125 
   1907 0.85 0.0 HD13 167 
   432 4.23 0.0 HA 47 
   504 23.6 0.0 CG1 51 
   1454 27.9 0.0 CG 131 
   813 7.27 0.0 HE3 78 
   1219 0.5 0.0 HD11 110 
   1133 4.23 0.0 HA 103 
   395 8.83 0.0 H 44 
   1567 2.06 0.0 HB3 140 
   1261 4.2 0.0 HB 114 
   1177 21.6 0.0 CB 106 
   1590 1.64 0.0 HG 142 
   1098 1.77 0.0 HG3 99 
   417 6.94 0.0 HE22 45 
   1816 3.88 0.0 HA 161 
   739 32.8 0.0 CB 72 
   662 8.9 0.0 H 65 
   256 121.0 0.0 N 33 
   2005 33.7 0.0 CG 175 
   339 29.8 0.0 CB 39 
   1819 1.91 0.0 HG 161 
   1776 57.3 0.0 CA 157 
   783 107.1 0.0 N 75 
   1712 7.2 0.0 H 153 
   246 2.0 0.0 HB2 33 
   428 62.8 0.0 CA 46 
   2 2.76 0.0 HB2 11 
   1508 57.0 0.0 CA 135 
   679 8.15 0.0 H 67 
   363 1.45 0.0 HG2 41 
   526 110.8 0.0 ND2 53 
   1234 2.72 0.0 HB3 111 
   413 2.34 0.0 HB3 45 
   1939 1.7 0.0 HB3 170 
   481 3.32 0.0 HB3 50 
   741 43.1 0.0 CD 72 
   1387 1.41 0.0 HG21 126 
   1668 54.5 0.0 CA 148 
   1491 130.6 0.0 NE1 133 
   1120 1.08 0.0 HG23 101 
   466 4.23 0.0 HA 49 
   1576 127.3 0.0 CD2 140 
   1582 5.14 0.0 HA2 141 
   1775 1.28 0.0 HG3 157 
   1393 111.5 0.0 N 126 
   936 117.5 0.0 CE1 86 
   1137 1.47 0.0 HG3 103 
   1482 7.06 0.0 HH2 133 
   1524 4.01 0.0 HA 137 
   264 28.8 0.0 CB 34 
   244 8.58 0.0 H 33 
   292 7.51 0.0 HZ3 36 
   725 1.1 0.0 HG23 71 
   1904 0.95 0.0 HG23 167 
   578 8.55 0.0 H 59 
   1069 7.01 0.0 H 97 
   1687 1.16 0.0 HD21 150 
   217 1.44 0.0 HG3 30 
   12 58.2 0.0 CA 12 
   1288 1.89 0.0 HE3 117 
   1017 8.57 0.0 H 93 
   1856 6.84 0.0 HE22 163 
   1196 1.88 0.0 HG2 108 
   797 29.6 0.0 CD 76 
   1935 122.1 0.0 N 169 
   180 10.39 0.0 H 26 
   793 2.95 0.0 HE3 76 
   52 1.6 0.0 HG3 16 
   316 116.1 0.0 N 37 
   306 0.99 0.0 HG11 37 
   1529 1.08 0.0 HG21 137 
   519 3.0 0.0 HB2 53 
   433 1.79 0.0 HB2 47 
   1737 0.88 0.0 HD12 154 
   63 1.01 0.0 HG11 17 
   314 21.0 0.0 CG1 37 
   457 0.92 0.0 HD12 48 
   190 9.34 0.0 H 27 
   1847 14.9 0.0 CD1 162 
   356 24.3 0.0 CD1 40 
   1480 7.26 0.0 HZ2 133 
   638 3.25 0.0 HD3 63 
   4 54.1 0.0 CA 11 
   122 4.51 0.0 HA 22 
   548 32.2 0.0 CB 55 
   1749 3.86 0.0 HA 155 
   1986 4.67 0.0 HA 174 
   694 1.46 0.0 HG3 68 
   1169 14.7 0.0 CD1 105 
   874 8.23 0.0 H 83 
   1468 41.9 0.0 CB 132 
   567 1.5 0.0 HB3 57 
   947 37.4 0.0 CG 87 
   1945 2.96 0.0 HE3 170 
   1667 0.92 0.0 HD23 148 
   1844 38.3 0.0 CB 162 
   1329 1.25 0.0 HB2 122 
   371 25.0 0.0 CG 41 
   1134 0.87 0.0 HB2 103 
   845 1.57 0.0 HG13 80 
   747 6.4 0.0 HD1 73 
   1843 65.1 0.0 CA 162 
   1096 2.2 0.0 HB3 99 
   2001 7.5 0.0 HE21 175 
   1815 7.82 0.0 H 161 
   1964 1.72 0.0 HB2 172 
   1206 2.17 0.0 HB2 109 
   1805 30.6 0.0 CB 159 
   357 24.3 0.0 CD2 40 
   99 2.21 0.0 HG2 20 
   1235 56.4 0.0 CA 111 
   613 127.8 0.0 NE1 61 
   1473 8.49 0.0 H 133 
   337 2.71 0.0 HD3 39 
   374 118.4 0.0 N 41 
   19 1.47 0.0 HB2 13 
   818 32.6 0.0 CB 78 
   1340 28.9 0.0 CD 122 
   598 4.08 0.0 HB3 61 
   1551 1.6 0.0 HB3 139 
   787 1.49 0.0 HB3 76 
   631 8.75 0.0 H 63 
   1541 1.72 0.0 HG3 138 
   565 1.5 0.0 HB1 57 
   286 3.29 0.0 HB2 36 
   1292 2.84 0.0 HB2 118 
   1658 4.51 0.0 HA 148 
   666 1.89 0.0 HG2 65 
   419 28.3 0.0 CB 45 
   1523 6.64 0.0 H 137 
   307 0.99 0.0 HG12 37 
   265 36.3 0.0 CG 34 
   227 2.02 0.0 HB3 31 
   1833 3.68 0.0 HA 162 
   1612 3.57 0.0 HA 144 
   1386 4.54 0.0 HB 126 
   1240 3.79 0.0 HA3 112 
   752 6.46 0.0 HH2 73 
   1053 3.78 0.0 HA 96 
   534 36.9 0.0 CB 54 
   1680 4.08 0.0 HA 150 
   1350 -0.36 0.0 HG23 123 
   509 2.1 0.0 HB2 52 
   1402 4.57 0.0 HA 128 
   311 1.13 0.0 HG23 37 
   1199 3.77 0.0 HD3 108 
   1486 120.1 0.0 CE3 133 
   21 54.2 0.0 CA 13 
   1899 1.86 0.0 HB 167 
   449 3.79 0.0 HA 48 
   537 8.89 0.0 H 55 
   1569 6.2 0.0 HD2 140 
   762 8.53 0.0 H 74 
   43 30.1 0.0 CB 15 
   806 114.4 0.0 N 77 
   1517 6.92 0.0 HD21 136 
   932 57.5 0.0 CA 86 
   133 8.04 0.0 H 23 
   1630 0.45 0.0 HD21 145 
   1608 55.6 0.0 CA 143 
   1969 1.65 0.0 HD3 172 
   646 5.07 0.0 HA 64 
   1770 7.92 0.0 H 157 
   276 1.01 0.0 HD22 35 
   1014 129.9 0.0 CE2 92 
   160 31.1 0.0 CG 24 
   798 42.2 0.0 CE 76 
   1045 1.91 0.0 HG3 95 
   1994 112.7 0.0 ND2 174 
   1327 7.0 0.0 H 122 
   1043 2.39 0.0 HB3 95 
   1795 8.6 0.0 CD1 158 
   1247 1.3 0.0 HG2 113 
   1565 4.03 0.0 HA 140 
   1592 -0.51 0.0 HD12 142 
   1552 1.26 0.0 HG2 139 
   765 3.22 0.0 HB3 74 
   302 125.7 0.0 NE1 36 
   906 24.8 0.0 CD2 84 
   879 0.82 0.0 HD11 83 
   688 110.7 0.0 ND2 67 
   796 24.8 0.0 CG 76 
   1661 1.64 0.0 HG 148 
   199 107.7 0.0 ND2 27 
   389 2.14 0.0 HG2 43 
   1545 32.6 0.0 CB 138 
   233 29.5 0.0 CB 31 
   431 8.42 0.0 H 47 
   691 1.81 0.0 HB2 68 
   1664 0.8 0.0 HD13 148 
   312 66.4 0.0 CA 37 
   652 0.91 0.0 HD13 64 
   964 128.3 0.0 CZ 88 
   1432 2.04 0.0 HB3 130 
   908 8.45 0.0 H 85 
   587 110.7 0.0 ND2 59 
   1062 0.87 0.0 HD13 96 
   301 121.6 0.0 N 36 
   1810 2.55 0.0 HB2 160 
   1704 1.84 0.0 HG2 152 
   488 131.7 0.0 CD1 50 
   1513 7.18 0.0 H 136 
   1233 2.6 0.0 HB2 111 
   1655 20.6 0.0 CB 147 
   743 8.77 0.0 H 73 
   1310 3.21 0.0 HD2 119 
   1143 49.2 0.0 CD 103 
   315 22.1 0.0 CG2 37 
   967 5.42 0.0 HA 89 
   665 1.81 0.0 HB3 65 
   414 2.54 0.0 HG2 45 
   1934 120.5 0.0 CD2 169 
   1354 61.9 0.0 CA 123 
   1064 37.7 0.0 CB 96 
   812 10.66 0.0 HE1 78 
   862 7.19 0.0 HD2 81 
   175 35.9 0.0 CB 25 
   1347 0.7 0.0 HG13 123 
   1686 0.87 0.0 HD13 150 
   1054 1.9 0.0 HB 96 
   424 4.12 0.0 HA 46 
   1987 2.77 0.0 HB2 174 
   1786 0.42 0.0 HG22 158 
   1978 8.4 0.0 H 173 
   387 2.22 0.0 HB2 43 
   203 1.47 0.0 HB2 28 
   719 107.1 0.0 N 70 
   219 3.47 0.0 HD3 30 
   46 121.6 0.0 N 15 
   1962 8.44 0.0 H 172 
   1765 63.4 0.0 CA 156 
   852 59.6 0.0 CA 80 
   477 119.0 0.0 N 49 
   1921 7.47 0.0 HE22 168 
   211 44.9 0.0 CA 29 
   1772 0.27 0.0 HB2 157 
   1611 7.37 0.0 H 144 
   1084 7.38 0.0 HD2 98 
   1255 25.6 0.0 CG 113 
   1813 41.7 0.0 CB 160 
   1159 0.67 0.0 HG21 105 
   1140 61.6 0.0 CA 103 
   1637 23.3 0.0 CD2 145 
   1956 2.2 0.0 HG2 171 
   1437 2.99 0.0 HE2 130 
   1812 57.2 0.0 CA 160 
   1118 1.08 0.0 HG21 101 
   1846 16.7 0.0 CG2 162 
   1542 3.23 0.0 HD2 138 
   1861 111.2 0.0 NE2 163 
   685 51.6 0.0 CA 67 
   577 116.9 0.0 N 58 
   1135 2.45 0.0 HB3 103 
   305 2.2 0.0 HB 37 
   937 117.5 0.0 CE2 86 
   1046 3.51 0.0 HD2 95 
   1919 2.35 0.0 HG3 168 
   1931 7.31 0.0 HD2 169 
   536 104.6 0.0 ND2 54 
   1042 1.84 0.0 HB2 95 
   881 0.82 0.0 HD13 83 
   42 58.2 0.0 CA 15 
   192 2.32 0.0 HB2 27 
   1072 1.17 0.0 HG21 97 
   97 1.96 0.0 HB2 20 
   273 0.91 0.0 HD12 35 
   1331 1.04 0.0 HG2 122 
   131 27.7 0.0 CG 22 
   871 55.4 0.0 CA 82 
   1761 0.75 0.0 HG13 156 
   749 7.03 0.0 HE3 73 
   278 56.6 0.0 CA 35 
   308 0.99 0.0 HG13 37 
   288 7.34 0.0 HD1 36 
   1026 2.04 0.0 HB 94 
   1180 4.9 0.0 HA 107 
   201 4.74 0.0 HA 28 
   275 1.01 0.0 HD21 35 
   1554 1.56 0.0 HD2 139 
   1412 7.96 0.0 H 129 
   1285 2.4 0.0 HG3 117 
   1574 36.4 0.0 CB 140 
   658 27.3 0.0 CG 64 
   999 117.4 0.0 N 91 
   1366 121.7 0.0 N 124 
   331 4.12 0.0 HA 39 
   1732 3.58 0.0 HA 154 
   1334 1.73 0.0 HD3 122 
   663 4.51 0.0 HA 65 
   185 1.25 0.0 HG23 26 
   757 113.1 0.0 CZ2 73 
   80 1.01 0.0 HG21 18 
   1950 41.8 0.0 CE 170 
   436 0.93 0.0 HD11 47 
   38 1.59 0.0 HG2 15 
   154 1.0 0.0 HD13 24 
   397 3.17 0.0 HB2 44 
   1995 8.36 0.0 H 175 
   1828 26.2 0.0 CG 161 
   1166 38.7 0.0 CB 105 
   1385 4.28 0.0 HA 126 
   196 51.1 0.0 CA 27 
   1372 0.13 0.0 HD11 125 
   59 120.5 0.0 N 16 
   1116 4.28 0.0 HA 101 
   1363 2.78 0.0 HB3 124 
   1005 6.51 0.0 HD2 92 
   328 118.6 0.0 N 38 
   586 116.4 0.0 N 59 
   742 123.7 0.0 N 72 
   989 113.7 0.0 N 90 
   1725 119.6 0.0 CE3 153 
   950 5.09 0.0 HA 88 
   177 29.2 0.0 CD 25 
   422 111.4 0.0 NE2 45 
   1723 29.6 0.0 CB 153 
   1061 0.87 0.0 HD12 96 
   1684 0.87 0.0 HD11 150 
   409 118.4 0.0 N 44 
   2004 29.2 0.0 CB 175 
   1620 136.3 0.0 CE1 144 
   1260 4.63 0.0 HA 114 
   1360 7.71 0.0 H 124 
   1980 2.81 0.0 HB2 173 
   1863 4.19 0.0 HA 164 
   1621 115.4 0.0 N 144 
   653 0.91 0.0 HD21 64 
   1887 1.0 0.0 HG12 166 
   1662 0.8 0.0 HD11 148 
   1425 129.8 0.0 CE1 129 
   1663 0.8 0.0 HD12 148 
   842 5.13 0.0 HA 80 
   1018 5.58 0.0 HA 93 
   1210 58.3 0.0 CA 109 
   1906 0.85 0.0 HD12 167 
   140 1.13 0.0 HG22 23 
   1992 38.6 0.0 CB 174 
   375 7.68 0.0 H 42 
   1306 1.79 0.0 HB2 119 
   11 2.32 0.0 HG3 12 
   173 2.92 0.0 HE3 25 
   373 42.2 0.0 CE 41 
   1248 1.36 0.0 HG3 113 
   1599 26.2 0.0 CG 142 
   1047 3.51 0.0 HD3 95 
   1720 6.36 0.0 HZ3 153 
   678 111.7 0.0 N 66 
   1501 4.14 0.0 HA 135 
   1731 8.68 0.0 H 154 
   1251 3.12 0.0 HE2 113 
   441 0.98 0.0 HD23 47 
   485 6.97 0.0 HE2 50 
   1520 40.4 0.0 CB 136 
   1670 27.0 0.0 CG 148 
   1194 2.03 0.0 HB2 108 
   1276 128.2 0.0 N 115 
   1751 1.43 0.0 HB2 155 
   1398 56.8 0.0 CA 127 
   1562 41.9 0.0 CE 139 
   980 1.02 0.0 HG23 90 
   885 57.1 0.0 CA 83 
   740 27.4 0.0 CG 72 
   164 8.31 0.0 H 25 
   716 4.53 0.0 HA2 70 
   1286 1.89 0.0 HE1 117 
   1081 2.76 0.0 HB2 98 
   581 2.76 0.0 HB3 59 
   453 0.97 0.0 HG21 48 
   1164 0.43 0.0 HD13 105 
   1229 22.5 0.0 CD2 110 
