   114 -0.19 0.0 HD12 21 
   1212 36.8 0.0 CG 109 
   1506 3.11 0.0 HD2 135 
   935 132.9 0.0 CD2 86 
   612 121.9 0.0 N 61 
   421 117.4 0.0 N 45 
   195 7.45 0.0 HD22 27 
   1690 57.9 0.0 CA 150 
   1461 0.93 0.0 HD11 132 
   1535 22.9 0.0 CG2 137 
   263 59.6 0.0 CA 34 
   911 1.74 0.0 HB3 85 
   969 2.91 0.0 HB3 89 
   868 4.02 0.0 HA 82 
   1820 0.66 0.0 HD11 161 
   693 1.46 0.0 HG2 68 
   414 2.54 0.0 HG2 45 
   1263 1.17 0.0 HG22 114 
   1783 0.82 0.0 HG12 158 
   147 9.12 0.0 H 24 
   1447 2.29 0.0 HB3 131 
   1845 29.2 0.0 CG1 162 
   884 0.77 0.0 HD23 83 
   274 0.91 0.0 HD13 35 
   1023 118.3 0.0 N 93 
   1685 0.87 0.0 HD12 150 
   1393 111.5 0.0 N 126 
   1140 61.6 0.0 CA 103 
   1594 0.37 0.0 HD21 142 
   419 28.3 0.0 CB 45 
   1909 40.7 0.0 CB 167 
   219 3.47 0.0 HD3 30 
   1235 56.4 0.0 CA 111 
   753 55.4 0.0 CA 73 
   1946 56.7 0.0 CA 170 
   1252 3.12 0.0 HE3 113 
   948 122.6 0.0 N 87 
   1908 59.4 0.0 CA 167 
   1678 107.1 0.0 N 149 
   1395 4.38 0.0 HA 127 
   902 53.6 0.0 CA 84 
   752 6.46 0.0 HH2 73 
   1959 31.0 0.0 CB 171 
   1116 4.28 0.0 HA 101 
   803 3.39 0.0 HB3 77 
   1172 5.09 0.0 HA 106 
   507 8.37 0.0 H 52 
   1240 3.79 0.0 HA3 112 
   471 3.37 0.0 HD2 49 
   148 4.56 0.0 HA 24 
   321 2.45 0.0 HG2 38 
   1199 3.77 0.0 HD3 108 
   1328 4.58 0.0 HA 122 
   1709 32.1 0.0 CB 152 
   1992 38.6 0.0 CB 174 
   1463 0.93 0.0 HD13 132 
   1569 6.2 0.0 HD2 140 
   1089 132.8 0.0 CD1 98 
   960 131.7 0.0 CD1 88 
   1649 8.35 0.0 H 147 
   324 8.08 0.0 HE22 38 
   890 108.0 0.0 N 83 
   1549 4.17 0.0 HA 139 
   1379 41.7 0.0 CB 125 
   1304 8.4 0.0 H 119 
   271 1.77 0.0 HG 35 
   974 5.66 0.0 HA 90 
   699 59.8 0.0 CA 68 
   1510 27.0 0.0 CG 135 
   536 104.6 0.0 ND2 54 
   6 8.75 0.0 H 12 
   1394 8.77 0.0 H 127 
   345 1.42 0.0 HB3 40 
   1901 1.3 0.0 HG13 167 
   1283 119.1 0.0 N 116 
   834 57.7 0.0 CA 79 
   1072 1.17 0.0 HG21 97 
   885 57.1 0.0 CA 83 
   1471 26.2 0.0 CD2 132 
   1344 3.77 0.0 HA 123 
   1521 116.3 0.0 N 136 
   1027 1.78 0.0 HG12 94 
   1248 1.36 0.0 HG3 113 
   273 0.91 0.0 HD12 35 
   2002 6.84 0.0 HE22 175 
   137 0.96 0.0 HG12 23 
   1147 1.85 0.0 HB3 104 
   1775 1.28 0.0 HG3 157 
   279 42.7 0.0 CB 35 
   1016 112.7 0.0 N 92 
   113 -0.19 0.0 HD11 21 
   650 0.91 0.0 HD11 64 
   82 1.01 0.0 HG23 18 
   1197 2.12 0.0 HG3 108 
   1377 0.33 0.0 HD23 125 
   1647 32.2 0.0 CG 146 
   1495 1.5 0.0 HB2 134 
   1571 6.77 0.0 HE2 140 
   669 34.1 0.0 CB 65 
   1942 1.6 0.0 HD2 170 
   572 4.38 0.0 HA 58 
   1795 8.6 0.0 CD1 158 
   1870 2.92 0.0 HE2 164 
   619 5.47 0.0 HD2 62 
   157 1.18 0.0 HD23 24 
   764 3.1 0.0 HB2 74 
   1951 123.6 0.0 N 170 
   1062 0.87 0.0 HD13 96 
   46 121.6 0.0 N 15 
   194 6.5 0.0 HD21 27 
   420 34.2 0.0 CG 45 
   1667 0.92 0.0 HD23 148 
   912 1.18 0.0 HG2 85 
   1000 8.46 0.0 H 92 
   375 7.68 0.0 H 42 
   540 1.91 0.0 HB3 55 
   1316 120.9 0.0 N 119 
   497 0.78 0.0 HG12 51 
   1682 2.33 0.0 HB3 150 
   515 36.4 0.0 CG 52 
   1623 4.15 0.0 HA 145 
   1006 6.63 0.0 HE1 92 
   382 29.2 0.0 CB 42 
   558 7.75 0.0 HD22 56 
   766 6.87 0.0 HD1 74 
   1161 0.67 0.0 HG23 105 
   785 5.61 0.0 HA 76 
   1492 8.33 0.0 H 134 
   725 1.1 0.0 HG23 71 
   1560 25.7 0.0 CG 139 
   674 0.91 0.0 HB2 66 
   576 39.1 0.0 CB 58 
   150 1.88 0.0 HB3 24 
   1318 4.1 0.0 HA2 120 
   1769 113.1 0.0 N 156 
   1938 1.7 0.0 HB2 170 
   485 6.97 0.0 HE2 50 
   1139 3.85 0.0 HD3 103 
   320 2.23 0.0 HB3 38 
   1960 36.0 0.0 CG 171 
   862 7.19 0.0 HD2 81 
   809 3.11 0.0 HB2 78 
   906 24.8 0.0 CD2 84 
   1744 26.8 0.0 CG 154 
   1391 69.5 0.0 CB 126 
   440 0.98 0.0 HD22 47 
   454 0.97 0.0 HG22 48 
   108 0.36 0.0 HG12 21 
   1644 2.21 0.0 HG3 146 
   126 2.1 0.0 HG3 22 
   870 2.87 0.0 HB3 82 
   641 33.8 0.0 CB 63 
   1069 7.01 0.0 H 97 
   691 1.81 0.0 HB2 68 
   96 4.35 0.0 HA 20 
   928 7.33 0.0 HD1 86 
   1229 22.5 0.0 CD2 110 
   20 1.47 0.0 HB3 13 
   1300 132.5 0.0 CD1 118 
   1621 115.4 0.0 N 144 
   1182 0.58 0.0 HG11 107 
   678 111.7 0.0 N 66 
   1597 57.5 0.0 CA 142 
   218 2.45 0.0 HD2 30 
   22 18.5 0.0 CB 13 
   1586 10.28 0.0 H 142 
   34 8.07 0.0 H 15 
   1622 8.62 0.0 H 145 
   1169 14.7 0.0 CD1 105 
   636 1.74 0.0 HG3 63 
   1796 115.7 0.0 N 158 
   1261 4.2 0.0 HB 114 
   1018 5.58 0.0 HA 93 
   334 1.47 0.0 HG2 39 
   319 2.23 0.0 HB2 38 
   495 2.1 0.0 HB 51 
   1256 29.1 0.0 CD 113 
   1389 1.41 0.0 HG23 126 
   129 63.3 0.0 CA 22 
   240 3.09 0.0 HB3 32 
   1382 22.6 0.0 CD2 125 
   252 58.8 0.0 CA 33 
   555 2.93 0.0 HB2 56 
   1353 -0.19 0.0 HD13 123 
   800 9.17 0.0 H 77 
   873 131.6 0.0 N 82 
   615 4.91 0.0 HA 62 
   1756 6.91 0.0 H 156 
   940 5.28 0.0 HA 87 
   628 133.7 0.0 CE2 62 
   1036 36.4 0.0 CB 94 
   102 30.1 0.0 CB 20 
   998 35.4 0.0 CG 91 
   1038 16.8 0.0 CG2 94 
   177 29.2 0.0 CD 25 
   207 123.5 0.0 N 28 
   916 2.27 0.0 HE2 85 
   801 5.55 0.0 HA 77 
   624 40.9 0.0 CB 62 
   653 0.91 0.0 HD21 64 
   193 3.25 0.0 HB3 27 
   663 4.51 0.0 HA 65 
   1281 56.2 0.0 CA 116 
   1518 7.29 0.0 HD22 136 
   470 1.93 0.0 HG3 49 
   898 0.41 0.0 HD13 84 
   480 3.32 0.0 HB2 50 
   1329 1.25 0.0 HB2 122 
   1265 58.4 0.0 CA 114 
   901 0.64 0.0 HD23 84 
   731 5.02 0.0 HA 72 
   771 54.9 0.0 CA 74 
   549 25.6 0.0 CG 55 
   997 33.5 0.0 CB 91 
   435 1.91 0.0 HG 47 
   878 1.45 0.0 HG 83 
   1361 4.44 0.0 HA 124 
   567 1.5 0.0 HB3 57 
   1371 1.35 0.0 HG 125 
   1010 40.4 0.0 CB 92 
   1697 3.12 0.0 HA2 151 
   1652 1.22 0.0 HB2 147 
   1398 56.8 0.0 CA 127 
   1862 7.88 0.0 H 164 
   553 8.2 0.0 H 56 
   1701 4.25 0.0 HA 152 
   1017 8.57 0.0 H 93 
   772 40.5 0.0 CB 74 
   1735 2.08 0.0 HG 154 
   293 7.05 0.0 HH2 36 
   1717 9.7 0.0 HE1 153 
   1565 4.03 0.0 HA 140 
   383 35.5 0.0 CG 42 
   796 24.8 0.0 CG 76 
   963 129.6 0.0 CE2 88 
   1730 127.7 0.0 NE1 153 
   14 35.9 0.0 CG 12 
   1096 2.2 0.0 HB3 99 
   1424 131.7 0.0 CD2 129 
   643 42.6 0.0 CD 63 
   1707 3.6 0.0 HD3 152 
   1413 4.07 0.0 HA 129 
   221 31.7 0.0 CB 30 
   317 7.16 0.0 H 38 
   1136 1.32 0.0 HG2 103 
   846 0.64 0.0 HG21 80 
   100 2.4 0.0 HG3 20 
   945 54.3 0.0 CA 87 
   1110 1.25 0.0 HG23 100 
   374 118.4 0.0 N 41 
   1931 7.31 0.0 HD2 169 
   261 2.42 0.0 HG2 34 
   220 63.2 0.0 CA 30 
   986 25.7 0.0 CG1 90 
   1092 116.0 0.0 CE2 98 
   966 8.46 0.0 H 89 
   1114 122.2 0.0 N 100 
   1181 1.96 0.0 HB 107 
   967 5.42 0.0 HA 89 
   1585 112.9 0.0 N 141 
   1015 127.8 0.0 CZ 92 
   979 1.02 0.0 HG22 90 
   860 2.85 0.0 HB2 81 
   1939 1.7 0.0 HB3 170 
   1176 50.2 0.0 CA 106 
   1731 8.68 0.0 H 154 
   446 23.9 0.0 CD2 47 
   985 42.8 0.0 CB 90 
   692 1.89 0.0 HB3 68 
   456 0.92 0.0 HD11 48 
   1573 51.9 0.0 CA 140 
   547 60.5 0.0 CA 55 
   1804 66.3 0.0 CA 159 
   1270 4.47 0.0 HA 115 
   1407 57.1 0.0 CA 128 
   1828 26.2 0.0 CG 161 
   989 113.7 0.0 N 90 
   1496 1.5 0.0 HB3 134 
   233 29.5 0.0 CB 31 
   1923 31.6 0.0 CB 168 
   1093 128.0 0.0 N 98 
   874 8.23 0.0 H 83 
   937 117.5 0.0 CE2 86 
   203 1.47 0.0 HB2 28 
   229 1.65 0.0 HG3 31 
   914 1.27 0.0 HD2 85 
   1356 24.8 0.0 CG1 123 
   611 123.3 0.0 CH2 61 
   557 7.04 0.0 HD21 56 
   2007 112.3 0.0 NE2 175 
   180 10.39 0.0 H 26 
   1755 115.0 0.0 N 155 
   535 122.2 0.0 N 54 
   48 4.19 0.0 HA 16 
   482 7.26 0.0 HD1 50 
   1691 42.2 0.0 CB 150 
   1335 2.91 0.0 HE2 122 
   921 29.2 0.0 CD 85 
   260 2.16 0.0 HB3 34 
   1033 0.45 0.0 HD12 94 
   292 7.51 0.0 HZ3 36 
   1381 25.2 0.0 CD1 125 
   953 7.16 0.0 HD1 88 
   1812 57.2 0.0 CA 160 
   390 2.75 0.0 HG3 43 
   826 9.23 0.0 H 79 
   958 56.0 0.0 CA 88 
   976 0.84 0.0 HG12 90 
   1991 53.2 0.0 CA 174 
   429 62.7 0.0 CB 46 
   365 1.74 0.0 HD2 41 
   1247 1.3 0.0 HG2 113 
   1683 1.88 0.0 HG 150 
   1101 62.8 0.0 CA 99 
   511 2.31 0.0 HG2 52 
   213 2.52 0.0 HA 30 
   1933 30.1 0.0 CB 169 
   1974 24.7 0.0 CG 172 
   1415 3.22 0.0 HB3 129 
   1659 1.74 0.0 HB2 148 
   713 37.3 0.0 CG 69 
   1915 4.83 0.0 HA 168 
   41 3.21 0.0 HD3 15 
   1743 42.6 0.0 CB 154 
   1522 116.8 0.0 ND2 136 
   341 121.0 0.0 N 39 
   1504 1.59 0.0 HG2 135 
   1126 3.87 0.0 HA 102 
   1421 62.4 0.0 CA 129 
   314 21.0 0.0 CG1 37 
   584 51.8 0.0 CA 59 
   1201 32.3 0.0 CB 108 
   1322 8.15 0.0 H 121 
   473 57.4 0.0 CA 49 
   1112 67.9 0.0 CB 100 
   1723 29.6 0.0 CB 153 
   840 121.1 0.0 N 79 
   947 37.4 0.0 CG 87 
   662 8.9 0.0 H 65 
   1625 2.33 0.0 HB3 145 
   284 8.01 0.0 H 36 
   1606 1.04 0.0 HB2 143 
   93 63.2 0.0 CB 19 
   627 133.7 0.0 CE1 62 
   1163 0.43 0.0 HD12 105 
   159 41.3 0.0 CB 24 
   60 7.9 0.0 H 17 
   1477 6.93 0.0 HD1 133 
   938 129.3 0.0 N 86 
   1748 7.31 0.0 H 155 
   955 7.18 0.0 HE1 88 
   792 2.95 0.0 HE2 76 
   200 7.02 0.0 H 28 
   600 9.85 0.0 HE1 61 
   223 48.9 0.0 CD 30 
   306 0.99 0.0 HG11 37 
   1122 69.9 0.0 CB 101 
   1042 1.84 0.0 HB2 95 
   907 121.8 0.0 N 84 
   1029 0.7 0.0 HG21 94 
   1271 1.43 0.0 HB1 115 
   1354 61.9 0.0 CA 123 
   1234 2.72 0.0 HB3 111 
   887 26.8 0.0 CG 83 
   386 4.33 0.0 HA 43 
   459 65.0 0.0 CA 48 
   1724 127.0 0.0 CD1 153 
   1738 0.88 0.0 HD13 154 
   136 0.96 0.0 HG11 23 
   659 24.3 0.0 CD1 64 
   104 119.8 0.0 N 20 
   1799 2.07 0.0 HB3 159 
   1427 129.2 0.0 CZ 129 
   1372 0.13 0.0 HD11 125 
   961 131.7 0.0 CD2 88 
   140 1.13 0.0 HG22 23 
   1078 103.6 0.0 N 97 
   1012 131.3 0.0 CD2 92 
   1370 1.68 0.0 HB3 125 
   759 123.7 0.0 CH2 73 
   1292 2.84 0.0 HB2 118 
   626 132.0 0.0 CD2 62 
   1650 4.49 0.0 HA 147 
   1195 2.4 0.0 HB3 108 
   519 3.0 0.0 HB2 53 
   86 22.0 0.0 CG2 18 
   1877 115.9 0.0 N 164 
   158 56.0 0.0 CA 24 
   2000 2.31 0.0 HG3 175 
   417 6.94 0.0 HE22 45 
   1887 1.0 0.0 HG12 166 
   1497 54.7 0.0 CA 134 
   509 2.1 0.0 HB2 52 
   999 117.4 0.0 N 91 
   1454 27.9 0.0 CG 131 
   127 3.72 0.0 HD2 22 
   746 2.21 0.0 HB3 73 
   1719 7.16 0.0 HZ2 153 
   946 34.7 0.0 CB 87 
   234 27.1 0.0 CG 31 
   1330 1.47 0.0 HB3 122 
   1085 6.93 0.0 HE1 98 
   877 2.1 0.0 HB3 83 
   1686 0.87 0.0 HD13 150 
   173 2.92 0.0 HE3 25 
   646 5.07 0.0 HA 64 
   1771 3.85 0.0 HA 157 
   1367 8.42 0.0 H 125 
   690 3.96 0.0 HA 68 
   455 0.97 0.0 HG23 48 
   994 2.13 0.0 HG2 91 
   493 8.77 0.0 H 51 
   1222 0.68 0.0 HD21 110 
   721 4.41 0.0 HA 71 
   1552 1.26 0.0 HG2 139 
   640 54.8 0.0 CA 63 
   1272 1.43 0.0 HB2 115 
   1975 29.1 0.0 CD 172 
   1326 107.3 0.0 N 121 
   1191 22.2 0.0 CG2 107 
   1814 115.9 0.0 N 160 
   325 58.3 0.0 CA 38 
   431 8.42 0.0 H 47 
   950 5.09 0.0 HA 88 
   132 50.7 0.0 CD 22 
   1048 62.1 0.0 CA 95 
   1848 120.1 0.0 N 162 
   1487 113.9 0.0 CZ2 133 
   214 1.05 0.0 HB2 30 
   623 57.0 0.0 CA 62 
   776 130.0 0.0 CE2 74 
   1935 122.1 0.0 N 169 
   25 4.07 0.0 HA 14 
   956 7.18 0.0 HE2 88 
   1237 119.9 0.0 N 111 
   1221 0.5 0.0 HD13 110 
   347 0.84 0.0 HD11 40 
   59 120.5 0.0 N 16 
   1374 0.13 0.0 HD13 125 
   700 31.8 0.0 CB 68 
   1179 8.02 0.0 H 107 
   210 4.82 0.0 HA3 29 
   1880 4.11 0.0 HA3 165 
   827 4.84 0.0 HA 79 
   1098 1.77 0.0 HG3 99 
   1857 58.8 0.0 CA 163 
   1876 41.8 0.0 CE 164 
   1511 43.4 0.0 CD 135 
   720 8.33 0.0 H 71 
   1104 49.5 0.0 CD 99 
   1608 55.6 0.0 CA 143 
   1385 4.28 0.0 HA 126 
   842 5.13 0.0 HA 80 
   608 122.4 0.0 CE3 61 
   1202 27.1 0.0 CG 108 
   430 114.9 0.0 N 46 
   291 7.92 0.0 HZ2 36 
   1906 0.85 0.0 HD12 167 
   1965 1.85 0.0 HB3 172 
   1431 1.96 0.0 HB2 130 
   151 1.7 0.0 HG 24 
   1396 2.61 0.0 HB2 127 
   101 56.0 0.0 CA 20 
   230 3.17 0.0 HD2 31 
   1331 1.04 0.0 HG2 122 
   817 56.7 0.0 CA 78 
   1026 2.04 0.0 HB 94 
   970 54.7 0.0 CA 89 
   128 4.08 0.0 HD3 22 
   1847 14.9 0.0 CD1 162 
   449 3.79 0.0 HA 48 
   1572 6.2 0.0 HZ 140 
   448 8.86 0.0 H 48 
   1810 2.55 0.0 HB2 160 
   1988 2.83 0.0 HB3 174 
   562 112.3 0.0 ND2 56 
   571 7.96 0.0 H 58 
   575 55.3 0.0 CA 58 
   1152 35.9 0.0 CG 104 
   1872 56.9 0.0 CA 164 
   1962 8.44 0.0 H 172 
   1554 1.56 0.0 HD2 139 
   30 64.2 0.0 CA 14 
   1455 50.3 0.0 CD 131 
   639 7.37 0.0 HE 63 
   474 29.4 0.0 CB 49 
   982 0.71 0.0 HD12 90 
   411 4.15 0.0 HA 45 
   1751 1.43 0.0 HB2 155 
   337 2.71 0.0 HD3 39 
   1967 1.43 0.0 HG3 172 
   327 33.3 0.0 CG 38 
   262 2.42 0.0 HG3 34 
   1154 8.55 0.0 H 105 
   358 120.3 0.0 N 40 
   79 0.94 0.0 HG13 18 
   115 -0.19 0.0 HD13 21 
   280 27.0 0.0 CG 35 
   145 22.0 0.0 CG2 23 
   451 1.26 0.0 HG12 48 
   1287 1.89 0.0 HE2 117 
   1679 7.83 0.0 H 150 
   767 6.87 0.0 HD2 74 
   394 120.6 0.0 N 43 
   1165 62.8 0.0 CA 105 
   715 7.82 0.0 H 70 
   1894 21.8 0.0 CG1 166 
   1892 63.3 0.0 CA 166 
   815 6.61 0.0 HZ3 78 
   1860 121.6 0.0 N 163 
   605 56.9 0.0 CA 61 
   732 1.63 0.0 HB2 72 
   1578 129.7 0.0 CE2 140 
   580 2.37 0.0 HB2 59 
   2003 56.0 0.0 CA 175 
   1365 27.0 0.0 CB 124 
   723 1.1 0.0 HG21 71 
   18 1.47 0.0 HB1 13 
   1422 39.5 0.0 CB 129 
   707 2.1 0.0 HB2 69 
   1555 1.62 0.0 HD3 139 
   1430 3.99 0.0 HA 130 
   201 4.74 0.0 HA 28 
   403 62.3 0.0 CA 44 
   1320 45.5 0.0 CA 120 
   1376 0.33 0.0 HD22 125 
   932 57.5 0.0 CA 86 
   698 3.0 0.0 HE3 68 
   1358 13.5 0.0 CD1 123 
   332 1.78 0.0 HB2 39 
   1065 27.8 0.0 CG1 96 
   1397 2.68 0.0 HB3 127 
   51 1.6 0.0 HG2 16 
   819 125.9 0.0 CD1 78 
   942 1.9 0.0 HB3 87 
   739 32.8 0.0 CB 72 
   33 113.2 0.0 N 14 
   1930 2.88 0.0 HB3 169 
   1368 4.45 0.0 HA 125 
   286 3.29 0.0 HB2 36 
   225 4.34 0.0 HA 31 
   1853 2.49 0.0 HG2 163 
   1779 117.5 0.0 N 157 
   1742 57.8 0.0 CA 154 
   1323 3.93 0.0 HA2 121 
   913 1.18 0.0 HG3 85 
   881 0.82 0.0 HD13 83 
   813 7.27 0.0 HE3 78 
   745 1.04 0.0 HB2 73 
   400 7.33 0.0 HD2 44 
   1757 3.87 0.0 HA 156 
   1950 41.8 0.0 CE 170 
   821 114.1 0.0 CZ2 78 
   545 2.84 0.0 HE2 55 
   655 0.91 0.0 HD23 64 
   1444 118.4 0.0 N 130 
   992 2.07 0.0 HB2 91 
   687 116.8 0.0 N 67 
   1528 0.66 0.0 HG13 137 
   141 1.13 0.0 HG23 23 
   398 3.25 0.0 HB3 44 
   778 117.0 0.0 N 74 
   24 7.95 0.0 H 14 
   775 130.0 0.0 CE1 74 
   1583 4.14 0.0 HA3 141 
   1987 2.77 0.0 HB2 174 
   1803 3.0 0.0 HD3 159 
   348 0.84 0.0 HD12 40 
   1290 18.0 0.0 CE 117 
   929 7.33 0.0 HD2 86 
   697 3.0 0.0 HE2 68 
   224 8.5 0.0 H 31 
   835 44.0 0.0 CB 79 
   1873 34.1 0.0 CB 164 
   331 4.12 0.0 HA 39 
   134 4.44 0.0 HA 23 
   1073 1.17 0.0 HG22 97 
   110 0.18 0.0 HG21 21 
   1 4.65 0.0 HA 11 
   1886 1.0 0.0 HG11 166 
   185 1.25 0.0 HG23 26 
   1295 7.0 0.0 HD2 118 
   1836 1.33 0.0 HG13 162 
   1979 4.42 0.0 HA 173 
   983 0.71 0.0 HD13 90 
   98 2.19 0.0 HB3 20 
   1980 2.81 0.0 HB2 173 
   927 3.29 0.0 HB3 86 
   1984 120.4 0.0 N 173 
   924 9.53 0.0 H 86 
   685 51.6 0.0 CA 67 
   322 2.45 0.0 HG3 38 
   1856 6.84 0.0 HE22 163 
   823 123.5 0.0 CH2 78 
   168 1.29 0.0 HG2 25 
   804 55.2 0.0 CA 77 
   910 1.51 0.0 HB2 85 
   1417 7.05 0.0 HD2 129 
   253 28.7 0.0 CB 33 
   1559 32.6 0.0 CB 139 
   1210 58.3 0.0 CA 109 
   267 8.01 0.0 H 35 
   1971 2.95 0.0 HE3 172 
   1643 2.21 0.0 HG2 146 
   502 67.2 0.0 CA 51 
   957 7.05 0.0 HZ 88 
   1478 9.6 0.0 HE1 133 
   1258 117.5 0.0 N 113 
   754 30.6 0.0 CB 73 
   1674 7.41 0.0 H 149 
   1022 43.0 0.0 CB 93 
   19 1.47 0.0 HB2 13 
   1306 1.79 0.0 HB2 119 
   363 1.45 0.0 HG2 41 
   1918 2.32 0.0 HG2 168 
   589 4.4 0.0 HA 60 
   1231 7.36 0.0 H 111 
   217 1.44 0.0 HG3 30 
   307 0.99 0.0 HG12 37 
   1268 110.1 0.0 N 114 
   832 6.69 0.0 HE1 79 
   1333 1.6 0.0 HD2 122 
   1784 1.49 0.0 HG13 158 
   648 1.86 0.0 HB3 64 
   1885 2.17 0.0 HB 166 
   453 0.97 0.0 HG21 48 
   1135 2.45 0.0 HB3 103 
   164 8.31 0.0 H 25 
   1327 7.0 0.0 H 122 
   1324 3.93 0.0 HA3 121 
   1095 1.45 0.0 HB2 99 
   378 2.71 0.0 HB3 42 
   1008 6.45 0.0 HZ 92 
   125 2.1 0.0 HG2 22 
   285 4.72 0.0 HA 36 
   281 22.8 0.0 CD1 35 
   1013 129.9 0.0 CE1 92 
   1051 50.6 0.0 CD 95 
   1922 54.4 0.0 CA 168 
   1822 0.66 0.0 HD13 161 
   763 5.33 0.0 HA 74 
   1451 3.77 0.0 HD3 131 
   105 7.66 0.0 H 21 
   1671 26.1 0.0 CD1 148 
   109 1.61 0.0 HG13 21 
   853 38.1 0.0 CB 80 
   1813 41.7 0.0 CB 160 
   1100 3.8 0.0 HD3 99 
   412 2.23 0.0 HB2 45 
   276 1.01 0.0 HD22 35 
   1788 0.18 0.0 HD11 158 
   426 3.98 0.0 HB3 46 
   1596 0.37 0.0 HD23 142 
   465 7.64 0.0 H 49 
   936 117.5 0.0 CE1 86 
   1651 1.22 0.0 HB1 147 
   614 6.81 0.0 H 62 
   55 57.8 0.0 CA 16 
   1821 0.66 0.0 HD12 161 
   811 7.03 0.0 HD1 78 
   1464 1.04 0.0 HD21 132 
   671 122.0 0.0 N 65 
   1722 62.3 0.0 CA 153 
   1548 8.76 0.0 H 139 
   841 8.07 0.0 H 80 
   1740 1.14 0.0 HD22 154 
   1245 1.76 0.0 HB2 113 
   484 6.97 0.0 HE1 50 
   1910 25.3 0.0 CG1 167 
   756 119.8 0.0 CE3 73 
   184 1.25 0.0 HG22 26 
   1791 63.4 0.0 CA 158 
   1224 0.68 0.0 HD23 110 
   1800 1.71 0.0 HG2 159 
   905 22.3 0.0 CD1 84 
   857 128.9 0.0 N 80 
   1349 -0.36 0.0 HG22 123 
   1557 2.91 0.0 HE3 139 
   1708 64.6 0.0 CA 152 
   1144 8.6 0.0 H 104 
   1058 0.98 0.0 HG22 96 
   250 3.34 0.0 HD2 33 
   838 117.3 0.0 CE1 79 
   726 61.7 0.0 CA 71 
   1460 1.53 0.0 HG 132 
   654 0.91 0.0 HD22 64 
   897 0.41 0.0 HD12 84 
   649 1.83 0.0 HG 64 
   1141 31.9 0.0 CB 103 
   660 24.2 0.0 CD2 64 
   123 1.93 0.0 HB2 22 
   734 1.5 0.0 HG2 72 
   467 1.95 0.0 HB2 49 
   1412 7.96 0.0 H 129 
   1561 29.3 0.0 CD 139 
   76 2.19 0.0 HB 18 
   1273 1.43 0.0 HB3 115 
   44 27.3 0.0 CG 15 
   256 121.0 0.0 N 33 
   1533 33.3 0.0 CB 137 
   1602 125.0 0.0 N 142 
   782 45.8 0.0 CA 75 
   864 34.3 0.0 CB 81 
   1689 1.16 0.0 HD23 150 
   401 6.81 0.0 HE1 44 
   592 54.1 0.0 CA 60 
   1174 1.34 0.0 HB2 106 
   1298 53.1 0.0 CA 118 
   1734 2.04 0.0 HB3 154 
   1996 4.26 0.0 HA 175 
   664 1.55 0.0 HB2 65 
   340 26.9 0.0 CG 39 
   1207 2.39 0.0 HB3 109 
   1745 23.0 0.0 CD1 154 
   1934 120.5 0.0 CD2 169 
   438 0.93 0.0 HD13 47 
   968 2.72 0.0 HB2 89 
   1995 8.36 0.0 H 175 
   865 119.9 0.0 CD2 81 
   78 0.94 0.0 HG12 18 
   121 122.5 0.0 N 21 
   634 1.82 0.0 HB3 63 
   12 58.2 0.0 CA 12 
   1097 1.5 0.0 HG2 99 
   866 126.2 0.0 N 81 
   1805 30.6 0.0 CB 159 
   1025 4.37 0.0 HA 94 
   1627 -0.05 0.0 HD11 145 
   1945 2.96 0.0 HE3 170 
   1409 120.2 0.0 CD2 128 
   1798 1.66 0.0 HB2 159 
   1932 57.3 0.0 CA 169 
   1837 0.81 0.0 HG21 162 
   880 0.82 0.0 HD12 83 
   143 32.8 0.0 CB 23 
   2006 120.6 0.0 N 175 
   1663 0.8 0.0 HD12 148 
   531 4.55 0.0 HD21 54 
   1823 0.73 0.0 HD21 161 
   1721 6.62 0.0 HH2 153 
   1315 42.9 0.0 CD 119 
   8 2.03 0.0 HB2 12 
   1293 3.08 0.0 HB3 118 
   155 1.18 0.0 HD21 24 
   1020 2.67 0.0 HB3 93 
   313 31.3 0.0 CB 37 
   404 37.9 0.0 CB 44 
   867 9.03 0.0 H 82 
   205 51.9 0.0 CA 28 
   1223 0.68 0.0 HD22 110 
   591 2.96 0.0 HB3 60 
   651 0.91 0.0 HD12 64 
   609 113.7 0.0 CZ2 61 
   1782 1.56 0.0 HB 158 
   1639 7.93 0.0 H 146 
   190 9.34 0.0 H 27 
   297 122.1 0.0 CE3 36 
   175 35.9 0.0 CB 25 
   750 7.02 0.0 HZ2 73 
   556 2.93 0.0 HB3 56 
   825 131.3 0.0 NE1 78 
   538 3.93 0.0 HA 55 
   1467 57.9 0.0 CA 132 
   1024 8.43 0.0 H 94 
   63 1.01 0.0 HG11 17 
   130 31.8 0.0 CB 22 
   343 3.56 0.0 HA 40 
   1732 3.58 0.0 HA 154 
   397 3.17 0.0 HB2 44 
   406 131.7 0.0 CD2 44 
   1949 29.2 0.0 CD 170 
   594 120.0 0.0 N 60 
   1994 112.7 0.0 ND2 174 
   1423 131.7 0.0 CD1 129 
   1698 3.72 0.0 HA3 151 
   1999 2.31 0.0 HG2 175 
   1519 53.4 0.0 CA 136 
   311 1.13 0.0 HG23 37 
   1840 0.01 0.0 HD11 162 
   1631 0.45 0.0 HD22 145 
   1246 1.82 0.0 HB3 113 
   1613 2.35 0.0 HB2 144 
   27 1.24 0.0 HG21 14 
   1284 2.3 0.0 HG2 117 
   1634 42.1 0.0 CB 145 
   613 127.8 0.0 NE1 61 
   434 2.21 0.0 HB3 47 
   290 7.31 0.0 HE3 36 
   1687 1.16 0.0 HD21 150 
   1530 1.08 0.0 HG22 137 
   1121 59.6 0.0 CA 101 
   1049 32.4 0.0 CB 95 
   1785 0.42 0.0 HG21 158 
   891 7.9 0.0 H 84 
   373 42.2 0.0 CE 41 
   1618 29.7 0.0 CB 144 
   736 3.09 0.0 HD2 72 
   215 1.42 0.0 HB3 30 
   510 2.21 0.0 HB3 52 
   733 1.73 0.0 HB3 72 
   1615 5.82 0.0 HD2 144 
   1401 7.93 0.0 H 128 
   1035 55.2 0.0 CA 94 
   479 4.78 0.0 HA 50 
   441 0.98 0.0 HD23 47 
   318 4.09 0.0 HA 38 
   637 3.25 0.0 HD2 63 
   71 21.1 0.0 CG1 17 
   597 2.65 0.0 HB2 61 
   165 4.41 0.0 HA 25 
   3 2.76 0.0 HB3 11 
   1204 9.68 0.0 H 109 
   1532 60.5 0.0 CA 137 
   410 8.21 0.0 H 45 
   1286 1.89 0.0 HE1 117 
   287 3.79 0.0 HB3 36 
   1150 54.1 0.0 CA 104 
   1882 108.0 0.0 N 165 
   1321 113.5 0.0 N 120 
   1289 36.0 0.0 CG 117 
   1794 18.6 0.0 CG2 158 
   667 2.03 0.0 HG3 65 
   149 1.51 0.0 HB2 24 
   546 2.84 0.0 HE3 55 
   385 8.98 0.0 H 43 
   38 1.59 0.0 HG2 15 
   1057 0.98 0.0 HG21 96 
   1308 1.58 0.0 HG2 119 
   1789 0.18 0.0 HD12 158 
   1958 55.9 0.0 CA 171 
   1433 1.42 0.0 HG2 130 
   630 115.3 0.0 N 62 
   550 29.7 0.0 CD 55 
   486 58.8 0.0 CA 50 
   984 58.5 0.0 CA 90 
   1226 42.1 0.0 CB 110 
   679 8.15 0.0 H 67 
   1917 2.09 0.0 HB3 168 
   1630 0.45 0.0 HD21 145 
   316 116.1 0.0 N 37 
   1458 1.61 0.0 HB2 132 
   1713 4.06 0.0 HA 153 
   1294 7.0 0.0 HD1 118 
   755 123.5 0.0 CD1 73 
   1236 41.0 0.0 CB 111 
   1132 126.2 0.0 N 102 
   67 1.1 0.0 HG22 17 
   1313 30.5 0.0 CB 119 
   1266 68.6 0.0 CB 114 
   1499 117.9 0.0 N 134 
   387 2.22 0.0 HB2 43 
   31 68.6 0.0 CB 14 
   1299 39.5 0.0 CB 118 
   1063 64.5 0.0 CA 96 
   1301 132.5 0.0 CD2 118 
   1767 21.1 0.0 CG1 156 
   304 3.36 0.0 HA 37 
   258 4.24 0.0 HA 34 
   187 68.1 0.0 CB 26 
   618 5.47 0.0 HD1 62 
   39 1.72 0.0 HG3 15 
   949 9.09 0.0 H 88 
   828 3.01 0.0 HB2 79 
   491 118.8 0.0 CE2 50 
   166 1.76 0.0 HB2 25 
   858 9.14 0.0 H 81 
   1151 30.1 0.0 CB 104 
   1764 0.93 0.0 HG23 156 
   350 0.86 0.0 HD21 40 
   1575 127.3 0.0 CD1 140 
   1338 32.9 0.0 CB 122 
   1543 3.45 0.0 HD3 138 
   1475 2.49 0.0 HB2 133 
   1538 1.22 0.0 HB2 138 
   1635 26.4 0.0 CG 145 
   1332 1.23 0.0 HG3 122 
   131 27.7 0.0 CG 22 
   1339 25.6 0.0 CG 122 
   154 1.0 0.0 HD13 24 
   275 1.01 0.0 HD21 35 
   1194 2.03 0.0 HB2 108 
   1080 4.69 0.0 HA 98 
   1817 1.16 0.0 HB2 161 
   991 5.29 0.0 HA 91 
   1688 1.16 0.0 HD22 150 
   1479 7.41 0.0 HE3 133 
   1113 21.6 0.0 CG2 100 
   917 2.37 0.0 HE3 85 
   1164 0.43 0.0 HD13 105 
   990 8.61 0.0 H 91 
   656 54.3 0.0 CA 64 
   1243 8.33 0.0 H 113 
   1282 29.0 0.0 CB 116 
   238 4.9 0.0 HA 32 
   514 29.2 0.0 CB 52 
   249 1.85 0.0 HG3 33 
   1576 127.3 0.0 CD2 140 
   1710 28.3 0.0 CG 152 
   174 57.0 0.0 CA 25 
   794 53.9 0.0 CA 76 
   1489 123.1 0.0 CH2 133 
   42 58.2 0.0 CA 15 
   1334 1.73 0.0 HD3 122 
   1883 7.79 0.0 H 166 
   1312 57.4 0.0 CA 119 
   1250 1.6 0.0 HD3 113 
   1670 27.0 0.0 CG 148 
   1941 1.38 0.0 HG3 170 
   487 38.5 0.0 CB 50 
   192 2.32 0.0 HB2 27 
   171 1.6 0.0 HD3 25 
   9 2.03 0.0 HB3 12 
   1864 1.76 0.0 HB2 164 
   1953 4.39 0.0 HA 171 
   270 1.81 0.0 HB3 35 
   1792 30.6 0.0 CB 158 
   1628 -0.05 0.0 HD12 145 
   1846 16.7 0.0 CG2 162 
   16 8.44 0.0 H 13 
   1705 2.09 0.0 HG3 152 
   765 3.22 0.0 HB3 74 
   696 1.69 0.0 HD3 68 
   1004 6.51 0.0 HD1 92 
   1340 28.9 0.0 CD 122 
   1537 4.86 0.0 HA 138 
   1211 30.2 0.0 CB 109 
   1600 23.0 0.0 CD1 142 
   852 59.6 0.0 CA 80 
   1439 62.3 0.0 CA 130 
   1392 21.7 0.0 CG2 126 
   62 2.21 0.0 HB 17 
   393 34.7 0.0 CG 43 
   606 29.6 0.0 CB 61 
   1054 1.9 0.0 HB 96 
   1081 2.76 0.0 HB2 98 
   442 58.8 0.0 CA 47 
   2 2.76 0.0 HB2 11 
   848 0.64 0.0 HG23 80 
   138 0.96 0.0 HG13 23 
   1278 4.0 0.0 HA 116 
   501 0.8 0.0 HG23 51 
   1550 1.74 0.0 HB2 139 
   1579 130.1 0.0 CZ 140 
   15 122.1 0.0 N 12 
   500 0.8 0.0 HG22 51 
   66 1.1 0.0 HG21 17 
   352 0.86 0.0 HD23 40 
   1325 45.6 0.0 CA 121 
   788 1.43 0.0 HG2 76 
   1620 136.3 0.0 CE1 144 
   1238 8.62 0.0 H 112 
   833 6.69 0.0 HE2 79 
   1852 2.24 0.0 HB3 163 
   988 14.6 0.0 CD1 90 
   520 3.26 0.0 HB3 53 
   1486 120.1 0.0 CE3 133 
   1145 4.26 0.0 HA 104 
   1551 1.6 0.0 HB3 139 
   1540 1.25 0.0 HG2 138 
   1485 126.6 0.0 CD1 133 
   1943 1.6 0.0 HD3 170 
   1641 2.2 0.0 HB2 146 
   1233 2.6 0.0 HB2 111 
   1507 3.11 0.0 HD3 135 
   993 2.38 0.0 HB3 91 
   492 119.9 0.0 N 50 
   748 9.32 0.0 HE1 73 
   1491 130.6 0.0 NE1 133 
   773 131.7 0.0 CD1 74 
   309 1.13 0.0 HG21 37 
   1399 40.2 0.0 CB 127 
   904 25.9 0.0 CG 84 
   1861 111.2 0.0 NE2 163 
   1277 8.32 0.0 H 116 
   1264 1.17 0.0 HG23 114 
   1267 20.7 0.0 CG2 114 
   483 7.26 0.0 HD2 50 
   1360 7.71 0.0 H 124 
   695 1.69 0.0 HD2 68 
   548 32.2 0.0 CB 55 
   40 3.21 0.0 HD2 15 
   1700 105.7 0.0 N 151 
   1752 1.43 0.0 HB3 155 
   423 8.3 0.0 H 46 
   808 6.21 0.0 HA 78 
   391 58.5 0.0 CA 43 
   1826 57.4 0.0 CA 161 
   376 4.12 0.0 HA 42 
   1109 1.25 0.0 HG22 100 
   1232 4.44 0.0 HA 111 
   1914 8.64 0.0 H 168 
   342 8.86 0.0 H 40 
   1920 6.76 0.0 HE21 168 
   1815 7.82 0.0 H 161 
   21 54.2 0.0 CA 13 
   2004 29.2 0.0 CB 175 
   893 0.6 0.0 HB2 84 
   498 0.78 0.0 HG13 51 
   717 3.53 0.0 HA3 70 
   211 44.9 0.0 CA 29 
   232 56.1 0.0 CA 31 
   1854 2.49 0.0 HG3 163 
   722 4.57 0.0 HB 71 
   1482 7.06 0.0 HH2 133 
   1341 41.8 0.0 CE 122 
   1808 6.55 0.0 H 160 
   462 17.0 0.0 CG2 48 
   1005 6.51 0.0 HD2 92 
   1574 36.4 0.0 CB 140 
   1434 1.72 0.0 HG3 130 
   701 24.4 0.0 CG 68 
   1442 29.4 0.0 CD 130 
   859 4.82 0.0 HA 81 
   1890 1.0 0.0 HG22 166 
   1448 1.99 0.0 HG2 131 
   1462 0.93 0.0 HD12 132 
   1786 0.42 0.0 HG22 158 
   489 131.7 0.0 CD2 50 
   504 23.6 0.0 CG1 51 
   1044 1.84 0.0 HG2 95 
   830 6.96 0.0 HD1 79 
   1592 -0.51 0.0 HD12 142 
   1617 61.9 0.0 CA 144 
   586 116.4 0.0 N 59 
   668 54.6 0.0 CA 65 
   633 1.82 0.0 HB2 63 
   716 4.53 0.0 HA2 70 
   1193 4.13 0.0 HA 108 
   799 121.3 0.0 N 76 
   289 9.86 0.0 HE1 36 
   677 66.8 0.0 CB 66 
   395 8.83 0.0 H 44 
   959 42.6 0.0 CB 88 
   851 0.82 0.0 HD13 80 
   488 131.7 0.0 CD1 50 
   1832 8.16 0.0 H 162 
   457 0.92 0.0 HD12 48 
   850 0.82 0.0 HD12 80 
   789 1.57 0.0 HG3 76 
   1973 32.8 0.0 CB 172 
   142 61.6 0.0 CA 23 
   787 1.49 0.0 HB3 76 
   505 21.0 0.0 CG2 51 
   824 117.5 0.0 N 78 
   761 127.0 0.0 NE1 73 
   1416 7.05 0.0 HD1 129 
   73 119.6 0.0 N 17 
   604 7.04 0.0 HH2 61 
   1925 121.6 0.0 N 168 
   919 34.2 0.0 CB 85 
   1753 53.8 0.0 CA 155 
   1947 33.5 0.0 CB 170 
   1692 27.0 0.0 CG 150 
   1404 3.23 0.0 HB3 128 
   738 56.1 0.0 CA 72 
   1375 0.33 0.0 HD21 125 
   758 120.1 0.0 CZ3 73 
   1898 4.64 0.0 HA 167 
   1498 18.5 0.0 CB 134 
   413 2.34 0.0 HB3 45 
   943 2.0 0.0 HG2 87 
   686 37.3 0.0 CB 67 
   1673 110.9 0.0 N 148 
   1952 8.55 0.0 H 171 
   629 131.9 0.0 CZ 62 
   666 1.89 0.0 HG2 65 
   1878 7.93 0.0 H 165 
   595 7.49 0.0 H 61 
   228 1.58 0.0 HG2 31 
   1352 -0.19 0.0 HD12 123 
   1208 2.43 0.0 HG2 109 
   364 1.73 0.0 HG3 41 
   1944 2.96 0.0 HE2 170 
   551 41.8 0.0 CE 55 
   278 56.6 0.0 CA 35 
   529 3.06 0.0 HB2 54 
   1629 -0.05 0.0 HD13 145 
   1175 1.34 0.0 HB3 106 
   855 17.1 0.0 CG2 80 
   1220 0.5 0.0 HD12 110 
   1435 1.73 0.0 HD2 130 
   97 1.96 0.0 HB2 20 
   559 55.3 0.0 CA 56 
   47 8.18 0.0 H 16 
   1146 1.71 0.0 HB2 104 
   1184 0.58 0.0 HG13 107 
   1083 7.86 0.0 HD1 98 
   522 6.74 0.0 HD22 53 
   638 3.25 0.0 HD3 63 
   1155 3.79 0.0 HA 105 
   810 3.29 0.0 HB3 78 
   339 29.8 0.0 CB 39 
   1134 0.87 0.0 HB2 103 
   1811 2.55 0.0 HB3 160 
   111 0.18 0.0 HG22 21 
   525 119.5 0.0 N 53 
   1450 3.64 0.0 HD2 131 
   718 46.2 0.0 CA 70 
   1280 2.0 0.0 HB3 116 
   1001 4.95 0.0 HA 92 
   1986 4.67 0.0 HA 174 
   409 118.4 0.0 N 44 
   1131 15.4 0.0 CB 102 
   1214 7.93 0.0 H 110 
   1411 114.8 0.0 N 128 
   1186 0.93 0.0 HG22 107 
   1656 120.5 0.0 N 147 
   368 2.96 0.0 HE3 41 
   527 8.75 0.0 H 54 
   1661 1.64 0.0 HG 148 
   266 121.5 0.0 N 34 
   1512 113.5 0.0 N 135 
   1209 2.43 0.0 HG3 109 
   1474 3.57 0.0 HA 133 
   1064 37.7 0.0 CB 96 
   1809 4.33 0.0 HA 160 
   4 54.1 0.0 CA 11 
   645 8.7 0.0 H 64 
   1843 65.1 0.0 CA 162 
   962 129.6 0.0 CE1 88 
   790 1.55 0.0 HD2 76 
   710 2.54 0.0 HG3 69 
   681 3.07 0.0 HB2 67 
   1028 2.13 0.0 HG13 94 
   460 37.8 0.0 CB 48 
   296 127.0 0.0 CD1 36 
   1041 4.62 0.0 HA 95 
   952 3.07 0.0 HB3 88 
   923 121.7 0.0 N 85 
   1115 7.25 0.0 H 101 
   1859 33.7 0.0 CG 163 
   209 3.95 0.0 HA2 29 
   1364 57.6 0.0 CA 124 
   779 8.54 0.0 H 75 
   603 6.87 0.0 HZ3 61 
   298 114.2 0.0 CZ2 36 
   802 2.94 0.0 HB2 77 
   1480 7.26 0.0 HZ2 133 
   829 3.01 0.0 HB3 79 
   346 0.96 0.0 HG 40 
   1094 3.55 0.0 HA 99 
   1558 57.9 0.0 CA 139 
   1666 0.92 0.0 HD22 148 
   1410 136.2 0.0 CE1 128 
   1133 4.23 0.0 HA 103 
   941 1.9 0.0 HB2 87 
   680 4.76 0.0 HA 67 
   1928 4.05 0.0 HA 169 
   61 3.95 0.0 HA 17 
   153 1.0 0.0 HD12 24 
   1702 1.82 0.0 HB2 152 
   2001 7.5 0.0 HE21 175 
   635 1.6 0.0 HG2 63 
   616 2.1 0.0 HB2 62 
   523 55.6 0.0 CA 53 
   1509 30.1 0.0 CB 135 
   26 4.2 0.0 HB 14 
   1563 122.6 0.0 N 139 
   544 1.6 0.0 HD3 55 
   1484 27.6 0.0 CB 133 
   524 37.4 0.0 CB 53 
   28 1.24 0.0 HG22 14 
   579 5.05 0.0 HA 59 
   235 43.1 0.0 CD 31 
   617 2.5 0.0 HB3 62 
   1074 1.17 0.0 HG23 97 
   163 126.3 0.0 N 24 
   1747 118.8 0.0 N 154 
   384 119.4 0.0 N 42 
   418 59.3 0.0 CA 45 
   1107 4.44 0.0 HB 100 
   1408 30.4 0.0 CB 128 
   1773 0.96 0.0 HB3 157 
   1741 1.14 0.0 HD23 154 
   816 6.84 0.0 HH2 78 
   244 8.58 0.0 H 33 
   1681 1.36 0.0 HB2 150 
   135 2.37 0.0 HB 23 
   702 28.9 0.0 CD 68 
   1619 115.6 0.0 CD2 144 
   1501 4.14 0.0 HA 135 
   1034 0.45 0.0 HD13 94 
   1993 121.0 0.0 N 174 
   1348 -0.36 0.0 HG21 123 
   2005 33.7 0.0 CG 175 
   588 8.49 0.0 H 60 
   1913 112.3 0.0 N 167 
   1087 58.3 0.0 CA 98 
   1737 0.88 0.0 HD12 154 
   226 1.82 0.0 HB2 31 
   268 4.34 0.0 HA 35 
   227 2.02 0.0 HB3 31 
   583 7.7 0.0 HD22 59 
   1205 4.3 0.0 HA 109 
   727 69.3 0.0 CB 71 
   1336 2.91 0.0 HE3 122 
   1276 128.2 0.0 N 115 
   883 0.77 0.0 HD22 83 
   1895 21.8 0.0 CG2 166 
   1587 3.92 0.0 HA 142 
   1384 8.22 0.0 H 126 
   353 57.5 0.0 CA 40 
   735 1.63 0.0 HG3 72 
   570 121.1 0.0 N 57 
