   20 1.47 0.0 HB3 13 
   779 8.54 0.0 H 75 
   1471 26.2 0.0 CD2 132 
   1866 1.45 0.0 HG2 164 
   581 2.76 0.0 HB3 59 
   351 0.86 0.0 HD22 40 
   585 39.9 0.0 CB 59 
   1894 21.8 0.0 CG1 166 
   997 33.5 0.0 CB 91 
   437 0.93 0.0 HD12 47 
   30 64.2 0.0 CA 14 
   920 25.6 0.0 CG 85 
   1864 1.76 0.0 HB2 164 
   1448 1.99 0.0 HG2 131 
   1433 1.42 0.0 HG2 130 
   1973 32.8 0.0 CB 172 
   265 36.3 0.0 CG 34 
   1800 1.71 0.0 HG2 159 
   1845 29.2 0.0 CG1 162 
   1677 45.7 0.0 CA 149 
   1513 7.18 0.0 H 136 
   1732 3.58 0.0 HA 154 
   48 4.19 0.0 HA 16 
   614 6.81 0.0 H 62 
   476 42.2 0.0 CD 49 
   499 0.8 0.0 HG21 51 
   173 2.92 0.0 HE3 25 
   1409 120.2 0.0 CD2 128 
   1571 6.77 0.0 HE2 140 
   344 0.97 0.0 HB2 40 
   1583 4.14 0.0 HA3 141 
   162 25.5 0.0 CD2 24 
   1187 0.93 0.0 HG23 107 
   1816 3.88 0.0 HA 161 
   1920 6.76 0.0 HE21 168 
   34 8.07 0.0 H 15 
   1664 0.8 0.0 HD13 148 
   1522 116.8 0.0 ND2 136 
   1478 9.6 0.0 HE1 133 
   1580 113.4 0.0 N 140 
   883 0.77 0.0 HD22 83 
   1343 7.91 0.0 H 123 
   1271 1.43 0.0 HB1 115 
   1876 41.8 0.0 CE 164 
   79 0.94 0.0 HG13 18 
   1663 0.8 0.0 HD12 148 
   1708 64.6 0.0 CA 152 
   1463 0.93 0.0 HD13 132 
   619 5.47 0.0 HD2 62 
   983 0.71 0.0 HD13 90 
   923 121.7 0.0 N 85 
   1039 8.7 0.0 CD1 94 
   223 48.9 0.0 CD 30 
   981 0.71 0.0 HD11 90 
   1194 2.03 0.0 HB2 108 
   959 42.6 0.0 CB 88 
   777 129.4 0.0 CZ 74 
   473 57.4 0.0 CA 49 
   515 36.4 0.0 CG 52 
   718 46.2 0.0 CA 70 
   709 2.34 0.0 HG2 69 
   714 115.4 0.0 N 69 
   1852 2.24 0.0 HB3 163 
   456 0.92 0.0 HD11 48 
   1334 1.73 0.0 HD3 122 
   600 9.85 0.0 HE1 61 
   1719 7.16 0.0 HZ2 153 
   5 40.9 0.0 CB 11 
   852 59.6 0.0 CA 80 
   809 3.11 0.0 HB2 78 
   50 1.9 0.0 HB3 16 
   974 5.66 0.0 HA 90 
   242 40.8 0.0 CB 32 
   390 2.75 0.0 HG3 43 
   248 1.72 0.0 HG2 33 
   1975 29.1 0.0 CD 172 
   74 8.12 0.0 H 18 
   229 1.65 0.0 HG3 31 
   153 1.0 0.0 HD12 24 
   636 1.74 0.0 HG3 63 
   285 4.72 0.0 HA 36 
   1214 7.93 0.0 H 110 
   1069 7.01 0.0 H 97 
   926 2.88 0.0 HB2 86 
   161 27.0 0.0 CD1 24 
   864 34.3 0.0 CB 81 
   629 131.9 0.0 CZ 62 
   907 121.8 0.0 N 84 
   45 43.1 0.0 CD 15 
   545 2.84 0.0 HE2 55 
   1540 1.25 0.0 HG2 138 
   67 1.1 0.0 HG22 17 
   1118 1.08 0.0 HG21 101 
   1602 125.0 0.0 N 142 
   262 2.42 0.0 HG3 34 
   961 131.7 0.0 CD2 88 
   1181 1.96 0.0 HB 107 
   1776 57.3 0.0 CA 157 
   626 132.0 0.0 CD2 62 
   549 25.6 0.0 CG 55 
   416 7.61 0.0 HE21 45 
   1349 -0.36 0.0 HG22 123 
   749 7.03 0.0 HE3 73 
   886 39.8 0.0 CB 83 
   1891 1.0 0.0 HG23 166 
   493 8.77 0.0 H 51 
   1022 43.0 0.0 CB 93 
   1612 3.57 0.0 HA 144 
   148 4.56 0.0 HA 24 
   1340 28.9 0.0 CD 122 
   22 18.5 0.0 CB 13 
   1070 4.43 0.0 HA 97 
   1320 45.5 0.0 CA 120 
   1983 27.8 0.0 CB 173 
   435 1.91 0.0 HG 47 
   966 8.46 0.0 H 89 
   1052 8.69 0.0 H 96 
   1521 116.3 0.0 N 136 
   1865 2.04 0.0 HB3 164 
   235 43.1 0.0 CD 31 
   1141 31.9 0.0 CB 103 
   1355 37.5 0.0 CB 123 
   249 1.85 0.0 HG3 33 
   1557 2.91 0.0 HE3 139 
   743 8.77 0.0 H 73 
   220 63.2 0.0 CA 30 
   1525 1.75 0.0 HB 137 
   595 7.49 0.0 H 61 
   1725 119.6 0.0 CE3 153 
   278 56.6 0.0 CA 35 
   996 55.2 0.0 CA 91 
   525 119.5 0.0 N 53 
   1262 1.17 0.0 HG21 114 
   1470 23.5 0.0 CD1 132 
   1358 13.5 0.0 CD1 123 
   1170 124.1 0.0 N 105 
   818 32.6 0.0 CB 78 
   1336 2.91 0.0 HE3 122 
   1311 3.21 0.0 HD3 119 
   1587 3.92 0.0 HA 142 
   1167 27.6 0.0 CG1 105 
   1888 1.0 0.0 HG13 166 
   1377 0.33 0.0 HD23 125 
   1514 4.26 0.0 HA 136 
   373 42.2 0.0 CE 41 
   96 4.35 0.0 HA 20 
   1136 1.32 0.0 HG2 103 
   419 28.3 0.0 CB 45 
   1726 113.9 0.0 CZ2 153 
   488 131.7 0.0 CD1 50 
   1989 7.61 0.0 HD21 174 
   1744 26.8 0.0 CG 154 
   882 0.77 0.0 HD21 83 
   651 0.91 0.0 HD12 64 
   357 24.3 0.0 CD2 40 
   1275 18.9 0.0 CB 115 
   1875 29.2 0.0 CD 164 
   178 41.8 0.0 CE 25 
   801 5.55 0.0 HA 77 
   965 121.3 0.0 N 88 
   1389 1.41 0.0 HG23 126 
   1996 4.26 0.0 HA 175 
   611 123.3 0.0 CH2 61 
   1728 122.7 0.0 CH2 153 
   751 6.65 0.0 HZ3 73 
   459 65.0 0.0 CA 48 
   766 6.87 0.0 HD1 74 
   1814 115.9 0.0 N 160 
   1257 42.5 0.0 CE 113 
   1569 6.2 0.0 HD2 140 
   756 119.8 0.0 CE3 73 
   971 41.3 0.0 CB 89 
   1450 3.64 0.0 HD2 131 
   853 38.1 0.0 CB 80 
   1129 0.01 0.0 HB3 102 
   1807 49.4 0.0 CD 159 
   845 1.57 0.0 HG13 80 
   1130 49.7 0.0 CA 102 
   403 62.3 0.0 CA 44 
   1455 50.3 0.0 CD 131 
   1338 32.9 0.0 CB 122 
   835 44.0 0.0 CB 79 
   537 8.89 0.0 H 55 
   1905 0.85 0.0 HD11 167 
   333 2.31 0.0 HB3 39 
   138 0.96 0.0 HG13 23 
   1551 1.6 0.0 HB3 139 
   400 7.33 0.0 HD2 44 
   921 29.2 0.0 CD 85 
   695 1.69 0.0 HD2 68 
   1681 1.36 0.0 HB2 150 
   1497 54.7 0.0 CA 134 
   1650 4.49 0.0 HA 147 
   1770 7.92 0.0 H 157 
   486 58.8 0.0 CA 50 
   218 2.45 0.0 HD2 30 
   843 1.63 0.0 HB 80 
   338 58.1 0.0 CA 39 
   1773 0.96 0.0 HB3 157 
   1091 118.2 0.0 CE1 98 
   1771 3.85 0.0 HA 157 
   1515 0.92 0.0 HB2 136 
   1519 53.4 0.0 CA 136 
   722 4.57 0.0 HB 71 
   15 122.1 0.0 N 12 
   1990 6.91 0.0 HD22 174 
   1239 4.25 0.0 HA2 112 
   1388 1.41 0.0 HG22 126 
   108 0.36 0.0 HG12 21 
   1772 0.27 0.0 HB2 157 
   369 60.1 0.0 CA 41 
   309 1.13 0.0 HG21 37 
   1361 4.44 0.0 HA 124 
   1220 0.5 0.0 HD12 110 
   1641 2.2 0.0 HB2 146 
   1090 133.8 0.0 CD2 98 
   1036 36.4 0.0 CB 94 
   1195 2.4 0.0 HB3 108 
   1488 123.0 0.0 CZ3 133 
   202 1.47 0.0 HB1 28 
   1328 4.58 0.0 HA 122 
   36 1.87 0.0 HB2 15 
   552 122.1 0.0 N 55 
   504 23.6 0.0 CG1 51 
   399 7.33 0.0 HD1 44 
   172 2.92 0.0 HE2 25 
   231 3.17 0.0 HD3 31 
   688 110.7 0.0 ND2 67 
   1084 7.38 0.0 HD2 98 
   376 4.12 0.0 HA 42 
   1730 127.7 0.0 NE1 153 
   1623 4.15 0.0 HA 145 
   1824 0.73 0.0 HD22 161 
   782 45.8 0.0 CA 75 
   1197 2.12 0.0 HG3 108 
   1554 1.56 0.0 HD2 139 
   968 2.72 0.0 HB2 89 
   1329 1.25 0.0 HB2 122 
   314 21.0 0.0 CG1 37 
   1166 38.7 0.0 CB 105 
   66 1.1 0.0 HG21 17 
   928 7.33 0.0 HD1 86 
   1277 8.32 0.0 H 116 
   271 1.77 0.0 HG 35 
   352 0.86 0.0 HD23 40 
   1282 29.0 0.0 CB 116 
   724 1.1 0.0 HG22 71 
   787 1.49 0.0 HB3 76 
   1099 3.44 0.0 HD2 99 
   900 0.64 0.0 HD22 84 
   1621 115.4 0.0 N 144 
   1434 1.72 0.0 HG3 130 
   590 2.19 0.0 HB2 60 
   308 0.99 0.0 HG13 37 
   1885 2.17 0.0 HB 166 
   1484 27.6 0.0 CB 133 
   42 58.2 0.0 CA 15 
   317 7.16 0.0 H 38 
   943 2.0 0.0 HG2 87 
   1453 30.7 0.0 CB 131 
   1094 3.55 0.0 HA 99 
   410 8.21 0.0 H 45 
   1333 1.6 0.0 HD2 122 
   205 51.9 0.0 CA 28 
   1012 131.3 0.0 CD2 92 
   481 3.32 0.0 HB3 50 
   21 54.2 0.0 CA 13 
   51 1.6 0.0 HG2 16 
   1721 6.62 0.0 HH2 153 
   612 121.9 0.0 N 61 
   1802 3.0 0.0 HD2 159 
   1638 121.2 0.0 N 145 
   878 1.45 0.0 HG 83 
   69 64.5 0.0 CA 17 
   912 1.18 0.0 HG2 85 
   1828 26.2 0.0 CG 161 
   1830 22.9 0.0 CD2 161 
   396 4.5 0.0 HA 44 
   1205 4.3 0.0 HA 109 
   1061 0.87 0.0 HD12 96 
   216 1.05 0.0 HG2 30 
   1956 2.2 0.0 HG2 171 
   71 21.1 0.0 CG1 17 
   495 2.1 0.0 HB 51 
   969 2.91 0.0 HB3 89 
   1208 2.43 0.0 HG2 109 
   1309 1.68 0.0 HG3 119 
   299 120.3 0.0 CZ3 36 
   1586 10.28 0.0 H 142 
   583 7.7 0.0 HD22 59 
   1058 0.98 0.0 HG22 96 
   746 2.21 0.0 HB3 73 
   1543 3.45 0.0 HD3 138 
   949 9.09 0.0 H 88 
   1654 55.8 0.0 CA 147 
   521 7.98 0.0 HD21 53 
   1280 2.0 0.0 HB3 116 
   1546 24.1 0.0 CG 138 
   1505 1.72 0.0 HG3 135 
   913 1.18 0.0 HG3 85 
   1168 17.5 0.0 CG2 105 
   465 7.64 0.0 H 49 
   1475 2.49 0.0 HB2 133 
   1100 3.8 0.0 HD3 99 
   1287 1.89 0.0 HE2 117 
   2004 29.2 0.0 CB 175 
   1284 2.3 0.0 HG2 117 
   439 0.98 0.0 HD21 47 
   1933 30.1 0.0 CB 169 
   994 2.13 0.0 HG2 91 
   1520 40.4 0.0 CB 136 
   184 1.25 0.0 HG22 26 
   1633 58.4 0.0 CA 145 
   316 116.1 0.0 N 37 
   453 0.97 0.0 HG21 48 
   888 25.2 0.0 CD1 83 
   1863 4.19 0.0 HA 164 
   955 7.18 0.0 HE1 88 
   1792 30.6 0.0 CB 158 
   573 2.55 0.0 HB2 58 
   1798 1.66 0.0 HB2 159 
   1446 1.83 0.0 HB2 131 
   1238 8.62 0.0 H 112 
   1793 28.2 0.0 CG1 158 
   1482 7.06 0.0 HH2 133 
   1717 9.7 0.0 HE1 153 
   1614 3.34 0.0 HB3 144 
   1381 25.2 0.0 CD1 125 
   1493 4.17 0.0 HA 134 
   826 9.23 0.0 H 79 
   1075 60.5 0.0 CA 97 
   621 5.55 0.0 HE2 62 
   1854 2.49 0.0 HG3 163 
   720 8.33 0.0 H 71 
   1088 42.0 0.0 CB 98 
   1436 1.74 0.0 HD3 130 
   1646 31.6 0.0 CB 146 
   237 8.17 0.0 H 32 
   901 0.64 0.0 HD23 84 
   1354 61.9 0.0 CA 123 
   1954 1.93 0.0 HB2 171 
   1288 1.89 0.0 HE3 117 
   413 2.34 0.0 HB3 45 
   62 2.21 0.0 HB 17 
   1148 2.07 0.0 HG2 104 
   1424 131.7 0.0 CD2 129 
   1113 21.6 0.0 CG2 100 
   1968 1.65 0.0 HD2 172 
   1359 117.1 0.0 N 123 
   602 7.45 0.0 HZ2 61 
   3 2.76 0.0 HB3 11 
   1011 131.3 0.0 CD1 92 
   597 2.65 0.0 HB2 61 
   646 5.07 0.0 HA 64 
   1716 7.36 0.0 HD1 153 
   1177 21.6 0.0 CB 106 
   1950 41.8 0.0 CE 170 
   1240 3.79 0.0 HA3 112 
   1152 35.9 0.0 CG 104 
   1258 117.5 0.0 N 113 
   258 4.24 0.0 HA 34 
   1768 21.8 0.0 CG2 156 
   516 119.7 0.0 N 52 
   128 4.08 0.0 HD3 22 
   1121 59.6 0.0 CA 101 
   358 120.3 0.0 N 40 
   648 1.86 0.0 HB3 64 
   1142 27.9 0.0 CG 103 
   953 7.16 0.0 HD1 88 
   472 3.42 0.0 HD3 49 
   268 4.34 0.0 HA 35 
   1949 29.2 0.0 CD 170 
   1276 128.2 0.0 N 115 
   1745 23.0 0.0 CD1 154 
   979 1.02 0.0 HG22 90 
   842 5.13 0.0 HA 80 
   1736 0.88 0.0 HD11 154 
   2002 6.84 0.0 HE22 175 
   335 1.47 0.0 HG3 39 
   375 7.68 0.0 H 42 
   708 2.23 0.0 HB3 69 
   1255 25.6 0.0 CG 113 
   24 7.95 0.0 H 14 
   873 131.6 0.0 N 82 
   1844 38.3 0.0 CB 162 
   875 3.58 0.0 HA 83 
   261 2.42 0.0 HG2 34 
   574 3.11 0.0 HB3 58 
   1297 6.74 0.0 HE2 118 
   1809 4.33 0.0 HA 160 
   1971 2.95 0.0 HE3 172 
   1341 41.8 0.0 CE 122 
   1140 61.6 0.0 CA 103 
   1109 1.25 0.0 HG22 100 
   794 53.9 0.0 CA 76 
   1237 119.9 0.0 N 111 
   1098 1.77 0.0 HG3 99 
   1473 8.49 0.0 H 133 
   861 3.25 0.0 HB3 81 
   1856 6.84 0.0 HE22 163 
   931 6.77 0.0 HE2 86 
