   1989 7.61 0.0 HD21 174 
   1496 1.5 0.0 HB3 134 
   575 55.3 0.0 CA 58 
   1648 117.1 0.0 N 146 
   1282 29.0 0.0 CB 116 
   1688 1.16 0.0 HD22 150 
   589 4.4 0.0 HA 60 
   739 32.8 0.0 CB 72 
   476 42.2 0.0 CD 49 
   548 32.2 0.0 CB 55 
   609 113.7 0.0 CZ2 61 
   1568 6.2 0.0 HD1 140 
   1549 4.17 0.0 HA 139 
   1788 0.18 0.0 HD11 158 
   1341 41.8 0.0 CE 122 
   1784 1.49 0.0 HG13 158 
   1750 1.43 0.0 HB1 155 
   1009 57.4 0.0 CA 92 
   1058 0.98 0.0 HG22 96 
   314 21.0 0.0 CG1 37 
   109 1.61 0.0 HG13 21 
   1714 3.23 0.0 HB2 153 
   464 118.5 0.0 N 48 
   804 55.2 0.0 CA 77 
   745 1.04 0.0 HB2 73 
   311 1.13 0.0 HG23 37 
   1785 0.42 0.0 HG21 158 
   266 121.5 0.0 N 34 
   1812 57.2 0.0 CA 160 
   1975 29.1 0.0 CD 172 
   2003 56.0 0.0 CA 175 
   1179 8.02 0.0 H 107 
   964 128.3 0.0 CZ 88 
   1704 1.84 0.0 HG2 152 
   516 119.7 0.0 N 52 
   1212 36.8 0.0 CG 109 
   136 0.96 0.0 HG11 23 
   765 3.22 0.0 HB3 74 
   1119 1.08 0.0 HG22 101 
   1524 4.01 0.0 HA 137 
   1551 1.6 0.0 HB3 139 
   820 119.9 0.0 CE3 78 
   96 4.35 0.0 HA 20 
   562 112.3 0.0 ND2 56 
   1846 16.7 0.0 CG2 162 
   1064 37.7 0.0 CB 96 
   1828 26.2 0.0 CG 161 
   593 40.5 0.0 CB 60 
   951 2.71 0.0 HB2 88 
   503 31.5 0.0 CB 51 
   369 60.1 0.0 CA 41 
   519 3.0 0.0 HB2 53 
   1743 42.6 0.0 CB 154 
   490 118.8 0.0 CE1 50 
   1967 1.43 0.0 HG3 172 
   625 132.0 0.0 CD1 62 
   1358 13.5 0.0 CD1 123 
   1416 7.05 0.0 HD1 129 
   1752 1.43 0.0 HB3 155 
   1986 4.67 0.0 HA 174 
   1103 25.1 0.0 CG 99 
   1934 120.5 0.0 CD2 169 
   1984 120.4 0.0 N 173 
   1159 0.67 0.0 HG21 105 
   852 59.6 0.0 CA 80 
   1076 67.7 0.0 CB 97 
   1022 43.0 0.0 CB 93 
   758 120.1 0.0 CZ3 73 
   1463 0.93 0.0 HD13 132 
   1712 7.2 0.0 H 153 
   798 42.2 0.0 CE 76 
   185 1.25 0.0 HG23 26 
   1678 107.1 0.0 N 149 
   1642 2.46 0.0 HB3 146 
   506 118.9 0.0 N 51 
   657 48.2 0.0 CB 64 
   1911 18.1 0.0 CG2 167 
   104 119.8 0.0 N 20 
   1890 1.0 0.0 HG22 166 
   105 7.66 0.0 H 21 
   885 57.1 0.0 CA 83 
   1560 25.7 0.0 CG 139 
   591 2.96 0.0 HB3 60 
   353 57.5 0.0 CA 40 
   1091 118.2 0.0 CE1 98 
   149 1.51 0.0 HB2 24 
   971 41.3 0.0 CB 89 
   118 27.5 0.0 CG1 21 
   1462 0.93 0.0 HD12 132 
   807 9.24 0.0 H 78 
   92 60.1 0.0 CA 19 
   774 131.7 0.0 CD2 74 
   1801 2.05 0.0 HG3 159 
   1556 2.87 0.0 HE2 139 
   730 7.61 0.0 H 72 
   1467 57.9 0.0 CA 132 
   695 1.69 0.0 HD2 68 
   356 24.3 0.0 CD1 40 
   913 1.18 0.0 HG3 85 
   299 120.3 0.0 CZ3 36 
   571 7.96 0.0 H 58 
   458 0.92 0.0 HD13 48 
   1817 1.16 0.0 HB2 161 
   659 24.3 0.0 CD1 64 
   778 117.0 0.0 N 74 
   399 7.33 0.0 HD1 44 
   1541 1.72 0.0 HG3 138 
   73 119.6 0.0 N 17 
   1002 2.77 0.0 HB2 92 
   1033 0.45 0.0 HD12 94 
   1607 1.04 0.0 HB3 143 
   1226 42.1 0.0 CB 110 
   1746 27.6 0.0 CD2 154 
   680 4.76 0.0 HA 67 
   1176 50.2 0.0 CA 106 
   1151 30.1 0.0 CB 104 
   1942 1.6 0.0 HD2 170 
   238 4.9 0.0 HA 32 
   1174 1.34 0.0 HB2 106 
   918 56.1 0.0 CA 85 
   2001 7.5 0.0 HE21 175 
   1656 120.5 0.0 N 147 
   77 0.94 0.0 HG11 18 
   1546 24.1 0.0 CG 138 
   1109 1.25 0.0 HG22 100 
   1649 8.35 0.0 H 147 
   1915 4.83 0.0 HA 168 
   1470 23.5 0.0 CD1 132 
   925 4.52 0.0 HA 86 
   1486 120.1 0.0 CE3 133 
   1198 3.48 0.0 HD2 108 
   1027 1.78 0.0 HG12 94 
   1749 3.86 0.0 HA 155 
   1943 1.6 0.0 HD3 170 
   150 1.88 0.0 HB3 24 
   1705 2.09 0.0 HG3 152 
   193 3.25 0.0 HB3 27 
   1595 0.37 0.0 HD22 142 
   546 2.84 0.0 HE3 55 
   889 22.5 0.0 CD2 83 
   1504 1.59 0.0 HG2 135 
   855 17.1 0.0 CG2 80 
   943 2.0 0.0 HG2 87 
   252 58.8 0.0 CA 33 
   1807 49.4 0.0 CD 159 
   1765 63.4 0.0 CA 156 
   1606 1.04 0.0 HB2 143 
   970 54.7 0.0 CA 89 
   1625 2.33 0.0 HB3 145 
   1177 21.6 0.0 CB 106 
   409 118.4 0.0 N 44 
   1121 59.6 0.0 CA 101 
   1270 4.47 0.0 HA 115 
   1866 1.45 0.0 HG2 164 
   1533 33.3 0.0 CB 137 
   1736 0.88 0.0 HD11 154 
   514 29.2 0.0 CB 52 
   182 3.96 0.0 HB 26 
   1529 1.08 0.0 HG21 137 
   235 43.1 0.0 CD 31 
   904 25.9 0.0 CG 84 
   1082 3.27 0.0 HB3 98 
   450 1.98 0.0 HB 48 
   443 42.7 0.0 CB 47 
   816 6.84 0.0 HH2 78 
   1066 18.1 0.0 CG2 96 
   1734 2.04 0.0 HB3 154 
   38 1.59 0.0 HG2 15 
   635 1.6 0.0 HG2 63 
   1015 127.8 0.0 CZ 92 
   27 1.24 0.0 HG21 14 
   617 2.5 0.0 HB3 62 
   1343 7.91 0.0 H 123 
   981 0.71 0.0 HD11 90 
   996 55.2 0.0 CA 91 
   1224 0.68 0.0 HD23 110 
   615 4.91 0.0 HA 62 
   1474 3.57 0.0 HA 133 
   186 65.4 0.0 CA 26 
   37 1.87 0.0 HB3 15 
   689 8.83 0.0 H 68 
   244 8.58 0.0 H 33 
   1670 27.0 0.0 CG 148 
   1879 3.97 0.0 HA2 165 
   1097 1.5 0.0 HG2 99 
   1870 2.92 0.0 HE2 164 
   1319 3.69 0.0 HA3 120 
   781 4.31 0.0 HA3 75 
   584 51.8 0.0 CA 59 
   500 0.8 0.0 HG22 51 
   946 34.7 0.0 CB 87 
   2002 6.84 0.0 HE22 175 
   676 55.8 0.0 CA 66 
   454 0.97 0.0 HG22 48 
   870 2.87 0.0 HB3 82 
   1203 49.8 0.0 CD 108 
   1481 7.04 0.0 HZ3 133 
   1020 2.67 0.0 HB3 93 
   977 1.29 0.0 HG13 90 
   1207 2.39 0.0 HB3 109 
