   858 9.14 0.0 H 81 
   1574 36.4 0.0 CB 140 
   913 1.18 0.0 HG3 85 
   1126 3.87 0.0 HA 102 
   916 2.27 0.0 HE2 85 
   502 67.2 0.0 CA 51 
   825 131.3 0.0 NE1 78 
   1144 8.6 0.0 H 104 
   1010 40.4 0.0 CB 92 
   1936 8.48 0.0 H 170 
   1429 8.59 0.0 H 130 
   718 46.2 0.0 CA 70 
   1435 1.73 0.0 HD2 130 
   1083 7.86 0.0 HD1 98 
   1778 34.2 0.0 CG 157 
   306 0.99 0.0 HG11 37 
   811 7.03 0.0 HD1 78 
   877 2.1 0.0 HB3 83 
   1503 1.86 0.0 HB3 135 
   100 2.4 0.0 HG3 20 
   1893 32.2 0.0 CB 166 
   667 2.03 0.0 HG3 65 
   219 3.47 0.0 HD3 30 
   430 114.9 0.0 N 46 
   1457 3.95 0.0 HA 132 
   1768 21.8 0.0 CG2 156 
   225 4.34 0.0 HA 31 
   1272 1.43 0.0 HB2 115 
   1878 7.93 0.0 H 165 
   1787 0.42 0.0 HG23 158 
   1974 24.7 0.0 CG 172 
   408 117.8 0.0 CE2 44 
   1537 4.86 0.0 HA 138 
   1968 1.65 0.0 HD2 172 
   1903 0.95 0.0 HG22 167 
   1329 1.25 0.0 HB2 122 
   547 60.5 0.0 CA 55 
   90 3.98 0.0 HB2 19 
   61 3.95 0.0 HA 17 
   328 118.6 0.0 N 38 
   1234 2.72 0.0 HB3 111 
   739 32.8 0.0 CB 72 
   96 4.35 0.0 HA 20 
   1003 3.68 0.0 HB3 92 
   1012 131.3 0.0 CD2 92 
   627 133.7 0.0 CE1 62 
   1679 7.83 0.0 H 150 
   481 3.32 0.0 HB3 50 
   1835 0.32 0.0 HG12 162 
   519 3.0 0.0 HB2 53 
   1382 22.6 0.0 CD2 125 
   1731 8.68 0.0 H 154 
   1972 56.3 0.0 CA 172 
   136 0.96 0.0 HG11 23 
   1199 3.77 0.0 HD3 108 
   1120 1.08 0.0 HG23 101 
   556 2.93 0.0 HB3 56 
   1314 27.1 0.0 CG 119 
   803 3.39 0.0 HB3 77 
   1632 0.45 0.0 HD23 145 
   1660 2.08 0.0 HB3 148 
   1792 30.6 0.0 CB 158 
   1349 -0.36 0.0 HG22 123 
   1071 4.67 0.0 HB 97 
   1764 0.93 0.0 HG23 156 
   622 5.65 0.0 HZ 62 
   670 36.3 0.0 CG 65 
   277 1.01 0.0 HD23 35 
   1715 3.56 0.0 HB3 153 
   1280 2.0 0.0 HB3 116 
   657 48.2 0.0 CB 64 
   962 129.6 0.0 CE1 88 
   359 7.57 0.0 H 41 
   516 119.7 0.0 N 52 
   1629 -0.05 0.0 HD13 145 
   809 3.11 0.0 HB2 78 
   1546 24.1 0.0 CG 138 
   456 0.92 0.0 HD11 48 
   1017 8.57 0.0 H 93 
   1665 0.92 0.0 HD21 148 
   532 7.24 0.0 HD22 54 
   760 125.1 0.0 N 73 
   244 8.58 0.0 H 33 
   255 43.1 0.0 CD 33 
   186 65.4 0.0 CA 26 
   1106 4.12 0.0 HA 100 
   163 126.3 0.0 N 24 
   576 39.1 0.0 CB 58 
   132 50.7 0.0 CD 22 
   1746 27.6 0.0 CD2 154 
   1192 119.5 0.0 N 107 
   1072 1.17 0.0 HG21 97 
   601 7.9 0.0 HE3 61 
   975 1.75 0.0 HB 90 
   1993 121.0 0.0 N 174 
   449 3.79 0.0 HA 48 
   652 0.91 0.0 HD13 64 
   1099 3.44 0.0 HD2 99 
   986 25.7 0.0 CG1 90 
   1409 120.2 0.0 CD2 128 
   1123 21.0 0.0 CG2 101 
   1875 29.2 0.0 CD 164 
   1662 0.8 0.0 HD11 148 
   1303 117.4 0.0 CE2 118 
   466 4.23 0.0 HA 49 
   455 0.97 0.0 HG23 48 
   1461 0.93 0.0 HD11 132 
   1535 22.9 0.0 CG2 137 
   1317 8.98 0.0 H 120 
   1405 7.06 0.0 HD2 128 
   1799 2.07 0.0 HB3 159 
   1663 0.8 0.0 HD12 148 
   1252 3.12 0.0 HE3 113 
   1333 1.6 0.0 HD2 122 
   1312 57.4 0.0 CA 119 
   1462 0.93 0.0 HD12 132 
   223 48.9 0.0 CD 30 
   369 60.1 0.0 CA 41 
   1961 119.4 0.0 N 171 
   1236 41.0 0.0 CB 111 
   1219 0.5 0.0 HD11 110 
   1474 3.57 0.0 HA 133 
   791 1.68 0.0 HD3 76 
   1887 1.0 0.0 HG12 166 
   1615 5.82 0.0 HD2 144 
   1094 3.55 0.0 HA 99 
   1714 3.23 0.0 HB2 153 
   1208 2.43 0.0 HG2 109 
   1102 33.2 0.0 CB 99 
   86 22.0 0.0 CG2 18 
   785 5.61 0.0 HA 76 
   716 4.53 0.0 HA2 70 
   850 0.82 0.0 HD12 80 
   1057 0.98 0.0 HG21 96 
   1134 0.87 0.0 HB2 103 
   1006 6.63 0.0 HE1 92 
   1592 -0.51 0.0 HD12 142 
   1837 0.81 0.0 HG21 162 
   733 1.73 0.0 HB3 72 
   1517 6.92 0.0 HD21 136 
   538 3.93 0.0 HA 55 
   57 27.3 0.0 CG 16 
   382 29.2 0.0 CB 42 
   1190 20.0 0.0 CG1 107 
   1528 0.66 0.0 HG13 137 
   869 2.25 0.0 HB2 82 
   177 29.2 0.0 CD 25 
   1739 1.14 0.0 HD21 154 
   1248 1.36 0.0 HG3 113 
   566 1.5 0.0 HB2 57 
   1742 57.8 0.0 CA 154 
   1367 8.42 0.0 H 125 
   930 6.77 0.0 HE1 86 
   539 1.91 0.0 HB2 55 
   1532 60.5 0.0 CA 137 
   1353 -0.19 0.0 HD13 123 
   728 23.0 0.0 CG2 71 
   1886 1.0 0.0 HG11 166 
   1254 33.3 0.0 CB 113 
   1943 1.6 0.0 HD3 170 
   1826 57.4 0.0 CA 161 
   44 27.3 0.0 CG 15 
   947 37.4 0.0 CG 87 
   1270 4.47 0.0 HA 115 
   1575 127.3 0.0 CD1 140 
   1189 31.4 0.0 CB 107 
   1556 2.87 0.0 HE2 139 
   994 2.13 0.0 HG2 91 
   735 1.63 0.0 HG3 72 
   205 51.9 0.0 CA 28 
   493 8.77 0.0 H 51 
   893 0.6 0.0 HB2 84 
   1734 2.04 0.0 HB3 154 
   288 7.34 0.0 HD1 36 
   275 1.01 0.0 HD21 35 
   1579 130.1 0.0 CZ 140 
   637 3.25 0.0 HD2 63 
   1291 4.86 0.0 HA 118 
   1949 29.2 0.0 CD 170 
   111 0.18 0.0 HG22 21 
   1231 7.36 0.0 H 111 
   862 7.19 0.0 HD2 81 
   616 2.1 0.0 HB2 62 
   1803 3.0 0.0 HD3 159 
   1414 3.1 0.0 HB2 129 
   765 3.22 0.0 HB3 74 
   103 36.3 0.0 CG 20 
   419 28.3 0.0 CB 45 
   133 8.04 0.0 H 23 
   441 0.98 0.0 HD23 47 
   364 1.73 0.0 HG3 41 
   762 8.53 0.0 H 74 
   1468 41.9 0.0 CB 132 
   31 68.6 0.0 CB 14 
   230 3.17 0.0 HD2 31 
   129 63.3 0.0 CA 22 
   1937 4.24 0.0 HA 170 
   942 1.9 0.0 HB3 87 
   946 34.7 0.0 CB 87 
   168 1.29 0.0 HG2 25 
   1956 2.2 0.0 HG2 171 
   142 61.6 0.0 CA 23 
   949 9.09 0.0 H 88 
   1269 8.73 0.0 H 115 
   1412 7.96 0.0 H 129 
   1543 3.45 0.0 HD3 138 
   1430 3.99 0.0 HA 130 
   1820 0.66 0.0 HD11 161 
   820 119.9 0.0 CE3 78 
   694 1.46 0.0 HG3 68 
   823 123.5 0.0 CH2 78 
   332 1.78 0.0 HB2 39 
   531 4.55 0.0 HD21 54 
   1888 1.0 0.0 HG13 166 
   1864 1.76 0.0 HB2 164 
   1545 32.6 0.0 CB 138 
   960 131.7 0.0 CD1 88 
   937 117.5 0.0 CE2 86 
   1246 1.82 0.0 HB3 113 
   1251 3.12 0.0 HE2 113 
   83 64.2 0.0 CA 18 
   658 27.3 0.0 CG 64 
   1340 28.9 0.0 CD 122 
   492 119.9 0.0 N 50 
   1343 7.91 0.0 H 123 
   614 6.81 0.0 H 62 
   1748 7.31 0.0 H 155 
   1015 127.8 0.0 CZ 92 
   1522 116.8 0.0 ND2 136 
   101 56.0 0.0 CA 20 
   1538 1.22 0.0 HB2 138 
   85 21.7 0.0 CG1 18 
   775 130.0 0.0 CE1 74 
   391 58.5 0.0 CA 43 
   1239 4.25 0.0 HA2 112 
   867 9.03 0.0 H 82 
   607 128.3 0.0 CD1 61 
   1882 108.0 0.0 N 165 
   1097 1.5 0.0 HG2 99 
   276 1.01 0.0 HD22 35 
   1183 0.58 0.0 HG12 107 
   789 1.57 0.0 HG3 76 
   706 4.19 0.0 HA 69 
   483 7.26 0.0 HD2 50 
   1400 122.0 0.0 N 127 
   872 39.0 0.0 CB 82 
   848 0.64 0.0 HG23 80 
   1404 3.23 0.0 HB3 128 
   234 27.1 0.0 CG 31 
   141 1.13 0.0 HG23 23 
   855 17.1 0.0 CG2 80 
   1586 10.28 0.0 H 142 
   1090 133.8 0.0 CD2 98 
   175 35.9 0.0 CB 25 
   1020 2.67 0.0 HB3 93 
   985 42.8 0.0 CB 90 
   1668 54.5 0.0 CA 148 
   314 21.0 0.0 CG1 37 
   993 2.38 0.0 HB3 91 
   1501 4.14 0.0 HA 135 
   75 3.81 0.0 HA 18 
   1859 33.7 0.0 CG 163 
   1986 4.67 0.0 HA 174 
   1047 3.51 0.0 HD3 95 
   2004 29.2 0.0 CB 175 
   1073 1.17 0.0 HG22 97 
   704 123.1 0.0 N 68 
   929 7.33 0.0 HD2 86 
   105 7.66 0.0 H 21 
   1021 52.0 0.0 CA 93 
   1432 2.04 0.0 HB3 130 
   1184 0.58 0.0 HG13 107 
   1939 1.7 0.0 HB3 170 
   1257 42.5 0.0 CE 113 
   1140 61.6 0.0 CA 103 
   1185 0.93 0.0 HG21 107 
   792 2.95 0.0 HE2 76 
   318 4.09 0.0 HA 38 
   1442 29.4 0.0 CD 130 
   551 41.8 0.0 CE 55 
   29 1.24 0.0 HG23 14 
   1262 1.17 0.0 HG21 114 
   376 4.12 0.0 HA 42 
   620 5.55 0.0 HE1 62 
   404 37.9 0.0 CB 44 
   1551 1.6 0.0 HB3 139 
   1963 4.4 0.0 HA 172 
   1100 3.8 0.0 HD3 99 
   1087 58.3 0.0 CA 98 
   1068 118.2 0.0 N 96 
   60 7.9 0.0 H 17 
   1743 42.6 0.0 CB 154 
   912 1.18 0.0 HG2 85 
   367 2.96 0.0 HE2 41 
   1089 132.8 0.0 CD1 98 
   1154 8.55 0.0 H 105 
   10 2.32 0.0 HG2 12 
   1684 0.87 0.0 HD11 150 
   683 7.79 0.0 HD21 67 
   1824 0.73 0.0 HD22 161 
   651 0.91 0.0 HD12 64 
   1946 56.7 0.0 CA 170 
   252 58.8 0.0 CA 33 
   766 6.87 0.0 HD1 74 
   922 41.3 0.0 CE 85 
   1689 1.16 0.0 HD23 150 
   1193 4.13 0.0 HA 108 
   1874 26.3 0.0 CG 164 
   1146 1.71 0.0 HB2 104 
   1074 1.17 0.0 HG23 97 
   1906 0.85 0.0 HD12 167 
   737 3.19 0.0 HD3 72 
   375 7.68 0.0 H 42 
   984 58.5 0.0 CA 90 
   99 2.21 0.0 HG2 20 
   1784 1.49 0.0 HG13 158 
   1182 0.58 0.0 HG11 107 
   1911 18.1 0.0 CG2 167 
   1669 43.3 0.0 CB 148 
   1763 0.93 0.0 HG22 156 
   166 1.76 0.0 HB2 25 
   743 8.77 0.0 H 73 
   1307 1.79 0.0 HB3 119 
   1135 2.45 0.0 HB3 103 
   295 29.5 0.0 CB 36 
   973 8.46 0.0 H 90 
   537 8.89 0.0 H 55 
   679 8.15 0.0 H 67 
   217 1.44 0.0 HG3 30 
   702 28.9 0.0 CD 68 
   1830 22.9 0.0 CD2 161 
   660 24.2 0.0 CD2 64 
   1165 62.8 0.0 CA 105 
   479 4.78 0.0 HA 50 
   1292 2.84 0.0 HB2 118 
   196 51.1 0.0 CA 27 
   1857 58.8 0.0 CA 163 
   326 28.0 0.0 CB 38 
   362 2.06 0.0 HB3 41 
   1892 63.3 0.0 CA 166 
   487 38.5 0.0 CB 50 
   1964 1.72 0.0 HB2 172 
   490 118.8 0.0 CE1 50 
   1622 8.62 0.0 H 145 
   82 1.01 0.0 HG23 18 
   389 2.14 0.0 HG2 43 
   1928 4.05 0.0 HA 169 
   1562 41.9 0.0 CE 139 
   1812 57.2 0.0 CA 160 
   1933 30.1 0.0 CB 169 
   961 131.7 0.0 CD2 88 
   1694 27.2 0.0 CD2 150 
   131 27.7 0.0 CG 22 
   504 23.6 0.0 CG1 51 
   16 8.44 0.0 H 13 
   632 4.37 0.0 HA 63 
   790 1.55 0.0 HD2 76 
   1860 121.6 0.0 N 163 
   1607 1.04 0.0 HB3 143 
   1440 29.7 0.0 CB 130 
   1554 1.56 0.0 HD2 139 
   23 122.6 0.0 N 13 
   1673 110.9 0.0 N 148 
   955 7.18 0.0 HE1 88 
   691 1.81 0.0 HB2 68 
   407 117.8 0.0 CE1 44 
   1494 1.5 0.0 HB1 134 
   1085 6.93 0.0 HE1 98 
   453 0.97 0.0 HG21 48 
   392 28.4 0.0 CB 43 
   778 117.0 0.0 N 74 
   870 2.87 0.0 HB3 82 
   494 3.25 0.0 HA 51 
   997 33.5 0.0 CB 91 
   1876 41.8 0.0 CE 164 
   410 8.21 0.0 H 45 
   757 113.1 0.0 CZ2 73 
   1638 121.2 0.0 N 145 
   804 55.2 0.0 CA 77 
   1576 127.3 0.0 CD2 140 
   210 4.82 0.0 HA3 29 
   199 107.7 0.0 ND2 27 
   1844 38.3 0.0 CB 162 
   545 2.84 0.0 HE2 55 
   1357 17.0 0.0 CG2 123 
   1215 4.34 0.0 HA 110 
   662 8.9 0.0 H 65 
   621 5.55 0.0 HE2 62 
   477 119.0 0.0 N 49 
   20 1.47 0.0 HB3 13 
   1754 18.2 0.0 CB 155 
   1997 1.94 0.0 HB2 175 
   1128 0.01 0.0 HB2 102 
   1369 1.43 0.0 HB2 125 
   365 1.74 0.0 HD2 41 
   1529 1.08 0.0 HG21 137 
   124 2.46 0.0 HB3 22 
   590 2.19 0.0 HB2 60 
   1996 4.26 0.0 HA 175 
   1031 0.7 0.0 HG23 94 
   34 8.07 0.0 H 15 
   550 29.7 0.0 CD 55 
   1496 1.5 0.0 HB3 134 
   1863 4.19 0.0 HA 164 
   541 1.31 0.0 HG2 55 
   1776 57.3 0.0 CA 157 
   1686 0.87 0.0 HD13 150 
   582 6.69 0.0 HD21 59 
   1500 7.5 0.0 H 135 
   1749 3.86 0.0 HA 155 
   626 132.0 0.0 CD2 62 
   189 121.3 0.0 N 26 
   1299 39.5 0.0 CB 118 
   462 17.0 0.0 CG2 48 
   707 2.1 0.0 HB2 69 
   796 24.8 0.0 CG 76 
   303 7.5 0.0 H 37 
   1854 2.49 0.0 HG3 163 
   1603 9.24 0.0 H 143 
   1391 69.5 0.0 CB 126 
   1604 3.75 0.0 HA 143 
   1466 1.04 0.0 HD23 132 
   1756 6.91 0.0 H 156 
   1082 3.27 0.0 HB3 98 
   416 7.61 0.0 HE21 45 
   1762 0.93 0.0 HG21 156 
   1062 0.87 0.0 HD13 96 
   119 17.2 0.0 CG2 21 
   1480 7.26 0.0 HZ2 133 
   924 9.53 0.0 H 86 
   1194 2.03 0.0 HB2 108 
   162 25.5 0.0 CD2 24 
   108 0.36 0.0 HG12 21 
   1122 69.9 0.0 CB 101 
   1646 31.6 0.0 CB 146 
   79 0.94 0.0 HG13 18 
   355 26.0 0.0 CG 40 
   1383 126.2 0.0 N 125 
   1904 0.95 0.0 HG23 167 
   1364 57.6 0.0 CA 124 
   1298 53.1 0.0 CA 118 
   890 108.0 0.0 N 83 
   240 3.09 0.0 HB3 32 
   348 0.84 0.0 HD12 40 
   841 8.07 0.0 H 80 
   630 115.3 0.0 N 62 
   1001 4.95 0.0 HA 92 
   1342 118.4 0.0 N 122 
   1833 3.68 0.0 HA 162 
   1175 1.34 0.0 HB3 106 
   907 121.8 0.0 N 84 
   1852 2.24 0.0 HB3 163 
   1809 4.33 0.0 HA 160 
   798 42.2 0.0 CE 76 
   883 0.77 0.0 HD22 83 
   1213 116.4 0.0 N 109 
   988 14.6 0.0 CD1 90 
   577 116.9 0.0 N 58 
   905 22.3 0.0 CD1 84 
   817 56.7 0.0 CA 78 
   1420 6.93 0.0 HZ 129 
   741 43.1 0.0 CD 72 
   278 56.6 0.0 CA 35 
   1818 1.9 0.0 HB3 161 
   1368 4.45 0.0 HA 125 
   1009 57.4 0.0 CA 92 
   1506 3.11 0.0 HD2 135 
   339 29.8 0.0 CB 39 
   1187 0.93 0.0 HG23 107 
   1971 2.95 0.0 HE3 172 
   1147 1.85 0.0 HB3 104 
   1581 9.74 0.0 H 141 
   122 4.51 0.0 HA 22 
   799 121.3 0.0 N 76 
   1569 6.2 0.0 HD2 140 
   405 131.7 0.0 CD1 44 
   1942 1.6 0.0 HD2 170 
   915 1.28 0.0 HD3 85 
   482 7.26 0.0 HD1 50 
   285 4.72 0.0 HA 36 
   1565 4.03 0.0 HA 140 
   1633 58.4 0.0 CA 145 
   758 120.1 0.0 CZ3 73 
   1141 31.9 0.0 CB 103 
   316 116.1 0.0 N 37 
   151 1.7 0.0 HG 24 
   1258 117.5 0.0 N 113 
   1033 0.45 0.0 HD12 94 
   40 3.21 0.0 HD2 15 
   797 29.6 0.0 CD 76 
   639 7.37 0.0 HE 63 
   506 118.9 0.0 N 51 
   1050 27.0 0.0 CG 95 
   1013 129.9 0.0 CE1 92 
   953 7.16 0.0 HD1 88 
   936 117.5 0.0 CE1 86 
   180 10.39 0.0 H 26 
   1043 2.39 0.0 HB3 95 
   37 1.87 0.0 HB3 15 
   1048 62.1 0.0 CA 95 
   1360 7.71 0.0 H 124 
   1515 0.92 0.0 HB2 136 
   1285 2.4 0.0 HG3 117 
   500 0.8 0.0 HG22 51 
   473 57.4 0.0 CA 49 
   1504 1.59 0.0 HG2 135 
   856 12.7 0.0 CD1 80 
   1431 1.96 0.0 HB2 130 
   371 25.0 0.0 CG 41 
   1448 1.99 0.0 HG2 131 
   1388 1.41 0.0 HG22 126 
   1977 122.0 0.0 N 172 
   7 4.11 0.0 HA 12 
   305 2.2 0.0 HB 37 
   184 1.25 0.0 HG22 26 
   1351 -0.19 0.0 HD11 123 
   197 36.8 0.0 CB 27 
   752 6.46 0.0 HH2 73 
   1166 38.7 0.0 CB 105 
   383 35.5 0.0 CG 42 
   776 130.0 0.0 CE2 74 
   260 2.16 0.0 HB3 34 
   1011 131.3 0.0 CD1 92 
   1601 22.0 0.0 CD2 142 
   1573 51.9 0.0 CA 140 
   608 122.4 0.0 CE3 61 
   330 8.2 0.0 H 39 
   1998 2.08 0.0 HB3 175 
   297 122.1 0.0 CE3 36 
   810 3.29 0.0 HB3 78 
   95 7.79 0.0 H 20 
   1455 50.3 0.0 CD 131 
   583 7.7 0.0 HD22 59 
   257 9.25 0.0 H 34 
   1628 -0.05 0.0 HD12 145 
   471 3.37 0.0 HD2 49 
   390 2.75 0.0 HG3 43 
   580 2.37 0.0 HB2 59 
   1758 1.8 0.0 HB 156 
   1666 0.92 0.0 HD22 148 
   94 116.9 0.0 N 19 
   1076 67.7 0.0 CB 97 
   884 0.77 0.0 HD23 83 
   333 2.31 0.0 HB3 39 
   725 1.1 0.0 HG23 71 
   1177 21.6 0.0 CB 106 
   1508 57.0 0.0 CA 135 
   605 56.9 0.0 CA 61 
   1899 1.86 0.0 HB 167 
   708 2.23 0.0 HB3 69 
   1578 129.7 0.0 CE2 140 
   1958 55.9 0.0 CA 171 
   1870 2.92 0.0 HE2 164 
   1521 116.3 0.0 N 136 
   1657 8.89 0.0 H 148 
   1571 6.77 0.0 HE2 140 
   726 61.7 0.0 CA 71 
   1200 66.4 0.0 CA 108 
   1948 24.8 0.0 CG 170 
   1688 1.16 0.0 HD22 150 
   1921 7.47 0.0 HE22 168 
   1118 1.08 0.0 HG21 101 
   1672 22.7 0.0 CD2 148 
   214 1.05 0.0 HB2 30 
   498 0.78 0.0 HG13 51 
   771 54.9 0.0 CA 74 
   251 3.34 0.0 HD3 33 
   673 4.75 0.0 HA 66 
   753 55.4 0.0 CA 73 
   1976 41.8 0.0 CE 172 
   931 6.77 0.0 HE2 86 
   2 2.76 0.0 HB2 11 
   323 6.95 0.0 HE21 38 
   1119 1.08 0.0 HG22 101 
   1981 2.88 0.0 HB3 173 
   341 121.0 0.0 N 39 
   909 4.75 0.0 HA 85 
   1806 28.7 0.0 CG 159 
   1692 27.0 0.0 CG 150 
   491 118.8 0.0 CE2 50 
   294 58.7 0.0 CA 36 
   1801 2.05 0.0 HG3 159 
   24 7.95 0.0 H 14 
   1310 3.21 0.0 HD2 119 
   1088 42.0 0.0 CB 98 
   1345 0.37 0.0 HB 123 
   170 1.6 0.0 HD2 25 
   154 1.0 0.0 HD13 24 
   1130 49.7 0.0 CA 102 
   932 57.5 0.0 CA 86 
   281 22.8 0.0 CD1 35 
   1217 1.6 0.0 HB3 110 
   1802 3.0 0.0 HD2 159 
   2006 120.6 0.0 N 175 
   574 3.11 0.0 HB3 58 
   1335 2.91 0.0 HE2 122 
   700 31.8 0.0 CB 68 
   957 7.05 0.0 HZ 88 
   719 107.1 0.0 N 70 
   1206 2.17 0.0 HB2 109 
   515 36.4 0.0 CG 52 
   1425 129.8 0.0 CE1 129 
   618 5.47 0.0 HD1 62 
   1053 3.78 0.0 HA 96 
   925 4.52 0.0 HA 86 
   1389 1.41 0.0 HG23 126 
   781 4.31 0.0 HA3 75 
   1982 58.6 0.0 CA 173 
   208 8.82 0.0 H 29 
   465 7.64 0.0 H 49 
   190 9.34 0.0 H 27 
   354 41.3 0.0 CB 40 
   290 7.31 0.0 HE3 36 
   1765 63.4 0.0 CA 156 
   938 129.3 0.0 N 86 
   1347 0.7 0.0 HG13 123 
   56 30.2 0.0 CB 16 
   147 9.12 0.0 H 24 
   308 0.99 0.0 HG13 37 
   138 0.96 0.0 HG13 23 
   1376 0.33 0.0 HD22 125 
   284 8.01 0.0 H 36 
   1424 131.7 0.0 CD2 129 
   1926 112.3 0.0 NE2 168 
   266 121.5 0.0 N 34 
   814 7.17 0.0 HZ2 78 
   1697 3.12 0.0 HA2 151 
   1641 2.2 0.0 HB2 146 
   705 8.77 0.0 H 69 
   1827 41.4 0.0 CB 161 
   1880 4.11 0.0 HA3 165 
   1813 41.7 0.0 CB 160 
   1274 52.6 0.0 CA 115 
   1362 2.23 0.0 HB2 124 
   1086 7.33 0.0 HE2 98 
   70 32.2 0.0 CB 17 
   1729 118.4 0.0 N 153 
   1492 8.33 0.0 H 134 
   1652 1.22 0.0 HB2 147 
   952 3.07 0.0 HB3 88 
   243 119.3 0.0 N 32 
   246 2.0 0.0 HB2 33 
   11 2.32 0.0 HG3 12 
   1278 4.0 0.0 HA 116 
   1599 26.2 0.0 CG 142 
   1509 30.1 0.0 CB 135 
   900 0.64 0.0 HD22 84 
   1838 0.81 0.0 HG22 162 
   1732 3.58 0.0 HA 154 
   1696 9.07 0.0 H 151 
   768 7.0 0.0 HE1 74 
   723 1.1 0.0 HG21 71 
   311 1.13 0.0 HG23 37 
   1160 0.67 0.0 HG22 105 
   1212 36.8 0.0 CG 109 
   1038 16.8 0.0 CG2 94 
   1309 1.68 0.0 HG3 119 
   1667 0.92 0.0 HD23 148 
   372 29.5 0.0 CD 41 
   1513 7.18 0.0 H 136 
   784 8.54 0.0 H 76 
   329 113.9 0.0 NE2 38 
   55 57.8 0.0 CA 16 
   971 41.3 0.0 CB 89 
   428 62.8 0.0 CA 46 
   213 2.52 0.0 HA 30 
   1965 1.85 0.0 HB3 172 
   270 1.81 0.0 HB3 35 
   386 4.33 0.0 HA 43 
   638 3.25 0.0 HD3 63 
   826 9.23 0.0 H 79 
   1150 54.1 0.0 CA 104 
   499 0.8 0.0 HG21 51 
   617 2.5 0.0 HB3 62 
   1909 40.7 0.0 CB 167 
   852 59.6 0.0 CA 80 
   1240 3.79 0.0 HA3 112 
   1275 18.9 0.0 CB 115 
   211 44.9 0.0 CA 29 
   1133 4.23 0.0 HA 103 
   1960 36.0 0.0 CG 171 
   1900 0.81 0.0 HG12 167 
   1753 53.8 0.0 CA 155 
   1411 114.8 0.0 N 128 
   1459 1.92 0.0 HB3 132 
   435 1.91 0.0 HG 47 
   631 8.75 0.0 H 63 
   1052 8.69 0.0 H 96 
   1866 1.45 0.0 HG2 164 
   218 2.45 0.0 HD2 30 
   844 0.96 0.0 HG12 80 
   1759 0.75 0.0 HG11 156 
   1401 7.93 0.0 H 128 
   161 27.0 0.0 CD1 24 
   152 1.0 0.0 HD11 24 
   921 29.2 0.0 CD 85 
   788 1.43 0.0 HG2 76 
   1355 37.5 0.0 CB 123 
   54 3.21 0.0 HD3 16 
   137 0.96 0.0 HG12 23 
   678 111.7 0.0 N 66 
   1308 1.58 0.0 HG2 119 
   1235 56.4 0.0 CA 111 
   1111 67.1 0.0 CA 100 
   1156 1.26 0.0 HB 105 
   1421 62.4 0.0 CA 129 
   448 8.86 0.0 H 48 
   1549 4.17 0.0 HA 139 
   732 1.63 0.0 HB2 72 
   301 121.6 0.0 N 36 
   1955 2.09 0.0 HB3 171 
   655 0.91 0.0 HD23 64 
   802 2.94 0.0 HB2 77 
   1125 7.94 0.0 H 102 
   463 13.2 0.0 CD1 48 
   1408 30.4 0.0 CB 128 
   1584 44.0 0.0 CA 141 
   868 4.02 0.0 HA 82 
   1358 13.5 0.0 CD1 123 
   1710 28.3 0.0 CG 152 
   770 6.92 0.0 HZ 74 
   1700 105.7 0.0 N 151 
   1289 36.0 0.0 CG 117 
   1918 2.32 0.0 HG2 168 
   343 3.56 0.0 HA 40 
   116 59.2 0.0 CA 21 
   206 24.4 0.0 CB 28 
   39 1.72 0.0 HG3 15 
   887 26.8 0.0 CG 83 
   527 8.75 0.0 H 54 
   1524 4.01 0.0 HA 137 
   832 6.69 0.0 HE1 79 
   1704 1.84 0.0 HG2 152 
   1695 125.1 0.0 N 150 
   1770 7.92 0.0 H 157 
   1450 3.64 0.0 HD2 131 
   296 127.0 0.0 CD1 36 
   914 1.27 0.0 HD2 85 
   1221 0.5 0.0 HD13 110 
   564 4.51 0.0 HA 57 
   815 6.61 0.0 HZ3 78 
   2002 6.84 0.0 HE22 175 
   1403 3.23 0.0 HB2 128 
   1188 58.3 0.0 CA 107 
   1137 1.47 0.0 HG3 103 
   1797 3.52 0.0 HA 159 
   1773 0.96 0.0 HB3 157 
   1271 1.43 0.0 HB1 115 
   468 2.07 0.0 HB3 49 
   1782 1.56 0.0 HB 158 
   475 26.1 0.0 CG 49 
   1228 25.1 0.0 CD1 110 
   239 3.17 0.0 HB2 32 
   1114 122.2 0.0 N 100 
   411 4.15 0.0 HA 45 
   882 0.77 0.0 HD21 83 
   467 1.95 0.0 HB2 49 
   1304 8.4 0.0 H 119 
   1384 8.22 0.0 H 126 
   312 66.4 0.0 CA 37 
   1325 45.6 0.0 CA 121 
   892 4.47 0.0 HA 84 
   1947 33.5 0.0 CB 170 
   831 6.96 0.0 HD2 79 
   1842 0.01 0.0 HD13 162 
   1260 4.63 0.0 HA 114 
   967 5.42 0.0 HA 89 
   818 32.6 0.0 CB 78 
   579 5.05 0.0 HA 59 
   262 2.42 0.0 HG3 34 
   115 -0.19 0.0 HD13 21 
   379 2.4 0.0 HG2 42 
   1218 1.35 0.0 HG 110 
   1169 14.7 0.0 CD1 105 
   1726 113.9 0.0 CZ2 153 
   1378 54.2 0.0 CA 125 
   1293 3.08 0.0 HB3 118 
   742 123.7 0.0 N 72 
   1541 1.72 0.0 HG3 138 
   353 57.5 0.0 CA 40 
   203 1.47 0.0 HB2 28 
   1568 6.2 0.0 HD1 140 
   1115 7.25 0.0 H 101 
   1008 6.45 0.0 HZ 92 
   1036 36.4 0.0 CB 94 
   394 120.6 0.0 N 43 
   795 38.2 0.0 CB 76 
   458 0.92 0.0 HD13 48 
   756 119.8 0.0 CE3 73 
   1902 0.95 0.0 HG21 167 
   202 1.47 0.0 HB1 28 
   830 6.96 0.0 HD1 79 
   729 107.9 0.0 N 71 
   1402 4.57 0.0 HA 128 
   1611 7.37 0.0 H 144 
   1772 0.27 0.0 HB2 157 
   106 4.14 0.0 HA 21 
   1907 0.85 0.0 HD13 167 
   1180 4.9 0.0 HA 107 
   1373 0.13 0.0 HD12 125 
   361 2.06 0.0 HB2 41 
   198 128.7 0.0 N 27 
   422 111.4 0.0 NE2 45 
   1889 1.0 0.0 HG21 166 
   1093 128.0 0.0 N 98 
   1477 6.93 0.0 HD1 133 
   1475 2.49 0.0 HB2 133 
   1465 1.04 0.0 HD22 132 
   717 3.53 0.0 HA3 70 
   1685 0.87 0.0 HD12 150 
   91 3.98 0.0 HB3 19 
   437 0.93 0.0 HD12 47 
   1917 2.09 0.0 HB3 168 
   1736 0.88 0.0 HD11 154 
   2000 2.31 0.0 HG3 175 
   1625 2.33 0.0 HB3 145 
   484 6.97 0.0 HE1 50 
   1683 1.88 0.0 HG 150 
   1923 31.6 0.0 CB 168 
   1283 119.1 0.0 N 116 
   1717 9.7 0.0 HE1 153 
   299 120.3 0.0 CZ3 36 
   1890 1.0 0.0 HG22 166 
   1227 26.9 0.0 CG 110 
   1881 45.6 0.0 CA 165 
   644 118.8 0.0 N 63 
   1873 34.1 0.0 CB 164 
   525 119.5 0.0 N 53 
   640 54.8 0.0 CA 63 
   1891 1.0 0.0 HG23 166 
   1297 6.74 0.0 HE2 118 
   1555 1.62 0.0 HD3 139 
   1080 4.69 0.0 HA 98 
   834 57.7 0.0 CA 79 
   440 0.98 0.0 HD22 47 
   1572 6.2 0.0 HZ 140 
   49 1.9 0.0 HB2 16 
   179 116.8 0.0 N 25 
   563 7.52 0.0 H 57 
   1352 -0.19 0.0 HD12 123 
   1718 7.08 0.0 HE3 153 
   1060 0.87 0.0 HD11 96 
   1113 21.6 0.0 CG2 100 
   1282 29.0 0.0 CB 116 
   1721 6.62 0.0 HH2 153 
   668 54.6 0.0 CA 65 
   794 53.9 0.0 CA 76 
   1547 48.1 0.0 CD 138 
   1436 1.74 0.0 HD3 130 
   894 1.93 0.0 HB3 84 
   1510 27.0 0.0 CG 135 
   685 51.6 0.0 CA 67 
   1438 2.99 0.0 HE3 130 
   1042 1.84 0.0 HB2 95 
   1810 2.55 0.0 HB2 160 
   1563 122.6 0.0 N 139 
   1025 4.37 0.0 HA 94 
   635 1.6 0.0 HG2 63 
   64 1.01 0.0 HG12 17 
   1486 120.1 0.0 CE3 133 
   1101 62.8 0.0 CA 99 
   680 4.76 0.0 HA 67 
   1398 56.8 0.0 CA 127 
   1930 2.88 0.0 HB3 169 
   6 8.75 0.0 H 12 
   847 0.64 0.0 HG22 80 
   48 4.19 0.0 HA 16 
   677 66.8 0.0 CB 66 
   562 112.3 0.0 ND2 56 
   165 4.41 0.0 HA 25 
   1167 27.6 0.0 CG1 105 
   736 3.09 0.0 HD2 72 
   104 119.8 0.0 N 20 
   581 2.76 0.0 HB3 59 
   1618 29.7 0.0 CB 144 
   1483 61.0 0.0 CA 133 
   443 42.7 0.0 CB 47 
   740 27.4 0.0 CG 72 
   1980 2.81 0.0 HB2 173 
   209 3.95 0.0 HA2 29 
   1064 37.7 0.0 CB 96 
   979 1.02 0.0 HG22 90 
   1361 4.44 0.0 HA 124 
   1994 112.7 0.0 ND2 174 
   1027 1.78 0.0 HG12 94 
   1851 2.24 0.0 HB2 163 
   1117 3.67 0.0 HB 101 
   1168 17.5 0.0 CG2 105 
   1464 1.04 0.0 HD21 132 
   633 1.82 0.0 HB2 63 
   903 43.1 0.0 CB 84 
   474 29.4 0.0 CB 49 
   1901 1.3 0.0 HG13 167 
   1019 2.51 0.0 HB2 93 
   250 3.34 0.0 HD2 33 
   178 41.8 0.0 CE 25 
   1005 6.51 0.0 HD2 92 
   409 118.4 0.0 N 44 
   1795 8.6 0.0 CD1 158 
   675 2.44 0.0 HB3 66 
   1387 1.41 0.0 HG21 126 
   996 55.2 0.0 CA 91 
   761 127.0 0.0 NE1 73 
   572 4.38 0.0 HA 58 
   866 126.2 0.0 N 81 
   1645 57.0 0.0 CA 146 
   1595 0.37 0.0 HD22 142 
   1444 118.4 0.0 N 130 
   1992 38.6 0.0 CB 174 
   1203 49.8 0.0 CD 108 
   351 0.86 0.0 HD22 40 
   585 39.9 0.0 CB 59 
   505 21.0 0.0 CG2 51 
   1767 21.1 0.0 CG1 156 
   1449 2.12 0.0 HG3 131 
   401 6.81 0.0 HE1 44 
   553 8.2 0.0 H 56 
   194 6.5 0.0 HD21 27 
   1751 1.43 0.0 HB2 155 
   150 1.88 0.0 HB3 24 
   1489 123.1 0.0 CH2 133 
   88 8.07 0.0 H 19 
   396 4.5 0.0 HA 44 
   273 0.91 0.0 HD12 35 
   347 0.84 0.0 HD11 40 
   1588 0.74 0.0 HB2 142 
   51 1.6 0.0 HG2 16 
   898 0.41 0.0 HD13 84 
   940 5.28 0.0 HA 87 
   140 1.13 0.0 HG22 23 
   747 6.4 0.0 HD1 73 
   1664 0.8 0.0 HD13 148 
   1479 7.41 0.0 HE3 133 
   1224 0.68 0.0 HD23 110 
   1610 120.1 0.0 N 143 
   1250 1.6 0.0 HD3 113 
   67 1.1 0.0 HG22 17 
   669 34.1 0.0 CB 65 
   195 7.45 0.0 HD22 27 
   1957 2.2 0.0 HG3 171 
   1385 4.28 0.0 HA 126 
   1922 54.4 0.0 CA 168 
   974 5.66 0.0 HA 90 
   1263 1.17 0.0 HG22 114 
   1518 7.29 0.0 HD22 136 
   1771 3.85 0.0 HA 157 
   1788 0.18 0.0 HD11 158 
   595 7.49 0.0 H 61 
   1490 120.6 0.0 N 133 
   801 5.55 0.0 HA 77 
   646 5.07 0.0 HA 64 
   1843 65.1 0.0 CA 162 
   1415 3.22 0.0 HB3 129 
   1703 2.44 0.0 HB3 152 
   1540 1.25 0.0 HG2 138 
   1348 -0.36 0.0 HG21 123 
   1534 20.4 0.0 CG1 137 
   1945 2.96 0.0 HE3 170 
   1653 1.22 0.0 HB3 147 
   1525 1.75 0.0 HB 137 
   181 3.89 0.0 HA 26 
   1511 43.4 0.0 CD 135 
   606 29.6 0.0 CB 61 
   976 0.84 0.0 HG12 90 
   442 58.8 0.0 CA 47 
   1828 26.2 0.0 CG 161 
   167 1.76 0.0 HB3 25 
   1232 4.44 0.0 HA 111 
   200 7.02 0.0 H 28 
   1493 4.17 0.0 HA 134 
   1344 3.77 0.0 HA 123 
   1454 27.9 0.0 CG 131 
   1655 20.6 0.0 CB 147 
   851 0.82 0.0 HD13 80 
   1680 4.08 0.0 HA 150 
   1096 2.2 0.0 HB3 99 
   302 125.7 0.0 NE1 36 
   1841 0.01 0.0 HD12 162 
   838 117.3 0.0 CE1 79 
   534 36.9 0.0 CB 54 
   87 118.3 0.0 N 18 
   672 7.8 0.0 H 66 
   1439 62.3 0.0 CA 130 
   674 0.91 0.0 HB2 66 
   724 1.1 0.0 HG22 71 
   1711 51.4 0.0 CD 152 
   558 7.75 0.0 HD22 56 
   600 9.85 0.0 HE1 61 
   623 57.0 0.0 CA 62 
   1392 21.7 0.0 CG2 126 
   571 7.96 0.0 H 58 
   1324 3.93 0.0 HA3 121 
   1139 3.85 0.0 HD3 103 
   1597 57.5 0.0 CA 142 
   920 25.6 0.0 CG 85 
   987 19.5 0.0 CG2 90 
   1656 120.5 0.0 N 147 
   374 118.4 0.0 N 41 
   485 6.97 0.0 HE2 50 
   174 57.0 0.0 CA 25 
   1284 2.3 0.0 HG2 117 
   1142 27.9 0.0 CG 103 
   895 1.54 0.0 HG 84 
   1617 61.9 0.0 CA 144 
   853 38.1 0.0 CB 80 
   954 7.16 0.0 HD2 88 
   549 25.6 0.0 CG 55 
   496 0.78 0.0 HG11 51 
   774 131.7 0.0 CD2 74 
   611 123.3 0.0 CH2 61 
   1705 2.09 0.0 HG3 152 
   1406 8.19 0.0 HE1 128 
   1499 117.9 0.0 N 134 
   50 1.9 0.0 HB3 16 
   346 0.96 0.0 HG 40 
   1678 107.1 0.0 N 149 
   1950 41.8 0.0 CE 170 
   1651 1.22 0.0 HB1 147 
   1469 27.0 0.0 CG 132 
   1399 40.2 0.0 CB 127 
   445 25.4 0.0 CD1 47 
   1198 3.48 0.0 HD2 108 
   1819 1.91 0.0 HG 161 
   1129 0.01 0.0 HB3 102 
   76 2.19 0.0 HB 18 
   827 4.84 0.0 HA 79 
   751 6.65 0.0 HZ3 73 
   928 7.33 0.0 HD1 86 
   561 118.9 0.0 N 56 
   1211 30.2 0.0 CB 109 
   357 24.3 0.0 CD2 40 
   1138 2.95 0.0 HD2 103 
   495 2.1 0.0 HB 51 
   548 32.2 0.0 CB 55 
   859 4.82 0.0 HA 81 
   1091 118.2 0.0 CE1 98 
   1143 49.2 0.0 CD 103 
   873 131.6 0.0 N 82 
   1268 110.1 0.0 N 114 
   2005 33.7 0.0 CG 175 
   544 1.6 0.0 HD3 55 
   559 55.3 0.0 CA 56 
   1026 2.04 0.0 HB 94 
   2003 56.0 0.0 CA 175 
   592 54.1 0.0 CA 60 
   360 4.16 0.0 HA 41 
   721 4.41 0.0 HA 71 
   919 34.2 0.0 CB 85 
   1865 2.04 0.0 HB3 164 
   1567 2.06 0.0 HB3 140 
   1654 55.8 0.0 CA 147 
   793 2.95 0.0 HE3 76 
   510 2.21 0.0 HB3 52 
   1056 1.48 0.0 HG13 96 
   1791 63.4 0.0 CA 158 
   1639 7.93 0.0 H 146 
   118 27.5 0.0 CG1 21 
   1330 1.47 0.0 HB3 122 
   1884 4.04 0.0 HA 166 
   1202 27.1 0.0 CG 108 
   1602 125.0 0.0 N 142 
   808 6.21 0.0 HA 78 
   254 27.3 0.0 CG 33 
   1277 8.32 0.0 H 116 
   8 2.03 0.0 HB2 12 
   663 4.51 0.0 HA 65 
   1069 7.01 0.0 H 97 
   1170 124.1 0.0 N 105 
   1463 0.93 0.0 HD13 132 
   560 38.1 0.0 CB 56 
   1029 0.7 0.0 HG21 94 
   772 40.5 0.0 CB 74 
   555 2.93 0.0 HB2 56 
   1288 1.89 0.0 HE3 117 
   238 4.9 0.0 HA 32 
   661 123.1 0.0 N 64 
   821 114.1 0.0 CZ2 78 
   927 3.29 0.0 HB3 86 
   1548 8.76 0.0 H 139 
   1786 0.42 0.0 HG22 158 
   1681 1.36 0.0 HB2 150 
   523 55.6 0.0 CA 53 
   1491 130.6 0.0 NE1 133 
   1034 0.45 0.0 HD13 94 
   727 69.3 0.0 CB 71 
   187 68.1 0.0 CB 26 
   253 28.7 0.0 CB 33 
   470 1.93 0.0 HG3 49 
   812 10.66 0.0 HE1 78 
   460 37.8 0.0 CB 48 
   749 7.03 0.0 HE3 73 
   1856 6.84 0.0 HE22 163 
   1840 0.01 0.0 HD11 162 
   843 1.63 0.0 HB 80 
   1059 0.98 0.0 HG23 96 
   43 30.1 0.0 CB 15 
   536 104.6 0.0 ND2 54 
   191 4.6 0.0 HA 27 
   1456 6.93 0.0 H 132 
   926 2.88 0.0 HB2 86 
   1723 29.6 0.0 CB 153 
   1386 4.54 0.0 HB 126 
   403 62.3 0.0 CA 44 
   1583 4.14 0.0 HA3 141 
   130 31.8 0.0 CB 22 
   528 4.38 0.0 HA 54 
   1640 4.36 0.0 HA 146 
   384 119.4 0.0 N 42 
   164 8.31 0.0 H 25 
   322 2.45 0.0 HG3 38 
   1341 41.8 0.0 CE 122 
   1935 122.1 0.0 N 169 
   664 1.55 0.0 HB2 65 
   911 1.74 0.0 HB3 85 
   4 54.1 0.0 CA 11 
   1395 4.38 0.0 HA 127 
   5 40.9 0.0 CB 11 
   232 56.1 0.0 CA 31 
   730 7.61 0.0 H 72 
   373 42.2 0.0 CE 41 
   714 115.4 0.0 N 69 
   565 1.5 0.0 HB1 57 
   1422 39.5 0.0 CB 129 
   393 34.7 0.0 CG 43 
   1451 3.77 0.0 HD3 131 
   634 1.82 0.0 HB3 63 
   889 22.5 0.0 CD2 83 
   9 2.03 0.0 HB3 12 
   711 58.0 0.0 CA 69 
   13 29.4 0.0 CB 12 
   1821 0.66 0.0 HD12 161 
   1022 43.0 0.0 CB 93 
   459 65.0 0.0 CA 48 
   1984 120.4 0.0 N 173 
   878 1.45 0.0 HG 83 
   1566 1.98 0.0 HB2 140 
   1204 9.68 0.0 H 109 
   1553 1.46 0.0 HG3 139 
   1877 115.9 0.0 N 164 
   1760 0.75 0.0 HG12 156 
   1727 119.6 0.0 CZ3 153 
   526 110.8 0.0 ND2 53 
   689 8.83 0.0 H 68 
   1498 18.5 0.0 CB 134 
   1536 122.5 0.0 N 137 
   1338 32.9 0.0 CB 122 
   1855 7.42 0.0 HE21 163 
   1497 54.7 0.0 CA 134 
   1158 1.15 0.0 HG13 105 
   207 123.5 0.0 N 28 
   28 1.24 0.0 HG22 14 
   759 123.7 0.0 CH2 73 
   1910 25.3 0.0 CG1 167 
   1932 57.3 0.0 CA 169 
   1155 3.79 0.0 HA 105 
   701 24.4 0.0 CG 68 
   1761 0.75 0.0 HG13 156 
   1149 2.24 0.0 HG3 104 
   287 3.79 0.0 HB3 36 
   836 131.9 0.0 CD1 79 
   1815 7.82 0.0 H 161 
   696 1.69 0.0 HD3 68 
   690 3.96 0.0 HA 68 
   807 9.24 0.0 H 78 
   1560 25.7 0.0 CG 139 
   570 121.1 0.0 N 57 
   1952 8.55 0.0 H 171 
   587 110.7 0.0 ND2 59 
   865 119.9 0.0 CD2 81 
   325 58.3 0.0 CA 38 
   176 24.6 0.0 CG 25 
   331 4.12 0.0 HA 39 
   317 7.16 0.0 H 38 
   36 1.87 0.0 HB2 15 
   1514 4.26 0.0 HA 136 
   127 3.72 0.0 HD2 22 
   231 3.17 0.0 HD3 31 
   643 42.6 0.0 CD 63 
   1245 1.76 0.0 HB2 113 
   286 3.29 0.0 HB2 36 
   944 2.0 0.0 HG3 87 
   1482 7.06 0.0 HH2 133 
   906 24.8 0.0 CD2 84 
   1969 1.65 0.0 HD3 172 
   1077 22.0 0.0 CG2 97 
   552 122.1 0.0 N 55 
   415 2.64 0.0 HG3 45 
   966 8.46 0.0 H 89 
   334 1.47 0.0 HG2 39 
   121 122.5 0.0 N 21 
   1845 29.2 0.0 CG1 162 
   1176 50.2 0.0 CA 106 
   1780 7.94 0.0 H 158 
   1081 2.76 0.0 HB2 98 
   513 59.7 0.0 CA 52 
   426 3.98 0.0 HB3 46 
   1861 111.2 0.0 NE2 163 
   1441 26.5 0.0 CG 130 
   1627 -0.05 0.0 HD11 145 
   412 2.23 0.0 HB2 45 
   800 9.17 0.0 H 77 
   1661 1.64 0.0 HG 148 
   958 56.0 0.0 CA 88 
   1195 2.4 0.0 HB3 108 
   1834 1.39 0.0 HB 162 
   1585 112.9 0.0 N 141 
   518 4.48 0.0 HA 53 
   1924 33.7 0.0 CG 168 
   1712 7.2 0.0 H 153 
   135 2.37 0.0 HB 23 
   1512 113.5 0.0 N 135 
   885 57.1 0.0 CA 83 
   398 3.25 0.0 HB3 44 
   1783 0.82 0.0 HG12 158 
   363 1.45 0.0 HG2 41 
   1831 118.0 0.0 N 161 
   128 4.08 0.0 HD3 22 
   1871 2.92 0.0 HE3 164 
   1530 1.08 0.0 HG22 137 
   1075 60.5 0.0 CA 97 
   1070 4.43 0.0 HA 97 
   880 0.82 0.0 HD12 83 
   450 1.98 0.0 HB 48 
   1829 26.1 0.0 CD1 161 
   1658 4.51 0.0 HA 148 
   1814 115.9 0.0 N 160 
   421 117.4 0.0 N 45 
   1116 4.28 0.0 HA 101 
   1063 64.5 0.0 CA 96 
   897 0.41 0.0 HD12 84 
   1650 4.49 0.0 HA 147 
   1381 25.2 0.0 CD1 125 
   72 21.8 0.0 CG2 17 
   1744 26.8 0.0 CG 154 
   990 8.61 0.0 H 91 
   764 3.1 0.0 HB2 74 
   349 0.84 0.0 HD13 40 
   1394 8.77 0.0 H 127 
   1103 25.1 0.0 CG 99 
   289 9.86 0.0 HE1 36 
   650 0.91 0.0 HD11 64 
   1131 15.4 0.0 CB 102 
   22 18.5 0.0 CB 13 
   1413 4.07 0.0 HA 129 
   378 2.71 0.0 HB3 42 
   1300 132.5 0.0 CD1 118 
   845 1.57 0.0 HG13 80 
   943 2.0 0.0 HG2 87 
   950 5.09 0.0 HA 88 
   712 29.6 0.0 CB 69 
   530 3.06 0.0 HB3 54 
   149 1.51 0.0 HB2 24 
   755 123.5 0.0 CD1 73 
   1598 40.4 0.0 CB 142 
   1527 0.66 0.0 HG12 137 
   65 1.01 0.0 HG13 17 
   387 2.22 0.0 HB2 43 
   779 8.54 0.0 H 75 
   1302 117.4 0.0 CE1 118 
   543 1.6 0.0 HD2 55 
   1733 1.24 0.0 HB2 154 
   182 3.96 0.0 HB 26 
   259 2.16 0.0 HB2 34 
   472 3.42 0.0 HD3 49 
   1427 129.2 0.0 CZ 129 
   1823 0.73 0.0 HD21 161 
   242 40.8 0.0 CB 32 
   1024 8.43 0.0 H 94 
   1261 4.2 0.0 HB 114 
   1313 30.5 0.0 CB 119 
   1315 42.9 0.0 CD 119 
   586 116.4 0.0 N 59 
   773 131.7 0.0 CD1 74 
   734 1.5 0.0 HG2 72 
   1397 2.68 0.0 HB3 127 
   291 7.92 0.0 HZ2 36 
   414 2.54 0.0 HG2 45 
   1002 2.77 0.0 HB2 92 
   1558 57.9 0.0 CA 139 
   1346 0.57 0.0 HG12 123 
   1045 1.91 0.0 HG3 95 
   1523 6.64 0.0 H 137 
   1671 26.1 0.0 CD1 148 
   1959 31.0 0.0 CB 171 
   1320 45.5 0.0 CA 120 
   1365 27.0 0.0 CB 124 
   62 2.21 0.0 HB 17 
   641 33.8 0.0 CB 63 
   891 7.9 0.0 H 84 
   842 5.13 0.0 HA 80 
   1018 5.58 0.0 HA 93 
   738 56.1 0.0 CA 72 
   945 54.3 0.0 CA 87 
   1716 7.36 0.0 HD1 153 
   935 132.9 0.0 CD2 86 
   1157 0.33 0.0 HG12 105 
   1533 33.3 0.0 CB 137 
   241 55.0 0.0 CA 32 
   1702 1.82 0.0 HB2 152 
   352 0.86 0.0 HD23 40 
   47 8.18 0.0 H 16 
   1925 121.6 0.0 N 168 
   52 1.6 0.0 HG3 16 
   1879 3.97 0.0 HA2 165 
   249 1.85 0.0 HG3 33 
   1322 8.15 0.0 H 121 
   654 0.91 0.0 HD22 64 
   1372 0.13 0.0 HD11 125 
   464 118.5 0.0 N 48 
   1209 2.43 0.0 HG3 109 
   1443 41.8 0.0 CE 130 
   1624 1.42 0.0 HB2 145 
   876 1.57 0.0 HB2 83 
   1255 25.6 0.0 CG 113 
   899 0.64 0.0 HD21 84 
   1912 14.6 0.0 CD1 167 
   1458 1.61 0.0 HB2 132 
   345 1.42 0.0 HB3 40 
   1418 6.99 0.0 HE1 129 
   709 2.34 0.0 HG2 69 
   1396 2.61 0.0 HB2 127 
   320 2.23 0.0 HB3 38 
   1590 1.64 0.0 HG 142 
   1621 115.4 0.0 N 144 
   1326 107.3 0.0 N 121 
   948 122.6 0.0 N 87 
   628 133.7 0.0 CE2 62 
   588 8.49 0.0 H 60 
   159 41.3 0.0 CB 24 
   503 31.5 0.0 CB 51 
   1207 2.39 0.0 HB3 109 
   420 34.2 0.0 CG 45 
   400 7.33 0.0 HD2 44 
   1642 2.46 0.0 HB3 146 
   399 7.33 0.0 HD1 44 
   1539 1.47 0.0 HB3 138 
   1318 4.1 0.0 HA2 120 
   968 2.72 0.0 HB2 89 
   1237 119.9 0.0 N 111 
   1916 1.92 0.0 HB2 168 
   1987 2.77 0.0 HB2 174 
   769 7.0 0.0 HE2 74 
   216 1.05 0.0 HG2 30 
   939 8.12 0.0 H 87 
   864 34.3 0.0 CB 81 
   934 132.9 0.0 CD1 86 
   1247 1.3 0.0 HG2 113 
   1028 2.13 0.0 HG13 94 
   1853 2.49 0.0 HG2 163 
   1988 2.83 0.0 HB3 174 
   431 8.42 0.0 H 47 
   819 125.9 0.0 CD1 78 
   1614 3.34 0.0 HB3 144 
   1728 122.7 0.0 CH2 153 
   874 8.23 0.0 H 83 
   172 2.92 0.0 HE2 25 
   861 3.25 0.0 HB3 81 
   1580 113.4 0.0 N 140 
   32 22.0 0.0 CG2 14 
   1225 53.9 0.0 CA 110 
   648 1.86 0.0 HB3 64 
   310 1.13 0.0 HG22 37 
   1095 1.45 0.0 HB2 99 
   1816 3.88 0.0 HA 161 
   1626 1.11 0.0 HG 145 
   1769 113.1 0.0 N 156 
   1591 -0.51 0.0 HD11 142 
   1163 0.43 0.0 HD12 105 
   1354 61.9 0.0 CA 123 
   1674 7.41 0.0 H 149 
   839 117.3 0.0 CE2 79 
   478 8.25 0.0 H 50 
   1051 50.6 0.0 CD 95 
   1214 7.93 0.0 H 110 
   46 121.6 0.0 N 15 
   1577 129.7 0.0 CE1 140 
   1687 1.16 0.0 HD21 150 
   542 1.59 0.0 HG3 55 
   1098 1.77 0.0 HG3 99 
   380 2.69 0.0 HG3 42 
   1798 1.66 0.0 HB2 159 
   591 2.96 0.0 HB3 60 
   508 3.88 0.0 HA 52 
   1259 7.31 0.0 H 114 
   1467 57.9 0.0 CA 132 
   1295 7.0 0.0 HD2 118 
   1171 8.88 0.0 H 106 
   982 0.71 0.0 HD12 90 
   578 8.55 0.0 H 59 
   1954 1.93 0.0 HB2 171 
   575 55.3 0.0 CA 58 
   569 19.0 0.0 CB 57 
   73 119.6 0.0 N 17 
   14 35.9 0.0 CG 12 
   279 42.7 0.0 CB 35 
   653 0.91 0.0 HD21 64 
   918 56.1 0.0 CA 85 
   1058 0.98 0.0 HG22 96 
   1593 -0.51 0.0 HD13 142 
   1606 1.04 0.0 HB2 143 
   540 1.91 0.0 HB3 55 
   1507 3.11 0.0 HD3 135 
   1781 3.54 0.0 HA 158 
   698 3.0 0.0 HE3 68 
   507 8.37 0.0 H 52 
   18 1.47 0.0 HB1 13 
   1197 2.12 0.0 HG3 108 
   110 0.18 0.0 HG21 21 
   1847 14.9 0.0 CD1 162 
   511 2.31 0.0 HG2 52 
   972 122.9 0.0 N 89 
   486 58.8 0.0 CA 50 
   265 36.3 0.0 CG 34 
   829 3.01 0.0 HB3 79 
   432 4.23 0.0 HA 47 
   1725 119.6 0.0 CE3 153 
   554 4.54 0.0 HA 56 
   1296 6.74 0.0 HE1 118 
   92 60.1 0.0 CA 19 
   686 37.3 0.0 CB 67 
   1713 4.06 0.0 HA 153 
   995 2.13 0.0 HG3 91 
   1159 0.67 0.0 HG21 105 
   1210 58.3 0.0 CA 109 
   1779 117.5 0.0 N 157 
   1339 25.6 0.0 CG 122 
   923 121.7 0.0 N 85 
   956 7.18 0.0 HE2 88 
   1078 103.6 0.0 N 97 
   112 0.18 0.0 HG23 21 
   1938 1.7 0.0 HB2 170 
   1848 120.1 0.0 N 162 
   30 64.2 0.0 CA 14 
   731 5.02 0.0 HA 72 
   1445 4.38 0.0 HA 131 
   1766 33.1 0.0 CB 156 
   642 26.9 0.0 CG 63 
   1895 21.8 0.0 CG2 166 
   1897 6.85 0.0 H 167 
   1066 18.1 0.0 CG2 96 
   188 22.0 0.0 CG2 26 
   524 37.4 0.0 CB 53 
   1929 2.59 0.0 HB2 169 
   665 1.81 0.0 HB3 65 
   53 3.21 0.0 HD2 16 
   602 7.45 0.0 HZ2 61 
   1323 3.93 0.0 HA2 121 
   970 54.7 0.0 CA 89 
   1124 114.3 0.0 N 101 
   1181 1.96 0.0 HB 107 
   754 30.6 0.0 CB 73 
   688 110.7 0.0 ND2 67 
   1582 5.14 0.0 HA2 141 
   1623 4.15 0.0 HA 145 
   1724 127.0 0.0 CD1 153 
   1279 2.0 0.0 HB2 116 
   38 1.59 0.0 HG2 15 
   388 2.34 0.0 HB3 43 
   315 22.1 0.0 CG2 37 
   806 114.4 0.0 N 77 
   114 -0.19 0.0 HD12 21 
   1544 64.6 0.0 CA 138 
   1041 4.62 0.0 HA 95 
   1790 0.18 0.0 HD13 158 
   256 121.0 0.0 N 33 
   645 8.7 0.0 H 64 
   344 0.97 0.0 HB2 40 
   274 0.91 0.0 HD13 35 
   155 1.18 0.0 HD21 24 
   269 1.46 0.0 HB2 35 
   999 117.4 0.0 N 91 
   512 2.42 0.0 HG3 52 
   1690 57.9 0.0 CA 150 
   1495 1.5 0.0 HB2 134 
   1417 7.05 0.0 HD2 129 
   1737 0.88 0.0 HD12 154 
   350 0.86 0.0 HD21 40 
   1055 1.32 0.0 HG12 96 
   476 42.2 0.0 CD 49 
   1375 0.33 0.0 HD21 125 
   27 1.24 0.0 HG21 14 
   613 127.8 0.0 NE1 61 
   1796 115.7 0.0 N 158 
   615 4.91 0.0 HA 62 
   427 5.22 0.0 HG 46 
   860 2.85 0.0 HB2 81 
   1039 8.7 0.0 CD1 94 
   1502 1.71 0.0 HB2 135 
   1488 123.0 0.0 CZ3 133 
   1121 59.6 0.0 CA 101 
   629 131.9 0.0 CZ 62 
   1162 0.43 0.0 HD11 105 
   436 0.93 0.0 HD11 47 
   748 9.32 0.0 HE1 73 
   1046 3.51 0.0 HD2 95 
   501 0.8 0.0 HG23 51 
   21 54.2 0.0 CA 13 
   1605 1.04 0.0 HB1 143 
   1223 0.68 0.0 HD22 110 
   1108 1.25 0.0 HG21 100 
   1867 1.66 0.0 HG3 164 
   1741 1.14 0.0 HD23 154 
   338 58.1 0.0 CA 39 
   597 2.65 0.0 HB2 61 
   1898 4.64 0.0 HA 167 
   304 3.36 0.0 HA 37 
   896 0.41 0.0 HD11 84 
   248 1.72 0.0 HG2 33 
   446 23.9 0.0 CD2 47 
   1951 123.6 0.0 N 170 
   1035 55.2 0.0 CA 94 
   78 0.94 0.0 HG12 18 
   813 7.27 0.0 HE3 78 
   1752 1.43 0.0 HB3 155 
   17 4.21 0.0 HA 13 
   1222 0.68 0.0 HD21 110 
   1186 0.93 0.0 HG22 107 
   1201 32.3 0.0 CB 108 
   461 29.8 0.0 CG1 48 
   1836 1.33 0.0 HG13 162 
   1774 0.82 0.0 HG2 157 
   480 3.32 0.0 HB2 50 
   1979 4.42 0.0 HA 173 
   59 120.5 0.0 N 16 
   183 1.25 0.0 HG21 26 
   247 2.12 0.0 HB3 33 
   529 3.06 0.0 HB2 54 
   863 55.6 0.0 CA 81 
   522 6.74 0.0 HD22 53 
   1446 1.83 0.0 HB2 131 
   1699 49.3 0.0 CA 151 
   1804 66.3 0.0 CA 159 
   835 44.0 0.0 CB 79 
   746 2.21 0.0 HB3 73 
   1273 1.43 0.0 HB3 115 
   710 2.54 0.0 HG3 69 
   854 27.8 0.0 CG1 80 
   307 0.99 0.0 HG12 37 
   1519 53.4 0.0 CA 136 
   1112 67.9 0.0 CB 100 
   157 1.18 0.0 HD23 24 
   1800 1.71 0.0 HG2 159 
   1649 8.35 0.0 H 147 
   1233 2.6 0.0 HB2 111 
   1676 3.16 0.0 HA3 149 
   1393 111.5 0.0 N 126 
   1883 7.79 0.0 H 166 
   546 2.84 0.0 HE3 55 
   693 1.46 0.0 HG2 68 
   1941 1.38 0.0 HG3 170 
   12 58.2 0.0 CA 12 
   703 41.8 0.0 CE 68 
   517 8.47 0.0 H 53 
   1426 129.8 0.0 CE2 129 
   1452 65.5 0.0 CA 131 
   1 4.65 0.0 HA 11 
   1030 0.7 0.0 HG22 94 
   1550 1.74 0.0 HB2 139 
   1868 1.5 0.0 HD2 164 
   609 113.7 0.0 CZ2 61 
   156 1.18 0.0 HD22 24 
   1127 0.01 0.0 HB1 102 
   1379 41.7 0.0 CB 125 
   902 53.6 0.0 CA 84 
   385 8.98 0.0 H 43 
   1079 7.67 0.0 H 98 
   321 2.45 0.0 HG2 38 
   959 42.6 0.0 CB 88 
   917 2.37 0.0 HE3 85 
   745 1.04 0.0 HB2 73 
   1374 0.13 0.0 HD13 125 
   1148 2.07 0.0 HG2 104 
   1220 0.5 0.0 HD12 110 
   1331 1.04 0.0 HG2 122 
   589 4.4 0.0 HA 60 
   126 2.1 0.0 HG3 22 
   1265 58.4 0.0 CA 114 
   904 25.9 0.0 CG 84 
   1755 115.0 0.0 N 155 
   636 1.74 0.0 HG3 63 
   1359 117.1 0.0 N 123 
   309 1.13 0.0 HG21 37 
   1885 2.17 0.0 HB 166 
   1216 1.6 0.0 HB2 110 
   25 4.07 0.0 HA 14 
   169 1.29 0.0 HG3 25 
   1447 2.29 0.0 HB3 131 
   1092 116.0 0.0 CE2 98 
   1975 29.1 0.0 CD 172 
   1542 3.23 0.0 HD2 138 
   222 27.2 0.0 CG 30 
   300 122.2 0.0 CH2 36 
   1999 2.31 0.0 HG2 175 
   1609 18.0 0.0 CB 143 
   1738 0.88 0.0 HD13 154 
   1564 6.28 0.0 H 140 
   901 0.64 0.0 HD23 84 
   434 2.21 0.0 HB3 47 
   1377 0.33 0.0 HD23 125 
   148 4.56 0.0 HA 24 
   1643 2.21 0.0 HG2 146 
   340 26.9 0.0 CG 39 
   1145 4.26 0.0 HA 104 
   1691 42.2 0.0 CB 150 
   1407 57.1 0.0 CA 128 
