   170 1.6 0.0 HD2 25 
   365 1.74 0.0 HD2 41 
   1286 1.89 0.0 HE1 117 
   38 1.59 0.0 HG2 15 
   1662 0.8 0.0 HD11 148 
   1881 45.6 0.0 CA 165 
   263 59.6 0.0 CA 34 
   834 57.7 0.0 CA 79 
   1879 3.97 0.0 HA2 165 
   984 58.5 0.0 CA 90 
   1166 38.7 0.0 CB 105 
   1291 4.86 0.0 HA 118 
   875 3.58 0.0 HA 83 
   620 5.55 0.0 HE1 62 
   446 23.9 0.0 CD2 47 
   1181 1.96 0.0 HB 107 
   15 122.1 0.0 N 12 
   1101 62.8 0.0 CA 99 
   787 1.49 0.0 HB3 76 
   1369 1.43 0.0 HB2 125 
   371 25.0 0.0 CG 41 
   285 4.72 0.0 HA 36 
   1040 121.6 0.0 N 94 
   1743 42.6 0.0 CB 154 
   54 3.21 0.0 HD3 16 
   1715 3.56 0.0 HB3 153 
   763 5.33 0.0 HA 74 
   899 0.64 0.0 HD21 84 
   445 25.4 0.0 CD1 47 
   1968 1.65 0.0 HD2 172 
   1283 119.1 0.0 N 116 
   736 3.09 0.0 HD2 72 
   1410 136.2 0.0 CE1 128 
   1703 2.44 0.0 HB3 152 
   1623 4.15 0.0 HA 145 
   1844 38.3 0.0 CB 162 
   249 1.85 0.0 HG3 33 
   546 2.84 0.0 HE3 55 
   1195 2.4 0.0 HB3 108 
   1389 1.41 0.0 HG23 126 
   646 5.07 0.0 HA 64 
   1916 1.92 0.0 HB2 168 
   519 3.0 0.0 HB2 53 
   1333 1.6 0.0 HD2 122 
   1782 1.56 0.0 HB 158 
   1948 24.8 0.0 CG 170 
   448 8.86 0.0 H 48 
   177 29.2 0.0 CD 25 
   1113 21.6 0.0 CG2 100 
   432 4.23 0.0 HA 47 
   1270 4.47 0.0 HA 115 
   990 8.61 0.0 H 91 
   75 3.81 0.0 HA 18 
   517 8.47 0.0 H 53 
   1372 0.13 0.0 HD11 125 
   292 7.51 0.0 HZ3 36 
   199 107.7 0.0 ND2 27 
   625 132.0 0.0 CD1 62 
   1593 -0.51 0.0 HD13 142 
   1860 121.6 0.0 N 163 
   1986 4.67 0.0 HA 174 
   132 50.7 0.0 CD 22 
   808 6.21 0.0 HA 78 
   140 1.13 0.0 HG22 23 
   1914 8.64 0.0 H 168 
   160 31.1 0.0 CG 24 
   1244 4.41 0.0 HA 113 
   307 0.99 0.0 HG12 37 
   468 2.07 0.0 HB3 49 
   83 64.2 0.0 CA 18 
   977 1.29 0.0 HG13 90 
   650 0.91 0.0 HD11 64 
   1370 1.68 0.0 HB3 125 
   1935 122.1 0.0 N 169 
   967 5.42 0.0 HA 89 
   547 60.5 0.0 CA 55 
   1241 45.8 0.0 CA 112 
   1955 2.09 0.0 HB3 171 
   1934 120.5 0.0 CD2 169 
   2001 7.5 0.0 HE21 175 
   291 7.92 0.0 HZ2 36 
   442 58.8 0.0 CA 47 
   298 114.2 0.0 CZ2 36 
   1876 41.8 0.0 CE 164 
   978 1.02 0.0 HG21 90 
   206 24.4 0.0 CB 28 
   737 3.19 0.0 HD3 72 
   1319 3.69 0.0 HA3 120 
   23 122.6 0.0 N 13 
   1589 1.6 0.0 HB3 142 
   456 0.92 0.0 HD11 48 
   960 131.7 0.0 CD1 88 
   329 113.9 0.0 NE2 38 
   1246 1.82 0.0 HB3 113 
   185 1.25 0.0 HG23 26 
   1449 2.12 0.0 HG3 131 
   1450 3.64 0.0 HD2 131 
   864 34.3 0.0 CB 81 
   45 43.1 0.0 CD 15 
   533 55.3 0.0 CA 54 
   828 3.01 0.0 HB2 79 
   1275 18.9 0.0 CB 115 
   1642 2.46 0.0 HB3 146 
   1989 7.61 0.0 HD21 174 
   309 1.13 0.0 HG21 37 
   654 0.91 0.0 HD22 64 
   1828 26.2 0.0 CG 161 
   1472 119.9 0.0 N 132 
   1226 42.1 0.0 CB 110 
   460 37.8 0.0 CB 48 
   1441 26.5 0.0 CG 130 
   1432 2.04 0.0 HB3 130 
   1599 26.2 0.0 CG 142 
   1814 115.9 0.0 N 160 
   1733 1.24 0.0 HB2 154 
   31 68.6 0.0 CB 14 
   962 129.6 0.0 CE1 88 
   270 1.81 0.0 HB3 35 
   681 3.07 0.0 HB2 67 
   1279 2.0 0.0 HB2 116 
   987 19.5 0.0 CG2 90 
   1707 3.6 0.0 HD3 152 
   1985 8.55 0.0 H 174 
   1413 4.07 0.0 HA 129 
   1872 56.9 0.0 CA 164 
   148 4.56 0.0 HA 24 
   1614 3.34 0.0 HB3 144 
   1210 58.3 0.0 CA 109 
   1063 64.5 0.0 CA 96 
   180 10.39 0.0 H 26 
   186 65.4 0.0 CA 26 
   98 2.19 0.0 HB3 20 
   905 22.3 0.0 CD1 84 
   593 40.5 0.0 CB 60 
   1215 4.34 0.0 HA 110 
   1258 117.5 0.0 N 113 
   213 2.52 0.0 HA 30 
   1579 130.1 0.0 CZ 140 
   222 27.2 0.0 CG 30 
   1168 17.5 0.0 CG2 105 
   68 1.1 0.0 HG23 17 
   1558 57.9 0.0 CA 139 
   1021 52.0 0.0 CA 93 
   738 56.1 0.0 CA 72 
   466 4.23 0.0 HA 49 
   799 121.3 0.0 N 76 
   1541 1.72 0.0 HG3 138 
   1434 1.72 0.0 HG3 130 
   541 1.31 0.0 HG2 55 
   740 27.4 0.0 CG 72 
   165 4.41 0.0 HA 25 
   50 1.9 0.0 HB3 16 
   1681 1.36 0.0 HB2 150 
   496 0.78 0.0 HG11 51 
   934 132.9 0.0 CD1 86 
   1837 0.81 0.0 HG21 162 
   1035 55.2 0.0 CA 94 
   1761 0.75 0.0 HG13 156 
   1532 60.5 0.0 CA 137 
   1045 1.91 0.0 HG3 95 
   1307 1.79 0.0 HB3 119 
   581 2.76 0.0 HB3 59 
   611 123.3 0.0 CH2 61 
   870 2.87 0.0 HB3 82 
   1466 1.04 0.0 HD23 132 
   370 32.0 0.0 CB 41 
   531 4.55 0.0 HD21 54 
   1042 1.84 0.0 HB2 95 
   539 1.91 0.0 HB2 55 
   355 26.0 0.0 CG 40 
   74 8.12 0.0 H 18 
   636 1.74 0.0 HG3 63 
   882 0.77 0.0 HD21 83 
   1453 30.7 0.0 CB 131 
   1364 57.6 0.0 CA 124 
   1573 51.9 0.0 CA 140 
   1395 4.38 0.0 HA 127 
   1902 0.95 0.0 HG21 167 
   1183 0.58 0.0 HG12 107 
   1111 67.1 0.0 CA 100 
   1070 4.43 0.0 HA 97 
   462 17.0 0.0 CG2 48 
   1933 30.1 0.0 CB 169 
   1982 58.6 0.0 CA 173 
   1684 0.87 0.0 HD11 150 
   1026 2.04 0.0 HB 94 
   950 5.09 0.0 HA 88 
   388 2.34 0.0 HB3 43 
   163 126.3 0.0 N 24 
   235 43.1 0.0 CD 31 
   798 42.2 0.0 CE 76 
   778 117.0 0.0 N 74 
   1374 0.13 0.0 HD13 125 
   943 2.0 0.0 HG2 87 
   208 8.82 0.0 H 29 
   1351 -0.19 0.0 HD11 123 
   1122 69.9 0.0 CB 101 
   39 1.72 0.0 HG3 15 
   963 129.6 0.0 CE2 88 
   40 3.21 0.0 HD2 15 
   1806 28.7 0.0 CG 159 
   975 1.75 0.0 HB 90 
   1545 32.6 0.0 CB 138 
   1271 1.43 0.0 HB1 115 
   1277 8.32 0.0 H 116 
   1638 121.2 0.0 N 145 
   724 1.1 0.0 HG22 71 
   588 8.49 0.0 H 60 
   127 3.72 0.0 HD2 22 
   1813 41.7 0.0 CB 160 
   481 3.32 0.0 HB3 50 
   1896 115.2 0.0 N 166 
   1928 4.05 0.0 HA 169 
   612 121.9 0.0 N 61 
   1439 62.3 0.0 CA 130 
   1442 29.4 0.0 CD 130 
   1476 3.07 0.0 HB3 133 
   1208 2.43 0.0 HG2 109 
   1976 41.8 0.0 CE 172 
   866 126.2 0.0 N 81 
   552 122.1 0.0 N 55 
   1461 0.93 0.0 HD11 132 
   1816 3.88 0.0 HA 161 
   158 56.0 0.0 CA 24 
   175 35.9 0.0 CB 25 
   1361 4.44 0.0 HA 124 
   489 131.7 0.0 CD2 50 
   211 44.9 0.0 CA 29 
   1394 8.77 0.0 H 127 
   1022 43.0 0.0 CB 93 
   598 4.08 0.0 HB3 61 
   111 0.18 0.0 HG22 21 
   734 1.5 0.0 HG2 72 
   656 54.3 0.0 CA 64 
   1054 1.9 0.0 HB 96 
   658 27.3 0.0 CG 64 
   1578 129.7 0.0 CE2 140 
   450 1.98 0.0 HB 48 
   1224 0.68 0.0 HD23 110 
   1561 29.3 0.0 CD 139 
   777 129.4 0.0 CZ 74 
   1566 1.98 0.0 HB2 140 
   1084 7.38 0.0 HD2 98 
   147 9.12 0.0 H 24 
   1339 25.6 0.0 CG 122 
   67 1.1 0.0 HG22 17 
   582 6.69 0.0 HD21 59 
   1365 27.0 0.0 CB 124 
   823 123.5 0.0 CH2 78 
   940 5.28 0.0 HA 87 
   1465 1.04 0.0 HD22 132 
   671 122.0 0.0 N 65 
   1810 2.55 0.0 HB2 160 
   930 6.77 0.0 HE1 86 
   1727 119.6 0.0 CZ3 153 
   1521 116.3 0.0 N 136 
   1706 3.08 0.0 HD2 152 
   1471 26.2 0.0 CD2 132 
   1797 3.52 0.0 HA 159 
   498 0.78 0.0 HG13 51 
   1671 26.1 0.0 CD1 148 
   1174 1.34 0.0 HB2 106 
   1131 15.4 0.0 CB 102 
   1188 58.3 0.0 CA 107 
   602 7.45 0.0 HZ2 61 
   410 8.21 0.0 H 45 
   459 65.0 0.0 CA 48 
   1519 53.4 0.0 CA 136 
   821 114.1 0.0 CZ2 78 
   338 58.1 0.0 CA 39 
   305 2.2 0.0 HB 37 
   155 1.18 0.0 HD21 24 
   575 55.3 0.0 CA 58 
   509 2.1 0.0 HB2 52 
   390 2.75 0.0 HG3 43 
   1292 2.84 0.0 HB2 118 
   453 0.97 0.0 HG21 48 
   981 0.71 0.0 HD11 90 
   1717 9.7 0.0 HE1 153 
   29 1.24 0.0 HG23 14 
   268 4.34 0.0 HA 35 
   1643 2.21 0.0 HG2 146 
   1832 8.16 0.0 H 162 
   131 27.7 0.0 CG 22 
   637 3.25 0.0 HD2 63 
   1328 4.58 0.0 HA 122 
   542 1.59 0.0 HG3 55 
   1359 117.1 0.0 N 123 
   1701 4.25 0.0 HA 152 
   1037 26.8 0.0 CG1 94 
   1357 17.0 0.0 CG2 123 
   1163 0.43 0.0 HD12 105 
   1358 13.5 0.0 CD1 123 
   69 64.5 0.0 CA 17 
   1383 126.2 0.0 N 125 
   503 31.5 0.0 CB 51 
   537 8.89 0.0 H 55 
   1529 1.08 0.0 HG21 137 
   1247 1.3 0.0 HG2 113 
   1331 1.04 0.0 HG2 122 
   463 13.2 0.0 CD1 48 
   1155 3.79 0.0 HA 105 
   1107 4.44 0.0 HB 100 
   184 1.25 0.0 HG22 26 
   1473 8.49 0.0 H 133 
   1887 1.0 0.0 HG12 166 
   730 7.61 0.0 H 72 
   849 0.82 0.0 HD11 80 
   1957 2.2 0.0 HG3 171 
   514 29.2 0.0 CB 52 
   372 29.5 0.0 CD 41 
   200 7.02 0.0 H 28 
   997 33.5 0.0 CB 91 
   336 2.71 0.0 HD2 39 
   895 1.54 0.0 HG 84 
   634 1.82 0.0 HB3 63 
   262 2.42 0.0 HG3 34 
   1971 2.95 0.0 HE3 172 
   1780 7.94 0.0 H 158 
   1265 58.4 0.0 CA 114 
   550 29.7 0.0 CD 55 
   225 4.34 0.0 HA 31 
   1553 1.46 0.0 HG3 139 
   1294 7.0 0.0 HD1 118 
   586 116.4 0.0 N 59 
   1193 4.13 0.0 HA 108 
   816 6.84 0.0 HH2 78 
   189 121.3 0.0 N 26 
   1852 2.24 0.0 HB3 163 
   486 58.8 0.0 CA 50 
   1803 3.0 0.0 HD3 159 
   1220 0.5 0.0 HD12 110 
   1396 2.61 0.0 HB2 127 
   36 1.87 0.0 HB2 15 
   698 3.0 0.0 HE3 68 
   361 2.06 0.0 HB2 41 
   1908 59.4 0.0 CA 167 
   768 7.0 0.0 HE1 74 
   34 8.07 0.0 H 15 
   1047 3.51 0.0 HD3 95 
   89 4.33 0.0 HA 19 
   1516 1.28 0.0 HB3 136 
   1870 2.92 0.0 HE2 164 
   1772 0.27 0.0 HB2 157 
   944 2.0 0.0 HG3 87 
   1284 2.3 0.0 HG2 117 
   648 1.86 0.0 HB3 64 
   999 117.4 0.0 N 91 
   1314 27.1 0.0 CG 119 
   1856 6.84 0.0 HE22 163 
   1399 40.2 0.0 CB 127 
   504 23.6 0.0 CG1 51 
   1034 0.45 0.0 HD13 94 
   739 32.8 0.0 CB 72 
   85 21.7 0.0 CG1 18 
   386 4.33 0.0 HA 43 
   1162 0.43 0.0 HD11 105 
   424 4.12 0.0 HA 46 
   1679 7.83 0.0 H 150 
   921 29.2 0.0 CD 85 
   1582 5.14 0.0 HA2 141 
   1234 2.72 0.0 HB3 111 
   556 2.93 0.0 HB3 56 
   751 6.65 0.0 HZ3 73 
   1609 18.0 0.0 CB 143 
   1869 1.59 0.0 HD3 164 
   1755 115.0 0.0 N 155 
   1401 7.93 0.0 H 128 
   1199 3.77 0.0 HD3 108 
   1752 1.43 0.0 HB3 155 
   644 118.8 0.0 N 63 
   942 1.9 0.0 HB3 87 
   1033 0.45 0.0 HD12 94 
   1863 4.19 0.0 HA 164 
   594 120.0 0.0 N 60 
   1228 25.1 0.0 CD1 110 
   1586 10.28 0.0 H 142 
   1153 119.5 0.0 N 104 
   703 41.8 0.0 CE 68 
   731 5.02 0.0 HA 72 
   1061 0.87 0.0 HD12 96 
   1552 1.26 0.0 HG2 139 
   1610 120.1 0.0 N 143 
   106 4.14 0.0 HA 21 
   1100 3.8 0.0 HD3 99 
   482 7.26 0.0 HD1 50 
   1760 0.75 0.0 HG12 156 
   318 4.09 0.0 HA 38 
   275 1.01 0.0 HD21 35 
   1323 3.93 0.0 HA2 121 
   241 55.0 0.0 CA 32 
   1572 6.2 0.0 HZ 140 
   80 1.01 0.0 HG21 18 
   1784 1.49 0.0 HG13 158 
   1590 1.64 0.0 HG 142 
   725 1.1 0.0 HG23 71 
   1261 4.2 0.0 HB 114 
   1827 41.4 0.0 CB 161 
   802 2.94 0.0 HB2 77 
   476 42.2 0.0 CD 49 
   174 57.0 0.0 CA 25 
   1050 27.0 0.0 CG 95 
   789 1.57 0.0 HG3 76 
   423 8.3 0.0 H 46 
   1444 118.4 0.0 N 130 
   436 0.93 0.0 HD11 47 
   209 3.95 0.0 HA2 29 
   786 1.44 0.0 HB2 76 
   1640 4.36 0.0 HA 146 
   829 3.01 0.0 HB3 79 
   1458 1.61 0.0 HB2 132 
   1316 120.9 0.0 N 119 
   5 40.9 0.0 CB 11 
   1081 2.76 0.0 HB2 98 
   484 6.97 0.0 HE1 50 
   25 4.07 0.0 HA 14 
   1626 1.11 0.0 HG 145 
   1653 1.22 0.0 HB3 147 
   1191 22.2 0.0 CG2 107 
   1190 20.0 0.0 CG1 107 
   1682 2.33 0.0 HB3 150 
   300 122.2 0.0 CH2 36 
   848 0.64 0.0 HG23 80 
   756 119.8 0.0 CE3 73 
   617 2.5 0.0 HB3 62 
   1757 3.87 0.0 HA 156 
   480 3.32 0.0 HB2 50 
   860 2.85 0.0 HB2 81 
   426 3.98 0.0 HB3 46 
   1038 16.8 0.0 CG2 94 
   1091 118.2 0.0 CE1 98 
   1622 8.62 0.0 H 145 
   433 1.79 0.0 HB2 47 
   1936 8.48 0.0 H 170 
   494 3.25 0.0 HA 51 
   43 30.1 0.0 CB 15 
   1716 7.36 0.0 HD1 153 
   638 3.25 0.0 HD3 63 
   153 1.0 0.0 HD12 24 
   641 33.8 0.0 CB 63 
   304 3.36 0.0 HA 37 
   1897 6.85 0.0 H 167 
   1826 57.4 0.0 CA 161 
   1124 114.3 0.0 N 101 
   334 1.47 0.0 HG2 39 
   1322 8.15 0.0 H 121 
   232 56.1 0.0 CA 31 
   564 4.51 0.0 HA 57 
   1922 54.4 0.0 CA 168 
   1092 116.0 0.0 CE2 98 
   616 2.1 0.0 HB2 62 
   688 110.7 0.0 ND2 67 
   1513 7.18 0.0 H 136 
   1219 0.5 0.0 HD11 110 
   1793 28.2 0.0 CG1 158 
   1539 1.47 0.0 HB3 138 
   1350 -0.36 0.0 HG23 123 
   1484 27.6 0.0 CB 133 
   925 4.52 0.0 HA 86 
   1231 7.36 0.0 H 111 
   735 1.63 0.0 HG3 72 
   769 7.0 0.0 HE2 74 
   1744 26.8 0.0 CG 154 
   1853 2.49 0.0 HG2 163 
   1854 2.49 0.0 HG3 163 
   1607 1.04 0.0 HB3 143 
   1751 1.43 0.0 HB2 155 
   1927 8.65 0.0 H 169 
   1938 1.7 0.0 HB2 170 
   437 0.93 0.0 HD12 47 
   1353 -0.19 0.0 HD13 123 
   1724 127.0 0.0 CD1 153 
   220 63.2 0.0 CA 30 
   709 2.34 0.0 HG2 69 
   1822 0.66 0.0 HD13 161 
   606 29.6 0.0 CB 61 
   1301 132.5 0.0 CD2 118 
   971 41.3 0.0 CB 89 
   1909 40.7 0.0 CB 167 
   837 131.9 0.0 CD2 79 
   1252 3.12 0.0 HE3 113 
   1068 118.2 0.0 N 96 
   1871 2.92 0.0 HE3 164 
   1300 132.5 0.0 CD1 118 
   7 4.11 0.0 HA 12 
   793 2.95 0.0 HE3 76 
   576 39.1 0.0 CB 58 
   1531 1.08 0.0 HG23 137 
   1152 35.9 0.0 CG 104 
   929 7.33 0.0 HD2 86 
   1618 29.7 0.0 CB 144 
   1915 4.83 0.0 HA 168 
   931 6.77 0.0 HE2 86 
   1617 61.9 0.0 CA 144 
   1236 41.0 0.0 CB 111 
   961 131.7 0.0 CD2 88 
   887 26.8 0.0 CG 83 
   321 2.45 0.0 HG2 38 
   1273 1.43 0.0 HB3 115 
   1177 21.6 0.0 CB 106 
   1398 56.8 0.0 CA 127 
   1697 3.12 0.0 HA2 151 
   1194 2.03 0.0 HB2 108 
   563 7.52 0.0 H 57 
   667 2.03 0.0 HG3 65 
   1637 23.3 0.0 CD2 145 
   1075 60.5 0.0 CA 97 
   1591 -0.51 0.0 HD11 142 
   1140 61.6 0.0 CA 103 
   327 33.3 0.0 CG 38 
   1005 6.51 0.0 HD2 92 
   1405 7.06 0.0 HD2 128 
   540 1.91 0.0 HB3 55 
   565 1.5 0.0 HB1 57 
   400 7.33 0.0 HD2 44 
   721 4.41 0.0 HA 71 
   1169 14.7 0.0 CD1 105 
   622 5.65 0.0 HZ 62 
   817 56.7 0.0 CA 78 
   1320 45.5 0.0 CA 120 
   1376 0.33 0.0 HD22 125 
   1408 30.4 0.0 CB 128 
   1949 29.2 0.0 CD 170 
   937 117.5 0.0 CE2 86 
   1020 2.67 0.0 HB3 93 
   406 131.7 0.0 CD2 44 
   1633 58.4 0.0 CA 145 
   1912 14.6 0.0 CD1 167 
   818 32.6 0.0 CB 78 
   1189 31.4 0.0 CB 107 
   621 5.55 0.0 HE2 62 
   1145 4.26 0.0 HA 104 
   1862 7.88 0.0 H 164 
   55 57.8 0.0 CA 16 
   203 1.47 0.0 HB2 28 
   48 4.19 0.0 HA 16 
   264 28.8 0.0 CB 34 
   1767 21.1 0.0 CG1 156 
   1910 25.3 0.0 CG1 167 
   110 0.18 0.0 HG21 21 
   1775 1.28 0.0 HG3 157 
   1312 57.4 0.0 CA 119 
   331 4.12 0.0 HA 39 
   2005 33.7 0.0 CG 175 
   273 0.91 0.0 HD12 35 
   1368 4.45 0.0 HA 125 
   873 131.6 0.0 N 82 
   715 7.82 0.0 H 70 
   1326 107.3 0.0 N 121 
   1491 130.6 0.0 NE1 133 
   317 7.16 0.0 H 38 
   1918 2.32 0.0 HG2 168 
   387 2.22 0.0 HB2 43 
   438 0.93 0.0 HD13 47 
   833 6.69 0.0 HE2 79 
   469 1.74 0.0 HG2 49 
   1694 27.2 0.0 CD2 150 
   714 115.4 0.0 N 69 
   1974 24.7 0.0 CG 172 
   1546 24.1 0.0 CG 138 
   1324 3.93 0.0 HA3 121 
   716 4.53 0.0 HA2 70 
   1250 1.6 0.0 HD3 113 
   457 0.92 0.0 HD12 48 
   1787 0.42 0.0 HG23 158 
   1222 0.68 0.0 HD21 110 
   287 3.79 0.0 HB3 36 
   968 2.72 0.0 HB2 89 
   958 56.0 0.0 CA 88 
   1362 2.23 0.0 HB2 124 
   850 0.82 0.0 HD12 80 
   941 1.9 0.0 HB2 87 
   670 36.3 0.0 CG 65 
   722 4.57 0.0 HB 71 
   660 24.2 0.0 CD2 64 
   676 55.8 0.0 CA 66 
   1858 27.9 0.0 CB 163 
   364 1.73 0.0 HG3 41 
   1141 31.9 0.0 CB 103 
   1823 0.73 0.0 HD21 161 
   101 56.0 0.0 CA 20 
   1941 1.38 0.0 HG3 170 
   1363 2.78 0.0 HB3 124 
   1950 41.8 0.0 CE 170 
   1705 2.09 0.0 HG3 152 
   1336 2.91 0.0 HE3 122 
   1907 0.85 0.0 HD13 167 
   1132 126.2 0.0 N 102 
   573 2.55 0.0 HB2 58 
   1726 113.9 0.0 CZ2 153 
   1587 3.92 0.0 HA 142 
   1202 27.1 0.0 CG 108 
   92 60.1 0.0 CA 19 
   1905 0.85 0.0 HD11 167 
   1310 3.21 0.0 HD2 119 
   1735 2.08 0.0 HG 154 
   250 3.34 0.0 HD2 33 
   995 2.13 0.0 HG3 91 
   1235 56.4 0.0 CA 111 
   673 4.75 0.0 HA 66 
   1069 7.01 0.0 H 97 
   649 1.83 0.0 HG 64 
   1052 8.69 0.0 H 96 
   1983 27.8 0.0 CB 173 
   915 1.28 0.0 HD3 85 
   367 2.96 0.0 HE2 41 
   1515 0.92 0.0 HB2 136 
   1420 6.93 0.0 HZ 129 
   945 54.3 0.0 CA 87 
   692 1.89 0.0 HB3 68 
   393 34.7 0.0 CG 43 
   699 59.8 0.0 CA 68 
   1977 122.0 0.0 N 172 
   22 18.5 0.0 CB 13 
   909 4.75 0.0 HA 85 
   772 40.5 0.0 CB 74 
   1196 1.88 0.0 HG2 108 
   587 110.7 0.0 ND2 59 
   869 2.25 0.0 HB2 82 
   513 59.7 0.0 CA 52 
   985 42.8 0.0 CB 90 
   1082 3.27 0.0 HB3 98 
   536 104.6 0.0 ND2 54 
   876 1.57 0.0 HB2 83 
   1635 26.4 0.0 CG 145 
   979 1.02 0.0 HG22 90 
   157 1.18 0.0 HD23 24 
   1280 2.0 0.0 HB3 116 
   1689 1.16 0.0 HD23 150 
   1594 0.37 0.0 HD21 142 
   1672 22.7 0.0 CD2 148 
   1840 0.01 0.0 HD11 162 
   1601 22.0 0.0 CD2 142 
   1576 127.3 0.0 CD2 140 
   1966 1.35 0.0 HG2 172 
   1487 113.9 0.0 CZ2 133 
   1663 0.8 0.0 HD12 148 
   1008 6.45 0.0 HZ 92 
   1882 108.0 0.0 N 165 
   762 8.53 0.0 H 74 
   1926 112.3 0.0 NE2 168 
   891 7.9 0.0 H 84 
   1479 7.41 0.0 HE3 133 
   1 4.65 0.0 HA 11 
   1457 3.95 0.0 HA 132 
   1754 18.2 0.0 CB 155 
   680 4.76 0.0 HA 67 
   1463 0.93 0.0 HD13 132 
   1381 25.2 0.0 CD1 125 
   1018 5.58 0.0 HA 93 
   33 113.2 0.0 N 14 
   9 2.03 0.0 HB3 12 
   1577 129.7 0.0 CE1 140 
   1833 3.68 0.0 HA 162 
   819 125.9 0.0 CD1 78 
   1861 111.2 0.0 NE2 163 
   913 1.18 0.0 HG3 85 
   1747 118.8 0.0 N 154 
   743 8.77 0.0 H 73 
   1625 2.33 0.0 HB3 145 
   1485 126.6 0.0 CD1 133 
   1419 6.99 0.0 HE2 129 
   219 3.47 0.0 HD3 30 
   1062 0.87 0.0 HD13 96 
   159 41.3 0.0 CB 24 
   1490 120.6 0.0 N 133 
   1329 1.25 0.0 HB2 122 
   1445 4.38 0.0 HA 131 
   1287 1.89 0.0 HE2 117 
   1204 9.68 0.0 H 109 
   824 117.5 0.0 N 78 
   61 3.95 0.0 HA 17 
   1080 4.69 0.0 HA 98 
   1421 62.4 0.0 CA 129 
   1800 1.71 0.0 HG2 159 
   675 2.44 0.0 HB3 66 
   996 55.2 0.0 CA 91 
   412 2.23 0.0 HB2 45 
   497 0.78 0.0 HG12 51 
   1873 34.1 0.0 CB 164 
   1242 115.0 0.0 N 112 
   385 8.98 0.0 H 43 
   1296 6.74 0.0 HE1 118 
   1397 2.68 0.0 HB3 127 
   779 8.54 0.0 H 75 
   428 62.8 0.0 CA 46 
   323 6.95 0.0 HE21 38 
   693 1.46 0.0 HG2 68 
   380 2.69 0.0 HG3 42 
   555 2.93 0.0 HB2 56 
   1149 2.24 0.0 HG3 104 
   1624 1.42 0.0 HB2 145 
   1148 2.07 0.0 HG2 104 
   295 29.5 0.0 CB 36 
   112 0.18 0.0 HG23 21 
   1431 1.96 0.0 HB2 130 
   1349 -0.36 0.0 HG22 123 
   1570 6.77 0.0 HE1 140 
   989 113.7 0.0 N 90 
   1147 1.85 0.0 HB3 104 
   1467 57.9 0.0 CA 132 
   1644 2.21 0.0 HG3 146 
   1963 4.4 0.0 HA 172 
   269 1.46 0.0 HB2 35 
   210 4.82 0.0 HA3 29 
   1998 2.08 0.0 HB3 175 
   1221 0.5 0.0 HD13 110 
   702 28.9 0.0 CD 68 
   90 3.98 0.0 HB2 19 
   1645 57.0 0.0 CA 146 
   342 8.86 0.0 H 40 
   1087 58.3 0.0 CA 98 
   1012 131.3 0.0 CD2 92 
   240 3.09 0.0 HB3 32 
   1719 7.16 0.0 HZ2 153 
   1133 4.23 0.0 HA 103 
   1504 1.59 0.0 HG2 135 
   607 128.3 0.0 CD1 61 
   758 120.1 0.0 CZ3 73 
   286 3.29 0.0 HB2 36 
   1227 26.9 0.0 CG 110 
   1575 127.3 0.0 CD1 140 
   1089 132.8 0.0 CD1 98 
   741 43.1 0.0 CD 72 
   856 12.7 0.0 CD1 80 
   839 117.3 0.0 CE2 79 
   1650 4.49 0.0 HA 147 
   1011 131.3 0.0 CD1 92 
   982 0.71 0.0 HD12 90 
   1175 1.34 0.0 HB3 106 
   234 27.1 0.0 CG 31 
   1001 4.95 0.0 HA 92 
   562 112.3 0.0 ND2 56 
   1031 0.7 0.0 HG23 94 
   1127 0.01 0.0 HB1 102 
   1613 2.35 0.0 HB2 144 
   1508 57.0 0.0 CA 135 
   1954 1.93 0.0 HB2 171 
   12 58.2 0.0 CA 12 
   360 4.16 0.0 HA 41 
   1509 30.1 0.0 CB 135 
   1789 0.18 0.0 HD12 158 
   246 2.0 0.0 HB2 33 
   792 2.95 0.0 HE2 76 
   1664 0.8 0.0 HD13 148 
   224 8.5 0.0 H 31 
   409 118.4 0.0 N 44 
   1213 116.4 0.0 N 109 
   1120 1.08 0.0 HG23 101 
   271 1.77 0.0 HG 35 
   1299 39.5 0.0 CB 118 
   708 2.23 0.0 HB3 69 
   1295 7.0 0.0 HD2 118 
   492 119.9 0.0 N 50 
   245 3.99 0.0 HA 33 
   1942 1.6 0.0 HD2 170 
   512 2.42 0.0 HG3 52 
   1073 1.17 0.0 HG22 97 
   858 9.14 0.0 H 81 
   1523 6.64 0.0 H 137 
   378 2.71 0.0 HB3 42 
   916 2.27 0.0 HE2 85 
   1064 37.7 0.0 CB 96 
   1917 2.09 0.0 HB3 168 
   231 3.17 0.0 HD3 31 
   523 55.6 0.0 CA 53 
   169 1.29 0.0 HG3 25 
   1889 1.0 0.0 HG21 166 
   1109 1.25 0.0 HG22 100 
   1988 2.83 0.0 HB3 174 
   104 119.8 0.0 N 20 
   750 7.02 0.0 HZ2 73 
   1048 62.1 0.0 CA 95 
   420 34.2 0.0 CG 45 
   1406 8.19 0.0 HE1 128 
   1298 53.1 0.0 CA 118 
   118 27.5 0.0 CG1 21 
   1403 3.23 0.0 HB2 128 
   591 2.96 0.0 HB3 60 
   1344 3.77 0.0 HA 123 
   1958 55.9 0.0 CA 171 
   1634 42.1 0.0 CB 145 
   93 63.2 0.0 CB 19 
   1205 4.3 0.0 HA 109 
   1533 33.3 0.0 CB 137 
   488 131.7 0.0 CD1 50 
   783 107.1 0.0 N 75 
   571 7.96 0.0 H 58 
   1612 3.57 0.0 HA 144 
   192 2.32 0.0 HB2 27 
   1135 2.45 0.0 HB3 103 
   970 54.7 0.0 CA 89 
   1790 0.18 0.0 HD13 158 
   900 0.64 0.0 HD22 84 
   1425 129.8 0.0 CE1 129 
   1238 8.62 0.0 H 112 
   1712 7.2 0.0 H 153 
   1892 63.3 0.0 CA 166 
   237 8.17 0.0 H 32 
   1098 1.77 0.0 HG3 99 
   493 8.77 0.0 H 51 
   58 43.2 0.0 CD 16 
   704 123.1 0.0 N 68 
   1436 1.74 0.0 HD3 130 
   855 17.1 0.0 CG2 80 
   1308 1.58 0.0 HG2 119 
   969 2.91 0.0 HB3 89 
   1056 1.48 0.0 HG13 96 
   1305 4.25 0.0 HA 119 
   1347 0.7 0.0 HG13 123 
   417 6.94 0.0 HE22 45 
   1980 2.81 0.0 HB2 173 
   1257 42.5 0.0 CE 113 
   795 38.2 0.0 CB 76 
   2004 29.2 0.0 CB 175 
   1456 6.93 0.0 H 132 
   1846 16.7 0.0 CG2 162 
   1690 57.9 0.0 CA 150 
   1568 6.2 0.0 HD1 140 
   548 32.2 0.0 CB 55 
   99 2.21 0.0 HG2 20 
   1770 7.92 0.0 H 157 
   1337 55.1 0.0 CA 122 
   1627 -0.05 0.0 HD11 145 
   907 121.8 0.0 N 84 
   1880 4.11 0.0 HA3 165 
   1718 7.08 0.0 HE3 153 
   1060 0.87 0.0 HD11 96 
   467 1.95 0.0 HB2 49 
   590 2.19 0.0 HB2 60 
   1771 3.85 0.0 HA 157 
   749 7.03 0.0 HE3 73 
   1248 1.36 0.0 HG3 113 
   1629 -0.05 0.0 HD13 145 
   686 37.3 0.0 CB 67 
   389 2.14 0.0 HG2 43 
   632 4.37 0.0 HA 63 
   868 4.02 0.0 HA 82 
   1973 32.8 0.0 CB 172 
   289 9.86 0.0 HE1 36 
   719 107.1 0.0 N 70 
   993 2.38 0.0 HB3 91 
   77 0.94 0.0 HG11 18 
   1367 8.42 0.0 H 125 
   397 3.17 0.0 HB2 44 
   1621 115.4 0.0 N 144 
   1959 31.0 0.0 CB 171 
   1745 23.0 0.0 CD1 154 
   1647 32.2 0.0 CG 146 
   1451 3.77 0.0 HD3 131 
   1517 6.92 0.0 HD21 136 
   261 2.42 0.0 HG2 34 
   1366 121.7 0.0 N 124 
   1507 3.11 0.0 HD3 135 
   1489 123.1 0.0 CH2 133 
   501 0.8 0.0 HG23 51 
   935 132.9 0.0 CD2 86 
   1721 6.62 0.0 HH2 153 
   976 0.84 0.0 HG12 90 
   954 7.16 0.0 HD2 88 
   965 121.3 0.0 N 88 
   1725 119.6 0.0 CE3 153 
   810 3.29 0.0 HB3 78 
   129 63.3 0.0 CA 22 
   96 4.35 0.0 HA 20 
   1547 48.1 0.0 CD 138 
   1036 36.4 0.0 CB 94 
   521 7.98 0.0 HD21 53 
   1631 0.45 0.0 HD22 145 
   508 3.88 0.0 HA 52 
   759 123.7 0.0 CH2 73 
   1460 1.53 0.0 HG 132 
   1551 1.6 0.0 HB3 139 
   1159 0.67 0.0 HG21 105 
   1428 121.3 0.0 N 129 
   1356 24.8 0.0 CG1 123 
   694 1.46 0.0 HG3 68 
   1574 36.4 0.0 CB 140 
   861 3.25 0.0 HB3 81 
   1737 0.88 0.0 HD12 154 
   1237 119.9 0.0 N 111 
   1688 1.16 0.0 HD22 150 
   1373 0.13 0.0 HD12 125 
   421 117.4 0.0 N 45 
   1086 7.33 0.0 HE2 98 
   889 22.5 0.0 CD2 83 
   639 7.37 0.0 HE 63 
   1114 122.2 0.0 N 100 
   156 1.18 0.0 HD22 24 
   1608 55.6 0.0 CA 143 
   662 8.9 0.0 H 65 
   1805 30.6 0.0 CB 159 
   628 133.7 0.0 CE2 62 
   215 1.42 0.0 HB3 30 
   320 2.23 0.0 HB3 38 
   770 6.92 0.0 HZ 74 
   473 57.4 0.0 CA 49 
   1691 42.2 0.0 CB 150 
   603 6.87 0.0 HZ3 61 
   1482 7.06 0.0 HH2 133 
   229 1.65 0.0 HG3 31 
   1411 114.8 0.0 N 128 
   57 27.3 0.0 CG 16 
   1798 1.66 0.0 HB2 159 
   640 54.8 0.0 CA 63 
   120 13.1 0.0 CD1 21 
   1857 58.8 0.0 CA 163 
   516 119.7 0.0 N 52 
   1126 3.87 0.0 HA 102 
   878 1.45 0.0 HG 83 
   32 22.0 0.0 CG2 14 
   1240 3.79 0.0 HA3 112 
   733 1.73 0.0 HB3 72 
   350 0.86 0.0 HD21 40 
   172 2.92 0.0 HE2 25 
   1843 65.1 0.0 CA 162 
   1845 29.2 0.0 CG1 162 
   613 127.8 0.0 NE1 61 
   664 1.55 0.0 HB2 65 
   1297 6.74 0.0 HE2 118 
   626 132.0 0.0 CD2 62 
   1072 1.17 0.0 HG21 97 
   781 4.31 0.0 HA3 75 
   310 1.13 0.0 HG22 37 
   1225 53.9 0.0 CA 110 
   16 8.44 0.0 H 13 
   1483 61.0 0.0 CA 133 
   1409 120.2 0.0 CD2 128 
   1407 57.1 0.0 CA 128 
   429 62.7 0.0 CB 46 
   1288 1.89 0.0 HE3 117 
   1151 30.1 0.0 CB 104 
   337 2.71 0.0 HD3 39 
   843 1.63 0.0 HB 80 
   1659 1.74 0.0 HB2 148 
   1055 1.32 0.0 HG12 96 
   354 41.3 0.0 CB 40 
   557 7.04 0.0 HD21 56 
   659 24.3 0.0 CD1 64 
   79 0.94 0.0 HG13 18 
   1110 1.25 0.0 HG23 100 
   1256 29.1 0.0 CD 113 
   1878 7.93 0.0 H 165 
   1809 4.33 0.0 HA 160 
   1264 1.17 0.0 HG23 114 
   1345 0.37 0.0 HB 123 
   1157 0.33 0.0 HG12 105 
   455 0.97 0.0 HG23 48 
   1628 -0.05 0.0 HD12 145 
   1173 1.34 0.0 HB1 106 
   842 5.13 0.0 HA 80 
   1956 2.2 0.0 HG2 171 
   560 38.1 0.0 CB 56 
   408 117.8 0.0 CE2 44 
   1975 29.1 0.0 CD 172 
   528 4.38 0.0 HA 54 
   518 4.48 0.0 HA 53 
   1058 0.98 0.0 HG22 96 
   76 2.19 0.0 HB 18 
   134 4.44 0.0 HA 23 
   1680 4.08 0.0 HA 150 
   207 123.5 0.0 N 28 
   1657 8.89 0.0 H 148 
   826 9.23 0.0 H 79 
   584 51.8 0.0 CA 59 
   316 116.1 0.0 N 37 
   1692 27.0 0.0 CG 150 
   1099 3.44 0.0 HD2 99 
   851 0.82 0.0 HD13 80 
   506 118.9 0.0 N 51 
   325 58.3 0.0 CA 38 
   277 1.01 0.0 HD23 35 
   710 2.54 0.0 HG3 69 
   806 114.4 0.0 N 77 
   1076 67.7 0.0 CB 97 
   1580 113.4 0.0 N 140 
   1371 1.35 0.0 HG 125 
   805 32.7 0.0 CB 77 
   1187 0.93 0.0 HG23 107 
   535 122.2 0.0 N 54 
   812 10.66 0.0 HE1 78 
   1137 1.47 0.0 HG3 103 
   259 2.16 0.0 HB2 34 
   679 8.15 0.0 H 67 
   572 4.38 0.0 HA 58 
   1118 1.08 0.0 HG21 101 
   8 2.03 0.0 HB2 12 
   182 3.96 0.0 HB 26 
   1739 1.14 0.0 HD21 154 
   1778 34.2 0.0 CG 157 
   775 130.0 0.0 CE1 74 
   690 3.96 0.0 HA 68 
   1788 0.18 0.0 HD11 158 
   1185 0.93 0.0 HG21 107 
   1527 0.66 0.0 HG12 137 
   811 7.03 0.0 HD1 78 
   1116 4.28 0.0 HA 101 
   66 1.1 0.0 HG21 17 
   1952 8.55 0.0 H 171 
   1786 0.42 0.0 HG22 158 
   1422 39.5 0.0 CB 129 
   1604 3.75 0.0 HA 143 
   1385 4.28 0.0 HA 126 
   150 1.88 0.0 HB3 24 
   794 53.9 0.0 CA 76 
   1430 3.99 0.0 HA 130 
   1569 6.2 0.0 HD2 140 
   1514 4.26 0.0 HA 136 
   567 1.5 0.0 HB3 57 
   1306 1.79 0.0 HB2 119 
   785 5.61 0.0 HA 76 
   1032 0.45 0.0 HD11 94 
   95 7.79 0.0 H 20 
   1866 1.45 0.0 HG2 164 
   885 57.1 0.0 CA 83 
   1414 3.1 0.0 HB2 129 
   797 29.6 0.0 CD 76 
   1838 0.81 0.0 HG22 162 
   86 22.0 0.0 CG2 18 
   125 2.1 0.0 HG2 22 
   1002 2.77 0.0 HB2 92 
   363 1.45 0.0 HG2 41 
   1696 9.07 0.0 H 151 
   1632 0.45 0.0 HD23 145 
   1769 113.1 0.0 N 156 
   1171 8.88 0.0 H 106 
   746 2.21 0.0 HB3 73 
   1756 6.91 0.0 H 156 
   1480 7.26 0.0 HZ2 133 
   1083 7.86 0.0 HD1 98 
   1285 2.4 0.0 HG3 117 
   430 114.9 0.0 N 46 
   1096 2.2 0.0 HB3 99 
   1105 8.2 0.0 H 100 
   1732 3.58 0.0 HA 154 
   2 2.76 0.0 HB2 11 
   753 55.4 0.0 CA 73 
   349 0.84 0.0 HD13 40 
   1176 50.2 0.0 CA 106 
   1567 2.06 0.0 HB3 140 
   340 26.9 0.0 CG 39 
   404 37.9 0.0 CB 44 
   44 27.3 0.0 CG 15 
   144 18.2 0.0 CG1 23 
   1961 119.4 0.0 N 171 
   661 123.1 0.0 N 64 
   926 2.88 0.0 HB2 86 
   1269 8.73 0.0 H 115 
   1687 1.16 0.0 HD21 150 
   1611 7.37 0.0 H 144 
   1505 1.72 0.0 HG3 135 
   1564 6.28 0.0 H 140 
   1025 4.37 0.0 HA 94 
   1584 44.0 0.0 CA 141 
   1678 107.1 0.0 N 149 
   1520 40.4 0.0 CB 136 
   1160 0.67 0.0 HG22 105 
   368 2.96 0.0 HE3 41 
   161 27.0 0.0 CD1 24 
   20 1.47 0.0 HB3 13 
   1010 40.4 0.0 CB 92 
   122 4.51 0.0 HA 22 
   530 3.06 0.0 HB3 54 
   1886 1.0 0.0 HG11 166 
   578 8.55 0.0 H 59 
   1125 7.94 0.0 H 102 
   705 8.77 0.0 H 69 
   333 2.31 0.0 HB3 39 
   1616 7.71 0.0 HE1 144 
   439 0.98 0.0 HD21 47 
   1972 56.3 0.0 CA 172 
   1776 57.3 0.0 CA 157 
   596 4.27 0.0 HA 61 
   477 119.0 0.0 N 49 
   655 0.91 0.0 HD23 64 
   422 111.4 0.0 NE2 45 
   346 0.96 0.0 HG 40 
   832 6.69 0.0 HE1 79 
   105 7.66 0.0 H 21 
   142 61.6 0.0 CA 23 
   3 2.76 0.0 HB3 11 
   1960 36.0 0.0 CG 171 
   149 1.51 0.0 HB2 24 
   1867 1.66 0.0 HG3 164 
   197 36.8 0.0 CB 27 
   4 54.1 0.0 CA 11 
   918 56.1 0.0 CA 85 
   2000 2.31 0.0 HG3 175 
   60 7.9 0.0 H 17 
   525 119.5 0.0 N 53 
   726 61.7 0.0 CA 71 
   1877 115.9 0.0 N 164 
   902 53.6 0.0 CA 84 
   1332 1.23 0.0 HG3 122 
   1668 54.5 0.0 CA 148 
   1334 1.73 0.0 HD3 122 
   1249 1.6 0.0 HD2 113 
   344 0.97 0.0 HB2 40 
   532 7.24 0.0 HD22 54 
   964 128.3 0.0 CZ 88 
   137 0.96 0.0 HG12 23 
   1900 0.81 0.0 HG12 167 
   136 0.96 0.0 HG11 23 
   1028 2.13 0.0 HG13 94 
   1348 -0.36 0.0 HG21 123 
   1830 22.9 0.0 CD2 161 
   1006 6.63 0.0 HE1 92 
   1427 129.2 0.0 CZ 129 
   1184 0.58 0.0 HG13 107 
   1801 2.05 0.0 HG3 159 
   296 127.0 0.0 CD1 36 
   1661 1.64 0.0 HG 148 
   1921 7.47 0.0 HE22 168 
   1495 1.5 0.0 HB2 134 
   1085 6.93 0.0 HE1 98 
   1794 18.6 0.0 CG2 158 
   1027 1.78 0.0 HG12 94 
   1874 26.3 0.0 CG 164 
   577 116.9 0.0 N 58 
   223 48.9 0.0 CD 30 
   1670 27.0 0.0 CG 148 
   1556 2.87 0.0 HE2 139 
   41 3.21 0.0 HD3 15 
   701 24.4 0.0 CG 68 
   1382 22.6 0.0 CD2 125 
   765 3.22 0.0 HB3 74 
   1686 0.87 0.0 HD13 150 
   1017 8.57 0.0 H 93 
   545 2.84 0.0 HE2 55 
   312 66.4 0.0 CA 37 
   631 8.75 0.0 H 63 
   198 128.7 0.0 N 27 
   1526 0.66 0.0 HG11 137 
   507 8.37 0.0 H 52 
   1708 64.6 0.0 CA 152 
   1150 54.1 0.0 CA 104 
   243 119.3 0.0 N 32 
   1641 2.2 0.0 HB2 146 
   1128 0.01 0.0 HB2 102 
   1693 23.0 0.0 CD1 150 
   1391 69.5 0.0 CB 126 
   458 0.92 0.0 HD13 48 
   1825 0.73 0.0 HD23 161 
   1386 4.54 0.0 HB 126 
   233 29.5 0.0 CB 31 
   306 0.99 0.0 HG11 37 
   684 6.71 0.0 HD22 67 
   123 1.93 0.0 HB2 22 
   1994 112.7 0.0 ND2 174 
   164 8.31 0.0 H 25 
   1281 56.2 0.0 CA 116 
   152 1.0 0.0 HD11 24 
   986 25.7 0.0 CG1 90 
   216 1.05 0.0 HG2 30 
   416 7.61 0.0 HE21 45 
   383 35.5 0.0 CG 42 
   1764 0.93 0.0 HG23 156 
   1741 1.14 0.0 HD23 154 
   326 28.0 0.0 CB 38 
   1276 128.2 0.0 N 115 
   767 6.87 0.0 HD2 74 
   47 8.18 0.0 H 16 
   1695 125.1 0.0 N 150 
   1731 8.68 0.0 H 154 
   1901 1.3 0.0 HG13 167 
   748 9.32 0.0 HE1 73 
   1459 1.92 0.0 HB3 132 
   804 55.2 0.0 CA 77 
   551 41.8 0.0 CE 55 
   443 42.7 0.0 CB 47 
   1016 112.7 0.0 N 92 
   732 1.63 0.0 HB2 72 
   1704 1.84 0.0 HG2 152 
   1548 8.76 0.0 H 139 
   920 25.6 0.0 CG 85 
   133 8.04 0.0 H 23 
   911 1.74 0.0 HB3 85 
   723 1.1 0.0 HG21 71 
   130 31.8 0.0 CB 22 
   1503 1.86 0.0 HB3 135 
   1648 117.1 0.0 N 146 
   124 2.46 0.0 HB3 22 
   683 7.79 0.0 HD21 67 
   178 41.8 0.0 CE 25 
   1024 8.43 0.0 H 94 
   919 34.2 0.0 CB 85 
   1119 1.08 0.0 HG22 101 
   17 4.21 0.0 HA 13 
   729 107.9 0.0 N 71 
   343 3.56 0.0 HA 40 
   1951 123.6 0.0 N 170 
   382 29.2 0.0 CB 42 
   809 3.11 0.0 HB2 78 
   1423 131.7 0.0 CD1 129 
   903 43.1 0.0 CB 84 
   115 -0.19 0.0 HD13 21 
   1904 0.95 0.0 HG23 167 
   1554 1.56 0.0 HD2 139 
   776 130.0 0.0 CE2 74 
   254 27.3 0.0 CG 33 
   27 1.24 0.0 HG21 14 
   780 4.93 0.0 HA2 75 
   1993 121.0 0.0 N 174 
   1218 1.35 0.0 HG 110 
