   1205 4.3 0.0 HA 109 
   1944 2.96 0.0 HE2 170 
   1835 0.32 0.0 HG12 162 
   1325 45.6 0.0 CA 121 
   1587 3.92 0.0 HA 142 
   960 131.7 0.0 CD1 88 
   659 24.3 0.0 CD1 64 
   253 28.7 0.0 CB 33 
   1846 16.7 0.0 CG2 162 
   1152 35.9 0.0 CG 104 
   1329 1.25 0.0 HB2 122 
   1839 0.81 0.0 HG23 162 
   543 1.6 0.0 HD2 55 
   584 51.8 0.0 CA 59 
   545 2.84 0.0 HE2 55 
   1392 21.7 0.0 CG2 126 
   1523 6.64 0.0 H 137 
   845 1.57 0.0 HG13 80 
   1293 3.08 0.0 HB3 118 
   13 29.4 0.0 CB 12 
   1641 2.2 0.0 HB2 146 
   1649 8.35 0.0 H 147 
   1714 3.23 0.0 HB2 153 
   125 2.1 0.0 HG2 22 
   95 7.79 0.0 H 20 
   1864 1.76 0.0 HB2 164 
   1375 0.33 0.0 HD21 125 
   1561 29.3 0.0 CD 139 
   1818 1.9 0.0 HB3 161 
   1588 0.74 0.0 HB2 142 
   419 28.3 0.0 CB 45 
   156 1.18 0.0 HD22 24 
   1966 1.35 0.0 HG2 172 
   1623 4.15 0.0 HA 145 
   1157 0.33 0.0 HG12 105 
   1936 8.48 0.0 H 170 
   1487 113.9 0.0 CZ2 133 
   521 7.98 0.0 HD21 53 
   2002 6.84 0.0 HE22 175 
   1645 57.0 0.0 CA 146 
   932 57.5 0.0 CA 86 
   1231 7.36 0.0 H 111 
   413 2.34 0.0 HB3 45 
   366 1.74 0.0 HD3 41 
   1968 1.65 0.0 HD2 172 
   1548 8.76 0.0 H 139 
   1592 -0.51 0.0 HD12 142 
   29 1.24 0.0 HG23 14 
   99 2.21 0.0 HG2 20 
   1337 55.1 0.0 CA 122 
   1735 2.08 0.0 HG 154 
   756 119.8 0.0 CE3 73 
   1322 8.15 0.0 H 121 
   771 54.9 0.0 CA 74 
   282 25.2 0.0 CD2 35 
   1636 25.8 0.0 CD1 145 
   747 6.4 0.0 HD1 73 
   1429 8.59 0.0 H 130 
   921 29.2 0.0 CD 85 
   1026 2.04 0.0 HB 94 
   1068 118.2 0.0 N 96 
   1622 8.62 0.0 H 145 
   1992 38.6 0.0 CB 174 
   1442 29.4 0.0 CD 130 
   1479 7.41 0.0 HE3 133 
   38 1.59 0.0 HG2 15 
   1386 4.54 0.0 HB 126 
   893 0.6 0.0 HB2 84 
   1508 57.0 0.0 CA 135 
   633 1.82 0.0 HB2 63 
   809 3.11 0.0 HB2 78 
   714 115.4 0.0 N 69 
   1288 1.89 0.0 HE3 117 
   1149 2.24 0.0 HG3 104 
   1664 0.8 0.0 HD13 148 
   215 1.42 0.0 HB3 30 
   568 51.2 0.0 CA 57 
   610 120.2 0.0 CZ3 61 
   1601 22.0 0.0 CD2 142 
   1986 4.67 0.0 HA 174 
   292 7.51 0.0 HZ3 36 
   1480 7.26 0.0 HZ2 133 
   989 113.7 0.0 N 90 
   1034 0.45 0.0 HD13 94 
   1712 7.2 0.0 H 153 
   609 113.7 0.0 CZ2 61 
   1528 0.66 0.0 HG13 137 
   902 53.6 0.0 CA 84 
   510 2.21 0.0 HB3 52 
   1246 1.82 0.0 HB3 113 
   1125 7.94 0.0 H 102 
   1047 3.51 0.0 HD3 95 
   1956 2.2 0.0 HG2 171 
   1242 115.0 0.0 N 112 
   1643 2.21 0.0 HG2 146 
   1888 1.0 0.0 HG13 166 
   1906 0.85 0.0 HD12 167 
   1514 4.26 0.0 HA 136 
   1445 4.38 0.0 HA 131 
   878 1.45 0.0 HG 83 
   1808 6.55 0.0 H 160 
   110 0.18 0.0 HG21 21 
   1941 1.38 0.0 HG3 170 
   751 6.65 0.0 HZ3 73 
   1303 117.4 0.0 CE2 118 
   55 57.8 0.0 CA 16 
   329 113.9 0.0 NE2 38 
   1763 0.93 0.0 HG22 156 
   948 122.6 0.0 N 87 
   1260 4.63 0.0 HA 114 
   49 1.9 0.0 HB2 16 
   17 4.21 0.0 HA 13 
   106 4.14 0.0 HA 21 
   1668 54.5 0.0 CA 148 
   1945 2.96 0.0 HE3 170 
   727 69.3 0.0 CB 71 
   1245 1.76 0.0 HB2 113 
   1786 0.42 0.0 HG22 158 
   214 1.05 0.0 HB2 30 
   297 122.1 0.0 CE3 36 
   546 2.84 0.0 HE3 55 
   958 56.0 0.0 CA 88 
   1704 1.84 0.0 HG2 152 
   389 2.14 0.0 HG2 43 
   724 1.1 0.0 HG22 71 
   1987 2.77 0.0 HB2 174 
   503 31.5 0.0 CB 51 
   228 1.58 0.0 HG2 31 
   559 55.3 0.0 CA 56 
   1204 9.68 0.0 H 109 
   565 1.5 0.0 HB1 57 
   1279 2.0 0.0 HB2 116 
   1489 123.1 0.0 CH2 133 
   940 5.28 0.0 HA 87 
   1174 1.34 0.0 HB2 106 
   1366 121.7 0.0 N 124 
   1807 49.4 0.0 CD 159 
   225 4.34 0.0 HA 31 
   420 34.2 0.0 CG 45 
   1265 58.4 0.0 CA 114 
   884 0.77 0.0 HD23 83 
   526 110.8 0.0 ND2 53 
   629 131.9 0.0 CZ 62 
   168 1.29 0.0 HG2 25 
   941 1.9 0.0 HB2 87 
   269 1.46 0.0 HB2 35 
   873 131.6 0.0 N 82 
   840 121.1 0.0 N 79 
   1364 57.6 0.0 CA 124 
   1244 4.41 0.0 HA 113 
   1614 3.34 0.0 HB3 144 
   1121 59.6 0.0 CA 101 
   1582 5.14 0.0 HA2 141 
   1456 6.93 0.0 H 132 
   1283 119.1 0.0 N 116 
   1874 26.3 0.0 CG 164 
   61 3.95 0.0 HA 17 
   1691 42.2 0.0 CB 150 
   406 131.7 0.0 CD2 44 
   1304 8.4 0.0 H 119 
   81 1.01 0.0 HG22 18 
   1465 1.04 0.0 HD22 132 
   1648 117.1 0.0 N 146 
   94 116.9 0.0 N 19 
   1408 30.4 0.0 CB 128 
   1586 10.28 0.0 H 142 
   1484 27.6 0.0 CB 133 
   1421 62.4 0.0 CA 129 
   1208 2.43 0.0 HG2 109 
   1035 55.2 0.0 CA 94 
   733 1.73 0.0 HB3 72 
   718 46.2 0.0 CA 70 
   1238 8.62 0.0 H 112 
   68 1.1 0.0 HG23 17 
   1372 0.13 0.0 HD11 125 
   1118 1.08 0.0 HG21 101 
   448 8.86 0.0 H 48 
   1544 64.6 0.0 CA 138 
   1332 1.23 0.0 HG3 122 
   1851 2.24 0.0 HB2 163 
   1367 8.42 0.0 H 125 
   2005 33.7 0.0 CG 175 
   601 7.9 0.0 HE3 61 
   1351 -0.19 0.0 HD11 123 
   1918 2.32 0.0 HG2 168 
   79 0.94 0.0 HG13 18 
   1443 41.8 0.0 CE 130 
   160 31.1 0.0 CG 24 
   1220 0.5 0.0 HD12 110 
   445 25.4 0.0 CD1 47 
   1792 30.6 0.0 CB 158 
   422 111.4 0.0 NE2 45 
   164 8.31 0.0 H 25 
   968 2.72 0.0 HB2 89 
   769 7.0 0.0 HE2 74 
   937 117.5 0.0 CE2 86 
   1923 31.6 0.0 CB 168 
   1834 1.39 0.0 HB 162 
   1736 0.88 0.0 HD11 154 
   1921 7.47 0.0 HE22 168 
   800 9.17 0.0 H 77 
   1605 1.04 0.0 HB1 143 
   516 119.7 0.0 N 52 
   1274 52.6 0.0 CA 115 
   1985 8.55 0.0 H 174 
   1610 120.1 0.0 N 143 
   1857 58.8 0.0 CA 163 
   998 35.4 0.0 CG 91 
   464 118.5 0.0 N 48 
   689 8.83 0.0 H 68 
   1311 3.21 0.0 HD3 119 
   115 -0.19 0.0 HD13 21 
   1869 1.59 0.0 HD3 164 
   1032 0.45 0.0 HD11 94 
   1885 2.17 0.0 HB 166 
   660 24.2 0.0 CD2 64 
   1024 8.43 0.0 H 94 
   1317 8.98 0.0 H 120 
   1082 3.27 0.0 HB3 98 
   837 131.9 0.0 CD2 79 
   236 116.8 0.0 N 31 
   1212 36.8 0.0 CG 109 
   929 7.33 0.0 HD2 86 
   512 2.42 0.0 HG3 52 
   192 2.32 0.0 HB2 27 
   1715 3.56 0.0 HB3 153 
   1414 3.1 0.0 HB2 129 
   1189 31.4 0.0 CB 107 
   1217 1.6 0.0 HB3 110 
   154 1.0 0.0 HD13 24 
   643 42.6 0.0 CD 63 
   931 6.77 0.0 HE2 86 
   672 7.8 0.0 H 66 
   69 64.5 0.0 CA 17 
   369 60.1 0.0 CA 41 
   949 9.09 0.0 H 88 
   1095 1.45 0.0 HB2 99 
   1739 1.14 0.0 HD21 154 
   856 12.7 0.0 CD1 80 
   405 131.7 0.0 CD1 44 
   900 0.64 0.0 HD22 84 
   728 23.0 0.0 CG2 71 
   830 6.96 0.0 HD1 79 
   1850 4.04 0.0 HA 163 
   1056 1.48 0.0 HG13 96 
   1720 6.36 0.0 HZ3 153 
   127 3.72 0.0 HD2 22 
   1827 41.4 0.0 CB 161 
   662 8.9 0.0 H 65 
   713 37.3 0.0 CG 69 
   1436 1.74 0.0 HD3 130 
   87 118.3 0.0 N 18 
   1080 4.69 0.0 HA 98 
   373 42.2 0.0 CE 41 
   286 3.29 0.0 HB2 36 
   594 120.0 0.0 N 60 
   357 24.3 0.0 CD2 40 
   1930 2.88 0.0 HB3 169 
   246 2.0 0.0 HB2 33 
   98 2.19 0.0 HB3 20 
   1569 6.2 0.0 HD2 140 
   1287 1.89 0.0 HE2 117 
   65 1.01 0.0 HG13 17 
   676 55.8 0.0 CA 66 
   220 63.2 0.0 CA 30 
   443 42.7 0.0 CB 47 
   668 54.6 0.0 CA 65 
   409 118.4 0.0 N 44 
   1050 27.0 0.0 CG 95 
   1666 0.92 0.0 HD22 148 
   1491 130.6 0.0 NE1 133 
   1133 4.23 0.0 HA 103 
   1531 1.08 0.0 HG23 137 
   871 55.4 0.0 CA 82 
   217 1.44 0.0 HG3 30 
   1150 54.1 0.0 CA 104 
   371 25.0 0.0 CG 41 
   1104 49.5 0.0 CD 99 
   1673 110.9 0.0 N 148 
   1064 37.7 0.0 CB 96 
   775 130.0 0.0 CE1 74 
   171 1.6 0.0 HD3 25 
   455 0.97 0.0 HG23 48 
   1661 1.64 0.0 HG 148 
   1638 121.2 0.0 N 145 
   1434 1.72 0.0 HG3 130 
   1848 120.1 0.0 N 162 
   1197 2.12 0.0 HG3 108 
   1526 0.66 0.0 HG11 137 
   1292 2.84 0.0 HB2 118 
   1084 7.38 0.0 HD2 98 
   1697 3.12 0.0 HA2 151 
   681 3.07 0.0 HB2 67 
   1770 7.92 0.0 H 157 
   852 59.6 0.0 CA 80 
   184 1.25 0.0 HG22 26 
   1081 2.76 0.0 HB2 98 
   1481 7.04 0.0 HZ3 133 
   158 56.0 0.0 CA 24 
   880 0.82 0.0 HD12 83 
   518 4.48 0.0 HA 53 
   1733 1.24 0.0 HB2 154 
   40 3.21 0.0 HD2 15 
   1742 57.8 0.0 CA 154 
   763 5.33 0.0 HA 74 
   1527 0.66 0.0 HG12 137 
   290 7.31 0.0 HE3 36 
   179 116.8 0.0 N 25 
   1722 62.3 0.0 CA 153 
   1371 1.35 0.0 HG 125 
   784 8.54 0.0 H 76 
   725 1.1 0.0 HG23 71 
   1087 58.3 0.0 CA 98 
   619 5.47 0.0 HD2 62 
   742 123.7 0.0 N 72 
   1819 1.91 0.0 HG 161 
   1660 2.08 0.0 HB3 148 
   926 2.88 0.0 HB2 86 
   1183 0.58 0.0 HG12 107 
   277 1.01 0.0 HD23 35 
   1884 4.04 0.0 HA 166 
   1998 2.08 0.0 HB3 175 
   1522 116.8 0.0 ND2 136 
   1518 7.29 0.0 HD22 136 
   303 7.5 0.0 H 37 
   1688 1.16 0.0 HD22 150 
   1141 31.9 0.0 CB 103 
   1725 119.6 0.0 CE3 153 
   370 32.0 0.0 CB 41 
   501 0.8 0.0 HG23 51 
   1343 7.91 0.0 H 123 
   1533 33.3 0.0 CB 137 
   440 0.98 0.0 HD22 47 
   1298 53.1 0.0 CA 118 
   1156 1.26 0.0 HB 105 
   550 29.7 0.0 CD 55 
   34 8.07 0.0 H 15 
   1853 2.49 0.0 HG2 163 
   679 8.15 0.0 H 67 
   604 7.04 0.0 HH2 61 
   520 3.26 0.0 HB3 53 
   973 8.46 0.0 H 90 
   1939 1.7 0.0 HB3 170 
   645 8.7 0.0 H 64 
   334 1.47 0.0 HG2 39 
   721 4.41 0.0 HA 71 
   631 8.75 0.0 H 63 
   1252 3.12 0.0 HE3 113 
   362 2.06 0.0 HB3 41 
   21 54.2 0.0 CA 13 
   342 8.86 0.0 H 40 
   1355 37.5 0.0 CB 123 
   562 112.3 0.0 ND2 56 
   886 39.8 0.0 CB 83 
   1538 1.22 0.0 HB2 138 
   563 7.52 0.0 H 57 
   146 116.5 0.0 N 23 
   1253 56.4 0.0 CA 113 
   870 2.87 0.0 HB3 82 
   479 4.78 0.0 HA 50 
   1800 1.71 0.0 HG2 159 
   1151 30.1 0.0 CB 104 
   136 0.96 0.0 HG11 23 
   1432 2.04 0.0 HB3 130 
   844 0.96 0.0 HG12 80 
   1744 26.8 0.0 CG 154 
   1488 123.0 0.0 CZ3 133 
   190 9.34 0.0 H 27 
   608 122.4 0.0 CE3 61 
   1604 3.75 0.0 HA 143 
   1227 26.9 0.0 CG 110 
   1632 0.45 0.0 HD23 145 
   1294 7.0 0.0 HD1 118 
   1859 33.7 0.0 CG 163 
   801 5.55 0.0 HA 77 
   1394 8.77 0.0 H 127 
   1346 0.57 0.0 HG12 123 
   1117 3.67 0.0 HB 101 
   8 2.03 0.0 HB2 12 
   1185 0.93 0.0 HG21 107 
   27 1.24 0.0 HG21 14 
   1741 1.14 0.0 HD23 154 
   77 0.94 0.0 HG11 18 
   219 3.47 0.0 HD3 30 
   48 4.19 0.0 HA 16 
   885 57.1 0.0 CA 83 
   372 29.5 0.0 CD 41 
   243 119.3 0.0 N 32 
   952 3.07 0.0 HB3 88 
   1916 1.92 0.0 HB2 168 
   1751 1.43 0.0 HB2 155 
   261 2.42 0.0 HG2 34 
   606 29.6 0.0 CB 61 
   1411 114.8 0.0 N 128 
   339 29.8 0.0 CB 39 
   258 4.24 0.0 HA 34 
   1306 1.79 0.0 HB2 119 
   736 3.09 0.0 HD2 72 
   1730 127.7 0.0 NE1 153 
   182 3.96 0.0 HB 26 
   825 131.3 0.0 NE1 78 
   1025 4.37 0.0 HA 94 
   1010 40.4 0.0 CB 92 
   438 0.93 0.0 HD13 47 
   1603 9.24 0.0 H 143 
   278 56.6 0.0 CA 35 
   1178 128.8 0.0 N 106 
   554 4.54 0.0 HA 56 
   88 8.07 0.0 H 19 
   211 44.9 0.0 CA 29 
   497 0.78 0.0 HG12 51 
   1928 4.05 0.0 HA 169 
   338 58.1 0.0 CA 39 
   126 2.1 0.0 HG3 22 
   1316 120.9 0.0 N 119 
   1114 122.2 0.0 N 100 
   1482 7.06 0.0 HH2 133 
   1886 1.0 0.0 HG11 166 
   18 1.47 0.0 HB1 13 
   447 120.8 0.0 N 47 
   596 4.27 0.0 HA 61 
   1420 6.93 0.0 HZ 129 
   651 0.91 0.0 HD12 64 
   693 1.46 0.0 HG2 68 
   722 4.57 0.0 HB 71 
   1805 30.6 0.0 CB 159 
   393 34.7 0.0 CG 43 
   888 25.2 0.0 CD1 83 
   176 24.6 0.0 CG 25 
   855 17.1 0.0 CG2 80 
   181 3.89 0.0 HA 26 
   599 7.87 0.0 HD1 61 
   1145 4.26 0.0 HA 104 
   399 7.33 0.0 HD1 44 
   1370 1.68 0.0 HB3 125 
   398 3.25 0.0 HB3 44 
   218 2.45 0.0 HD2 30 
   1391 69.5 0.0 CB 126 
   1222 0.68 0.0 HD21 110 
   1427 129.2 0.0 CZ 129 
   50 1.9 0.0 HB3 16 
   1803 3.0 0.0 HD3 159 
   1060 0.87 0.0 HD11 96 
   1419 6.99 0.0 HE2 129 
   1611 7.37 0.0 H 144 
   1734 2.04 0.0 HB3 154 
   483 7.26 0.0 HD2 50 
   1951 123.6 0.0 N 170 
   102 30.1 0.0 CB 20 
   1594 0.37 0.0 HD21 142 
   442 58.8 0.0 CA 47 
   695 1.69 0.0 HD2 68 
   260 2.16 0.0 HB3 34 
   1581 9.74 0.0 H 141 
   583 7.7 0.0 HD22 59 
   1438 2.99 0.0 HE3 130 
   705 8.77 0.0 H 69 
   1437 2.99 0.0 HE2 130 
   1909 40.7 0.0 CB 167 
   1395 4.38 0.0 HA 127 
   1831 118.0 0.0 N 161 
   1172 5.09 0.0 HA 106 
   1958 55.9 0.0 CA 171 
   1602 125.0 0.0 N 142 
   331 4.12 0.0 HA 39 
   1161 0.67 0.0 HG23 105 
   1519 53.4 0.0 CA 136 
   1397 2.68 0.0 HB3 127 
   500 0.8 0.0 HG22 51 
   1460 1.53 0.0 HG 132 
   1416 7.05 0.0 HD1 129 
   499 0.8 0.0 HG21 51 
   1530 1.08 0.0 HG22 137 
   720 8.33 0.0 H 71 
   1448 1.99 0.0 HG2 131 
   1074 1.17 0.0 HG23 97 
   375 7.68 0.0 H 42 
   1933 30.1 0.0 CB 169 
   815 6.61 0.0 HZ3 78 
   1627 -0.05 0.0 HD11 145 
   1813 41.7 0.0 CB 160 
   387 2.22 0.0 HB2 43 
   245 3.99 0.0 HA 33 
   436 0.93 0.0 HD11 47 
   730 7.61 0.0 H 72 
   165 4.41 0.0 HA 25 
   295 29.5 0.0 CB 36 
   404 37.9 0.0 CB 44 
   850 0.82 0.0 HD12 80 
   1435 1.73 0.0 HD2 130 
   263 59.6 0.0 CA 34 
   344 0.97 0.0 HB2 40 
   1880 4.11 0.0 HA3 165 
   1381 25.2 0.0 CD1 125 
   281 22.8 0.0 CD1 35 
   457 0.92 0.0 HD12 48 
   1362 2.23 0.0 HB2 124 
   1498 18.5 0.0 CB 134 
   1305 4.25 0.0 HA 119 
   1760 0.75 0.0 HG12 156 
   1039 8.7 0.0 CD1 94 
   485 6.97 0.0 HE2 50 
   834 57.7 0.0 CA 79 
   185 1.25 0.0 HG23 26 
   10 2.32 0.0 HG2 12 
   1228 25.1 0.0 CD1 110 
   1440 29.7 0.0 CB 130 
   6 8.75 0.0 H 12 
   1219 0.5 0.0 HD11 110 
   1669 43.3 0.0 CB 148 
   208 8.82 0.0 H 29 
   1085 6.93 0.0 HE1 98 
   1802 3.0 0.0 HD2 159 
   26 4.2 0.0 HB 14 
   1795 8.6 0.0 CD1 158 
   1575 127.3 0.0 CD1 140 
   1600 23.0 0.0 CD1 142 
   330 8.2 0.0 H 39 
   417 6.94 0.0 HE22 45 
   716 4.53 0.0 HA2 70 
   933 39.5 0.0 CB 86 
   150 1.88 0.0 HB3 24 
   1997 1.94 0.0 HB2 175 
   1684 0.87 0.0 HD11 150 
   835 44.0 0.0 CB 79 
   1633 58.4 0.0 CA 145 
   210 4.82 0.0 HA3 29 
   382 29.2 0.0 CB 42 
   765 3.22 0.0 HB3 74 
   1797 3.52 0.0 HA 159 
   1230 116.5 0.0 N 110 
   1201 32.3 0.0 CB 108 
   325 58.3 0.0 CA 38 
   1724 127.0 0.0 CD1 153 
   603 6.87 0.0 HZ3 61 
   320 2.23 0.0 HB3 38 
   580 2.37 0.0 HB2 59 
   759 123.7 0.0 CH2 73 
   1617 61.9 0.0 CA 144 
   1895 21.8 0.0 CG2 166 
   1690 57.9 0.0 CA 150 
   1033 0.45 0.0 HD12 94 
   561 118.9 0.0 N 56 
   824 117.5 0.0 N 78 
   487 38.5 0.0 CB 50 
   58 43.2 0.0 CD 16 
   962 129.6 0.0 CE1 88 
   250 3.34 0.0 HD2 33 
   776 130.0 0.0 CE2 74 
   1745 23.0 0.0 CD1 154 
   524 37.4 0.0 CB 53 
   1029 0.7 0.0 HG21 94 
   119 17.2 0.0 CG2 21 
   1289 36.0 0.0 CG 117 
   151 1.7 0.0 HG 24 
   1822 0.66 0.0 HD13 161 
   1689 1.16 0.0 HD23 150 
   1801 2.05 0.0 HG3 159 
   1628 -0.05 0.0 HD12 145 
   1662 0.8 0.0 HD11 148 
   1879 3.97 0.0 HA2 165 
   1477 6.93 0.0 HD1 133 
   117 39.1 0.0 CB 21 
   148 4.56 0.0 HA 24 
   1829 26.1 0.0 CD1 161 
   1943 1.6 0.0 HD3 170 
   1067 13.2 0.0 CD1 96 
   488 131.7 0.0 CD1 50 
   877 2.1 0.0 HB3 83 
   876 1.57 0.0 HB2 83 
   318 4.09 0.0 HA 38 
   1854 2.49 0.0 HG3 163 
   1988 2.83 0.0 HB3 174 
   1057 0.98 0.0 HG21 96 
   847 0.64 0.0 HG22 80 
   9 2.03 0.0 HB3 12 
   1663 0.8 0.0 HD12 148 
   1969 1.65 0.0 HD3 172 
   1686 0.87 0.0 HD13 150 
   120 13.1 0.0 CD1 21 
   1590 1.64 0.0 HG 142 
   1119 1.08 0.0 HG22 101 
   635 1.6 0.0 HG2 63 
   1961 119.4 0.0 N 171 
   780 4.93 0.0 HA2 75 
   1361 4.44 0.0 HA 124 
   748 9.32 0.0 HE1 73 
   1856 6.84 0.0 HE22 163 
   504 23.6 0.0 CG1 51 
   1449 2.12 0.0 HG3 131 
   1989 7.61 0.0 HD21 174 
   1312 57.4 0.0 CA 119 
   1728 122.7 0.0 CH2 153 
   1672 22.7 0.0 CD2 148 
   1925 121.6 0.0 N 168 
   1842 0.01 0.0 HD13 162 
   1540 1.25 0.0 HG2 138 
   47 8.18 0.0 H 16 
   299 120.3 0.0 CZ3 36 
   202 1.47 0.0 HB1 28 
   1505 1.72 0.0 HG3 135 
   1825 0.73 0.0 HD23 161 
   1837 0.81 0.0 HG21 162 
   951 2.71 0.0 HB2 88 
   959 42.6 0.0 CB 88 
   1719 7.16 0.0 HZ2 153 
   273 0.91 0.0 HD12 35 
   367 2.96 0.0 HE2 41 
   1912 14.6 0.0 CD1 167 
   731 5.02 0.0 HA 72 
   240 3.09 0.0 HB3 32 
   462 17.0 0.0 CG2 48 
   1073 1.17 0.0 HG22 97 
   957 7.05 0.0 HZ 88 
   1400 122.0 0.0 N 127 
   766 6.87 0.0 HD1 74 
   1814 115.9 0.0 N 160 
   1784 1.49 0.0 HG13 158 
   326 28.0 0.0 CB 38 
   1591 -0.51 0.0 HD11 142 
   129 63.3 0.0 CA 22 
   46 121.6 0.0 N 15 
   1630 0.45 0.0 HD21 145 
   735 1.63 0.0 HG3 72 
   964 128.3 0.0 CZ 88 
   974 5.66 0.0 HA 90 
   621 5.55 0.0 HE2 62 
   879 0.82 0.0 HD11 83 
   1055 1.32 0.0 HG12 96 
   206 24.4 0.0 CB 28 
   1165 62.8 0.0 CA 105 
   1981 2.88 0.0 HB3 173 
   1336 2.91 0.0 HE3 122 
   200 7.02 0.0 H 28 
   551 41.8 0.0 CE 55 
   403 62.3 0.0 CA 44 
   101 56.0 0.0 CA 20 
   396 4.5 0.0 HA 44 
   663 4.51 0.0 HA 65 
   1665 0.92 0.0 HD21 148 
   223 48.9 0.0 CD 30 
   1654 55.8 0.0 CA 147 
   1365 27.0 0.0 CB 124 
   1537 4.86 0.0 HA 138 
   31 68.6 0.0 CB 14 
   1389 1.41 0.0 HG23 126 
   221 31.7 0.0 CB 30 
   178 41.8 0.0 CE 25 
   1651 1.22 0.0 HB1 147 
   322 2.45 0.0 HG3 38 
   1852 2.24 0.0 HB3 163 
   1618 29.7 0.0 CB 144 
   1833 3.68 0.0 HA 162 
   189 121.3 0.0 N 26 
   874 8.23 0.0 H 83 
   697 3.0 0.0 HE2 68 
   1423 131.7 0.0 CD1 129 
   471 3.37 0.0 HD2 49 
   63 1.01 0.0 HG11 17 
   466 4.23 0.0 HA 49 
   383 35.5 0.0 CG 42 
   569 19.0 0.0 CB 57 
   1248 1.36 0.0 HG3 113 
   1502 1.71 0.0 HB2 135 
   1089 132.8 0.0 CD1 98 
   996 55.2 0.0 CA 91 
   196 51.1 0.0 CA 27 
   308 0.99 0.0 HG13 37 
   1012 131.3 0.0 CD2 92 
   1646 31.6 0.0 CB 146 
   100 2.4 0.0 HG3 20 
   539 1.91 0.0 HB2 55 
   710 2.54 0.0 HG3 69 
   183 1.25 0.0 HG21 26 
   1254 33.3 0.0 CB 113 
   111 0.18 0.0 HG22 21 
   1072 1.17 0.0 HG21 97 
   93 63.2 0.0 CB 19 
   1555 1.62 0.0 HD3 139 
   1500 7.5 0.0 H 135 
   1769 113.1 0.0 N 156 
   1444 118.4 0.0 N 130 
   147 9.12 0.0 H 24 
   1409 120.2 0.0 CD2 128 
   657 48.2 0.0 CB 64 
   1967 1.43 0.0 HG3 172 
   1578 129.7 0.0 CE2 140 
   1000 8.46 0.0 H 92 
   241 55.0 0.0 CA 32 
   895 1.54 0.0 HG 84 
   634 1.82 0.0 HB3 63 
   1754 18.2 0.0 CB 155 
   508 3.88 0.0 HA 52 
   1914 8.64 0.0 H 168 
   1902 0.95 0.0 HG21 167 
   1005 6.51 0.0 HD2 92 
   1299 39.5 0.0 CB 118 
   1001 4.95 0.0 HA 92 
   1844 38.3 0.0 CB 162 
   939 8.12 0.0 H 87 
   1752 1.43 0.0 HB3 155 
   16 8.44 0.0 H 13 
   1542 3.23 0.0 HD2 138 
   467 1.95 0.0 HB2 49 
   424 4.12 0.0 HA 46 
   612 121.9 0.0 N 61 
   298 114.2 0.0 CZ2 36 
   820 119.9 0.0 CE3 78 
   1008 6.45 0.0 HZ 92 
   1858 27.9 0.0 CB 163 
   313 31.3 0.0 CB 37 
   2007 112.3 0.0 NE2 175 
   494 3.25 0.0 HA 51 
   2006 120.6 0.0 N 175 
   869 2.25 0.0 HB2 82 
   1210 58.3 0.0 CA 109 
   613 127.8 0.0 NE1 61 
   1268 110.1 0.0 N 114 
   863 55.6 0.0 CA 81 
   1964 1.72 0.0 HB2 172 
   1120 1.08 0.0 HG23 101 
   1556 2.87 0.0 HE2 139 
   343 3.56 0.0 HA 40 
   785 5.61 0.0 HA 76 
   848 0.64 0.0 HG23 80 
   1560 25.7 0.0 CG 139 
   598 4.08 0.0 HB3 61 
   1098 1.77 0.0 HG3 99 
   1190 20.0 0.0 CG1 107 
   123 1.93 0.0 HB2 22 
   1910 25.3 0.0 CG1 167 
   36 1.87 0.0 HB2 15 
   791 1.68 0.0 HD3 76 
   132 50.7 0.0 CD 22 
   1251 3.12 0.0 HE2 113 
   285 4.72 0.0 HA 36 
   1315 42.9 0.0 CD 119 
   1960 36.0 0.0 CG 171 
   493 8.77 0.0 H 51 
   1111 67.1 0.0 CA 100 
   688 110.7 0.0 ND2 67 
   139 1.13 0.0 HG21 23 
   578 8.55 0.0 H 59 
   1911 18.1 0.0 CG2 167 
   121 122.5 0.0 N 21 
   239 3.17 0.0 HB2 32 
   1550 1.74 0.0 HB2 139 
   971 41.3 0.0 CB 89 
   953 7.16 0.0 HD1 88 
   704 123.1 0.0 N 68 
   1685 0.87 0.0 HD12 150 
   62 2.21 0.0 HB 17 
   1577 129.7 0.0 CE1 140 
   1027 1.78 0.0 HG12 94 
   1942 1.6 0.0 HD2 170 
   1977 122.0 0.0 N 172 
   1065 27.8 0.0 CG1 96 
   170 1.6 0.0 HD2 25 
   296 127.0 0.0 CD1 36 
   412 2.23 0.0 HB2 45 
   1276 128.2 0.0 N 115 
   1566 1.98 0.0 HB2 140 
   472 3.42 0.0 HD3 49 
   540 1.91 0.0 HB3 55 
   1785 0.42 0.0 HG21 158 
   42 58.2 0.0 CA 15 
   1934 120.5 0.0 CD2 169 
   1302 117.4 0.0 CE1 118 
   891 7.9 0.0 H 84 
   1384 8.22 0.0 H 126 
   1794 18.6 0.0 CG2 158 
   1198 3.48 0.0 HD2 108 
   84 31.9 0.0 CB 18 
   1656 120.5 0.0 N 147 
   719 107.1 0.0 N 70 
   475 26.1 0.0 CG 49 
   114 -0.19 0.0 HD12 21 
   19 1.47 0.0 HB2 13 
   1775 1.28 0.0 HG3 157 
   71 21.1 0.0 CG1 17 
   702 28.9 0.0 CD 68 
   381 59.1 0.0 CA 42 
   1609 18.0 0.0 CB 143 
   507 8.37 0.0 H 52 
   936 117.5 0.0 CE1 86 
   349 0.84 0.0 HD13 40 
   434 2.21 0.0 HB3 47 
   1840 0.01 0.0 HD11 162 
   1291 4.86 0.0 HA 118 
   289 9.86 0.0 HE1 36 
   1506 3.11 0.0 HD2 135 
   439 0.98 0.0 HD21 47 
   946 34.7 0.0 CB 87 
   1608 55.6 0.0 CA 143 
   1870 2.92 0.0 HE2 164 
   1209 2.43 0.0 HG3 109 
   237 8.17 0.0 H 32 
   1692 27.0 0.0 CG 150 
   1571 6.77 0.0 HE2 140 
   1875 29.2 0.0 CD 164 
   920 25.6 0.0 CG 85 
   903 43.1 0.0 CB 84 
   1573 51.9 0.0 CA 140 
   984 58.5 0.0 CA 90 
   656 54.3 0.0 CA 64 
   1647 32.2 0.0 CG 146 
   1780 7.94 0.0 H 158 
   1093 128.0 0.0 N 98 
   473 57.4 0.0 CA 49 
   1374 0.13 0.0 HD13 125 
   1229 22.5 0.0 CD2 110 
   1184 0.58 0.0 HG13 107 
   737 3.19 0.0 HD3 72 
   531 4.55 0.0 HD21 54 
   1535 22.9 0.0 CG2 137 
   1426 129.8 0.0 CE2 129 
   1123 21.0 0.0 CG2 101 
   337 2.71 0.0 HD3 39 
   378 2.71 0.0 HB3 42 
   1698 3.72 0.0 HA3 151 
   1249 1.6 0.0 HD2 113 
   118 27.5 0.0 CG1 21 
   423 8.3 0.0 H 46 
   1049 32.4 0.0 CB 95 
   97 1.96 0.0 HB2 20 
   323 6.95 0.0 HE21 38 
   1059 0.98 0.0 HG23 96 
   476 42.2 0.0 CD 49 
   509 2.1 0.0 HB2 52 
   783 107.1 0.0 N 75 
   1740 1.14 0.0 HD22 154 
   1823 0.73 0.0 HD21 161 
   22 18.5 0.0 CB 13 
   811 7.03 0.0 HD1 78 
   528 4.38 0.0 HA 54 
   1900 0.81 0.0 HG12 167 
   532 7.24 0.0 HD22 54 
   981 0.71 0.0 HD11 90 
   91 3.98 0.0 HB3 19 
   311 1.13 0.0 HG23 37 
   849 0.82 0.0 HD11 80 
   587 110.7 0.0 ND2 59 
   700 31.8 0.0 CB 68 
   1903 0.95 0.0 HG22 167 
   141 1.13 0.0 HG23 23 
   149 1.51 0.0 HB2 24 
   279 42.7 0.0 CB 35 
   24 7.95 0.0 H 14 
   806 114.4 0.0 N 77 
   715 7.82 0.0 H 70 
   5 40.9 0.0 CB 11 
   914 1.27 0.0 HD2 85 
   1574 36.4 0.0 CB 140 
   530 3.06 0.0 HB3 54 
   1512 113.5 0.0 N 135 
   256 121.0 0.0 N 33 
   1534 20.4 0.0 CG1 137 
   1070 4.43 0.0 HA 97 
   1709 32.1 0.0 CB 152 
   641 33.8 0.0 CB 63 
   579 5.05 0.0 HA 59 
   1490 120.6 0.0 N 133 
   828 3.01 0.0 HB2 79 
   415 2.64 0.0 HG3 45 
   991 5.29 0.0 HA 91 
   1585 112.9 0.0 N 141 
   566 1.5 0.0 HB2 57 
   1908 59.4 0.0 CA 167 
   385 8.98 0.0 H 43 
   1950 41.8 0.0 CE 170 
   588 8.49 0.0 H 60 
   1015 127.8 0.0 CZ 92 
   460 37.8 0.0 CB 48 
   276 1.01 0.0 HD22 35 
   585 39.9 0.0 CB 59 
   222 27.2 0.0 CG 30 
   745 1.04 0.0 HB2 73 
   1004 6.51 0.0 HD1 92 
   522 6.74 0.0 HD22 53 
   907 121.8 0.0 N 84 
   1280 2.0 0.0 HB3 116 
   744 4.72 0.0 HA 73 
   175 35.9 0.0 CB 25 
   252 58.8 0.0 CA 33 
   306 0.99 0.0 HG11 37 
   1832 8.16 0.0 H 162 
   1062 0.87 0.0 HD13 96 
   324 8.08 0.0 HE22 38 
   392 28.4 0.0 CB 43 
   909 4.75 0.0 HA 85 
   416 7.61 0.0 HE21 45 
   39 1.72 0.0 HG3 15 
   1462 0.93 0.0 HD12 132 
   363 1.45 0.0 HG2 41 
   1549 4.17 0.0 HA 139 
   622 5.65 0.0 HZ 62 
   945 54.3 0.0 CA 87 
   1177 21.6 0.0 CB 106 
   1579 130.1 0.0 CZ 140 
   1048 62.1 0.0 CA 95 
   923 121.7 0.0 N 85 
   1030 0.7 0.0 HG22 94 
   1496 1.5 0.0 HB3 134 
   541 1.31 0.0 HG2 55 
   1917 2.09 0.0 HB3 168 
   25 4.07 0.0 HA 14 
   843 1.63 0.0 HB 80 
   1102 33.2 0.0 CB 99 
   287 3.79 0.0 HB3 36 
   43 30.1 0.0 CB 15 
   1173 1.34 0.0 HB1 106 
   300 122.2 0.0 CH2 36 
   537 8.89 0.0 H 55 
   1583 4.14 0.0 HA3 141 
   374 118.4 0.0 N 41 
   159 41.3 0.0 CB 24 
   992 2.07 0.0 HB2 91 
   1892 63.3 0.0 CA 166 
   666 1.89 0.0 HG2 65 
   1369 1.43 0.0 HB2 125 
   708 2.23 0.0 HB3 69 
   1383 126.2 0.0 N 125 
   1148 2.07 0.0 HG2 104 
   1127 0.01 0.0 HB1 102 
   983 0.71 0.0 HD13 90 
   410 8.21 0.0 H 45 
   1520 40.4 0.0 CB 136 
   1568 6.2 0.0 HD1 140 
   860 2.85 0.0 HB2 81 
   833 6.69 0.0 HE2 79 
   1789 0.18 0.0 HD12 158 
   1952 8.55 0.0 H 171 
   1890 1.0 0.0 HG22 166 
   922 41.3 0.0 CE 85 
   851 0.82 0.0 HD13 80 
   1772 0.27 0.0 HB2 157 
   288 7.34 0.0 HD1 36 
   1759 0.75 0.0 HG11 156 
   1782 1.56 0.0 HB 158 
   799 121.3 0.0 N 76 
   1441 26.5 0.0 CG 130 
   85 21.7 0.0 CG1 18 
   556 2.93 0.0 HB3 56 
   1994 112.7 0.0 ND2 174 
   1793 28.2 0.0 CG1 158 
   1066 18.1 0.0 CG2 96 
   1708 64.6 0.0 CA 152 
   1235 56.4 0.0 CA 111 
   310 1.13 0.0 HG22 37 
   32 22.0 0.0 CG2 14 
   1354 61.9 0.0 CA 123 
   28 1.24 0.0 HG22 14 
   853 38.1 0.0 CB 80 
   216 1.05 0.0 HG2 30 
   758 120.1 0.0 CZ3 73 
   477 119.0 0.0 N 49 
   1711 51.4 0.0 CD 152 
   640 54.8 0.0 CA 63 
   617 2.5 0.0 HB3 62 
   430 114.9 0.0 N 46 
   1558 57.9 0.0 CA 139 
   1970 2.95 0.0 HE2 172 
   1938 1.7 0.0 HB2 170 
   459 65.0 0.0 CA 48 
   1069 7.01 0.0 H 97 
   408 117.8 0.0 CE2 44 
   15 122.1 0.0 N 12 
   1991 53.2 0.0 CA 174 
   1038 16.8 0.0 CG2 94 
   1075 60.5 0.0 CA 97 
   887 26.8 0.0 CG 83 
   227 2.02 0.0 HB3 31 
   1113 21.6 0.0 CG2 100 
   1963 4.4 0.0 HA 172 
   105 7.66 0.0 H 21 
   1626 1.11 0.0 HG 145 
   1798 1.66 0.0 HB2 159 
   469 1.74 0.0 HG2 49 
   1513 7.18 0.0 H 136 
   746 2.21 0.0 HB3 73 
   1455 50.3 0.0 CD 131 
   1901 1.3 0.0 HG13 167 
   889 22.5 0.0 CD2 83 
   1826 57.4 0.0 CA 161 
   414 2.54 0.0 HG2 45 
   1557 2.91 0.0 HE3 139 
   336 2.71 0.0 HD2 39 
   1659 1.74 0.0 HB2 148 
   271 1.77 0.0 HG 35 
   862 7.19 0.0 HD2 81 
   816 6.84 0.0 HH2 78 
   1461 0.93 0.0 HD11 132 
   498 0.78 0.0 HG13 51 
   1328 4.58 0.0 HA 122 
   648 1.86 0.0 HB3 64 
   128 4.08 0.0 HD3 22 
   20 1.47 0.0 HB3 13 
   1424 131.7 0.0 CD2 129 
   534 36.9 0.0 CB 54 
   753 55.4 0.0 CA 73 
   1511 43.4 0.0 CD 135 
   1078 103.6 0.0 N 97 
   113 -0.19 0.0 HD11 21 
   544 1.6 0.0 HD3 55 
   1957 2.2 0.0 HG3 171 
   1331 1.04 0.0 HG2 122 
   1092 116.0 0.0 CE2 98 
   1271 1.43 0.0 HB1 115 
   1200 66.4 0.0 CA 108 
   1453 30.7 0.0 CB 131 
   1975 29.1 0.0 CD 172 
   1164 0.43 0.0 HD13 105 
   187 68.1 0.0 CB 26 
   316 116.1 0.0 N 37 
   1017 8.57 0.0 H 93 
   244 8.58 0.0 H 33 
   553 8.2 0.0 H 56 
   591 2.96 0.0 HB3 60 
   1887 1.0 0.0 HG12 166 
   435 1.91 0.0 HG 47 
   174 57.0 0.0 CA 25 
   397 3.17 0.0 HB2 44 
   468 2.07 0.0 HB3 49 
   761 127.0 0.0 NE1 73 
   875 3.58 0.0 HA 83 
   846 0.64 0.0 HG21 80 
   1297 6.74 0.0 HE2 118 
   390 2.75 0.0 HG3 43 
   1335 2.91 0.0 HE2 122 
   872 39.0 0.0 CB 82 
   1695 125.1 0.0 N 150 
   1787 0.42 0.0 HG23 158 
   1731 8.68 0.0 H 154 
   749 7.03 0.0 HE3 73 
   1257 42.5 0.0 CE 113 
   1077 22.0 0.0 CG2 97 
   919 34.2 0.0 CB 85 
   356 24.3 0.0 CD1 40 
   1054 1.9 0.0 HB 96 
   492 119.9 0.0 N 50 
   976 0.84 0.0 HG12 90 
   683 7.79 0.0 HD21 67 
   654 0.91 0.0 HD22 64 
   1580 113.4 0.0 N 140 
   465 7.64 0.0 H 49 
   796 24.8 0.0 CG 76 
   1791 63.4 0.0 CA 158 
   1894 21.8 0.0 CG1 166 
   1273 1.43 0.0 HB3 115 
   669 34.1 0.0 CB 65 
   157 1.18 0.0 HD23 24 
   814 7.17 0.0 HZ2 78 
   1045 1.91 0.0 HG3 95 
   1405 7.06 0.0 HD2 128 
   1129 0.01 0.0 HB3 102 
   307 0.99 0.0 HG12 37 
   586 116.4 0.0 N 59 
   198 128.7 0.0 N 27 
   1300 132.5 0.0 CD1 118 
   1762 0.93 0.0 HG21 156 
   1639 7.93 0.0 H 146 
   684 6.71 0.0 HD22 67 
   1682 2.33 0.0 HB3 150 
   1990 6.91 0.0 HD22 174 
   1327 7.0 0.0 H 122 
   37 1.87 0.0 HB3 15 
   778 117.0 0.0 N 74 
   790 1.55 0.0 HD2 76 
   1115 7.25 0.0 H 101 
   108 0.36 0.0 HG12 21 
   335 1.47 0.0 HG3 39 
   1876 41.8 0.0 CE 164 
   1344 3.77 0.0 HA 123 
   1766 33.1 0.0 CB 156 
   161 27.0 0.0 CD1 24 
   917 2.37 0.0 HE3 85 
   235 43.1 0.0 CD 31 
   685 51.6 0.0 CA 67 
   76 2.19 0.0 HB 18 
   351 0.86 0.0 HD22 40 
   432 4.23 0.0 HA 47 
   23 122.6 0.0 N 13 
   1320 45.5 0.0 CA 120 
   954 7.16 0.0 HD2 88 
   1243 8.33 0.0 H 113 
   14 35.9 0.0 CG 12 
   1806 28.7 0.0 CG 159 
   1255 25.6 0.0 CG 113 
   1169 14.7 0.0 CD1 105 
   1009 57.4 0.0 CA 92 
   1345 0.37 0.0 HB 123 
   1898 4.64 0.0 HA 167 
   3 2.76 0.0 HB3 11 
   1913 112.3 0.0 N 167 
   1494 1.5 0.0 HB1 134 
   573 2.55 0.0 HB2 58 
   1860 121.6 0.0 N 163 
   779 8.54 0.0 H 75 
   934 132.9 0.0 CD1 86 
   1096 2.2 0.0 HB3 99 
   1683 1.88 0.0 HG 150 
   1021 52.0 0.0 CA 93 
   1920 6.76 0.0 HE21 168 
   400 7.33 0.0 HD2 44 
   2003 56.0 0.0 CA 175 
   195 7.45 0.0 HD22 27 
   1451 3.77 0.0 HD3 131 
   377 2.27 0.0 HB2 42 
   667 2.03 0.0 HG3 65 
   910 1.51 0.0 HB2 85 
   1777 29.2 0.0 CB 157 
   514 29.2 0.0 CB 52 
   1281 56.2 0.0 CA 116 
   868 4.02 0.0 HA 82 
   461 29.8 0.0 CG1 48 
   817 56.7 0.0 CA 78 
   982 0.71 0.0 HD12 90 
   1155 3.79 0.0 HA 105 
   969 2.91 0.0 HB3 89 
   963 129.6 0.0 CE2 88 
   842 5.13 0.0 HA 80 
   947 37.4 0.0 CG 87 
   1671 26.1 0.0 CD1 148 
   1170 124.1 0.0 N 105 
   644 118.8 0.0 N 63 
   1403 3.23 0.0 HB2 128 
   993 2.38 0.0 HB3 91 
   333 2.31 0.0 HB3 39 
   1676 3.16 0.0 HA3 149 
   1865 2.04 0.0 HB3 164 
   1146 1.71 0.0 HB2 104 
   1207 2.39 0.0 HB3 109 
   283 119.1 0.0 N 35 
   1841 0.01 0.0 HD12 162 
   928 7.33 0.0 HD1 86 
   2 2.76 0.0 HB2 11 
   1236 41.0 0.0 CB 111 
   350 0.86 0.0 HD21 40 
   1007 6.63 0.0 HE2 92 
   1849 8.1 0.0 H 163 
   572 4.38 0.0 HA 58 
   380 2.69 0.0 HG3 42 
   1811 2.55 0.0 HB3 160 
   474 29.4 0.0 CB 49 
   1266 68.6 0.0 CB 114 
   1696 9.07 0.0 H 151 
   671 122.0 0.0 N 65 
   970 54.7 0.0 CA 89 
   1773 0.96 0.0 HB3 157 
   1278 4.0 0.0 HA 116 
   548 32.2 0.0 CB 55 
   1422 39.5 0.0 CB 129 
   1262 1.17 0.0 HG21 114 
   1097 1.5 0.0 HG2 99 
   950 5.09 0.0 HA 88 
   1972 56.3 0.0 CA 172 
   574 3.11 0.0 HB3 58 
   484 6.97 0.0 HE1 50 
   542 1.59 0.0 HG3 55 
   1687 1.16 0.0 HD21 150 
   428 62.8 0.0 CA 46 
   789 1.57 0.0 HG3 76 
   1135 2.45 0.0 HB3 103 
   429 62.7 0.0 CB 46 
   1727 119.6 0.0 CZ3 153 
   1926 112.3 0.0 NE2 168 
   1259 7.31 0.0 H 114 
   1475 2.49 0.0 HB2 133 
   431 8.42 0.0 H 47 
   401 6.81 0.0 HE1 44 
   1781 3.54 0.0 HA 158 
   701 24.4 0.0 CG 68 
   967 5.42 0.0 HA 89 
   511 2.31 0.0 HG2 52 
   674 0.91 0.0 HB2 66 
   112 0.18 0.0 HG23 21 
   1131 15.4 0.0 CB 102 
   1376 0.33 0.0 HD22 125 
   882 0.77 0.0 HD21 83 
   691 1.81 0.0 HB2 68 
   517 8.47 0.0 H 53 
   1390 62.4 0.0 CA 126 
   1139 3.85 0.0 HD3 103 
   752 6.46 0.0 HH2 73 
   78 0.94 0.0 HG12 18 
   437 0.93 0.0 HD12 47 
   995 2.13 0.0 HG3 91 
   1919 2.35 0.0 HG3 168 
   1452 65.5 0.0 CA 131 
   630 115.3 0.0 N 62 
   687 116.8 0.0 N 67 
   72 21.8 0.0 CG2 17 
   1982 58.6 0.0 CA 173 
   1171 8.88 0.0 H 106 
   1507 3.11 0.0 HD3 135 
   314 21.0 0.0 CG1 37 
   1112 67.9 0.0 CB 100 
   1670 27.0 0.0 CG 148 
   1877 115.9 0.0 N 164 
   1122 69.9 0.0 CB 101 
   421 117.4 0.0 N 45 
   1596 0.37 0.0 HD23 142 
   1134 0.87 0.0 HB2 103 
   642 26.9 0.0 CG 63 
   1501 4.14 0.0 HA 135 
   972 122.9 0.0 N 89 
   1446 1.83 0.0 HB2 131 
   760 125.1 0.0 N 73 
   1873 34.1 0.0 CB 164 
   1373 0.13 0.0 HD12 125 
   1817 1.16 0.0 HB2 161 
   133 8.04 0.0 H 23 
   1079 7.67 0.0 H 98 
   1013 129.9 0.0 CE1 92 
   620 5.55 0.0 HE1 62 
   739 32.8 0.0 CB 72 
   1547 48.1 0.0 CD 138 
   757 113.1 0.0 CZ2 73 
   867 9.03 0.0 H 82 
   124 2.46 0.0 HB3 22 
   743 8.77 0.0 H 73 
   558 7.75 0.0 HD22 56 
   11 2.32 0.0 HG3 12 
   321 2.45 0.0 HG2 38 
   1224 0.68 0.0 HD23 110 
   624 40.9 0.0 CB 62 
   1040 121.6 0.0 N 94 
   332 1.78 0.0 HB2 39 
   529 3.06 0.0 HB2 54 
   1861 111.2 0.0 NE2 163 
   1188 58.3 0.0 CA 107 
   627 133.7 0.0 CE1 62 
   595 7.49 0.0 H 61 
   340 26.9 0.0 CG 39 
   1743 42.6 0.0 CB 154 
   1407 57.1 0.0 CA 128 
   607 128.3 0.0 CD1 61 
   1307 1.79 0.0 HB3 119 
   1350 -0.36 0.0 HG23 123 
   1996 4.26 0.0 HA 175 
   2000 2.31 0.0 HG3 175 
   1761 0.75 0.0 HG13 156 
   905 22.3 0.0 CD1 84 
   538 3.93 0.0 HA 55 
   858 9.14 0.0 H 81 
   1732 3.58 0.0 HA 154 
   1326 107.3 0.0 N 121 
   1974 24.7 0.0 CG 172 
   1203 49.8 0.0 CD 108 
   33 113.2 0.0 N 14 
   1771 3.85 0.0 HA 157 
   207 123.5 0.0 N 28 
   794 53.9 0.0 CA 76 
   83 64.2 0.0 CA 18 
   1599 26.2 0.0 CG 142 
   670 36.3 0.0 CG 65 
   1318 4.1 0.0 HA2 120 
   1472 119.9 0.0 N 132 
   661 123.1 0.0 N 64 
   611 123.3 0.0 CH2 61 
   696 1.69 0.0 HD3 68 
   188 22.0 0.0 CG2 26 
   309 1.13 0.0 HG21 37 
   122 4.51 0.0 HA 22 
   1563 122.6 0.0 N 139 
   348 0.84 0.0 HD12 40 
   1949 29.2 0.0 CD 170 
   304 3.36 0.0 HA 37 
   103 36.3 0.0 CG 20 
   955 7.18 0.0 HE1 88 
   1286 1.89 0.0 HE1 117 
   782 45.8 0.0 CA 75 
   495 2.1 0.0 HB 51 
   51 1.6 0.0 HG2 16 
   254 27.3 0.0 CG 33 
   1379 41.7 0.0 CB 125 
   581 2.76 0.0 HB3 59 
   1225 53.9 0.0 CA 110 
   57 27.3 0.0 CG 16 
   1935 122.1 0.0 N 169 
   1521 116.3 0.0 N 136 
   1948 24.8 0.0 CG 170 
   226 1.82 0.0 HB2 31 
   1483 61.0 0.0 CA 133 
   1124 114.3 0.0 N 101 
   284 8.01 0.0 H 36 
   764 3.1 0.0 HB2 74 
   4 54.1 0.0 CA 11 
   1398 56.8 0.0 CA 127 
   1458 1.61 0.0 HB2 132 
   1042 1.84 0.0 HB2 95 
   478 8.25 0.0 H 50 
   709 2.34 0.0 HG2 69 
   346 0.96 0.0 HG 40 
   1836 1.33 0.0 HG13 162 
   899 0.64 0.0 HD21 84 
   787 1.49 0.0 HB3 76 
   664 1.55 0.0 HB2 65 
   1796 115.7 0.0 N 158 
   1439 62.3 0.0 CA 130 
   1215 4.34 0.0 HA 110 
   734 1.5 0.0 HG2 72 
   1182 0.58 0.0 HG11 107 
   361 2.06 0.0 HB2 41 
   152 1.0 0.0 HD11 24 
   104 119.8 0.0 N 20 
   1779 117.5 0.0 N 157 
   1564 6.28 0.0 H 140 
   1196 1.88 0.0 HG2 108 
   1473 8.49 0.0 H 133 
   155 1.18 0.0 HD21 24 
   2004 29.2 0.0 CB 175 
   1486 120.1 0.0 CE3 133 
   1187 0.93 0.0 HG23 107 
   1052 8.69 0.0 H 96 
   1090 133.8 0.0 CD2 98 
   1285 2.4 0.0 HG3 117 
   1233 2.6 0.0 HB2 111 
   1815 7.82 0.0 H 161 
   1126 3.87 0.0 HA 102 
   1776 57.3 0.0 CA 157 
   1570 6.77 0.0 HE1 140 
   1447 2.29 0.0 HB3 131 
   570 121.1 0.0 N 57 
   1382 22.6 0.0 CD2 125 
   229 1.65 0.0 HG3 31 
   786 1.44 0.0 HB2 76 
   134 4.44 0.0 HA 23 
   1216 1.6 0.0 HB2 110 
   990 8.61 0.0 H 91 
   1160 0.67 0.0 HG22 105 
   12 58.2 0.0 CA 12 
   1478 9.6 0.0 HE1 133 
   1401 7.93 0.0 H 128 
   275 1.01 0.0 HD21 35 
   978 1.02 0.0 HG21 90 
   810 3.29 0.0 HB3 78 
   881 0.82 0.0 HD13 83 
   515 36.4 0.0 CG 52 
   1845 29.2 0.0 CG1 162 
   1168 17.5 0.0 CG2 105 
   1282 29.0 0.0 CB 116 
   1589 1.6 0.0 HB3 142 
   1358 13.5 0.0 CD1 123 
   1368 4.45 0.0 HA 125 
   1681 1.36 0.0 HB2 150 
   930 6.77 0.0 HE1 86 
   1261 4.2 0.0 HB 114 
   1924 33.7 0.0 CG 168 
   1132 126.2 0.0 N 102 
   1454 27.9 0.0 CG 131 
   1726 113.9 0.0 CZ2 153 
   692 1.89 0.0 HB3 68 
   741 43.1 0.0 CD 72 
   203 1.47 0.0 HB2 28 
   453 0.97 0.0 HG21 48 
   1979 4.42 0.0 HA 173 
   56 30.2 0.0 CB 16 
   1091 118.2 0.0 CE1 98 
   1430 3.99 0.0 HA 130 
   135 2.37 0.0 HB 23 
   1747 118.8 0.0 N 154 
   1003 3.68 0.0 HB3 92 
   489 131.7 0.0 CD2 50 
   1413 4.07 0.0 HA 129 
   1499 117.9 0.0 N 134 
   130 31.8 0.0 CB 22 
   1410 136.2 0.0 CE1 128 
   980 1.02 0.0 HG23 90 
   1043 2.39 0.0 HB3 95 
   1399 40.2 0.0 CB 127 
   808 6.21 0.0 HA 78 
   1532 60.5 0.0 CA 137 
   1340 28.9 0.0 CD 122 
   1237 119.9 0.0 N 111 
   1678 107.1 0.0 N 149 
   1240 3.79 0.0 HA3 112 
   502 67.2 0.0 CA 51 
   557 7.04 0.0 HD21 56 
   1333 1.6 0.0 HD2 122 
   1546 24.1 0.0 CG 138 
   1816 3.88 0.0 HA 161 
   831 6.96 0.0 HD2 79 
   1882 108.0 0.0 N 165 
   45 43.1 0.0 CD 15 
   826 9.23 0.0 H 79 
   1517 6.92 0.0 HD21 136 
   1128 0.01 0.0 HB2 102 
   839 117.3 0.0 CE2 79 
   482 7.26 0.0 HD1 50 
   186 65.4 0.0 CA 26 
   1657 8.89 0.0 H 148 
   1495 1.5 0.0 HB2 134 
   458 0.92 0.0 HD13 48 
   600 9.85 0.0 HE1 61 
   1637 23.3 0.0 CD2 145 
   729 107.9 0.0 N 71 
   1195 2.4 0.0 HB3 108 
   1755 115.0 0.0 N 155 
   1565 4.03 0.0 HA 140 
   560 38.1 0.0 CB 56 
   1338 32.9 0.0 CB 122 
   1396 2.61 0.0 HB2 127 
   777 129.4 0.0 CZ 74 
   1999 2.31 0.0 HG2 175 
   1799 2.07 0.0 HB3 159 
   966 8.46 0.0 H 89 
   822 120.5 0.0 CZ3 78 
   1804 66.3 0.0 CA 159 
   1176 50.2 0.0 CA 106 
   632 4.37 0.0 HA 63 
   1324 3.93 0.0 HA3 121 
   201 4.74 0.0 HA 28 
   1567 2.06 0.0 HB3 140 
   1993 121.0 0.0 N 174 
   266 121.5 0.0 N 34 
   1954 1.93 0.0 HB2 171 
   965 121.3 0.0 N 88 
   857 128.9 0.0 N 80 
   1867 1.66 0.0 HG3 164 
   1154 8.55 0.0 H 105 
   1702 1.82 0.0 HB2 152 
   673 4.75 0.0 HA 66 
   506 118.9 0.0 N 51 
   1058 0.98 0.0 HG22 96 
   70 32.2 0.0 CB 17 
   1388 1.41 0.0 HG22 126 
   1915 4.83 0.0 HA 168 
   1296 6.74 0.0 HE1 118 
   441 0.98 0.0 HD23 47 
   1314 27.1 0.0 CG 119 
   1753 53.8 0.0 CA 155 
   1694 27.2 0.0 CD2 150 
   938 129.3 0.0 N 86 
   1387 1.41 0.0 HG21 126 
   1360 7.71 0.0 H 124 
   1700 105.7 0.0 N 151 
   625 132.0 0.0 CD1 62 
   291 7.92 0.0 HZ2 36 
   1192 119.5 0.0 N 107 
   1247 1.3 0.0 HG2 113 
   1352 -0.19 0.0 HD12 123 
   1402 4.57 0.0 HA 128 
   1976 41.8 0.0 CE 172 
   1953 4.39 0.0 HA 171 
   1559 32.6 0.0 CB 139 
   1713 4.06 0.0 HA 153 
   280 27.0 0.0 CG 35 
   675 2.44 0.0 HB3 66 
   480 3.32 0.0 HB2 50 
   1855 7.42 0.0 HE21 163 
   305 2.2 0.0 HB 37 
   1214 7.93 0.0 H 110 
   1213 116.4 0.0 N 109 
   523 55.6 0.0 CA 53 
   449 3.79 0.0 HA 48 
   270 1.81 0.0 HB3 35 
   1339 25.6 0.0 CG 122 
   496 0.78 0.0 HG11 51 
   755 123.5 0.0 CD1 73 
   1380 26.3 0.0 CG 125 
   1063 64.5 0.0 CA 96 
   264 28.8 0.0 CB 34 
   388 2.34 0.0 HB3 43 
   1809 4.33 0.0 HA 160 
   1106 4.12 0.0 HA 100 
   247 2.12 0.0 HB3 33 
   131 27.7 0.0 CG 22 
   1995 8.36 0.0 H 175 
   1094 3.55 0.0 HA 99 
   614 6.81 0.0 H 62 
   505 21.0 0.0 CG2 51 
   1768 21.8 0.0 CG2 156 
   897 0.41 0.0 HD12 84 
   265 36.3 0.0 CG 34 
   1101 62.8 0.0 CA 99 
   1679 7.83 0.0 H 150 
   1186 0.93 0.0 HG22 107 
   1356 24.8 0.0 CG1 123 
   1071 4.67 0.0 HB 97 
   592 54.1 0.0 CA 60 
   864 34.3 0.0 CB 81 
   1433 1.42 0.0 HG2 130 
   1130 49.7 0.0 CA 102 
   391 58.5 0.0 CA 43 
   1955 2.09 0.0 HB3 171 
   682 3.59 0.0 HB3 67 
   555 2.93 0.0 HB2 56 
   1899 1.86 0.0 HB 167 
   767 6.87 0.0 HD2 74 
   997 33.5 0.0 CB 91 
   167 1.76 0.0 HB3 25 
   1778 34.2 0.0 CG 157 
   1971 2.95 0.0 HE3 172 
   650 0.91 0.0 HD11 64 
   1553 1.46 0.0 HG3 139 
   1258 117.5 0.0 N 113 
   1699 49.3 0.0 CA 151 
   1541 1.72 0.0 HG3 138 
   172 2.92 0.0 HE2 25 
   1088 42.0 0.0 CB 98 
   1984 120.4 0.0 N 173 
   1469 27.0 0.0 CG 132 
   74 8.12 0.0 H 18 
   1468 41.9 0.0 CB 132 
   547 60.5 0.0 CA 55 
   1357 17.0 0.0 CG2 123 
   1504 1.59 0.0 HG2 135 
   411 4.15 0.0 HA 45 
   1658 4.51 0.0 HA 148 
   1619 115.6 0.0 CD2 144 
   768 7.0 0.0 HE1 74 
   1539 1.47 0.0 HB3 138 
   267 8.01 0.0 H 35 
   1973 32.8 0.0 CB 172 
   162 25.5 0.0 CD2 24 
   883 0.77 0.0 HD22 83 
   916 2.27 0.0 HE2 85 
   1359 117.1 0.0 N 123 
   35 4.1 0.0 HA 15 
   961 131.7 0.0 CD2 88 
   1598 40.4 0.0 CB 142 
   975 1.75 0.0 HB 90 
   1965 1.85 0.0 HB3 172 
   1783 0.82 0.0 HG12 158 
   832 6.69 0.0 HE1 79 
   293 7.05 0.0 HH2 36 
   1677 45.7 0.0 CA 149 
   703 41.8 0.0 CE 68 
   1716 7.36 0.0 HD1 153 
   865 119.9 0.0 CD2 81 
   1321 113.5 0.0 N 120 
   52 1.6 0.0 HG3 16 
   712 29.6 0.0 CB 69 
   686 37.3 0.0 CB 67 
   602 7.45 0.0 HZ2 61 
   1037 26.8 0.0 CG1 94 
   1907 0.85 0.0 HD13 167 
   153 1.0 0.0 HD12 24 
   355 26.0 0.0 CG 40 
   665 1.81 0.0 HB3 65 
   1393 111.5 0.0 N 126 
   1932 57.3 0.0 CA 169 
   166 1.76 0.0 HB2 25 
   1621 115.4 0.0 N 144 
   1510 27.0 0.0 CG 135 
   552 122.1 0.0 N 55 
   912 1.18 0.0 HG2 85 
   54 3.21 0.0 HD3 16 
   774 131.7 0.0 CD2 74 
   535 122.2 0.0 N 54 
   1723 29.6 0.0 CB 153 
   1978 8.4 0.0 H 173 
   64 1.01 0.0 HG12 17 
   994 2.13 0.0 HG2 91 
   1083 7.86 0.0 HD1 98 
   491 118.8 0.0 CE2 50 
   1162 0.43 0.0 HD11 105 
   433 1.79 0.0 HB2 47 
   798 42.2 0.0 CE 76 
   1962 8.44 0.0 H 172 
   1812 57.2 0.0 CA 160 
   999 117.4 0.0 N 91 
   1838 0.81 0.0 HG22 162 
   1406 8.19 0.0 HE1 128 
   1099 3.44 0.0 HD2 99 
   1142 27.9 0.0 CG 103 
   1019 2.51 0.0 HB2 93 
   1290 18.0 0.0 CE 117 
   144 18.2 0.0 CG1 23 
   1002 2.77 0.0 HB2 92 
   1642 2.46 0.0 HB3 146 
   249 1.85 0.0 HG3 33 
   213 2.52 0.0 HA 30 
   1103 25.1 0.0 CG 99 
   788 1.43 0.0 HG2 76 
   1881 45.6 0.0 CA 165 
   1086 7.33 0.0 HE2 98 
   1824 0.73 0.0 HD22 161 
   988 14.6 0.0 CD1 90 
   1363 2.78 0.0 HB3 124 
   836 131.9 0.0 CD1 79 
   677 66.8 0.0 CB 66 
   896 0.41 0.0 HD11 84 
   652 0.91 0.0 HD13 64 
   312 66.4 0.0 CA 37 
   1883 7.79 0.0 H 166 
   1116 4.28 0.0 HA 101 
   1545 32.6 0.0 CB 138 
   859 4.82 0.0 HA 81 
   1572 6.2 0.0 HZ 140 
   444 27.4 0.0 CG 47 
   1269 8.73 0.0 H 115 
   1878 7.93 0.0 H 165 
   1946 56.7 0.0 CA 170 
   1552 1.26 0.0 HG2 139 
   772 40.5 0.0 CB 74 
   1551 1.6 0.0 HB3 139 
   1758 1.8 0.0 HB 156 
   1830 22.9 0.0 CD2 161 
   726 61.7 0.0 CA 71 
   1872 56.9 0.0 CA 164 
   1313 30.5 0.0 CB 119 
   618 5.47 0.0 HD1 62 
   1738 0.88 0.0 HD13 154 
   1218 1.35 0.0 HG 110 
   248 1.72 0.0 HG2 33 
   908 8.45 0.0 H 85 
   1748 7.31 0.0 H 155 
   143 32.8 0.0 CB 23 
   567 1.5 0.0 HB3 57 
   1175 1.34 0.0 HB3 106 
   1457 3.95 0.0 HA 132 
   1211 30.2 0.0 CB 109 
   818 32.6 0.0 CB 78 
   655 0.91 0.0 HD23 64 
   341 121.0 0.0 N 39 
   1746 27.6 0.0 CD2 154 
   353 57.5 0.0 CA 40 
   359 7.57 0.0 H 41 
   589 4.4 0.0 HA 60 
   576 39.1 0.0 CB 58 
   1277 8.32 0.0 H 116 
   1896 115.2 0.0 N 166 
   426 3.98 0.0 HB3 46 
   1584 44.0 0.0 CA 141 
   41 3.21 0.0 HD3 15 
   1061 0.87 0.0 HD12 96 
   1270 4.47 0.0 HA 115 
   232 56.1 0.0 CA 31 
   1147 1.85 0.0 HB3 104 
   924 9.53 0.0 H 86 
   1193 4.13 0.0 HA 108 
   1471 26.2 0.0 CD2 132 
   1705 2.09 0.0 HG3 152 
   1264 1.17 0.0 HG23 114 
   1790 0.18 0.0 HD13 158 
   1137 1.47 0.0 HG3 103 
   90 3.98 0.0 HB2 19 
   770 6.92 0.0 HZ 74 
   536 104.6 0.0 ND2 54 
   255 43.1 0.0 CD 33 
   636 1.74 0.0 HG3 63 
   140 1.13 0.0 HG22 23 
   1263 1.17 0.0 HG22 114 
   1693 23.0 0.0 CD1 150 
   1167 27.6 0.0 CG1 105 
   294 58.7 0.0 CA 36 
   1959 31.0 0.0 CB 171 
   86 22.0 0.0 CG2 18 
   802 2.94 0.0 HB2 77 
   1412 7.96 0.0 H 129 
   1509 30.1 0.0 CB 135 
   1415 3.22 0.0 HB3 129 
   894 1.93 0.0 HB3 84 
   1404 3.23 0.0 HB3 128 
   205 51.9 0.0 CA 28 
   1655 20.6 0.0 CB 147 
   1041 4.62 0.0 HA 95 
   242 40.8 0.0 CB 32 
   1493 4.17 0.0 HA 134 
   1044 1.84 0.0 HG2 95 
   1341 41.8 0.0 CE 122 
   935 132.9 0.0 CD2 86 
   615 4.91 0.0 HA 62 
   1272 1.43 0.0 HB2 115 
   1983 27.8 0.0 CB 173 
   1863 4.19 0.0 HA 164 
   384 119.4 0.0 N 42 
   107 1.29 0.0 HB 21 
   1353 -0.19 0.0 HD13 123 
   582 6.69 0.0 HD21 59 
   490 118.8 0.0 CE1 50 
   1675 4.05 0.0 HA2 149 
   368 2.96 0.0 HE3 41 
   638 3.25 0.0 HD3 63 
   1701 4.25 0.0 HA 152 
   327 33.3 0.0 CG 38 
   646 5.07 0.0 HA 64 
   1323 3.93 0.0 HA2 121 
   1275 18.9 0.0 CB 115 
   1891 1.0 0.0 HG23 166 
   564 4.51 0.0 HA 57 
   1788 0.18 0.0 HD11 158 
   234 27.1 0.0 CG 31 
   838 117.3 0.0 CE1 79 
   1105 8.2 0.0 H 100 
   1624 1.42 0.0 HB2 145 
   1828 26.2 0.0 CG 161 
   44 27.3 0.0 CG 15 
   1980 2.81 0.0 HB2 173 
   257 9.25 0.0 H 34 
   1774 0.82 0.0 HG2 157 
   7 4.11 0.0 HA 12 
   1417 7.05 0.0 HD2 129 
   1342 118.4 0.0 N 122 
   1046 3.51 0.0 HD2 95 
   358 120.3 0.0 N 40 
   1497 54.7 0.0 CA 134 
   1927 8.65 0.0 H 169 
   1929 2.59 0.0 HB2 169 
   1459 1.92 0.0 HB3 132 
   1221 0.5 0.0 HD13 110 
   1765 63.4 0.0 CA 156 
   819 125.9 0.0 CD1 78 
   1612 3.57 0.0 HA 144 
   1757 3.87 0.0 HA 156 
   1674 7.41 0.0 H 149 
   827 4.84 0.0 HA 79 
   231 3.17 0.0 HD3 31 
   1028 2.13 0.0 HG13 94 
   1625 2.33 0.0 HB3 145 
   1232 4.44 0.0 HA 111 
   66 1.1 0.0 HG21 17 
   194 6.5 0.0 HD21 27 
   233 29.5 0.0 CB 31 
   212 107.0 0.0 N 29 
   67 1.1 0.0 HG22 17 
   571 7.96 0.0 H 58 
   96 4.35 0.0 HA 20 
   1717 9.7 0.0 HE1 153 
   1767 21.1 0.0 CG1 156 
   262 2.42 0.0 HG3 34 
   1239 4.25 0.0 HA2 112 
   1922 54.4 0.0 CA 168 
   901 0.64 0.0 HD23 84 
   1543 3.45 0.0 HD3 138 
   1470 23.5 0.0 CD1 132 
   750 7.02 0.0 HZ2 73 
   463 13.2 0.0 CD1 48 
   821 114.1 0.0 CZ2 78 
   593 40.5 0.0 CB 60 
   319 2.23 0.0 HB2 38 
   575 55.3 0.0 CA 58 
   1940 1.38 0.0 HG2 170 
   53 3.21 0.0 HD2 16 
   1524 4.01 0.0 HA 137 
   913 1.18 0.0 HG3 85 
   792 2.95 0.0 HE2 76 
   653 0.91 0.0 HD21 64 
   238 4.9 0.0 HA 32 
   1607 1.04 0.0 HB3 143 
   944 2.0 0.0 HG3 87 
   301 121.6 0.0 N 36 
   795 38.2 0.0 CB 76 
   456 0.92 0.0 HD11 48 
   1076 67.7 0.0 CB 97 
   1525 1.75 0.0 HB 137 
   605 56.9 0.0 CA 61 
   1153 119.5 0.0 N 104 
   1347 0.7 0.0 HG13 123 
   138 0.96 0.0 HG13 23 
   1377 0.33 0.0 HD23 125 
   911 1.74 0.0 HB3 85 
   513 59.7 0.0 CA 52 
   1053 3.78 0.0 HA 96 
   711 58.0 0.0 CA 69 
   486 58.8 0.0 CA 50 
   803 3.39 0.0 HB3 77 
   1310 3.21 0.0 HD2 119 
   623 57.0 0.0 CA 62 
   1378 54.2 0.0 CA 125 
   918 56.1 0.0 CA 85 
   317 7.16 0.0 H 38 
   145 22.0 0.0 CG2 23 
   1464 1.04 0.0 HD21 132 
   1474 3.57 0.0 HA 133 
   1485 126.6 0.0 CD1 133 
   699 59.8 0.0 CA 68 
   754 30.6 0.0 CB 73 
   639 7.37 0.0 HE 63 
   1536 122.5 0.0 N 137 
   116 59.2 0.0 CA 21 
   1109 1.25 0.0 HG22 100 
   59 120.5 0.0 N 16 
   854 27.8 0.0 CG1 80 
   525 119.5 0.0 N 53 
   1476 3.07 0.0 HB3 133 
   1629 -0.05 0.0 HD13 145 
   861 3.25 0.0 HB3 81 
   915 1.28 0.0 HD3 85 
   823 123.5 0.0 CH2 78 
   717 3.53 0.0 HA3 70 
   628 133.7 0.0 CE2 62 
   1847 14.9 0.0 CD1 162 
   1703 2.44 0.0 HB3 152 
   142 61.6 0.0 CA 23 
   678 111.7 0.0 N 66 
   1947 33.5 0.0 CB 170 
   1931 7.31 0.0 HD2 169 
   942 1.9 0.0 HB3 87 
   805 32.7 0.0 CB 77 
   394 120.6 0.0 N 43 
   1710 28.3 0.0 CG 152 
   360 4.16 0.0 HA 41 
   1620 136.3 0.0 CE1 144 
   1750 1.43 0.0 HB1 155 
   1256 29.1 0.0 CD 113 
   597 2.65 0.0 HB2 61 
   80 1.01 0.0 HG21 18 
   1615 5.82 0.0 HD2 144 
   1014 129.9 0.0 CE2 92 
   1595 0.37 0.0 HD22 142 
   177 29.2 0.0 CD 25 
   927 3.29 0.0 HB3 86 
   706 4.19 0.0 HA 69 
