   128 4.08 0.0 HD3 22 
   788 1.43 0.0 HG2 76 
   1675 4.05 0.0 HA2 149 
   1991 53.2 0.0 CA 174 
   1724 127.0 0.0 CD1 153 
   868 4.02 0.0 HA 82 
   796 24.8 0.0 CG 76 
   9 2.03 0.0 HB3 12 
   952 3.07 0.0 HB3 88 
   776 130.0 0.0 CE2 74 
   1926 112.3 0.0 NE2 168 
   1891 1.0 0.0 HG23 166 
   670 36.3 0.0 CG 65 
   1192 119.5 0.0 N 107 
   1095 1.45 0.0 HB2 99 
   1236 41.0 0.0 CB 111 
   1453 30.7 0.0 CB 131 
   98 2.19 0.0 HB3 20 
   1164 0.43 0.0 HD13 105 
   835 44.0 0.0 CB 79 
   175 35.9 0.0 CB 25 
   1354 61.9 0.0 CA 123 
   292 7.51 0.0 HZ3 36 
   412 2.23 0.0 HB2 45 
   679 8.15 0.0 H 67 
   1021 52.0 0.0 CA 93 
   42 58.2 0.0 CA 15 
   1859 33.7 0.0 CG 163 
   746 2.21 0.0 HB3 73 
   1650 4.49 0.0 HA 147 
   284 8.01 0.0 H 36 
   786 1.44 0.0 HB2 76 
   1668 54.5 0.0 CA 148 
   1023 118.3 0.0 N 93 
   1683 1.88 0.0 HG 150 
   69 64.5 0.0 CA 17 
   1857 58.8 0.0 CA 163 
   1864 1.76 0.0 HB2 164 
   750 7.02 0.0 HZ2 73 
   15 122.1 0.0 N 12 
   1833 3.68 0.0 HA 162 
   572 4.38 0.0 HA 58 
   291 7.92 0.0 HZ2 36 
   1342 118.4 0.0 N 122 
   1403 3.23 0.0 HB2 128 
   300 122.2 0.0 CH2 36 
   682 3.59 0.0 HB3 67 
   81 1.01 0.0 HG22 18 
   438 0.93 0.0 HD13 47 
   1428 121.3 0.0 N 129 
   1801 2.05 0.0 HG3 159 
   1397 2.68 0.0 HB3 127 
   1410 136.2 0.0 CE1 128 
   1450 3.64 0.0 HD2 131 
   441 0.98 0.0 HD23 47 
   299 120.3 0.0 CZ3 36 
   1630 0.45 0.0 HD21 145 
   456 0.92 0.0 HD11 48 
   1487 113.9 0.0 CZ2 133 
   1936 8.48 0.0 H 170 
   1409 120.2 0.0 CD2 128 
   769 7.0 0.0 HE2 74 
   1 4.65 0.0 HA 11 
   358 120.3 0.0 N 40 
   1792 30.6 0.0 CB 158 
   1788 0.18 0.0 HD11 158 
   1558 57.9 0.0 CA 139 
   675 2.44 0.0 HB3 66 
   1794 18.6 0.0 CG2 158 
   1628 -0.05 0.0 HD12 145 
   1442 29.4 0.0 CD 130 
   872 39.0 0.0 CB 82 
   1714 3.23 0.0 HB2 153 
   1204 9.68 0.0 H 109 
   1865 2.04 0.0 HB3 164 
   1762 0.93 0.0 HG21 156 
   1309 1.68 0.0 HG3 119 
   830 6.96 0.0 HD1 79 
   1241 45.8 0.0 CA 112 
   530 3.06 0.0 HB3 54 
   1972 56.3 0.0 CA 172 
   118 27.5 0.0 CG1 21 
   39 1.72 0.0 HG3 15 
   270 1.81 0.0 HB3 35 
   1313 30.5 0.0 CB 119 
   1159 0.67 0.0 HG21 105 
   913 1.18 0.0 HG3 85 
   1756 6.91 0.0 H 156 
   1435 1.73 0.0 HD2 130 
   294 58.7 0.0 CA 36 
   667 2.03 0.0 HG3 65 
   699 59.8 0.0 CA 68 
   823 123.5 0.0 CH2 78 
   1534 20.4 0.0 CG1 137 
   770 6.92 0.0 HZ 74 
   248 1.72 0.0 HG2 33 
   1404 3.23 0.0 HB3 128 
   117 39.1 0.0 CB 21 
   1474 3.57 0.0 HA 133 
   1229 22.5 0.0 CD2 110 
   1251 3.12 0.0 HE2 113 
   1957 2.2 0.0 HG3 171 
   1031 0.7 0.0 HG23 94 
   1215 4.34 0.0 HA 110 
   410 8.21 0.0 H 45 
   1718 7.08 0.0 HE3 153 
   1059 0.98 0.0 HG23 96 
   605 56.9 0.0 CA 61 
   646 5.07 0.0 HA 64 
   1655 20.6 0.0 CB 147 
   1463 0.93 0.0 HD13 132 
   1698 3.72 0.0 HA3 151 
   1396 2.61 0.0 HB2 127 
   1280 2.0 0.0 HB3 116 
   266 121.5 0.0 N 34 
   1934 120.5 0.0 CD2 169 
   91 3.98 0.0 HB3 19 
   465 7.64 0.0 H 49 
   432 4.23 0.0 HA 47 
   1307 1.79 0.0 HB3 119 
   602 7.45 0.0 HZ2 61 
   1459 1.92 0.0 HB3 132 
   815 6.61 0.0 HZ3 78 
   428 62.8 0.0 CA 46 
   511 2.31 0.0 HG2 52 
   281 22.8 0.0 CD1 35 
   1035 55.2 0.0 CA 94 
   1850 4.04 0.0 HA 163 
   1826 57.4 0.0 CA 161 
   1260 4.63 0.0 HA 114 
   404 37.9 0.0 CB 44 
   512 2.42 0.0 HG3 52 
   1735 2.08 0.0 HG 154 
   650 0.91 0.0 HD11 64 
   1462 0.93 0.0 HD12 132 
   206 24.4 0.0 CB 28 
   1885 2.17 0.0 HB 166 
   1439 62.3 0.0 CA 130 
   1475 2.49 0.0 HB2 133 
   1119 1.08 0.0 HG22 101 
   34 8.07 0.0 H 15 
   2003 56.0 0.0 CA 175 
   1694 27.2 0.0 CD2 150 
   454 0.97 0.0 HG22 48 
   443 42.7 0.0 CB 47 
   706 4.19 0.0 HA 69 
   814 7.17 0.0 HZ2 78 
   852 59.6 0.0 CA 80 
   1552 1.26 0.0 HG2 139 
   715 7.82 0.0 H 70 
   1556 2.87 0.0 HE2 139 
   141 1.13 0.0 HG23 23 
   1155 3.79 0.0 HA 105 
   662 8.9 0.0 H 65 
   330 8.2 0.0 H 39 
   368 2.96 0.0 HE3 41 
   1499 117.9 0.0 N 134 
   1212 36.8 0.0 CG 109 
   139 1.13 0.0 HG21 23 
   1081 2.76 0.0 HB2 98 
   255 43.1 0.0 CD 33 
   1918 2.32 0.0 HG2 168 
   172 2.92 0.0 HE2 25 
   672 7.8 0.0 H 66 
   355 26.0 0.0 CG 40 
   693 1.46 0.0 HG2 68 
   606 29.6 0.0 CB 61 
   1026 2.04 0.0 HB 94 
   1548 8.76 0.0 H 139 
   1783 0.82 0.0 HG12 158 
   1243 8.33 0.0 H 113 
   1573 51.9 0.0 CA 140 
   125 2.1 0.0 HG2 22 
   1889 1.0 0.0 HG21 166 
   797 29.6 0.0 CD 76 
   1265 58.4 0.0 CA 114 
   1352 -0.19 0.0 HD12 123 
   805 32.7 0.0 CB 77 
   1416 7.05 0.0 HD1 129 
   1997 1.94 0.0 HB2 175 
   1509 30.1 0.0 CB 135 
   533 55.3 0.0 CA 54 
   526 110.8 0.0 ND2 53 
   1092 116.0 0.0 CE2 98 
   233 29.5 0.0 CB 31 
   1068 118.2 0.0 N 96 
   1890 1.0 0.0 HG22 166 
   1223 0.68 0.0 HD22 110 
   336 2.71 0.0 HD2 39 
   1418 6.99 0.0 HE1 129 
   674 0.91 0.0 HB2 66 
   1866 1.45 0.0 HG2 164 
   1956 2.2 0.0 HG2 171 
   242 40.8 0.0 CB 32 
   588 8.49 0.0 H 60 
   1135 2.45 0.0 HB3 103 
   627 133.7 0.0 CE1 62 
   826 9.23 0.0 H 79 
   985 42.8 0.0 CB 90 
   1508 57.0 0.0 CA 135 
   250 3.34 0.0 HD2 33 
   1182 0.58 0.0 HG11 107 
   837 131.9 0.0 CD2 79 
   1583 4.14 0.0 HA3 141 
   1017 8.57 0.0 H 93 
   1769 113.1 0.0 N 156 
   370 32.0 0.0 CB 41 
   359 7.57 0.0 H 41 
   1367 8.42 0.0 H 125 
   409 118.4 0.0 N 44 
   1681 1.36 0.0 HB2 150 
   1189 31.4 0.0 CB 107 
   1881 45.6 0.0 CA 165 
   130 31.8 0.0 CB 22 
   880 0.82 0.0 HD12 83 
   453 0.97 0.0 HG21 48 
   720 8.33 0.0 H 71 
   1682 2.33 0.0 HB3 150 
   185 1.25 0.0 HG23 26 
   74 8.12 0.0 H 18 
   397 3.17 0.0 HB2 44 
   403 62.3 0.0 CA 44 
   246 2.0 0.0 HB2 33 
   49 1.9 0.0 HB2 16 
   1173 1.34 0.0 HB1 106 
   1723 29.6 0.0 CB 153 
   1085 6.93 0.0 HE1 98 
   418 59.3 0.0 CA 45 
   1945 2.96 0.0 HE3 170 
   1222 0.68 0.0 HD21 110 
   1716 7.36 0.0 HD1 153 
   756 119.8 0.0 CE3 73 
   1731 8.68 0.0 H 154 
   1355 37.5 0.0 CB 123 
   328 118.6 0.0 N 38 
   372 29.5 0.0 CD 41 
   461 29.8 0.0 CG1 48 
   592 54.1 0.0 CA 60 
   1845 29.2 0.0 CG1 162 
   1402 4.57 0.0 HA 128 
   154 1.0 0.0 HD13 24 
   439 0.98 0.0 HD21 47 
   1789 0.18 0.0 HD12 158 
   471 3.37 0.0 HD2 49 
   1425 129.8 0.0 CE1 129 
   161 27.0 0.0 CD1 24 
   1088 42.0 0.0 CB 98 
   994 2.13 0.0 HG2 91 
   277 1.01 0.0 HD23 35 
   1292 2.84 0.0 HB2 118 
   1197 2.12 0.0 HG3 108 
   1646 31.6 0.0 CB 146 
   36 1.87 0.0 HB2 15 
   637 3.25 0.0 HD2 63 
   377 2.27 0.0 HB2 42 
   1473 8.49 0.0 H 133 
   76 2.19 0.0 HB 18 
   1216 1.6 0.0 HB2 110 
   625 132.0 0.0 CD1 62 
   915 1.28 0.0 HD3 85 
   919 34.2 0.0 CB 85 
   119 17.2 0.0 CG2 21 
   1708 64.6 0.0 CA 152 
   430 114.9 0.0 N 46 
   1225 53.9 0.0 CA 110 
   1561 29.3 0.0 CD 139 
   1823 0.73 0.0 HD21 161 
   851 0.82 0.0 HD13 80 
   1914 8.64 0.0 H 168 
   420 34.2 0.0 CG 45 
   775 130.0 0.0 CE1 74 
   476 42.2 0.0 CD 49 
   924 9.53 0.0 H 86 
   1060 0.87 0.0 HD11 96 
   809 3.11 0.0 HB2 78 
   780 4.93 0.0 HA2 75 
   732 1.63 0.0 HB2 72 
   1106 4.12 0.0 HA 100 
   1421 62.4 0.0 CA 129 
   103 36.3 0.0 CG 20 
   1272 1.43 0.0 HB2 115 
   640 54.8 0.0 CA 63 
   1922 54.4 0.0 CA 168 
   967 5.42 0.0 HA 89 
   186 65.4 0.0 CA 26 
   1478 9.6 0.0 HE1 133 
   1253 56.4 0.0 CA 113 
   335 1.47 0.0 HG3 39 
   1157 0.33 0.0 HG12 105 
   1359 117.1 0.0 N 123 
   1326 107.3 0.0 N 121 
   1012 131.3 0.0 CD2 92 
   1905 0.85 0.0 HD11 167 
   1321 113.5 0.0 N 120 
   219 3.47 0.0 HD3 30 
   1162 0.43 0.0 HD11 105 
   611 123.3 0.0 CH2 61 
   349 0.84 0.0 HD13 40 
   30 64.2 0.0 CA 14 
   462 17.0 0.0 CG2 48 
   1043 2.39 0.0 HB3 95 
   1210 58.3 0.0 CA 109 
   184 1.25 0.0 HG22 26 
   1432 2.04 0.0 HB3 130 
   1484 27.6 0.0 CB 133 
   79 0.94 0.0 HG13 18 
   690 3.96 0.0 HA 68 
   1179 8.02 0.0 H 107 
   966 8.46 0.0 H 89 
   6 8.75 0.0 H 12 
   1553 1.46 0.0 HG3 139 
   1062 0.87 0.0 HD13 96 
   631 8.75 0.0 H 63 
   145 22.0 0.0 CG2 23 
   1075 60.5 0.0 CA 97 
   617 2.5 0.0 HB3 62 
   874 8.23 0.0 H 83 
   22 18.5 0.0 CB 13 
   231 3.17 0.0 HD3 31 
   464 118.5 0.0 N 48 
   1535 22.9 0.0 CG2 137 
   71 21.1 0.0 CG1 17 
   1906 0.85 0.0 HD12 167 
   1136 1.32 0.0 HG2 103 
   1741 1.14 0.0 HD23 154 
   1391 69.5 0.0 CB 126 
   463 13.2 0.0 CD1 48 
   1543 3.45 0.0 HD3 138 
   1954 1.93 0.0 HB2 171 
   275 1.01 0.0 HD21 35 
   733 1.73 0.0 HB3 72 
   1903 0.95 0.0 HG22 167 
   211 44.9 0.0 CA 29 
   1685 0.87 0.0 HD12 150 
   371 25.0 0.0 CG 41 
   802 2.94 0.0 HB2 77 
   768 7.0 0.0 HE1 74 
   748 9.32 0.0 HE1 73 
   1530 1.08 0.0 HG22 137 
   224 8.5 0.0 H 31 
   80 1.01 0.0 HG21 18 
   1185 0.93 0.0 HG21 107 
   351 0.86 0.0 HD22 40 
   1663 0.8 0.0 HD12 148 
   273 0.91 0.0 HD12 35 
   525 119.5 0.0 N 53 
   1784 1.49 0.0 HG13 158 
   1037 26.8 0.0 CG1 94 
   47 8.18 0.0 H 16 
   1322 8.15 0.0 H 121 
   1436 1.74 0.0 HD3 130 
   742 123.7 0.0 N 72 
   648 1.86 0.0 HB3 64 
   191 4.6 0.0 HA 27 
   653 0.91 0.0 HD21 64 
   687 116.8 0.0 N 67 
   1298 53.1 0.0 CA 118 
   723 1.1 0.0 HG21 71 
   1168 17.5 0.0 CG2 105 
   1084 7.38 0.0 HD2 98 
   1228 25.1 0.0 CD1 110 
   1014 129.9 0.0 CE2 92 
   539 1.91 0.0 HB2 55 
   7 4.11 0.0 HA 12 
   481 3.32 0.0 HB3 50 
   1989 7.61 0.0 HD21 174 
   764 3.1 0.0 HB2 74 
   1977 122.0 0.0 N 172 
   1602 125.0 0.0 N 142 
   1542 3.23 0.0 HD2 138 
   1370 1.68 0.0 HB3 125 
   26 4.2 0.0 HB 14 
   983 0.71 0.0 HD13 90 
   1289 36.0 0.0 CG 117 
   595 7.49 0.0 H 61 
   198 128.7 0.0 N 27 
   414 2.54 0.0 HG2 45 
   506 118.9 0.0 N 51 
   223 48.9 0.0 CD 30 
   1942 1.6 0.0 HD2 170 
   700 31.8 0.0 CB 68 
   1799 2.07 0.0 HB3 159 
   1139 3.85 0.0 HD3 103 
   1614 3.34 0.0 HB3 144 
   755 123.5 0.0 CD1 73 
   855 17.1 0.0 CG2 80 
   123 1.93 0.0 HB2 22 
   1018 5.58 0.0 HA 93 
   236 116.8 0.0 N 31 
   227 2.02 0.0 HB3 31 
   1079 7.67 0.0 H 98 
   1931 7.31 0.0 HD2 169 
   1057 0.98 0.0 HG21 96 
   1291 4.86 0.0 HA 118 
   129 63.3 0.0 CA 22 
   516 119.7 0.0 N 52 
   487 38.5 0.0 CB 50 
   705 8.77 0.0 H 69 
   170 1.6 0.0 HD2 25 
   1555 1.62 0.0 HD3 139 
   1605 1.04 0.0 HB1 143 
   385 8.98 0.0 H 43 
   1604 3.75 0.0 HA 143 
   799 121.3 0.0 N 76 
   424 4.12 0.0 HA 46 
   1974 24.7 0.0 CG 172 
   532 7.24 0.0 HD22 54 
   1420 6.93 0.0 HZ 129 
   752 6.46 0.0 HH2 73 
   960 131.7 0.0 CD1 88 
   1419 6.99 0.0 HE2 129 
   1034 0.45 0.0 HD13 94 
   373 42.2 0.0 CE 41 
   168 1.29 0.0 HG2 25 
   614 6.81 0.0 H 62 
   48 4.19 0.0 HA 16 
   615 4.91 0.0 HA 62 
   1568 6.2 0.0 HD1 140 
   1806 28.7 0.0 CG 159 
   104 119.8 0.0 N 20 
   1693 23.0 0.0 CD1 150 
   918 56.1 0.0 CA 85 
   1751 1.43 0.0 HB2 155 
   1167 27.6 0.0 CG1 105 
   222 27.2 0.0 CG 30 
   1899 1.86 0.0 HB 167 
   1116 4.28 0.0 HA 101 
   486 58.8 0.0 CA 50 
   375 7.68 0.0 H 42 
   436 0.93 0.0 HD11 47 
   106 4.14 0.0 HA 21 
   1790 0.18 0.0 HD13 158 
   1910 25.3 0.0 CG1 167 
   33 113.2 0.0 N 14 
   1448 1.99 0.0 HG2 131 
   1695 125.1 0.0 N 150 
   1996 4.26 0.0 HA 175 
   1861 111.2 0.0 NE2 163 
   348 0.84 0.0 HD12 40 
   302 125.7 0.0 NE1 36 
   180 10.39 0.0 H 26 
   673 4.75 0.0 HA 66 
   423 8.3 0.0 H 46 
   930 6.77 0.0 HE1 86 
   1821 0.66 0.0 HD12 161 
   870 2.87 0.0 HB3 82 
   1669 43.3 0.0 CB 148 
   1782 1.56 0.0 HB 158 
   1249 1.6 0.0 HD2 113 
   492 119.9 0.0 N 50 
   1501 4.14 0.0 HA 135 
   795 38.2 0.0 CB 76 
   59 120.5 0.0 N 16 
   787 1.49 0.0 HB3 76 
   144 18.2 0.0 CG1 23 
   1002 2.77 0.0 HB2 92 
   1093 128.0 0.0 N 98 
   68 1.1 0.0 HG23 17 
   563 7.52 0.0 H 57 
   1186 0.93 0.0 HG22 107 
   135 2.37 0.0 HB 23 
   1054 1.9 0.0 HB 96 
   1849 8.1 0.0 H 163 
   212 107.0 0.0 N 29 
   1915 4.83 0.0 HA 168 
   791 1.68 0.0 HD3 76 
   965 121.3 0.0 N 88 
   258 4.24 0.0 HA 34 
   133 8.04 0.0 H 23 
   582 6.69 0.0 HD21 59 
   731 5.02 0.0 HA 72 
   1080 4.69 0.0 HA 98 
   3 2.76 0.0 HB3 11 
   1770 7.92 0.0 H 157 
   1778 34.2 0.0 CG 157 
   1917 2.09 0.0 HB3 168 
   1824 0.73 0.0 HD22 161 
   1520 40.4 0.0 CB 136 
   1502 1.71 0.0 HB2 135 
   1400 122.0 0.0 N 127 
   1596 0.37 0.0 HD23 142 
   765 3.22 0.0 HB3 74 
   148 4.56 0.0 HA 24 
   1549 4.17 0.0 HA 139 
   1757 3.87 0.0 HA 156 
   1774 0.82 0.0 HG2 157 
   320 2.23 0.0 HB3 38 
   1670 27.0 0.0 CG 148 
   458 0.92 0.0 HD13 48 
   1759 0.75 0.0 HG11 156 
   1433 1.42 0.0 HG2 130 
   1374 0.13 0.0 HD13 125 
   664 1.55 0.0 HB2 65 
   1575 127.3 0.0 CD1 140 
   552 122.1 0.0 N 55 
   484 6.97 0.0 HE1 50 
   1532 60.5 0.0 CA 137 
   1719 7.16 0.0 HZ2 153 
   1247 1.3 0.0 HG2 113 
   1275 18.9 0.0 CB 115 
   171 1.6 0.0 HD3 25 
   1727 119.6 0.0 CZ3 153 
   401 6.81 0.0 HE1 44 
   1755 115.0 0.0 N 155 
   860 2.85 0.0 HB2 81 
   93 63.2 0.0 CB 19 
   1888 1.0 0.0 HG13 166 
   380 2.69 0.0 HG3 42 
   340 26.9 0.0 CG 39 
   618 5.47 0.0 HD1 62 
   1010 40.4 0.0 CB 92 
   1798 1.66 0.0 HB2 159 
   496 0.78 0.0 HG11 51 
   159 41.3 0.0 CB 24 
   1230 116.5 0.0 N 110 
   1065 27.8 0.0 CG1 96 
   1239 4.25 0.0 HA2 112 
   1966 1.35 0.0 HG2 172 
   647 1.83 0.0 HB2 64 
   324 8.08 0.0 HE22 38 
   834 57.7 0.0 CA 79 
   1973 32.8 0.0 CB 172 
   1113 21.6 0.0 CG2 100 
   2001 7.5 0.0 HE21 175 
   920 25.6 0.0 CG 85 
   1282 29.0 0.0 CB 116 
   1622 8.62 0.0 H 145 
   1166 38.7 0.0 CB 105 
   243 119.3 0.0 N 32 
   654 0.91 0.0 HD22 64 
   1102 33.2 0.0 CB 99 
   150 1.88 0.0 HB3 24 
   1244 4.41 0.0 HA 113 
   1169 14.7 0.0 CD1 105 
   666 1.89 0.0 HG2 65 
   41 3.21 0.0 HD3 15 
   1015 127.8 0.0 CZ 92 
   1340 28.9 0.0 CD 122 
   249 1.85 0.0 HG3 33 
   435 1.91 0.0 HG 47 
   1184 0.58 0.0 HG13 107 
   1481 7.04 0.0 HZ3 133 
   2002 6.84 0.0 HE22 175 
   308 0.99 0.0 HG13 37 
   1952 8.55 0.0 H 171 
   100 2.4 0.0 HG3 20 
   1688 1.16 0.0 HD22 150 
   1700 105.7 0.0 N 151 
   892 4.47 0.0 HA 84 
   721 4.41 0.0 HA 71 
   1441 26.5 0.0 CG 130 
   783 107.1 0.0 N 75 
   261 2.42 0.0 HG2 34 
   362 2.06 0.0 HB3 41 
   1809 4.33 0.0 HA 160 
   1377 0.33 0.0 HD23 125 
   1846 16.7 0.0 CG2 162 
   50 1.9 0.0 HB3 16 
   1562 41.9 0.0 CE 139 
   1242 115.0 0.0 N 112 
   84 31.9 0.0 CB 18 
   113 -0.19 0.0 HD11 21 
   567 1.5 0.0 HB3 57 
   784 8.54 0.0 H 76 
   1776 57.3 0.0 CA 157 
   573 2.55 0.0 HB2 58 
   710 2.54 0.0 HG3 69 
   546 2.84 0.0 HE3 55 
   1691 42.2 0.0 CB 150 
   1525 1.75 0.0 HB 137 
   86 22.0 0.0 CG2 18 
   475 26.1 0.0 CG 49 
   67 1.1 0.0 HG22 17 
   1642 2.46 0.0 HB3 146 
   603 6.87 0.0 HZ3 61 
   165 4.41 0.0 HA 25 
   1740 1.14 0.0 HD22 154 
   1256 29.1 0.0 CD 113 
   1003 3.68 0.0 HB3 92 
   831 6.96 0.0 HD2 79 
   1738 0.88 0.0 HD13 154 
   1689 1.16 0.0 HD23 150 
   474 29.4 0.0 CB 49 
   1131 15.4 0.0 CB 102 
   440 0.98 0.0 HD22 47 
   1618 29.7 0.0 CB 144 
   1461 0.93 0.0 HD11 132 
   975 1.75 0.0 HB 90 
   1993 121.0 0.0 N 174 
   1818 1.9 0.0 HB3 161 
   597 2.65 0.0 HB2 61 
   1748 7.31 0.0 H 155 
   1171 8.88 0.0 H 106 
   383 35.5 0.0 CG 42 
   2006 120.6 0.0 N 175 
   1180 4.9 0.0 HA 107 
   1338 32.9 0.0 CB 122 
   1894 21.8 0.0 CG1 166 
   1444 118.4 0.0 N 130 
   1346 0.57 0.0 HG12 123 
   2005 33.7 0.0 CG 175 
   638 3.25 0.0 HD3 63 
