   1932 57.3 0.0 CA 169 
   155 1.18 0.0 HD21 24 
   2001 7.5 0.0 HE21 175 
   349 0.84 0.0 HD13 40 
   1308 1.58 0.0 HG2 119 
   1975 29.1 0.0 CD 172 
   1806 28.7 0.0 CG 159 
   732 1.63 0.0 HB2 72 
   1337 55.1 0.0 CA 122 
   1509 30.1 0.0 CB 135 
   963 129.6 0.0 CE2 88 
   895 1.54 0.0 HG 84 
   250 3.34 0.0 HD2 33 
   888 25.2 0.0 CD1 83 
   1860 121.6 0.0 N 163 
   890 108.0 0.0 N 83 
   1988 2.83 0.0 HB3 174 
   293 7.05 0.0 HH2 36 
   1927 8.65 0.0 H 169 
   1823 0.73 0.0 HD21 161 
   1161 0.67 0.0 HG23 105 
   562 112.3 0.0 ND2 56 
   207 123.5 0.0 N 28 
   602 7.45 0.0 HZ2 61 
   1931 7.31 0.0 HD2 169 
   131 27.7 0.0 CG 22 
   1103 25.1 0.0 CG 99 
   362 2.06 0.0 HB3 41 
   1725 119.6 0.0 CE3 153 
   1588 0.74 0.0 HB2 142 
   1486 120.1 0.0 CE3 133 
   363 1.45 0.0 HG2 41 
   1289 36.0 0.0 CG 117 
   268 4.34 0.0 HA 35 
   43 30.1 0.0 CB 15 
   347 0.84 0.0 HD11 40 
   1473 8.49 0.0 H 133 
   1968 1.65 0.0 HD2 172 
   1694 27.2 0.0 CD2 150 
   500 0.8 0.0 HG22 51 
   873 131.6 0.0 N 82 
   902 53.6 0.0 CA 84 
   1105 8.2 0.0 H 100 
   1171 8.88 0.0 H 106 
   1251 3.12 0.0 HE2 113 
   234 27.1 0.0 CG 31 
   518 4.48 0.0 HA 53 
   107 1.29 0.0 HB 21 
   1478 9.6 0.0 HE1 133 
   1703 2.44 0.0 HB3 152 
   1520 40.4 0.0 CB 136 
   1424 131.7 0.0 CD2 129 
   270 1.81 0.0 HB3 35 
   1386 4.54 0.0 HB 126 
   817 56.7 0.0 CA 78 
   1912 14.6 0.0 CD1 167 
   1929 2.59 0.0 HB2 169 
   1901 1.3 0.0 HG13 167 
   200 7.02 0.0 H 28 
   1141 31.9 0.0 CB 103 
   1889 1.0 0.0 HG21 166 
   1626 1.11 0.0 HG 145 
   978 1.02 0.0 HG21 90 
   1378 54.2 0.0 CA 125 
   139 1.13 0.0 HG21 23 
   619 5.47 0.0 HD2 62 
   1905 0.85 0.0 HD11 167 
   1176 50.2 0.0 CA 106 
   1411 114.8 0.0 N 128 
   1164 0.43 0.0 HD13 105 
   904 25.9 0.0 CG 84 
   1327 7.0 0.0 H 122 
   728 23.0 0.0 CG2 71 
   853 38.1 0.0 CB 80 
   1023 118.3 0.0 N 93 
   847 0.64 0.0 HG22 80 
   481 3.32 0.0 HB3 50 
   1331 1.04 0.0 HG2 122 
   1073 1.17 0.0 HG22 97 
   605 56.9 0.0 CA 61 
   598 4.08 0.0 HB3 61 
   393 34.7 0.0 CG 43 
   768 7.0 0.0 HE1 74 
   407 117.8 0.0 CE1 44 
   178 41.8 0.0 CE 25 
   1302 117.4 0.0 CE1 118 
   180 10.39 0.0 H 26 
   82 1.01 0.0 HG23 18 
   532 7.24 0.0 HD22 54 
   1557 2.91 0.0 HE3 139 
   572 4.38 0.0 HA 58 
   1333 1.6 0.0 HD2 122 
   386 4.33 0.0 HA 43 
   1482 7.06 0.0 HH2 133 
   273 0.91 0.0 HD12 35 
   1170 124.1 0.0 N 105 
   839 117.3 0.0 CE2 79 
   1580 113.4 0.0 N 140 
   1681 1.36 0.0 HB2 150 
   409 118.4 0.0 N 44 
   1752 1.43 0.0 HB3 155 
   612 121.9 0.0 N 61 
   134 4.44 0.0 HA 23 
   1986 4.67 0.0 HA 174 
   1130 49.7 0.0 CA 102 
   537 8.89 0.0 H 55 
   371 25.0 0.0 CG 41 
   1310 3.21 0.0 HD2 119 
   788 1.43 0.0 HG2 76 
   1802 3.0 0.0 HD2 159 
   1965 1.85 0.0 HB3 172 
   44 27.3 0.0 CG 15 
   1285 2.4 0.0 HG3 117 
   54 3.21 0.0 HD3 16 
   648 1.86 0.0 HB3 64 
   1892 63.3 0.0 CA 166 
   1097 1.5 0.0 HG2 99 
   750 7.02 0.0 HZ2 73 
   1917 2.09 0.0 HB3 168 
   1947 33.5 0.0 CB 170 
   56 30.2 0.0 CB 16 
   1204 9.68 0.0 H 109 
   1510 27.0 0.0 CG 135 
   1092 116.0 0.0 CE2 98 
   940 5.28 0.0 HA 87 
   447 120.8 0.0 N 47 
   1181 1.96 0.0 HB 107 
   1656 120.5 0.0 N 147 
   596 4.27 0.0 HA 61 
   1429 8.59 0.0 H 130 
   253 28.7 0.0 CB 33 
   1270 4.47 0.0 HA 115 
   1870 2.92 0.0 HE2 164 
   261 2.42 0.0 HG2 34 
   102 30.1 0.0 CB 20 
   742 123.7 0.0 N 72 
   713 37.3 0.0 CG 69 
   1216 1.6 0.0 HB2 110 
   1865 2.04 0.0 HB3 164 
   1995 8.36 0.0 H 175 
   198 128.7 0.0 N 27 
   1281 56.2 0.0 CA 116 
   594 120.0 0.0 N 60 
   1886 1.0 0.0 HG11 166 
   1339 25.6 0.0 CG 122 
   314 21.0 0.0 CG1 37 
   1299 39.5 0.0 CB 118 
   1900 0.81 0.0 HG12 167 
   188 22.0 0.0 CG2 26 
   1529 1.08 0.0 HG21 137 
   1907 0.85 0.0 HD13 167 
   1967 1.43 0.0 HG3 172 
   1613 2.35 0.0 HB2 144 
   1616 7.71 0.0 HE1 144 
   354 41.3 0.0 CB 40 
   182 3.96 0.0 HB 26 
   1248 1.36 0.0 HG3 113 
   1654 55.8 0.0 CA 147 
   93 63.2 0.0 CB 19 
   1126 3.87 0.0 HA 102 
   1018 5.58 0.0 HA 93 
   1131 15.4 0.0 CB 102 
   1617 61.9 0.0 CA 144 
   570 121.1 0.0 N 57 
   201 4.74 0.0 HA 28 
   1359 117.1 0.0 N 123 
   1217 1.6 0.0 HB3 110 
   1166 38.7 0.0 CB 105 
   67 1.1 0.0 HG22 17 
   196 51.1 0.0 CA 27 
   942 1.9 0.0 HB3 87 
   242 40.8 0.0 CB 32 
   1458 1.61 0.0 HB2 132 
   1226 42.1 0.0 CB 110 
   1399 40.2 0.0 CB 127 
   1250 1.6 0.0 HD3 113 
   1698 3.72 0.0 HA3 151 
   1924 33.7 0.0 CG 168 
   1363 2.78 0.0 HB3 124 
   1409 120.2 0.0 CD2 128 
   498 0.78 0.0 HG13 51 
   1192 119.5 0.0 N 107 
   1346 0.57 0.0 HG12 123 
   1854 2.49 0.0 HG3 163 
   1196 1.88 0.0 HG2 108 
   27 1.24 0.0 HG21 14 
   420 34.2 0.0 CG 45 
   1147 1.85 0.0 HB3 104 
   1014 129.9 0.0 CE2 92 
   588 8.49 0.0 H 60 
   1858 27.9 0.0 CB 163 
   993 2.38 0.0 HB3 91 
   244 8.58 0.0 H 33 
   1288 1.89 0.0 HE3 117 
   1277 8.32 0.0 H 116 
   1815 7.82 0.0 H 161 
   328 118.6 0.0 N 38 
   653 0.91 0.0 HD21 64 
   486 58.8 0.0 CA 50 
   1036 36.4 0.0 CB 94 
   1904 0.95 0.0 HG23 167 
   389 2.14 0.0 HG2 43 
   569 19.0 0.0 CB 57 
   1177 21.6 0.0 CB 106 
   1001 4.95 0.0 HA 92 
   238 4.9 0.0 HA 32 
   1838 0.81 0.0 HG22 162 
   1218 1.35 0.0 HG 110 
   1198 3.48 0.0 HD2 108 
   319 2.23 0.0 HB2 38 
   1994 112.7 0.0 ND2 174 
   914 1.27 0.0 HD2 85 
   45 43.1 0.0 CD 15 
   1851 2.24 0.0 HB2 163 
   236 116.8 0.0 N 31 
   302 125.7 0.0 NE1 36 
   382 29.2 0.0 CB 42 
   103 36.3 0.0 CG 20 
   440 0.98 0.0 HD22 47 
   1913 112.3 0.0 N 167 
   927 3.29 0.0 HB3 86 
   770 6.92 0.0 HZ 74 
   1726 113.9 0.0 CZ2 153 
   609 113.7 0.0 CZ2 61 
   775 130.0 0.0 CE1 74 
   1124 114.3 0.0 N 101 
   1134 0.87 0.0 HB2 103 
   694 1.46 0.0 HG3 68 
   1867 1.66 0.0 HG3 164 
   1675 4.05 0.0 HA2 149 
   1469 27.0 0.0 CG 132 
   1813 41.7 0.0 CB 160 
   1620 136.3 0.0 CE1 144 
   1487 113.9 0.0 CZ2 133 
   701 24.4 0.0 CG 68 
   40 3.21 0.0 HD2 15 
   1807 49.4 0.0 CD 159 
   1600 23.0 0.0 CD1 142 
   333 2.31 0.0 HB3 39 
   743 8.77 0.0 H 73 
   864 34.3 0.0 CB 81 
   1437 2.99 0.0 HE2 130 
   1690 57.9 0.0 CA 150 
   78 0.94 0.0 HG12 18 
   652 0.91 0.0 HD13 64 
   1842 0.01 0.0 HD13 162 
   1594 0.37 0.0 HD21 142 
   722 4.57 0.0 HB 71 
   431 8.42 0.0 H 47 
   499 0.8 0.0 HG21 51 
   984 58.5 0.0 CA 90 
   1720 6.36 0.0 HZ3 153 
   118 27.5 0.0 CG1 21 
   676 55.8 0.0 CA 66 
   935 132.9 0.0 CD2 86 
   595 7.49 0.0 H 61 
   730 7.61 0.0 H 72 
   192 2.32 0.0 HB2 27 
   1115 7.25 0.0 H 101 
   590 2.19 0.0 HB2 60 
   1498 18.5 0.0 CB 134 
   1044 1.84 0.0 HG2 95 
   215 1.42 0.0 HB3 30 
   1074 1.17 0.0 HG23 97 
   840 121.1 0.0 N 79 
   1009 57.4 0.0 CA 92 
   1004 6.51 0.0 HD1 92 
   1253 56.4 0.0 CA 113 
   1410 136.2 0.0 CE1 128 
   558 7.75 0.0 HD22 56 
   1546 24.1 0.0 CG 138 
   477 119.0 0.0 N 49 
   529 3.06 0.0 HB2 54 
   412 2.23 0.0 HB2 45 
   143 32.8 0.0 CB 23 
   1664 0.8 0.0 HD13 148 
   982 0.71 0.0 HD12 90 
   1122 69.9 0.0 CB 101 
   1082 3.27 0.0 HB3 98 
   106 4.14 0.0 HA 21 
   1361 4.44 0.0 HA 124 
   1528 0.66 0.0 HG13 137 
   19 1.47 0.0 HB2 13 
   1244 4.41 0.0 HA 113 
   240 3.09 0.0 HB3 32 
   1643 2.21 0.0 HG2 146 
   36 1.87 0.0 HB2 15 
   76 2.19 0.0 HB 18 
   1343 7.91 0.0 H 123 
   889 22.5 0.0 CD2 83 
   1629 -0.05 0.0 HD13 145 
   1828 26.2 0.0 CG 161 
   637 3.25 0.0 HD2 63 
   1492 8.33 0.0 H 134 
   1547 48.1 0.0 CD 138 
   1433 1.42 0.0 HG2 130 
   536 104.6 0.0 ND2 54 
   2002 6.84 0.0 HE22 175 
   307 0.99 0.0 HG12 37 
   819 125.9 0.0 CD1 78 
   1695 125.1 0.0 N 150 
   760 125.1 0.0 N 73 
   521 7.98 0.0 HD21 53 
   593 40.5 0.0 CB 60 
   1267 20.7 0.0 CG2 114 
   416 7.61 0.0 HE21 45 
   457 0.92 0.0 HD12 48 
   881 0.82 0.0 HD13 83 
   181 3.89 0.0 HA 26 
   852 59.6 0.0 CA 80 
   903 43.1 0.0 CB 84 
   1923 31.6 0.0 CB 168 
   1075 60.5 0.0 CA 97 
   1269 8.73 0.0 H 115 
   1920 6.76 0.0 HE21 168 
   490 118.8 0.0 CE1 50 
   313 31.3 0.0 CB 37 
   1780 7.94 0.0 H 158 
   435 1.91 0.0 HG 47 
   1765 63.4 0.0 CA 156 
   348 0.84 0.0 HD12 40 
   1511 43.4 0.0 CD 135 
   1195 2.4 0.0 HB3 108 
   504 23.6 0.0 CG1 51 
   388 2.34 0.0 HB3 43 
   163 126.3 0.0 N 24 
   600 9.85 0.0 HE1 61 
   186 65.4 0.0 CA 26 
   1776 57.3 0.0 CA 157 
   1133 4.23 0.0 HA 103 
   1396 2.61 0.0 HB2 127 
   1638 121.2 0.0 N 145 
   1254 33.3 0.0 CB 113 
   1225 53.9 0.0 CA 110 
   1495 1.5 0.0 HB2 134 
   1145 4.26 0.0 HA 104 
   160 31.1 0.0 CG 24 
   967 5.42 0.0 HA 89 
   1345 0.37 0.0 HB 123 
   1946 56.7 0.0 CA 170 
   1300 132.5 0.0 CD1 118 
   1787 0.42 0.0 HG23 158 
   1113 21.6 0.0 CG2 100 
   1200 66.4 0.0 CA 108 
   974 5.66 0.0 HA 90 
   849 0.82 0.0 HD11 80 
   1837 0.81 0.0 HG21 162 
   1450 3.64 0.0 HD2 131 
   555 2.93 0.0 HB2 56 
   1856 6.84 0.0 HE22 163 
   296 127.0 0.0 CD1 36 
   547 60.5 0.0 CA 55 
   1554 1.56 0.0 HD2 139 
   1235 56.4 0.0 CA 111 
   306 0.99 0.0 HG11 37 
   209 3.95 0.0 HA2 29 
   246 2.0 0.0 HB2 33 
   934 132.9 0.0 CD1 86 
   900 0.64 0.0 HD22 84 
   274 0.91 0.0 HD13 35 
   208 8.82 0.0 H 29 
   339 29.8 0.0 CB 39 
   608 122.4 0.0 CE3 61 
   975 1.75 0.0 HB 90 
   614 6.81 0.0 H 62 
   1789 0.18 0.0 HD12 158 
   1955 2.09 0.0 HB3 171 
   1252 3.12 0.0 HE3 113 
   1922 54.4 0.0 CA 168 
   710 2.54 0.0 HG3 69 
   1598 40.4 0.0 CB 142 
   164 8.31 0.0 H 25 
   1233 2.6 0.0 HB2 111 
   1582 5.14 0.0 HA2 141 
   1597 57.5 0.0 CA 142 
   1229 22.5 0.0 CD2 110 
   1039 8.7 0.0 CD1 94 
   1247 1.3 0.0 HG2 113 
   512 2.42 0.0 HG3 52 
   1501 4.14 0.0 HA 135 
   465 7.64 0.0 H 49 
   985 42.8 0.0 CB 90 
   1516 1.28 0.0 HB3 136 
   928 7.33 0.0 HD1 86 
   717 3.53 0.0 HA3 70 
   916 2.27 0.0 HE2 85 
   1844 38.3 0.0 CB 162 
   123 1.93 0.0 HB2 22 
   365 1.74 0.0 HD2 41 
   1738 0.88 0.0 HD13 154 
   193 3.25 0.0 HB3 27 
   1376 0.33 0.0 HD22 125 
   538 3.93 0.0 HA 55 
   1572 6.2 0.0 HZ 140 
   1240 3.79 0.0 HA3 112 
   673 4.75 0.0 HA 66 
   6 8.75 0.0 H 12 
   414 2.54 0.0 HG2 45 
   811 7.03 0.0 HD1 78 
   1123 21.0 0.0 CG2 101 
   744 4.72 0.0 HA 73 
   1526 0.66 0.0 HG11 137 
   1555 1.62 0.0 HD3 139 
   951 2.71 0.0 HB2 88 
   821 114.1 0.0 CZ2 78 
   1635 26.4 0.0 CG 145 
   911 1.74 0.0 HB3 85 
   835 44.0 0.0 CB 79 
   1379 41.7 0.0 CB 125 
   1599 26.2 0.0 CG 142 
   1956 2.2 0.0 HG2 171 
   1562 41.9 0.0 CE 139 
   1430 3.99 0.0 HA 130 
   309 1.13 0.0 HG21 37 
   580 2.37 0.0 HB2 59 
   1786 0.42 0.0 HG22 158 
   621 5.55 0.0 HE2 62 
   1915 4.83 0.0 HA 168 
   353 57.5 0.0 CA 40 
   213 2.52 0.0 HA 30 
   597 2.65 0.0 HB2 61 
   453 0.97 0.0 HG21 48 
   1918 2.32 0.0 HG2 168 
   776 130.0 0.0 CE2 74 
   1538 1.22 0.0 HB2 138 
   1397 2.68 0.0 HB3 127 
   825 131.3 0.0 NE1 78 
   1625 2.33 0.0 HB3 145 
   1825 0.73 0.0 HD23 161 
   1139 3.85 0.0 HD3 103 
   260 2.16 0.0 HB3 34 
   1318 4.1 0.0 HA2 120 
   1834 1.39 0.0 HB 162 
   329 113.9 0.0 NE2 38 
   53 3.21 0.0 HD2 16 
   1413 4.07 0.0 HA 129 
   867 9.03 0.0 H 82 
   1775 1.28 0.0 HG3 157 
   1454 27.9 0.0 CG 131 
   747 6.4 0.0 HD1 73 
   161 27.0 0.0 CD1 24 
   503 31.5 0.0 CB 51 
   1691 42.2 0.0 CB 150 
   399 7.33 0.0 HD1 44 
   560 38.1 0.0 CB 56 
   1574 36.4 0.0 CB 140 
   1401 7.93 0.0 H 128 
   810 3.29 0.0 HB3 78 
   1264 1.17 0.0 HG23 114 
   1682 2.33 0.0 HB3 150 
   931 6.77 0.0 HE2 86 
   1340 28.9 0.0 CD 122 
   197 36.8 0.0 CB 27 
   1297 6.74 0.0 HE2 118 
   204 1.47 0.0 HB3 28 
   1070 4.43 0.0 HA 97 
   1412 7.96 0.0 H 129 
   1160 0.67 0.0 HG22 105 
   1239 4.25 0.0 HA2 112 
   41 3.21 0.0 HD3 15 
   1805 30.6 0.0 CB 159 
   1408 30.4 0.0 CB 128 
   1472 119.9 0.0 N 132 
   1313 30.5 0.0 CB 119 
   759 123.7 0.0 CH2 73 
   645 8.7 0.0 H 64 
   1183 0.58 0.0 HG12 107 
   1390 62.4 0.0 CA 126 
   1146 1.71 0.0 HB2 104 
   787 1.49 0.0 HB3 76 
   887 26.8 0.0 CG 83 
   1536 122.5 0.0 N 137 
   1335 2.91 0.0 HE2 122 
   1088 42.0 0.0 CB 98 
   1211 30.2 0.0 CB 109 
   1971 2.95 0.0 HE3 172 
   1641 2.2 0.0 HB2 146 
   1778 34.2 0.0 CG 157 
   229 1.65 0.0 HG3 31 
   899 0.64 0.0 HD21 84 
   1505 1.72 0.0 HG3 135 
   189 121.3 0.0 N 26 
   1539 1.47 0.0 HB3 138 
   1402 4.57 0.0 HA 128 
   1144 8.6 0.0 H 104 
   880 0.82 0.0 HD12 83 
   1045 1.91 0.0 HG3 95 
   1210 58.3 0.0 CA 109 
   556 2.93 0.0 HB3 56 
   290 7.31 0.0 HE3 36 
   1820 0.66 0.0 HD11 161 
   998 35.4 0.0 CG 91 
   1395 4.38 0.0 HA 127 
   1358 13.5 0.0 CD1 123 
   1606 1.04 0.0 HB2 143 
   945 54.3 0.0 CA 87 
   168 1.29 0.0 HG2 25 
   1581 9.74 0.0 H 141 
   545 2.84 0.0 HE2 55 
   1678 107.1 0.0 N 149 
   434 2.21 0.0 HB3 47 
   330 8.2 0.0 H 39 
   1387 1.41 0.0 HG21 126 
   950 5.09 0.0 HA 88 
   150 1.88 0.0 HB3 24 
   946 34.7 0.0 CB 87 
   1415 3.22 0.0 HB3 129 
   1987 2.77 0.0 HB2 174 
   1872 56.9 0.0 CA 164 
   684 6.71 0.0 HD22 67 
   816 6.84 0.0 HH2 78 
   366 1.74 0.0 HD3 41 
   822 120.5 0.0 CZ3 78 
   496 0.78 0.0 HG11 51 
   1054 1.9 0.0 HB 96 
   851 0.82 0.0 HD13 80 
   874 8.23 0.0 H 83 
   149 1.51 0.0 HB2 24 
   525 119.5 0.0 N 53 
   719 107.1 0.0 N 70 
   1882 108.0 0.0 N 165 
   933 39.5 0.0 CB 86 
   218 2.45 0.0 HD2 30 
   98 2.19 0.0 HB3 20 
   905 22.3 0.0 CD1 84 
   1611 7.37 0.0 H 144 
   77 0.94 0.0 HG11 18 
   705 8.77 0.0 H 69 
   341 121.0 0.0 N 39 
   446 23.9 0.0 CD2 47 
   1484 27.6 0.0 CB 133 
   625 132.0 0.0 CD1 62 
   1168 17.5 0.0 CG2 105 
   1060 0.87 0.0 HD11 96 
   649 1.83 0.0 HG 64 
   65 1.01 0.0 HG13 17 
   724 1.1 0.0 HG22 71 
   12 58.2 0.0 CA 12 
   841 8.07 0.0 H 80 
   544 1.6 0.0 HD3 55 
   267 8.01 0.0 H 35 
   1494 1.5 0.0 HB1 134 
   112 0.18 0.0 HG23 21 
   1940 1.38 0.0 HG2 170 
   1389 1.41 0.0 HG23 126 
   1106 4.12 0.0 HA 100 
   1325 45.6 0.0 CA 121 
   1066 18.1 0.0 CG2 96 
   142 61.6 0.0 CA 23 
   1747 118.8 0.0 N 154 
   1663 0.8 0.0 HD12 148 
   360 4.16 0.0 HA 41 
   1697 3.12 0.0 HA2 151 
   1276 128.2 0.0 N 115 
   564 4.51 0.0 HA 57 
   1753 53.8 0.0 CA 155 
   170 1.6 0.0 HD2 25 
   969 2.91 0.0 HB3 89 
   1328 4.58 0.0 HA 122 
   802 2.94 0.0 HB2 77 
   251 3.34 0.0 HD3 33 
   983 0.71 0.0 HD13 90 
   1632 0.45 0.0 HD23 145 
   659 24.3 0.0 CD1 64 
   455 0.97 0.0 HG23 48 
   1602 125.0 0.0 N 142 
   1427 129.2 0.0 CZ 129 
   661 123.1 0.0 N 64 
   144 18.2 0.0 CG1 23 
   989 113.7 0.0 N 90 
   34 8.07 0.0 H 15 
   252 58.8 0.0 CA 33 
   589 4.4 0.0 HA 60 
   474 29.4 0.0 CB 49 
   10 2.32 0.0 HG2 12 
   620 5.55 0.0 HE1 62 
   913 1.18 0.0 HG3 85 
   1519 53.4 0.0 CA 136 
   883 0.77 0.0 HD22 83 
   1640 4.36 0.0 HA 146 
   870 2.87 0.0 HB3 82 
   212 107.0 0.0 N 29 
   1404 3.23 0.0 HB3 128 
   1214 7.93 0.0 H 110 
   241 55.0 0.0 CA 32 
   124 2.46 0.0 HB3 22 
   1859 33.7 0.0 CG 163 
   436 0.93 0.0 HD11 47 
   1819 1.91 0.0 HG 161 
   777 129.4 0.0 CZ 74 
   281 22.8 0.0 CD1 35 
   801 5.55 0.0 HA 77 
   1283 119.1 0.0 N 116 
   824 117.5 0.0 N 78 
   1470 23.5 0.0 CD1 132 
   1745 23.0 0.0 CD1 154 
   1447 2.29 0.0 HB3 131 
   1732 3.58 0.0 HA 154 
   429 62.7 0.0 CB 46 
   1530 1.08 0.0 HG22 137 
   1721 6.62 0.0 HH2 153 
   658 27.3 0.0 CG 64 
   1711 51.4 0.0 CD 152 
   958 56.0 0.0 CA 88 
   618 5.47 0.0 HD1 62 
   451 1.26 0.0 HG12 48 
   49 1.9 0.0 HB2 16 
   1111 67.1 0.0 CA 100 
   1373 0.13 0.0 HD12 125 
   428 62.8 0.0 CA 46 
   1220 0.5 0.0 HD12 110 
   9 2.03 0.0 HB3 12 
   767 6.87 0.0 HD2 74 
   924 9.53 0.0 H 86 
   1796 115.7 0.0 N 158 
   364 1.73 0.0 HG3 41 
   959 42.6 0.0 CB 88 
   1255 25.6 0.0 CG 113 
   1317 8.98 0.0 H 120 
   1847 14.9 0.0 CD1 162 
   1950 41.8 0.0 CE 170 
   1245 1.76 0.0 HB2 113 
   367 2.96 0.0 HE2 41 
   1191 22.2 0.0 CG2 107 
   976 0.84 0.0 HG12 90 
   1256 29.1 0.0 CD 113 
   1722 62.3 0.0 CA 153 
   647 1.83 0.0 HB2 64 
   941 1.9 0.0 HB2 87 
   475 26.1 0.0 CG 49 
   1669 43.3 0.0 CB 148 
   321 2.45 0.0 HG2 38 
   1754 18.2 0.0 CB 155 
   1227 26.9 0.0 CG 110 
   219 3.47 0.0 HD3 30 
   179 116.8 0.0 N 25 
   1383 126.2 0.0 N 125 
   1197 2.12 0.0 HG3 108 
   1628 -0.05 0.0 HD12 145 
   137 0.96 0.0 HG12 23 
   377 2.27 0.0 HB2 42 
   774 131.7 0.0 CD2 74 
   809 3.11 0.0 HB2 78 
   831 6.96 0.0 HD2 79 
   352 0.86 0.0 HD23 40 
   1184 0.58 0.0 HG13 107 
   133 8.04 0.0 H 23 
   591 2.96 0.0 HB3 60 
   1394 8.77 0.0 H 127 
   114 -0.19 0.0 HD12 21 
   1848 120.1 0.0 N 162 
   1761 0.75 0.0 HG13 156 
   1954 1.93 0.0 HB2 171 
   1015 127.8 0.0 CZ 92 
   1772 0.27 0.0 HB2 157 
   176 24.6 0.0 CG 25 
   1705 2.09 0.0 HG3 152 
   427 5.22 0.0 HG 46 
   675 2.44 0.0 HB3 66 
   233 29.5 0.0 CB 31 
   1058 0.98 0.0 HG22 96 
   450 1.98 0.0 HB 48 
   856 12.7 0.0 CD1 80 
   1864 1.76 0.0 HB2 164 
   1899 1.86 0.0 HB 167 
   1019 2.51 0.0 HB2 93 
   830 6.96 0.0 HD1 79 
   1237 119.9 0.0 N 111 
   1567 2.06 0.0 HB3 140 
   1840 0.01 0.0 HD11 162 
   1589 1.6 0.0 HB3 142 
   1556 2.87 0.0 HE2 139 
   511 2.31 0.0 HG2 52 
   72 21.8 0.0 CG2 17 
   1964 1.72 0.0 HB2 172 
   539 1.91 0.0 HB2 55 
   51 1.6 0.0 HG2 16 
   550 29.7 0.0 CD 55 
   1148 2.07 0.0 HG2 104 
   138 0.96 0.0 HG13 23 
   1512 113.5 0.0 N 135 
   277 1.01 0.0 HD23 35 
   1063 64.5 0.0 CA 96 
   746 2.21 0.0 HB3 73 
   105 7.66 0.0 H 21 
   923 121.7 0.0 N 85 
   1483 61.0 0.0 CA 133 
   397 3.17 0.0 HB2 44 
   702 28.9 0.0 CD 68 
   714 115.4 0.0 N 69 
   147 9.12 0.0 H 24 
   662 8.9 0.0 H 65 
   1381 25.2 0.0 CD1 125 
   1420 6.93 0.0 HZ 129 
   80 1.01 0.0 HG21 18 
   1707 3.6 0.0 HD3 152 
   120 13.1 0.0 CD1 21 
   1586 10.28 0.0 H 142 
   961 131.7 0.0 CD2 88 
   392 28.4 0.0 CB 43 
   33 113.2 0.0 N 14 
   1592 -0.51 0.0 HD12 142 
   1016 112.7 0.0 N 92 
   1623 4.15 0.0 HA 145 
   635 1.6 0.0 HG2 63 
   344 0.97 0.0 HB2 40 
   159 41.3 0.0 CB 24 
   355 26.0 0.0 CG 40 
   616 2.1 0.0 HB2 62 
   921 29.2 0.0 CD 85 
   1497 54.7 0.0 CA 134 
   815 6.61 0.0 HZ3 78 
   1734 2.04 0.0 HB3 154 
   1998 2.08 0.0 HB3 175 
   280 27.0 0.0 CG 35 
   396 4.5 0.0 HA 44 
   1212 36.8 0.0 CG 109 
   1499 117.9 0.0 N 134 
   919 34.2 0.0 CB 85 
   459 65.0 0.0 CA 48 
   1591 -0.51 0.0 HD11 142 
   254 27.3 0.0 CG 33 
   1777 29.2 0.0 CB 157 
   305 2.2 0.0 HB 37 
   1949 29.2 0.0 CD 170 
   1199 3.77 0.0 HD3 108 
   876 1.57 0.0 HB2 83 
   214 1.05 0.0 HB2 30 
   848 0.64 0.0 HG23 80 
   797 29.6 0.0 CD 76 
   910 1.51 0.0 HB2 85 
   1821 0.66 0.0 HD12 161 
   721 4.41 0.0 HA 71 
   1465 1.04 0.0 HD22 132 
   1232 4.44 0.0 HA 111 
   287 3.79 0.0 HB3 36 
   1398 56.8 0.0 CA 127 
   83 64.2 0.0 CA 18 
   1022 43.0 0.0 CB 93 
   190 9.34 0.0 H 27 
   81 1.01 0.0 HG22 18 
   35 4.1 0.0 HA 15 
   844 0.96 0.0 HG12 80 
   1958 55.9 0.0 CA 171 
   402 6.81 0.0 HE2 44 
   1758 1.8 0.0 HB 156 
   1911 18.1 0.0 CG2 167 
   1002 2.77 0.0 HB2 92 
   351 0.86 0.0 HD22 40 
   908 8.45 0.0 H 85 
   561 118.9 0.0 N 56 
   1476 3.07 0.0 HB3 133 
   1440 29.7 0.0 CB 130 
   1792 30.6 0.0 CB 158 
   907 121.8 0.0 N 84 
   579 5.05 0.0 HA 59 
   763 5.33 0.0 HA 74 
   1839 0.81 0.0 HG23 162 
   1488 123.0 0.0 CZ3 133 
   929 7.33 0.0 HD2 86 
   1791 63.4 0.0 CA 158 
   657 48.2 0.0 CB 64 
   509 2.1 0.0 HB2 52 
   1443 41.8 0.0 CE 130 
   22 18.5 0.0 CB 13 
   868 4.02 0.0 HA 82 
   470 1.93 0.0 HG3 49 
   1102 33.2 0.0 CB 99 
   749 7.03 0.0 HE3 73 
   1706 3.08 0.0 HD2 152 
   1028 2.13 0.0 HG13 94 
   1368 4.45 0.0 HA 125 
   1660 2.08 0.0 HB3 148 
   1816 3.88 0.0 HA 161 
   846 0.64 0.0 HG21 80 
   1645 57.0 0.0 CA 146 
   552 122.1 0.0 N 55 
   994 2.13 0.0 HG2 91 
   346 0.96 0.0 HG 40 
   1291 4.86 0.0 HA 118 
   1757 3.87 0.0 HA 156 
   317 7.16 0.0 H 38 
   936 117.5 0.0 CE1 86 
   13 29.4 0.0 CB 12 
   1332 1.23 0.0 HG3 122 
   805 32.7 0.0 CB 77 
   1910 25.3 0.0 CG1 167 
   68 1.1 0.0 HG23 17 
   1941 1.38 0.0 HG3 170 
   1653 1.22 0.0 HB3 147 
   1603 9.24 0.0 H 143 
   723 1.1 0.0 HG21 71 
   406 131.7 0.0 CD2 44 
   709 2.34 0.0 HG2 69 
   1320 45.5 0.0 CA 120 
   1817 1.16 0.0 HB2 161 
   1238 8.62 0.0 H 112 
   587 110.7 0.0 ND2 59 
   1330 1.47 0.0 HB3 122 
   1784 1.49 0.0 HG13 158 
   187 68.1 0.0 CB 26 
   95 7.79 0.0 H 20 
   146 116.5 0.0 N 23 
   1797 3.52 0.0 HA 159 
   1845 29.2 0.0 CG1 162 
   1558 57.9 0.0 CA 139 
   1585 112.9 0.0 N 141 
   1132 126.2 0.0 N 102 
   1273 1.43 0.0 HB3 115 
   401 6.81 0.0 HE1 44 
   1868 1.5 0.0 HD2 164 
   1876 41.8 0.0 CE 164 
   75 3.81 0.0 HA 18 
   332 1.78 0.0 HB2 39 
   753 55.4 0.0 CA 73 
   630 115.3 0.0 N 62 
   991 5.29 0.0 HA 91 
   298 114.2 0.0 CZ2 36 
   741 43.1 0.0 CD 72 
   372 29.5 0.0 CD 41 
   524 37.4 0.0 CB 53 
   79 0.94 0.0 HG13 18 
   1719 7.16 0.0 HZ2 153 
   793 2.95 0.0 HE3 76 
   1973 32.8 0.0 CB 172 
   650 0.91 0.0 HD11 64 
   964 128.3 0.0 CZ 88 
   1534 20.4 0.0 CG1 137 
   1095 1.45 0.0 HB2 99 
   247 2.12 0.0 HB3 33 
   827 4.84 0.0 HA 79 
   1788 0.18 0.0 HD11 158 
   1615 5.82 0.0 HD2 144 
   1634 42.1 0.0 CB 145 
   101 56.0 0.0 CA 20 
   1011 131.3 0.0 CD1 92 
   1206 2.17 0.0 HB2 109 
   583 7.7 0.0 HD22 59 
   689 8.83 0.0 H 68 
   665 1.81 0.0 HB3 65 
   1531 1.08 0.0 HG23 137 
   1798 1.66 0.0 HB2 159 
   757 113.1 0.0 CZ2 73 
   1826 57.4 0.0 CA 161 
   1261 4.2 0.0 HB 114 
   1414 3.1 0.0 HB2 129 
   1087 58.3 0.0 CA 98 
   454 0.97 0.0 HG22 48 
   318 4.09 0.0 HA 38 
   227 2.02 0.0 HB3 31 
   735 1.63 0.0 HG3 72 
   738 56.1 0.0 CA 72 
   439 0.98 0.0 HD21 47 
   799 121.3 0.0 N 76 
   1444 118.4 0.0 N 130 
   803 3.39 0.0 HB3 77 
   223 48.9 0.0 CD 30 
   1213 116.4 0.0 N 109 
   4 54.1 0.0 CA 11 
   1890 1.0 0.0 HG22 166 
   785 5.61 0.0 HA 76 
   1493 4.17 0.0 HA 134 
   255 43.1 0.0 CD 33 
   1550 1.74 0.0 HB2 139 
   448 8.86 0.0 H 48 
   1010 40.4 0.0 CB 92 
   704 123.1 0.0 N 68 
   1976 41.8 0.0 CE 172 
   1366 121.7 0.0 N 124 
   1960 36.0 0.0 CG 171 
   456 0.92 0.0 HD11 48 
   194 6.5 0.0 HD21 27 
   1544 64.6 0.0 CA 138 
   1259 7.31 0.0 H 114 
   1934 120.5 0.0 CD2 169 
   488 131.7 0.0 CD1 50 
   1334 1.73 0.0 HD3 122 
   663 4.51 0.0 HA 65 
   1551 1.6 0.0 HB3 139 
   15 122.1 0.0 N 12 
   1008 6.45 0.0 HZ 92 
   1696 9.07 0.0 H 151 
   792 2.95 0.0 HE2 76 
   1609 18.0 0.0 CB 143 
   171 1.6 0.0 HD3 25 
   1708 64.6 0.0 CA 152 
   226 1.82 0.0 HB2 31 
   1441 26.5 0.0 CG 130 
   720 8.33 0.0 H 71 
   1885 2.17 0.0 HB 166 
   18 1.47 0.0 HB1 13 
   1903 0.95 0.0 HG22 167 
   666 1.89 0.0 HG2 65 
   1416 7.05 0.0 HD1 129 
   1832 8.16 0.0 H 162 
   1771 3.85 0.0 HA 157 
   1937 4.24 0.0 HA 170 
   554 4.54 0.0 HA 56 
   820 119.9 0.0 CE3 78 
   84 31.9 0.0 CB 18 
   1142 27.9 0.0 CG 103 
   655 0.91 0.0 HD23 64 
   125 2.1 0.0 HG2 22 
   162 25.5 0.0 CD2 24 
   1278 4.0 0.0 HA 116 
   1364 57.6 0.0 CA 124 
   1827 41.4 0.0 CB 161 
   1543 3.45 0.0 HD3 138 
   1369 1.43 0.0 HB2 125 
   184 1.25 0.0 HG22 26 
   1561 29.3 0.0 CD 139 
   1355 37.5 0.0 CB 123 
   225 4.34 0.0 HA 31 
   1563 122.6 0.0 N 139 
   1835 0.32 0.0 HG12 162 
   361 2.06 0.0 HB2 41 
   1293 3.08 0.0 HB3 118 
   551 41.8 0.0 CE 55 
   559 55.3 0.0 CA 56 
   1207 2.39 0.0 HB3 109 
   1384 8.22 0.0 H 126 
   687 116.8 0.0 N 67 
   284 8.01 0.0 H 36 
   1467 57.9 0.0 CA 132 
   1047 3.51 0.0 HD3 95 
   1284 2.3 0.0 HG2 117 
   1020 2.67 0.0 HB3 93 
   1315 42.9 0.0 CD 119 
   1336 2.91 0.0 HE3 122 
   1428 121.3 0.0 N 129 
   1769 113.1 0.0 N 156 
   633 1.82 0.0 HB2 63 
   205 51.9 0.0 CA 28 
   42 58.2 0.0 CA 15 
   540 1.91 0.0 HB3 55 
   278 56.6 0.0 CA 35 
   1388 1.41 0.0 HG22 126 
   335 1.47 0.0 HG3 39 
   966 8.46 0.0 H 89 
   116 59.2 0.0 CA 21 
   1933 30.1 0.0 CB 169 
   1833 3.68 0.0 HA 162 
   1522 116.8 0.0 ND2 136 
   479 4.78 0.0 HA 50 
   1646 31.6 0.0 CB 146 
   1093 128.0 0.0 N 98 
   970 54.7 0.0 CA 89 
   997 33.5 0.0 CB 91 
   1673 110.9 0.0 N 148 
   1367 8.42 0.0 H 125 
   783 107.1 0.0 N 75 
   1659 1.74 0.0 HB2 148 
   1662 0.8 0.0 HD11 148 
   606 29.6 0.0 CB 61 
   230 3.17 0.0 HD2 31 
   1071 4.67 0.0 HB 97 
   584 51.8 0.0 CA 59 
   1843 65.1 0.0 CA 162 
   1982 58.6 0.0 CA 173 
   531 4.55 0.0 HD21 54 
   972 122.9 0.0 N 89 
   740 27.4 0.0 CG 72 
   784 8.54 0.0 H 76 
   1418 6.99 0.0 HE1 129 
   1948 24.8 0.0 CG 170 
   1137 1.47 0.0 HG3 103 
   1508 57.0 0.0 CA 135 
   1243 8.33 0.0 H 113 
   858 9.14 0.0 H 81 
   1756 6.91 0.0 H 156 
   1442 29.4 0.0 CD 130 
   1894 21.8 0.0 CG1 166 
   1506 3.11 0.0 HD2 135 
   1471 26.2 0.0 CD2 132 
   1306 1.79 0.0 HB2 119 
   1024 8.43 0.0 H 94 
   1928 4.05 0.0 HA 169 
   1739 1.14 0.0 HD21 154 
   1301 132.5 0.0 CD2 118 
   1005 6.51 0.0 HD2 92 
   39 1.72 0.0 HG3 15 
   492 119.9 0.0 N 50 
   1446 1.83 0.0 HB2 131 
   1438 2.99 0.0 HE3 130 
   395 8.83 0.0 H 44 
   262 2.42 0.0 HG3 34 
   672 7.8 0.0 H 66 
   1631 0.45 0.0 HD22 145 
   1173 1.34 0.0 HB1 106 
   1219 0.5 0.0 HD11 110 
   1679 7.83 0.0 H 150 
   90 3.98 0.0 HB2 19 
   421 117.4 0.0 N 45 
   762 8.53 0.0 H 74 
   790 1.55 0.0 HD2 76 
   1100 3.8 0.0 HD3 99 
   493 8.77 0.0 H 51 
   947 37.4 0.0 CG 87 
   1260 4.63 0.0 HA 114 
   1167 27.6 0.0 CG1 105 
   1423 131.7 0.0 CD1 129 
   992 2.07 0.0 HB2 91 
   1633 58.4 0.0 CA 145 
   641 33.8 0.0 CB 63 
   1898 4.64 0.0 HA 167 
   533 55.3 0.0 CA 54 
   1344 3.77 0.0 HA 123 
   1017 8.57 0.0 H 93 
   1353 -0.19 0.0 HD13 123 
   1855 7.42 0.0 HE21 163 
   1974 24.7 0.0 CG 172 
   100 2.4 0.0 HG3 20 
   1272 1.43 0.0 HB2 115 
   373 42.2 0.0 CE 41 
   1104 49.5 0.0 CD 99 
   478 8.25 0.0 H 50 
   1262 1.17 0.0 HG21 114 
   1926 112.3 0.0 NE2 168 
   1735 2.08 0.0 HG 154 
   249 1.85 0.0 HG3 33 
   1007 6.63 0.0 HE2 92 
   1601 22.0 0.0 CD2 142 
   872 39.0 0.0 CB 82 
   217 1.44 0.0 HG3 30 
   1576 127.3 0.0 CD2 140 
   634 1.82 0.0 HB3 63 
   1371 1.35 0.0 HG 125 
   1096 2.2 0.0 HB3 99 
   8 2.03 0.0 HB2 12 
   926 2.88 0.0 HB2 86 
   718 46.2 0.0 CA 70 
   140 1.13 0.0 HG22 23 
   122 4.51 0.0 HA 22 
   418 59.3 0.0 CA 45 
   1608 55.6 0.0 CA 143 
   920 25.6 0.0 CG 85 
   526 110.8 0.0 ND2 53 
   460 37.8 0.0 CB 48 
   862 7.19 0.0 HD2 81 
   1770 7.92 0.0 H 157 
   17 4.21 0.0 HA 13 
   1099 3.44 0.0 HD2 99 
   520 3.26 0.0 HB3 53 
   1607 1.04 0.0 HB3 143 
   2 2.76 0.0 HB2 11 
   378 2.71 0.0 HB3 42 
   256 121.0 0.0 N 33 
   61 3.95 0.0 HA 17 
   443 42.7 0.0 CB 47 
   1517 6.92 0.0 HD21 136 
   483 7.26 0.0 HD2 50 
   471 3.37 0.0 HD2 49 
   129 63.3 0.0 CA 22 
   1794 18.6 0.0 CG2 158 
   1357 17.0 0.0 CG2 123 
   403 62.3 0.0 CA 44 
   59 120.5 0.0 N 16 
   973 8.46 0.0 H 90 
   611 123.3 0.0 CH2 61 
   1110 1.25 0.0 HG23 100 
   987 19.5 0.0 CG2 90 
   1785 0.42 0.0 HG21 158 
   1079 7.67 0.0 H 98 
   1311 3.21 0.0 HD3 119 
   231 3.17 0.0 HD3 31 
   585 39.9 0.0 CB 59 
   152 1.0 0.0 HD11 24 
   151 1.7 0.0 HG 24 
   135 2.37 0.0 HB 23 
   299 120.3 0.0 CZ3 36 
   981 0.71 0.0 HD11 90 
   938 129.3 0.0 N 86 
   1372 0.13 0.0 HD11 125 
   1268 110.1 0.0 N 114 
   345 1.42 0.0 HB3 40 
   126 2.1 0.0 HG3 22 
   1149 2.24 0.0 HG3 104 
   419 28.3 0.0 CB 45 
   153 1.0 0.0 HD12 24 
   322 2.45 0.0 HG3 38 
   1875 29.2 0.0 CD 164 
   1952 8.55 0.0 H 171 
   892 4.47 0.0 HA 84 
   1717 9.7 0.0 HE1 153 
   1190 20.0 0.0 CG1 107 
   1684 0.87 0.0 HD11 150 
   220 63.2 0.0 CA 30 
   773 131.7 0.0 CD1 74 
   398 3.25 0.0 HB3 44 
   111 0.18 0.0 HG22 21 
   906 24.8 0.0 CD2 84 
   660 24.2 0.0 CD2 64 
   1307 1.79 0.0 HB3 119 
   514 29.2 0.0 CB 52 
   582 6.69 0.0 HD21 59 
   1116 4.28 0.0 HA 101 
   2003 56.0 0.0 CA 175 
   968 2.72 0.0 HB2 89 
   1174 1.34 0.0 HB2 106 
   1406 8.19 0.0 HE1 128 
   1795 8.6 0.0 CD1 158 
   1434 1.72 0.0 HG3 130 
   953 7.16 0.0 HD1 88 
   542 1.59 0.0 HG3 55 
   467 1.95 0.0 HB2 49 
   391 58.5 0.0 CA 43 
   1084 7.38 0.0 HD2 98 
   1457 3.95 0.0 HA 132 
   795 38.2 0.0 CB 76 
   1699 49.3 0.0 CA 151 
   1209 2.43 0.0 HG3 109 
   607 128.3 0.0 CD1 61 
   336 2.71 0.0 HD2 39 
   1083 7.86 0.0 HD1 98 
   697 3.0 0.0 HE2 68 
   1587 3.92 0.0 HA 142 
   737 3.19 0.0 HD3 72 
   1532 60.5 0.0 CA 137 
   110 0.18 0.0 HG21 21 
   712 29.6 0.0 CB 69 
   990 8.61 0.0 H 91 
   337 2.71 0.0 HD3 39 
   1897 6.85 0.0 H 167 
   2004 29.2 0.0 CB 175 
   1689 1.16 0.0 HD23 150 
   1143 49.2 0.0 CD 103 
   1068 118.2 0.0 N 96 
   1118 1.08 0.0 HG21 101 
   235 43.1 0.0 CD 31 
   1862 7.88 0.0 H 164 
   573 2.55 0.0 HB2 58 
   94 116.9 0.0 N 19 
   1187 0.93 0.0 HG23 107 
   292 7.51 0.0 HZ3 36 
   66 1.1 0.0 HG21 17 
   52 1.6 0.0 HG3 16 
   71 21.1 0.0 CG1 17 
   285 4.72 0.0 HA 36 
   1652 1.22 0.0 HB2 147 
   781 4.31 0.0 HA3 75 
   1514 4.26 0.0 HA 136 
   1456 6.93 0.0 H 132 
   1038 16.8 0.0 CG2 94 
   1701 4.25 0.0 HA 152 
   1977 122.0 0.0 N 172 
   1504 1.59 0.0 HG2 135 
   1883 7.79 0.0 H 166 
   1282 29.0 0.0 CB 116 
   700 31.8 0.0 CB 68 
   1523 6.64 0.0 H 137 
   1065 27.8 0.0 CG1 96 
   971 41.3 0.0 CB 89 
   11 2.32 0.0 HG3 12 
   1055 1.32 0.0 HG12 96 
   1350 -0.36 0.0 HG23 123 
   1439 62.3 0.0 CA 130 
   136 0.96 0.0 HG11 23 
   480 3.32 0.0 HB2 50 
   884 0.77 0.0 HD23 83 
   1048 62.1 0.0 CA 95 
   842 5.13 0.0 HA 80 
   115 -0.19 0.0 HD13 21 
   752 6.46 0.0 HH2 73 
   1157 0.33 0.0 HG12 105 
   1479 7.41 0.0 HE3 133 
   452 1.86 0.0 HG13 48 
   356 24.3 0.0 CD1 40 
   1449 2.12 0.0 HG3 131 
   578 8.55 0.0 H 59 
   581 2.76 0.0 HB3 59 
   623 57.0 0.0 CA 62 
   859 4.82 0.0 HA 81 
   264 28.8 0.0 CB 34 
   25 4.07 0.0 HA 14 
   1224 0.68 0.0 HD23 110 
   745 1.04 0.0 HB2 73 
   918 56.1 0.0 CA 85 
   716 4.53 0.0 HA2 70 
   568 51.2 0.0 CA 57 
   358 120.3 0.0 N 40 
   96 4.35 0.0 HA 20 
   374 118.4 0.0 N 41 
   154 1.0 0.0 HD13 24 
   1242 115.0 0.0 N 112 
   1665 0.92 0.0 HD21 148 
   1945 2.96 0.0 HE3 170 
   1621 115.4 0.0 N 144 
   288 7.34 0.0 HD1 36 
   1639 7.93 0.0 H 146 
   1426 129.8 0.0 CE2 129 
   375 7.68 0.0 H 42 
   269 1.46 0.0 HB2 35 
   491 118.8 0.0 CE2 50 
   2006 120.6 0.0 N 175 
   62 2.21 0.0 HB 17 
   986 25.7 0.0 CG1 90 
   639 7.37 0.0 HE 63 
   485 6.97 0.0 HE2 50 
   1812 57.2 0.0 CA 160 
   546 2.84 0.0 HE3 55 
   1822 0.66 0.0 HD13 161 
   1814 115.9 0.0 N 160 
   761 127.0 0.0 NE1 73 
   1351 -0.19 0.0 HD11 123 
   601 7.9 0.0 HE3 61 
   1013 129.9 0.0 CE1 92 
   1352 -0.19 0.0 HD12 123 
   613 127.8 0.0 NE1 61 
   1205 4.3 0.0 HA 109 
   1324 3.93 0.0 HA3 121 
   1117 3.67 0.0 HB 101 
   1951 123.6 0.0 N 170 
   368 2.96 0.0 HE3 41 
   681 3.07 0.0 HB2 67 
   1502 1.71 0.0 HB2 135 
   1064 37.7 0.0 CB 96 
   871 55.4 0.0 CA 82 
   1081 2.76 0.0 HB2 98 
   58 43.2 0.0 CD 16 
   1182 0.58 0.0 HG11 107 
   1178 128.8 0.0 N 106 
   818 32.6 0.0 CB 78 
   177 29.2 0.0 CD 25 
   1138 2.95 0.0 HD2 103 
   1006 6.63 0.0 HE1 92 
   527 8.75 0.0 H 54 
   405 131.7 0.0 CD1 44 
   1312 57.4 0.0 CA 119 
   543 1.6 0.0 HD2 55 
   1724 127.0 0.0 CD1 153 
   237 8.17 0.0 H 32 
   699 59.8 0.0 CA 68 
   834 57.7 0.0 CA 79 
   1448 1.99 0.0 HG2 131 
   1120 1.08 0.0 HG23 101 
   1878 7.93 0.0 H 165 
   1736 0.88 0.0 HD11 154 
   1151 30.1 0.0 CB 104 
   678 111.7 0.0 N 66 
   1624 1.42 0.0 HB2 145 
   615 4.91 0.0 HA 62 
   1040 121.6 0.0 N 94 
   117 39.1 0.0 CB 21 
   1021 52.0 0.0 CA 93 
   1569 6.2 0.0 HD2 140 
   1422 39.5 0.0 CB 129 
   323 6.95 0.0 HE21 38 
   173 2.92 0.0 HE3 25 
   1188 58.3 0.0 CA 107 
   191 4.6 0.0 HA 27 
   1460 1.53 0.0 HG 132 
   765 3.22 0.0 HB3 74 
   1997 1.94 0.0 HB2 175 
   1568 6.2 0.0 HD1 140 
   1687 1.16 0.0 HD21 150 
   854 27.8 0.0 CG1 80 
   640 54.8 0.0 CA 63 
   886 39.8 0.0 CB 83 
   1961 119.4 0.0 N 171 
   1069 7.01 0.0 H 97 
   1590 1.64 0.0 HG 142 
   1391 69.5 0.0 CB 126 
   523 55.6 0.0 CA 53 
   1360 7.71 0.0 H 124 
   1888 1.0 0.0 HG13 166 
   1025 4.37 0.0 HA 94 
   669 34.1 0.0 CB 65 
   376 4.12 0.0 HA 42 
   165 4.41 0.0 HA 25 
   132 50.7 0.0 CD 22 
   458 0.92 0.0 HD13 48 
   463 13.2 0.0 CD1 48 
   404 37.9 0.0 CB 44 
   577 116.9 0.0 N 58 
   812 10.66 0.0 HE1 78 
   1461 0.93 0.0 HD11 132 
   838 117.3 0.0 CE1 79 
   60 7.9 0.0 H 17 
   1304 8.4 0.0 H 119 
   203 1.47 0.0 HB2 28 
   754 30.6 0.0 CB 73 
   104 119.8 0.0 N 20 
   1573 51.9 0.0 CA 140 
   535 122.2 0.0 N 54 
   1969 1.65 0.0 HD3 172 
   1464 1.04 0.0 HD21 132 
   1584 44.0 0.0 CA 141 
   1480 7.26 0.0 HZ2 133 
   415 2.64 0.0 HG3 45 
   272 0.91 0.0 HD11 35 
   1059 0.98 0.0 HG23 96 
   1979 4.42 0.0 HA 173 
   1274 52.6 0.0 CA 115 
   24 7.95 0.0 H 14 
   1032 0.45 0.0 HD11 94 
   954 7.16 0.0 HD2 88 
   1936 8.48 0.0 H 170 
   21 54.2 0.0 CA 13 
   800 9.17 0.0 H 77 
   1818 1.9 0.0 HB3 161 
   1966 1.35 0.0 HG2 172 
   1436 1.74 0.0 HD3 130 
   1463 0.93 0.0 HD13 132 
   263 59.6 0.0 CA 34 
   1803 3.0 0.0 HD3 159 
   626 132.0 0.0 CD2 62 
   896 0.41 0.0 HD11 84 
   1857 58.8 0.0 CA 163 
   1121 59.6 0.0 CA 101 
   632 4.37 0.0 HA 63 
   534 36.9 0.0 CB 54 
   1744 26.8 0.0 CG 154 
   664 1.55 0.0 HB2 65 
   1619 115.6 0.0 CD2 144 
   1154 8.55 0.0 H 105 
   1507 3.11 0.0 HD3 135 
   1908 59.4 0.0 CA 167 
   1286 1.89 0.0 HE1 117 
   1135 2.45 0.0 HB3 103 
   1680 4.08 0.0 HA 150 
   879 0.82 0.0 HD11 83 
   1595 0.37 0.0 HD22 142 
   1733 1.24 0.0 HB2 154 
   510 2.21 0.0 HB3 52 
   210 4.82 0.0 HA3 29 
   1078 103.6 0.0 N 97 
   1874 26.3 0.0 CG 164 
   1400 122.0 0.0 N 127 
   1279 2.0 0.0 HB2 116 
   575 55.3 0.0 CA 58 
   1549 4.17 0.0 HA 139 
   1676 3.16 0.0 HA3 149 
   571 7.96 0.0 H 58 
   245 3.99 0.0 HA 33 
   1223 0.68 0.0 HD22 110 
   1793 28.2 0.0 CG1 158 
   74 8.12 0.0 H 18 
   1189 31.4 0.0 CB 107 
   1241 45.8 0.0 CA 112 
   1405 7.06 0.0 HD2 128 
   1751 1.43 0.0 HB2 155 
   380 2.69 0.0 HG3 42 
   1125 7.94 0.0 H 102 
   1230 116.5 0.0 N 110 
   1303 117.4 0.0 CE2 118 
   1849 8.1 0.0 H 163 
   541 1.31 0.0 HG2 55 
   130 31.8 0.0 CB 22 
   519 3.0 0.0 HB2 53 
   369 60.1 0.0 CA 41 
   690 3.96 0.0 HA 68 
   837 131.9 0.0 CD2 79 
   893 0.6 0.0 HB2 84 
   1596 0.37 0.0 HD23 142 
   1560 25.7 0.0 CG 139 
   1319 3.69 0.0 HA3 120 
   64 1.01 0.0 HG12 17 
   857 128.9 0.0 N 80 
   1503 1.86 0.0 HB3 135 
   1938 1.7 0.0 HB2 170 
   656 54.3 0.0 CA 64 
   206 24.4 0.0 CB 28 
   1768 21.8 0.0 CG2 156 
   1991 53.2 0.0 CA 174 
   1445 4.38 0.0 HA 131 
   303 7.5 0.0 H 37 
   1280 2.0 0.0 HB3 116 
   340 26.9 0.0 CG 39 
   91 3.98 0.0 HB3 19 
   965 121.3 0.0 N 88 
   99 2.21 0.0 HG2 20 
   780 4.93 0.0 HA2 75 
   1800 1.71 0.0 HG2 159 
   1896 115.2 0.0 N 166 
   1564 6.28 0.0 H 140 
   843 1.63 0.0 HB 80 
   1263 1.17 0.0 HG22 114 
   804 55.2 0.0 CA 77 
   1403 3.23 0.0 HB2 128 
   444 27.4 0.0 CG 47 
   394 120.6 0.0 N 43 
   400 7.33 0.0 HD2 44 
   651 0.91 0.0 HD12 64 
   731 5.02 0.0 HA 72 
   703 41.8 0.0 CE 68 
   1089 132.8 0.0 CD1 98 
   688 110.7 0.0 ND2 67 
   1836 1.33 0.0 HG13 162 
   1349 -0.36 0.0 HG22 123 
   814 7.17 0.0 HZ2 78 
   495 2.1 0.0 HB 51 
   437 0.93 0.0 HD12 47 
   1035 55.2 0.0 CA 94 
   696 1.69 0.0 HD3 68 
   1647 32.2 0.0 CG 146 
   1085 6.93 0.0 HE1 98 
   156 1.18 0.0 HD22 24 
   1185 0.93 0.0 HG21 107 
   1570 6.77 0.0 HE1 140 
   1056 1.48 0.0 HG13 96 
   1830 22.9 0.0 CD2 161 
   1978 8.4 0.0 H 173 
   1062 0.87 0.0 HD13 96 
   739 32.8 0.0 CB 72 
   574 3.11 0.0 HB3 58 
   957 7.05 0.0 HZ 88 
   1298 53.1 0.0 CA 118 
   1809 4.33 0.0 HA 160 
   14 35.9 0.0 CG 12 
   169 1.29 0.0 HG3 25 
   592 54.1 0.0 CA 60 
   325 58.3 0.0 CA 38 
   97 1.96 0.0 HB2 20 
   357 24.3 0.0 CD2 40 
   175 35.9 0.0 CB 25 
   1342 118.4 0.0 N 122 
   1338 32.9 0.0 CB 122 
   228 1.58 0.0 HG2 31 
   1114 122.2 0.0 N 100 
   1533 33.3 0.0 CB 137 
   1930 2.88 0.0 HB3 169 
   1877 115.9 0.0 N 164 
   1565 4.03 0.0 HA 140 
   1983 27.8 0.0 CB 173 
   586 116.4 0.0 N 59 
   1661 1.64 0.0 HG 148 
   1451 3.77 0.0 HD3 131 
   622 5.65 0.0 HZ 62 
   1709 32.1 0.0 CB 152 
   693 1.46 0.0 HG2 68 
   1094 3.55 0.0 HA 99 
   522 6.74 0.0 HD22 53 
   1881 45.6 0.0 CA 165 
   1861 111.2 0.0 NE2 163 
   1668 54.5 0.0 CA 148 
   304 3.36 0.0 HA 37 
   807 9.24 0.0 H 78 
   727 69.3 0.0 CB 71 
   1921 7.47 0.0 HE22 168 
   644 118.8 0.0 N 63 
   1431 1.96 0.0 HB2 130 
   1468 41.9 0.0 CB 132 
   1685 0.87 0.0 HD12 150 
   1914 8.64 0.0 H 168 
   1527 0.66 0.0 HG12 137 
   917 2.37 0.0 HE3 85 
   183 1.25 0.0 HG21 26 
   1909 40.7 0.0 CB 167 
   1101 62.8 0.0 CA 99 
   1902 0.95 0.0 HG21 167 
   1435 1.73 0.0 HD2 130 
   1811 2.55 0.0 HB3 160 
   211 44.9 0.0 CA 29 
   925 4.52 0.0 HA 86 
   1067 13.2 0.0 CD1 96 
   1080 4.69 0.0 HA 98 
   1636 25.8 0.0 CD1 145 
   1760 0.75 0.0 HG12 156 
   1271 1.43 0.0 HB1 115 
   1500 7.5 0.0 H 135 
   617 2.5 0.0 HB3 62 
   1417 7.05 0.0 HD2 129 
   1186 0.93 0.0 HG22 107 
   798 42.2 0.0 CE 76 
   1162 0.43 0.0 HD11 105 
   772 40.5 0.0 CB 74 
   548 32.2 0.0 CB 55 
   1957 2.2 0.0 HG3 171 
   55 57.8 0.0 CA 16 
   1575 127.3 0.0 CD1 140 
   2007 112.3 0.0 NE2 175 
   1871 2.92 0.0 HE3 164 
   20 1.47 0.0 HB3 13 
   411 4.15 0.0 HA 45 
   449 3.79 0.0 HA 48 
   1370 1.68 0.0 HB3 125 
   1718 7.08 0.0 HE3 153 
   1455 50.3 0.0 CD 131 
   1605 1.04 0.0 HB1 143 
   915 1.28 0.0 HD3 85 
   1072 1.17 0.0 HG21 97 
   87 118.3 0.0 N 18 
   566 1.5 0.0 HB2 57 
   295 29.5 0.0 CB 36 
   472 3.42 0.0 HD3 49 
   1265 58.4 0.0 CA 114 
   1980 2.81 0.0 HB2 173 
   202 1.47 0.0 HB1 28 
   1959 31.0 0.0 CB 171 
   1741 1.14 0.0 HD23 154 
   1763 0.93 0.0 HG22 156 
   469 1.74 0.0 HG2 49 
   145 22.0 0.0 CG2 23 
   1916 1.92 0.0 HB2 168 
   939 8.12 0.0 H 87 
   1762 0.93 0.0 HG21 156 
   691 1.81 0.0 HB2 68 
   1354 61.9 0.0 CA 123 
   769 7.0 0.0 HE2 74 
   69 64.5 0.0 CA 17 
   999 117.4 0.0 N 91 
   1 4.65 0.0 HA 11 
   1577 129.7 0.0 CE1 140 
   1175 1.34 0.0 HB3 106 
   113 -0.19 0.0 HD11 21 
   1159 0.67 0.0 HG21 105 
   930 6.77 0.0 HE1 86 
   426 3.98 0.0 HB3 46 
   897 0.41 0.0 HD12 84 
   289 9.86 0.0 HE1 36 
   1764 0.93 0.0 HG23 156 
   1296 6.74 0.0 HE1 118 
   1540 1.25 0.0 HG2 138 
   996 55.2 0.0 CA 91 
   1348 -0.36 0.0 HG21 123 
   823 123.5 0.0 CH2 78 
   1963 4.4 0.0 HA 172 
   667 2.03 0.0 HG3 65 
   1742 57.8 0.0 CA 154 
   324 8.08 0.0 HE22 38 
   1925 121.6 0.0 N 168 
   30 64.2 0.0 CA 14 
   16 8.44 0.0 H 13 
   1140 61.6 0.0 CA 103 
   1030 0.7 0.0 HG22 94 
   563 7.52 0.0 H 57 
   1866 1.45 0.0 HG2 164 
   1939 1.7 0.0 HB3 170 
   430 114.9 0.0 N 46 
   508 3.88 0.0 HA 52 
   57 27.3 0.0 CG 16 
   1880 4.11 0.0 HA3 165 
   796 24.8 0.0 CG 76 
   855 17.1 0.0 CG2 80 
   1489 123.1 0.0 CH2 133 
   275 1.01 0.0 HD21 35 
   1215 4.34 0.0 HA 110 
   806 114.4 0.0 N 77 
   1061 0.87 0.0 HD12 96 
   1287 1.89 0.0 HE2 117 
   109 1.61 0.0 HG13 21 
   1579 130.1 0.0 CZ 140 
   85 21.7 0.0 CG1 18 
   1491 130.6 0.0 NE1 133 
   861 3.25 0.0 HB3 81 
   1593 -0.51 0.0 HD13 142 
   506 118.9 0.0 N 51 
   92 60.1 0.0 CA 19 
   631 8.75 0.0 H 63 
   243 119.3 0.0 N 32 
   707 2.1 0.0 HB2 69 
   557 7.04 0.0 HD21 56 
   199 107.7 0.0 ND2 27 
   282 25.2 0.0 CD2 35 
   1524 4.01 0.0 HA 137 
   1670 27.0 0.0 CG 148 
   553 8.2 0.0 H 56 
   119 17.2 0.0 CG2 21 
   1985 8.55 0.0 H 174 
   312 66.4 0.0 CA 37 
   1651 1.22 0.0 HB1 147 
   1552 1.26 0.0 HG2 139 
   894 1.93 0.0 HB3 84 
   1309 1.68 0.0 HG3 119 
   1108 1.25 0.0 HG21 100 
   995 2.13 0.0 HG3 91 
   1459 1.92 0.0 HB3 132 
   1750 1.43 0.0 HB1 155 
   1804 66.3 0.0 CA 159 
   515 36.4 0.0 CG 52 
   425 3.98 0.0 HB2 46 
   979 1.02 0.0 HG22 90 
   1525 1.75 0.0 HB 137 
   294 58.7 0.0 CA 36 
   1158 1.15 0.0 HG13 105 
   766 6.87 0.0 HD1 74 
   1869 1.59 0.0 HD3 164 
   1714 3.23 0.0 HB2 153 
   1942 1.6 0.0 HD2 170 
   782 45.8 0.0 CA 75 
   758 120.1 0.0 CZ3 73 
   38 1.59 0.0 HG2 15 
   1846 16.7 0.0 CG2 162 
   755 123.5 0.0 CD1 73 
   1702 1.82 0.0 HB2 152 
   461 29.8 0.0 CG1 48 
   624 40.9 0.0 CB 62 
   2005 33.7 0.0 CG 175 
   1944 2.96 0.0 HE2 170 
   1033 0.45 0.0 HD12 94 
   1727 119.6 0.0 CZ3 153 
   172 2.92 0.0 HE2 25 
   1790 0.18 0.0 HD13 158 
   1419 6.99 0.0 HE2 129 
   1421 62.4 0.0 CA 129 
   1347 0.7 0.0 HG13 123 
   127 3.72 0.0 HD2 22 
   384 119.4 0.0 N 42 
   63 1.01 0.0 HG11 17 
   1026 2.04 0.0 HB 94 
   1810 2.55 0.0 HB2 160 
   489 131.7 0.0 CD2 50 
   442 58.8 0.0 CA 47 
   1618 29.7 0.0 CB 144 
   706 4.19 0.0 HA 69 
   343 3.56 0.0 HA 40 
   1432 2.04 0.0 HB3 130 
   1169 14.7 0.0 CD1 105 
   1180 4.9 0.0 HA 107 
   1155 3.79 0.0 HA 105 
   1453 30.7 0.0 CB 131 
   417 6.94 0.0 HE22 45 
   1873 34.1 0.0 CB 164 
   1452 65.5 0.0 CA 131 
   1737 0.88 0.0 HD12 154 
   1012 131.3 0.0 CD2 92 
   174 57.0 0.0 CA 25 
   1779 117.5 0.0 N 157 
   410 8.21 0.0 H 45 
   1755 115.0 0.0 N 155 
   468 2.07 0.0 HB3 49 
   1266 68.6 0.0 CB 114 
   1292 2.84 0.0 HB2 118 
   627 133.7 0.0 CE1 62 
   1781 3.54 0.0 HA 158 
   866 126.2 0.0 N 81 
   1548 8.76 0.0 H 139 
   654 0.91 0.0 HD22 64 
   222 27.2 0.0 CG 30 
   1657 8.89 0.0 H 148 
   1107 4.44 0.0 HB 100 
   248 1.72 0.0 HG2 33 
   1723 29.6 0.0 CB 153 
   1667 0.92 0.0 HD23 148 
   1490 120.6 0.0 N 133 
   1993 121.0 0.0 N 174 
   258 4.24 0.0 HA 34 
   833 6.69 0.0 HE2 79 
   1648 117.1 0.0 N 146 
   1559 32.6 0.0 CB 139 
   576 39.1 0.0 CB 58 
   764 3.1 0.0 HB2 74 
   327 33.3 0.0 CG 38 
   494 3.25 0.0 HA 51 
   1466 1.04 0.0 HD23 132 
   1566 1.98 0.0 HB2 140 
   1150 54.1 0.0 CA 104 
   310 1.13 0.0 HG22 37 
   300 122.2 0.0 CH2 36 
   265 36.3 0.0 CG 34 
   1604 3.75 0.0 HA 143 
   487 38.5 0.0 CB 50 
   23 122.6 0.0 N 13 
   1887 1.0 0.0 HG12 166 
   185 1.25 0.0 HG23 26 
   1674 7.41 0.0 H 149 
   779 8.54 0.0 H 75 
   73 119.6 0.0 N 17 
   1128 0.01 0.0 HB2 102 
   1172 5.09 0.0 HA 106 
   726 61.7 0.0 CA 71 
   1326 107.3 0.0 N 121 
   1050 27.0 0.0 CG 95 
   1906 0.85 0.0 HD12 167 
   1655 20.6 0.0 CB 147 
   3 2.76 0.0 HB3 11 
   1553 1.46 0.0 HG3 139 
   1808 6.55 0.0 H 160 
   334 1.47 0.0 HG2 39 
   674 0.91 0.0 HB2 66 
   1041 4.62 0.0 HA 95 
   530 3.06 0.0 HB3 54 
   29 1.24 0.0 HG23 14 
   438 0.93 0.0 HD13 47 
   1003 3.68 0.0 HB3 92 
   869 2.25 0.0 HB2 82 
   1891 1.0 0.0 HG23 166 
   1305 4.25 0.0 HA 119 
   960 131.7 0.0 CD1 88 
   88 8.07 0.0 H 19 
   932 57.5 0.0 CA 86 
   1972 56.3 0.0 CA 172 
   567 1.5 0.0 HB3 57 
   1027 1.78 0.0 HG12 94 
   1801 2.05 0.0 HG3 159 
   1649 8.35 0.0 H 147 
   1642 2.46 0.0 HB3 146 
   668 54.6 0.0 CA 65 
   505 21.0 0.0 CG2 51 
   338 58.1 0.0 CA 39 
   1671 26.1 0.0 CD1 148 
   1136 1.32 0.0 HG2 103 
   484 6.97 0.0 HE1 50 
   195 7.45 0.0 HD22 27 
   517 8.47 0.0 H 53 
   1743 42.6 0.0 CB 154 
   1380 26.3 0.0 CG 125 
   121 122.5 0.0 N 21 
   1545 32.6 0.0 CB 138 
   239 3.17 0.0 HB2 32 
   1156 1.26 0.0 HB 105 
   1622 8.62 0.0 H 145 
   736 3.09 0.0 HD2 72 
   70 32.2 0.0 CB 17 
   1521 116.3 0.0 N 136 
   1098 1.77 0.0 HG3 99 
   1672 22.7 0.0 CD2 148 
   316 116.1 0.0 N 37 
   257 9.25 0.0 H 34 
   286 3.29 0.0 HB2 36 
   1485 126.6 0.0 CD1 133 
   912 1.18 0.0 HG2 85 
   311 1.13 0.0 HG23 37 
   350 0.86 0.0 HD21 40 
   980 1.02 0.0 HG23 90 
   1152 35.9 0.0 CG 104 
   1481 7.04 0.0 HZ3 133 
   1879 3.97 0.0 HA2 165 
   756 119.8 0.0 CE3 73 
   1692 27.0 0.0 CG 150 
   1057 0.98 0.0 HG21 96 
   882 0.77 0.0 HD21 83 
   1746 27.6 0.0 CD2 154 
   952 3.07 0.0 HB3 88 
   326 28.0 0.0 CB 38 
   1496 1.5 0.0 HB3 134 
   331 4.12 0.0 HA 39 
   1290 18.0 0.0 CE 117 
   1841 0.01 0.0 HD12 162 
   937 117.5 0.0 CE2 86 
   988 14.6 0.0 CD1 90 
   826 9.23 0.0 H 79 
   466 4.23 0.0 HA 49 
   1341 41.8 0.0 CE 122 
   832 6.69 0.0 HE1 79 
   778 117.0 0.0 N 74 
   943 2.0 0.0 HG2 87 
   476 42.2 0.0 CD 49 
   379 2.4 0.0 HG2 42 
   1202 27.1 0.0 CG 108 
   167 1.76 0.0 HB3 25 
   1236 41.0 0.0 CB 111 
   813 7.27 0.0 HE3 78 
   1644 2.21 0.0 HG3 146 
   383 35.5 0.0 CG 42 
   259 2.16 0.0 HB2 34 
   2000 2.31 0.0 HG3 175 
   32 22.0 0.0 CG2 14 
   445 25.4 0.0 CD1 47 
   698 3.0 0.0 HE3 68 
   1799 2.07 0.0 HB3 159 
   1051 50.6 0.0 CD 95 
   497 0.78 0.0 HG12 51 
   1228 25.1 0.0 CD1 110 
   1029 0.7 0.0 HG21 94 
   1246 1.82 0.0 HB3 113 
   1314 27.1 0.0 CG 119 
   638 3.25 0.0 HD3 63 
   1462 0.93 0.0 HD12 132 
   1767 21.1 0.0 CG1 156 
   1863 4.19 0.0 HA 164 
   1258 117.5 0.0 N 113 
   956 7.18 0.0 HE2 88 
   308 0.99 0.0 HG13 37 
   108 0.36 0.0 HG12 21 
   901 0.64 0.0 HD23 84 
   1666 0.92 0.0 HD22 148 
   502 67.2 0.0 CA 51 
   1683 1.88 0.0 HG 150 
   1329 1.25 0.0 HB2 122 
   603 6.87 0.0 HZ3 61 
   1829 26.1 0.0 CD1 161 
   692 1.89 0.0 HB3 68 
   1163 0.43 0.0 HD12 105 
   1999 2.31 0.0 HG2 175 
   1729 118.4 0.0 N 153 
   1049 32.4 0.0 CB 95 
   922 41.3 0.0 CE 85 
   1919 2.35 0.0 HG3 168 
   370 32.0 0.0 CB 41 
   413 2.34 0.0 HB3 45 
   1850 4.04 0.0 HA 163 
   629 131.9 0.0 CZ 62 
   1234 2.72 0.0 HB3 111 
   604 7.04 0.0 HH2 61 
   1518 7.29 0.0 HD22 136 
   1637 23.3 0.0 CD2 145 
   1716 7.36 0.0 HD1 153 
   1782 1.56 0.0 HB 158 
   141 1.13 0.0 HG23 23 
   789 1.57 0.0 HG3 76 
   1052 8.69 0.0 H 96 
   898 0.41 0.0 HD13 84 
   1127 0.01 0.0 HB1 102 
   891 7.9 0.0 H 84 
   1153 119.5 0.0 N 104 
   1222 0.68 0.0 HD21 110 
   1943 1.6 0.0 HD3 170 
   1203 49.8 0.0 CD 108 
   1042 1.84 0.0 HB2 95 
   342 8.86 0.0 H 40 
   628 133.7 0.0 CE2 62 
   646 5.07 0.0 HA 64 
   845 1.57 0.0 HG13 80 
   1031 0.7 0.0 HG23 94 
   1362 2.23 0.0 HB2 124 
