   1629 -0.05 0.0 HD13 145 
   1653 1.22 0.0 HB3 147 
   1049 32.4 0.0 CB 95 
   970 54.7 0.0 CA 89 
   1769 113.1 0.0 N 156 
   1574 36.4 0.0 CB 140 
   674 0.91 0.0 HB2 66 
   554 4.54 0.0 HA 56 
   1501 4.14 0.0 HA 135 
   794 53.9 0.0 CA 76 
   923 121.7 0.0 N 85 
   828 3.01 0.0 HB2 79 
   1010 40.4 0.0 CB 92 
   492 119.9 0.0 N 50 
   506 118.9 0.0 N 51 
   781 4.31 0.0 HA3 75 
   1543 3.45 0.0 HD3 138 
   1454 27.9 0.0 CG 131 
   1661 1.64 0.0 HG 148 
   1938 1.7 0.0 HB2 170 
   1969 1.65 0.0 HD3 172 
   7 4.11 0.0 HA 12 
   439 0.98 0.0 HD21 47 
   406 131.7 0.0 CD2 44 
   1882 108.0 0.0 N 165 
   1007 6.63 0.0 HE2 92 
   1382 22.6 0.0 CD2 125 
   1586 10.28 0.0 H 142 
   1741 1.14 0.0 HD23 154 
   1312 57.4 0.0 CA 119 
   607 128.3 0.0 CD1 61 
   1248 1.36 0.0 HG3 113 
   1970 2.95 0.0 HE2 172 
   1943 1.6 0.0 HD3 170 
   1359 117.1 0.0 N 123 
   1536 122.5 0.0 N 137 
   502 67.2 0.0 CA 51 
   1197 2.12 0.0 HG3 108 
   1092 116.0 0.0 CE2 98 
   979 1.02 0.0 HG22 90 
   824 117.5 0.0 N 78 
   1486 120.1 0.0 CE3 133 
   1526 0.66 0.0 HG11 137 
   741 43.1 0.0 CD 72 
   1958 55.9 0.0 CA 171 
   918 56.1 0.0 CA 85 
   623 57.0 0.0 CA 62 
   1765 63.4 0.0 CA 156 
   149 1.51 0.0 HB2 24 
   1862 7.88 0.0 H 164 
   848 0.64 0.0 HG23 80 
   1336 2.91 0.0 HE3 122 
   1389 1.41 0.0 HG23 126 
   105 7.66 0.0 H 21 
   1721 6.62 0.0 HH2 153 
   1638 121.2 0.0 N 145 
   663 4.51 0.0 HA 65 
   1302 117.4 0.0 CE1 118 
   1730 127.7 0.0 NE1 153 
   151 1.7 0.0 HG 24 
   1517 6.92 0.0 HD21 136 
   1891 1.0 0.0 HG23 166 
   45 43.1 0.0 CD 15 
   1168 17.5 0.0 CG2 105 
   955 7.18 0.0 HE1 88 
   533 55.3 0.0 CA 54 
   1145 4.26 0.0 HA 104 
   1452 65.5 0.0 CA 131 
   928 7.33 0.0 HD1 86 
   1984 120.4 0.0 N 173 
   1724 127.0 0.0 CD1 153 
   840 121.1 0.0 N 79 
   708 2.23 0.0 HB3 69 
   1987 2.77 0.0 HB2 174 
   1206 2.17 0.0 HB2 109 
   469 1.74 0.0 HG2 49 
   1432 2.04 0.0 HB3 130 
   85 21.7 0.0 CG1 18 
   1719 7.16 0.0 HZ2 153 
   535 122.2 0.0 N 54 
   677 66.8 0.0 CB 66 
   744 4.72 0.0 HA 73 
   887 26.8 0.0 CG 83 
   755 123.5 0.0 CD1 73 
   1351 -0.19 0.0 HD11 123 
   224 8.5 0.0 H 31 
   1098 1.77 0.0 HG3 99 
   354 41.3 0.0 CB 40 
   310 1.13 0.0 HG22 37 
   1756 6.91 0.0 H 156 
   1006 6.63 0.0 HE1 92 
   1369 1.43 0.0 HB2 125 
   1082 3.27 0.0 HB3 98 
   1267 20.7 0.0 CG2 114 
   655 0.91 0.0 HD23 64 
   658 27.3 0.0 CG 64 
   527 8.75 0.0 H 54 
   475 26.1 0.0 CG 49 
   911 1.74 0.0 HB3 85 
   716 4.53 0.0 HA2 70 
   571 7.96 0.0 H 58 
   1748 7.31 0.0 H 155 
   1562 41.9 0.0 CE 139 
   169 1.29 0.0 HG3 25 
   1303 117.4 0.0 CE2 118 
   323 6.95 0.0 HE21 38 
   635 1.6 0.0 HG2 63 
   1331 1.04 0.0 HG2 122 
   1803 3.0 0.0 HD3 159 
   474 29.4 0.0 CB 49 
   44 27.3 0.0 CG 15 
   371 25.0 0.0 CG 41 
   552 122.1 0.0 N 55 
   715 7.82 0.0 H 70 
   471 3.37 0.0 HD2 49 
   1951 123.6 0.0 N 170 
   346 0.96 0.0 HG 40 
   425 3.98 0.0 HB2 46 
   283 119.1 0.0 N 35 
   223 48.9 0.0 CD 30 
   588 8.49 0.0 H 60 
   152 1.0 0.0 HD11 24 
   1333 1.6 0.0 HD2 122 
   1429 8.59 0.0 H 130 
   1821 0.66 0.0 HD12 161 
   145 22.0 0.0 CG2 23 
   1650 4.49 0.0 HA 147 
   1355 37.5 0.0 CB 123 
   1513 7.18 0.0 H 136 
   1507 3.11 0.0 HD3 135 
   467 1.95 0.0 HB2 49 
   324 8.08 0.0 HE22 38 
   799 121.3 0.0 N 76 
   1729 118.4 0.0 N 153 
   115 -0.19 0.0 HD13 21 
   802 2.94 0.0 HB2 77 
   690 3.96 0.0 HA 68 
   500 0.8 0.0 HG22 51 
   218 2.45 0.0 HD2 30 
   479 4.78 0.0 HA 50 
   1842 0.01 0.0 HD13 162 
   1592 -0.51 0.0 HD12 142 
   1262 1.17 0.0 HG21 114 
   920 25.6 0.0 CG 85 
   48 4.19 0.0 HA 16 
   1527 0.66 0.0 HG12 137 
   1745 23.0 0.0 CD1 154 
   1783 0.82 0.0 HG12 158 
   1535 22.9 0.0 CG2 137 
   1613 2.35 0.0 HB2 144 
   1814 115.9 0.0 N 160 
   1350 -0.36 0.0 HG23 123 
   1338 32.9 0.0 CB 122 
   634 1.82 0.0 HB3 63 
   1778 34.2 0.0 CG 157 
   1224 0.68 0.0 HD23 110 
   1696 9.07 0.0 H 151 
   199 107.7 0.0 ND2 27 
   853 38.1 0.0 CB 80 
   131 27.7 0.0 CG 22 
   1965 1.85 0.0 HB3 172 
   76 2.19 0.0 HB 18 
   1863 4.19 0.0 HA 164 
   1371 1.35 0.0 HG 125 
   1202 27.1 0.0 CG 108 
   392 28.4 0.0 CB 43 
   990 8.61 0.0 H 91 
   1855 7.42 0.0 HE21 163 
   1761 0.75 0.0 HG13 156 
   1323 3.93 0.0 HA2 121 
   1413 4.07 0.0 HA 129 
   478 8.25 0.0 H 50 
   1902 0.95 0.0 HG21 167 
   258 4.24 0.0 HA 34 
   717 3.53 0.0 HA3 70 
   777 129.4 0.0 CZ 74 
   1689 1.16 0.0 HD23 150 
   384 119.4 0.0 N 42 
   1444 118.4 0.0 N 130 
   123 1.93 0.0 HB2 22 
   562 112.3 0.0 ND2 56 
   443 42.7 0.0 CB 47 
   829 3.01 0.0 HB3 79 
   860 2.85 0.0 HB2 81 
   779 8.54 0.0 H 75 
   628 133.7 0.0 CE2 62 
   66 1.1 0.0 HG21 17 
   1182 0.58 0.0 HG11 107 
   388 2.34 0.0 HB3 43 
   985 42.8 0.0 CB 90 
   889 22.5 0.0 CD2 83 
   548 32.2 0.0 CB 55 
   778 117.0 0.0 N 74 
   1376 0.33 0.0 HD22 125 
   91 3.98 0.0 HB3 19 
   898 0.41 0.0 HD13 84 
   636 1.74 0.0 HG3 63 
   307 0.99 0.0 HG12 37 
   1166 38.7 0.0 CB 105 
   1658 4.51 0.0 HA 148 
   229 1.65 0.0 HG3 31 
   1597 57.5 0.0 CA 142 
   11 2.32 0.0 HG3 12 
   1555 1.62 0.0 HD3 139 
   404 37.9 0.0 CB 44 
   1890 1.0 0.0 HG22 166 
   30 64.2 0.0 CA 14 
   402 6.81 0.0 HE2 44 
   536 104.6 0.0 ND2 54 
   295 29.5 0.0 CB 36 
   1677 45.7 0.0 CA 149 
   709 2.34 0.0 HG2 69 
   1132 126.2 0.0 N 102 
   1317 8.98 0.0 H 120 
   90 3.98 0.0 HB2 19 
   855 17.1 0.0 CG2 80 
   1305 4.25 0.0 HA 119 
   353 57.5 0.0 CA 40 
   196 51.1 0.0 CA 27 
   1790 0.18 0.0 HD13 158 
   1364 57.6 0.0 CA 124 
   1776 57.3 0.0 CA 157 
   437 0.93 0.0 HD12 47 
   1547 48.1 0.0 CD 138 
   397 3.17 0.0 HB2 44 
   1179 8.02 0.0 H 107 
   891 7.9 0.0 H 84 
   513 59.7 0.0 CA 52 
   302 125.7 0.0 NE1 36 
   932 57.5 0.0 CA 86 
   1909 40.7 0.0 CB 167 
   1836 1.33 0.0 HG13 162 
   678 111.7 0.0 N 66 
   894 1.93 0.0 HB3 84 
   611 123.3 0.0 CH2 61 
   1791 63.4 0.0 CA 158 
   1895 21.8 0.0 CG2 166 
   1549 4.17 0.0 HA 139 
   1930 2.88 0.0 HB3 169 
   1293 3.08 0.0 HB3 118 
   1250 1.6 0.0 HD3 113 
   1183 0.58 0.0 HG12 107 
   760 125.1 0.0 N 73 
   1859 33.7 0.0 CG 163 
   864 34.3 0.0 CB 81 
   792 2.95 0.0 HE2 76 
   1000 8.46 0.0 H 92 
   1837 0.81 0.0 HG21 162 
   664 1.55 0.0 HB2 65 
   1978 8.4 0.0 H 173 
   1311 3.21 0.0 HD3 119 
   250 3.34 0.0 HD2 33 
   1158 1.15 0.0 HG13 105 
   660 24.2 0.0 CD2 64 
   13 29.4 0.0 CB 12 
   627 133.7 0.0 CE1 62 
   1628 -0.05 0.0 HD12 145 
   1490 120.6 0.0 N 133 
   1173 1.34 0.0 HB1 106 
   1150 54.1 0.0 CA 104 
   558 7.75 0.0 HD22 56 
   1857 58.8 0.0 CA 163 
   247 2.12 0.0 HB3 33 
   1506 3.11 0.0 HD2 135 
   1120 1.08 0.0 HG23 101 
   1801 2.05 0.0 HG3 159 
   1375 0.33 0.0 HD21 125 
   995 2.13 0.0 HG3 91 
   409 118.4 0.0 N 44 
   590 2.19 0.0 HB2 60 
   973 8.46 0.0 H 90 
   1380 26.3 0.0 CG 125 
   1246 1.82 0.0 HB3 113 
   1945 2.96 0.0 HE3 170 
   817 56.7 0.0 CA 78 
   1296 6.74 0.0 HE1 118 
   775 130.0 0.0 CE1 74 
   1123 21.0 0.0 CG2 101 
   1684 0.87 0.0 HD11 150 
   329 113.9 0.0 NE2 38 
   1606 1.04 0.0 HB2 143 
   1642 2.46 0.0 HB3 146 
   112 0.18 0.0 HG23 21 
   1186 0.93 0.0 HG22 107 
   882 0.77 0.0 HD21 83 
   752 6.46 0.0 HH2 73 
   1103 25.1 0.0 CG 99 
   1029 0.7 0.0 HG21 94 
   668 54.6 0.0 CA 65 
   1258 117.5 0.0 N 113 
   1738 0.88 0.0 HD13 154 
   675 2.44 0.0 HB3 66 
   786 1.44 0.0 HB2 76 
   1906 0.85 0.0 HD12 167 
   184 1.25 0.0 HG22 26 
   915 1.28 0.0 HD3 85 
   213 2.52 0.0 HA 30 
   118 27.5 0.0 CG1 21 
   657 48.2 0.0 CB 64 
   3 2.76 0.0 HB3 11 
   73 119.6 0.0 N 17 
   782 45.8 0.0 CA 75 
   1568 6.2 0.0 HD1 140 
   564 4.51 0.0 HA 57 
   1031 0.7 0.0 HG23 94 
   278 56.6 0.0 CA 35 
   1713 4.06 0.0 HA 153 
   172 2.92 0.0 HE2 25 
   1591 -0.51 0.0 HD11 142 
   1601 22.0 0.0 CD2 142 
   945 54.3 0.0 CA 87 
   1731 8.68 0.0 H 154 
   1525 1.75 0.0 HB 137 
   539 1.91 0.0 HB2 55 
   1438 2.99 0.0 HE3 130 
   476 42.2 0.0 CD 49 
   790 1.55 0.0 HD2 76 
   604 7.04 0.0 HH2 61 
   253 28.7 0.0 CB 33 
   1483 61.0 0.0 CA 133 
   1809 4.33 0.0 HA 160 
   1733 1.24 0.0 HB2 154 
   2003 56.0 0.0 CA 175 
   661 123.1 0.0 N 64 
   1793 28.2 0.0 CG1 158 
   40 3.21 0.0 HD2 15 
   1867 1.66 0.0 HG3 164 
   1290 18.0 0.0 CE 117 
   1412 7.96 0.0 H 129 
   1768 21.8 0.0 CG2 156 
   1678 107.1 0.0 N 149 
   725 1.1 0.0 HG23 71 
   43 30.1 0.0 CB 15 
   1884 4.04 0.0 HA 166 
   1415 3.22 0.0 HB3 129 
   332 1.78 0.0 HB2 39 
   748 9.32 0.0 HE1 73 
   933 39.5 0.0 CB 86 
   163 126.3 0.0 N 24 
   616 2.1 0.0 HB2 62 
   483 7.26 0.0 HD2 50 
   1839 0.81 0.0 HG23 162 
   333 2.31 0.0 HB3 39 
   1648 117.1 0.0 N 146 
   1060 0.87 0.0 HD11 96 
   1760 0.75 0.0 HG12 156 
   461 29.8 0.0 CG1 48 
   1743 42.6 0.0 CB 154 
   1042 1.84 0.0 HB2 95 
   1347 0.7 0.0 HG13 123 
   215 1.42 0.0 HB3 30 
   1033 0.45 0.0 HD12 94 
   724 1.1 0.0 HG22 71 
   851 0.82 0.0 HD13 80 
   869 2.25 0.0 HB2 82 
   1652 1.22 0.0 HB2 147 
   1399 40.2 0.0 CB 127 
   1247 1.3 0.0 HG2 113 
   888 25.2 0.0 CD1 83 
   1919 2.35 0.0 HG3 168 
   1239 4.25 0.0 HA2 112 
   687 116.8 0.0 N 67 
   263 59.6 0.0 CA 34 
   1548 8.76 0.0 H 139 
   386 4.33 0.0 HA 43 
   594 120.0 0.0 N 60 
   56 30.2 0.0 CB 16 
   1236 41.0 0.0 CB 111 
   1961 119.4 0.0 N 171 
   1992 38.6 0.0 CB 174 
   1181 1.96 0.0 HB 107 
   1587 3.92 0.0 HA 142 
   820 119.9 0.0 CE3 78 
   1107 4.44 0.0 HB 100 
   1138 2.95 0.0 HD2 103 
   1939 1.7 0.0 HB3 170 
   1932 57.3 0.0 CA 169 
   897 0.41 0.0 HD12 84 
   1832 8.16 0.0 H 162 
   463 13.2 0.0 CD1 48 
   754 30.6 0.0 CB 73 
   581 2.76 0.0 HB3 59 
   902 53.6 0.0 CA 84 
   1695 125.1 0.0 N 150 
   1496 1.5 0.0 HB3 134 
   294 58.7 0.0 CA 36 
   769 7.0 0.0 HE2 74 
   1758 1.8 0.0 HB 156 
   1004 6.51 0.0 HD1 92 
   1903 0.95 0.0 HG22 167 
   92 60.1 0.0 CA 19 
   1457 3.95 0.0 HA 132 
   1702 1.82 0.0 HB2 152 
   749 7.03 0.0 HE3 73 
   1914 8.64 0.0 H 168 
   1209 2.43 0.0 HG3 109 
   154 1.0 0.0 HD13 24 
   108 0.36 0.0 HG12 21 
   537 8.89 0.0 H 55 
   1090 133.8 0.0 CD2 98 
   26 4.2 0.0 HB 14 
   617 2.5 0.0 HB3 62 
   1439 62.3 0.0 CA 130 
   242 40.8 0.0 CB 32 
   317 7.16 0.0 H 38 
   673 4.75 0.0 HA 66 
   16 8.44 0.0 H 13 
   762 8.53 0.0 H 74 
   532 7.24 0.0 HD22 54 
   1503 1.86 0.0 HB3 135 
   233 29.5 0.0 CB 31 
   1751 1.43 0.0 HB2 155 
   1189 31.4 0.0 CB 107 
   249 1.85 0.0 HG3 33 
   712 29.6 0.0 CB 69 
   1908 59.4 0.0 CA 167 
   1875 29.2 0.0 CD 164 
   62 2.21 0.0 HB 17 
   1676 3.16 0.0 HA3 149 
   1773 0.96 0.0 HB3 157 
   1195 2.4 0.0 HB3 108 
   753 55.4 0.0 CA 73 
   1615 5.82 0.0 HD2 144 
   240 3.09 0.0 HB3 32 
   1422 39.5 0.0 CB 129 
   1036 36.4 0.0 CB 94 
   1833 3.68 0.0 HA 162 
   342 8.86 0.0 H 40 
   1845 29.2 0.0 CG1 162 
   1686 0.87 0.0 HD13 150 
   872 39.0 0.0 CB 82 
   366 1.74 0.0 HD3 41 
   423 8.3 0.0 H 46 
   1710 28.3 0.0 CG 152 
   1994 112.7 0.0 ND2 174 
   1826 57.4 0.0 CA 161 
   308 0.99 0.0 HG13 37 
   1068 118.2 0.0 N 96 
   1284 2.3 0.0 HG2 117 
   1131 15.4 0.0 CB 102 
   624 40.9 0.0 CB 62 
   1009 57.4 0.0 CA 92 
   1316 120.9 0.0 N 119 
   1358 13.5 0.0 CD1 123 
   121 122.5 0.0 N 21 
   1309 1.68 0.0 HG3 119 
   349 0.84 0.0 HD13 40 
   1174 1.34 0.0 HB2 106 
   398 3.25 0.0 HB3 44 
   591 2.96 0.0 HB3 60 
   435 1.91 0.0 HG 47 
   362 2.06 0.0 HB3 41 
   1771 3.85 0.0 HA 157 
   1690 57.9 0.0 CA 150 
   181 3.89 0.0 HA 26 
   765 3.22 0.0 HB3 74 
   1442 29.4 0.0 CD 130 
   2006 120.6 0.0 N 175 
   1219 0.5 0.0 HD11 110 
   1537 4.86 0.0 HA 138 
   67 1.1 0.0 HG22 17 
   1746 27.6 0.0 CD2 154 
   961 131.7 0.0 CD2 88 
   1532 60.5 0.0 CA 137 
   1715 3.56 0.0 HB3 153 
   1354 61.9 0.0 CA 123 
   1937 4.24 0.0 HA 170 
   1515 0.92 0.0 HB2 136 
   644 118.8 0.0 N 63 
   147 9.12 0.0 H 24 
   177 29.2 0.0 CD 25 
   144 18.2 0.0 CG1 23 
   1822 0.66 0.0 HD13 161 
   452 1.86 0.0 HG13 48 
   1237 119.9 0.0 N 111 
   436 0.93 0.0 HD11 47 
   270 1.81 0.0 HB3 35 
   1424 131.7 0.0 CD2 129 
   411 4.15 0.0 HA 45 
   576 39.1 0.0 CB 58 
   185 1.25 0.0 HG23 26 
   1114 122.2 0.0 N 100 
   622 5.65 0.0 HZ 62 
   1434 1.72 0.0 HG3 130 
   1232 4.44 0.0 HA 111 
   1868 1.5 0.0 HD2 164 
   1631 0.45 0.0 HD22 145 
   428 62.8 0.0 CA 46 
   1492 8.33 0.0 H 134 
   544 1.6 0.0 HD3 55 
   268 4.34 0.0 HA 35 
   1569 6.2 0.0 HD2 140 
   1458 1.61 0.0 HB2 132 
   542 1.59 0.0 HG3 55 
   187 68.1 0.0 CB 26 
   1191 22.2 0.0 CG2 107 
   1105 8.2 0.0 H 100 
   137 0.96 0.0 HG12 23 
   1419 6.99 0.0 HE2 129 
   183 1.25 0.0 HG21 26 
   1408 30.4 0.0 CB 128 
   1142 27.9 0.0 CG 103 
   1086 7.33 0.0 HE2 98 
   374 118.4 0.0 N 41 
   1466 1.04 0.0 HD23 132 
   826 9.23 0.0 H 79 
   1153 119.5 0.0 N 104 
   1108 1.25 0.0 HG21 100 
   1917 2.09 0.0 HB3 168 
   1325 45.6 0.0 CA 121 
   415 2.64 0.0 HG3 45 
   156 1.18 0.0 HD22 24 
   235 43.1 0.0 CD 31 
   1402 4.57 0.0 HA 128 
   1767 21.1 0.0 CG1 156 
   517 8.47 0.0 H 53 
   72 21.8 0.0 CG2 17 
   926 2.88 0.0 HB2 86 
   1164 0.43 0.0 HD13 105 
   243 119.3 0.0 N 32 
   257 9.25 0.0 H 34 
   1811 2.55 0.0 HB3 160 
   771 54.9 0.0 CA 74 
   1929 2.59 0.0 HB2 169 
   107 1.29 0.0 HB 21 
   1449 2.12 0.0 HG3 131 
   1848 120.1 0.0 N 162 
   1680 4.08 0.0 HA 150 
   1306 1.79 0.0 HB2 119 
   1265 58.4 0.0 CA 114 
   1057 0.98 0.0 HG21 96 
   1144 8.6 0.0 H 104 
   201 4.74 0.0 HA 28 
   1403 3.23 0.0 HB2 128 
   227 2.02 0.0 HB3 31 
   1151 30.1 0.0 CB 104 
   1716 7.36 0.0 HD1 153 
   170 1.6 0.0 HD2 25 
   1448 1.99 0.0 HG2 131 
   1409 120.2 0.0 CD2 128 
   1785 0.42 0.0 HG21 158 
   763 5.33 0.0 HA 74 
   1272 1.43 0.0 HB2 115 
   1365 27.0 0.0 CB 124 
   1934 120.5 0.0 CD2 169 
   1941 1.38 0.0 HG3 170 
   1694 27.2 0.0 CD2 150 
   1301 132.5 0.0 CD2 118 
   282 25.2 0.0 CD2 35 
   1307 1.79 0.0 HB3 119 
   1437 2.99 0.0 HE2 130 
   1673 110.9 0.0 N 148 
   830 6.96 0.0 HD1 79 
   1991 53.2 0.0 CA 174 
   136 0.96 0.0 HG11 23 
   1598 40.4 0.0 CB 142 
   372 29.5 0.0 CD 41 
   1519 53.4 0.0 CA 136 
   751 6.65 0.0 HZ3 73 
   528 4.38 0.0 HA 54 
   1800 1.71 0.0 HG2 159 
   735 1.63 0.0 HG3 72 
   1512 113.5 0.0 N 135 
   793 2.95 0.0 HE3 76 
   836 131.9 0.0 CD1 79 
   683 7.79 0.0 HD21 67 
   1901 1.3 0.0 HG13 167 
   930 6.77 0.0 HE1 86 
   1130 49.7 0.0 CA 102 
   1504 1.59 0.0 HG2 135 
   1655 20.6 0.0 CB 147 
   884 0.77 0.0 HD23 83 
   880 0.82 0.0 HD12 83 
   1372 0.13 0.0 HD11 125 
   1617 61.9 0.0 CA 144 
   176 24.6 0.0 CG 25 
   846 0.64 0.0 HG21 80 
   952 3.07 0.0 HB3 88 
   2 2.76 0.0 HB2 11 
   689 8.83 0.0 H 68 
   21 54.2 0.0 CA 13 
   563 7.52 0.0 H 57 
   1089 132.8 0.0 CD1 98 
   878 1.45 0.0 HG 83 
   375 7.68 0.0 H 42 
   488 131.7 0.0 CD1 50 
   1095 1.45 0.0 HB2 99 
   565 1.5 0.0 HB1 57 
   998 35.4 0.0 CG 91 
   1377 0.33 0.0 HD23 125 
   964 128.3 0.0 CZ 88 
   1084 7.38 0.0 HD2 98 
   603 6.87 0.0 HZ3 61 
   785 5.61 0.0 HA 76 
   1838 0.81 0.0 HG22 162 
   1134 0.87 0.0 HB2 103 
   1923 31.6 0.0 CB 168 
   32 22.0 0.0 CG2 14 
   578 8.55 0.0 H 59 
   394 120.6 0.0 N 43 
   1514 4.26 0.0 HA 136 
   1579 130.1 0.0 CZ 140 
   1851 2.24 0.0 HB2 163 
   881 0.82 0.0 HD13 83 
   800 9.17 0.0 H 77 
   903 43.1 0.0 CB 84 
   866 126.2 0.0 N 81 
   1551 1.6 0.0 HB3 139 
   54 3.21 0.0 HD3 16 
   925 4.52 0.0 HA 86 
   534 36.9 0.0 CB 54 
   1557 2.91 0.0 HE3 139 
   600 9.85 0.0 HE1 61 
   1877 115.9 0.0 N 164 
   1999 2.31 0.0 HG2 175 
   8 2.03 0.0 HB2 12 
   1129 0.01 0.0 HB3 102 
   1464 1.04 0.0 HD21 132 
   1964 1.72 0.0 HB2 172 
   116 59.2 0.0 CA 21 
   951 2.71 0.0 HB2 88 
   1163 0.43 0.0 HD12 105 
   101 56.0 0.0 CA 20 
   1640 4.36 0.0 HA 146 
   1223 0.68 0.0 HD22 110 
   340 26.9 0.0 CG 39 
   363 1.45 0.0 HG2 41 
   390 2.75 0.0 HG3 43 
   468 2.07 0.0 HB3 49 
   1282 29.0 0.0 CB 116 
   1561 29.3 0.0 CD 139 
   1423 131.7 0.0 CD1 129 
   555 2.93 0.0 HB2 56 
   1786 0.42 0.0 HG22 158 
   1058 0.98 0.0 HG22 96 
   508 3.88 0.0 HA 52 
   24 7.95 0.0 H 14 
   1626 1.11 0.0 HG 145 
   1835 0.32 0.0 HG12 162 
   1823 0.73 0.0 HD21 161 
   1632 0.45 0.0 HD23 145 
   809 3.11 0.0 HB2 78 
   84 31.9 0.0 CB 18 
   1641 2.2 0.0 HB2 146 
   1482 7.06 0.0 HH2 133 
   52 1.6 0.0 HG3 16 
   1575 127.3 0.0 CD1 140 
   1920 6.76 0.0 HE21 168 
   1474 3.57 0.0 HA 133 
   767 6.87 0.0 HD2 74 
   1795 8.6 0.0 CD1 158 
   750 7.02 0.0 HZ2 73 
   1473 8.49 0.0 H 133 
   1682 2.33 0.0 HB3 150 
   1560 25.7 0.0 CG 139 
   1346 0.57 0.0 HG12 123 
   766 6.87 0.0 HD1 74 
   1764 0.93 0.0 HG23 156 
   153 1.0 0.0 HD12 24 
   1478 9.6 0.0 HE1 133 
   540 1.91 0.0 HB3 55 
   524 37.4 0.0 CB 53 
   908 8.45 0.0 H 85 
   1813 41.7 0.0 CB 160 
   904 25.9 0.0 CG 84 
   1869 1.59 0.0 HD3 164 
   158 56.0 0.0 CA 24 
   1649 8.35 0.0 H 147 
   58 43.2 0.0 CD 16 
   1986 4.67 0.0 HA 174 
   1198 3.48 0.0 HD2 108 
   996 55.2 0.0 CA 91 
   632 4.37 0.0 HA 63 
   1421 62.4 0.0 CA 129 
   1522 116.8 0.0 ND2 136 
   895 1.54 0.0 HG 84 
   805 32.7 0.0 CB 77 
   1281 56.2 0.0 CA 116 
   368 2.96 0.0 HE3 41 
   1459 1.92 0.0 HB3 132 
   971 41.3 0.0 CB 89 
   1039 8.7 0.0 CD1 94 
   206 24.4 0.0 CB 28 
   1394 8.77 0.0 H 127 
   93 63.2 0.0 CB 19 
   609 113.7 0.0 CZ2 61 
   1353 -0.19 0.0 HD13 123 
   1595 0.37 0.0 HD22 142 
   446 23.9 0.0 CD2 47 
   238 4.9 0.0 HA 32 
   1216 1.6 0.0 HB2 110 
   1176 50.2 0.0 CA 106 
   22 18.5 0.0 CB 13 
   1137 1.47 0.0 HG3 103 
   879 0.82 0.0 HD11 83 
   491 118.8 0.0 CE2 50 
   531 4.55 0.0 HD21 54 
   269 1.46 0.0 HB2 35 
   1643 2.21 0.0 HG2 146 
   1124 114.3 0.0 N 101 
   561 118.9 0.0 N 56 
   1400 122.0 0.0 N 127 
   440 0.98 0.0 HD22 47 
   259 2.16 0.0 HB2 34 
   1722 62.3 0.0 CA 153 
   982 0.71 0.0 HD12 90 
   816 6.84 0.0 HH2 78 
   99 2.21 0.0 HG2 20 
   1926 112.3 0.0 NE2 168 
   17 4.21 0.0 HA 13 
   1963 4.4 0.0 HA 172 
   174 57.0 0.0 CA 25 
   447 120.8 0.0 N 47 
   1674 7.41 0.0 H 149 
   1034 0.45 0.0 HD13 94 
   466 4.23 0.0 HA 49 
   1670 27.0 0.0 CG 148 
   1635 26.4 0.0 CG 145 
   261 2.42 0.0 HG2 34 
   1873 34.1 0.0 CB 164 
   501 0.8 0.0 HG23 51 
   1725 119.6 0.0 CE3 153 
   1804 66.3 0.0 CA 159 
   127 3.72 0.0 HD2 22 
   941 1.9 0.0 HB2 87 
   6 8.75 0.0 H 12 
   1456 6.93 0.0 H 132 
   1318 4.1 0.0 HA2 120 
   825 131.3 0.0 NE1 78 
   1607 1.04 0.0 HB3 143 
   893 0.6 0.0 HB2 84 
   1593 -0.51 0.0 HD13 142 
   347 0.84 0.0 HD11 40 
   1581 9.74 0.0 H 141 
   287 3.79 0.0 HB3 36 
   1076 67.7 0.0 CB 97 
   1159 0.67 0.0 HG21 105 
   669 34.1 0.0 CB 65 
   1830 22.9 0.0 CD2 161 
   1582 5.14 0.0 HA2 141 
   1294 7.0 0.0 HD1 118 
   39 1.72 0.0 HG3 15 
   764 3.1 0.0 HB2 74 
   1726 113.9 0.0 CZ2 153 
   1450 3.64 0.0 HD2 131 
   579 5.05 0.0 HA 59 
   815 6.61 0.0 HZ3 78 
   1461 0.93 0.0 HD11 132 
   330 8.2 0.0 H 39 
   620 5.55 0.0 HE1 62 
   1357 17.0 0.0 CG2 123 
   1417 7.05 0.0 HD2 129 
   813 7.27 0.0 HE3 78 
   1003 3.68 0.0 HB3 92 
   859 4.82 0.0 HA 81 
   1564 6.28 0.0 H 140 
   1707 3.6 0.0 HD3 152 
   1040 121.6 0.0 N 94 
   1379 41.7 0.0 CB 125 
   842 5.13 0.0 HA 80 
   301 121.6 0.0 N 36 
   1249 1.6 0.0 HD2 113 
   1540 1.25 0.0 HG2 138 
   1709 32.1 0.0 CB 152 
   111 0.18 0.0 HG22 21 
   1099 3.44 0.0 HD2 99 
   207 123.5 0.0 N 28 
   292 7.51 0.0 HZ3 36 
   416 7.61 0.0 HE21 45 
   1008 6.45 0.0 HZ 92 
   264 28.8 0.0 CB 34 
   385 8.98 0.0 H 43 
   729 107.9 0.0 N 71 
   1087 58.3 0.0 CA 98 
   968 2.72 0.0 HB2 89 
   1184 0.58 0.0 HG13 107 
   280 27.0 0.0 CG 35 
   1241 45.8 0.0 CA 112 
   1360 7.71 0.0 H 124 
   1737 0.88 0.0 HD12 154 
   1500 7.5 0.0 H 135 
   1528 0.66 0.0 HG13 137 
   839 117.3 0.0 CE2 79 
   727 69.3 0.0 CB 71 
   698 3.0 0.0 HE3 68 
   1445 4.38 0.0 HA 131 
   1263 1.17 0.0 HG22 114 
   1362 2.23 0.0 HB2 124 
   1275 18.9 0.0 CB 115 
   1858 27.9 0.0 CB 163 
   408 117.8 0.0 CE2 44 
   679 8.15 0.0 H 67 
   338 58.1 0.0 CA 39 
   1292 2.84 0.0 HB2 118 
   113 -0.19 0.0 HD11 21 
   405 131.7 0.0 CD1 44 
   1620 136.3 0.0 CE1 144 
   1812 57.2 0.0 CA 160 
   1453 30.7 0.0 CB 131 
   2007 112.3 0.0 NE2 175 
   1817 1.16 0.0 HB2 161 
   189 121.3 0.0 N 26 
