   1598 40.4 0.0 CB 142 
   675 2.44 0.0 HB3 66 
   102 30.1 0.0 CB 20 
   1932 57.3 0.0 CA 169 
   1053 3.78 0.0 HA 96 
   1258 117.5 0.0 N 113 
   514 29.2 0.0 CB 52 
   953 7.16 0.0 HD1 88 
   998 35.4 0.0 CG 91 
   513 59.7 0.0 CA 52 
   1248 1.36 0.0 HG3 113 
   1964 1.72 0.0 HB2 172 
   1824 0.73 0.0 HD22 161 
   964 128.3 0.0 CZ 88 
   1599 26.2 0.0 CG 142 
   655 0.91 0.0 HD23 64 
   1167 27.6 0.0 CG1 105 
   992 2.07 0.0 HB2 91 
   429 62.7 0.0 CB 46 
   657 48.2 0.0 CB 64 
   1566 1.98 0.0 HB2 140 
   211 44.9 0.0 CA 29 
   808 6.21 0.0 HA 78 
   1590 1.64 0.0 HG 142 
   17 4.21 0.0 HA 13 
   710 2.54 0.0 HG3 69 
   410 8.21 0.0 H 45 
   1511 43.4 0.0 CD 135 
   275 1.01 0.0 HD21 35 
   1212 36.8 0.0 CG 109 
   1721 6.62 0.0 HH2 153 
   158 56.0 0.0 CA 24 
   911 1.74 0.0 HB3 85 
   51 1.6 0.0 HG2 16 
   1152 35.9 0.0 CG 104 
   1335 2.91 0.0 HE2 122 
   1135 2.45 0.0 HB3 103 
   1235 56.4 0.0 CA 111 
   533 55.3 0.0 CA 54 
   914 1.27 0.0 HD2 85 
   850 0.82 0.0 HD12 80 
   236 116.8 0.0 N 31 
   76 2.19 0.0 HB 18 
   1710 28.3 0.0 CG 152 
   728 23.0 0.0 CG2 71 
   148 4.56 0.0 HA 24 
   720 8.33 0.0 H 71 
   986 25.7 0.0 CG1 90 
   1198 3.48 0.0 HD2 108 
   584 51.8 0.0 CA 59 
   92 60.1 0.0 CA 19 
   1050 27.0 0.0 CG 95 
   1605 1.04 0.0 HB1 143 
   917 2.37 0.0 HE3 85 
   248 1.72 0.0 HG2 33 
   978 1.02 0.0 HG21 90 
   625 132.0 0.0 CD1 62 
   1805 30.6 0.0 CB 159 
   1090 133.8 0.0 CD2 98 
   951 2.71 0.0 HB2 88 
   564 4.51 0.0 HA 57 
   1421 62.4 0.0 CA 129 
   1823 0.73 0.0 HD21 161 
   1460 1.53 0.0 HG 132 
   1962 8.44 0.0 H 172 
   927 3.29 0.0 HB3 86 
   418 59.3 0.0 CA 45 
   266 121.5 0.0 N 34 
   1354 61.9 0.0 CA 123 
   832 6.69 0.0 HE1 79 
   470 1.93 0.0 HG3 49 
   184 1.25 0.0 HG22 26 
   1596 0.37 0.0 HD23 142 
   1726 113.9 0.0 CZ2 153 
   1286 1.89 0.0 HE1 117 
   1816 3.88 0.0 HA 161 
   1129 0.01 0.0 HB3 102 
   245 3.99 0.0 HA 33 
   1729 118.4 0.0 N 153 
   362 2.06 0.0 HB3 41 
   786 1.44 0.0 HB2 76 
   1321 113.5 0.0 N 120 
   1812 57.2 0.0 CA 160 
   963 129.6 0.0 CE2 88 
   658 27.3 0.0 CG 64 
   731 5.02 0.0 HA 72 
   407 117.8 0.0 CE1 44 
   1285 2.4 0.0 HG3 117 
   1018 5.58 0.0 HA 93 
   1340 28.9 0.0 CD 122 
   724 1.1 0.0 HG22 71 
   698 3.0 0.0 HE3 68 
   1565 4.03 0.0 HA 140 
   1153 119.5 0.0 N 104 
   1547 48.1 0.0 CD 138 
   1945 2.96 0.0 HE3 170 
   588 8.49 0.0 H 60 
   1611 7.37 0.0 H 144 
   270 1.81 0.0 HB3 35 
   666 1.89 0.0 HG2 65 
   1647 32.2 0.0 CG 146 
   251 3.34 0.0 HD3 33 
   1761 0.75 0.0 HG13 156 
   1093 128.0 0.0 N 98 
   562 112.3 0.0 ND2 56 
   1452 65.5 0.0 CA 131 
   279 42.7 0.0 CB 35 
   1272 1.43 0.0 HB2 115 
   321 2.45 0.0 HG2 38 
   340 26.9 0.0 CG 39 
   1985 8.55 0.0 H 174 
   91 3.98 0.0 HB3 19 
   1737 0.88 0.0 HD12 154 
   477 119.0 0.0 N 49 
   1412 7.96 0.0 H 129 
   1469 27.0 0.0 CG 132 
   1390 62.4 0.0 CA 126 
   741 43.1 0.0 CD 72 
   1131 15.4 0.0 CB 102 
   413 2.34 0.0 HB3 45 
   1484 27.6 0.0 CB 133 
   863 55.6 0.0 CA 81 
   1176 50.2 0.0 CA 106 
   1655 20.6 0.0 CB 147 
   1976 41.8 0.0 CE 172 
   755 123.5 0.0 CD1 73 
   845 1.57 0.0 HG13 80 
   8 2.03 0.0 HB2 12 
   861 3.25 0.0 HB3 81 
   571 7.96 0.0 H 58 
   1838 0.81 0.0 HG22 162 
   1481 7.04 0.0 HZ3 133 
   1075 60.5 0.0 CA 97 
   1572 6.2 0.0 HZ 140 
   549 25.6 0.0 CG 55 
   1902 0.95 0.0 HG21 167 
   1545 32.6 0.0 CB 138 
   151 1.7 0.0 HG 24 
   50 1.9 0.0 HB3 16 
   1146 1.71 0.0 HB2 104 
   128 4.08 0.0 HD3 22 
   957 7.05 0.0 HZ 88 
   322 2.45 0.0 HG3 38 
   872 39.0 0.0 CB 82 
   1216 1.6 0.0 HB2 110 
   843 1.63 0.0 HB 80 
   190 9.34 0.0 H 27 
   591 2.96 0.0 HB3 60 
   1787 0.42 0.0 HG23 158 
   233 29.5 0.0 CB 31 
   6 8.75 0.0 H 12 
   405 131.7 0.0 CD1 44 
   1777 29.2 0.0 CB 157 
   921 29.2 0.0 CD 85 
   1475 2.49 0.0 HB2 133 
   713 37.3 0.0 CG 69 
   1740 1.14 0.0 HD22 154 
   77 0.94 0.0 HG11 18 
   1825 0.73 0.0 HD23 161 
   1659 1.74 0.0 HB2 148 
   783 107.1 0.0 N 75 
   737 3.19 0.0 HD3 72 
   1130 49.7 0.0 CA 102 
   759 123.7 0.0 CH2 73 
   1533 33.3 0.0 CB 137 
   1617 61.9 0.0 CA 144 
   1087 58.3 0.0 CA 98 
   1523 6.64 0.0 H 137 
   1014 129.9 0.0 CE2 92 
   131 27.7 0.0 CG 22 
   1559 32.6 0.0 CB 139 
   323 6.95 0.0 HE21 38 
   505 21.0 0.0 CG2 51 
   1025 4.37 0.0 HA 94 
   943 2.0 0.0 HG2 87 
   628 133.7 0.0 CE2 62 
   866 126.2 0.0 N 81 
   366 1.74 0.0 HD3 41 
   380 2.69 0.0 HG3 42 
   1798 1.66 0.0 HB2 159 
   290 7.31 0.0 HE3 36 
   1276 128.2 0.0 N 115 
   670 36.3 0.0 CG 65 
   944 2.0 0.0 HG3 87 
   761 127.0 0.0 NE1 73 
   183 1.25 0.0 HG21 26 
   1786 0.42 0.0 HG22 158 
   149 1.51 0.0 HB2 24 
   1711 51.4 0.0 CD 152 
   157 1.18 0.0 HD23 24 
   130 31.8 0.0 CB 22 
   1673 110.9 0.0 N 148 
   1304 8.4 0.0 H 119 
   1032 0.45 0.0 HD11 94 
   1923 31.6 0.0 CB 168 
   196 51.1 0.0 CA 27 
   1502 1.71 0.0 HB2 135 
   1863 4.19 0.0 HA 164 
   931 6.77 0.0 HE2 86 
   171 1.6 0.0 HD3 25 
   896 0.41 0.0 HD11 84 
   751 6.65 0.0 HZ3 73 
   469 1.74 0.0 HG2 49 
   371 25.0 0.0 CG 41 
   474 29.4 0.0 CB 49 
   793 2.95 0.0 HE3 76 
   1609 18.0 0.0 CB 143 
   977 1.29 0.0 HG13 90 
   528 4.38 0.0 HA 54 
   649 1.83 0.0 HG 64 
   1308 1.58 0.0 HG2 119 
   454 0.97 0.0 HG22 48 
   1666 0.92 0.0 HD22 148 
   774 131.7 0.0 CD2 74 
   1116 4.28 0.0 HA 101 
   1026 2.04 0.0 HB 94 
   1278 4.0 0.0 HA 116 
   1498 18.5 0.0 CB 134 
   402 6.81 0.0 HE2 44 
   1931 7.31 0.0 HD2 169 
   1495 1.5 0.0 HB2 134 
   1899 1.86 0.0 HB 167 
   1817 1.16 0.0 HB2 161 
   1086 7.33 0.0 HE2 98 
   67 1.1 0.0 HG22 17 
   776 130.0 0.0 CE2 74 
   645 8.7 0.0 H 64 
   107 1.29 0.0 HB 21 
   616 2.1 0.0 HB2 62 
   1165 62.8 0.0 CA 105 
   1622 8.62 0.0 H 145 
   540 1.91 0.0 HB3 55 
   1056 1.48 0.0 HG13 96 
   822 120.5 0.0 CZ3 78 
   1229 22.5 0.0 CD2 110 
   653 0.91 0.0 HD21 64 
   890 108.0 0.0 N 83 
   651 0.91 0.0 HD12 64 
   126 2.1 0.0 HG3 22 
   1069 7.01 0.0 H 97 
   589 4.4 0.0 HA 60 
   1346 0.57 0.0 HG12 123 
   182 3.96 0.0 HB 26 
   619 5.47 0.0 HD2 62 
   1796 115.7 0.0 N 158 
   1250 1.6 0.0 HD3 113 
   993 2.38 0.0 HB3 91 
   173 2.92 0.0 HE3 25 
   1989 7.61 0.0 HD21 174 
   1227 26.9 0.0 CG 110 
   119 17.2 0.0 CG2 21 
   886 39.8 0.0 CB 83 
   1226 42.1 0.0 CB 110 
   411 4.15 0.0 HA 45 
   1763 0.93 0.0 HG22 156 
   950 5.09 0.0 HA 88 
   1956 2.2 0.0 HG2 171 
   1869 1.59 0.0 HD3 164 
   1537 4.86 0.0 HA 138 
   1064 37.7 0.0 CB 96 
   1058 0.98 0.0 HG22 96 
   1861 111.2 0.0 NE2 163 
   64 1.01 0.0 HG12 17 
   228 1.58 0.0 HG2 31 
   1301 132.5 0.0 CD2 118 
   255 43.1 0.0 CD 33 
   870 2.87 0.0 HB3 82 
   1868 1.5 0.0 HD2 164 
   1552 1.26 0.0 HG2 139 
   1391 69.5 0.0 CB 126 
   52 1.6 0.0 HG3 16 
   736 3.09 0.0 HD2 72 
   354 41.3 0.0 CB 40 
   455 0.97 0.0 HG23 48 
   358 120.3 0.0 N 40 
   1750 1.43 0.0 HB1 155 
   1203 49.8 0.0 CD 108 
   117 39.1 0.0 CB 21 
   423 8.3 0.0 H 46 
   1447 2.29 0.0 HB3 131 
   1 4.65 0.0 HA 11 
   467 1.95 0.0 HB2 49 
   1000 8.46 0.0 H 92 
   350 0.86 0.0 HD21 40 
   1007 6.63 0.0 HE2 92 
   833 6.69 0.0 HE2 79 
   1487 113.9 0.0 CZ2 133 
   1576 127.3 0.0 CD2 140 
   940 5.28 0.0 HA 87 
   489 131.7 0.0 CD2 50 
   687 116.8 0.0 N 67 
   847 0.64 0.0 HG22 80 
   1241 45.8 0.0 CA 112 
   1626 1.11 0.0 HG 145 
   186 65.4 0.0 CA 26 
   1649 8.35 0.0 H 147 
   1856 6.84 0.0 HE22 163 
   959 42.6 0.0 CB 88 
   1379 41.7 0.0 CB 125 
   1925 121.6 0.0 N 168 
   918 56.1 0.0 CA 85 
   1788 0.18 0.0 HD11 158 
   436 0.93 0.0 HD11 47 
   1849 8.1 0.0 H 163 
   212 107.0 0.0 N 29 
   1577 129.7 0.0 CE1 140 
   416 7.61 0.0 HE21 45 
   1033 0.45 0.0 HD12 94 
   1292 2.84 0.0 HB2 118 
   1160 0.67 0.0 HG22 105 
   1535 22.9 0.0 CG2 137 
   787 1.49 0.0 HB3 76 
   127 3.72 0.0 HD2 22 
   1332 1.23 0.0 HG3 122 
   84 31.9 0.0 CB 18 
   1291 4.86 0.0 HA 118 
   329 113.9 0.0 NE2 38 
   1867 1.66 0.0 HG3 164 
   1751 1.43 0.0 HB2 155 
   1657 8.89 0.0 H 148 
   1270 4.47 0.0 HA 115 
   1982 58.6 0.0 CA 173 
   913 1.18 0.0 HG3 85 
   1658 4.51 0.0 HA 148 
   527 8.75 0.0 H 54 
   633 1.82 0.0 HB2 63 
   54 3.21 0.0 HD3 16 
   1752 1.43 0.0 HB3 155 
   1096 2.2 0.0 HB3 99 
   361 2.06 0.0 HB2 41 
   1410 136.2 0.0 CE1 128 
   1378 54.2 0.0 CA 125 
   15 122.1 0.0 N 12 
   1449 2.12 0.0 HG3 131 
   2000 2.31 0.0 HG3 175 
   1302 117.4 0.0 CE1 118 
   1735 2.08 0.0 HG 154 
   370 32.0 0.0 CB 41 
   256 121.0 0.0 N 33 
   442 58.8 0.0 CA 47 
   1389 1.41 0.0 HG23 126 
   221 31.7 0.0 CB 30 
   1631 0.45 0.0 HD22 145 
   1323 3.93 0.0 HA2 121 
   395 8.83 0.0 H 44 
   192 2.32 0.0 HB2 27 
   1556 2.87 0.0 HE2 139 
   630 115.3 0.0 N 62 
   1536 122.5 0.0 N 137 
   1975 29.1 0.0 CD 172 
   723 1.1 0.0 HG21 71 
   197 36.8 0.0 CB 27 
   865 119.9 0.0 CD2 81 
   415 2.64 0.0 HG3 45 
   1776 57.3 0.0 CA 157 
   848 0.64 0.0 HG23 80 
   403 62.3 0.0 CA 44 
   1259 7.31 0.0 H 114 
   531 4.55 0.0 HD21 54 
   1890 1.0 0.0 HG22 166 
   595 7.49 0.0 H 61 
   355 26.0 0.0 CG 40 
   1067 13.2 0.0 CD1 96 
   1454 27.9 0.0 CG 131 
   1101 62.8 0.0 CA 99 
   840 121.1 0.0 N 79 
   175 35.9 0.0 CB 25 
   1517 6.92 0.0 HD21 136 
   1524 4.01 0.0 HA 137 
   213 2.52 0.0 HA 30 
   1654 55.8 0.0 CA 147 
   1632 0.45 0.0 HD23 145 
   1904 0.95 0.0 HG23 167 
   1210 58.3 0.0 CA 109 
   1418 6.99 0.0 HE1 129 
   635 1.6 0.0 HG2 63 
   1520 40.4 0.0 CB 136 
   1243 8.33 0.0 H 113 
   35 4.1 0.0 HA 15 
   220 63.2 0.0 CA 30 
   191 4.6 0.0 HA 27 
   1112 67.9 0.0 CB 100 
   176 24.6 0.0 CG 25 
   1322 8.15 0.0 H 121 
   1759 0.75 0.0 HG11 156 
   1949 29.2 0.0 CD 170 
   1667 0.92 0.0 HD23 148 
   483 7.26 0.0 HD2 50 
   44 27.3 0.0 CG 15 
   1639 7.93 0.0 H 146 
   2001 7.5 0.0 HE21 175 
   1125 7.94 0.0 H 102 
   238 4.9 0.0 HA 32 
   166 1.76 0.0 HB2 25 
   705 8.77 0.0 H 69 
   320 2.23 0.0 HB3 38 
   853 38.1 0.0 CB 80 
   20 1.47 0.0 HB3 13 
   1076 67.7 0.0 CB 97 
   1506 3.11 0.0 HD2 135 
   152 1.0 0.0 HD11 24 
   1837 0.81 0.0 HG21 162 
   82 1.01 0.0 HG23 18 
   18 1.47 0.0 HB1 13 
   464 118.5 0.0 N 48 
   159 41.3 0.0 CB 24 
   1828 26.2 0.0 CG 161 
   1730 127.7 0.0 NE1 153 
   1749 3.86 0.0 HA 155 
   631 8.75 0.0 H 63 
   1342 118.4 0.0 N 122 
   1233 2.6 0.0 HB2 111 
   1028 2.13 0.0 HG13 94 
   835 44.0 0.0 CB 79 
   968 2.72 0.0 HB2 89 
   324 8.08 0.0 HE22 38 
   742 123.7 0.0 N 72 
   1066 18.1 0.0 CG2 96 
   1360 7.71 0.0 H 124 
   1846 16.7 0.0 CG2 162 
   581 2.76 0.0 HB3 59 
   1561 29.3 0.0 CD 139 
   623 57.0 0.0 CA 62 
   1299 39.5 0.0 CB 118 
   1089 132.8 0.0 CD1 98 
   1394 8.77 0.0 H 127 
   1864 1.76 0.0 HB2 164 
   1328 4.58 0.0 HA 122 
   1099 3.44 0.0 HD2 99 
   887 26.8 0.0 CG 83 
   1387 1.41 0.0 HG21 126 
   1896 115.2 0.0 N 166 
   29 1.24 0.0 HG23 14 
   1188 58.3 0.0 CA 107 
   174 57.0 0.0 CA 25 
   880 0.82 0.0 HD12 83 
   1700 105.7 0.0 N 151 
   1996 4.26 0.0 HA 175 
   172 2.92 0.0 HE2 25 
   453 0.97 0.0 HG21 48 
   193 3.25 0.0 HB3 27 
   1582 5.14 0.0 HA2 141 
   65 1.01 0.0 HG13 17 
   57 27.3 0.0 CG 16 
   784 8.54 0.0 H 76 
   154 1.0 0.0 HD13 24 
   118 27.5 0.0 CG1 21 
   1254 33.3 0.0 CB 113 
   734 1.5 0.0 HG2 72 
   1036 36.4 0.0 CB 94 
   1349 -0.36 0.0 HG22 123 
   674 0.91 0.0 HB2 66 
   1330 1.47 0.0 HB3 122 
   1527 0.66 0.0 HG12 137 
   1542 3.23 0.0 HD2 138 
   480 3.32 0.0 HB2 50 
   1870 2.92 0.0 HE2 164 
   1544 64.6 0.0 CA 138 
   554 4.54 0.0 HA 56 
   1293 3.08 0.0 HB3 118 
   671 122.0 0.0 N 65 
   1943 1.6 0.0 HD3 170 
   521 7.98 0.0 HD21 53 
   138 0.96 0.0 HG13 23 
   877 2.1 0.0 HB3 83 
   773 131.7 0.0 CD1 74 
   1206 2.17 0.0 HB2 109 
   306 0.99 0.0 HG11 37 
   16 8.44 0.0 H 13 
   1260 4.63 0.0 HA 114 
   550 29.7 0.0 CD 55 
   375 7.68 0.0 H 42 
   1623 4.15 0.0 HA 145 
   300 122.2 0.0 CH2 36 
   120 13.1 0.0 CD1 21 
   643 42.6 0.0 CD 63 
   1804 66.3 0.0 CA 159 
   827 4.84 0.0 HA 79 
   1148 2.07 0.0 HG2 104 
   1317 8.98 0.0 H 120 
   289 9.86 0.0 HE1 36 
   1921 7.47 0.0 HE22 168 
   89 4.33 0.0 HA 19 
   195 7.45 0.0 HD22 27 
   1775 1.28 0.0 HG3 157 
   860 2.85 0.0 HB2 81 
   1912 14.6 0.0 CD1 167 
   1653 1.22 0.0 HB3 147 
   1510 27.0 0.0 CG 135 
   205 51.9 0.0 CA 28 
   1140 61.6 0.0 CA 103 
   105 7.66 0.0 H 21 
   66 1.1 0.0 HG21 17 
   365 1.74 0.0 HD2 41 
   430 114.9 0.0 N 46 
   222 27.2 0.0 CG 30 
   1614 3.34 0.0 HB3 144 
   1850 4.04 0.0 HA 163 
   38 1.59 0.0 HG2 15 
   5 40.9 0.0 CB 11 
   1578 129.7 0.0 CE2 140 
   163 126.3 0.0 N 24 
   932 57.5 0.0 CA 86 
   1266 68.6 0.0 CB 114 
   1277 8.32 0.0 H 116 
   1173 1.34 0.0 HB1 106 
   1628 -0.05 0.0 HD12 145 
   1057 0.98 0.0 HG21 96 
   828 3.01 0.0 HB2 79 
   982 0.71 0.0 HD12 90 
   559 55.3 0.0 CA 56 
   373 42.2 0.0 CE 41 
   678 111.7 0.0 N 66 
   617 2.5 0.0 HB3 62 
   412 2.23 0.0 HB2 45 
   946 34.7 0.0 CB 87 
   857 128.9 0.0 N 80 
   1120 1.08 0.0 HG23 101 
   144 18.2 0.0 CG1 23 
   1126 3.87 0.0 HA 102 
   1699 49.3 0.0 CA 151 
   510 2.21 0.0 HB3 52 
   1530 1.08 0.0 HG22 137 
   1350 -0.36 0.0 HG23 123 
   820 119.9 0.0 CE3 78 
   1298 53.1 0.0 CA 118 
   703 41.8 0.0 CE 68 
   639 7.37 0.0 HE 63 
   177 29.2 0.0 CD 25 
   814 7.17 0.0 HZ2 78 
   919 34.2 0.0 CB 85 
   63 1.01 0.0 HG11 17 
   1917 2.09 0.0 HB3 168 
   1369 1.43 0.0 HB2 125 
   1309 1.68 0.0 HG3 119 
   524 37.4 0.0 CB 53 
   1873 34.1 0.0 CB 164 
   1865 2.04 0.0 HB3 164 
   1521 116.3 0.0 N 136 
   1021 52.0 0.0 CA 93 
   1351 -0.19 0.0 HD11 123 
   344 0.97 0.0 HB2 40 
   353 57.5 0.0 CA 40 
   1431 1.96 0.0 HB2 130 
   1382 22.6 0.0 CD2 125 
   1159 0.67 0.0 HG21 105 
   637 3.25 0.0 HD2 63 
   1905 0.85 0.0 HD11 167 
   1207 2.39 0.0 HB3 109 
   1143 49.2 0.0 CD 103 
   1011 131.3 0.0 CD1 92 
   1150 54.1 0.0 CA 104 
   1993 121.0 0.0 N 174 
   654 0.91 0.0 HD22 64 
   739 32.8 0.0 CB 72 
   1144 8.6 0.0 H 104 
   1315 42.9 0.0 CD 119 
   202 1.47 0.0 HB1 28 
   1822 0.66 0.0 HD13 161 
   1698 3.72 0.0 HA3 151 
   1915 4.83 0.0 HA 168 
   905 22.3 0.0 CD1 84 
   1663 0.8 0.0 HD12 148 
   1059 0.98 0.0 HG23 96 
   747 6.4 0.0 HD1 73 
   1275 18.9 0.0 CB 115 
   1204 9.68 0.0 H 109 
   121 122.5 0.0 N 21 
   569 19.0 0.0 CB 57 
   327 33.3 0.0 CG 38 
   1807 49.4 0.0 CD 159 
   393 34.7 0.0 CG 43 
   71 21.1 0.0 CG1 17 
   859 4.82 0.0 HA 81 
   864 34.3 0.0 CB 81 
   638 3.25 0.0 HD3 63 
   1118 1.08 0.0 HG21 101 
   226 1.82 0.0 HB2 31 
   1329 1.25 0.0 HB2 122 
   659 24.3 0.0 CD1 64 
   1973 32.8 0.0 CB 172 
   1238 8.62 0.0 H 112 
   1068 118.2 0.0 N 96 
   508 3.88 0.0 HA 52 
   267 8.01 0.0 H 35 
   511 2.31 0.0 HG2 52 
   1166 38.7 0.0 CB 105 
   1548 8.76 0.0 H 139 
   263 59.6 0.0 CA 34 
   26 4.2 0.0 HB 14 
   1760 0.75 0.0 HG12 156 
   1625 2.33 0.0 HB3 145 
   893 0.6 0.0 HB2 84 
   479 4.78 0.0 HA 50 
   401 6.81 0.0 HE1 44 
   315 22.1 0.0 CG2 37 
   1875 29.2 0.0 CD 164 
   1319 3.69 0.0 HA3 120 
   246 2.0 0.0 HB2 33 
   425 3.98 0.0 HB2 46 
   996 55.2 0.0 CA 91 
   1703 2.44 0.0 HB3 152 
   1994 112.7 0.0 ND2 174 
   624 40.9 0.0 CB 62 
   160 31.1 0.0 CG 24 
   1194 2.03 0.0 HB2 108 
   1008 6.45 0.0 HZ 92 
   538 3.93 0.0 HA 55 
   291 7.92 0.0 HZ2 36 
   1339 25.6 0.0 CG 122 
   1456 6.93 0.0 H 132 
   140 1.13 0.0 HG22 23 
   812 10.66 0.0 HE1 78 
   772 40.5 0.0 CB 74 
   1795 8.6 0.0 CD1 158 
   1363 2.78 0.0 HB3 124 
   1592 -0.51 0.0 HD12 142 
   1290 18.0 0.0 CE 117 
   497 0.78 0.0 HG12 51 
   1164 0.43 0.0 HD13 105 
   1978 8.4 0.0 H 173 
   1416 7.05 0.0 HD1 129 
   1597 57.5 0.0 CA 142 
   198 128.7 0.0 N 27 
   763 5.33 0.0 HA 74 
   1518 7.29 0.0 HD22 136 
   1624 1.42 0.0 HB2 145 
   356 24.3 0.0 CD1 40 
   939 8.12 0.0 H 87 
   1782 1.56 0.0 HB 158 
   396 4.5 0.0 HA 44 
   1157 0.33 0.0 HG12 105 
   553 8.2 0.0 H 56 
   740 27.4 0.0 CG 72 
   507 8.37 0.0 H 52 
   1889 1.0 0.0 HG21 166 
   331 4.12 0.0 HA 39 
   215 1.42 0.0 HB3 30 
   1413 4.07 0.0 HA 129 
   920 25.6 0.0 CG 85 
   823 123.5 0.0 CH2 78 
   421 117.4 0.0 N 45 
   468 2.07 0.0 HB3 49 
   1288 1.89 0.0 HE3 117 
   750 7.02 0.0 HZ2 73 
   27 1.24 0.0 HG21 14 
   825 131.3 0.0 NE1 78 
   1154 8.55 0.0 H 105 
   923 121.7 0.0 N 85 
   1558 57.9 0.0 CA 139 
   806 114.4 0.0 N 77 
   156 1.18 0.0 HD22 24 
   615 4.91 0.0 HA 62 
   936 117.5 0.0 CE1 86 
   62 2.21 0.0 HB 17 
   1200 66.4 0.0 CA 108 
   829 3.01 0.0 HB3 79 
   788 1.43 0.0 HG2 76 
   1883 7.79 0.0 H 166 
   1246 1.82 0.0 HB3 113 
   1383 126.2 0.0 N 125 
   892 4.47 0.0 HA 84 
   1407 57.1 0.0 CA 128 
   139 1.13 0.0 HG21 23 
   1147 1.85 0.0 HB3 104 
   1504 1.59 0.0 HG2 135 
   1045 1.91 0.0 HG3 95 
   210 4.82 0.0 HA3 29 
   1934 120.5 0.0 CD2 169 
   1872 56.9 0.0 CA 164 
   1783 0.82 0.0 HG12 158 
   1228 25.1 0.0 CD1 110 
   676 55.8 0.0 CA 66 
   1948 24.8 0.0 CG 170 
   283 119.1 0.0 N 35 
   577 116.9 0.0 N 58 
   123 1.93 0.0 HB2 22 
   338 58.1 0.0 CA 39 
   1108 1.25 0.0 HG21 100 
   620 5.55 0.0 HE1 62 
   1427 129.2 0.0 CZ 129 
   250 3.34 0.0 HD2 33 
   587 110.7 0.0 ND2 59 
   1791 63.4 0.0 CA 158 
   954 7.16 0.0 HD2 88 
   1940 1.38 0.0 HG2 170 
   1773 0.96 0.0 HB3 157 
   607 128.3 0.0 CD1 61 
   1802 3.0 0.0 HD2 159 
   603 6.87 0.0 HZ3 61 
   85 21.7 0.0 CG1 18 
   162 25.5 0.0 CD2 24 
   1793 28.2 0.0 CG1 158 
   1035 55.2 0.0 CA 94 
   273 0.91 0.0 HD12 35 
   962 129.6 0.0 CE1 88 
   875 3.58 0.0 HA 83 
   1174 1.34 0.0 HB2 106 
   1546 24.1 0.0 CG 138 
   1039 8.7 0.0 CD1 94 
   1629 -0.05 0.0 HD13 145 
   1580 113.4 0.0 N 140 
   378 2.71 0.0 HB3 42 
   529 3.06 0.0 HB2 54 
   1916 1.92 0.0 HB2 168 
   1274 52.6 0.0 CA 115 
   1885 2.17 0.0 HB 166 
   1508 57.0 0.0 CA 135 
   601 7.9 0.0 HE3 61 
   1138 2.95 0.0 HD2 103 
   1516 1.28 0.0 HB3 136 
   1357 17.0 0.0 CG2 123 
   1772 0.27 0.0 HB2 157 
   660 24.2 0.0 CD2 64 
   1019 2.51 0.0 HB2 93 
   381 59.1 0.0 CA 42 
   46 121.6 0.0 N 15 
   1396 2.61 0.0 HB2 127 
   777 129.4 0.0 CZ 74 
   478 8.25 0.0 H 50 
   567 1.5 0.0 HB3 57 
   974 5.66 0.0 HA 90 
   1922 54.4 0.0 CA 168 
   1942 1.6 0.0 HD2 170 
   899 0.64 0.0 HD21 84 
   1610 120.1 0.0 N 143 
   941 1.9 0.0 HB2 87 
   1852 2.24 0.0 HB3 163 
   1643 2.21 0.0 HG2 146 
   897 0.41 0.0 HD12 84 
   572 4.38 0.0 HA 58 
   1001 4.95 0.0 HA 92 
   988 14.6 0.0 CD1 90 
   1084 7.38 0.0 HD2 98 
   93 63.2 0.0 CB 19 
   114 -0.19 0.0 HD12 21 
   1300 132.5 0.0 CD1 118 
   1477 6.93 0.0 HD1 133 
   618 5.47 0.0 HD1 62 
   1441 26.5 0.0 CG 130 
   457 0.92 0.0 HD12 48 
   746 2.21 0.0 HB3 73 
   1384 8.22 0.0 H 126 
   807 9.24 0.0 H 78 
   1954 1.93 0.0 HB2 171 
   1708 64.6 0.0 CA 152 
   98 2.19 0.0 HB3 20 
   463 13.2 0.0 CD1 48 
   1612 3.57 0.0 HA 144 
   1151 30.1 0.0 CB 104 
   579 5.05 0.0 HA 59 
   56 30.2 0.0 CB 16 
   586 116.4 0.0 N 59 
   1471 26.2 0.0 CD2 132 
   318 4.09 0.0 HA 38 
   1928 4.05 0.0 HA 169 
   933 39.5 0.0 CB 86 
   1455 50.3 0.0 CD 131 
   1494 1.5 0.0 HB1 134 
   201 4.74 0.0 HA 28 
   1755 115.0 0.0 N 155 
   987 19.5 0.0 CG2 90 
   1936 8.48 0.0 H 170 
   901 0.64 0.0 HD23 84 
   1820 0.66 0.0 HD11 161 
   490 118.8 0.0 CE1 50 
   1672 22.7 0.0 CD2 148 
   1670 27.0 0.0 CG 148 
   147 9.12 0.0 H 24 
   308 0.99 0.0 HG13 37 
   276 1.01 0.0 HD22 35 
   775 130.0 0.0 CE1 74 
   1236 41.0 0.0 CB 111 
   945 54.3 0.0 CA 87 
   1799 2.07 0.0 HB3 159 
   1123 21.0 0.0 CG2 101 
   384 119.4 0.0 N 42 
   1430 3.99 0.0 HA 130 
   1538 1.22 0.0 HB2 138 
   557 7.04 0.0 HD21 56 
   909 4.75 0.0 HA 85 
   1121 59.6 0.0 CA 101 
   1362 2.23 0.0 HB2 124 
   973 8.46 0.0 H 90 
   1689 1.16 0.0 HD23 150 
   281 22.8 0.0 CD1 35 
   1004 6.51 0.0 HD1 92 
   1102 33.2 0.0 CB 99 
   252 58.8 0.0 CA 33 
   634 1.82 0.0 HB3 63 
   1457 3.95 0.0 HA 132 
   465 7.64 0.0 H 49 
   207 123.5 0.0 N 28 
   1886 1.0 0.0 HG11 166 
   506 118.9 0.0 N 51 
   445 25.4 0.0 CD1 47 
   1584 44.0 0.0 CA 141 
   341 121.0 0.0 N 39 
   1575 127.3 0.0 CD1 140 
   733 1.73 0.0 HB3 72 
   231 3.17 0.0 HD3 31 
   1397 2.68 0.0 HB3 127 
   1353 -0.19 0.0 HD13 123 
   556 2.93 0.0 HB3 56 
   376 4.12 0.0 HA 42 
   520 3.26 0.0 HB3 53 
   1960 36.0 0.0 CG 171 
   450 1.98 0.0 HB 48 
   1055 1.32 0.0 HG12 96 
   1774 0.82 0.0 HG2 157 
   1419 6.99 0.0 HE2 129 
   1722 62.3 0.0 CA 153 
   1790 0.18 0.0 HD13 158 
   836 131.9 0.0 CD1 79 
   225 4.34 0.0 HA 31 
   1098 1.77 0.0 HG3 99 
   590 2.19 0.0 HB2 60 
   167 1.76 0.0 HB3 25 
   646 5.07 0.0 HA 64 
   834 57.7 0.0 CA 79 
   1866 1.45 0.0 HG2 164 
   1062 0.87 0.0 HD13 96 
   330 8.2 0.0 H 39 
   696 1.69 0.0 HD3 68 
   690 3.96 0.0 HA 68 
   1927 8.65 0.0 H 169 
   1876 41.8 0.0 CE 164 
   719 107.1 0.0 N 70 
   1554 1.56 0.0 HD2 139 
   708 2.23 0.0 HB3 69 
   80 1.01 0.0 HG21 18 
   640 54.8 0.0 CA 63 
   1408 30.4 0.0 CB 128 
   458 0.92 0.0 HD13 48 
   551 41.8 0.0 CE 55 
   302 125.7 0.0 NE1 36 
   1172 5.09 0.0 HA 106 
   1676 3.16 0.0 HA3 149 
   609 113.7 0.0 CZ2 61 
   449 3.79 0.0 HA 48 
   1409 120.2 0.0 CD2 128 
   424 4.12 0.0 HA 46 
   1815 7.82 0.0 H 161 
   983 0.71 0.0 HD13 90 
   1725 119.6 0.0 CE3 153 
   1727 119.6 0.0 CZ3 153 
   681 3.07 0.0 HB2 67 
   1907 0.85 0.0 HD13 167 
   434 2.21 0.0 HB3 47 
   194 6.5 0.0 HD21 27 
   1461 0.93 0.0 HD11 132 
   433 1.79 0.0 HB2 47 
   397 3.17 0.0 HB2 44 
   1570 6.77 0.0 HE1 140 
   307 0.99 0.0 HG12 37 
   492 119.9 0.0 N 50 
   155 1.18 0.0 HD21 24 
   129 63.3 0.0 CA 22 
   1691 42.2 0.0 CB 150 
   1497 54.7 0.0 CA 134 
   979 1.02 0.0 HG22 90 
   1443 41.8 0.0 CE 130 
   1364 57.6 0.0 CA 124 
   600 9.85 0.0 HE1 61 
   2003 56.0 0.0 CA 175 
   224 8.5 0.0 H 31 
   985 42.8 0.0 CB 90 
   408 117.8 0.0 CE2 44 
   1718 7.08 0.0 HE3 153 
   1999 2.31 0.0 HG2 175 
   1648 117.1 0.0 N 146 
   582 6.69 0.0 HD21 59 
   1117 3.67 0.0 HB 101 
   948 122.6 0.0 N 87 
   496 0.78 0.0 HG11 51 
   1081 2.76 0.0 HB2 98 
   597 2.65 0.0 HB2 61 
   699 59.8 0.0 CA 68 
   500 0.8 0.0 HG22 51 
   1462 0.93 0.0 HD12 132 
   1051 50.6 0.0 CD 95 
   1977 122.0 0.0 N 172 
   1376 0.33 0.0 HD22 125 
   72 21.8 0.0 CG2 17 
   1884 4.04 0.0 HA 166 
   805 32.7 0.0 CB 77 
   1080 4.69 0.0 HA 98 
   1398 56.8 0.0 CA 127 
   257 9.25 0.0 H 34 
   113 -0.19 0.0 HD11 21 
   363 1.45 0.0 HG2 41 
   392 28.4 0.0 CB 43 
   539 1.91 0.0 HB2 55 
   1324 3.93 0.0 HA3 121 
   417 6.94 0.0 HE22 45 
   1963 4.4 0.0 HA 172 
   1736 0.88 0.0 HD11 154 
   604 7.04 0.0 HH2 61 
   1438 2.99 0.0 HE3 130 
   1095 1.45 0.0 HB2 99 
   718 46.2 0.0 CA 70 
   1161 0.67 0.0 HG23 105 
   576 39.1 0.0 CB 58 
   1149 2.24 0.0 HG3 104 
   1924 33.7 0.0 CG 168 
   1400 122.0 0.0 N 127 
   1955 2.09 0.0 HB3 171 
   1022 43.0 0.0 CB 93 
   75 3.81 0.0 HA 18 
   1097 1.5 0.0 HG2 99 
   178 41.8 0.0 CE 25 
   1247 1.3 0.0 HG2 113 
   1359 117.1 0.0 N 123 
   1532 60.5 0.0 CA 137 
   1756 6.91 0.0 H 156 
   1707 3.6 0.0 HD3 152 
   460 37.8 0.0 CB 48 
   1563 122.6 0.0 N 139 
   1539 1.47 0.0 HB3 138 
   665 1.81 0.0 HB3 65 
   1231 7.36 0.0 H 111 
   541 1.31 0.0 HG2 55 
   1640 4.36 0.0 HA 146 
   819 125.9 0.0 CD1 78 
   1446 1.83 0.0 HB2 131 
   673 4.75 0.0 HA 66 
   574 3.11 0.0 HB3 58 
   441 0.98 0.0 HD23 47 
   1933 30.1 0.0 CB 169 
   1800 1.71 0.0 HG2 159 
   1668 54.5 0.0 CA 148 
   1779 117.5 0.0 N 157 
   711 58.0 0.0 CA 69 
   1331 1.04 0.0 HG2 122 
   873 131.6 0.0 N 82 
   317 7.16 0.0 H 38 
   817 56.7 0.0 CA 78 
   328 118.6 0.0 N 38 
   1564 6.28 0.0 H 140 
   1728 122.7 0.0 CH2 153 
   1780 7.94 0.0 H 158 
   904 25.9 0.0 CG 84 
   223 48.9 0.0 CD 30 
   179 116.8 0.0 N 25 
   87 118.3 0.0 N 18 
   626 132.0 0.0 CD2 62 
   644 118.8 0.0 N 63 
   958 56.0 0.0 CA 88 
   779 8.54 0.0 H 75 
   782 45.8 0.0 CA 75 
   1715 3.56 0.0 HB3 153 
   297 122.1 0.0 CE3 36 
   546 2.84 0.0 HE3 55 
   949 9.09 0.0 H 88 
   1141 31.9 0.0 CB 103 
   99 2.21 0.0 HG2 20 
   804 55.2 0.0 CA 77 
   1224 0.68 0.0 HD23 110 
   422 111.4 0.0 NE2 45 
   1442 29.4 0.0 CD 130 
   204 1.47 0.0 HB3 28 
   1830 22.9 0.0 CD2 161 
   1411 114.8 0.0 N 128 
   1937 4.24 0.0 HA 170 
   1602 125.0 0.0 N 142 
   849 0.82 0.0 HD11 80 
   1660 2.08 0.0 HB3 148 
   261 2.42 0.0 HG2 34 
   239 3.17 0.0 HB2 32 
   1980 2.81 0.0 HB2 173 
   150 1.88 0.0 HB3 24 
   1810 2.55 0.0 HB2 160 
   379 2.4 0.0 HG2 42 
   534 36.9 0.0 CB 54 
   277 1.01 0.0 HD23 35 
   1372 0.13 0.0 HD11 125 
   1512 113.5 0.0 N 135 
   43 30.1 0.0 CB 15 
   760 125.1 0.0 N 73 
   1491 130.6 0.0 NE1 133 
   1017 8.57 0.0 H 93 
   1426 129.8 0.0 CE2 129 
   1020 2.67 0.0 HB3 93 
   74 8.12 0.0 H 18 
   1835 0.32 0.0 HG12 162 
   199 107.7 0.0 ND2 27 
   1871 2.92 0.0 HE3 164 
   688 110.7 0.0 ND2 67 
   135 2.37 0.0 HB 23 
   610 120.2 0.0 CZ3 61 
   1987 2.77 0.0 HB2 174 
   926 2.88 0.0 HB2 86 
   1553 1.46 0.0 HG3 139 
   1049 32.4 0.0 CB 95 
   1420 6.93 0.0 HZ 129 
   1621 115.4 0.0 N 144 
   1705 2.09 0.0 HG3 152 
   488 131.7 0.0 CD1 50 
   1489 123.1 0.0 CH2 133 
   1213 116.4 0.0 N 109 
   1650 4.49 0.0 HA 147 
   1263 1.17 0.0 HG22 114 
   137 0.96 0.0 HG12 23 
   1003 3.68 0.0 HB3 92 
   1738 0.88 0.0 HD13 154 
   994 2.13 0.0 HG2 91 
   431 8.42 0.0 H 47 
   1029 0.7 0.0 HG21 94 
   473 57.4 0.0 CA 49 
   898 0.41 0.0 HD13 84 
   1473 8.49 0.0 H 133 
   1269 8.73 0.0 H 115 
   1941 1.38 0.0 HG3 170 
   1549 4.17 0.0 HA 139 
   13 29.4 0.0 CB 12 
   1356 24.8 0.0 CG1 123 
   1692 27.0 0.0 CG 150 
   1037 26.8 0.0 CG1 94 
   435 1.91 0.0 HG 47 
   1219 0.5 0.0 HD11 110 
   1402 4.57 0.0 HA 128 
   1642 2.46 0.0 HB3 146 
   1984 120.4 0.0 N 173 
   1279 2.0 0.0 HB2 116 
   1712 7.2 0.0 H 153 
   1981 2.88 0.0 HB3 173 
   642 26.9 0.0 CG 63 
   134 4.44 0.0 HA 23 
   1240 3.79 0.0 HA3 112 
   636 1.74 0.0 HG3 63 
   1267 20.7 0.0 CG2 114 
   1555 1.62 0.0 HD3 139 
   294 58.7 0.0 CA 36 
   1716 7.36 0.0 HD1 153 
   343 3.56 0.0 HA 40 
   1758 1.8 0.0 HB 156 
   359 7.57 0.0 H 41 
   262 2.42 0.0 HG3 34 
   1104 49.5 0.0 CD 99 
   1534 20.4 0.0 CG1 137 
   971 41.3 0.0 CB 89 
   868 4.02 0.0 HA 82 
   1858 27.9 0.0 CB 163 
   106 4.14 0.0 HA 21 
   293 7.05 0.0 HH2 36 
   1465 1.04 0.0 HD22 132 
   1860 121.6 0.0 N 163 
   1325 45.6 0.0 CA 121 
   1644 2.21 0.0 HG3 146 
   30 64.2 0.0 CA 14 
   1574 36.4 0.0 CB 140 
   1092 116.0 0.0 CE2 98 
   1970 2.95 0.0 HE2 172 
   1966 1.35 0.0 HG2 172 
   682 3.59 0.0 HB3 67 
   1645 57.0 0.0 CA 146 
   1947 33.5 0.0 CB 170 
   1463 0.93 0.0 HD13 132 
   389 2.14 0.0 HG2 43 
   1030 0.7 0.0 HG22 94 
   31 68.6 0.0 CB 14 
   1163 0.43 0.0 HD12 105 
   570 121.1 0.0 N 57 
   547 60.5 0.0 CA 55 
   268 4.34 0.0 HA 35 
   81 1.01 0.0 HG22 18 
   680 4.76 0.0 HA 67 
   60 7.9 0.0 H 17 
   1851 2.24 0.0 HB2 163 
   374 118.4 0.0 N 41 
   1939 1.7 0.0 HB3 170 
   894 1.93 0.0 HB3 84 
   1600 23.0 0.0 CD1 142 
   1208 2.43 0.0 HG2 109 
   1513 7.18 0.0 H 136 
   243 119.3 0.0 N 32 
   1013 129.9 0.0 CE1 92 
   694 1.46 0.0 HG3 68 
   1201 32.3 0.0 CB 108 
   1766 33.1 0.0 CB 156 
   1063 64.5 0.0 CA 96 
   241 55.0 0.0 CA 32 
   1366 121.7 0.0 N 124 
   472 3.42 0.0 HD3 49 
   1704 1.84 0.0 HG2 152 
   1635 26.4 0.0 CG 145 
   1009 57.4 0.0 CA 92 
   1111 67.1 0.0 CA 100 
   1265 58.4 0.0 CA 114 
   388 2.34 0.0 HB3 43 
   33 113.2 0.0 N 14 
   1313 30.5 0.0 CB 119 
   1191 22.2 0.0 CG2 107 
   1594 0.37 0.0 HD21 142 
   2002 6.84 0.0 HE22 175 
   1842 0.01 0.0 HD13 162 
   264 28.8 0.0 CB 34 
   517 8.47 0.0 H 53 
   188 22.0 0.0 CG2 26 
   1479 7.41 0.0 HE3 133 
   1348 -0.36 0.0 HG21 123 
   1813 41.7 0.0 CB 160 
   815 6.61 0.0 HZ3 78 
   766 6.87 0.0 HD1 74 
   1694 27.2 0.0 CD2 150 
   94 116.9 0.0 N 19 
   929 7.33 0.0 HD2 86 
   1690 57.9 0.0 CA 150 
   1175 1.34 0.0 HB3 106 
   1048 62.1 0.0 CA 95 
   802 2.94 0.0 HB2 77 
   1185 0.93 0.0 HG21 107 
   1282 29.0 0.0 CB 116 
   1448 1.99 0.0 HG2 131 
   1706 3.08 0.0 HD2 152 
   1991 53.2 0.0 CA 174 
   1969 1.65 0.0 HD3 172 
   164 8.31 0.0 H 25 
   136 0.96 0.0 HG11 23 
   232 56.1 0.0 CA 31 
   1170 124.1 0.0 N 105 
   1182 0.58 0.0 HG11 107 
   336 2.71 0.0 HD2 39 
   466 4.23 0.0 HA 49 
   1283 119.1 0.0 N 116 
   583 7.7 0.0 HD22 59 
   311 1.13 0.0 HG23 37 
   846 0.64 0.0 HG21 80 
   1100 3.8 0.0 HD3 99 
   1675 4.05 0.0 HA2 149 
   1091 118.2 0.0 CE1 98 
   447 120.8 0.0 N 47 
   1085 6.93 0.0 HE1 98 
   663 4.51 0.0 HA 65 
   803 3.39 0.0 HB3 77 
   563 7.52 0.0 H 57 
   313 31.3 0.0 CB 37 
   525 119.5 0.0 N 53 
   49 1.9 0.0 HB2 16 
   1757 3.87 0.0 HA 156 
   697 3.0 0.0 HE2 68 
   1016 112.7 0.0 N 92 
   482 7.26 0.0 HD1 50 
   484 6.97 0.0 HE1 50 
   1855 7.42 0.0 HE21 163 
   1808 6.55 0.0 H 160 
   1344 3.77 0.0 HA 123 
   838 117.3 0.0 CE1 79 
   24 7.95 0.0 H 14 
   145 22.0 0.0 CG2 23 
   1405 7.06 0.0 HD2 128 
   1832 8.16 0.0 H 162 
   1162 0.43 0.0 HD11 105 
   1637 23.3 0.0 CD2 145 
   1451 3.77 0.0 HD3 131 
   1109 1.25 0.0 HG22 100 
   28 1.24 0.0 HG22 14 
   1310 3.21 0.0 HD2 119 
   1220 0.5 0.0 HD12 110 
   1679 7.83 0.0 H 150 
   689 8.83 0.0 H 68 
   1215 4.34 0.0 HA 110 
   1505 1.72 0.0 HG3 135 
   1543 3.45 0.0 HD3 138 
   170 1.6 0.0 HD2 25 
   756 119.8 0.0 CE3 73 
   185 1.25 0.0 HG23 26 
   368 2.96 0.0 HE3 41 
   1034 0.45 0.0 HD13 94 
   1485 126.6 0.0 CD1 133 
   1393 111.5 0.0 N 126 
   965 121.3 0.0 N 88 
   668 54.6 0.0 CA 65 
   1314 27.1 0.0 CG 119 
   1685 0.87 0.0 HD12 150 
   486 58.8 0.0 CA 50 
   867 9.03 0.0 H 82 
   451 1.26 0.0 HG12 48 
   530 3.06 0.0 HB3 54 
   613 127.8 0.0 NE1 61 
   1900 0.81 0.0 HG12 167 
   1678 107.1 0.0 N 149 
   1680 4.08 0.0 HA 150 
   234 27.1 0.0 CG 31 
   928 7.33 0.0 HD1 86 
   960 131.7 0.0 CD1 88 
   1819 1.91 0.0 HG 161 
   664 1.55 0.0 HB2 65 
   1466 1.04 0.0 HD23 132 
   495 2.1 0.0 HB 51 
   1677 45.7 0.0 CA 149 
   907 121.8 0.0 N 84 
   48 4.19 0.0 HA 16 
   440 0.98 0.0 HD22 47 
   1320 45.5 0.0 CA 120 
   1189 31.4 0.0 CB 107 
   797 29.6 0.0 CD 76 
   1262 1.17 0.0 HG21 114 
   770 6.92 0.0 HZ 74 
   1253 56.4 0.0 CA 113 
   39 1.72 0.0 HG3 15 
   1375 0.33 0.0 HD21 125 
   1891 1.0 0.0 HG23 166 
   1371 1.35 0.0 HG 125 
   372 29.5 0.0 CD 41 
   1674 7.41 0.0 H 149 
   1573 51.9 0.0 CA 140 
   566 1.5 0.0 HB2 57 
   1094 3.55 0.0 HA 99 
   1079 7.67 0.0 H 98 
   1938 1.7 0.0 HB2 170 
   1023 118.3 0.0 N 93 
   561 118.9 0.0 N 56 
   1005 6.51 0.0 HD2 92 
   1483 61.0 0.0 CA 133 
   1587 3.92 0.0 HA 142 
   730 7.61 0.0 H 72 
   326 28.0 0.0 CB 38 
   1088 42.0 0.0 CB 98 
   1334 1.73 0.0 HD3 122 
   871 55.4 0.0 CA 82 
   319 2.23 0.0 HB2 38 
   1178 128.8 0.0 N 106 
   1836 1.33 0.0 HG13 162 
   332 1.78 0.0 HB2 39 
   386 4.33 0.0 HA 43 
   1503 1.86 0.0 HB3 135 
   390 2.75 0.0 HG3 43 
   19 1.47 0.0 HB2 13 
   1814 115.9 0.0 N 160 
   1142 27.9 0.0 CG 103 
   568 51.2 0.0 CA 57 
   303 7.5 0.0 H 37 
   701 24.4 0.0 CG 68 
   90 3.98 0.0 HB2 19 
   12 58.2 0.0 CA 12 
   299 120.3 0.0 CZ3 36 
   895 1.54 0.0 HG 84 
   141 1.13 0.0 HG23 23 
   1881 45.6 0.0 CA 165 
   745 1.04 0.0 HB2 73 
   662 8.9 0.0 H 65 
   989 113.7 0.0 N 90 
   1681 1.36 0.0 HB2 150 
   801 5.55 0.0 HA 77 
   284 8.01 0.0 H 36 
   1113 21.6 0.0 CG2 100 
   2007 112.3 0.0 NE2 175 
   594 120.0 0.0 N 60 
   1525 1.75 0.0 HB 137 
   1879 3.97 0.0 HA2 165 
   1821 0.66 0.0 HD12 161 
   881 0.82 0.0 HD13 83 
   1171 8.88 0.0 H 106 
   420 34.2 0.0 CG 45 
   1950 41.8 0.0 CE 170 
   1841 0.01 0.0 HD12 162 
   1507 3.11 0.0 HD3 135 
   608 122.4 0.0 CE3 61 
   230 3.17 0.0 HD2 31 
   1646 31.6 0.0 CB 146 
   1844 38.3 0.0 CB 162 
   32 22.0 0.0 CG2 14 
   758 120.1 0.0 CZ3 73 
   1990 6.91 0.0 HD22 174 
   580 2.37 0.0 HB2 59 
   578 8.55 0.0 H 59 
   780 4.93 0.0 HA2 75 
   1255 25.6 0.0 CG 113 
   161 27.0 0.0 CD1 24 
   627 133.7 0.0 CE1 62 
   560 38.1 0.0 CB 56 
   426 3.98 0.0 HB3 46 
   1343 7.91 0.0 H 123 
   641 33.8 0.0 CB 63 
   831 6.96 0.0 HD2 79 
   499 0.8 0.0 HG21 51 
   116 59.2 0.0 CA 21 
   691 1.81 0.0 HB2 68 
   269 1.46 0.0 HB2 35 
   999 117.4 0.0 N 91 
   180 10.39 0.0 H 26 
   1662 0.8 0.0 HD11 148 
   1568 6.2 0.0 HD1 140 
   972 122.9 0.0 N 89 
   53 3.21 0.0 HD2 16 
   2006 120.6 0.0 N 175 
   1404 3.23 0.0 HB3 128 
   754 30.6 0.0 CB 73 
   103 36.3 0.0 CG 20 
   1829 26.1 0.0 CD1 161 
   565 1.5 0.0 HB1 57 
   387 2.22 0.0 HB2 43 
   1909 40.7 0.0 CB 167 
   400 7.33 0.0 HD2 44 
   1312 57.4 0.0 CA 119 
   672 7.8 0.0 H 66 
   1478 9.6 0.0 HE1 133 
   844 0.96 0.0 HG12 80 
   882 0.77 0.0 HD21 83 
   487 38.5 0.0 CB 50 
   1345 0.37 0.0 HB 123 
   991 5.29 0.0 HA 91 
   1073 1.17 0.0 HG22 97 
   599 7.87 0.0 HD1 61 
   824 117.5 0.0 N 78 
   967 5.42 0.0 HA 89 
   1688 1.16 0.0 HD22 150 
   778 117.0 0.0 N 74 
   367 2.96 0.0 HE2 41 
   1607 1.04 0.0 HB3 143 
   504 23.6 0.0 CG1 51 
   1770 7.92 0.0 H 157 
   1608 55.6 0.0 CA 143 
   217 1.44 0.0 HG3 30 
   794 53.9 0.0 CA 76 
   1589 1.6 0.0 HB3 142 
   1251 3.12 0.0 HE2 113 
   942 1.9 0.0 HB3 87 
   1218 1.35 0.0 HG 110 
   406 131.7 0.0 CD2 44 
   961 131.7 0.0 CD2 88 
   605 56.9 0.0 CA 61 
   903 43.1 0.0 CB 84 
   732 1.63 0.0 HB2 72 
   1399 40.2 0.0 CB 127 
   1010 40.4 0.0 CB 92 
   980 1.02 0.0 HG23 90 
   854 27.8 0.0 CG1 80 
   1199 3.77 0.0 HD3 108 
   227 2.02 0.0 HB3 31 
   1425 129.8 0.0 CE1 129 
   912 1.18 0.0 HG2 85 
   1826 57.4 0.0 CA 161 
   2004 29.2 0.0 CB 175 
   502 67.2 0.0 CA 51 
   798 42.2 0.0 CE 76 
   1493 4.17 0.0 HA 134 
   419 28.3 0.0 CB 45 
   1961 119.4 0.0 N 171 
   906 24.8 0.0 CD2 84 
   286 3.29 0.0 HB2 36 
   1784 1.49 0.0 HG13 158 
   448 8.86 0.0 H 48 
   1560 25.7 0.0 CG 139 
   1522 116.8 0.0 ND2 136 
   1929 2.59 0.0 HB2 169 
   1432 2.04 0.0 HB3 130 
   383 35.5 0.0 CG 42 
   535 122.2 0.0 N 54 
   357 24.3 0.0 CD2 40 
   1619 115.6 0.0 CD2 144 
   1633 58.4 0.0 CA 145 
   1245 1.76 0.0 HB2 113 
   767 6.87 0.0 HD2 74 
   1641 2.2 0.0 HB2 146 
   25 4.07 0.0 HA 14 
   1665 0.92 0.0 HD21 148 
   1303 117.4 0.0 CE2 118 
   1234 2.72 0.0 HB3 111 
   762 8.53 0.0 H 74 
   930 6.77 0.0 HE1 86 
   1914 8.64 0.0 H 168 
   7 4.11 0.0 HA 12 
   295 29.5 0.0 CB 36 
   1338 32.9 0.0 CB 122 
   1287 1.89 0.0 HE2 117 
   879 0.82 0.0 HD11 83 
   1519 53.4 0.0 CA 136 
   1541 1.72 0.0 HG3 138 
   1336 2.91 0.0 HE3 122 
   795 38.2 0.0 CB 76 
   1214 7.93 0.0 H 110 
   1305 4.25 0.0 HA 119 
   1967 1.43 0.0 HG3 172 
   1595 0.37 0.0 HD22 142 
   518 4.48 0.0 HA 53 
   768 7.0 0.0 HE1 74 
   348 0.84 0.0 HD12 40 
   58 43.2 0.0 CD 16 
   1613 2.35 0.0 HB2 144 
   1453 30.7 0.0 CB 131 
   10 2.32 0.0 HG2 12 
   709 2.34 0.0 HG2 69 
   1106 4.12 0.0 HA 100 
   1986 4.67 0.0 HA 174 
   1762 0.93 0.0 HG21 156 
   976 0.84 0.0 HG12 90 
   428 62.8 0.0 CA 46 
   1492 8.33 0.0 H 134 
   1848 120.1 0.0 N 162 
   792 2.95 0.0 HE2 76 
   1713 4.06 0.0 HA 153 
   132 50.7 0.0 CD 22 
   1682 2.33 0.0 HB3 150 
   548 32.2 0.0 CB 55 
   1044 1.84 0.0 HG2 95 
   21 54.2 0.0 CA 13 
   1696 9.07 0.0 H 151 
   1701 4.25 0.0 HA 152 
   1437 2.99 0.0 HE2 130 
   1445 4.38 0.0 HA 131 
   1840 0.01 0.0 HD11 162 
   1450 3.64 0.0 HD2 131 
   1744 26.8 0.0 CG 154 
   165 4.41 0.0 HA 25 
   272 0.91 0.0 HD11 35 
   1684 0.87 0.0 HD11 150 
   439 0.98 0.0 HD21 47 
   1724 127.0 0.0 CD1 153 
   14 35.9 0.0 CG 12 
   1781 3.54 0.0 HA 158 
   73 119.6 0.0 N 17 
   1136 1.32 0.0 HG2 103 
   1952 8.55 0.0 H 171 
   1115 7.25 0.0 H 101 
   874 8.23 0.0 H 83 
   1186 0.93 0.0 HG22 107 
   95 7.79 0.0 H 20 
   1968 1.65 0.0 HD2 172 
   738 56.1 0.0 CA 72 
   667 2.03 0.0 HG3 65 
   952 3.07 0.0 HB3 88 
   799 121.3 0.0 N 76 
   1579 130.1 0.0 CZ 140 
   1054 1.9 0.0 HB 96 
   1946 56.7 0.0 CA 170 
   1197 2.12 0.0 HG3 108 
   247 2.12 0.0 HB3 33 
   11 2.32 0.0 HG3 12 
   1381 25.2 0.0 CD1 125 
   1918 2.32 0.0 HG2 168 
   1261 4.2 0.0 HB 114 
   685 51.6 0.0 CA 67 
   1764 0.93 0.0 HG23 156 
   516 119.7 0.0 N 52 
   1436 1.74 0.0 HD3 130 
   399 7.33 0.0 HD1 44 
   810 3.29 0.0 HB3 78 
   752 6.46 0.0 HH2 73 
   925 4.52 0.0 HA 86 
   1377 0.33 0.0 HD23 125 
   606 29.6 0.0 CB 61 
   1926 112.3 0.0 NE2 168 
   2005 33.7 0.0 CG 175 
   304 3.36 0.0 HA 37 
   260 2.16 0.0 HB3 34 
   292 7.51 0.0 HZ3 36 
   69 64.5 0.0 CA 17 
   22 18.5 0.0 CB 13 
   614 6.81 0.0 H 62 
   1083 7.86 0.0 HD1 98 
   414 2.54 0.0 HG2 45 
   382 29.2 0.0 CB 42 
   969 2.91 0.0 HB3 89 
   1374 0.13 0.0 HD13 125 
   481 3.32 0.0 HB3 50 
   1778 34.2 0.0 CG 157 
   476 42.2 0.0 CD 49 
   512 2.42 0.0 HG3 52 
   1042 1.84 0.0 HB2 95 
   1739 1.14 0.0 HD21 154 
   1027 1.78 0.0 HG12 94 
   1072 1.17 0.0 HG21 97 
   650 0.91 0.0 HD11 64 
   598 4.08 0.0 HB3 61 
   1395 4.38 0.0 HA 127 
   189 121.3 0.0 N 26 
   1132 126.2 0.0 N 102 
   242 40.8 0.0 CB 32 
   1352 -0.19 0.0 HD12 123 
   206 24.4 0.0 CB 28 
   1355 37.5 0.0 CB 123 
   1424 131.7 0.0 CD2 129 
   816 6.84 0.0 HH2 78 
   543 1.6 0.0 HD2 55 
   301 121.6 0.0 N 36 
   427 5.22 0.0 HG 46 
   1958 55.9 0.0 CA 171 
   1803 3.0 0.0 HD3 159 
   1601 22.0 0.0 CD2 142 
   1065 27.8 0.0 CG1 96 
   1627 -0.05 0.0 HD11 145 
   796 24.8 0.0 CG 76 
   1015 127.8 0.0 CZ 92 
   700 31.8 0.0 CB 68 
   1114 122.2 0.0 N 100 
   1618 29.7 0.0 CB 144 
   537 8.89 0.0 H 55 
   282 25.2 0.0 CD2 35 
   1806 28.7 0.0 CG 159 
   1998 2.08 0.0 HB3 175 
   852 59.6 0.0 CA 80 
   1792 30.6 0.0 CB 158 
   1897 6.85 0.0 H 167 
   1373 0.13 0.0 HD12 125 
   1616 7.71 0.0 HE1 144 
   1586 10.28 0.0 H 142 
   771 54.9 0.0 CA 74 
   1306 1.79 0.0 HB2 119 
   717 3.53 0.0 HA3 70 
   385 8.98 0.0 H 43 
   142 61.6 0.0 CA 23 
   1526 0.66 0.0 HG11 137 
   1888 1.0 0.0 HG13 166 
   1571 6.77 0.0 HE2 140 
   1714 3.23 0.0 HB2 153 
   1529 1.08 0.0 HG21 137 
   1012 131.3 0.0 CD2 92 
   1831 118.0 0.0 N 161 
   1222 0.68 0.0 HD21 110 
   1651 1.22 0.0 HB1 147 
   169 1.29 0.0 HG3 25 
   404 37.9 0.0 CB 44 
   693 1.46 0.0 HG2 68 
   491 118.8 0.0 CE2 50 
   1458 1.61 0.0 HB2 132 
   1496 1.5 0.0 HB3 134 
   935 132.9 0.0 CD2 86 
   955 7.18 0.0 HE1 88 
   686 37.3 0.0 CB 67 
   1179 8.02 0.0 H 107 
   1155 3.79 0.0 HA 105 
   1041 4.62 0.0 HA 95 
   1490 120.6 0.0 N 133 
   1604 3.75 0.0 HA 143 
   1514 4.26 0.0 HA 136 
   748 9.32 0.0 HE1 73 
   1585 112.9 0.0 N 141 
   552 122.1 0.0 N 55 
   1105 8.2 0.0 H 100 
   915 1.28 0.0 HD3 85 
   1137 1.47 0.0 HG3 103 
   333 2.31 0.0 HB3 39 
   1797 3.52 0.0 HA 159 
   1809 4.33 0.0 HA 160 
   1428 121.3 0.0 N 129 
   1192 119.5 0.0 N 107 
   757 113.1 0.0 CZ2 73 
   1754 18.2 0.0 CB 155 
   519 3.0 0.0 HB2 53 
   437 0.93 0.0 HD12 47 
   809 3.11 0.0 HB2 78 
   725 1.1 0.0 HG23 71 
   937 117.5 0.0 CE2 86 
   821 114.1 0.0 CZ2 78 
   677 66.8 0.0 CB 66 
   656 54.3 0.0 CA 64 
   1732 3.58 0.0 HA 154 
   1488 123.0 0.0 CZ3 133 
   934 132.9 0.0 CD1 86 
   244 8.58 0.0 H 33 
   1652 1.22 0.0 HB2 147 
   83 64.2 0.0 CA 18 
   1765 63.4 0.0 CA 156 
   1433 1.42 0.0 HG2 130 
   908 8.45 0.0 H 85 
   679 8.15 0.0 H 67 
   1959 31.0 0.0 CB 171 
   278 56.6 0.0 CA 35 
   1268 110.1 0.0 N 114 
   858 9.14 0.0 H 81 
   830 6.96 0.0 HD1 79 
   545 2.84 0.0 HE2 55 
   1193 4.13 0.0 HA 108 
   1221 0.5 0.0 HD13 110 
   1742 57.8 0.0 CA 154 
   1145 4.26 0.0 HA 104 
   1847 14.9 0.0 CD1 162 
   585 39.9 0.0 CB 59 
   1031 0.7 0.0 HG23 94 
   1296 6.74 0.0 HE1 118 
   532 7.24 0.0 HD22 54 
   884 0.77 0.0 HD23 83 
   785 5.61 0.0 HA 76 
   1509 30.1 0.0 CB 135 
   1385 4.28 0.0 HA 126 
   452 1.86 0.0 HG13 48 
   1196 1.88 0.0 HG2 108 
   1767 21.1 0.0 CG1 156 
   115 -0.19 0.0 HD13 21 
   632 4.37 0.0 HA 63 
   1551 1.6 0.0 HB3 139 
   1944 2.96 0.0 HE2 170 
   707 2.1 0.0 HB2 69 
   1119 1.08 0.0 HG22 101 
   446 23.9 0.0 CD2 47 
   1843 65.1 0.0 CA 162 
   501 0.8 0.0 HG23 51 
   1074 1.17 0.0 HG23 97 
   432 4.23 0.0 HA 47 
   122 4.51 0.0 HA 22 
   181 3.89 0.0 HA 26 
   888 25.2 0.0 CD1 83 
   841 8.07 0.0 H 80 
   764 3.1 0.0 HB2 74 
   335 1.47 0.0 HG3 39 
   1046 3.51 0.0 HD2 95 
   1695 125.1 0.0 N 150 
   1562 41.9 0.0 CE 139 
   1845 29.2 0.0 CG1 162 
   310 1.13 0.0 HG22 37 
   1024 8.43 0.0 H 94 
   444 27.4 0.0 CG 47 
   1043 2.39 0.0 HB3 95 
   1540 1.25 0.0 HG2 138 
   1935 122.1 0.0 N 169 
   461 29.8 0.0 CG1 48 
   714 115.4 0.0 N 69 
   34 8.07 0.0 H 15 
   1232 4.44 0.0 HA 111 
   1903 0.95 0.0 HG22 167 
   187 68.1 0.0 CB 26 
   1365 27.0 0.0 CB 124 
   1687 1.16 0.0 HD21 150 
   721 4.41 0.0 HA 71 
   1893 32.2 0.0 CB 166 
   1403 3.23 0.0 HB2 128 
   1038 16.8 0.0 CG2 94 
   1474 3.57 0.0 HA 133 
   1583 4.14 0.0 HA3 141 
   706 4.19 0.0 HA 69 
   1347 0.7 0.0 HG13 123 
   647 1.83 0.0 HB2 64 
   1683 1.88 0.0 HG 150 
   1470 23.5 0.0 CD1 132 
   1720 6.36 0.0 HZ3 153 
   684 6.71 0.0 HD22 67 
   503 31.5 0.0 CB 51 
   68 1.1 0.0 HG23 17 
   523 55.6 0.0 CA 53 
   456 0.92 0.0 HD11 48 
   1209 2.43 0.0 HG3 109 
   1741 1.14 0.0 HD23 154 
   133 8.04 0.0 H 23 
   1723 29.6 0.0 CB 153 
   997 33.5 0.0 CB 91 
   1953 4.39 0.0 HA 171 
   337 2.71 0.0 HD3 39 
   1801 2.05 0.0 HG3 159 
   1052 8.69 0.0 H 96 
   966 8.46 0.0 H 89 
   146 116.5 0.0 N 23 
   494 3.25 0.0 HA 51 
   956 7.18 0.0 HE2 88 
   869 2.25 0.0 HB2 82 
   23 122.6 0.0 N 13 
   1295 7.0 0.0 HD2 118 
   471 3.37 0.0 HD2 49 
   515 36.4 0.0 CG 52 
   1664 0.8 0.0 HD13 148 
   1789 0.18 0.0 HD12 158 
   1636 25.8 0.0 CD1 145 
   1920 6.76 0.0 HE21 168 
   1951 123.6 0.0 N 170 
   1386 4.54 0.0 HB 126 
   1169 14.7 0.0 CD1 105 
   498 0.78 0.0 HG13 51 
   592 54.1 0.0 CA 60 
   1992 38.6 0.0 CB 174 
   1913 112.3 0.0 N 167 
   1557 2.91 0.0 HE3 139 
   1771 3.85 0.0 HA 157 
   1184 0.58 0.0 HG13 107 
   1785 0.42 0.0 HG21 158 
   216 1.05 0.0 HG2 30 
   990 8.61 0.0 H 91 
   79 0.94 0.0 HG13 18 
   526 110.8 0.0 ND2 53 
   910 1.51 0.0 HB2 85 
   475 26.1 0.0 CG 49 
   108 0.36 0.0 HG12 21 
   1368 4.45 0.0 HA 125 
   1854 2.49 0.0 HG3 163 
   110 0.18 0.0 HG21 21 
   1995 8.36 0.0 H 175 
   1971 2.95 0.0 HE3 172 
   1077 22.0 0.0 CG2 97 
   1237 119.9 0.0 N 111 
   1669 43.3 0.0 CB 148 
   346 0.96 0.0 HG 40 
   1827 41.4 0.0 CB 161 
   648 1.86 0.0 HB3 64 
   1882 108.0 0.0 N 165 
   351 0.86 0.0 HD22 40 
   1168 17.5 0.0 CG2 105 
   1297 6.74 0.0 HE2 118 
   1370 1.68 0.0 HB3 125 
   800 9.17 0.0 H 77 
   1417 7.05 0.0 HD2 129 
   1459 1.92 0.0 HB3 132 
   1818 1.9 0.0 HB3 161 
   377 2.27 0.0 HB2 42 
   9 2.03 0.0 HB3 12 
   312 66.4 0.0 CA 37 
   334 1.47 0.0 HG2 39 
   1979 4.42 0.0 HA 173 
   314 21.0 0.0 CG1 37 
   596 4.27 0.0 HA 61 
   727 69.3 0.0 CB 71 
   695 1.69 0.0 HD2 68 
   36 1.87 0.0 HB2 15 
   862 7.19 0.0 HD2 81 
   1205 4.3 0.0 HA 109 
   1181 1.96 0.0 HB 107 
   947 37.4 0.0 CG 87 
   1177 21.6 0.0 CB 106 
   125 2.1 0.0 HG2 22 
   702 28.9 0.0 CD 68 
   1434 1.72 0.0 HG3 130 
   1316 120.9 0.0 N 119 
   1965 1.85 0.0 HB3 172 
   271 1.77 0.0 HG 35 
   1877 115.9 0.0 N 164 
   811 7.03 0.0 HD1 78 
   1071 4.67 0.0 HB 97 
   790 1.55 0.0 HD2 76 
   1898 4.64 0.0 HA 167 
   1327 7.0 0.0 H 122 
   916 2.27 0.0 HE2 85 
   575 55.3 0.0 CA 58 
   391 58.5 0.0 CA 43 
   1997 1.94 0.0 HB2 175 
   229 1.65 0.0 HG3 31 
   558 7.75 0.0 HD22 56 
   287 3.79 0.0 HB3 36 
   3 2.76 0.0 HB3 11 
   1743 42.6 0.0 CB 154 
   1988 2.83 0.0 HB3 174 
   1464 1.04 0.0 HD21 132 
   1180 4.9 0.0 HA 107 
   398 3.25 0.0 HB3 44 
   1239 4.25 0.0 HA2 112 
   55 57.8 0.0 CA 16 
   735 1.63 0.0 HG3 72 
   1341 41.8 0.0 CE 122 
   1857 58.8 0.0 CA 163 
   970 54.7 0.0 CA 89 
   1686 0.87 0.0 HD13 150 
   1486 120.1 0.0 CE3 133 
   1983 27.8 0.0 CB 173 
   1256 29.1 0.0 CD 113 
   394 120.6 0.0 N 43 
   851 0.82 0.0 HD13 80 
   716 4.53 0.0 HA2 70 
   1128 0.01 0.0 HB2 102 
   97 1.96 0.0 HB2 20 
   1972 56.3 0.0 CA 172 
   769 7.0 0.0 HE2 74 
   818 32.6 0.0 CB 78 
   1414 3.1 0.0 HB2 129 
   1515 0.92 0.0 HB2 136 
   1733 1.24 0.0 HB2 154 
   1158 1.15 0.0 HG13 105 
   629 131.9 0.0 CZ 62 
   683 7.79 0.0 HD21 67 
   493 8.77 0.0 H 51 
   855 17.1 0.0 CG2 80 
   544 1.6 0.0 HD3 55 
   1211 30.2 0.0 CB 109 
   86 22.0 0.0 CG2 18 
   1745 23.0 0.0 CD1 154 
   168 1.29 0.0 HG2 25 
   143 32.8 0.0 CB 23 
   1567 2.06 0.0 HB3 140 
   1439 62.3 0.0 CA 130 
   1242 115.0 0.0 N 112 
   369 60.1 0.0 CA 41 
   296 127.0 0.0 CD1 36 
   1252 3.12 0.0 HE3 113 
   1709 32.1 0.0 CB 152 
   325 58.3 0.0 CA 38 
   1134 0.87 0.0 HB2 103 
   1257 42.5 0.0 CE 113 
   981 0.71 0.0 HD11 90 
   1892 63.3 0.0 CA 166 
   1472 119.9 0.0 N 132 
   438 0.93 0.0 HD13 47 
   61 3.95 0.0 HA 17 
   1380 26.3 0.0 CG 125 
   522 6.74 0.0 HD22 53 
   593 40.5 0.0 CB 60 
   1401 7.93 0.0 H 128 
   1467 57.9 0.0 CA 132 
   1422 39.5 0.0 CB 129 
   1862 7.88 0.0 H 164 
   669 34.1 0.0 CB 65 
   1702 1.82 0.0 HB2 152 
   1908 59.4 0.0 CA 167 
   40 3.21 0.0 HD2 15 
   704 123.1 0.0 N 68 
   2 2.76 0.0 HB2 11 
   856 12.7 0.0 CD1 80 
   1480 7.26 0.0 HZ2 133 
   1887 1.0 0.0 HG12 166 
   1593 -0.51 0.0 HD13 142 
   1183 0.58 0.0 HG12 107 
   42 58.2 0.0 CA 15 
   1719 7.16 0.0 HZ2 153 
   1880 4.11 0.0 HA3 165 
   1110 1.25 0.0 HG23 100 
   316 116.1 0.0 N 37 
   712 29.6 0.0 CB 69 
   1482 7.06 0.0 HH2 133 
   1581 9.74 0.0 H 141 
   1127 0.01 0.0 HB1 102 
