   1729 118.4 0.0 N 153 
   1323 3.93 0.0 HA2 121 
   1963 4.4 0.0 HA 172 
   1726 113.9 0.0 CZ2 153 
   1430 3.99 0.0 HA 130 
   553 8.2 0.0 H 56 
   1991 53.2 0.0 CA 174 
   55 57.8 0.0 CA 16 
   472 3.42 0.0 HD3 49 
   1759 0.75 0.0 HG11 156 
   396 4.5 0.0 HA 44 
   983 0.71 0.0 HD13 90 
   1491 130.6 0.0 NE1 133 
   43 30.1 0.0 CB 15 
   1788 0.18 0.0 HD11 158 
   618 5.47 0.0 HD1 62 
   859 4.82 0.0 HA 81 
   1439 62.3 0.0 CA 130 
   1947 33.5 0.0 CB 170 
   751 6.65 0.0 HZ3 73 
   1037 26.8 0.0 CG1 94 
   1358 13.5 0.0 CD1 123 
   1627 -0.05 0.0 HD11 145 
   1549 4.17 0.0 HA 139 
   1070 4.43 0.0 HA 97 
   163 126.3 0.0 N 24 
   793 2.95 0.0 HE3 76 
   1216 1.6 0.0 HB2 110 
   465 7.64 0.0 H 49 
   187 68.1 0.0 CB 26 
   16 8.44 0.0 H 13 
   450 1.98 0.0 HB 48 
   1782 1.56 0.0 HB 158 
   1566 1.98 0.0 HB2 140 
   1060 0.87 0.0 HD11 96 
   1573 51.9 0.0 CA 140 
   1707 3.6 0.0 HD3 152 
   359 7.57 0.0 H 41 
   734 1.5 0.0 HG2 72 
   1826 57.4 0.0 CA 161 
   967 5.42 0.0 HA 89 
   1899 1.86 0.0 HB 167 
   1002 2.77 0.0 HB2 92 
   139 1.13 0.0 HG21 23 
   1620 136.3 0.0 CE1 144 
   1238 8.62 0.0 H 112 
   392 28.4 0.0 CB 43 
   1940 1.38 0.0 HG2 170 
   821 114.1 0.0 CZ2 78 
   1575 127.3 0.0 CD1 140 
   150 1.88 0.0 HB3 24 
   1952 8.55 0.0 H 171 
   1457 3.95 0.0 HA 132 
   1355 37.5 0.0 CB 123 
   998 35.4 0.0 CG 91 
   499 0.8 0.0 HG21 51 
   1930 2.88 0.0 HB3 169 
   1386 4.54 0.0 HB 126 
   725 1.1 0.0 HG23 71 
   372 29.5 0.0 CD 41 
   1957 2.2 0.0 HG3 171 
   1626 1.11 0.0 HG 145 
   275 1.01 0.0 HD21 35 
   444 27.4 0.0 CG 47 
   1054 1.9 0.0 HB 96 
   240 3.09 0.0 HB3 32 
   832 6.69 0.0 HE1 79 
   1475 2.49 0.0 HB2 133 
   806 114.4 0.0 N 77 
   137 0.96 0.0 HG12 23 
   1812 57.2 0.0 CA 160 
   1856 6.84 0.0 HE22 163 
   776 130.0 0.0 CE2 74 
   345 1.42 0.0 HB3 40 
   63 1.01 0.0 HG11 17 
   1418 6.99 0.0 HE1 129 
   481 3.32 0.0 HB3 50 
   1286 1.89 0.0 HE1 117 
   942 1.9 0.0 HB3 87 
   756 119.8 0.0 CE3 73 
   1689 1.16 0.0 HD23 150 
   1384 8.22 0.0 H 126 
   640 54.8 0.0 CA 63 
   712 29.6 0.0 CB 69 
   1495 1.5 0.0 HB2 134 
   548 32.2 0.0 CB 55 
   286 3.29 0.0 HB2 36 
   296 127.0 0.0 CD1 36 
   1807 49.4 0.0 CD 159 
   202 1.47 0.0 HB1 28 
   500 0.8 0.0 HG22 51 
   357 24.3 0.0 CD2 40 
   1614 3.34 0.0 HB3 144 
   251 3.34 0.0 HD3 33 
   388 2.34 0.0 HB3 43 
   1536 122.5 0.0 N 137 
   42 58.2 0.0 CA 15 
   403 62.3 0.0 CA 44 
   1784 1.49 0.0 HG13 158 
   853 38.1 0.0 CB 80 
   272 0.91 0.0 HD11 35 
   140 1.13 0.0 HG22 23 
   777 129.4 0.0 CZ 74 
   1961 119.4 0.0 N 171 
   666 1.89 0.0 HG2 65 
   1314 27.1 0.0 CG 119 
   412 2.23 0.0 HB2 45 
   783 107.1 0.0 N 75 
   20 1.47 0.0 HB3 13 
   1449 2.12 0.0 HG3 131 
   1243 8.33 0.0 H 113 
   1086 7.33 0.0 HE2 98 
   1697 3.12 0.0 HA2 151 
   135 2.37 0.0 HB 23 
   25 4.07 0.0 HA 14 
   741 43.1 0.0 CD 72 
   1827 41.4 0.0 CB 161 
   915 1.28 0.0 HD3 85 
   1526 0.66 0.0 HG11 137 
   1299 39.5 0.0 CB 118 
   1024 8.43 0.0 H 94 
   1976 41.8 0.0 CE 172 
   418 59.3 0.0 CA 45 
   452 1.86 0.0 HG13 48 
   1699 49.3 0.0 CA 151 
   1441 26.5 0.0 CG 130 
   1869 1.59 0.0 HD3 164 
   1822 0.66 0.0 HD13 161 
   304 3.36 0.0 HA 37 
   188 22.0 0.0 CG2 26 
   122 4.51 0.0 HA 22 
   984 58.5 0.0 CA 90 
   790 1.55 0.0 HD2 76 
   1152 35.9 0.0 CG 104 
   1009 57.4 0.0 CA 92 
   217 1.44 0.0 HG3 30 
   305 2.2 0.0 HB 37 
   97 1.96 0.0 HB2 20 
   1723 29.6 0.0 CB 153 
   1220 0.5 0.0 HD12 110 
   1171 8.88 0.0 H 106 
   1894 21.8 0.0 CG1 166 
   1898 4.64 0.0 HA 167 
   1590 1.64 0.0 HG 142 
   898 0.41 0.0 HD13 84 
   256 121.0 0.0 N 33 
   1167 27.6 0.0 CG1 105 
   1419 6.99 0.0 HE2 129 
   946 34.7 0.0 CB 87 
   1433 1.42 0.0 HG2 130 
   56 30.2 0.0 CB 16 
   1069 7.01 0.0 H 97 
   986 25.7 0.0 CG1 90 
   918 56.1 0.0 CA 85 
   184 1.25 0.0 HG22 26 
   257 9.25 0.0 H 34 
   1469 27.0 0.0 CG 132 
   1413 4.07 0.0 HA 129 
   1873 34.1 0.0 CB 164 
   1434 1.72 0.0 HG3 130 
   218 2.45 0.0 HD2 30 
   1397 2.68 0.0 HB3 127 
   1356 24.8 0.0 CG1 123 
   193 3.25 0.0 HB3 27 
   1432 2.04 0.0 HB3 130 
   17 4.21 0.0 HA 13 
   722 4.57 0.0 HB 71 
   1370 1.68 0.0 HB3 125 
   1279 2.0 0.0 HB2 116 
   1942 1.6 0.0 HD2 170 
   910 1.51 0.0 HB2 85 
   1372 0.13 0.0 HD11 125 
   368 2.96 0.0 HE3 41 
   1180 4.9 0.0 HA 107 
   1396 2.61 0.0 HB2 127 
   419 28.3 0.0 CB 45 
   1954 1.93 0.0 HB2 171 
   197 36.8 0.0 CB 27 
   1950 41.8 0.0 CE 170 
   1815 7.82 0.0 H 161 
   469 1.74 0.0 HG2 49 
   101 56.0 0.0 CA 20 
   550 29.7 0.0 CD 55 
   702 28.9 0.0 CD 68 
   1544 64.6 0.0 CA 138 
   1705 2.09 0.0 HG3 152 
   277 1.01 0.0 HD23 35 
   780 4.93 0.0 HA2 75 
   1985 8.55 0.0 H 174 
   348 0.84 0.0 HD12 40 
   260 2.16 0.0 HB3 34 
   765 3.22 0.0 HB3 74 
   1593 -0.51 0.0 HD13 142 
   1574 36.4 0.0 CB 140 
   1530 1.08 0.0 HG22 137 
   1537 4.86 0.0 HA 138 
   812 10.66 0.0 HE1 78 
   1556 2.87 0.0 HE2 139 
   1411 114.8 0.0 N 128 
   1055 1.32 0.0 HG12 96 
   1387 1.41 0.0 HG21 126 
   962 129.6 0.0 CE1 88 
   1548 8.76 0.0 H 139 
   1736 0.88 0.0 HD11 154 
   1250 1.6 0.0 HD3 113 
   1408 30.4 0.0 CB 128 
   155 1.18 0.0 HD21 24 
   1929 2.59 0.0 HB2 169 
   459 65.0 0.0 CA 48 
   588 8.49 0.0 H 60 
   1624 1.42 0.0 HB2 145 
   1377 0.33 0.0 HD23 125 
   1567 2.06 0.0 HB3 140 
   233 29.5 0.0 CB 31 
   610 120.2 0.0 CZ3 61 
   234 27.1 0.0 CG 31 
   572 4.38 0.0 HA 58 
   433 1.79 0.0 HB2 47 
   1986 4.67 0.0 HA 174 
   1599 26.2 0.0 CG 142 
   1066 18.1 0.0 CG2 96 
   492 119.9 0.0 N 50 
   1389 1.41 0.0 HG23 126 
   952 3.07 0.0 HB3 88 
   1579 130.1 0.0 CZ 140 
   554 4.54 0.0 HA 56 
   641 33.8 0.0 CB 63 
   1342 118.4 0.0 N 122 
   701 24.4 0.0 CG 68 
   432 4.23 0.0 HA 47 
   1581 9.74 0.0 H 141 
   753 55.4 0.0 CA 73 
   115 -0.19 0.0 HD13 21 
   141 1.13 0.0 HG23 23 
   1949 29.2 0.0 CD 170 
   249 1.85 0.0 HG3 33 
   932 57.5 0.0 CA 86 
   358 120.3 0.0 N 40 
   1519 53.4 0.0 CA 136 
   982 0.71 0.0 HD12 90 
   1522 116.8 0.0 ND2 136 
   1328 4.58 0.0 HA 122 
   1889 1.0 0.0 HG21 166 
   926 2.88 0.0 HB2 86 
   975 1.75 0.0 HB 90 
   1559 32.6 0.0 CB 139 
   1724 127.0 0.0 CD1 153 
   584 51.8 0.0 CA 59 
   15 122.1 0.0 N 12 
   800 9.17 0.0 H 77 
   31 68.6 0.0 CB 14 
   1569 6.2 0.0 HD2 140 
   112 0.18 0.0 HG23 21 
   761 127.0 0.0 NE1 73 
   33 113.2 0.0 N 14 
   1918 2.32 0.0 HG2 168 
   1847 14.9 0.0 CD1 162 
   808 6.21 0.0 HA 78 
   437 0.93 0.0 HD12 47 
   1817 1.16 0.0 HB2 161 
   162 25.5 0.0 CD2 24 
   1283 119.1 0.0 N 116 
   612 121.9 0.0 N 61 
   289 9.86 0.0 HE1 36 
   290 7.31 0.0 HE3 36 
   543 1.6 0.0 HD2 55 
   142 61.6 0.0 CA 23 
   280 27.0 0.0 CG 35 
   1163 0.43 0.0 HD12 105 
   525 119.5 0.0 N 53 
   350 0.86 0.0 HD21 40 
   1763 0.93 0.0 HG22 156 
   1679 7.83 0.0 H 150 
   1927 8.65 0.0 H 169 
   51 1.6 0.0 HG2 16 
   1253 56.4 0.0 CA 113 
   136 0.96 0.0 HG11 23 
   321 2.45 0.0 HG2 38 
   1978 8.4 0.0 H 173 
   342 8.86 0.0 H 40 
   1112 67.9 0.0 CB 100 
   1841 0.01 0.0 HD12 162 
   1878 7.93 0.0 H 165 
   53 3.21 0.0 HD2 16 
   1586 10.28 0.0 H 142 
   1563 122.6 0.0 N 139 
   1472 119.9 0.0 N 132 
   332 1.78 0.0 HB2 39 
   1860 121.6 0.0 N 163 
   837 131.9 0.0 CD2 79 
   518 4.48 0.0 HA 53 
   1680 4.08 0.0 HA 150 
   1258 117.5 0.0 N 113 
   941 1.9 0.0 HB2 87 
   993 2.38 0.0 HB3 91 
   113 -0.19 0.0 HD11 21 
   904 25.9 0.0 CG 84 
   446 23.9 0.0 CD2 47 
   1688 1.16 0.0 HD22 150 
   1504 1.59 0.0 HG2 135 
   1484 27.6 0.0 CB 133 
   619 5.47 0.0 HD2 62 
   1773 0.96 0.0 HB3 157 
   279 42.7 0.0 CB 35 
   541 1.31 0.0 HG2 55 
   1508 57.0 0.0 CA 135 
   642 26.9 0.0 CG 63 
   1507 3.11 0.0 HD3 135 
   44 27.3 0.0 CG 15 
   326 28.0 0.0 CB 38 
   1224 0.68 0.0 HD23 110 
   293 7.05 0.0 HH2 36 
   968 2.72 0.0 HB2 89 
   1393 111.5 0.0 N 126 
   1612 3.57 0.0 HA 144 
   912 1.18 0.0 HG2 85 
   1081 2.76 0.0 HB2 98 
   1846 16.7 0.0 CG2 162 
   830 6.96 0.0 HD1 79 
   1080 4.69 0.0 HA 98 
   893 0.6 0.0 HB2 84 
   844 0.96 0.0 HG12 80 
   216 1.05 0.0 HG2 30 
   1884 4.04 0.0 HA 166 
   866 126.2 0.0 N 81 
   161 27.0 0.0 CD1 24 
   1426 129.8 0.0 CE2 129 
   1681 1.36 0.0 HB2 150 
   1458 1.61 0.0 HB2 132 
   1870 2.92 0.0 HE2 164 
   788 1.43 0.0 HG2 76 
   738 56.1 0.0 CA 72 
   1354 61.9 0.0 CA 123 
   165 4.41 0.0 HA 25 
   1972 56.3 0.0 CA 172 
   1821 0.66 0.0 HD12 161 
   787 1.49 0.0 HB3 76 
   1913 112.3 0.0 N 167 
   1359 117.1 0.0 N 123 
   1330 1.47 0.0 HB3 122 
   1308 1.58 0.0 HG2 119 
   361 2.06 0.0 HB2 41 
   1514 4.26 0.0 HA 136 
   639 7.37 0.0 HE 63 
   935 132.9 0.0 CD2 86 
   158 56.0 0.0 CA 24 
   823 123.5 0.0 CH2 78 
   873 131.6 0.0 N 82 
   236 116.8 0.0 N 31 
   195 7.45 0.0 HD22 27 
   1094 3.55 0.0 HA 99 
   556 2.93 0.0 HB3 56 
   648 1.86 0.0 HB3 64 
   68 1.1 0.0 HG23 17 
   611 123.3 0.0 CH2 61 
   416 7.61 0.0 HE21 45 
   1038 16.8 0.0 CG2 94 
   106 4.14 0.0 HA 21 
   1671 26.1 0.0 CD1 148 
   423 8.3 0.0 H 46 
   919 34.2 0.0 CB 85 
   52 1.6 0.0 HG3 16 
   1352 -0.19 0.0 HD12 123 
   1490 120.6 0.0 N 133 
   1619 115.6 0.0 CD2 144 
   672 7.8 0.0 H 66 
   1694 27.2 0.0 CD2 150 
   1255 25.6 0.0 CG 113 
   1316 120.9 0.0 N 119 
   1398 56.8 0.0 CA 127 
   1641 2.2 0.0 HB2 146 
   1133 4.23 0.0 HA 103 
   1951 123.6 0.0 N 170 
   573 2.55 0.0 HB2 58 
   616 2.1 0.0 HB2 62 
   318 4.09 0.0 HA 38 
   792 2.95 0.0 HE2 76 
   1834 1.39 0.0 HB 162 
   991 5.29 0.0 HA 91 
   1058 0.98 0.0 HG22 96 
   1351 -0.19 0.0 HD11 123 
   1050 27.0 0.0 CG 95 
   744 4.72 0.0 HA 73 
   1711 51.4 0.0 CD 152 
   1888 1.0 0.0 HG13 166 
   521 7.98 0.0 HD21 53 
   116 59.2 0.0 CA 21 
   462 17.0 0.0 CG2 48 
   894 1.93 0.0 HB3 84 
   1400 122.0 0.0 N 127 
   1194 2.03 0.0 HB2 108 
   824 117.5 0.0 N 78 
   449 3.79 0.0 HA 48 
   21 54.2 0.0 CA 13 
   1746 27.6 0.0 CD2 154 
   1778 34.2 0.0 CG 157 
   1416 7.05 0.0 HD1 129 
   168 1.29 0.0 HG2 25 
   1589 1.6 0.0 HB3 142 
   1770 7.92 0.0 H 157 
   77 0.94 0.0 HG11 18 
   258 4.24 0.0 HA 34 
   511 2.31 0.0 HG2 52 
   344 0.97 0.0 HB2 40 
   1147 1.85 0.0 HB3 104 
   951 2.71 0.0 HB2 88 
   1025 4.37 0.0 HA 94 
   625 132.0 0.0 CD1 62 
   822 120.5 0.0 CZ3 78 
   1968 1.65 0.0 HD2 172 
   164 8.31 0.0 H 25 
   497 0.78 0.0 HG12 51 
   1378 54.2 0.0 CA 125 
   1049 32.4 0.0 CB 95 
   736 3.09 0.0 HD2 72 
   940 5.28 0.0 HA 87 
   190 9.34 0.0 H 27 
   1925 121.6 0.0 N 168 
   362 2.06 0.0 HB3 41 
   716 4.53 0.0 HA2 70 
   1223 0.68 0.0 HD22 110 
   1451 3.77 0.0 HD3 131 
   1662 0.8 0.0 HD11 148 
   1771 3.85 0.0 HA 157 
   835 44.0 0.0 CB 79 
   529 3.06 0.0 HB2 54 
   868 4.02 0.0 HA 82 
   892 4.47 0.0 HA 84 
   1814 115.9 0.0 N 160 
   1855 7.42 0.0 HE21 163 
   1234 2.72 0.0 HB3 111 
   402 6.81 0.0 HE2 44 
   1935 122.1 0.0 N 169 
   1752 1.43 0.0 HB3 155 
   1251 3.12 0.0 HE2 113 
   1375 0.33 0.0 HD21 125 
   1078 103.6 0.0 N 97 
   843 1.63 0.0 HB 80 
   1107 4.44 0.0 HB 100 
   422 111.4 0.0 NE2 45 
   1512 113.5 0.0 N 135 
   3 2.76 0.0 HB3 11 
   1761 0.75 0.0 HG13 156 
   1576 127.3 0.0 CD2 140 
   1876 41.8 0.0 CE 164 
   528 4.38 0.0 HA 54 
   1804 66.3 0.0 CA 159 
   973 8.46 0.0 H 90 
   455 0.97 0.0 HG23 48 
   943 2.0 0.0 HG2 87 
   1684 0.87 0.0 HD11 150 
   662 8.9 0.0 H 65 
   1380 26.3 0.0 CG 125 
   881 0.82 0.0 HD13 83 
   1410 136.2 0.0 CE1 128 
   659 24.3 0.0 CD1 64 
   1513 7.18 0.0 H 136 
   1840 0.01 0.0 HD11 162 
   1690 57.9 0.0 CA 150 
   717 3.53 0.0 HA3 70 
   568 51.2 0.0 CA 57 
   1405 7.06 0.0 HD2 128 
   471 3.37 0.0 HD2 49 
   1141 31.9 0.0 CB 103 
   1367 8.42 0.0 H 125 
   1652 1.22 0.0 HB2 147 
   977 1.29 0.0 HG13 90 
   1225 53.9 0.0 CA 110 
   850 0.82 0.0 HD12 80 
   1919 2.35 0.0 HG3 168 
   652 0.91 0.0 HD13 64 
   1446 1.83 0.0 HB2 131 
   711 58.0 0.0 CA 69 
   880 0.82 0.0 HD12 83 
   1945 2.96 0.0 HE3 170 
   80 1.01 0.0 HG21 18 
   1102 33.2 0.0 CB 99 
   1198 3.48 0.0 HD2 108 
   563 7.52 0.0 H 57 
   1621 115.4 0.0 N 144 
   1868 1.5 0.0 HD2 164 
   1649 8.35 0.0 H 147 
   1657 8.89 0.0 H 148 
   503 31.5 0.0 CB 51 
   404 37.9 0.0 CB 44 
   1703 2.44 0.0 HB3 152 
   1907 0.85 0.0 HD13 167 
   1809 4.33 0.0 HA 160 
   171 1.6 0.0 HD3 25 
   884 0.77 0.0 HD23 83 
   1701 4.25 0.0 HA 152 
   1165 62.8 0.0 CA 105 
   205 51.9 0.0 CA 28 
   1186 0.93 0.0 HG22 107 
   1456 6.93 0.0 H 132 
   314 21.0 0.0 CG1 37 
   198 128.7 0.0 N 27 
   1992 38.6 0.0 CB 174 
   1476 3.07 0.0 HB3 133 
   336 2.71 0.0 HD2 39 
   1511 43.4 0.0 CD 135 
   1448 1.99 0.0 HG2 131 
   527 8.75 0.0 H 54 
   1183 0.58 0.0 HG12 107 
   1885 2.17 0.0 HB 166 
   925 4.52 0.0 HA 86 
   1531 1.08 0.0 HG23 137 
   126 2.1 0.0 HG3 22 
   1003 3.68 0.0 HB3 92 
   237 8.17 0.0 H 32 
   1867 1.66 0.0 HG3 164 
   955 7.18 0.0 HE1 88 
   1111 67.1 0.0 CA 100 
   1275 18.9 0.0 CB 115 
   570 121.1 0.0 N 57 
   1685 0.87 0.0 HD12 150 
   1464 1.04 0.0 HD21 132 
   1733 1.24 0.0 HB2 154 
   1673 110.9 0.0 N 148 
   978 1.02 0.0 HG21 90 
   322 2.45 0.0 HG3 38 
   1618 29.7 0.0 CB 144 
   1187 0.93 0.0 HG23 107 
   1740 1.14 0.0 HD22 154 
   1734 2.04 0.0 HB3 154 
   1245 1.76 0.0 HB2 113 
   1177 21.6 0.0 CB 106 
   1483 61.0 0.0 CA 133 
   255 43.1 0.0 CD 33 
   324 8.08 0.0 HE22 38 
   1361 4.44 0.0 HA 124 
   522 6.74 0.0 HD22 53 
   1123 21.0 0.0 CG2 101 
   633 1.82 0.0 HB2 63 
   1010 40.4 0.0 CB 92 
   448 8.86 0.0 H 48 
   1903 0.95 0.0 HG22 167 
   230 3.17 0.0 HD2 31 
   531 4.55 0.0 HD21 54 
   957 7.05 0.0 HZ 88 
   1805 30.6 0.0 CB 159 
   191 4.6 0.0 HA 27 
   1941 1.38 0.0 HG3 170 
   1656 120.5 0.0 N 147 
   815 6.61 0.0 HZ3 78 
   937 117.5 0.0 CE2 86 
   1753 53.8 0.0 CA 155 
   1637 23.3 0.0 CD2 145 
   1983 27.8 0.0 CB 173 
   335 1.47 0.0 HG3 39 
   1577 129.7 0.0 CE1 140 
   1403 3.23 0.0 HB2 128 
   1241 45.8 0.0 CA 112 
   1896 115.2 0.0 N 166 
   173 2.92 0.0 HE3 25 
   1774 0.82 0.0 HG2 157 
   714 115.4 0.0 N 69 
   1390 62.4 0.0 CA 126 
   1825 0.73 0.0 HD23 161 
   110 0.18 0.0 HG21 21 
   1290 18.0 0.0 CE 117 
   341 121.0 0.0 N 39 
   1916 1.92 0.0 HB2 168 
   1823 0.73 0.0 HD21 161 
   535 122.2 0.0 N 54 
   485 6.97 0.0 HE2 50 
   1113 21.6 0.0 CG2 100 
   676 55.8 0.0 CA 66 
   627 133.7 0.0 CE1 62 
   1182 0.58 0.0 HG11 107 
   849 0.82 0.0 HD11 80 
   857 128.9 0.0 N 80 
   1481 7.04 0.0 HZ3 133 
   1382 22.6 0.0 CD2 125 
   759 123.7 0.0 CH2 73 
   1910 25.3 0.0 CG1 167 
   1979 4.42 0.0 HA 173 
   1056 1.48 0.0 HG13 96 
   41 3.21 0.0 HD3 15 
   1022 43.0 0.0 CB 93 
   147 9.12 0.0 H 24 
   71 21.1 0.0 CG1 17 
   356 24.3 0.0 CD1 40 
   747 6.4 0.0 HD1 73 
   1767 21.1 0.0 CG1 156 
   297 122.1 0.0 CE3 36 
   546 2.84 0.0 HE3 55 
   1138 2.95 0.0 HD2 103 
   864 34.3 0.0 CB 81 
   420 34.2 0.0 CG 45 
   1989 7.61 0.0 HD21 174 
   1344 3.77 0.0 HA 123 
   582 6.69 0.0 HD21 59 
   691 1.81 0.0 HB2 68 
   245 3.99 0.0 HA 33 
   1271 1.43 0.0 HB1 115 
   1262 1.17 0.0 HG21 114 
   807 9.24 0.0 H 78 
   19 1.47 0.0 HB2 13 
   950 5.09 0.0 HA 88 
   1244 4.41 0.0 HA 113 
   1905 0.85 0.0 HD11 167 
   1816 3.88 0.0 HA 161 
   99 2.21 0.0 HG2 20 
   306 0.99 0.0 HG11 37 
   125 2.1 0.0 HG2 22 
   1172 5.09 0.0 HA 106 
   1959 31.0 0.0 CB 171 
   1722 62.3 0.0 CA 153 
   878 1.45 0.0 HG 83 
   48 4.19 0.0 HA 16 
   860 2.85 0.0 HB2 81 
   92 60.1 0.0 CA 19 
   466 4.23 0.0 HA 49 
   247 2.12 0.0 HB3 33 
   1470 23.5 0.0 CD1 132 
   1219 0.5 0.0 HD11 110 
   439 0.98 0.0 HD21 47 
   1073 1.17 0.0 HG22 97 
   1148 2.07 0.0 HG2 104 
   1292 2.84 0.0 HB2 118 
   775 130.0 0.0 CE1 74 
   1934 120.5 0.0 CD2 169 
   635 1.6 0.0 HG2 63 
   1663 0.8 0.0 HD12 148 
   1670 27.0 0.0 CG 148 
   1660 2.08 0.0 HB3 148 
   655 0.91 0.0 HD23 64 
   151 1.7 0.0 HG 24 
   778 117.0 0.0 N 74 
   1554 1.56 0.0 HD2 139 
   131 27.7 0.0 CG 22 
   1174 1.34 0.0 HB2 106 
   1157 0.33 0.0 HG12 105 
   592 54.1 0.0 CA 60 
   1334 1.73 0.0 HD3 122 
   990 8.61 0.0 H 91 
   1524 4.01 0.0 HA 137 
   995 2.13 0.0 HG3 91 
   1890 1.0 0.0 HG22 166 
   665 1.81 0.0 HB3 65 
   1402 4.57 0.0 HA 128 
   1936 8.48 0.0 H 170 
   914 1.27 0.0 HD2 85 
   1109 1.25 0.0 HG22 100 
   1757 3.87 0.0 HA 156 
   604 7.04 0.0 HH2 61 
   1063 64.5 0.0 CA 96 
   1068 118.2 0.0 N 96 
   1295 7.0 0.0 HD2 118 
   1215 4.34 0.0 HA 110 
   1877 115.9 0.0 N 164 
   1862 7.88 0.0 H 164 
   153 1.0 0.0 HD12 24 
   1443 41.8 0.0 CE 130 
   1366 121.7 0.0 N 124 
   100 2.4 0.0 HG3 20 
   1041 4.62 0.0 HA 95 
   1492 8.33 0.0 H 134 
   1848 120.1 0.0 N 162 
   509 2.1 0.0 HB2 52 
   1376 0.33 0.0 HD22 125 
   2004 29.2 0.0 CB 175 
   1810 2.55 0.0 HB2 160 
   650 0.91 0.0 HD11 64 
   895 1.54 0.0 HG 84 
   545 2.84 0.0 HE2 55 
   1605 1.04 0.0 HB1 143 
   1034 0.45 0.0 HD13 94 
   262 2.42 0.0 HG3 34 
   653 0.91 0.0 HD21 64 
   1233 2.6 0.0 HB2 111 
   1820 0.66 0.0 HD11 161 
   1222 0.68 0.0 HD21 110 
   680 4.76 0.0 HA 67 
   1104 49.5 0.0 CD 99 
   339 29.8 0.0 CB 39 
   1762 0.93 0.0 HG21 156 
   1364 57.6 0.0 CA 124 
   94 116.9 0.0 N 19 
   308 0.99 0.0 HG13 37 
   1154 8.55 0.0 H 105 
   1969 1.65 0.0 HD3 172 
   89 4.33 0.0 HA 19 
   377 2.27 0.0 HB2 42 
   580 2.37 0.0 HB2 59 
   885 57.1 0.0 CA 83 
   180 10.39 0.0 H 26 
   508 3.88 0.0 HA 52 
   1591 -0.51 0.0 HD11 142 
   18 1.47 0.0 HB1 13 
   1630 0.45 0.0 HD21 145 
   1900 0.81 0.0 HG12 167 
   621 5.55 0.0 HE2 62 
   325 58.3 0.0 CA 38 
   1269 8.73 0.0 H 115 
   694 1.46 0.0 HG3 68 
   1088 42.0 0.0 CB 98 
   1539 1.47 0.0 HB3 138 
   896 0.41 0.0 HD11 84 
   1808 6.55 0.0 H 160 
   779 8.54 0.0 H 75 
   1455 50.3 0.0 CD 131 
   288 7.34 0.0 HD1 36 
   1208 2.43 0.0 HG2 109 
   1915 4.83 0.0 HA 168 
   1967 1.43 0.0 HG3 172 
   1493 4.17 0.0 HA 134 
   386 4.33 0.0 HA 43 
   804 55.2 0.0 CA 77 
   1921 7.47 0.0 HE22 168 
   1075 60.5 0.0 CA 97 
   1489 123.1 0.0 CH2 133 
   1622 8.62 0.0 H 145 
   749 7.03 0.0 HE3 73 
   1239 4.25 0.0 HA2 112 
   724 1.1 0.0 HG22 71 
   965 121.3 0.0 N 88 
   794 53.9 0.0 CA 76 
   773 131.7 0.0 CD1 74 
   1237 119.9 0.0 N 111 
   1064 37.7 0.0 CB 96 
   1727 119.6 0.0 CZ3 153 
   1852 2.24 0.0 HB3 163 
   1552 1.26 0.0 HG2 139 
   614 6.81 0.0 H 62 
   534 36.9 0.0 CB 54 
   989 113.7 0.0 N 90 
   1422 39.5 0.0 CB 129 
   1424 131.7 0.0 CD2 129 
   1824 0.73 0.0 HD22 161 
   1532 60.5 0.0 CA 137 
   474 29.4 0.0 CB 49 
   1891 1.0 0.0 HG23 166 
   1076 67.7 0.0 CB 97 
   1739 1.14 0.0 HD21 154 
   1427 129.2 0.0 CZ 129 
   552 122.1 0.0 N 55 
   721 4.41 0.0 HA 71 
   221 31.7 0.0 CB 30 
   1309 1.68 0.0 HG3 119 
   695 1.69 0.0 HD2 68 
   795 38.2 0.0 CB 76 
   1305 4.25 0.0 HA 119 
   1661 1.64 0.0 HG 148 
   813 7.27 0.0 HE3 78 
   267 8.01 0.0 H 35 
   927 3.29 0.0 HB3 86 
   1781 3.54 0.0 HA 158 
   383 35.5 0.0 CG 42 
   916 2.27 0.0 HE2 85 
   1120 1.08 0.0 HG23 101 
   200 7.02 0.0 H 28 
   307 0.99 0.0 HG12 37 
   819 125.9 0.0 CD1 78 
   127 3.72 0.0 HD2 22 
   1454 27.9 0.0 CG 131 
   513 59.7 0.0 CA 52 
   1383 126.2 0.0 N 125 
   1270 4.47 0.0 HA 115 
   566 1.5 0.0 HB2 57 
   1023 118.3 0.0 N 93 
   220 63.2 0.0 CA 30 
   13 29.4 0.0 CB 12 
   1836 1.33 0.0 HG13 162 
   1044 1.84 0.0 HG2 95 
   1311 3.21 0.0 HD3 119 
   1327 7.0 0.0 H 122 
   877 2.1 0.0 HB3 83 
   265 36.3 0.0 CG 34 
   526 110.8 0.0 ND2 53 
   105 7.66 0.0 H 21 
   421 117.4 0.0 N 45 
   1345 0.37 0.0 HB 123 
   901 0.64 0.0 HD23 84 
   647 1.83 0.0 HB2 64 
   1793 28.2 0.0 CG1 158 
   1373 0.13 0.0 HD12 125 
   1057 0.98 0.0 HG21 96 
   4 54.1 0.0 CA 11 
   1769 113.1 0.0 N 156 
   1032 0.45 0.0 HD11 94 
   1200 66.4 0.0 CA 108 
   1541 1.72 0.0 HG3 138 
   1132 126.2 0.0 N 102 
   710 2.54 0.0 HG3 69 
   114 -0.19 0.0 HD12 21 
   1666 0.92 0.0 HD22 148 
   1414 3.1 0.0 HB2 129 
   22 18.5 0.0 CB 13 
   65 1.01 0.0 HG13 17 
   384 119.4 0.0 N 42 
   687 116.8 0.0 N 67 
   1772 0.27 0.0 HB2 157 
   1721 6.62 0.0 HH2 153 
   1764 0.93 0.0 HG23 156 
   1013 129.9 0.0 CE1 92 
   549 25.6 0.0 CG 55 
   601 7.9 0.0 HE3 61 
   699 59.8 0.0 CA 68 
   1191 22.2 0.0 CG2 107 
   1175 1.34 0.0 HB3 106 
   1045 1.91 0.0 HG3 95 
   1758 1.8 0.0 HB 156 
   1029 0.7 0.0 HG21 94 
   826 9.23 0.0 H 79 
   855 17.1 0.0 CG2 80 
   743 8.77 0.0 H 73 
   189 121.3 0.0 N 26 
   394 120.6 0.0 N 43 
   889 22.5 0.0 CD2 83 
   1802 3.0 0.0 HD2 159 
   457 0.92 0.0 HD12 48 
   295 29.5 0.0 CB 36 
   1861 111.2 0.0 NE2 163 
   1297 6.74 0.0 HE2 118 
   1923 31.6 0.0 CB 168 
   589 4.4 0.0 HA 60 
   401 6.81 0.0 HE1 44 
   382 29.2 0.0 CB 42 
   353 57.5 0.0 CA 40 
   1715 3.56 0.0 HB3 153 
   398 3.25 0.0 HB3 44 
   1332 1.23 0.0 HG3 122 
   366 1.74 0.0 HD3 41 
   841 8.07 0.0 H 80 
   1780 7.94 0.0 H 158 
   349 0.84 0.0 HD13 40 
   862 7.19 0.0 HD2 81 
   1564 6.28 0.0 H 140 
   1460 1.53 0.0 HG 132 
   1337 55.1 0.0 CA 122 
   1053 3.78 0.0 HA 96 
   1498 18.5 0.0 CB 134 
   1693 23.0 0.0 CD1 150 
   149 1.51 0.0 HB2 24 
   102 30.1 0.0 CB 20 
   1509 30.1 0.0 CB 135 
   1282 29.0 0.0 CB 116 
   83 64.2 0.0 CA 18 
   78 0.94 0.0 HG12 18 
   480 3.32 0.0 HB2 50 
   1946 56.7 0.0 CA 170 
   28 1.24 0.0 HG22 14 
   1839 0.81 0.0 HG23 162 
   902 53.6 0.0 CA 84 
   104 119.8 0.0 N 20 
   561 118.9 0.0 N 56 
   1580 113.4 0.0 N 140 
   515 36.4 0.0 CG 52 
   1993 121.0 0.0 N 174 
   1074 1.17 0.0 HG23 97 
   385 8.98 0.0 H 43 
   715 7.82 0.0 H 70 
   510 2.21 0.0 HB3 52 
   690 3.96 0.0 HA 68 
   686 37.3 0.0 CB 67 
   395 8.83 0.0 H 44 
   869 2.25 0.0 HB2 82 
   1749 3.86 0.0 HA 155 
   1005 6.51 0.0 HD2 92 
   434 2.21 0.0 HB3 47 
   238 4.9 0.0 HA 32 
   1653 1.22 0.0 HB3 147 
   143 32.8 0.0 CB 23 
   2003 56.0 0.0 CA 175 
   1938 1.7 0.0 HB2 170 
   1179 8.02 0.0 H 107 
   1960 36.0 0.0 CG 171 
   1971 2.95 0.0 HE3 172 
   1486 120.1 0.0 CE3 133 
   1197 2.12 0.0 HG3 108 
   29 1.24 0.0 HG23 14 
   863 55.6 0.0 CA 81 
   1046 3.51 0.0 HD2 95 
   617 2.5 0.0 HB3 62 
   128 4.08 0.0 HD3 22 
   831 6.96 0.0 HD2 79 
   316 116.1 0.0 N 37 
   1750 1.43 0.0 HB1 155 
   1737 0.88 0.0 HD12 154 
   1801 2.05 0.0 HG3 159 
   1617 61.9 0.0 CA 144 
   210 4.82 0.0 HA3 29 
   441 0.98 0.0 HD23 47 
   1872 56.9 0.0 CA 164 
   435 1.91 0.0 HG 47 
   1676 3.16 0.0 HA3 149 
   1944 2.96 0.0 HE2 170 
   506 118.9 0.0 N 51 
   785 5.61 0.0 HA 76 
   1281 56.2 0.0 CA 116 
   607 128.3 0.0 CD1 61 
   1033 0.45 0.0 HD12 94 
   731 5.02 0.0 HA 72 
   797 29.6 0.0 CD 76 
   1777 29.2 0.0 CB 157 
   1256 29.1 0.0 CD 113 
   591 2.96 0.0 HB3 60 
   1830 22.9 0.0 CD2 161 
   1585 112.9 0.0 N 141 
   637 3.25 0.0 HD2 63 
   1698 3.72 0.0 HA3 151 
   1319 3.69 0.0 HA3 120 
   1307 1.79 0.0 HB3 119 
   2007 112.3 0.0 NE2 175 
   668 54.6 0.0 CA 65 
   1335 2.91 0.0 HE2 122 
   1609 18.0 0.0 CB 143 
   985 42.8 0.0 CB 90 
   536 104.6 0.0 ND2 54 
   1146 1.71 0.0 HB2 104 
   1285 2.4 0.0 HG3 117 
   323 6.95 0.0 HE21 38 
   347 0.84 0.0 HD11 40 
   1984 120.4 0.0 N 173 
   1363 2.78 0.0 HB3 124 
   703 41.8 0.0 CE 68 
   557 7.04 0.0 HD21 56 
   1948 24.8 0.0 CG 170 
   373 42.2 0.0 CE 41 
   73 119.6 0.0 N 17 
   1466 1.04 0.0 HD23 132 
   947 37.4 0.0 CG 87 
   1517 6.92 0.0 HD21 136 
   1459 1.92 0.0 HB3 132 
   1743 42.6 0.0 CB 154 
   1955 2.09 0.0 HB3 171 
   667 2.03 0.0 HG3 65 
   682 3.59 0.0 HB3 67 
   7 4.11 0.0 HA 12 
   1561 29.3 0.0 CD 139 
   9 2.03 0.0 HB3 12 
   1779 117.5 0.0 N 157 
   1084 7.38 0.0 HD2 98 
   1450 3.64 0.0 HD2 131 
   1607 1.04 0.0 HB3 143 
   1677 45.7 0.0 CA 149 
   626 132.0 0.0 CD2 62 
   1452 65.5 0.0 CA 131 
   482 7.26 0.0 HD1 50 
   1496 1.5 0.0 HB3 134 
   5 40.9 0.0 CB 11 
   1720 6.36 0.0 HZ3 153 
   933 39.5 0.0 CB 86 
   484 6.97 0.0 HE1 50 
   1843 65.1 0.0 CA 162 
   922 41.3 0.0 CE 85 
   1922 54.4 0.0 CA 168 
   814 7.17 0.0 HZ2 78 
   803 3.39 0.0 HB3 77 
   1164 0.43 0.0 HD13 105 
   261 2.42 0.0 HG2 34 
   1615 5.82 0.0 HD2 144 
   992 2.07 0.0 HB2 91 
   1072 1.17 0.0 HG21 97 
   181 3.89 0.0 HA 26 
   192 2.32 0.0 HB2 27 
   329 113.9 0.0 NE2 38 
   1437 2.99 0.0 HE2 130 
   1040 121.6 0.0 N 94 
   1438 2.99 0.0 HE3 130 
   1184 0.58 0.0 HG13 107 
   1714 3.23 0.0 HB2 153 
   1089 132.8 0.0 CD1 98 
   1695 125.1 0.0 N 150 
   769 7.0 0.0 HE2 74 
   1235 56.4 0.0 CA 111 
   1117 3.67 0.0 HB 101 
   320 2.23 0.0 HB3 38 
   1266 68.6 0.0 CB 114 
   1379 41.7 0.0 CB 125 
   1597 57.5 0.0 CA 142 
   410 8.21 0.0 H 45 
   1943 1.6 0.0 HD3 170 
   464 118.5 0.0 N 48 
   839 117.3 0.0 CE2 79 
   888 25.2 0.0 CD1 83 
   1529 1.08 0.0 HG21 137 
   1819 1.91 0.0 HG 161 
   328 118.6 0.0 N 38 
   1796 115.7 0.0 N 158 
   1829 26.1 0.0 CD1 161 
   1142 27.9 0.0 CG 103 
   851 0.82 0.0 HD13 80 
   268 4.34 0.0 HA 35 
   160 31.1 0.0 CG 24 
   1654 55.8 0.0 CA 147 
   417 6.94 0.0 HE22 45 
   1636 25.8 0.0 CD1 145 
   1914 8.64 0.0 H 168 
   1139 3.85 0.0 HD3 103 
   1119 1.08 0.0 HG22 101 
   213 2.52 0.0 HA 30 
   1392 21.7 0.0 CG2 126 
   1425 129.8 0.0 CE1 129 
   605 56.9 0.0 CA 61 
   1303 117.4 0.0 CE2 118 
   603 6.87 0.0 HZ3 61 
   1331 1.04 0.0 HG2 122 
   718 46.2 0.0 CA 70 
   1108 1.25 0.0 HG21 100 
   157 1.18 0.0 HD23 24 
