   1377 0.33 0.0 HD23 125 
   550 29.7 0.0 CD 55 
   233 29.5 0.0 CB 31 
   1119 1.08 0.0 HG22 101 
   1396 2.61 0.0 HB2 127 
   236 116.8 0.0 N 31 
   1471 26.2 0.0 CD2 132 
   1278 4.0 0.0 HA 116 
   1038 16.8 0.0 CG2 94 
   1253 56.4 0.0 CA 113 
   1649 8.35 0.0 H 147 
   670 36.3 0.0 CG 65 
   1217 1.6 0.0 HB3 110 
   1809 4.33 0.0 HA 160 
   643 42.6 0.0 CD 63 
   1812 57.2 0.0 CA 160 
   1678 107.1 0.0 N 149 
   1055 1.32 0.0 HG12 96 
   1366 121.7 0.0 N 124 
   1164 0.43 0.0 HD13 105 
   544 1.6 0.0 HD3 55 
   163 126.3 0.0 N 24 
   519 3.0 0.0 HB2 53 
   861 3.25 0.0 HB3 81 
   1026 2.04 0.0 HB 94 
   1680 4.08 0.0 HA 150 
   788 1.43 0.0 HG2 76 
   1297 6.74 0.0 HE2 118 
   176 24.6 0.0 CG 25 
   1706 3.08 0.0 HD2 152 
   468 2.07 0.0 HB3 49 
   270 1.81 0.0 HB3 35 
   1590 1.64 0.0 HG 142 
   466 4.23 0.0 HA 49 
   1312 57.4 0.0 CA 119 
   1202 27.1 0.0 CG 108 
   106 4.14 0.0 HA 21 
   488 131.7 0.0 CD1 50 
   786 1.44 0.0 HB2 76 
   612 121.9 0.0 N 61 
   674 0.91 0.0 HB2 66 
   420 34.2 0.0 CG 45 
   1983 27.8 0.0 CB 173 
   498 0.78 0.0 HG13 51 
   1327 7.0 0.0 H 122 
   1599 26.2 0.0 CG 142 
   1320 45.5 0.0 CA 120 
   976 0.84 0.0 HG12 90 
   1436 1.74 0.0 HD3 130 
   143 32.8 0.0 CB 23 
   417 6.94 0.0 HE22 45 
   393 34.7 0.0 CG 43 
   975 1.75 0.0 HB 90 
   563 7.52 0.0 H 57 
   446 23.9 0.0 CD2 47 
   281 22.8 0.0 CD1 35 
   1249 1.6 0.0 HD2 113 
   117 39.1 0.0 CB 21 
   1328 4.58 0.0 HA 122 
   1081 2.76 0.0 HB2 98 
   988 14.6 0.0 CD1 90 
   41 3.21 0.0 HD3 15 
   152 1.0 0.0 HD11 24 
   836 131.9 0.0 CD1 79 
   479 4.78 0.0 HA 50 
   1083 7.86 0.0 HD1 98 
   1767 21.1 0.0 CG1 156 
   896 0.41 0.0 HD11 84 
   8 2.03 0.0 HB2 12 
   172 2.92 0.0 HE2 25 
   1654 55.8 0.0 CA 147 
   1433 1.42 0.0 HG2 130 
   1907 0.85 0.0 HD13 167 
   994 2.13 0.0 HG2 91 
   659 24.3 0.0 CD1 64 
   1368 4.45 0.0 HA 125 
   1847 14.9 0.0 CD1 162 
   1936 8.48 0.0 H 170 
   1578 129.7 0.0 CE2 140 
   149 1.51 0.0 HB2 24 
   530 3.06 0.0 HB3 54 
   1380 26.3 0.0 CG 125 
   593 40.5 0.0 CB 60 
   1698 3.72 0.0 HA3 151 
   595 7.49 0.0 H 61 
   822 120.5 0.0 CZ3 78 
   1500 7.5 0.0 H 135 
   847 0.64 0.0 HG22 80 
   1515 0.92 0.0 HB2 136 
   1344 3.77 0.0 HA 123 
   812 10.66 0.0 HE1 78 
   36 1.87 0.0 HB2 15 
   1741 1.14 0.0 HD23 154 
   761 127.0 0.0 NE1 73 
   83 64.2 0.0 CA 18 
   770 6.92 0.0 HZ 74 
   91 3.98 0.0 HB3 19 
   85 21.7 0.0 CG1 18 
   471 3.37 0.0 HD2 49 
   110 0.18 0.0 HG21 21 
   339 29.8 0.0 CB 39 
   47 8.18 0.0 H 16 
   556 2.93 0.0 HB3 56 
   869 2.25 0.0 HB2 82 
   267 8.01 0.0 H 35 
   726 61.7 0.0 CA 71 
   1110 1.25 0.0 HG23 100 
   1626 1.11 0.0 HG 145 
   944 2.0 0.0 HG3 87 
   1555 1.62 0.0 HD3 139 
   1985 8.55 0.0 H 174 
   999 117.4 0.0 N 91 
   444 27.4 0.0 CG 47 
   161 27.0 0.0 CD1 24 
   1356 24.8 0.0 CG1 123 
   835 44.0 0.0 CB 79 
   1801 2.05 0.0 HG3 159 
   1660 2.08 0.0 HB3 148 
   803 3.39 0.0 HB3 77 
   99 2.21 0.0 HG2 20 
   985 42.8 0.0 CB 90 
   1948 24.8 0.0 CG 170 
   390 2.75 0.0 HG3 43 
   1802 3.0 0.0 HD2 159 
   1850 4.04 0.0 HA 163 
   334 1.47 0.0 HG2 39 
   1303 117.4 0.0 CE2 118 
   455 0.97 0.0 HG23 48 
   487 38.5 0.0 CB 50 
   1792 30.6 0.0 CB 158 
   1934 120.5 0.0 CD2 169 
   1298 53.1 0.0 CA 118 
   1175 1.34 0.0 HB3 106 
   1570 6.77 0.0 HE1 140 
   654 0.91 0.0 HD22 64 
   1960 36.0 0.0 CG 171 
   1742 57.8 0.0 CA 154 
   271 1.77 0.0 HG 35 
   305 2.2 0.0 HB 37 
   454 0.97 0.0 HG22 48 
   562 112.3 0.0 ND2 56 
   1098 1.77 0.0 HG3 99 
   1355 37.5 0.0 CB 123 
   1000 8.46 0.0 H 92 
   1148 2.07 0.0 HG2 104 
   1240 3.79 0.0 HA3 112 
   1430 3.99 0.0 HA 130 
   912 1.18 0.0 HG2 85 
   389 2.14 0.0 HG2 43 
   1537 4.86 0.0 HA 138 
   1041 4.62 0.0 HA 95 
   1398 56.8 0.0 CA 127 
   1331 1.04 0.0 HG2 122 
   876 1.57 0.0 HB2 83 
   238 4.9 0.0 HA 32 
   1286 1.89 0.0 HE1 117 
   1992 38.6 0.0 CB 174 
   121 122.5 0.0 N 21 
   721 4.41 0.0 HA 71 
   1797 3.52 0.0 HA 159 
   1417 7.05 0.0 HD2 129 
   838 117.3 0.0 CE1 79 
   1522 116.8 0.0 ND2 136 
   1926 112.3 0.0 NE2 168 
   1969 1.65 0.0 HD3 172 
   938 129.3 0.0 N 86 
   737 3.19 0.0 HD3 72 
   1422 39.5 0.0 CB 129 
   1099 3.44 0.0 HD2 99 
   1827 41.4 0.0 CB 161 
   652 0.91 0.0 HD13 64 
   1158 1.15 0.0 HG13 105 
   155 1.18 0.0 HD21 24 
   1308 1.58 0.0 HG2 119 
   179 116.8 0.0 N 25 
   1571 6.77 0.0 HE2 140 
   442 58.8 0.0 CA 47 
   382 29.2 0.0 CB 42 
   1376 0.33 0.0 HD22 125 
   1782 1.56 0.0 HB 158 
   18 1.47 0.0 HB1 13 
   1473 8.49 0.0 H 133 
   484 6.97 0.0 HE1 50 
   66 1.1 0.0 HG21 17 
   6 8.75 0.0 H 12 
   1401 7.93 0.0 H 128 
   435 1.91 0.0 HG 47 
   123 1.93 0.0 HB2 22 
   829 3.01 0.0 HB3 79 
   1518 7.29 0.0 HD22 136 
   745 1.04 0.0 HB2 73 
   373 42.2 0.0 CE 41 
   342 8.86 0.0 H 40 
   493 8.77 0.0 H 51 
   464 118.5 0.0 N 48 
   1058 0.98 0.0 HG22 96 
   1063 64.5 0.0 CA 96 
   1395 4.38 0.0 HA 127 
   1980 2.81 0.0 HB2 173 
   1437 2.99 0.0 HE2 130 
   48 4.19 0.0 HA 16 
   693 1.46 0.0 HG2 68 
   120 13.1 0.0 CD1 21 
   1135 2.45 0.0 HB3 103 
   651 0.91 0.0 HD12 64 
   1044 1.84 0.0 HG2 95 
   1477 6.93 0.0 HD1 133 
   1304 8.4 0.0 H 119 
   1215 4.34 0.0 HA 110 
   234 27.1 0.0 CG 31 
   1264 1.17 0.0 HG23 114 
   79 0.94 0.0 HG13 18 
   414 2.54 0.0 HG2 45 
   1094 3.55 0.0 HA 99 
   1637 23.3 0.0 CD2 145 
   1255 25.6 0.0 CG 113 
   953 7.16 0.0 HD1 88 
   1638 121.2 0.0 N 145 
   506 118.9 0.0 N 51 
   249 1.85 0.0 HG3 33 
   1027 1.78 0.0 HG12 94 
   1798 1.66 0.0 HB2 159 
   59 120.5 0.0 N 16 
   114 -0.19 0.0 HD12 21 
   1234 2.72 0.0 HB3 111 
   1521 116.3 0.0 N 136 
   1640 4.36 0.0 HA 146 
   779 8.54 0.0 H 75 
   1634 42.1 0.0 CB 145 
   181 3.89 0.0 HA 26 
   727 69.3 0.0 CB 71 
   38 1.59 0.0 HG2 15 
   1151 30.1 0.0 CB 104 
   283 119.1 0.0 N 35 
   436 0.93 0.0 HD11 47 
   177 29.2 0.0 CD 25 
   366 1.74 0.0 HD3 41 
   1978 8.4 0.0 H 173 
   827 4.84 0.0 HA 79 
   1574 36.4 0.0 CB 140 
   1833 3.68 0.0 HA 162 
   1232 4.44 0.0 HA 111 
   1856 6.84 0.0 HE22 163 
   469 1.74 0.0 HG2 49 
   183 1.25 0.0 HG21 26 
   1697 3.12 0.0 HA2 151 
   887 26.8 0.0 CG 83 
   277 1.01 0.0 HD23 35 
   97 1.96 0.0 HB2 20 
   924 9.53 0.0 H 86 
   1745 23.0 0.0 CD1 154 
   253 28.7 0.0 CB 33 
   1207 2.39 0.0 HB3 109 
   645 8.7 0.0 H 64 
   1825 0.73 0.0 HD23 161 
   1118 1.08 0.0 HG21 101 
   483 7.26 0.0 HD2 50 
   46 121.6 0.0 N 15 
   1285 2.4 0.0 HG3 117 
   308 0.99 0.0 HG13 37 
   1861 111.2 0.0 NE2 163 
   1147 1.85 0.0 HB3 104 
   1113 21.6 0.0 CG2 100 
   854 27.8 0.0 CG1 80 
   657 48.2 0.0 CB 64 
   1139 3.85 0.0 HD3 103 
   1872 56.9 0.0 CA 164 
   1033 0.45 0.0 HD12 94 
   243 119.3 0.0 N 32 
   855 17.1 0.0 CG2 80 
   743 8.77 0.0 H 73 
   159 41.3 0.0 CB 24 
   1783 0.82 0.0 HG12 158 
   872 39.0 0.0 CB 82 
   80 1.01 0.0 HG21 18 
   354 41.3 0.0 CB 40 
   378 2.71 0.0 HB3 42 
   942 1.9 0.0 HB3 87 
   1531 1.08 0.0 HG23 137 
   203 1.47 0.0 HB2 28 
   1265 58.4 0.0 CA 114 
   1927 8.65 0.0 H 169 
   1004 6.51 0.0 HD1 92 
   153 1.0 0.0 HD12 24 
   380 2.69 0.0 HG3 42 
   1755 115.0 0.0 N 155 
   330 8.2 0.0 H 39 
   1432 2.04 0.0 HB3 130 
   474 29.4 0.0 CB 49 
   1766 33.1 0.0 CB 156 
   1089 132.8 0.0 CD1 98 
   318 4.09 0.0 HA 38 
   1194 2.03 0.0 HB2 108 
   1310 3.21 0.0 HD2 119 
   1575 127.3 0.0 CD1 140 
   573 2.55 0.0 HB2 58 
   749 7.03 0.0 HE3 73 
   1803 3.0 0.0 HD3 159 
   756 119.8 0.0 CE3 73 
   21 54.2 0.0 CA 13 
   453 0.97 0.0 HG21 48 
   1231 7.36 0.0 H 111 
   357 24.3 0.0 CD2 40 
   388 2.34 0.0 HB3 43 
   1666 0.92 0.0 HD22 148 
   1740 1.14 0.0 HD22 154 
   368 2.96 0.0 HE3 41 
   1137 1.47 0.0 HG3 103 
   894 1.93 0.0 HB3 84 
   1641 2.2 0.0 HB2 146 
   1995 8.36 0.0 H 175 
   1517 6.92 0.0 HD21 136 
   910 1.51 0.0 HB2 85 
   1503 1.86 0.0 HB3 135 
   931 6.77 0.0 HE2 86 
   322 2.45 0.0 HG3 38 
   262 2.42 0.0 HG3 34 
   279 42.7 0.0 CB 35 
   956 7.18 0.0 HE2 88 
   1595 0.37 0.0 HD22 142 
   1222 0.68 0.0 HD21 110 
   1956 2.2 0.0 HG2 171 
   1867 1.66 0.0 HG3 164 
   1080 4.69 0.0 HA 98 
   1325 45.6 0.0 CA 121 
   189 121.3 0.0 N 26 
   1383 126.2 0.0 N 125 
   1291 4.86 0.0 HA 118 
   524 37.4 0.0 CB 53 
   302 125.7 0.0 NE1 36 
   1722 62.3 0.0 CA 153 
   365 1.74 0.0 HD2 41 
   606 29.6 0.0 CB 61 
   1053 3.78 0.0 HA 96 
   1128 0.01 0.0 HB2 102 
   1013 129.9 0.0 CE1 92 
   603 6.87 0.0 HZ3 61 
   909 4.75 0.0 HA 85 
   546 2.84 0.0 HE3 55 
   540 1.91 0.0 HB3 55 
   856 12.7 0.0 CD1 80 
   1887 1.0 0.0 HG12 166 
   144 18.2 0.0 CG1 23 
   500 0.8 0.0 HG22 51 
   1455 50.3 0.0 CD 131 
   397 3.17 0.0 HB2 44 
   33 113.2 0.0 N 14 
   32 22.0 0.0 CG2 14 
   1425 129.8 0.0 CE1 129 
   130 31.8 0.0 CB 22 
   1188 58.3 0.0 CA 107 
   560 38.1 0.0 CB 56 
   251 3.34 0.0 HD3 33 
   814 7.17 0.0 HZ2 78 
   1467 57.9 0.0 CA 132 
   997 33.5 0.0 CB 91 
   1835 0.32 0.0 HG12 162 
   1480 7.26 0.0 HZ2 133 
   1324 3.93 0.0 HA3 121 
   1979 4.42 0.0 HA 173 
   968 2.72 0.0 HB2 89 
   1011 131.3 0.0 CD1 92 
   292 7.51 0.0 HZ3 36 
   970 54.7 0.0 CA 89 
   298 114.2 0.0 CZ2 36 
   1405 7.06 0.0 HD2 128 
   5 40.9 0.0 CB 11 
   1200 66.4 0.0 CA 108 
   634 1.82 0.0 HB3 63 
   1274 52.6 0.0 CA 115 
   306 0.99 0.0 HG11 37 
   763 5.33 0.0 HA 74 
   1627 -0.05 0.0 HD11 145 
   640 54.8 0.0 CA 63 
   1294 7.0 0.0 HD1 118 
   1598 40.4 0.0 CB 142 
   1735 2.08 0.0 HG 154 
   1542 3.23 0.0 HD2 138 
   1692 27.0 0.0 CG 150 
   1054 1.9 0.0 HB 96 
   1508 57.0 0.0 CA 135 
   1977 122.0 0.0 N 172 
   928 7.33 0.0 HD1 86 
   717 3.53 0.0 HA3 70 
   739 32.8 0.0 CB 72 
   731 5.02 0.0 HA 72 
   1283 119.1 0.0 N 116 
   561 118.9 0.0 N 56 
   805 32.7 0.0 CB 77 
   1974 24.7 0.0 CG 172 
   239 3.17 0.0 HB2 32 
   1416 7.05 0.0 HD1 129 
   336 2.71 0.0 HD2 39 
   1909 40.7 0.0 CB 167 
   939 8.12 0.0 H 87 
   1906 0.85 0.0 HD12 167 
   1514 4.26 0.0 HA 136 
   208 8.82 0.0 H 29 
   328 118.6 0.0 N 38 
   1984 120.4 0.0 N 173 
   1039 8.7 0.0 CD1 94 
   1534 20.4 0.0 CG1 137 
   1964 1.72 0.0 HB2 172 
   755 123.5 0.0 CD1 73 
   566 1.5 0.0 HB2 57 
   797 29.6 0.0 CD 76 
   1530 1.08 0.0 HG22 137 
   1124 114.3 0.0 N 101 
   1419 6.99 0.0 HE2 129 
   1728 122.7 0.0 CH2 153 
   133 8.04 0.0 H 23 
   402 6.81 0.0 HE2 44 
   1256 29.1 0.0 CD 113 
   447 120.8 0.0 N 47 
   317 7.16 0.0 H 38 
   222 27.2 0.0 CG 30 
   648 1.86 0.0 HB3 64 
   722 4.57 0.0 HB 71 
   1024 8.43 0.0 H 94 
   1108 1.25 0.0 HG21 100 
   741 43.1 0.0 CD 72 
   1633 58.4 0.0 CA 145 
   729 107.9 0.0 N 71 
   1429 8.59 0.0 H 130 
   1683 1.88 0.0 HG 150 
   841 8.07 0.0 H 80 
   1091 118.2 0.0 CE1 98 
   1968 1.65 0.0 HD2 172 
   1485 126.6 0.0 CD1 133 
   1707 3.6 0.0 HD3 152 
   461 29.8 0.0 CG1 48 
   1407 57.1 0.0 CA 128 
   1744 26.8 0.0 CG 154 
   578 8.55 0.0 H 59 
   954 7.16 0.0 HD2 88 
   1670 27.0 0.0 CG 148 
   376 4.12 0.0 HA 42 
   383 35.5 0.0 CG 42 
   1736 0.88 0.0 HD11 154 
   825 131.3 0.0 NE1 78 
   772 40.5 0.0 CB 74 
   1465 1.04 0.0 HD22 132 
   1605 1.04 0.0 HB1 143 
   551 41.8 0.0 CE 55 
   105 7.66 0.0 H 21 
   399 7.33 0.0 HD1 44 
   1879 3.97 0.0 HA2 165 
   1186 0.93 0.0 HG22 107 
   533 55.3 0.0 CA 54 
   711 58.0 0.0 CA 69 
   667 2.03 0.0 HG3 65 
   104 119.8 0.0 N 20 
   1535 22.9 0.0 CG2 137 
   107 1.29 0.0 HB 21 
   1901 1.3 0.0 HG13 167 
   695 1.69 0.0 HD2 68 
   777 129.4 0.0 CZ 74 
   719 107.1 0.0 N 70 
   1010 40.4 0.0 CB 92 
   1130 49.7 0.0 CA 102 
   1115 7.25 0.0 H 101 
   848 0.64 0.0 HG23 80 
   1181 1.96 0.0 HB 107 
   1228 25.1 0.0 CD1 110 
   553 8.2 0.0 H 56 
   231 3.17 0.0 HD3 31 
   473 57.4 0.0 CA 49 
   1975 29.1 0.0 CD 172 
   1102 33.2 0.0 CB 99 
   846 0.64 0.0 HG21 80 
   1958 55.9 0.0 CA 171 
   1840 0.01 0.0 HD11 162 
   629 131.9 0.0 CZ 62 
   312 66.4 0.0 CA 37 
   1584 44.0 0.0 CA 141 
   287 3.79 0.0 HB3 36 
   1507 3.11 0.0 HD3 135 
   1911 18.1 0.0 CG2 167 
   669 34.1 0.0 CB 65 
   558 7.75 0.0 HD22 56 
   1428 121.3 0.0 N 129 
   482 7.26 0.0 HD1 50 
   1277 8.32 0.0 H 116 
   889 22.5 0.0 CD2 83 
   520 3.26 0.0 HB3 53 
   1149 2.24 0.0 HG3 104 
   1153 119.5 0.0 N 104 
   867 9.03 0.0 H 82 
   294 58.7 0.0 CA 36 
   1289 36.0 0.0 CG 117 
   809 3.11 0.0 HB2 78 
   1079 7.67 0.0 H 98 
   1189 31.4 0.0 CB 107 
   515 36.4 0.0 CG 52 
   42 58.2 0.0 CA 15 
   415 2.64 0.0 HG3 45 
   1972 56.3 0.0 CA 172 
   1751 1.43 0.0 HB2 155 
   949 9.09 0.0 H 88 
   1976 41.8 0.0 CE 172 
   783 107.1 0.0 N 75 
   706 4.19 0.0 HA 69 
   957 7.05 0.0 HZ 88 
   819 125.9 0.0 CD1 78 
   75 3.81 0.0 HA 18 
   680 4.76 0.0 HA 67 
   1129 0.01 0.0 HB3 102 
   1804 66.3 0.0 CA 159 
   760 125.1 0.0 N 73 
   1280 2.0 0.0 HB3 116 
   623 57.0 0.0 CA 62 
   160 31.1 0.0 CG 24 
   1406 8.19 0.0 HE1 128 
   1114 122.2 0.0 N 100 
   1195 2.4 0.0 HB3 108 
   94 116.9 0.0 N 19 
   1834 1.39 0.0 HB 162 
   65 1.01 0.0 HG13 17 
   345 1.42 0.0 HB3 40 
   1021 52.0 0.0 CA 93 
   552 122.1 0.0 N 55 
   1630 0.45 0.0 HD21 145 
   888 25.2 0.0 CD1 83 
   49 1.9 0.0 HB2 16 
   1880 4.11 0.0 HA3 165 
   1006 6.63 0.0 HE1 92 
   992 2.07 0.0 HB2 91 
   1075 60.5 0.0 CA 97 
   1463 0.93 0.0 HD13 132 
   103 36.3 0.0 CG 20 
   1793 28.2 0.0 CG1 158 
   1168 17.5 0.0 CG2 105 
   1096 2.2 0.0 HB3 99 
   1100 3.8 0.0 HD3 99 
   509 2.1 0.0 HB2 52 
   226 1.82 0.0 HB2 31 
   599 7.87 0.0 HD1 61 
   508 3.88 0.0 HA 52 
   1363 2.78 0.0 HB3 124 
   858 9.14 0.0 H 81 
   1321 113.5 0.0 N 120 
   636 1.74 0.0 HG3 63 
   1709 32.1 0.0 CB 152 
   1632 0.45 0.0 HD23 145 
   347 0.84 0.0 HD11 40 
   621 5.55 0.0 HE2 62 
   1760 0.75 0.0 HG12 156 
   598 4.08 0.0 HB3 61 
   1558 57.9 0.0 CA 139 
   927 3.29 0.0 HB3 86 
   157 1.18 0.0 HD23 24 
   735 1.63 0.0 HG3 72 
   1862 7.88 0.0 H 164 
   1373 0.13 0.0 HD12 125 
   12 58.2 0.0 CA 12 
   1799 2.07 0.0 HB3 159 
   614 6.81 0.0 H 62 
   617 2.5 0.0 HB3 62 
   111 0.18 0.0 HG22 21 
   268 4.34 0.0 HA 35 
   1301 132.5 0.0 CD2 118 
   946 34.7 0.0 CB 87 
   1392 21.7 0.0 CG2 126 
   1647 32.2 0.0 CG 146 
   771 54.9 0.0 CA 74 
   901 0.64 0.0 HD23 84 
   1577 129.7 0.0 CE1 140 
   1174 1.34 0.0 HB2 106 
   632 4.37 0.0 HA 63 
   1796 115.7 0.0 N 158 
   1682 2.33 0.0 HB3 150 
   480 3.32 0.0 HB2 50 
   254 27.3 0.0 CG 33 
   883 0.77 0.0 HD22 83 
   579 5.05 0.0 HA 59 
   346 0.96 0.0 HG 40 
   395 8.83 0.0 H 44 
   1816 3.88 0.0 HA 161 
   174 57.0 0.0 CA 25 
   1142 27.9 0.0 CG 103 
   849 0.82 0.0 HD11 80 
   23 122.6 0.0 N 13 
   662 8.9 0.0 H 65 
   852 59.6 0.0 CA 80 
   764 3.1 0.0 HB2 74 
   1162 0.43 0.0 HD11 105 
   1333 1.6 0.0 HD2 122 
   241 55.0 0.0 CA 32 
   1367 8.42 0.0 H 125 
   663 4.51 0.0 HA 65 
   410 8.21 0.0 H 45 
   1348 -0.36 0.0 HG21 123 
   793 2.95 0.0 HE3 76 
   713 37.3 0.0 CG 69 
   165 4.41 0.0 HA 25 
   1365 27.0 0.0 CB 124 
   754 30.6 0.0 CB 73 
   597 2.65 0.0 HB2 61 
   1460 1.53 0.0 HG 132 
   1752 1.43 0.0 HB3 155 
   37 1.87 0.0 HB3 15 
   982 0.71 0.0 HD12 90 
