   429 62.7 0.0 CB 46 
   381 59.1 0.0 CA 42 
   122 4.51 0.0 HA 22 
   846 0.64 0.0 HG21 80 
   224 8.5 0.0 H 31 
   1584 44.0 0.0 CA 141 
   1735 2.08 0.0 HG 154 
   643 42.6 0.0 CD 63 
   268 4.34 0.0 HA 35 
   815 6.61 0.0 HZ3 78 
   1441 26.5 0.0 CG 130 
   1329 1.25 0.0 HB2 122 
   1375 0.33 0.0 HD21 125 
   1901 1.3 0.0 HG13 167 
   714 115.4 0.0 N 69 
   559 55.3 0.0 CA 56 
   210 4.82 0.0 HA3 29 
   129 63.3 0.0 CA 22 
   1359 117.1 0.0 N 123 
   1848 120.1 0.0 N 162 
   349 0.84 0.0 HD13 40 
   817 56.7 0.0 CA 78 
   1218 1.35 0.0 HG 110 
   1780 7.94 0.0 H 158 
   877 2.1 0.0 HB3 83 
   1514 4.26 0.0 HA 136 
   898 0.41 0.0 HD13 84 
   1712 7.2 0.0 H 153 
   1448 1.99 0.0 HG2 131 
   99 2.21 0.0 HG2 20 
   1285 2.4 0.0 HG3 117 
   30 64.2 0.0 CA 14 
   256 121.0 0.0 N 33 
   1393 111.5 0.0 N 126 
   1426 129.8 0.0 CE2 129 
   1826 57.4 0.0 CA 161 
   83 64.2 0.0 CA 18 
   285 4.72 0.0 HA 36 
   404 37.9 0.0 CB 44 
   165 4.41 0.0 HA 25 
   1560 25.7 0.0 CG 139 
   362 2.06 0.0 HB3 41 
   729 107.9 0.0 N 71 
   1149 2.24 0.0 HG3 104 
   1984 120.4 0.0 N 173 
   1391 69.5 0.0 CB 126 
   145 22.0 0.0 CG2 23 
   1702 1.82 0.0 HB2 152 
   1721 6.62 0.0 HH2 153 
   1343 7.91 0.0 H 123 
   1102 33.2 0.0 CB 99 
   644 118.8 0.0 N 63 
   456 0.92 0.0 HD11 48 
   1305 4.25 0.0 HA 119 
   1458 1.61 0.0 HB2 132 
   333 2.31 0.0 HB3 39 
   776 130.0 0.0 CE2 74 
   900 0.64 0.0 HD22 84 
   1724 127.0 0.0 CD1 153 
   1157 0.33 0.0 HG12 105 
   392 28.4 0.0 CB 43 
   168 1.29 0.0 HG2 25 
   1145 4.26 0.0 HA 104 
   1571 6.77 0.0 HE2 140 
   18 1.47 0.0 HB1 13 
   957 7.05 0.0 HZ 88 
   835 44.0 0.0 CB 79 
   451 1.26 0.0 HG12 48 
   1251 3.12 0.0 HE2 113 
   667 2.03 0.0 HG3 65 
   1815 7.82 0.0 H 161 
   597 2.65 0.0 HB2 61 
   1346 0.57 0.0 HG12 123 
   1563 122.6 0.0 N 139 
   524 37.4 0.0 CB 53 
   944 2.0 0.0 HG3 87 
   1757 3.87 0.0 HA 156 
   1558 57.9 0.0 CA 139 
   1918 2.32 0.0 HG2 168 
   1668 54.5 0.0 CA 148 
   1910 25.3 0.0 CG1 167 
   245 3.99 0.0 HA 33 
   1085 6.93 0.0 HE1 98 
   964 128.3 0.0 CZ 88 
   1144 8.6 0.0 H 104 
   1159 0.67 0.0 HG21 105 
   208 8.82 0.0 H 29 
   779 8.54 0.0 H 75 
   778 117.0 0.0 N 74 
   917 2.37 0.0 HE3 85 
   1556 2.87 0.0 HE2 139 
   786 1.44 0.0 HB2 76 
   1892 63.3 0.0 CA 166 
   1071 4.67 0.0 HB 97 
   1963 4.4 0.0 HA 172 
   116 59.2 0.0 CA 21 
   1922 54.4 0.0 CA 168 
   120 13.1 0.0 CD1 21 
   1553 1.46 0.0 HG3 139 
   1677 45.7 0.0 CA 149 
   1456 6.93 0.0 H 132 
   1993 121.0 0.0 N 174 
   631 8.75 0.0 H 63 
   955 7.18 0.0 HE1 88 
   450 1.98 0.0 HB 48 
   111 0.18 0.0 HG22 21 
   222 27.2 0.0 CG 30 
   1656 120.5 0.0 N 147 
   207 123.5 0.0 N 28 
   731 5.02 0.0 HA 72 
   55 57.8 0.0 CA 16 
   1964 1.72 0.0 HB2 172 
   2004 29.2 0.0 CB 175 
   1862 7.88 0.0 H 164 
   1817 1.16 0.0 HB2 161 
   1442 29.4 0.0 CD 130 
   1885 2.17 0.0 HB 166 
   1289 36.0 0.0 CG 117 
   1881 45.6 0.0 CA 165 
   1143 49.2 0.0 CD 103 
   762 8.53 0.0 H 74 
   680 4.76 0.0 HA 67 
   215 1.42 0.0 HB3 30 
   1798 1.66 0.0 HB2 159 
   350 0.86 0.0 HD21 40 
   343 3.56 0.0 HA 40 
   1900 0.81 0.0 HG12 167 
   1981 2.88 0.0 HB3 173 
   544 1.6 0.0 HD3 55 
   464 118.5 0.0 N 48 
   1459 1.92 0.0 HB3 132 
   468 2.07 0.0 HB3 49 
   1626 1.11 0.0 HG 145 
   1950 41.8 0.0 CE 170 
   1044 1.84 0.0 HG2 95 
   533 55.3 0.0 CA 54 
   1666 0.92 0.0 HD22 148 
   1875 29.2 0.0 CD 164 
   1709 32.1 0.0 CB 152 
   1829 26.1 0.0 CD1 161 
   1998 2.08 0.0 HB3 175 
   1487 113.9 0.0 CZ2 133 
   1535 22.9 0.0 CG2 137 
   1804 66.3 0.0 CA 159 
   874 8.23 0.0 H 83 
   1969 1.65 0.0 HD3 172 
   960 131.7 0.0 CD1 88 
   1213 116.4 0.0 N 109 
   1313 30.5 0.0 CB 119 
   890 108.0 0.0 N 83 
   1204 9.68 0.0 H 109 
   70 32.2 0.0 CB 17 
   395 8.83 0.0 H 44 
   554 4.54 0.0 HA 56 
   1316 120.9 0.0 N 119 
   1495 1.5 0.0 HB2 134 
   1282 29.0 0.0 CB 116 
   1463 0.93 0.0 HD13 132 
   949 9.09 0.0 H 88 
   1819 1.91 0.0 HG 161 
   1838 0.81 0.0 HG22 162 
   882 0.77 0.0 HD21 83 
   1604 3.75 0.0 HA 143 
   993 2.38 0.0 HB3 91 
   1756 6.91 0.0 H 156 
   1224 0.68 0.0 HD23 110 
   375 7.68 0.0 H 42 
   1361 4.44 0.0 HA 124 
   360 4.16 0.0 HA 41 
   565 1.5 0.0 HB1 57 
   1496 1.5 0.0 HB3 134 
   1232 4.44 0.0 HA 111 
   269 1.46 0.0 HB2 35 
   1199 3.77 0.0 HD3 108 
   472 3.42 0.0 HD3 49 
   1291 4.86 0.0 HA 118 
   384 119.4 0.0 N 42 
   966 8.46 0.0 H 89 
   60 7.9 0.0 H 17 
   178 41.8 0.0 CE 25 
   797 29.6 0.0 CD 76 
   586 116.4 0.0 N 59 
   926 2.88 0.0 HB2 86 
   515 36.4 0.0 CG 52 
   263 59.6 0.0 CA 34 
   798 42.2 0.0 CE 76 
   527 8.75 0.0 H 54 
   664 1.55 0.0 HB2 65 
   1913 112.3 0.0 N 167 
   423 8.3 0.0 H 46 
   864 34.3 0.0 CB 81 
   1171 8.88 0.0 H 106 
   566 1.5 0.0 HB2 57 
   1636 25.8 0.0 CD1 145 
   1396 2.61 0.0 HB2 127 
   465 7.64 0.0 H 49 
   241 55.0 0.0 CA 32 
   542 1.59 0.0 HG3 55 
   1342 118.4 0.0 N 122 
   1909 40.7 0.0 CB 167 
   914 1.27 0.0 HD2 85 
   1903 0.95 0.0 HG22 167 
   161 27.0 0.0 CD1 24 
   1308 1.58 0.0 HG2 119 
   646 5.07 0.0 HA 64 
   920 25.6 0.0 CG 85 
   994 2.13 0.0 HG2 91 
   1739 1.14 0.0 HD21 154 
   1078 103.6 0.0 N 97 
   751 6.65 0.0 HZ3 73 
   752 6.46 0.0 HH2 73 
   978 1.02 0.0 HG21 90 
   1439 62.3 0.0 CA 130 
   1454 27.9 0.0 CG 131 
   1642 2.46 0.0 HB3 146 
   903 43.1 0.0 CB 84 
   574 3.11 0.0 HB3 58 
   1643 2.21 0.0 HG2 146 
   691 1.81 0.0 HB2 68 
   34 8.07 0.0 H 15 
   614 6.81 0.0 H 62 
   1427 129.2 0.0 CZ 129 
   552 122.1 0.0 N 55 
   1424 131.7 0.0 CD2 129 
   1307 1.79 0.0 HB3 119 
   580 2.37 0.0 HB2 59 
   219 3.47 0.0 HD3 30 
   49 1.9 0.0 HB2 16 
   818 32.6 0.0 CB 78 
   488 131.7 0.0 CD1 50 
   948 122.6 0.0 N 87 
   100 2.4 0.0 HG3 20 
   1187 0.93 0.0 HG23 107 
   1754 18.2 0.0 CB 155 
   1745 23.0 0.0 CD1 154 
   1936 8.48 0.0 H 170 
   1678 107.1 0.0 N 149 
   1188 58.3 0.0 CA 107 
   490 118.8 0.0 CE1 50 
   1859 33.7 0.0 CG 163 
   1959 31.0 0.0 CB 171 
   623 57.0 0.0 CA 62 
   1227 26.9 0.0 CG 110 
   137 0.96 0.0 HG12 23 
   1142 27.9 0.0 CG 103 
   1254 33.3 0.0 CB 113 
   1857 58.8 0.0 CA 163 
   332 1.78 0.0 HB2 39 
   203 1.47 0.0 HB2 28 
   1367 8.42 0.0 H 125 
   1107 4.44 0.0 HB 100 
   1238 8.62 0.0 H 112 
   296 127.0 0.0 CD1 36 
   839 117.3 0.0 CE2 79 
   9 2.03 0.0 HB3 12 
   822 120.5 0.0 CZ3 78 
   1664 0.8 0.0 HD13 148 
   875 3.58 0.0 HA 83 
   104 119.8 0.0 N 20 
   1090 133.8 0.0 CD2 98 
   736 3.09 0.0 HD2 72 
   893 0.6 0.0 HB2 84 
   1952 8.55 0.0 H 171 
   1528 0.66 0.0 HG13 137 
   1266 68.6 0.0 CB 114 
   1714 3.23 0.0 HB2 153 
   166 1.76 0.0 HB2 25 
   939 8.12 0.0 H 87 
   1775 1.28 0.0 HG3 157 
   311 1.13 0.0 HG23 37 
   748 9.32 0.0 HE1 73 
   1842 0.01 0.0 HD13 162 
   1492 8.33 0.0 H 134 
   479 4.78 0.0 HA 50 
   1321 113.5 0.0 N 120 
   924 9.53 0.0 H 86 
   80 1.01 0.0 HG21 18 
   589 4.4 0.0 HA 60 
   1220 0.5 0.0 HD12 110 
   781 4.31 0.0 HA3 75 
   733 1.73 0.0 HB3 72 
   47 8.18 0.0 H 16 
   1081 2.76 0.0 HB2 98 
   557 7.04 0.0 HD21 56 
   476 42.2 0.0 CD 49 
   761 127.0 0.0 NE1 73 
   1787 0.42 0.0 HG23 158 
   1025 4.37 0.0 HA 94 
   1700 105.7 0.0 N 151 
   1455 50.3 0.0 CD 131 
   671 122.0 0.0 N 65 
   788 1.43 0.0 HG2 76 
   322 2.45 0.0 HG3 38 
   1246 1.82 0.0 HB3 113 
   604 7.04 0.0 HH2 61 
   1358 13.5 0.0 CD1 123 
   23 122.6 0.0 N 13 
   261 2.42 0.0 HG2 34 
   180 10.39 0.0 H 26 
   1684 0.87 0.0 HD11 150 
   509 2.1 0.0 HB2 52 
   794 53.9 0.0 CA 76 
   599 7.87 0.0 HD1 61 
   21 54.2 0.0 CA 13 
   1711 51.4 0.0 CD 152 
   862 7.19 0.0 HD2 81 
   1971 2.95 0.0 HE3 172 
   1256 29.1 0.0 CD 113 
   1932 57.3 0.0 CA 169 
   98 2.19 0.0 HB3 20 
   1082 3.27 0.0 HB3 98 
   220 63.2 0.0 CA 30 
   972 122.9 0.0 N 89 
   495 2.1 0.0 HB 51 
   434 2.21 0.0 HB3 47 
   1070 4.43 0.0 HA 97 
   1637 23.3 0.0 CD2 145 
   1129 0.01 0.0 HB3 102 
   863 55.6 0.0 CA 81 
   654 0.91 0.0 HD22 64 
   1340 28.9 0.0 CD 122 
   1938 1.7 0.0 HB2 170 
   1945 2.96 0.0 HE3 170 
   226 1.82 0.0 HB2 31 
   1200 66.4 0.0 CA 108 
   1871 2.92 0.0 HE3 164 
   538 3.93 0.0 HA 55 
   596 4.27 0.0 HA 61 
   500 0.8 0.0 HG22 51 
   1708 64.6 0.0 CA 152 
   1094 3.55 0.0 HA 99 
   789 1.57 0.0 HG3 76 
   1096 2.2 0.0 HB3 99 
   198 128.7 0.0 N 27 
   1317 8.98 0.0 H 120 
   1939 1.7 0.0 HB3 170 
   1539 1.47 0.0 HB3 138 
   925 4.52 0.0 HA 86 
   808 6.21 0.0 HA 78 
   1608 55.6 0.0 CA 143 
   585 39.9 0.0 CB 59 
   1027 1.78 0.0 HG12 94 
   716 4.53 0.0 HA2 70 
   1972 56.3 0.0 CA 172 
   1150 54.1 0.0 CA 104 
   600 9.85 0.0 HE1 61 
   569 19.0 0.0 CB 57 
   1288 1.89 0.0 HE3 117 
   2003 56.0 0.0 CA 175 
   1105 8.2 0.0 H 100 
   1557 2.91 0.0 HE3 139 
   209 3.95 0.0 HA2 29 
   232 56.1 0.0 CA 31 
   563 7.52 0.0 H 57 
   1015 127.8 0.0 CZ 92 
   46 121.6 0.0 N 15 
   181 3.89 0.0 HA 26 
   1023 118.3 0.0 N 93 
   1299 39.5 0.0 CB 118 
   294 58.7 0.0 CA 36 
   182 3.96 0.0 HB 26 
   723 1.1 0.0 HG21 71 
   188 22.0 0.0 CG2 26 
   335 1.47 0.0 HG3 39 
   1193 4.13 0.0 HA 108 
   29 1.24 0.0 HG23 14 
   318 4.09 0.0 HA 38 
   363 1.45 0.0 HG2 41 
   50 1.9 0.0 HB3 16 
   620 5.55 0.0 HE1 62 
   1949 29.2 0.0 CD 170 
   1583 4.14 0.0 HA3 141 
   977 1.29 0.0 HG13 90 
   1110 1.25 0.0 HG23 100 
   954 7.16 0.0 HD2 88 
   415 2.64 0.0 HG3 45 
   1444 118.4 0.0 N 130 
   551 41.8 0.0 CE 55 
   194 6.5 0.0 HD21 27 
   700 31.8 0.0 CB 68 
   1002 2.77 0.0 HB2 92 
   38 1.59 0.0 HG2 15 
   1196 1.88 0.0 HG2 108 
   953 7.16 0.0 HD1 88 
   765 3.22 0.0 HB3 74 
   1304 8.4 0.0 H 119 
   1518 7.29 0.0 HD22 136 
   271 1.77 0.0 HG 35 
   1006 6.63 0.0 HE1 92 
   159 41.3 0.0 CB 24 
   653 0.91 0.0 HD21 64 
   247 2.12 0.0 HB3 33 
   1610 120.1 0.0 N 143 
   1000 8.46 0.0 H 92 
   1699 49.3 0.0 CA 151 
   1236 41.0 0.0 CB 111 
   1153 119.5 0.0 N 104 
   1009 57.4 0.0 CA 92 
   812 10.66 0.0 HE1 78 
   340 26.9 0.0 CG 39 
   420 34.2 0.0 CG 45 
