   1454 27.9 0.0 CG 131 
   1733 1.24 0.0 HB2 154 
   693 1.46 0.0 HG2 68 
   1037 26.8 0.0 CG1 94 
   911 1.74 0.0 HB3 85 
   1883 7.79 0.0 H 166 
   971 41.3 0.0 CB 89 
   1605 1.04 0.0 HB1 143 
   427 5.22 0.0 HG 46 
   476 42.2 0.0 CD 49 
   932 57.5 0.0 CA 86 
   1145 4.26 0.0 HA 104 
   237 8.17 0.0 H 32 
   565 1.5 0.0 HB1 57 
   1389 1.41 0.0 HG23 126 
   125 2.1 0.0 HG2 22 
   292 7.51 0.0 HZ3 36 
   389 2.14 0.0 HG2 43 
   135 2.37 0.0 HB 23 
   896 0.41 0.0 HD11 84 
   193 3.25 0.0 HB3 27 
   347 0.84 0.0 HD11 40 
   704 123.1 0.0 N 68 
   994 2.13 0.0 HG2 91 
   1720 6.36 0.0 HZ3 153 
   607 128.3 0.0 CD1 61 
   1936 8.48 0.0 H 170 
   985 42.8 0.0 CB 90 
   555 2.93 0.0 HB2 56 
   325 58.3 0.0 CA 38 
   1538 1.22 0.0 HB2 138 
   1266 68.6 0.0 CB 114 
   1278 4.0 0.0 HA 116 
   651 0.91 0.0 HD12 64 
   1957 2.2 0.0 HG3 171 
   677 66.8 0.0 CB 66 
   1835 0.32 0.0 HG12 162 
   1734 2.04 0.0 HB3 154 
   1975 29.1 0.0 CD 172 
   383 35.5 0.0 CG 42 
   1158 1.15 0.0 HG13 105 
   709 2.34 0.0 HG2 69 
   384 119.4 0.0 N 42 
   1794 18.6 0.0 CG2 158 
   1795 8.6 0.0 CD1 158 
   1379 41.7 0.0 CB 125 
   939 8.12 0.0 H 87 
   712 29.6 0.0 CB 69 
   767 6.87 0.0 HD2 74 
   1615 5.82 0.0 HD2 144 
   346 0.96 0.0 HG 40 
   1573 51.9 0.0 CA 140 
   119 17.2 0.0 CG2 21 
   1186 0.93 0.0 HG22 107 
   169 1.29 0.0 HG3 25 
   164 8.31 0.0 H 25 
   848 0.64 0.0 HG23 80 
   1907 0.85 0.0 HD13 167 
   843 1.63 0.0 HB 80 
   1199 3.77 0.0 HD3 108 
   659 24.3 0.0 CD1 64 
   1256 29.1 0.0 CD 113 
   1981 2.88 0.0 HB3 173 
   1212 36.8 0.0 CG 109 
   196 51.1 0.0 CA 27 
   711 58.0 0.0 CA 69 
   765 3.22 0.0 HB3 74 
   379 2.4 0.0 HG2 42 
   141 1.13 0.0 HG23 23 
   465 7.64 0.0 H 49 
   1996 4.26 0.0 HA 175 
   864 34.3 0.0 CB 81 
   1134 0.87 0.0 HB2 103 
   252 58.8 0.0 CA 33 
   969 2.91 0.0 HB3 89 
   1844 38.3 0.0 CB 162 
   1464 1.04 0.0 HD21 132 
   1437 2.99 0.0 HE2 130 
   1082 3.27 0.0 HB3 98 
   1416 7.05 0.0 HD1 129 
   300 122.2 0.0 CH2 36 
   972 122.9 0.0 N 89 
   482 7.26 0.0 HD1 50 
   1586 10.28 0.0 H 142 
   593 40.5 0.0 CB 60 
   349 0.84 0.0 HD13 40 
   1113 21.6 0.0 CG2 100 
   760 125.1 0.0 N 73 
   1500 7.5 0.0 H 135 
   1346 0.57 0.0 HG12 123 
   973 8.46 0.0 H 90 
   1358 13.5 0.0 CD1 123 
   1539 1.47 0.0 HB3 138 
   1901 1.3 0.0 HG13 167 
   1949 29.2 0.0 CD 170 
   559 55.3 0.0 CA 56 
   1083 7.86 0.0 HD1 98 
   1157 0.33 0.0 HG12 105 
   320 2.23 0.0 HB3 38 
   331 4.12 0.0 HA 39 
   1536 122.5 0.0 N 137 
   1240 3.79 0.0 HA3 112 
   1238 8.62 0.0 H 112 
   1906 0.85 0.0 HD12 167 
   1724 127.0 0.0 CD1 153 
   316 116.1 0.0 N 37 
   1030 0.7 0.0 HG22 94 
   435 1.91 0.0 HG 47 
   1156 1.26 0.0 HB 105 
   145 22.0 0.0 CG2 23 
   1554 1.56 0.0 HD2 139 
   982 0.71 0.0 HD12 90 
   1692 27.0 0.0 CG 150 
   496 0.78 0.0 HG11 51 
   684 6.71 0.0 HD22 67 
   1898 4.64 0.0 HA 167 
   870 2.87 0.0 HB3 82 
   608 122.4 0.0 CE3 61 
   1874 26.3 0.0 CG 164 
   1696 9.07 0.0 H 151 
   845 1.57 0.0 HG13 80 
   1425 129.8 0.0 CE1 129 
   351 0.86 0.0 HD22 40 
   618 5.47 0.0 HD1 62 
   649 1.83 0.0 HG 64 
   1739 1.14 0.0 HD21 154 
   357 24.3 0.0 CD2 40 
   1449 2.12 0.0 HG3 131 
   266 121.5 0.0 N 34 
   680 4.76 0.0 HA 67 
   1461 0.93 0.0 HD11 132 
   956 7.18 0.0 HE2 88 
   548 32.2 0.0 CB 55 
   1264 1.17 0.0 HG23 114 
   1077 22.0 0.0 CG2 97 
   136 0.96 0.0 HG11 23 
   863 55.6 0.0 CA 81 
   385 8.98 0.0 H 43 
   181 3.89 0.0 HA 26 
   1619 115.6 0.0 CD2 144 
   1455 50.3 0.0 CD 131 
   470 1.93 0.0 HG3 49 
   1366 121.7 0.0 N 124 
   1404 3.23 0.0 HB3 128 
   395 8.83 0.0 H 44 
   505 21.0 0.0 CG2 51 
   475 26.1 0.0 CG 49 
   518 4.48 0.0 HA 53 
   861 3.25 0.0 HB3 81 
   1633 58.4 0.0 CA 145 
   6 8.75 0.0 H 12 
   1217 1.6 0.0 HB3 110 
   1930 2.88 0.0 HB3 169 
   675 2.44 0.0 HB3 66 
   842 5.13 0.0 HA 80 
   1257 42.5 0.0 CE 113 
   165 4.41 0.0 HA 25 
   259 2.16 0.0 HB2 34 
   489 131.7 0.0 CD2 50 
   1465 1.04 0.0 HD22 132 
   35 4.1 0.0 HA 15 
   1953 4.39 0.0 HA 171 
   710 2.54 0.0 HG3 69 
   174 57.0 0.0 CA 25 
   794 53.9 0.0 CA 76 
   1700 105.7 0.0 N 151 
   497 0.78 0.0 HG12 51 
   1786 0.42 0.0 HG22 158 
   766 6.87 0.0 HD1 74 
   1556 2.87 0.0 HE2 139 
   560 38.1 0.0 CB 56 
   1645 57.0 0.0 CA 146 
   1403 3.23 0.0 HB2 128 
   763 5.33 0.0 HA 74 
   865 119.9 0.0 CD2 81 
   771 54.9 0.0 CA 74 
   1049 32.4 0.0 CB 95 
   404 37.9 0.0 CB 44 
   1899 1.86 0.0 HB 167 
   1829 26.1 0.0 CD1 161 
   208 8.82 0.0 H 29 
   1685 0.87 0.0 HD12 150 
   1201 32.3 0.0 CB 108 
   1116 4.28 0.0 HA 101 
   1863 4.19 0.0 HA 164 
   1993 121.0 0.0 N 174 
   1273 1.43 0.0 HB3 115 
   734 1.5 0.0 HG2 72 
   1399 40.2 0.0 CB 127 
   359 7.57 0.0 H 41 
   10 2.32 0.0 HG2 12 
   1634 42.1 0.0 CB 145 
   916 2.27 0.0 HE2 85 
   1853 2.49 0.0 HG2 163 
   20 1.47 0.0 HB3 13 
   195 7.45 0.0 HD22 27 
   1937 4.24 0.0 HA 170 
   464 118.5 0.0 N 48 
   1593 -0.51 0.0 HD13 142 
   1040 121.6 0.0 N 94 
   1476 3.07 0.0 HB3 133 
   727 69.3 0.0 CB 71 
   1623 4.15 0.0 HA 145 
   1528 0.66 0.0 HG13 137 
   1012 131.3 0.0 CD2 92 
   498 0.78 0.0 HG13 51 
   199 107.7 0.0 ND2 27 
   1631 0.45 0.0 HD22 145 
   1886 1.0 0.0 HG11 166 
   1814 115.9 0.0 N 160 
   856 12.7 0.0 CD1 80 
   1825 0.73 0.0 HD23 161 
   661 123.1 0.0 N 64 
   317 7.16 0.0 H 38 
   1735 2.08 0.0 HG 154 
   1029 0.7 0.0 HG21 94 
   623 57.0 0.0 CA 62 
   919 34.2 0.0 CB 85 
   673 4.75 0.0 HA 66 
   563 7.52 0.0 H 57 
   541 1.31 0.0 HG2 55 
   1351 -0.19 0.0 HD11 123 
   69 64.5 0.0 CA 17 
   246 2.0 0.0 HB2 33 
   1370 1.68 0.0 HB3 125 
   586 116.4 0.0 N 59 
   545 2.84 0.0 HE2 55 
   1819 1.91 0.0 HG 161 
   494 3.25 0.0 HA 51 
   1717 9.7 0.0 HE1 153 
   449 3.79 0.0 HA 48 
   2 2.76 0.0 HB2 11 
   270 1.81 0.0 HB3 35 
   1890 1.0 0.0 HG22 166 
   1387 1.41 0.0 HG21 126 
   1276 128.2 0.0 N 115 
   204 1.47 0.0 HB3 28 
   602 7.45 0.0 HZ2 61 
   5 40.9 0.0 CB 11 
   495 2.1 0.0 HB 51 
   1588 0.74 0.0 HB2 142 
   820 119.9 0.0 CE3 78 
   807 9.24 0.0 H 78 
   1139 3.85 0.0 HD3 103 
   1885 2.17 0.0 HB 166 
   1865 2.04 0.0 HB3 164 
   373 42.2 0.0 CE 41 
   41 3.21 0.0 HD3 15 
   713 37.3 0.0 CG 69 
   452 1.86 0.0 HG13 48 
   1452 65.5 0.0 CA 131 
   1272 1.43 0.0 HB2 115 
   1321 113.5 0.0 N 120 
   1882 108.0 0.0 N 165 
   1911 18.1 0.0 CG2 167 
   597 2.65 0.0 HB2 61 
   800 9.17 0.0 H 77 
   376 4.12 0.0 HA 42 
   1155 3.79 0.0 HA 105 
   523 55.6 0.0 CA 53 
   369 60.1 0.0 CA 41 
   414 2.54 0.0 HG2 45 
   1038 16.8 0.0 CG2 94 
   1418 6.99 0.0 HE1 129 
   1592 -0.51 0.0 HD12 142 
   265 36.3 0.0 CG 34 
   233 29.5 0.0 CB 31 
   1173 1.34 0.0 HB1 106 
   434 2.21 0.0 HB3 47 
   1487 113.9 0.0 CZ2 133 
   599 7.87 0.0 HD1 61 
   1818 1.9 0.0 HB3 161 
   1925 121.6 0.0 N 168 
   1805 30.6 0.0 CB 159 
   578 8.55 0.0 H 59 
   803 3.39 0.0 HB3 77 
   1164 0.43 0.0 HD13 105 
   755 123.5 0.0 CD1 73 
   1900 0.81 0.0 HG12 167 
   720 8.33 0.0 H 71 
   1533 33.3 0.0 CB 137 
   1909 40.7 0.0 CB 167 
   360 4.16 0.0 HA 41 
   214 1.05 0.0 HB2 30 
   1912 14.6 0.0 CD1 167 
   536 104.6 0.0 ND2 54 
   858 9.14 0.0 H 81 
   382 29.2 0.0 CB 42 
   1247 1.3 0.0 HG2 113 
   1856 6.84 0.0 HE22 163 
   1439 62.3 0.0 CA 130 
   1356 24.8 0.0 CG1 123 
   94 116.9 0.0 N 19 
   311 1.13 0.0 HG23 37 
   1372 0.13 0.0 HD11 125 
   445 25.4 0.0 CD1 47 
   640 54.8 0.0 CA 63 
   1421 62.4 0.0 CA 129 
   1826 57.4 0.0 CA 161 
   315 22.1 0.0 CG2 37 
   297 122.1 0.0 CE3 36 
   1253 56.4 0.0 CA 113 
   1959 31.0 0.0 CB 171 
   401 6.81 0.0 HE1 44 
   399 7.33 0.0 HD1 44 
   1488 123.0 0.0 CZ3 133 
   2005 33.7 0.0 CG 175 
   1270 4.47 0.0 HA 115 
   690 3.96 0.0 HA 68 
   1398 56.8 0.0 CA 127 
   619 5.47 0.0 HD2 62 
   4 54.1 0.0 CA 11 
   1555 1.62 0.0 HD3 139 
   1110 1.25 0.0 HG23 100 
   117 39.1 0.0 CB 21 
   804 55.2 0.0 CA 77 
   1802 3.0 0.0 HD2 159 
   750 7.02 0.0 HZ2 73 
   430 114.9 0.0 N 46 
   83 64.2 0.0 CA 18 
   291 7.92 0.0 HZ2 36 
   1478 9.6 0.0 HE1 133 
   1079 7.67 0.0 H 98 
   1237 119.9 0.0 N 111 
   903 43.1 0.0 CB 84 
   1758 1.8 0.0 HB 156 
   988 14.6 0.0 CD1 90 
   1226 42.1 0.0 CB 110 
   1480 7.26 0.0 HZ2 133 
   1721 6.62 0.0 HH2 153 
   1224 0.68 0.0 HD23 110 
   132 50.7 0.0 CD 22 
   1542 3.23 0.0 HD2 138 
   532 7.24 0.0 HD22 54 
   509 2.1 0.0 HB2 52 
   1568 6.2 0.0 HD1 140 
   708 2.23 0.0 HB3 69 
   394 120.6 0.0 N 43 
   1950 41.8 0.0 CE 170 
   1142 27.9 0.0 CG 103 
   806 114.4 0.0 N 77 
   530 3.06 0.0 HB3 54 
   984 58.5 0.0 CA 90 
   1129 0.01 0.0 HB3 102 
   1827 41.4 0.0 CB 161 
   966 8.46 0.0 H 89 
   1852 2.24 0.0 HB3 163 
   1013 129.9 0.0 CE1 92 
   819 125.9 0.0 CD1 78 
   955 7.18 0.0 HE1 88 
   128 4.08 0.0 HD3 22 
   1694 27.2 0.0 CD2 150 
   1744 26.8 0.0 CG 154 
   1569 6.2 0.0 HD2 140 
   558 7.75 0.0 HD22 56 
   847 0.64 0.0 HG22 80 
   1951 123.6 0.0 N 170 
   1854 2.49 0.0 HG3 163 
   1803 3.0 0.0 HD3 159 
   493 8.77 0.0 H 51 
   418 59.3 0.0 CA 45 
   148 4.56 0.0 HA 24 
   310 1.13 0.0 HG22 37 
   928 7.33 0.0 HD1 86 
   1985 8.55 0.0 H 174 
   1091 118.2 0.0 CE1 98 
   899 0.64 0.0 HD21 84 
   1243 8.33 0.0 H 113 
   781 4.31 0.0 HA3 75 
   1392 21.7 0.0 CG2 126 
   562 112.3 0.0 ND2 56 
   1732 3.58 0.0 HA 154 
   1639 7.93 0.0 H 146 
   1783 0.82 0.0 HG12 158 
   550 29.7 0.0 CD 55 
   1872 56.9 0.0 CA 164 
   1114 122.2 0.0 N 100 
   171 1.6 0.0 HD3 25 
   628 133.7 0.0 CE2 62 
   1140 61.6 0.0 CA 103 
   433 1.79 0.0 HB2 47 
   1603 9.24 0.0 H 143 
   728 23.0 0.0 CG2 71 
   904 25.9 0.0 CG 84 
   1622 8.62 0.0 H 145 
   1412 7.96 0.0 H 129 
   576 39.1 0.0 CB 58 
   1197 2.12 0.0 HG3 108 
   1211 30.2 0.0 CB 109 
   1987 2.77 0.0 HB2 174 
   1873 34.1 0.0 CB 164 
   740 27.4 0.0 CG 72 
   1195 2.4 0.0 HB3 108 
   283 119.1 0.0 N 35 
   552 122.1 0.0 N 55 
   324 8.08 0.0 HE22 38 
   1941 1.38 0.0 HG3 170 
   554 4.54 0.0 HA 56 
   996 55.2 0.0 CA 91 
   1400 122.0 0.0 N 127 
   979 1.02 0.0 HG22 90 
   824 117.5 0.0 N 78 
   524 37.4 0.0 CB 53 
   953 7.16 0.0 HD1 88 
   364 1.73 0.0 HG3 41 
   805 32.7 0.0 CB 77 
   998 35.4 0.0 CG 91 
   1664 0.8 0.0 HD13 148 
   1964 1.72 0.0 HB2 172 
   1341 41.8 0.0 CE 122 
   887 26.8 0.0 CG 83 
   200 7.02 0.0 H 28 
   1050 27.0 0.0 CG 95 
   1028 2.13 0.0 HG13 94 
   1286 1.89 0.0 HE1 117 
   503 31.5 0.0 CB 51 
   1790 0.18 0.0 HD13 158 
   749 7.03 0.0 HE3 73 
   82 1.01 0.0 HG23 18 
   188 22.0 0.0 CG2 26 
   124 2.46 0.0 HB3 22 
   309 1.13 0.0 HG21 37 
   612 121.9 0.0 N 61 
   1419 6.99 0.0 HE2 129 
   753 55.4 0.0 CA 73 
   1763 0.93 0.0 HG22 156 
   832 6.69 0.0 HE1 79 
   488 131.7 0.0 CD1 50 
   1701 4.25 0.0 HA 152 
   1333 1.6 0.0 HD2 122 
   1791 63.4 0.0 CA 158 
   1775 1.28 0.0 HG3 157 
   574 3.11 0.0 HB3 58 
   22 18.5 0.0 CB 13 
   1688 1.16 0.0 HD22 150 
   1530 1.08 0.0 HG22 137 
   931 6.77 0.0 HE2 86 
   897 0.41 0.0 HD12 84 
   1611 7.37 0.0 H 144 
   1594 0.37 0.0 HD21 142 
   600 9.85 0.0 HE1 61 
   1742 57.8 0.0 CA 154 
   367 2.96 0.0 HE2 41 
   547 60.5 0.0 CA 55 
   1117 3.67 0.0 HB 101 
   1690 57.9 0.0 CA 150 
   1905 0.85 0.0 HD11 167 
   1617 61.9 0.0 CA 144 
   99 2.21 0.0 HG2 20 
   253 28.7 0.0 CB 33 
   1753 53.8 0.0 CA 155 
   408 117.8 0.0 CE2 44 
   531 4.55 0.0 HD21 54 
   392 28.4 0.0 CB 43 
   786 1.44 0.0 HB2 76 
   1338 32.9 0.0 CB 122 
   1870 2.92 0.0 HE2 164 
   1601 22.0 0.0 CD2 142 
   215 1.42 0.0 HB3 30 
   572 4.38 0.0 HA 58 
   965 121.3 0.0 N 88 
   1032 0.45 0.0 HD11 94 
   327 33.3 0.0 CG 38 
   1457 3.95 0.0 HA 132 
   582 6.69 0.0 HD21 59 
   96 4.35 0.0 HA 20 
   396 4.5 0.0 HA 44 
   797 29.6 0.0 CD 76 
   1228 25.1 0.0 CD1 110 
   227 2.02 0.0 HB3 31 
   1816 3.88 0.0 HA 161 
   426 3.98 0.0 HB3 46 
   1097 1.5 0.0 HG2 99 
   1367 8.42 0.0 H 125 
   1893 32.2 0.0 CB 166 
   930 6.77 0.0 HE1 86 
   258 4.24 0.0 HA 34 
   1840 0.01 0.0 HD11 162 
   1325 45.6 0.0 CA 121 
   1436 1.74 0.0 HD3 130 
   501 0.8 0.0 HG23 51 
   1388 1.41 0.0 HG22 126 
   1269 8.73 0.0 H 115 
   1496 1.5 0.0 HB3 134 
   1168 17.5 0.0 CG2 105 
   1877 115.9 0.0 N 164 
   1683 1.88 0.0 HG 150 
   940 5.28 0.0 HA 87 
   1602 125.0 0.0 N 142 
   921 29.2 0.0 CD 85 
   1204 9.68 0.0 H 109 
   1551 1.6 0.0 HB3 139 
   604 7.04 0.0 HH2 61 
   1260 4.63 0.0 HA 114 
   1849 8.1 0.0 H 163 
   1760 0.75 0.0 HG12 156 
   1961 119.4 0.0 N 171 
   1303 117.4 0.0 CE2 118 
   209 3.95 0.0 HA2 29 
   689 8.83 0.0 H 68 
   1811 2.55 0.0 HB3 160 
   669 34.1 0.0 CB 65 
   546 2.84 0.0 HE3 55 
   1887 1.0 0.0 HG12 166 
   322 2.45 0.0 HG3 38 
   1313 30.5 0.0 CB 119 
   398 3.25 0.0 HB3 44 
   1401 7.93 0.0 H 128 
   66 1.1 0.0 HG21 17 
   87 118.3 0.0 N 18 
   455 0.97 0.0 HG23 48 
   1654 55.8 0.0 CA 147 
   1424 131.7 0.0 CD2 129 
   1328 4.58 0.0 HA 122 
   990 8.61 0.0 H 91 
   657 48.2 0.0 CB 64 
   272 0.91 0.0 HD11 35 
   1729 118.4 0.0 N 153 
   1628 -0.05 0.0 HD12 145 
   517 8.47 0.0 H 53 
   936 117.5 0.0 CE1 86 
   2002 6.84 0.0 HE22 175 
   1956 2.2 0.0 HG2 171 
   1127 0.01 0.0 HB1 102 
   1045 1.91 0.0 HG3 95 
   499 0.8 0.0 HG21 51 
   1152 35.9 0.0 CG 104 
   38 1.59 0.0 HG2 15 
   1638 121.2 0.0 N 145 
   49 1.9 0.0 HB2 16 
   257 9.25 0.0 H 34 
   1946 56.7 0.0 CA 170 
   1671 26.1 0.0 CD1 148 
   1102 33.2 0.0 CB 99 
   1304 8.4 0.0 H 119 
   1035 55.2 0.0 CA 94 
   1101 62.8 0.0 CA 99 
   1121 59.6 0.0 CA 101 
   1106 4.12 0.0 HA 100 
   1339 25.6 0.0 CG 122 
   700 31.8 0.0 CB 68 
   1460 1.53 0.0 HG 132 
   1621 115.4 0.0 N 144 
   1684 0.87 0.0 HD11 150 
   1359 117.1 0.0 N 123 
   334 1.47 0.0 HG2 39 
   513 59.7 0.0 CA 52 
   409 118.4 0.0 N 44 
   575 55.3 0.0 CA 58 
   133 8.04 0.0 H 23 
   730 7.61 0.0 H 72 
   836 131.9 0.0 CD1 79 
   1676 3.16 0.0 HA3 149 
   752 6.46 0.0 HH2 73 
   701 24.4 0.0 CG 68 
   732 1.63 0.0 HB2 72 
   658 27.3 0.0 CG 64 
   138 0.96 0.0 HG13 23 
   1024 8.43 0.0 H 94 
   1725 119.6 0.0 CE3 153 
   1205 4.3 0.0 HA 109 
   770 6.92 0.0 HZ 74 
   808 6.21 0.0 HA 78 
   1978 8.4 0.0 H 173 
   1512 113.5 0.0 N 135 
   946 34.7 0.0 CB 87 
   1159 0.67 0.0 HG21 105 
   157 1.18 0.0 HD23 24 
   1196 1.88 0.0 HG2 108 
   1070 4.43 0.0 HA 97 
   1543 3.45 0.0 HD3 138 
   722 4.57 0.0 HB 71 
   1973 32.8 0.0 CB 172 
   1525 1.75 0.0 HB 137 
   1163 0.43 0.0 HD12 105 
   1574 36.4 0.0 CB 140 
   584 51.8 0.0 CA 59 
   1215 4.34 0.0 HA 110 
   1406 8.19 0.0 HE1 128 
   344 0.97 0.0 HB2 40 
   950 5.09 0.0 HA 88 
   153 1.0 0.0 HD12 24 
   1669 43.3 0.0 CB 148 
   241 55.0 0.0 CA 32 
   1687 1.16 0.0 HD21 150 
   1466 1.04 0.0 HD23 132 
   92 60.1 0.0 CA 19 
   747 6.4 0.0 HD1 73 
   1632 0.45 0.0 HD23 145 
   48 4.19 0.0 HA 16 
   1719 7.16 0.0 HZ2 153 
   643 42.6 0.0 CD 63 
   77 0.94 0.0 HG11 18 
   1283 119.1 0.0 N 116 
   1347 0.7 0.0 HG13 123 
   731 5.02 0.0 HA 72 
   453 0.97 0.0 HG21 48 
   137 0.96 0.0 HG12 23 
   1520 40.4 0.0 CB 136 
   1745 23.0 0.0 CD1 154 
   1878 7.93 0.0 H 165 
   1652 1.22 0.0 HB2 147 
   296 127.0 0.0 CD1 36 
   1355 37.5 0.0 CB 123 
   448 8.86 0.0 H 48 
   286 3.29 0.0 HB2 36 
   326 28.0 0.0 CB 38 
   254 27.3 0.0 CG 33 
   1294 7.0 0.0 HD1 118 
   977 1.29 0.0 HG13 90 
   1776 57.3 0.0 CA 157 
   1477 6.93 0.0 HD1 133 
   888 25.2 0.0 CD1 83 
   1072 1.17 0.0 HG21 97 
   1066 18.1 0.0 CG2 96 
   898 0.41 0.0 HD13 84 
   849 0.82 0.0 HD11 80 
   922 41.3 0.0 CE 85 
   634 1.82 0.0 HB3 63 
   1565 4.03 0.0 HA 140 
   1435 1.73 0.0 HD2 130 
   568 51.2 0.0 CA 57 
   43 30.1 0.0 CB 15 
   1843 65.1 0.0 CA 162 
   1185 0.93 0.0 HG21 107 
   179 116.8 0.0 N 25 
   1895 21.8 0.0 CG2 166 
   601 7.9 0.0 HE3 61 
   1093 128.0 0.0 N 98 
   365 1.74 0.0 HD2 41 
   1491 130.6 0.0 NE1 133 
   1428 121.3 0.0 N 129 
   3 2.76 0.0 HB3 11 
   1914 8.64 0.0 H 168 
   1974 24.7 0.0 CG 172 
   329 113.9 0.0 NE2 38 
   1927 8.65 0.0 H 169 
   1944 2.96 0.0 HE2 170 
   275 1.01 0.0 HD21 35 
   51 1.6 0.0 HG2 16 
   143 32.8 0.0 CB 23 
   298 114.2 0.0 CZ2 36 
   471 3.37 0.0 HD2 49 
   1517 6.92 0.0 HD21 136 
   1490 120.6 0.0 N 133 
   431 8.42 0.0 H 47 
   1105 8.2 0.0 H 100 
   1731 8.68 0.0 H 154 
   837 131.9 0.0 CD2 79 
   844 0.96 0.0 HG12 80 
   1746 27.6 0.0 CD2 154 
   1422 39.5 0.0 CB 129 
   57 27.3 0.0 CG 16 
   95 7.79 0.0 H 20 
   1575 127.3 0.0 CD1 140 
   1966 1.35 0.0 HG2 172 
   1637 23.3 0.0 CD2 145 
   1679 7.83 0.0 H 150 
   1672 22.7 0.0 CD2 148 
   1968 1.65 0.0 HD2 172 
   477 119.0 0.0 N 49 
   184 1.25 0.0 HG22 26 
   75 3.81 0.0 HA 18 
   230 3.17 0.0 HD2 31 
   1571 6.77 0.0 HE2 140 
   314 21.0 0.0 CG1 37 
   1626 1.11 0.0 HG 145 
   681 3.07 0.0 HB2 67 
   782 45.8 0.0 CA 75 
   787 1.49 0.0 HB3 76 
   573 2.55 0.0 HB2 58 
   1322 8.15 0.0 H 121 
   421 117.4 0.0 N 45 
   440 0.98 0.0 HD22 47 
   1673 110.9 0.0 N 148 
   1427 129.2 0.0 CZ 129 
   1001 4.95 0.0 HA 92 
   1350 -0.36 0.0 HG23 123 
   1361 4.44 0.0 HA 124 
   1446 1.83 0.0 HB2 131 
   1515 0.92 0.0 HB2 136 
   1326 107.3 0.0 N 121 
   1529 1.08 0.0 HG21 137 
   962 129.6 0.0 CE1 88 
   751 6.65 0.0 HZ3 73 
   592 54.1 0.0 CA 60 
   205 51.9 0.0 CA 28 
   335 1.47 0.0 HG3 39 
   1484 27.6 0.0 CB 133 
   8 2.03 0.0 HB2 12 
   1192 119.5 0.0 N 107 
   46 121.6 0.0 N 15 
   290 7.31 0.0 HE3 36 
   1279 2.0 0.0 HB2 116 
   37 1.87 0.0 HB3 15 
   1567 2.06 0.0 HB3 140 
   551 41.8 0.0 CE 55 
   544 1.6 0.0 HD3 55 
   1647 32.2 0.0 CG 146 
   1153 119.5 0.0 N 104 
   1109 1.25 0.0 HG22 100 
   1747 118.8 0.0 N 154 
   420 34.2 0.0 CG 45 
   1265 58.4 0.0 CA 114 
   1312 57.4 0.0 CA 119 
   288 7.34 0.0 HD1 36 
   1546 24.1 0.0 CG 138 
   111 0.18 0.0 HG22 21 
   1699 49.3 0.0 CA 151 
   1560 25.7 0.0 CG 139 
   1162 0.43 0.0 HD11 105 
   991 5.29 0.0 HA 91 
   1184 0.58 0.0 HG13 107 
   859 4.82 0.0 HA 81 
   1342 118.4 0.0 N 122 
   906 24.8 0.0 CD2 84 
   1796 115.7 0.0 N 158 
   1448 1.99 0.0 HG2 131 
   1552 1.26 0.0 HG2 139 
   1918 2.32 0.0 HG2 168 
   150 1.88 0.0 HB3 24 
   665 1.81 0.0 HB3 65 
   1509 30.1 0.0 CB 135 
   333 2.31 0.0 HB3 39 
   660 24.2 0.0 CD2 64 
   1506 3.11 0.0 HD2 135 
   262 2.42 0.0 HG3 34 
   413 2.34 0.0 HB3 45 
   341 121.0 0.0 N 39 
   1016 112.7 0.0 N 92 
   941 1.9 0.0 HB2 87 
   1665 0.92 0.0 HD21 148 
   754 30.6 0.0 CB 73 
   978 1.02 0.0 HG21 90 
   1180 4.9 0.0 HA 107 
   203 1.47 0.0 HB2 28 
   925 4.52 0.0 HA 86 
   884 0.77 0.0 HD23 83 
   458 0.92 0.0 HD13 48 
   284 8.01 0.0 H 36 
   1718 7.08 0.0 HE3 153 
   1942 1.6 0.0 HD2 170 
   951 2.71 0.0 HB2 88 
   802 2.94 0.0 HB2 77 
   1548 8.76 0.0 H 139 
   1822 0.66 0.0 HD13 161 
   1415 3.22 0.0 HB3 129 
   795 38.2 0.0 CB 76 
   120 13.1 0.0 CD1 21 
   319 2.23 0.0 HB2 38 
   935 132.9 0.0 CD2 86 
   211 44.9 0.0 CA 29 
   1124 114.3 0.0 N 101 
   1324 3.93 0.0 HA3 121 
   1371 1.35 0.0 HG 125 
   862 7.19 0.0 HD2 81 
   1828 26.2 0.0 CG 161 
   1343 7.91 0.0 H 123 
   1926 112.3 0.0 NE2 168 
   210 4.82 0.0 HA3 29 
   1954 1.93 0.0 HB2 171 
   235 43.1 0.0 CD 31 
   739 32.8 0.0 CB 72 
   1275 18.9 0.0 CB 115 
   1526 0.66 0.0 HG11 137 
   1544 64.6 0.0 CA 138 
   428 62.8 0.0 CA 46 
   646 5.07 0.0 HA 64 
   1518 7.29 0.0 HD22 136 
   1417 7.05 0.0 HD2 129 
   1336 2.91 0.0 HE3 122 
   1651 1.22 0.0 HB1 147 
   1916 1.92 0.0 HB2 168 
   1806 28.7 0.0 CG 159 
   512 2.42 0.0 HG3 52 
   1534 20.4 0.0 CG1 137 
   443 42.7 0.0 CB 47 
   1426 129.8 0.0 CE2 129 
   1111 67.1 0.0 CA 100 
   850 0.82 0.0 HD12 80 
   1808 6.55 0.0 H 160 
   606 29.6 0.0 CB 61 
   913 1.18 0.0 HG3 85 
   358 120.3 0.0 N 40 
   1483 61.0 0.0 CA 133 
   1214 7.93 0.0 H 110 
   775 130.0 0.0 CE1 74 
   1564 6.28 0.0 H 140 
   1990 6.91 0.0 HD22 174 
   726 61.7 0.0 CA 71 
   759 123.7 0.0 CH2 73 
   1736 0.88 0.0 HD11 154 
   670 36.3 0.0 CG 65 
   1305 4.25 0.0 HA 119 
   992 2.07 0.0 HB2 91 
   790 1.55 0.0 HD2 76 
   1132 126.2 0.0 N 102 
   1382 22.6 0.0 CD2 125 
   1759 0.75 0.0 HG11 156 
   280 27.0 0.0 CG 35 
   1231 7.36 0.0 H 111 
   1126 3.87 0.0 HA 102 
   1702 1.82 0.0 HB2 152 
   641 33.8 0.0 CB 63 
   873 131.6 0.0 N 82 
   1311 3.21 0.0 HD3 119 
   520 3.26 0.0 HB3 53 
   220 63.2 0.0 CA 30 
   1810 2.55 0.0 HB2 160 
   1836 1.33 0.0 HG13 162 
   1014 129.9 0.0 CE2 92 
   1344 3.77 0.0 HA 123 
   189 121.3 0.0 N 26 
   654 0.91 0.0 HD22 64 
   976 0.84 0.0 HG12 90 
   439 0.98 0.0 HD21 47 
   882 0.77 0.0 HD21 83 
   370 32.0 0.0 CB 41 
   1308 1.58 0.0 HG2 119 
   822 120.5 0.0 CZ3 78 
   206 24.4 0.0 CB 28 
   1353 -0.19 0.0 HD13 123 
   1112 67.9 0.0 CB 100 
   412 2.23 0.0 HB2 45 
   875 3.58 0.0 HA 83 
   1971 2.95 0.0 HE3 172 
   126 2.1 0.0 HG3 22 
   1670 27.0 0.0 CG 148 
   1310 3.21 0.0 HD2 119 
   662 8.9 0.0 H 65 
   741 43.1 0.0 CD 72 
   343 3.56 0.0 HA 40 
   274 0.91 0.0 HD13 35 
   112 0.18 0.0 HG23 21 
   1563 122.6 0.0 N 139 
   1604 3.75 0.0 HA 143 
   733 1.73 0.0 HB3 72 
   1561 29.3 0.0 CD 139 
   672 7.8 0.0 H 66 
   1227 26.9 0.0 CG 110 
   588 8.49 0.0 H 60 
   1119 1.08 0.0 HG22 101 
   1017 8.57 0.0 H 93 
   234 27.1 0.0 CG 31 
   1052 8.69 0.0 H 96 
   1928 4.05 0.0 HA 169 
   868 4.02 0.0 HA 82 
   479 4.78 0.0 HA 50 
   738 56.1 0.0 CA 72 
   1099 3.44 0.0 HD2 99 
   1479 7.41 0.0 HE3 133 
   697 3.0 0.0 HE2 68 
   879 0.82 0.0 HD11 83 
   609 113.7 0.0 CZ2 61 
   1021 52.0 0.0 CA 93 
   917 2.37 0.0 HE3 85 
   261 2.42 0.0 HG2 34 
   444 27.4 0.0 CG 47 
   1277 8.32 0.0 H 116 
   202 1.47 0.0 HB1 28 
   1582 5.14 0.0 HA2 141 
   1360 7.71 0.0 H 124 
   491 118.8 0.0 CE2 50 
   1658 4.51 0.0 HA 148 
   1716 7.36 0.0 HD1 153 
   1002 2.77 0.0 HB2 92 
   1894 21.8 0.0 CG1 166 
   71 21.1 0.0 CG1 17 
   1532 60.5 0.0 CA 137 
   480 3.32 0.0 HB2 50 
   1005 6.51 0.0 HD2 92 
   1945 2.96 0.0 HE3 170 
   1357 17.0 0.0 CG2 123 
   1402 4.57 0.0 HA 128 
   459 65.0 0.0 CA 48 
   33 113.2 0.0 N 14 
   540 1.91 0.0 HB3 55 
   1009 57.4 0.0 CA 92 
   278 56.6 0.0 CA 35 
   1354 61.9 0.0 CA 123 
   769 7.0 0.0 HE2 74 
   889 22.5 0.0 CD2 83 
   411 4.15 0.0 HA 45 
   629 131.9 0.0 CZ 62 
   1210 58.3 0.0 CA 109 
   32 22.0 0.0 CG2 14 
   1039 8.7 0.0 CD1 94 
   1915 4.83 0.0 HA 168 
   1363 2.78 0.0 HB3 124 
   1770 7.92 0.0 H 157 
   1025 4.37 0.0 HA 94 
   526 110.8 0.0 ND2 53 
   354 41.3 0.0 CB 40 
   1103 25.1 0.0 CG 99 
   934 132.9 0.0 CD1 86 
   273 0.91 0.0 HD12 35 
   191 4.6 0.0 HA 27 
   318 4.09 0.0 HA 38 
   1433 1.42 0.0 HG2 130 
   1989 7.61 0.0 HD21 174 
   744 4.72 0.0 HA 73 
   1902 0.95 0.0 HG21 167 
   1381 25.2 0.0 CD1 125 
   1508 57.0 0.0 CA 135 
   801 5.55 0.0 HA 77 
   1179 8.02 0.0 H 107 
   511 2.31 0.0 HG2 52 
   121 122.5 0.0 N 21 
   1897 6.85 0.0 H 167 
   723 1.1 0.0 HG21 71 
   1706 3.08 0.0 HD2 152 
   1558 57.9 0.0 CA 139 
   635 1.6 0.0 HG2 63 
   146 116.5 0.0 N 23 
   1074 1.17 0.0 HG23 97 
   1330 1.47 0.0 HB3 122 
   1141 31.9 0.0 CB 103 
   74 8.12 0.0 H 18 
   1681 1.36 0.0 HB2 150 
   17 4.21 0.0 HA 13 
   1292 2.84 0.0 HB2 118 
   1225 53.9 0.0 CA 110 
   1797 3.52 0.0 HA 159 
   1087 58.3 0.0 CA 98 
   312 66.4 0.0 CA 37 
   28 1.24 0.0 HG22 14 
   391 58.5 0.0 CA 43 
   1557 2.91 0.0 HE3 139 
   1969 1.65 0.0 HD3 172 
   1133 4.23 0.0 HA 103 
   466 4.23 0.0 HA 49 
   1514 4.26 0.0 HA 136 
   1492 8.33 0.0 H 134 
   1607 1.04 0.0 HB3 143 
   721 4.41 0.0 HA 71 
   1629 -0.05 0.0 HD13 145 
   585 39.9 0.0 CB 59 
   1213 116.4 0.0 N 109 
   1222 0.68 0.0 HD21 110 
   149 1.51 0.0 HB2 24 
   589 4.4 0.0 HA 60 
   1799 2.07 0.0 HB3 159 
   264 28.8 0.0 CB 34 
   1171 8.88 0.0 H 106 
   1203 49.8 0.0 CD 108 
   238 4.9 0.0 HA 32 
   151 1.7 0.0 HG 24 
   1441 26.5 0.0 CG 130 
   1008 6.45 0.0 HZ 92 
   100 2.4 0.0 HG3 20 
   1764 0.93 0.0 HG23 156 
   54 3.21 0.0 HD3 16 
   1947 33.5 0.0 CB 170 
   56 30.2 0.0 CB 16 
   1577 129.7 0.0 CE1 140 
   1181 1.96 0.0 HB 107 
   1223 0.68 0.0 HD22 110 
   1236 41.0 0.0 CB 111 
   52 1.6 0.0 HG3 16 
   1329 1.25 0.0 HB2 122 
   1618 29.7 0.0 CB 144 
   1075 60.5 0.0 CA 97 
   1904 0.95 0.0 HG23 167 
   1834 1.39 0.0 HB 162 
   1977 122.0 0.0 N 172 
   1216 1.6 0.0 HB2 110 
   156 1.18 0.0 HD22 24 
   569 19.0 0.0 CB 57 
   826 9.23 0.0 H 79 
   1430 3.99 0.0 HA 130 
   1787 0.42 0.0 HG23 158 
   1493 4.17 0.0 HA 134 
   368 2.96 0.0 HE3 41 
   201 4.74 0.0 HA 28 
   1502 1.71 0.0 HB2 135 
   1761 0.75 0.0 HG13 156 
   1198 3.48 0.0 HD2 108 
   1081 2.76 0.0 HB2 98 
   687 116.8 0.0 N 67 
   279 42.7 0.0 CB 35 
   1150 54.1 0.0 CA 104 
   1988 2.83 0.0 HB3 174 
   116 59.2 0.0 CA 21 
   168 1.29 0.0 HG2 25 
   1053 3.78 0.0 HA 96 
   454 0.97 0.0 HG22 48 
   1994 112.7 0.0 ND2 174 
   1595 0.37 0.0 HD22 142 
   1440 29.7 0.0 CB 130 
   402 6.81 0.0 HE2 44 
   502 67.2 0.0 CA 51 
   1767 21.1 0.0 CG1 156 
   1395 4.38 0.0 HA 127 
   93 63.2 0.0 CB 19 
   1591 -0.51 0.0 HD11 142 
   1943 1.6 0.0 HD3 170 
   989 113.7 0.0 N 90 
   1967 1.43 0.0 HG3 172 
   1453 30.7 0.0 CB 131 
   487 38.5 0.0 CB 50 
   1751 1.43 0.0 HB2 155 
   76 2.19 0.0 HB 18 
   1497 54.7 0.0 CA 134 
