   919 34.2 0.0 CB 85 
   1847 14.9 0.0 CD1 162 
   951 2.71 0.0 HB2 88 
   1614 3.34 0.0 HB3 144 
   1713 4.06 0.0 HA 153 
   535 122.2 0.0 N 54 
   89 4.33 0.0 HA 19 
   521 7.98 0.0 HD21 53 
   1441 26.5 0.0 CG 130 
   679 8.15 0.0 H 67 
   917 2.37 0.0 HE3 85 
   1211 30.2 0.0 CB 109 
   828 3.01 0.0 HB2 79 
   1414 3.1 0.0 HB2 129 
   193 3.25 0.0 HB3 27 
   1190 20.0 0.0 CG1 107 
   284 8.01 0.0 H 36 
   617 2.5 0.0 HB3 62 
   802 2.94 0.0 HB2 77 
   117 39.1 0.0 CB 21 
   1734 2.04 0.0 HB3 154 
   1914 8.64 0.0 H 168 
   667 2.03 0.0 HG3 65 
   1491 130.6 0.0 NE1 133 
   1037 26.8 0.0 CG1 94 
   939 8.12 0.0 H 87 
   1659 1.74 0.0 HB2 148 
   436 0.93 0.0 HD11 47 
   194 6.5 0.0 HD21 27 
   594 120.0 0.0 N 60 
   1853 2.49 0.0 HG2 163 
   589 4.4 0.0 HA 60 
   457 0.92 0.0 HD12 48 
   203 1.47 0.0 HB2 28 
   1964 1.72 0.0 HB2 172 
   303 7.5 0.0 H 37 
   488 131.7 0.0 CD1 50 
   448 8.86 0.0 H 48 
   1349 -0.36 0.0 HG22 123 
   1813 41.7 0.0 CB 160 
   1387 1.41 0.0 HG21 126 
   1593 -0.51 0.0 HD13 142 
   96 4.35 0.0 HA 20 
   1002 2.77 0.0 HB2 92 
   543 1.6 0.0 HD2 55 
   733 1.73 0.0 HB3 72 
   765 3.22 0.0 HB3 74 
   228 1.58 0.0 HG2 31 
   287 3.79 0.0 HB3 36 
   671 122.0 0.0 N 65 
   1338 32.9 0.0 CB 122 
   1811 2.55 0.0 HB3 160 
   751 6.65 0.0 HZ3 73 
   25 4.07 0.0 HA 14 
   327 33.3 0.0 CG 38 
   1915 4.83 0.0 HA 168 
   1118 1.08 0.0 HG21 101 
   1143 49.2 0.0 CD 103 
   246 2.0 0.0 HB2 33 
   975 1.75 0.0 HB 90 
   884 0.77 0.0 HD23 83 
   1718 7.08 0.0 HE3 153 
   1754 18.2 0.0 CB 155 
   1712 7.2 0.0 H 153 
   1074 1.17 0.0 HG23 97 
   1628 -0.05 0.0 HD12 145 
   1340 28.9 0.0 CD 122 
   1354 61.9 0.0 CA 123 
   383 35.5 0.0 CG 42 
   445 25.4 0.0 CD1 47 
   1469 27.0 0.0 CG 132 
   159 41.3 0.0 CB 24 
   1277 8.32 0.0 H 116 
   1735 2.08 0.0 HG 154 
   1303 117.4 0.0 CE2 118 
   1500 7.5 0.0 H 135 
   1083 7.86 0.0 HD1 98 
   1822 0.66 0.0 HD13 161 
   1347 0.7 0.0 HG13 123 
   1356 24.8 0.0 CG1 123 
   903 43.1 0.0 CB 84 
   380 2.69 0.0 HG3 42 
   196 51.1 0.0 CA 27 
   1175 1.34 0.0 HB3 106 
   1654 55.8 0.0 CA 147 
   99 2.21 0.0 HG2 20 
   1966 1.35 0.0 HG2 172 
   1721 6.62 0.0 HH2 153 
   464 118.5 0.0 N 48 
   1588 0.74 0.0 HB2 142 
   234 27.1 0.0 CG 31 
   264 28.8 0.0 CB 34 
   1977 122.0 0.0 N 172 
   1835 0.32 0.0 HG12 162 
   1124 114.3 0.0 N 101 
   1656 120.5 0.0 N 147 
   1842 0.01 0.0 HD13 162 
   1172 5.09 0.0 HA 106 
   1669 43.3 0.0 CB 148 
   1011 131.3 0.0 CD1 92 
   9 2.03 0.0 HB3 12 
   1217 1.6 0.0 HB3 110 
   630 115.3 0.0 N 62 
   616 2.1 0.0 HB2 62 
   1550 1.74 0.0 HB2 139 
   489 131.7 0.0 CD2 50 
   450 1.98 0.0 HB 48 
   358 120.3 0.0 N 40 
   1990 6.91 0.0 HD22 174 
   1922 54.4 0.0 CA 168 
   791 1.68 0.0 HD3 76 
   1246 1.82 0.0 HB3 113 
   1885 2.17 0.0 HB 166 
   33 113.2 0.0 N 14 
   1384 8.22 0.0 H 126 
   359 7.57 0.0 H 41 
   1831 118.0 0.0 N 161 
   1930 2.88 0.0 HB3 169 
   1764 0.93 0.0 HG23 156 
   1649 8.35 0.0 H 147 
   1891 1.0 0.0 HG23 166 
   439 0.98 0.0 HD21 47 
   1168 17.5 0.0 CG2 105 
   554 4.54 0.0 HA 56 
   660 24.2 0.0 CD2 64 
   46 121.6 0.0 N 15 
   641 33.8 0.0 CB 63 
   280 27.0 0.0 CG 35 
   1992 38.6 0.0 CB 174 
   1876 41.8 0.0 CE 164 
   1166 38.7 0.0 CB 105 
   51 1.6 0.0 HG2 16 
   1537 4.86 0.0 HA 138 
   990 8.61 0.0 H 91 
   1358 13.5 0.0 CD1 123 
   1400 122.0 0.0 N 127 
   1913 112.3 0.0 N 167 
   141 1.13 0.0 HG23 23 
   1101 62.8 0.0 CA 99 
   767 6.87 0.0 HD2 74 
   1153 119.5 0.0 N 104 
   1615 5.82 0.0 HD2 144 
   1103 25.1 0.0 CG 99 
   1889 1.0 0.0 HG21 166 
   1619 115.6 0.0 CD2 144 
   1875 29.2 0.0 CD 164 
   320 2.23 0.0 HB3 38 
   848 0.64 0.0 HG23 80 
   1671 26.1 0.0 CD1 148 
   1255 25.6 0.0 CG 113 
   499 0.8 0.0 HG21 51 
   1328 4.58 0.0 HA 122 
   1705 2.09 0.0 HG3 152 
   852 59.6 0.0 CA 80 
   1725 119.6 0.0 CE3 153 
   1114 122.2 0.0 N 100 
   1086 7.33 0.0 HE2 98 
   1759 0.75 0.0 HG11 156 
   6 8.75 0.0 H 12 
   1141 31.9 0.0 CB 103 
   1690 57.9 0.0 CA 150 
   18 1.47 0.0 HB1 13 
   1709 32.1 0.0 CB 152 
   1973 32.8 0.0 CB 172 
   1053 3.78 0.0 HA 96 
   815 6.61 0.0 HZ3 78 
   687 116.8 0.0 N 67 
   1206 2.17 0.0 HB2 109 
   125 2.1 0.0 HG2 22 
   722 4.57 0.0 HB 71 
   296 127.0 0.0 CD1 36 
   1342 118.4 0.0 N 122 
   55 57.8 0.0 CA 16 
   871 55.4 0.0 CA 82 
   184 1.25 0.0 HG22 26 
   103 36.3 0.0 CG 20 
   1833 3.68 0.0 HA 162 
   1025 4.37 0.0 HA 94 
   1134 0.87 0.0 HB2 103 
   1180 4.9 0.0 HA 107 
   550 29.7 0.0 CD 55 
   77 0.94 0.0 HG11 18 
   1642 2.46 0.0 HB3 146 
   341 121.0 0.0 N 39 
   1667 0.92 0.0 HD23 148 
   969 2.91 0.0 HB3 89 
   1289 36.0 0.0 CG 117 
   1974 24.7 0.0 CG 172 
   35 4.1 0.0 HA 15 
   1865 2.04 0.0 HB3 164 
   418 59.3 0.0 CA 45 
   1511 43.4 0.0 CD 135 
   1681 1.36 0.0 HB2 150 
   1559 32.6 0.0 CB 139 
   245 3.99 0.0 HA 33 
   1562 41.9 0.0 CE 139 
   1110 1.25 0.0 HG23 100 
   36 1.87 0.0 HB2 15 
   412 2.23 0.0 HB2 45 
   1941 1.38 0.0 HG3 170 
   862 7.19 0.0 HD2 81 
   1398 56.8 0.0 CA 127 
   339 29.8 0.0 CB 39 
   195 7.45 0.0 HD22 27 
   738 56.1 0.0 CA 72 
   850 0.82 0.0 HD12 80 
   475 26.1 0.0 CG 49 
   883 0.77 0.0 HD22 83 
   1224 0.68 0.0 HD23 110 
   79 0.94 0.0 HG13 18 
   1463 0.93 0.0 HD13 132 
   476 42.2 0.0 CD 49 
   717 3.53 0.0 HA3 70 
   275 1.01 0.0 HD21 35 
   128 4.08 0.0 HD3 22 
   1773 0.96 0.0 HB3 157 
   1372 0.13 0.0 HD11 125 
   1474 3.57 0.0 HA 133 
   534 36.9 0.0 CB 54 
   559 55.3 0.0 CA 56 
   1076 67.7 0.0 CB 97 
   1515 0.92 0.0 HB2 136 
   1536 122.5 0.0 N 137 
   372 29.5 0.0 CD 41 
   513 59.7 0.0 CA 52 
   1817 1.16 0.0 HB2 161 
   1071 4.67 0.0 HB 97 
   953 7.16 0.0 HD1 88 
   334 1.47 0.0 HG2 39 
   2000 2.31 0.0 HG3 175 
   1533 33.3 0.0 CB 137 
   310 1.13 0.0 HG22 37 
   572 4.38 0.0 HA 58 
   94 116.9 0.0 N 19 
   715 7.82 0.0 H 70 
   501 0.8 0.0 HG23 51 
   1313 30.5 0.0 CB 119 
   1272 1.43 0.0 HB2 115 
   1336 2.91 0.0 HE3 122 
   1602 125.0 0.0 N 142 
   860 2.85 0.0 HB2 81 
   1723 29.6 0.0 CB 153 
   805 32.7 0.0 CB 77 
   477 119.0 0.0 N 49 
   596 4.27 0.0 HA 61 
   515 36.4 0.0 CG 52 
   1616 7.71 0.0 HE1 144 
   1316 120.9 0.0 N 119 
   640 54.8 0.0 CA 63 
   1786 0.42 0.0 HG22 158 
   1952 8.55 0.0 H 171 
   1060 0.87 0.0 HD11 96 
   1883 7.79 0.0 H 166 
   1000 8.46 0.0 H 92 
   492 119.9 0.0 N 50 
   551 41.8 0.0 CE 55 
   1940 1.38 0.0 HG2 170 
   1178 128.8 0.0 N 106 
   1651 1.22 0.0 HB1 147 
   869 2.25 0.0 HB2 82 
   1156 1.26 0.0 HB 105 
   1077 22.0 0.0 CG2 97 
   1433 1.42 0.0 HG2 130 
   1038 16.8 0.0 CG2 94 
   524 37.4 0.0 CB 53 
   148 4.56 0.0 HA 24 
   1540 1.25 0.0 HG2 138 
   912 1.18 0.0 HG2 85 
   1971 2.95 0.0 HE3 172 
   1785 0.42 0.0 HG21 158 
   979 1.02 0.0 HG22 90 
   1007 6.63 0.0 HE2 92 
   1058 0.98 0.0 HG22 96 
   435 1.91 0.0 HG 47 
   1975 29.1 0.0 CD 172 
   662 8.9 0.0 H 65 
   1055 1.32 0.0 HG12 96 
   1775 1.28 0.0 HG3 157 
   82 1.01 0.0 HG23 18 
   1219 0.5 0.0 HD11 110 
   2 2.76 0.0 HB2 11 
   2003 56.0 0.0 CA 175 
   407 117.8 0.0 CE1 44 
   1126 3.87 0.0 HA 102 
   425 3.98 0.0 HB2 46 
   409 118.4 0.0 N 44 
   1873 34.1 0.0 CB 164 
   604 7.04 0.0 HH2 61 
   218 2.45 0.0 HD2 30 
   834 57.7 0.0 CA 79 
   1355 37.5 0.0 CB 123 
   1744 26.8 0.0 CG 154 
   1042 1.84 0.0 HB2 95 
   342 8.86 0.0 H 40 
   1801 2.05 0.0 HG3 159 
   517 8.47 0.0 H 53 
   266 121.5 0.0 N 34 
   1901 1.3 0.0 HG13 167 
   1584 44.0 0.0 CA 141 
   739 32.8 0.0 CB 72 
   1695 125.1 0.0 N 150 
   1902 0.95 0.0 HG21 167 
   508 3.88 0.0 HA 52 
   1411 114.8 0.0 N 128 
   1959 31.0 0.0 CB 171 
   413 2.34 0.0 HB3 45 
   496 0.78 0.0 HG11 51 
   804 55.2 0.0 CA 77 
   322 2.45 0.0 HG3 38 
   1394 8.77 0.0 H 127 
   703 41.8 0.0 CE 68 
   166 1.76 0.0 HB2 25 
   146 116.5 0.0 N 23 
   523 55.6 0.0 CA 53 
   1466 1.04 0.0 HD23 132 
   794 53.9 0.0 CA 76 
   1279 2.0 0.0 HB2 116 
   720 8.33 0.0 H 71 
   1081 2.76 0.0 HB2 98 
   120 13.1 0.0 CD1 21 
   916 2.27 0.0 HE2 85 
   557 7.04 0.0 HD21 56 
   150 1.88 0.0 HB3 24 
   1539 1.47 0.0 HB3 138 
   1947 33.5 0.0 CB 170 
   223 48.9 0.0 CD 30 
   3 2.76 0.0 HB3 11 
   83 64.2 0.0 CA 18 
   1561 29.3 0.0 CD 139 
   1288 1.89 0.0 HE3 117 
   1731 8.68 0.0 H 154 
   363 1.45 0.0 HG2 41 
   1859 33.7 0.0 CG 163 
   344 0.97 0.0 HB2 40 
   1009 57.4 0.0 CA 92 
   1633 58.4 0.0 CA 145 
   1341 41.8 0.0 CE 122 
   1476 3.07 0.0 HB3 133 
   923 121.7 0.0 N 85 
   792 2.95 0.0 HE2 76 
   253 28.7 0.0 CB 33 
   1916 1.92 0.0 HB2 168 
   796 24.8 0.0 CG 76 
   1210 58.3 0.0 CA 109 
   1377 0.33 0.0 HD23 125 
   574 3.11 0.0 HB3 58 
   434 2.21 0.0 HB3 47 
   1970 2.95 0.0 HE2 172 
   817 56.7 0.0 CA 78 
   1903 0.95 0.0 HG22 167 
   1028 2.13 0.0 HG13 94 
   288 7.34 0.0 HD1 36 
   182 3.96 0.0 HB 26 
   522 6.74 0.0 HD22 53 
   940 5.28 0.0 HA 87 
   685 51.6 0.0 CA 67 
   480 3.32 0.0 HB2 50 
   866 126.2 0.0 N 81 
   321 2.45 0.0 HG2 38 
   561 118.9 0.0 N 56 
   313 31.3 0.0 CB 37 
   395 8.83 0.0 H 44 
   1244 4.41 0.0 HA 113 
   1036 36.4 0.0 CB 94 
   790 1.55 0.0 HD2 76 
   1510 27.0 0.0 CG 135 
   952 3.07 0.0 HB3 88 
   1352 -0.19 0.0 HD12 123 
   1629 -0.05 0.0 HD13 145 
   1461 0.93 0.0 HD11 132 
   1858 27.9 0.0 CB 163 
   247 2.12 0.0 HB3 33 
   277 1.01 0.0 HD23 35 
   755 123.5 0.0 CD1 73 
   1345 0.37 0.0 HB 123 
   397 3.17 0.0 HB2 44 
   352 0.86 0.0 HD23 40 
   1857 58.8 0.0 CA 163 
   707 2.1 0.0 HB2 69 
   558 7.75 0.0 HD22 56 
   1604 3.75 0.0 HA 143 
   1962 8.44 0.0 H 172 
   98 2.19 0.0 HB3 20 
   1528 0.66 0.0 HG13 137 
   668 54.6 0.0 CA 65 
   1757 3.87 0.0 HA 156 
   532 7.24 0.0 HD22 54 
   1137 1.47 0.0 HG3 103 
   1632 0.45 0.0 HD23 145 
   1931 7.31 0.0 HD2 169 
   1498 18.5 0.0 CB 134 
   657 48.2 0.0 CB 64 
   188 22.0 0.0 CG2 26 
   295 29.5 0.0 CB 36 
   1225 53.9 0.0 CA 110 
   970 54.7 0.0 CA 89 
   1634 42.1 0.0 CB 145 
   576 39.1 0.0 CB 58 
   536 104.6 0.0 ND2 54 
   1864 1.76 0.0 HB2 164 
   67 1.1 0.0 HG22 17 
   1899 1.86 0.0 HB 167 
   1380 26.3 0.0 CG 125 
   1291 4.86 0.0 HA 118 
   1910 25.3 0.0 CG1 167 
   1378 54.2 0.0 CA 125 
   40 3.21 0.0 HD2 15 
   773 131.7 0.0 CD1 74 
   38 1.59 0.0 HG2 15 
   994 2.13 0.0 HG2 91 
   161 27.0 0.0 CD1 24 
   123 1.93 0.0 HB2 22 
   1790 0.18 0.0 HD13 158 
   486 58.8 0.0 CA 50 
   799 121.3 0.0 N 76 
   1646 31.6 0.0 CB 146 
   243 119.3 0.0 N 32 
   1745 23.0 0.0 CD1 154 
   497 0.78 0.0 HG12 51 
   444 27.4 0.0 CG 47 
   1657 8.89 0.0 H 148 
   621 5.55 0.0 HE2 62 
   1091 118.2 0.0 CE1 98 
   1237 119.9 0.0 N 111 
   429 62.7 0.0 CB 46 
   1948 24.8 0.0 CG 170 
   1834 1.39 0.0 HB 162 
   172 2.92 0.0 HE2 25 
   878 1.45 0.0 HG 83 
   1293 3.08 0.0 HB3 118 
   567 1.5 0.0 HB3 57 
   423 8.3 0.0 H 46 
   1699 49.3 0.0 CA 151 
   1195 2.4 0.0 HB3 108 
   426 3.98 0.0 HB3 46 
   1109 1.25 0.0 HG22 100 
   1012 131.3 0.0 CD2 92 
   403 62.3 0.0 CA 44 
   1159 0.67 0.0 HG21 105 
   658 27.3 0.0 CG 64 
   1173 1.34 0.0 HB1 106 
   1708 64.6 0.0 CA 152 
   178 41.8 0.0 CE 25 
   1382 22.6 0.0 CD2 125 
   104 119.8 0.0 N 20 
   857 128.9 0.0 N 80 
   701 24.4 0.0 CG 68 
   564 4.51 0.0 HA 57 
   1082 3.27 0.0 HB3 98 
   833 6.69 0.0 HE2 79 
   285 4.72 0.0 HA 36 
   784 8.54 0.0 H 76 
   595 7.49 0.0 H 61 
   896 0.41 0.0 HD11 84 
   1739 1.14 0.0 HD21 154 
   1402 4.57 0.0 HA 128 
   60 7.9 0.0 H 17 
   615 4.91 0.0 HA 62 
   1079 7.67 0.0 H 98 
   540 1.91 0.0 HB3 55 
   116 59.2 0.0 CA 21 
   1525 1.75 0.0 HB 137 
   1381 25.2 0.0 CD1 125 
   1608 55.6 0.0 CA 143 
   454 0.97 0.0 HG22 48 
   1953 4.39 0.0 HA 171 
   509 2.1 0.0 HB2 52 
   960 131.7 0.0 CD1 88 
   305 2.2 0.0 HB 37 
   582 6.69 0.0 HD21 59 
   483 7.26 0.0 HD2 50 
   1729 118.4 0.0 N 153 
   1640 4.36 0.0 HA 146 
   839 117.3 0.0 CE2 79 
   1623 4.15 0.0 HA 145 
   625 132.0 0.0 CD1 62 
   490 118.8 0.0 CE1 50 
   1455 50.3 0.0 CD 131 
   1589 1.6 0.0 HB3 142 
   1749 3.86 0.0 HA 155 
   943 2.0 0.0 HG2 87 
   376 4.12 0.0 HA 42 
   4 54.1 0.0 CA 11 
   1672 22.7 0.0 CD2 148 
   187 68.1 0.0 CB 26 
   819 125.9 0.0 CD1 78 
   593 40.5 0.0 CB 60 
   1717 9.7 0.0 HE1 153 
   976 0.84 0.0 HG12 90 
   568 51.2 0.0 CA 57 
   301 121.6 0.0 N 36 
   1526 0.66 0.0 HG11 137 
   309 1.13 0.0 HG21 37 
   114 -0.19 0.0 HD12 21 
   1866 1.45 0.0 HG2 164 
   452 1.86 0.0 HG13 48 
   1218 1.35 0.0 HG 110 
   113 -0.19 0.0 HD11 21 
   139 1.13 0.0 HG21 23 
   1809 4.33 0.0 HA 160 
   1039 8.7 0.0 CD1 94 
   160 31.1 0.0 CG 24 
   289 9.86 0.0 HE1 36 
   1135 2.45 0.0 HB3 103 
   107 1.29 0.0 HB 21 
   1290 18.0 0.0 CE 117 
   1605 1.04 0.0 HB1 143 
   681 3.07 0.0 HB2 67 
   810 3.29 0.0 HB3 78 
   1368 4.45 0.0 HA 125 
   1707 3.6 0.0 HD3 152 
   1472 119.9 0.0 N 132 
   965 121.3 0.0 N 88 
   374 118.4 0.0 N 41 
   1200 66.4 0.0 CA 108 
   1804 66.3 0.0 CA 159 
   21 54.2 0.0 CA 13 
   1917 2.09 0.0 HB3 168 
   1032 0.45 0.0 HD11 94 
   1145 4.26 0.0 HA 104 
   494 3.25 0.0 HA 51 
   1462 0.93 0.0 HD12 132 
   335 1.47 0.0 HG3 39 
   584 51.8 0.0 CA 59 
   629 131.9 0.0 CZ 62 
   145 22.0 0.0 CG2 23 
   638 3.25 0.0 HD3 63 
   377 2.27 0.0 HB2 42 
   1215 4.34 0.0 HA 110 
   692 1.89 0.0 HB3 68 
   1692 27.0 0.0 CG 150 
   699 59.8 0.0 CA 68 
   924 9.53 0.0 H 86 
   1832 8.16 0.0 H 162 
   64 1.01 0.0 HG12 17 
   2002 6.84 0.0 HE22 175 
   1945 2.96 0.0 HE3 170 
   1814 115.9 0.0 N 160 
   998 35.4 0.0 CG 91 
   316 116.1 0.0 N 37 
   10 2.32 0.0 HG2 12 
   1415 3.22 0.0 HB3 129 
   1557 2.91 0.0 HE3 139 
   666 1.89 0.0 HG2 65 
   1517 6.92 0.0 HD21 136 
   886 39.8 0.0 CB 83 
   597 2.65 0.0 HB2 61 
   1440 29.7 0.0 CB 130 
   155 1.18 0.0 HD21 24 
   45 43.1 0.0 CD 15 
   1375 0.33 0.0 HD21 125 
   1046 3.51 0.0 HD2 95 
   487 38.5 0.0 CB 50 
   798 42.2 0.0 CE 76 
   1728 122.7 0.0 CH2 153 
   913 1.18 0.0 HG3 85 
   587 110.7 0.0 ND2 59 
   1040 121.6 0.0 N 94 
   1278 4.0 0.0 HA 116 
   198 128.7 0.0 N 27 
   238 4.9 0.0 HA 32 
   1431 1.96 0.0 HB2 130 
   1424 131.7 0.0 CD2 129 
   1192 119.5 0.0 N 107 
   986 25.7 0.0 CG1 90 
   311 1.13 0.0 HG23 37 
   1001 4.95 0.0 HA 92 
   1993 121.0 0.0 N 174 
   1123 21.0 0.0 CG2 101 
   1653 1.22 0.0 HB3 147 
   1560 25.7 0.0 CG 139 
   946 34.7 0.0 CB 87 
   800 9.17 0.0 H 77 
   140 1.13 0.0 HG22 23 
   402 6.81 0.0 HE2 44 
   1410 136.2 0.0 CE1 128 
   656 54.3 0.0 CA 64 
   1182 0.58 0.0 HG11 107 
   1360 7.71 0.0 H 124 
   1467 57.9 0.0 CA 132 
   1315 42.9 0.0 CD 119 
   353 57.5 0.0 CA 40 
   1478 9.6 0.0 HE1 133 
   343 3.56 0.0 HA 40 
   189 121.3 0.0 N 26 
   1302 117.4 0.0 CE1 118 
   252 58.8 0.0 CA 33 
   782 45.8 0.0 CA 75 
   392 28.4 0.0 CB 43 
   781 4.31 0.0 HA3 75 
   267 8.01 0.0 H 35 
   1152 35.9 0.0 CG 104 
   830 6.96 0.0 HD1 79 
   1136 1.32 0.0 HG2 103 
   130 31.8 0.0 CB 22 
   27 1.24 0.0 HG21 14 
   1258 117.5 0.0 N 113 
   199 107.7 0.0 ND2 27 
   362 2.06 0.0 HB3 41 
   1874 26.3 0.0 CG 164 
   1234 2.72 0.0 HB3 111 
   1573 51.9 0.0 CA 140 
   1065 27.8 0.0 CG1 96 
   346 0.96 0.0 HG 40 
   214 1.05 0.0 HB2 30 
   785 5.61 0.0 HA 76 
   1514 4.26 0.0 HA 136 
   929 7.33 0.0 HD2 86 
   1490 120.6 0.0 N 133 
   1171 8.88 0.0 H 106 
   563 7.52 0.0 H 57 
   240 3.09 0.0 HB3 32 
   1840 0.01 0.0 HD11 162 
   899 0.64 0.0 HD21 84 
   1024 8.43 0.0 H 94 
   401 6.81 0.0 HE1 44 
   1351 -0.19 0.0 HD11 123 
   1884 4.04 0.0 HA 166 
   1330 1.47 0.0 HB3 122 
   1248 1.36 0.0 HG3 113 
   813 7.27 0.0 HE3 78 
   1256 29.1 0.0 CD 113 
   1005 6.51 0.0 HD2 92 
   1006 6.63 0.0 HE1 92 
   1075 60.5 0.0 CA 97 
   144 18.2 0.0 CG1 23 
   1304 8.4 0.0 H 119 
   1905 0.85 0.0 HD11 167 
   142 61.6 0.0 CA 23 
   15 122.1 0.0 N 12 
   1379 41.7 0.0 CB 125 
   1486 120.1 0.0 CE3 133 
   1750 1.43 0.0 HB1 155 
   411 4.15 0.0 HA 45 
   300 122.2 0.0 CH2 36 
   1556 2.87 0.0 HE2 139 
   1523 6.64 0.0 H 137 
   1464 1.04 0.0 HD21 132 
   1181 1.96 0.0 HB 107 
   1388 1.41 0.0 HG22 126 
   1664 0.8 0.0 HD13 148 
   1544 64.6 0.0 CA 138 
   481 3.32 0.0 HB3 50 
   1407 57.1 0.0 CA 128 
   351 0.86 0.0 HD22 40 
   449 3.79 0.0 HA 48 
   1784 1.49 0.0 HG13 158 
   220 63.2 0.0 CA 30 
   1999 2.31 0.0 HG2 175 
   239 3.17 0.0 HB2 32 
   1793 28.2 0.0 CG1 158 
   555 2.93 0.0 HB2 56 
   632 4.37 0.0 HA 63 
   1253 56.4 0.0 CA 113 
   1503 1.86 0.0 HB3 135 
   249 1.85 0.0 HG3 33 
   467 1.95 0.0 HB2 49 
   1932 57.3 0.0 CA 169 
   1792 30.6 0.0 CB 158 
   1981 2.88 0.0 HB3 173 
   1770 7.92 0.0 H 157 
   714 115.4 0.0 N 69 
   1222 0.68 0.0 HD21 110 
   442 58.8 0.0 CA 47 
   191 4.6 0.0 HA 27 
   1283 119.1 0.0 N 116 
   680 4.76 0.0 HA 67 
   726 61.7 0.0 CA 71 
   922 41.3 0.0 CE 85 
   1620 136.3 0.0 CE1 144 
   1477 6.93 0.0 HD1 133 
   628 133.7 0.0 CE2 62 
   49 1.9 0.0 HB2 16 
   1551 1.6 0.0 HB3 139 
   547 60.5 0.0 CA 55 
   1250 1.6 0.0 HD3 113 
   1004 6.51 0.0 HD1 92 
   562 112.3 0.0 ND2 56 
   1305 4.25 0.0 HA 119 
   338 58.1 0.0 CA 39 
   626 132.0 0.0 CD2 62 
   1886 1.0 0.0 HG11 166 
   648 1.86 0.0 HB3 64 
   154 1.0 0.0 HD13 24 
   1374 0.13 0.0 HD13 125 
   512 2.42 0.0 HG3 52 
   1353 -0.19 0.0 HD13 123 
   1888 1.0 0.0 HG13 166 
   1449 2.12 0.0 HG3 131 
   1199 3.77 0.0 HD3 108 
   1016 112.7 0.0 N 92 
   396 4.5 0.0 HA 44 
   1495 1.5 0.0 HB2 134 
   1758 1.8 0.0 HB 156 
   1438 2.99 0.0 HE3 130 
   1803 3.0 0.0 HD3 159 
   696 1.69 0.0 HD3 68 
   235 43.1 0.0 CD 31 
   265 36.3 0.0 CG 34 
   399 7.33 0.0 HD1 44 
   44 27.3 0.0 CG 15 
   526 110.8 0.0 ND2 53 
   1987 2.77 0.0 HB2 174 
   379 2.4 0.0 HG2 42 
   1031 0.7 0.0 HG23 94 
   1701 4.25 0.0 HA 152 
   868 4.02 0.0 HA 82 
   758 120.1 0.0 CZ3 73 
   168 1.29 0.0 HG2 25 
   1800 1.71 0.0 HG2 159 
   591 2.96 0.0 HB3 60 
   1470 23.5 0.0 CD1 132 
   437 0.93 0.0 HD12 47 
   634 1.82 0.0 HB3 63 
   129 63.3 0.0 CA 22 
   181 3.89 0.0 HA 26 
   1432 2.04 0.0 HB3 130 
   1995 8.36 0.0 H 175 
   1022 43.0 0.0 CB 93 
   1266 68.6 0.0 CB 114 
   983 0.71 0.0 HD13 90 
   1105 8.2 0.0 H 100 
   908 8.45 0.0 H 85 
   1170 124.1 0.0 N 105 
   62 2.21 0.0 HB 17 
   991 5.29 0.0 HA 91 
   1576 127.3 0.0 CD2 140 
   331 4.12 0.0 HA 39 
   1753 53.8 0.0 CA 155 
   1254 33.3 0.0 CB 113 
   821 114.1 0.0 CZ2 78 
   1154 8.55 0.0 H 105 
   824 117.5 0.0 N 78 
   1508 57.0 0.0 CA 135 
   1067 13.2 0.0 CD1 96 
   982 0.71 0.0 HD12 90 
   635 1.6 0.0 HG2 63 
   921 29.2 0.0 CD 85 
   1796 115.7 0.0 N 158 
   211 44.9 0.0 CA 29 
   1273 1.43 0.0 HB3 115 
   1855 7.42 0.0 HE21 163 
   1645 57.0 0.0 CA 146 
   171 1.6 0.0 HD3 25 
   855 17.1 0.0 CG2 80 
   1538 1.22 0.0 HB2 138 
   672 7.8 0.0 H 66 
   408 117.8 0.0 CE2 44 
   1956 2.2 0.0 HG2 171 
   944 2.0 0.0 HG3 87 
   222 27.2 0.0 CG 30 
   1524 4.01 0.0 HA 137 
   237 8.17 0.0 H 32 
   1427 129.2 0.0 CZ 129 
   1597 57.5 0.0 CA 142 
   1819 1.91 0.0 HG 161 
   1794 18.6 0.0 CG2 158 
   106 4.14 0.0 HA 21 
   1350 -0.36 0.0 HG23 123 
   1546 24.1 0.0 CG 138 
   1454 27.9 0.0 CG 131 
   84 31.9 0.0 CB 18 
   1555 1.62 0.0 HD3 139 
   911 1.74 0.0 HB3 85 
   827 4.84 0.0 HA 79 
   1339 25.6 0.0 CG 122 
   105 7.66 0.0 H 21 
   1188 58.3 0.0 CA 107 
   693 1.46 0.0 HG2 68 
   503 31.5 0.0 CB 51 
   891 7.9 0.0 H 84 
   126 2.1 0.0 HG3 22 
   1346 0.57 0.0 HG12 123 
   1376 0.33 0.0 HD22 125 
   981 0.71 0.0 HD11 90 
   37 1.87 0.0 HB3 15 
   256 121.0 0.0 N 33 
   690 3.96 0.0 HA 68 
   216 1.05 0.0 HG2 30 
   858 9.14 0.0 H 81 
   1242 115.0 0.0 N 112 
   651 0.91 0.0 HD12 64 
   1893 32.2 0.0 CB 166 
   5 40.9 0.0 CB 11 
   1497 54.7 0.0 CA 134 
   1045 1.91 0.0 HG3 95 
   469 1.74 0.0 HG2 49 
   1935 122.1 0.0 N 169 
   1844 38.3 0.0 CB 162 
   1240 3.79 0.0 HA3 112 
   977 1.29 0.0 HG13 90 
   711 58.0 0.0 CA 69 
   326 28.0 0.0 CB 38 
   1169 14.7 0.0 CD1 105 
   224 8.5 0.0 H 31 
   1494 1.5 0.0 HB1 134 
   1774 0.82 0.0 HG2 157 
   1162 0.43 0.0 HD11 105 
   1740 1.14 0.0 HD22 154 
   1452 65.5 0.0 CA 131 
   870 2.87 0.0 HB3 82 
   1434 1.72 0.0 HG3 130 
   1183 0.58 0.0 HG12 107 
   1228 25.1 0.0 CD1 110 
   1762 0.93 0.0 HG21 156 
   304 3.36 0.0 HA 37 
   1532 60.5 0.0 CA 137 
   1094 3.55 0.0 HA 99 
   1820 0.66 0.0 HD11 161 
   1839 0.81 0.0 HG23 162 
   1412 7.96 0.0 H 129 
   837 131.9 0.0 CD2 79 
   1509 30.1 0.0 CB 135 
   302 125.7 0.0 NE1 36 
   162 25.5 0.0 CD2 24 
   1212 36.8 0.0 CG 109 
   1413 4.07 0.0 HA 129 
   646 5.07 0.0 HA 64 
   324 8.08 0.0 HE22 38 
   1286 1.89 0.0 HE1 117 
   151 1.7 0.0 HG 24 
   586 116.4 0.0 N 59 
   1084 7.38 0.0 HD2 98 
   777 129.4 0.0 CZ 74 
   1 4.65 0.0 HA 11 
   1655 20.6 0.0 CB 147 
   1034 0.45 0.0 HD13 94 
   333 2.31 0.0 HB3 39 
   416 7.61 0.0 HE21 45 
   1638 121.2 0.0 N 145 
   468 2.07 0.0 HB3 49 
   13 29.4 0.0 CB 12 
   1722 62.3 0.0 CA 153 
   1235 56.4 0.0 CA 111 
   251 3.34 0.0 HD3 33 
   1997 1.94 0.0 HB2 175 
   428 62.8 0.0 CA 46 
   1122 69.9 0.0 CB 101 
   1592 -0.51 0.0 HD12 142 
   1541 1.72 0.0 HG3 138 
   1789 0.18 0.0 HD12 158 
   340 26.9 0.0 CG 39 
   702 28.9 0.0 CD 68 
   904 25.9 0.0 CG 84 
   1265 58.4 0.0 CA 114 
   1107 4.44 0.0 HB 100 
   1471 26.2 0.0 CD2 132 
   1843 65.1 0.0 CA 162 
   607 128.3 0.0 CD1 61 
   920 25.6 0.0 CG 85 
   838 117.3 0.0 CE1 79 
   957 7.05 0.0 HZ 88 
   769 7.0 0.0 HE2 74 
   1908 59.4 0.0 CA 167 
   1836 1.33 0.0 HG13 162 
   605 56.9 0.0 CA 61 
   1057 0.98 0.0 HG21 96 
   1133 4.23 0.0 HA 103 
   885 57.1 0.0 CA 83 
   518 4.48 0.0 HA 53 
   453 0.97 0.0 HG21 48 
   1871 2.92 0.0 HE3 164 
   1453 30.7 0.0 CB 131 
   460 37.8 0.0 CB 48 
   1824 0.73 0.0 HD22 161 
   1179 8.02 0.0 H 107 
   1850 4.04 0.0 HA 163 
   1938 1.7 0.0 HB2 170 
   1230 116.5 0.0 N 110 
   269 1.46 0.0 HB2 35 
   613 127.8 0.0 NE1 61 
   456 0.92 0.0 HD11 48 
   876 1.57 0.0 HB2 83 
   1176 50.2 0.0 CA 106 
   1227 26.9 0.0 CG 110 
   76 2.19 0.0 HB 18 
   1073 1.17 0.0 HG22 97 
   1108 1.25 0.0 HG21 100 
   1095 1.45 0.0 HB2 99 
   1868 1.5 0.0 HD2 164 
   504 23.6 0.0 CG1 51 
   598 4.08 0.0 HB3 61 
   872 39.0 0.0 CB 82 
   516 119.7 0.0 N 52 
   1205 4.3 0.0 HA 109 
   1054 1.9 0.0 HB 96 
   1802 3.0 0.0 HD2 159 
   620 5.55 0.0 HE1 62 
   221 31.7 0.0 CB 30 
   887 26.8 0.0 CG 83 
   430 114.9 0.0 N 46 
   1700 105.7 0.0 N 151 
   1685 0.87 0.0 HD12 150 
   928 7.33 0.0 HD1 86 
   856 12.7 0.0 CD1 80 
   241 55.0 0.0 CA 32 
   915 1.28 0.0 HD3 85 
   1373 0.13 0.0 HD12 125 
   768 7.0 0.0 HE1 74 
   974 5.66 0.0 HA 90 
   382 29.2 0.0 CB 42 
   1710 28.3 0.0 CG 152 
   1026 2.04 0.0 HB 94 
   1530 1.08 0.0 HG22 137 
   807 9.24 0.0 H 78 
   698 3.0 0.0 HE3 68 
   482 7.26 0.0 HD1 50 
   514 29.2 0.0 CB 52 
   1967 1.43 0.0 HG3 172 
   1976 41.8 0.0 CE 172 
   12 58.2 0.0 CA 12 
   272 0.91 0.0 HD11 35 
   1921 7.47 0.0 HE22 168 
   1129 0.01 0.0 HB3 102 
   134 4.44 0.0 HA 23 
   381 59.1 0.0 CA 42 
   1715 3.56 0.0 HB3 153 
   11 2.32 0.0 HG3 12 
   647 1.83 0.0 HB2 64 
   1812 57.2 0.0 CA 160 
   1112 67.9 0.0 CB 100 
   111 0.18 0.0 HG22 21 
   1446 1.83 0.0 HB2 131 
   1070 4.43 0.0 HA 97 
   1697 3.12 0.0 HA2 151 
   336 2.71 0.0 HD2 39 
   16 8.44 0.0 H 13 
   1238 8.62 0.0 H 112 
   581 2.76 0.0 HB3 59 
   1566 1.98 0.0 HB2 140 
   984 58.5 0.0 CA 90 
   546 2.84 0.0 HE3 55 
   1795 8.6 0.0 CD1 158 
   149 1.51 0.0 HB2 24 
   1317 8.98 0.0 H 120 
   996 55.2 0.0 CA 91 
   1066 18.1 0.0 CG2 96 
   1417 7.05 0.0 HD2 129 
   1852 2.24 0.0 HB3 163 
   1359 117.1 0.0 N 123 
   1401 7.93 0.0 H 128 
   279 42.7 0.0 CB 35 
   1563 122.6 0.0 N 139 
   293 7.05 0.0 HH2 36 
   1113 21.6 0.0 CG2 100 
   1782 1.56 0.0 HB 158 
   841 8.07 0.0 H 80 
   902 53.6 0.0 CA 84 
   1457 3.95 0.0 HA 132 
   1051 50.6 0.0 CD 95 
   812 10.66 0.0 HE1 78 
   1202 27.1 0.0 CG 108 
   1869 1.59 0.0 HD3 164 
   1048 62.1 0.0 CA 95 
   232 56.1 0.0 CA 31 
   1458 1.61 0.0 HB2 132 
   1752 1.43 0.0 HB3 155 
   1505 1.72 0.0 HG3 135 
   410 8.21 0.0 H 45 
   1742 57.8 0.0 CA 154 
   281 22.8 0.0 CD1 35 
   1860 121.6 0.0 N 163 
   137 0.96 0.0 HG12 23 
   478 8.25 0.0 H 50 
   1429 8.59 0.0 H 130 
   1155 3.79 0.0 HA 105 
   760 125.1 0.0 N 73 
   1827 41.4 0.0 CB 161 
   42 58.2 0.0 CA 15 
   1442 29.4 0.0 CD 130 
   1900 0.81 0.0 HG12 167 
   1127 0.01 0.0 HB1 102 
   361 2.06 0.0 HB2 41 
   386 4.33 0.0 HA 43 
   1755 115.0 0.0 N 155 
   420 34.2 0.0 CG 45 
   367 2.96 0.0 HE2 41 
   1144 8.6 0.0 H 104 
   92 60.1 0.0 CA 19 
   818 32.6 0.0 CB 78 
   250 3.34 0.0 HD2 33 
   747 6.4 0.0 HD1 73 
   719 107.1 0.0 N 70 
   1968 1.65 0.0 HD2 172 
   85 21.7 0.0 CG1 18 
   1324 3.93 0.0 HA3 121 
   1468 41.9 0.0 CB 132 
   1456 6.93 0.0 H 132 
   424 4.12 0.0 HA 46 
   1543 3.45 0.0 HD3 138 
   30 64.2 0.0 CA 14 
   88 8.07 0.0 H 19 
   1194 2.03 0.0 HB2 108 
   147 9.12 0.0 H 24 
   1111 67.1 0.0 CA 100 
   215 1.42 0.0 HB3 30 
   1301 132.5 0.0 CD2 118 
   1319 3.69 0.0 HA3 120 
   273 0.91 0.0 HD12 35 
   585 39.9 0.0 CB 59 
   942 1.9 0.0 HB3 87 
   529 3.06 0.0 HB2 54 
   1598 40.4 0.0 CB 142 
   1252 3.12 0.0 HE3 113 
   1579 130.1 0.0 CZ 140 
   315 22.1 0.0 CG2 37 
   1828 26.2 0.0 CG 161 
   157 1.18 0.0 HD23 24 
   152 1.0 0.0 HD11 24 
   731 5.02 0.0 HA 72 
   1236 41.0 0.0 CB 111 
   649 1.83 0.0 HG 64 
   163 126.3 0.0 N 24 
   1565 4.03 0.0 HA 140 
   1596 0.37 0.0 HD23 142 
   95 7.79 0.0 H 20 
   102 30.1 0.0 CB 20 
   734 1.5 0.0 HG2 72 
   345 1.42 0.0 HB3 40 
   1269 8.73 0.0 H 115 
   1370 1.68 0.0 HB3 125 
   1972 56.3 0.0 CA 172 
   1160 0.67 0.0 HG22 105 
   1439 62.3 0.0 CA 130 
   900 0.64 0.0 HD22 84 
   1140 61.6 0.0 CA 103 
   1944 2.96 0.0 HE2 170 
   271 1.77 0.0 HG 35 
   786 1.44 0.0 HB2 76 
   1251 3.12 0.0 HE2 113 
   728 23.0 0.0 CG2 71 
   319 2.23 0.0 HB2 38 
   1676 3.16 0.0 HA3 149 
   538 3.93 0.0 HA 55 
   730 7.61 0.0 H 72 
   1310 3.21 0.0 HD2 119 
   391 58.5 0.0 CA 43 
   213 2.52 0.0 HA 30 
   1661 1.64 0.0 HG 148 
   1268 110.1 0.0 N 114 
   846 0.64 0.0 HG21 80 
   466 4.23 0.0 HA 49 
   560 38.1 0.0 CB 56 
   831 6.96 0.0 HD2 79 
   1332 1.23 0.0 HG3 122 
   1534 20.4 0.0 CG1 137 
   864 34.3 0.0 CB 81 
   1846 16.7 0.0 CG2 162 
   950 5.09 0.0 HA 88 
   1652 1.22 0.0 HB2 147 
   1281 56.2 0.0 CA 116 
   1606 1.04 0.0 HB2 143 
   365 1.74 0.0 HD2 41 
   674 0.91 0.0 HB2 66 
   682 3.59 0.0 HB3 67 
   1895 21.8 0.0 CG2 166 
   1139 3.85 0.0 HD3 103 
   863 55.6 0.0 CA 81 
   1906 0.85 0.0 HD12 167 
   286 3.29 0.0 HB2 36 
   1337 55.1 0.0 CA 122 
   244 8.58 0.0 H 33 
   1044 1.84 0.0 HG2 95 
   1294 7.0 0.0 HD1 118 
   61 3.95 0.0 HA 17 
   888 25.2 0.0 CD1 83 
   684 6.71 0.0 HD22 67 
   1957 2.2 0.0 HG3 171 
   1904 0.95 0.0 HG23 167 
   926 2.88 0.0 HB2 86 
   989 113.7 0.0 N 90 
   1393 111.5 0.0 N 126 
   1243 8.33 0.0 H 113 
   329 113.9 0.0 NE2 38 
   1018 5.58 0.0 HA 93 
   843 1.63 0.0 HB 80 
   806 114.4 0.0 N 77 
   366 1.74 0.0 HD3 41 
   73 119.6 0.0 N 17 
   1184 0.58 0.0 HG13 107 
   741 43.1 0.0 CD 72 
   695 1.69 0.0 HD2 68 
   500 0.8 0.0 HG22 51 
   1397 2.68 0.0 HB3 127 
   901 0.64 0.0 HD23 84 
   890 108.0 0.0 N 83 
   1062 0.87 0.0 HD13 96 
   173 2.92 0.0 HE3 25 
   893 0.6 0.0 HB2 84 
   642 26.9 0.0 CG 63 
   254 27.3 0.0 CG 33 
   66 1.1 0.0 HG21 17 
   1748 7.31 0.0 H 155 
   1247 1.3 0.0 HG2 113 
   1404 3.23 0.0 HB3 128 
   1716 7.36 0.0 HD1 153 
   1877 115.9 0.0 N 164 
   789 1.57 0.0 HG3 76 
   1694 27.2 0.0 CD2 150 
   236 116.8 0.0 N 31 
   1231 7.36 0.0 H 111 
   1856 6.84 0.0 HE22 163 
   1714 3.23 0.0 HB2 153 
   177 29.2 0.0 CD 25 
   1120 1.08 0.0 HG23 101 
   1554 1.56 0.0 HD2 139 
   735 1.63 0.0 HG3 72 
   1420 6.93 0.0 HZ 129 
   1783 0.82 0.0 HG12 158 
   622 5.65 0.0 HZ 62 
   1958 55.9 0.0 CA 171 
   356 24.3 0.0 CD1 40 
   176 24.6 0.0 CG 25 
   385 8.98 0.0 H 43 
   1761 0.75 0.0 HG13 156 
   1167 27.6 0.0 CG1 105 
   1450 3.64 0.0 HD2 131 
   847 0.64 0.0 HG22 80 
   1878 7.93 0.0 H 165 
   1590 1.64 0.0 HG 142 
   1644 2.21 0.0 HG3 146 
   1282 29.0 0.0 CB 116 
   1625 2.33 0.0 HB3 145 
   348 0.84 0.0 HD12 40 
   274 0.91 0.0 HD13 35 
   1506 3.11 0.0 HD2 135 
   602 7.45 0.0 HZ2 61 
   59 120.5 0.0 N 16 
   1677 45.7 0.0 CA 149 
   202 1.47 0.0 HB1 28 
   1781 3.54 0.0 HA 158 
   966 8.46 0.0 H 89 
   1821 0.66 0.0 HD12 161 
   68 1.1 0.0 HG23 17 
   1799 2.07 0.0 HB3 159 
   97 1.96 0.0 HB2 20 
   1575 127.3 0.0 CD1 140 
   1547 48.1 0.0 CD 138 
   752 6.46 0.0 HH2 73 
   1998 2.08 0.0 HB3 175 
   1955 2.09 0.0 HB3 171 
   1719 7.16 0.0 HZ2 153 
   1307 1.79 0.0 HB3 119 
   1942 1.6 0.0 HD2 170 
   612 121.9 0.0 N 61 
   569 19.0 0.0 CB 57 
   143 32.8 0.0 CB 23 
   592 54.1 0.0 CA 60 
   1052 8.69 0.0 H 96 
   1489 123.1 0.0 CH2 133 
   1996 4.26 0.0 HA 175 
   1776 57.3 0.0 CA 157 
   1788 0.18 0.0 HD11 158 
   1300 132.5 0.0 CD1 118 
   115 -0.19 0.0 HD13 21 
   1314 27.1 0.0 CG 119 
   1473 8.49 0.0 H 133 
   854 27.8 0.0 CG1 80 
   1991 53.2 0.0 CA 174 
   1329 1.25 0.0 HB2 122 
   1263 1.17 0.0 HG22 114 
   1363 2.78 0.0 HB3 124 
   317 7.16 0.0 H 38 
   332 1.78 0.0 HB2 39 
   298 114.2 0.0 CZ2 36 
   780 4.93 0.0 HA2 75 
   958 56.0 0.0 CA 88 
   74 8.12 0.0 H 18 
   959 42.6 0.0 CB 88 
   1483 61.0 0.0 CA 133 
   1221 0.5 0.0 HD13 110 
   219 3.47 0.0 HD3 30 
   229 1.65 0.0 HG3 31 
   845 1.57 0.0 HG13 80 
   1334 1.73 0.0 HD3 122 
   1771 3.85 0.0 HA 157 
   1961 119.4 0.0 N 171 
   484 6.97 0.0 HE1 50 
   545 2.84 0.0 HE2 55 
   422 111.4 0.0 NE2 45 
   1421 62.4 0.0 CA 129 
   1765 63.4 0.0 CA 156 
   1010 40.4 0.0 CB 92 
   708 2.23 0.0 HB3 69 
   1436 1.74 0.0 HD3 130 
   1778 34.2 0.0 CG 157 
   736 3.09 0.0 HD2 72 
   1870 2.92 0.0 HE2 164 
   757 113.1 0.0 CZ2 73 
   1545 32.6 0.0 CB 138 
   28 1.24 0.0 HG22 14 
   248 1.72 0.0 HG2 33 
   1670 27.0 0.0 CG 148 
   973 8.46 0.0 H 90 
   844 0.96 0.0 HG12 80 
   1098 1.77 0.0 HG3 99 
   1241 45.8 0.0 CA 112 
   766 6.87 0.0 HD1 74 
   1056 1.48 0.0 HG13 96 
   431 8.42 0.0 H 47 
   1673 110.9 0.0 N 148 
   394 120.6 0.0 N 43 
   1837 0.81 0.0 HG21 162 
   1389 1.41 0.0 HG23 126 
   506 118.9 0.0 N 51 
   1919 2.35 0.0 HG3 168 
   441 0.98 0.0 HD23 47 
   1496 1.5 0.0 HB3 134 
   1872 56.9 0.0 CA 164 
   653 0.91 0.0 HD21 64 
   1894 21.8 0.0 CG1 166 
   809 3.11 0.0 HB2 78 
   1187 0.93 0.0 HG23 107 
   633 1.82 0.0 HB2 63 
   1892 63.3 0.0 CA 166 
   1897 6.85 0.0 H 167 
   756 119.8 0.0 CE3 73 
   1298 53.1 0.0 CA 118 
   963 129.6 0.0 CE2 88 
   57 27.3 0.0 CG 16 
   776 130.0 0.0 CE2 74 
   1746 27.6 0.0 CD2 154 
   1214 7.93 0.0 H 110 
   877 2.1 0.0 HB3 83 
   1577 129.7 0.0 CE1 140 
   1816 3.88 0.0 HA 161 
   1399 40.2 0.0 CB 127 
   1416 7.05 0.0 HD1 129 
   1691 42.2 0.0 CB 150 
   935 132.9 0.0 CD2 86 
   1607 1.04 0.0 HB3 143 
   1531 1.08 0.0 HG23 137 
   583 7.7 0.0 HD22 59 
   1624 1.42 0.0 HB2 145 
   43 30.1 0.0 CB 15 
   1600 23.0 0.0 CD1 142 
   697 3.0 0.0 HE2 68 
   1201 32.3 0.0 CB 108 
   135 2.37 0.0 HB 23 
   1207 2.39 0.0 HB3 109 
   375 7.68 0.0 H 42 
   1459 1.92 0.0 HB3 132 
   978 1.02 0.0 HG21 90 
   207 123.5 0.0 N 28 
   771 54.9 0.0 CA 74 
   556 2.93 0.0 HB3 56 
   1622 8.62 0.0 H 145 
   548 32.2 0.0 CB 55 
   1149 2.24 0.0 HG3 104 
   328 118.6 0.0 N 38 
   230 3.17 0.0 HD2 31 
   803 3.39 0.0 HB3 77 
   665 1.81 0.0 HB3 65 
   881 0.82 0.0 HD13 83 
   659 24.3 0.0 CD1 64 
   1344 3.77 0.0 HA 123 
   127 3.72 0.0 HD2 22 
   447 120.8 0.0 N 47 
   749 7.03 0.0 HE3 73 
   1760 0.75 0.0 HG12 156 
   1923 31.6 0.0 CB 168 
   20 1.47 0.0 HB3 13 
   753 55.4 0.0 CA 73 
   1061 0.87 0.0 HD12 96 
   1406 8.19 0.0 HE1 128 
   1639 7.93 0.0 H 146 
   1475 2.49 0.0 HB2 133 
   1367 8.42 0.0 H 125 
   192 2.32 0.0 HB2 27 
   1232 4.44 0.0 HA 111 
   949 9.09 0.0 H 88 
   1696 9.07 0.0 H 151 
   1747 118.8 0.0 N 154 
   573 2.55 0.0 HB2 58 
   1164 0.43 0.0 HD13 105 
   609 113.7 0.0 CZ2 61 
   1423 131.7 0.0 CD1 129 
   1626 1.11 0.0 HG 145 
   1104 49.5 0.0 CD 99 
   378 2.71 0.0 HB3 42 
   1335 2.91 0.0 HE2 122 
   406 131.7 0.0 CD2 44 
   1684 0.87 0.0 HD11 150 
   1521 116.3 0.0 N 136 
   1460 1.53 0.0 HG 132 
   705 8.77 0.0 H 69 
   1213 116.4 0.0 N 109 
   1233 2.6 0.0 HB2 111 
   599 7.87 0.0 HD1 61 
   498 0.78 0.0 HG13 51 
   493 8.77 0.0 H 51 
   759 123.7 0.0 CH2 73 
   608 122.4 0.0 CE3 61 
   1965 1.85 0.0 HB3 172 
   1950 41.8 0.0 CE 170 
   742 123.7 0.0 N 72 
   87 118.3 0.0 N 18 
   1798 1.66 0.0 HB2 159 
   941 1.9 0.0 HB2 87 
   1311 3.21 0.0 HD3 119 
   1861 111.2 0.0 NE2 163 
   1960 36.0 0.0 CG 171 
   443 42.7 0.0 CB 47 
   673 4.75 0.0 HA 66 
   50 1.9 0.0 HB3 16 
   1663 0.8 0.0 HD12 148 
   835 44.0 0.0 CB 79 
   661 123.1 0.0 N 64 
   1089 132.8 0.0 CD1 98 
   710 2.54 0.0 HG3 69 
   368 2.96 0.0 HE3 41 
   1408 30.4 0.0 CB 128 
   1594 0.37 0.0 HD21 142 
   1780 7.94 0.0 H 158 
   1985 8.55 0.0 H 174 
   1507 3.11 0.0 HD3 135 
   318 4.09 0.0 HA 38 
   1484 27.6 0.0 CB 133 
   1704 1.84 0.0 HG2 152 
   330 8.2 0.0 H 39 
   1660 2.08 0.0 HB3 148 
   832 6.69 0.0 HE1 79 
   1946 56.7 0.0 CA 170 
   174 57.0 0.0 CA 25 
   1909 40.7 0.0 CB 167 
   1309 1.68 0.0 HG3 119 
   227 2.02 0.0 HB3 31 
   1611 7.37 0.0 H 144 
   1097 1.5 0.0 HG2 99 
   233 29.5 0.0 CB 31 
   1198 3.48 0.0 HD2 108 
   778 117.0 0.0 N 74 
   1730 127.7 0.0 NE1 153 
   712 29.6 0.0 CB 69 
   1924 33.7 0.0 CG 168 
   894 1.93 0.0 HB3 84 
   170 1.6 0.0 HD2 25 
   1668 54.5 0.0 CA 148 
   914 1.27 0.0 HD2 85 
   1982 58.6 0.0 CA 173 
   389 2.14 0.0 HG2 43 
   1829 26.1 0.0 CD1 161 
   603 6.87 0.0 HZ3 61 
   853 38.1 0.0 CB 80 
   1409 120.2 0.0 CD2 128 
   1698 3.72 0.0 HA3 151 
   1880 4.11 0.0 HA3 165 
   664 1.55 0.0 HB2 65 
   463 13.2 0.0 CD1 48 
   754 30.6 0.0 CB 73 
   473 57.4 0.0 CA 49 
   1308 1.58 0.0 HG2 119 
   762 8.53 0.0 H 74 
   502 67.2 0.0 CA 51 
   24 7.95 0.0 H 14 
   689 8.83 0.0 H 68 
   579 5.05 0.0 HA 59 
   1216 1.6 0.0 HB2 110 
   1435 1.73 0.0 HD2 130 
   1371 1.35 0.0 HG 125 
   299 120.3 0.0 CZ3 36 
   474 29.4 0.0 CB 49 
   462 17.0 0.0 CG2 48 
   814 7.17 0.0 HZ2 78 
   1706 3.08 0.0 HD2 152 
   1911 18.1 0.0 CG2 167 
   1609 18.0 0.0 CB 143 
   1595 0.37 0.0 HD22 142 
   90 3.98 0.0 HB2 19 
   48 4.19 0.0 HA 16 
   727 69.3 0.0 CB 71 
   873 131.6 0.0 N 82 
   1197 2.12 0.0 HG3 108 
   63 1.01 0.0 HG11 17 
   75 3.81 0.0 HA 18 
   1226 42.1 0.0 CB 110 
   132 50.7 0.0 CD 22 
   1485 126.6 0.0 CD1 133 
   636 1.74 0.0 HG3 63 
   1008 6.45 0.0 HZ 92 
   1186 0.93 0.0 HG22 107 
   578 8.55 0.0 H 59 
   110 0.18 0.0 HG21 21 
   1271 1.43 0.0 HB1 115 
   539 1.91 0.0 HB2 55 
   1448 1.99 0.0 HG2 131 
   1014 129.9 0.0 CE2 92 
   414 2.54 0.0 HG2 45 
   1791 63.4 0.0 CA 158 
   1322 8.15 0.0 H 121 
   86 22.0 0.0 CG2 18 
   1017 8.57 0.0 H 93 
   988 14.6 0.0 CD1 90 
   124 2.46 0.0 HB3 22 
   531 4.55 0.0 HD21 54 
   390 2.75 0.0 HG3 43 
   1023 118.3 0.0 N 93 
   826 9.23 0.0 H 79 
   1518 7.29 0.0 HD22 136 
   446 23.9 0.0 CD2 47 
   242 40.8 0.0 CB 32 
   925 4.52 0.0 HA 86 
   1658 4.51 0.0 HA 148 
   427 5.22 0.0 HG 46 
   947 37.4 0.0 CG 87 
   39 1.72 0.0 HG3 15 
   175 35.9 0.0 CB 25 
   371 25.0 0.0 CG 41 
   1365 27.0 0.0 CB 124 
   1881 45.6 0.0 CA 165 
   1989 7.61 0.0 HD21 174 
   918 56.1 0.0 CA 85 
   724 1.1 0.0 HG22 71 
   388 2.34 0.0 HB3 43 
   1587 3.92 0.0 HA 142 
   1756 6.91 0.0 H 156 
   1185 0.93 0.0 HG21 107 
   954 7.16 0.0 HD2 88 
   1680 4.08 0.0 HA 150 
   932 57.5 0.0 CA 86 
   1907 0.85 0.0 HD13 167 
   590 2.19 0.0 HB2 60 
   138 0.96 0.0 HG13 23 
   1138 2.95 0.0 HD2 103 
   1499 117.9 0.0 N 134 
   373 42.2 0.0 CE 41 
   1741 1.14 0.0 HD23 154 
   1702 1.82 0.0 HB2 152 
   1096 2.2 0.0 HB3 99 
   1419 6.99 0.0 HE2 129 
   1059 0.98 0.0 HG23 96 
   1797 3.52 0.0 HA 159 
   112 0.18 0.0 HG23 21 
   600 9.85 0.0 HE1 61 
   510 2.21 0.0 HB3 52 
   1267 20.7 0.0 CG2 114 
   108 0.36 0.0 HG12 21 
   208 8.82 0.0 H 29 
   606 29.6 0.0 CB 61 
   165 4.41 0.0 HA 25 
   1815 7.82 0.0 H 161 
   8 2.03 0.0 HB2 12 
   255 43.1 0.0 CD 33 
   1262 1.17 0.0 HG21 114 
   1529 1.08 0.0 HG21 137 
   750 7.02 0.0 HZ2 73 
   1287 1.89 0.0 HE2 117 
   282 25.2 0.0 CD2 35 
   987 19.5 0.0 CG2 90 
   1504 1.59 0.0 HG2 135 
   1209 2.43 0.0 HG3 109 
   1641 2.2 0.0 HB2 146 
   1943 1.6 0.0 HD3 170 
   1174 1.34 0.0 HB2 106 
   1849 8.1 0.0 H 163 
   186 65.4 0.0 CA 26 
   1779 117.5 0.0 N 157 
   1158 1.15 0.0 HG13 105 
   1068 118.2 0.0 N 96 
   1274 52.6 0.0 CA 115 
   691 1.81 0.0 HB2 68 
   763 5.33 0.0 HA 74 
   1257 42.5 0.0 CE 113 
   1732 3.58 0.0 HA 154 
   471 3.37 0.0 HD2 49 
   1549 4.17 0.0 HA 139 
   1425 129.8 0.0 CE1 129 
   505 21.0 0.0 CG2 51 
   1854 2.49 0.0 HG3 163 
   1769 113.1 0.0 N 156 
   179 116.8 0.0 N 25 
   209 3.95 0.0 HA2 29 
   1666 0.92 0.0 HD22 148 
   472 3.42 0.0 HD3 49 
   1085 6.93 0.0 HE1 98 
   530 3.06 0.0 HB3 54 
   624 40.9 0.0 CB 62 
   1581 9.74 0.0 H 141 
   1939 1.7 0.0 HB3 170 
   1986 4.67 0.0 HA 174 
   1295 7.0 0.0 HD2 118 
   1069 7.01 0.0 H 97 
   678 111.7 0.0 N 66 
   1686 0.87 0.0 HD13 150 
   26 4.2 0.0 HB 14 
   22 18.5 0.0 CB 13 
   118 27.5 0.0 CG1 21 
   1807 49.4 0.0 CD 159 
   1029 0.7 0.0 HG21 94 
   225 4.34 0.0 HA 31 
   1777 29.2 0.0 CB 157 
   1327 7.0 0.0 H 122 
   440 0.98 0.0 HD22 47 
   930 6.77 0.0 HE1 86 
   732 1.63 0.0 HB2 72 
   260 2.16 0.0 HB3 34 
   119 17.2 0.0 CG2 21 
   1675 4.05 0.0 HA2 149 
   2005 33.7 0.0 CG 175 
   995 2.13 0.0 HG3 91 
   740 27.4 0.0 CG 72 
   1969 1.65 0.0 HD3 172 
   70 32.2 0.0 CB 17 
   1326 107.3 0.0 N 121 
   968 2.72 0.0 HB2 89 
   1165 62.8 0.0 CA 105 
   1823 0.73 0.0 HD21 161 
   1887 1.0 0.0 HG12 166 
   1552 1.26 0.0 HG2 139 
   52 1.6 0.0 HG3 16 
   937 117.5 0.0 CE2 86 
   654 0.91 0.0 HD22 64 
   898 0.41 0.0 HD13 84 
   307 0.99 0.0 HG12 37 
   1043 2.39 0.0 HB3 95 
   1954 1.93 0.0 HB2 171 
   80 1.01 0.0 HG21 18 
   1679 7.83 0.0 H 150 
   261 2.42 0.0 HG2 34 
   1643 2.21 0.0 HG2 146 
   306 0.99 0.0 HG11 37 
   1648 117.1 0.0 N 146 
   1920 6.76 0.0 HE21 168 
   276 1.01 0.0 HD22 35 
   1585 112.9 0.0 N 141 
   723 1.1 0.0 HG21 71 
   1934 120.5 0.0 CD2 169 
   1851 2.24 0.0 HB2 163 
   347 0.84 0.0 HD11 40 
   588 8.49 0.0 H 60 
   895 1.54 0.0 HG 84 
   1418 6.99 0.0 HE1 129 
   906 24.8 0.0 CD2 84 
   1131 15.4 0.0 CB 102 
   1862 7.88 0.0 H 164 
   206 24.4 0.0 CB 28 
   795 38.2 0.0 CB 76 
   683 7.79 0.0 HD21 67 
   69 64.5 0.0 CA 17 
   1578 129.7 0.0 CE2 140 
   897 0.41 0.0 HD12 84 
   1386 4.54 0.0 HB 126 
   542 1.59 0.0 HG3 55 
   71 21.1 0.0 CG1 17 
   1980 2.81 0.0 HB2 173 
   1818 1.9 0.0 HB3 161 
   1601 22.0 0.0 CD2 142 
   290 7.31 0.0 HE3 36 
   1128 0.01 0.0 HB2 102 
   183 1.25 0.0 HG21 26 
   718 46.2 0.0 CA 70 
   72 21.8 0.0 CG2 17 
   1726 113.9 0.0 CZ2 153 
   811 7.03 0.0 HD1 78 
   1020 2.67 0.0 HB3 93 
   1130 49.7 0.0 CA 102 
   360 4.16 0.0 HA 41 
   1403 3.23 0.0 HB2 128 
   1937 4.24 0.0 HA 170 
   1572 6.2 0.0 HZ 140 
   1151 30.1 0.0 CB 104 
   1613 2.35 0.0 HB2 144 
   1926 112.3 0.0 NE2 168 
   675 2.44 0.0 HB3 66 
   761 127.0 0.0 NE1 73 
   985 42.8 0.0 CB 90 
   1323 3.93 0.0 HA2 121 
   676 55.8 0.0 CA 66 
   1984 120.4 0.0 N 173 
   292 7.51 0.0 HZ3 36 
   350 0.86 0.0 HD21 40 
   1343 7.91 0.0 H 123 
   1879 3.97 0.0 HA2 165 
   639 7.37 0.0 HE 63 
   1863 4.19 0.0 HA 164 
   1117 3.67 0.0 HB 101 
   1568 6.2 0.0 HD1 140 
   1678 107.1 0.0 N 149 
   1383 126.2 0.0 N 125 
   1239 4.25 0.0 HA2 112 
   1385 4.28 0.0 HA 126 
   1918 2.32 0.0 HG2 168 
   688 110.7 0.0 ND2 67 
   716 4.53 0.0 HA2 70 
   618 5.47 0.0 HD1 62 
   1618 29.7 0.0 CB 144 
   992 2.07 0.0 HB2 91 
   1519 53.4 0.0 CA 136 
   1867 1.66 0.0 HG3 164 
   312 66.4 0.0 CA 37 
   226 1.82 0.0 HB2 31 
   1738 0.88 0.0 HD13 154 
   875 3.58 0.0 HA 83 
   169 1.29 0.0 HG3 25 
   1050 27.0 0.0 CG 95 
   1586 10.28 0.0 H 142 
   204 1.47 0.0 HB3 28 
   1492 8.33 0.0 H 134 
   1437 2.99 0.0 HE2 130 
   867 9.03 0.0 H 82 
   384 119.4 0.0 N 42 
   369 60.1 0.0 CA 41 
   263 59.6 0.0 CA 34 
   283 119.1 0.0 N 35 
   1826 57.4 0.0 CA 161 
   1825 0.73 0.0 HD23 161 
   772 40.5 0.0 CB 74 
   962 129.6 0.0 CE1 88 
   931 6.77 0.0 HE2 86 
   971 41.3 0.0 CB 89 
   1591 -0.51 0.0 HD11 142 
   1535 22.9 0.0 CG2 137 
   945 54.3 0.0 CA 87 
   1994 112.7 0.0 ND2 174 
   1838 0.81 0.0 HG22 162 
   1630 0.45 0.0 HD21 145 
   1443 41.8 0.0 CE 130 
   851 0.82 0.0 HD13 80 
   643 42.6 0.0 CD 63 
   1430 3.99 0.0 HA 130 
   1161 0.67 0.0 HG23 105 
   1116 4.28 0.0 HA 101 
   1636 25.8 0.0 CD1 145 
   1357 17.0 0.0 CG2 123 
   1276 128.2 0.0 N 115 
   1898 4.64 0.0 HA 167 
   948 122.6 0.0 N 87 
   1830 22.9 0.0 CD2 161 
   553 8.2 0.0 H 56 
   400 7.33 0.0 HD2 44 
   1687 1.16 0.0 HD21 150 
   1548 8.76 0.0 H 139 
   1296 6.74 0.0 HE1 118 
   1766 33.1 0.0 CB 156 
   167 1.76 0.0 HB3 25 
   78 0.94 0.0 HG12 18 
   1063 64.5 0.0 CA 96 
   1321 113.5 0.0 N 120 
   1331 1.04 0.0 HG2 122 
   575 55.3 0.0 CA 58 
   820 119.9 0.0 CE3 78 
   507 8.37 0.0 H 52 
   1292 2.84 0.0 HB2 118 
   580 2.37 0.0 HB2 59 
   1772 0.27 0.0 HB2 157 
   1348 -0.36 0.0 HG21 123 
   1805 30.6 0.0 CB 159 
   308 0.99 0.0 HG13 37 
   1003 3.68 0.0 HB3 92 
   419 28.3 0.0 CB 45 
   1447 2.29 0.0 HB3 131 
   1703 2.44 0.0 HB3 152 
   1072 1.17 0.0 HG21 97 
   1422 39.5 0.0 CB 129 
   1465 1.04 0.0 HD22 132 
   1261 4.2 0.0 HB 114 
   1428 121.3 0.0 N 129 
   485 6.97 0.0 HE2 50 
   1768 21.8 0.0 CG2 156 
   1119 1.08 0.0 HG22 101 
   1480 7.26 0.0 HZ2 133 
   793 2.95 0.0 HE3 76 
   1142 27.9 0.0 CG 103 
   566 1.5 0.0 HB2 57 
   905 22.3 0.0 CD1 84 
   1366 121.7 0.0 N 124 
   1650 4.49 0.0 HA 147 
   417 6.94 0.0 HE22 45 
   294 58.7 0.0 CA 36 
   2007 112.3 0.0 NE2 175 
   495 2.1 0.0 HB 51 
   744 4.72 0.0 HA 73 
   1102 33.2 0.0 CB 99 
   737 3.19 0.0 HD3 72 
   200 7.02 0.0 H 28 
   470 1.93 0.0 HG3 49 
   2001 7.5 0.0 HE21 175 
   1912 14.6 0.0 CD1 167 
   1100 3.8 0.0 HD3 99 
   259 2.16 0.0 HB2 34 
   325 58.3 0.0 CA 38 
   961 131.7 0.0 CD2 88 
   1361 4.44 0.0 HA 124 
   1249 1.6 0.0 HD2 113 
   458 0.92 0.0 HD13 48 
   964 128.3 0.0 CZ 88 
   1542 3.23 0.0 HD2 138 
   725 1.1 0.0 HG23 71 
   1737 0.88 0.0 HD12 154 
   1949 29.2 0.0 CD 170 
   1599 26.2 0.0 CG 142 
   1391 69.5 0.0 CB 126 
   879 0.82 0.0 HD11 83 
   109 1.61 0.0 HG13 21 
   1285 2.4 0.0 HG3 117 
   889 22.5 0.0 CD2 83 
   842 5.13 0.0 HA 80 
   29 1.24 0.0 HG23 14 
   955 7.18 0.0 HE1 88 
   1146 1.71 0.0 HB2 104 
   91 3.98 0.0 HB3 19 
   729 107.9 0.0 N 71 
   565 1.5 0.0 HB1 57 
   1080 4.69 0.0 HA 98 
   1582 5.14 0.0 HA2 141 
   669 34.1 0.0 CB 65 
   1444 118.4 0.0 N 130 
   34 8.07 0.0 H 15 
   197 36.8 0.0 CB 27 
   788 1.43 0.0 HG2 76 
   1125 7.94 0.0 H 102 
   1882 108.0 0.0 N 165 
   1223 0.68 0.0 HD22 110 
   1392 21.7 0.0 CG2 126 
   1845 29.2 0.0 CG1 162 
   1564 6.28 0.0 H 140 
   461 29.8 0.0 CG1 48 
   570 121.1 0.0 N 57 
   262 2.42 0.0 HG3 34 
   54 3.21 0.0 HD3 16 
   980 1.02 0.0 HG23 90 
   2006 120.6 0.0 N 175 
   1988 2.83 0.0 HB3 174 
   1092 116.0 0.0 CE2 98 
   645 8.7 0.0 H 64 
   1751 1.43 0.0 HB2 155 
   1318 4.1 0.0 HA2 120 
   525 119.5 0.0 N 53 
   404 37.9 0.0 CB 44 
   1567 2.06 0.0 HB3 140 
   1208 2.43 0.0 HG2 109 
   1479 7.41 0.0 HE3 133 
   972 122.9 0.0 N 89 
   278 56.6 0.0 CA 35 
   1163 0.43 0.0 HD12 105 
   686 37.3 0.0 CB 67 
   808 6.21 0.0 HA 78 
   438 0.93 0.0 HD13 47 
   122 4.51 0.0 HA 22 
   1553 1.46 0.0 HG3 139 
   205 51.9 0.0 CA 28 
   907 121.8 0.0 N 84 
   993 2.38 0.0 HB3 91 
   1099 3.44 0.0 HD2 99 
   1674 7.41 0.0 H 149 
   56 30.2 0.0 CB 16 
   1983 27.8 0.0 CB 173 
   1177 21.6 0.0 CB 106 
   1035 55.2 0.0 CA 94 
   1306 1.79 0.0 HB2 119 
   156 1.18 0.0 HD22 24 
   1264 1.17 0.0 HG23 114 
   933 39.5 0.0 CB 86 
   1189 31.4 0.0 CB 107 
   1693 23.0 0.0 CD1 150 
   1390 62.4 0.0 CA 126 
   357 24.3 0.0 CD2 40 
   1088 42.0 0.0 CB 98 
   882 0.77 0.0 HD21 83 
   1487 113.9 0.0 CZ2 133 
   268 4.34 0.0 HA 35 
   1979 4.42 0.0 HA 173 
   270 1.81 0.0 HB3 35 
   1736 0.88 0.0 HD11 154 
   1963 4.4 0.0 HA 172 
   1196 1.88 0.0 HG2 108 
   779 8.54 0.0 H 75 
   670 36.3 0.0 CG 65 
   1482 7.06 0.0 HH2 133 
   571 7.96 0.0 H 58 
   1312 57.4 0.0 CA 119 
   1662 0.8 0.0 HD11 148 
   1688 1.16 0.0 HD22 150 
   1297 6.74 0.0 HE2 118 
   101 56.0 0.0 CA 20 
   743 8.77 0.0 H 73 
   136 0.96 0.0 HG11 23 
   797 29.6 0.0 CD 76 
   1299 39.5 0.0 CB 118 
   370 32.0 0.0 CB 41 
   619 5.47 0.0 HD2 62 
   544 1.6 0.0 HD3 55 
   927 3.29 0.0 HB3 86 
   721 4.41 0.0 HA 71 
   58 43.2 0.0 CD 16 
   627 133.7 0.0 CE1 62 
   14 35.9 0.0 CG 12 
   623 57.0 0.0 CA 62 
   349 0.84 0.0 HD13 40 
   1191 22.2 0.0 CG2 107 
   433 1.79 0.0 HB2 47 
   528 4.38 0.0 HA 54 
   405 131.7 0.0 CD1 44 
   1841 0.01 0.0 HD12 162 
   577 116.9 0.0 N 58 
   1030 0.7 0.0 HG22 94 
   677 66.8 0.0 CB 66 
   432 4.23 0.0 HA 47 
   1106 4.12 0.0 HA 100 
   1320 45.5 0.0 CA 120 
   801 5.55 0.0 HA 77 
   1951 123.6 0.0 N 170 
   1683 1.88 0.0 HG 150 
   1501 4.14 0.0 HA 135 
   829 3.01 0.0 HB3 79 
   451 1.26 0.0 HG12 48 
