   589 4.4 0.0 HA 60 
   1325 45.6 0.0 CA 121 
   307 0.99 0.0 HG12 37 
   228 1.58 0.0 HG2 31 
   672 7.8 0.0 H 66 
   1574 36.4 0.0 CB 140 
   1899 1.86 0.0 HB 167 
   1527 0.66 0.0 HG12 137 
   481 3.32 0.0 HB3 50 
   108 0.36 0.0 HG12 21 
   1694 27.2 0.0 CD2 150 
   1148 2.07 0.0 HG2 104 
   1976 41.8 0.0 CE 172 
   1595 0.37 0.0 HD22 142 
   7 4.11 0.0 HA 12 
   1180 4.9 0.0 HA 107 
   442 58.8 0.0 CA 47 
   1297 6.74 0.0 HE2 118 
   1688 1.16 0.0 HD22 150 
   1318 4.1 0.0 HA2 120 
   125 2.1 0.0 HG2 22 
   1832 8.16 0.0 H 162 
   1647 32.2 0.0 CG 146 
   132 50.7 0.0 CD 22 
   1371 1.35 0.0 HG 125 
   187 68.1 0.0 CB 26 
   586 116.4 0.0 N 59 
   1278 4.0 0.0 HA 116 
   1112 67.9 0.0 CB 100 
   606 29.6 0.0 CB 61 
   1072 1.17 0.0 HG21 97 
   279 42.7 0.0 CB 35 
   1169 14.7 0.0 CD1 105 
   513 59.7 0.0 CA 52 
   68 1.1 0.0 HG23 17 
   1627 -0.05 0.0 HD11 145 
   1826 57.4 0.0 CA 161 
   1164 0.43 0.0 HD13 105 
   1951 123.6 0.0 N 170 
   234 27.1 0.0 CG 31 
   1979 4.42 0.0 HA 173 
   1721 6.62 0.0 HH2 153 
   845 1.57 0.0 HG13 80 
   1876 41.8 0.0 CE 164 
   595 7.49 0.0 H 61 
   1747 118.8 0.0 N 154 
   405 131.7 0.0 CD1 44 
   683 7.79 0.0 HD21 67 
   1275 18.9 0.0 CB 115 
   1576 127.3 0.0 CD2 140 
   21 54.2 0.0 CA 13 
   1586 10.28 0.0 H 142 
   955 7.18 0.0 HE1 88 
   1006 6.63 0.0 HE1 92 
   1349 -0.36 0.0 HG22 123 
   1644 2.21 0.0 HG3 146 
   1977 122.0 0.0 N 172 
   1431 1.96 0.0 HB2 130 
   1758 1.8 0.0 HB 156 
   1375 0.33 0.0 HD21 125 
   1631 0.45 0.0 HD22 145 
   1821 0.66 0.0 HD12 161 
   287 3.79 0.0 HB3 36 
   1530 1.08 0.0 HG22 137 
   870 2.87 0.0 HB3 82 
   1051 50.6 0.0 CD 95 
   1978 8.4 0.0 H 173 
   1632 0.45 0.0 HD23 145 
   1950 41.8 0.0 CE 170 
   110 0.18 0.0 HG21 21 
   756 119.8 0.0 CE3 73 
   1322 8.15 0.0 H 121 
   933 39.5 0.0 CB 86 
   593 40.5 0.0 CB 60 
   94 116.9 0.0 N 19 
   141 1.13 0.0 HG23 23 
   1606 1.04 0.0 HB2 143 
   1850 4.04 0.0 HA 163 
   1580 113.4 0.0 N 140 
   793 2.95 0.0 HE3 76 
   1202 27.1 0.0 CG 108 
   1410 136.2 0.0 CE1 128 
   2000 2.31 0.0 HG3 175 
   1370 1.68 0.0 HB3 125 
   1763 0.93 0.0 HG22 156 
   1997 1.94 0.0 HB2 175 
   1815 7.82 0.0 H 161 
   1388 1.41 0.0 HG22 126 
   143 32.8 0.0 CB 23 
   165 4.41 0.0 HA 25 
   1892 63.3 0.0 CA 166 
   444 27.4 0.0 CG 47 
   1493 4.17 0.0 HA 134 
   1567 2.06 0.0 HB3 140 
   1738 0.88 0.0 HD13 154 
   836 131.9 0.0 CD1 79 
   1640 4.36 0.0 HA 146 
   1109 1.25 0.0 HG22 100 
   945 54.3 0.0 CA 87 
   1619 115.6 0.0 CD2 144 
   1713 4.06 0.0 HA 153 
   543 1.6 0.0 HD2 55 
   265 36.3 0.0 CG 34 
   1891 1.0 0.0 HG23 166 
   276 1.01 0.0 HD22 35 
   1501 4.14 0.0 HA 135 
   1236 41.0 0.0 CB 111 
   529 3.06 0.0 HB2 54 
   1472 119.9 0.0 N 132 
   281 22.8 0.0 CD1 35 
   1332 1.23 0.0 HG3 122 
   1268 110.1 0.0 N 114 
   1592 -0.51 0.0 HD12 142 
   1599 26.2 0.0 CG 142 
   1460 1.53 0.0 HG 132 
   1981 2.88 0.0 HB3 173 
   1894 21.8 0.0 CG1 166 
   1550 1.74 0.0 HB2 139 
   40 3.21 0.0 HD2 15 
   1306 1.79 0.0 HB2 119 
   563 7.52 0.0 H 57 
   1185 0.93 0.0 HG21 107 
   883 0.77 0.0 HD22 83 
   1225 53.9 0.0 CA 110 
   1247 1.3 0.0 HG2 113 
   1947 33.5 0.0 CB 170 
   1744 26.8 0.0 CG 154 
   1019 2.51 0.0 HB2 93 
   940 5.28 0.0 HA 87 
   1508 57.0 0.0 CA 135 
   776 130.0 0.0 CE2 74 
   418 59.3 0.0 CA 45 
   70 32.2 0.0 CB 17 
   1518 7.29 0.0 HD22 136 
   584 51.8 0.0 CA 59 
   1967 1.43 0.0 HG3 172 
   1672 22.7 0.0 CD2 148 
   1562 41.9 0.0 CE 139 
   708 2.23 0.0 HB3 69 
   1128 0.01 0.0 HB2 102 
   1101 62.8 0.0 CA 99 
   539 1.91 0.0 HB2 55 
   739 32.8 0.0 CB 72 
   666 1.89 0.0 HG2 65 
   1000 8.46 0.0 H 92 
   1171 8.88 0.0 H 106 
   757 113.1 0.0 CZ2 73 
   267 8.01 0.0 H 35 
   200 7.02 0.0 H 28 
   553 8.2 0.0 H 56 
   182 3.96 0.0 HB 26 
   827 4.84 0.0 HA 79 
   1281 56.2 0.0 CA 116 
   993 2.38 0.0 HB3 91 
   487 38.5 0.0 CB 50 
   1989 7.61 0.0 HD21 174 
   223 48.9 0.0 CD 30 
   900 0.64 0.0 HD22 84 
   1926 112.3 0.0 NE2 168 
   293 7.05 0.0 HH2 36 
   1140 61.6 0.0 CA 103 
   1816 3.88 0.0 HA 161 
   707 2.1 0.0 HB2 69 
   1232 4.44 0.0 HA 111 
   1677 45.7 0.0 CA 149 
   1807 49.4 0.0 CD 159 
   1503 1.86 0.0 HB3 135 
   1151 30.1 0.0 CB 104 
   649 1.83 0.0 HG 64 
   1257 42.5 0.0 CE 113 
   1838 0.81 0.0 HG22 162 
   1536 122.5 0.0 N 137 
   1264 1.17 0.0 HG23 114 
   917 2.37 0.0 HE3 85 
   1745 23.0 0.0 CD1 154 
   445 25.4 0.0 CD1 47 
   1121 59.6 0.0 CA 101 
   509 2.1 0.0 HB2 52 
   715 7.82 0.0 H 70 
   743 8.77 0.0 H 73 
   396 4.5 0.0 HA 44 
   1516 1.28 0.0 HB3 136 
   331 4.12 0.0 HA 39 
   1035 55.2 0.0 CA 94 
   1799 2.07 0.0 HB3 159 
   1982 58.6 0.0 CA 173 
   138 0.96 0.0 HG13 23 
   47 8.18 0.0 H 16 
   1895 21.8 0.0 CG2 166 
   1026 2.04 0.0 HB 94 
   1954 1.93 0.0 HB2 171 
   905 22.3 0.0 CD1 84 
   1893 32.2 0.0 CB 166 
   1724 127.0 0.0 CD1 153 
   824 117.5 0.0 N 78 
   1775 1.28 0.0 HG3 157 
   1791 63.4 0.0 CA 158 
   1458 1.61 0.0 HB2 132 
   930 6.77 0.0 HE1 86 
   118 27.5 0.0 CG1 21 
   653 0.91 0.0 HD21 64 
   953 7.16 0.0 HD1 88 
   674 0.91 0.0 HB2 66 
   452 1.86 0.0 HG13 48 
   1587 3.92 0.0 HA 142 
   1048 62.1 0.0 CA 95 
   998 35.4 0.0 CG 91 
   244 8.58 0.0 H 33 
   372 29.5 0.0 CD 41 
   433 1.79 0.0 HB2 47 
   1872 56.9 0.0 CA 164 
   1237 119.9 0.0 N 111 
   284 8.01 0.0 H 36 
   664 1.55 0.0 HB2 65 
   1017 8.57 0.0 H 93 
   1416 7.05 0.0 HD1 129 
   1846 16.7 0.0 CG2 162 
   551 41.8 0.0 CE 55 
   13 29.4 0.0 CB 12 
   1948 24.8 0.0 CG 170 
   308 0.99 0.0 HG13 37 
   1016 112.7 0.0 N 92 
   846 0.64 0.0 HG21 80 
   274 0.91 0.0 HD13 35 
   239 3.17 0.0 HB2 32 
   1279 2.0 0.0 HB2 116 
   656 54.3 0.0 CA 64 
   1863 4.19 0.0 HA 164 
   55 57.8 0.0 CA 16 
   1392 21.7 0.0 CG2 126 
   1868 1.5 0.0 HD2 164 
   1285 2.4 0.0 HG3 117 
   1263 1.17 0.0 HG22 114 
   208 8.82 0.0 H 29 
   1705 2.09 0.0 HG3 152 
   194 6.5 0.0 HD21 27 
   1122 69.9 0.0 CB 101 
   356 24.3 0.0 CD1 40 
   1783 0.82 0.0 HG12 158 
   665 1.81 0.0 HB3 65 
   14 35.9 0.0 CG 12 
   1877 115.9 0.0 N 164 
   369 60.1 0.0 CA 41 
   779 8.54 0.0 H 75 
   1963 4.4 0.0 HA 172 
   190 9.34 0.0 H 27 
   440 0.98 0.0 HD22 47 
   531 4.55 0.0 HD21 54 
   426 3.98 0.0 HB3 46 
   1342 118.4 0.0 N 122 
   1666 0.92 0.0 HD22 148 
   1200 66.4 0.0 CA 108 
   1150 54.1 0.0 CA 104 
   780 4.93 0.0 HA2 75 
   432 4.23 0.0 HA 47 
   623 57.0 0.0 CA 62 
   1831 118.0 0.0 N 161 
   1557 2.91 0.0 HE3 139 
   789 1.57 0.0 HG3 76 
   614 6.81 0.0 H 62 
   53 3.21 0.0 HD2 16 
   1178 128.8 0.0 N 106 
   519 3.0 0.0 HB2 53 
   644 118.8 0.0 N 63 
   1637 23.3 0.0 CD2 145 
   1641 2.2 0.0 HB2 146 
   1854 2.49 0.0 HG3 163 
   243 119.3 0.0 N 32 
   722 4.57 0.0 HB 71 
   629 131.9 0.0 CZ 62 
   1776 57.3 0.0 CA 157 
   1124 114.3 0.0 N 101 
   1049 32.4 0.0 CB 95 
   1242 115.0 0.0 N 112 
   1210 58.3 0.0 CA 109 
   608 122.4 0.0 CE3 61 
   309 1.13 0.0 HG21 37 
   479 4.78 0.0 HA 50 
   864 34.3 0.0 CB 81 
   230 3.17 0.0 HD2 31 
   1712 7.2 0.0 H 153 
   1494 1.5 0.0 HB1 134 
   1175 1.34 0.0 HB3 106 
   489 131.7 0.0 CD2 50 
   969 2.91 0.0 HB3 89 
   942 1.9 0.0 HB3 87 
   1875 29.2 0.0 CD 164 
   1901 1.3 0.0 HG13 167 
   916 2.27 0.0 HE2 85 
   483 7.26 0.0 HD2 50 
   974 5.66 0.0 HA 90 
   359 7.57 0.0 H 41 
   1569 6.2 0.0 HD2 140 
   112 0.18 0.0 HG23 21 
   1172 5.09 0.0 HA 106 
   100 2.4 0.0 HG3 20 
   906 24.8 0.0 CD2 84 
   1663 0.8 0.0 HD12 148 
   183 1.25 0.0 HG21 26 
   1094 3.55 0.0 HA 99 
   385 8.98 0.0 H 43 
   1923 31.6 0.0 CB 168 
   597 2.65 0.0 HB2 61 
   1862 7.88 0.0 H 164 
   919 34.2 0.0 CB 85 
   412 2.23 0.0 HB2 45 
   368 2.96 0.0 HE3 41 
   1188 58.3 0.0 CA 107 
   1014 129.9 0.0 CE2 92 
   685 51.6 0.0 CA 67 
   1193 4.13 0.0 HA 108 
   976 0.84 0.0 HG12 90 
   105 7.66 0.0 H 21 
   131 27.7 0.0 CG 22 
   611 123.3 0.0 CH2 61 
   1157 0.33 0.0 HG12 105 
   1866 1.45 0.0 HG2 164 
   95 7.79 0.0 H 20 
   1498 18.5 0.0 CB 134 
   159 41.3 0.0 CB 24 
   728 23.0 0.0 CG2 71 
   1903 0.95 0.0 HG22 167 
   1358 13.5 0.0 CD1 123 
   851 0.82 0.0 HD13 80 
   1389 1.41 0.0 HG23 126 
   842 5.13 0.0 HA 80 
   782 45.8 0.0 CA 75 
   44 27.3 0.0 CG 15 
   1446 1.83 0.0 HB2 131 
   821 114.1 0.0 CZ2 78 
   1754 18.2 0.0 CB 155 
   1093 128.0 0.0 N 98 
   39 1.72 0.0 HG3 15 
   1207 2.39 0.0 HB3 109 
   932 57.5 0.0 CA 86 
   303 7.5 0.0 H 37 
   1659 1.74 0.0 HB2 148 
   300 122.2 0.0 CH2 36 
   191 4.6 0.0 HA 27 
   1701 4.25 0.0 HA 152 
   124 2.46 0.0 HB3 22 
   379 2.4 0.0 HG2 42 
   1080 4.69 0.0 HA 98 
   151 1.7 0.0 HG 24 
   289 9.86 0.0 HE1 36 
   1889 1.0 0.0 HG21 166 
   1727 119.6 0.0 CZ3 153 
   1216 1.6 0.0 HB2 110 
   192 2.32 0.0 HB2 27 
   1047 3.51 0.0 HD3 95 
   474 29.4 0.0 CB 49 
   1294 7.0 0.0 HD1 118 
   26 4.2 0.0 HB 14 
   938 129.3 0.0 N 86 
   1715 3.56 0.0 HB3 153 
   1842 0.01 0.0 HD13 162 
   1965 1.85 0.0 HB3 172 
   983 0.71 0.0 HD13 90 
   291 7.92 0.0 HZ2 36 
   1135 2.45 0.0 HB3 103 
   921 29.2 0.0 CD 85 
   407 117.8 0.0 CE1 44 
   349 0.84 0.0 HD13 40 
   783 107.1 0.0 N 75 
   1190 20.0 0.0 CG1 107 
   1469 27.0 0.0 CG 132 
   587 110.7 0.0 ND2 59 
   189 121.3 0.0 N 26 
   1759 0.75 0.0 HG11 156 
   1773 0.96 0.0 HB3 157 
   991 5.29 0.0 HA 91 
   188 22.0 0.0 CG2 26 
   548 32.2 0.0 CB 55 
   1883 7.79 0.0 H 166 
   149 1.51 0.0 HB2 24 
   1261 4.2 0.0 HB 114 
   86 22.0 0.0 CG2 18 
   1021 52.0 0.0 CA 93 
   245 3.99 0.0 HA 33 
   676 55.8 0.0 CA 66 
   1944 2.96 0.0 HE2 170 
   1932 57.3 0.0 CA 169 
   660 24.2 0.0 CD2 64 
   1678 107.1 0.0 N 149 
   774 131.7 0.0 CD2 74 
   978 1.02 0.0 HG21 90 
   1434 1.72 0.0 HG3 130 
   1153 119.5 0.0 N 104 
   345 1.42 0.0 HB3 40 
   1990 6.91 0.0 HD22 174 
   1394 8.77 0.0 H 127 
   1352 -0.19 0.0 HD12 123 
   721 4.41 0.0 HA 71 
   1260 4.63 0.0 HA 114 
   1646 31.6 0.0 CB 146 
   1451 3.77 0.0 HD3 131 
   1841 0.01 0.0 HD12 162 
   1404 3.23 0.0 HB3 128 
   1865 2.04 0.0 HB3 164 
   1483 61.0 0.0 CA 133 
   1964 1.72 0.0 HB2 172 
   1212 36.8 0.0 CG 109 
   886 39.8 0.0 CB 83 
   910 1.51 0.0 HB2 85 
   533 55.3 0.0 CA 54 
   1698 3.72 0.0 HA3 151 
   83 64.2 0.0 CA 18 
   1992 38.6 0.0 CB 174 
   1958 55.9 0.0 CA 171 
   759 123.7 0.0 CH2 73 
   89 4.33 0.0 HA 19 
   135 2.37 0.0 HB 23 
   304 3.36 0.0 HA 37 
   943 2.0 0.0 HG2 87 
   1267 20.7 0.0 CG2 114 
   777 129.4 0.0 CZ 74 
   1624 1.42 0.0 HB2 145 
   343 3.56 0.0 HA 40 
   50 1.9 0.0 HB3 16 
   1117 3.67 0.0 HB 101 
   1305 4.25 0.0 HA 119 
   1590 1.64 0.0 HG 142 
   253 28.7 0.0 CB 33 
   1880 4.11 0.0 HA3 165 
   1409 120.2 0.0 CD2 128 
   640 54.8 0.0 CA 63 
   1390 62.4 0.0 CA 126 
   167 1.76 0.0 HB3 25 
   317 7.16 0.0 H 38 
   181 3.89 0.0 HA 26 
   460 37.8 0.0 CB 48 
   516 119.7 0.0 N 52 
   106 4.14 0.0 HA 21 
   1258 117.5 0.0 N 113 
   1927 8.65 0.0 H 169 
   1452 65.5 0.0 CA 131 
   60 7.9 0.0 H 17 
   109 1.61 0.0 HG13 21 
   1795 8.6 0.0 CD1 158 
   1610 120.1 0.0 N 143 
   1500 7.5 0.0 H 135 
   1418 6.99 0.0 HE1 129 
   66 1.1 0.0 HG21 17 
   180 10.39 0.0 H 26 
   957 7.05 0.0 HZ 88 
   797 29.6 0.0 CD 76 
   78 0.94 0.0 HG12 18 
   1025 4.37 0.0 HA 94 
   724 1.1 0.0 HG22 71 
   1393 111.5 0.0 N 126 
   1733 1.24 0.0 HB2 154 
   321 2.45 0.0 HG2 38 
   1069 7.01 0.0 H 97 
   1969 1.65 0.0 HD3 172 
   946 34.7 0.0 CB 87 
   1873 34.1 0.0 CB 164 
   1788 0.18 0.0 HD11 158 
   706 4.19 0.0 HA 69 
   590 2.19 0.0 HB2 60 
   1384 8.22 0.0 H 126 
   959 42.6 0.0 CB 88 
   747 6.4 0.0 HD1 73 
   91 3.98 0.0 HB3 19 
   680 4.76 0.0 HA 67 
   1463 0.93 0.0 HD13 132 
   1540 1.25 0.0 HG2 138 
   350 0.86 0.0 HD21 40 
   753 55.4 0.0 CA 73 
   437 0.93 0.0 HD12 47 
   1499 117.9 0.0 N 134 
   1559 32.6 0.0 CB 139 
   448 8.86 0.0 H 48 
   1254 33.3 0.0 CB 113 
   903 43.1 0.0 CB 84 
   1005 6.51 0.0 HD2 92 
   1820 0.66 0.0 HD11 161 
   647 1.83 0.0 HB2 64 
   2003 56.0 0.0 CA 175 
   246 2.0 0.0 HB2 33 
   1429 8.59 0.0 H 130 
   929 7.33 0.0 HD2 86 
   295 29.5 0.0 CB 36 
   280 27.0 0.0 CG 35 
   1220 0.5 0.0 HD12 110 
   1961 119.4 0.0 N 171 
   602 7.45 0.0 HZ2 61 
   935 132.9 0.0 CD2 86 
   1793 28.2 0.0 CG1 158 
   1778 34.2 0.0 CG 157 
   690 3.96 0.0 HA 68 
   373 42.2 0.0 CE 41 
   636 1.74 0.0 HG3 63 
   429 62.7 0.0 CB 46 
   745 1.04 0.0 HB2 73 
   527 8.75 0.0 H 54 
   1771 3.85 0.0 HA 157 
   1356 24.8 0.0 CG1 123 
   1922 54.4 0.0 CA 168 
   16 8.44 0.0 H 13 
   686 37.3 0.0 CB 67 
   1510 27.0 0.0 CG 135 
   1341 41.8 0.0 CE 122 
   161 27.0 0.0 CD1 24 
   1683 1.88 0.0 HG 150 
   1966 1.35 0.0 HG2 172 
   1158 1.15 0.0 HG13 105 
   302 125.7 0.0 NE1 36 
   939 8.12 0.0 H 87 
   1834 1.39 0.0 HB 162 
   1084 7.38 0.0 HD2 98 
   1897 6.85 0.0 H 167 
   630 115.3 0.0 N 62 
   1929 2.59 0.0 HB2 169 
   840 121.1 0.0 N 79 
   701 24.4 0.0 CG 68 
   1565 4.03 0.0 HA 140 
   461 29.8 0.0 CG1 48 
   996 55.2 0.0 CA 91 
   523 55.6 0.0 CA 53 
   46 121.6 0.0 N 15 
   1730 127.7 0.0 NE1 153 
   1163 0.43 0.0 HD12 105 
   1387 1.41 0.0 HG21 126 
   1936 8.48 0.0 H 170 
   1298 53.1 0.0 CA 118 
   1471 26.2 0.0 CD2 132 
   1506 3.11 0.0 HD2 135 
   428 62.8 0.0 CA 46 
   1571 6.77 0.0 HE2 140 
   17 4.21 0.0 HA 13 
   231 3.17 0.0 HD3 31 
   799 121.3 0.0 N 76 
   816 6.84 0.0 HH2 78 
   1789 0.18 0.0 HD12 158 
   1668 54.5 0.0 CA 148 
   1999 2.31 0.0 HG2 175 
   1980 2.81 0.0 HB2 173 
   1011 131.3 0.0 CD1 92 
   909 4.75 0.0 HA 85 
   1118 1.08 0.0 HG21 101 
   1455 50.3 0.0 CD 131 
   178 41.8 0.0 CE 25 
   1545 32.6 0.0 CB 138 
   1869 1.59 0.0 HD3 164 
   1062 0.87 0.0 HD13 96 
   971 41.3 0.0 CB 89 
   1988 2.83 0.0 HB3 174 
   216 1.05 0.0 HG2 30 
   1383 126.2 0.0 N 125 
   8 2.03 0.0 HB2 12 
   607 128.3 0.0 CD1 61 
   425 3.98 0.0 HB2 46 
   362 2.06 0.0 HB3 41 
   1968 1.65 0.0 HD2 172 
   1133 4.23 0.0 HA 103 
   1071 4.67 0.0 HB 97 
   744 4.72 0.0 HA 73 
   911 1.74 0.0 HB3 85 
   1373 0.13 0.0 HD12 125 
   357 24.3 0.0 CD2 40 
   801 5.55 0.0 HA 77 
   591 2.96 0.0 HB3 60 
   366 1.74 0.0 HD3 41 
   1243 8.33 0.0 H 113 
   1092 116.0 0.0 CE2 98 
   148 4.56 0.0 HA 24 
   1060 0.87 0.0 HD11 96 
   1407 57.1 0.0 CA 128 
   248 1.72 0.0 HG2 33 
   1391 69.5 0.0 CB 126 
   2001 7.5 0.0 HE21 175 
   1535 22.9 0.0 CG2 137 
   1179 8.02 0.0 H 107 
   758 120.1 0.0 CZ3 73 
   585 39.9 0.0 CB 59 
   1528 0.66 0.0 HG13 137 
   904 25.9 0.0 CG 84 
   555 2.93 0.0 HB2 56 
   220 63.2 0.0 CA 30 
   1695 125.1 0.0 N 150 
   399 7.33 0.0 HD1 44 
   1633 58.4 0.0 CA 145 
   822 120.5 0.0 CZ3 78 
   924 9.53 0.0 H 86 
   1630 0.45 0.0 HD21 145 
   1086 7.33 0.0 HE2 98 
   775 130.0 0.0 CE1 74 
   85 21.7 0.0 CG1 18 
   1271 1.43 0.0 HB1 115 
   893 0.6 0.0 HB2 84 
   1312 57.4 0.0 CA 119 
   1543 3.45 0.0 HD3 138 
   1076 67.7 0.0 CB 97 
   1870 2.92 0.0 HE2 164 
   1438 2.99 0.0 HE3 130 
   1053 3.78 0.0 HA 96 
   1768 21.8 0.0 CG2 156 
   631 8.75 0.0 H 63 
   1065 27.8 0.0 CG1 96 
   145 22.0 0.0 CG2 23 
   30 64.2 0.0 CA 14 
   198 128.7 0.0 N 27 
   1229 22.5 0.0 CD2 110 
   327 33.3 0.0 CG 38 
   1995 8.36 0.0 H 175 
   1165 62.8 0.0 CA 105 
   337 2.71 0.0 HD3 39 
   252 58.8 0.0 CA 33 
   155 1.18 0.0 HD21 24 
   93 63.2 0.0 CB 19 
   391 58.5 0.0 CA 43 
   713 37.3 0.0 CG 69 
   1757 3.87 0.0 HA 156 
   204 1.47 0.0 HB3 28 
   1607 1.04 0.0 HB3 143 
   1405 7.06 0.0 HD2 128 
   1786 0.42 0.0 HG22 158 
   19 1.47 0.0 HB2 13 
   571 7.96 0.0 H 58 
   88 8.07 0.0 H 19 
   1600 23.0 0.0 CD1 142 
   319 2.23 0.0 HB2 38 
   1350 -0.36 0.0 HG23 123 
   1566 1.98 0.0 HB2 140 
   1396 2.61 0.0 HB2 127 
   806 114.4 0.0 N 77 
   1238 8.62 0.0 H 112 
   397 3.17 0.0 HB2 44 
   1477 6.93 0.0 HD1 133 
   770 6.92 0.0 HZ 74 
   833 6.69 0.0 HE2 79 
   1256 29.1 0.0 CD 113 
   1448 1.99 0.0 HG2 131 
   709 2.34 0.0 HG2 69 
   48 4.19 0.0 HA 16 
   525 119.5 0.0 N 53 
   1551 1.6 0.0 HB3 139 
   913 1.18 0.0 HG3 85 
   819 125.9 0.0 CD1 78 
   361 2.06 0.0 HB2 41 
   1643 2.21 0.0 HG2 146 
   865 119.9 0.0 CD2 81 
   520 3.26 0.0 HB3 53 
   1050 27.0 0.0 CG 95 
   811 7.03 0.0 HD1 78 
   2002 6.84 0.0 HE22 175 
   1311 3.21 0.0 HD3 119 
   1283 119.1 0.0 N 116 
   981 0.71 0.0 HD11 90 
   577 116.9 0.0 N 58 
   360 4.16 0.0 HA 41 
   1003 3.68 0.0 HB3 92 
   1615 5.82 0.0 HD2 144 
   1360 7.71 0.0 H 124 
   853 38.1 0.0 CB 80 
   247 2.12 0.0 HB3 33 
   748 9.32 0.0 HE1 73 
   1887 1.0 0.0 HG12 166 
   695 1.69 0.0 HD2 68 
   534 36.9 0.0 CB 54 
   1645 57.0 0.0 CA 146 
   545 2.84 0.0 HE2 55 
   1835 0.32 0.0 HG12 162 
   1731 8.68 0.0 H 154 
   1918 2.32 0.0 HG2 168 
   1648 117.1 0.0 N 146 
   435 1.91 0.0 HG 47 
   1464 1.04 0.0 HD21 132 
   1339 25.6 0.0 CG 122 
   344 0.97 0.0 HB2 40 
   1906 0.85 0.0 HD12 167 
   855 17.1 0.0 CG2 80 
   1777 29.2 0.0 CB 157 
   1524 4.01 0.0 HA 137 
   1485 126.6 0.0 CD1 133 
   838 117.3 0.0 CE1 79 
   398 3.25 0.0 HB3 44 
   1882 108.0 0.0 N 165 
   387 2.22 0.0 HB2 43 
   1142 27.9 0.0 CG 103 
   1848 120.1 0.0 N 162 
   1811 2.55 0.0 HB3 160 
   963 129.6 0.0 CE2 88 
   77 0.94 0.0 HG11 18 
   271 1.77 0.0 HG 35 
   1201 32.3 0.0 CB 108 
   843 1.63 0.0 HB 80 
   1055 1.32 0.0 HG12 96 
   652 0.91 0.0 HD13 64 
   1756 6.91 0.0 H 156 
   255 43.1 0.0 CD 33 
   540 1.91 0.0 HB3 55 
   1123 21.0 0.0 CG2 101 
   1126 3.87 0.0 HA 102 
   2007 112.3 0.0 NE2 175 
   430 114.9 0.0 N 46 
   1465 1.04 0.0 HD22 132 
   860 2.85 0.0 HB2 81 
   334 1.47 0.0 HG2 39 
   1660 2.08 0.0 HB3 148 
   1317 8.98 0.0 H 120 
   381 59.1 0.0 CA 42 
   622 5.65 0.0 HZ 62 
   514 29.2 0.0 CB 52 
   1114 122.2 0.0 N 100 
   1228 25.1 0.0 CD1 110 
   1719 7.16 0.0 HZ2 153 
   1028 2.13 0.0 HG13 94 
   101 56.0 0.0 CA 20 
   1603 9.24 0.0 H 143 
   1563 122.6 0.0 N 139 
   723 1.1 0.0 HG21 71 
   49 1.9 0.0 HB2 16 
   1475 2.49 0.0 HB2 133 
   272 0.91 0.0 HD11 35 
   490 118.8 0.0 CE1 50 
   859 4.82 0.0 HA 81 
   1845 29.2 0.0 CG1 162 
   160 31.1 0.0 CG 24 
   25 4.07 0.0 HA 14 
   375 7.68 0.0 H 42 
   142 61.6 0.0 CA 23 
   646 5.07 0.0 HA 64 
   1344 3.77 0.0 HA 123 
   1949 29.2 0.0 CD 170 
   570 121.1 0.0 N 57 
   582 6.69 0.0 HD21 59 
   767 6.87 0.0 HD2 74 
   1130 49.7 0.0 CA 102 
   1219 0.5 0.0 HD11 110 
   477 119.0 0.0 N 49 
   202 1.47 0.0 HB1 28 
   1277 8.32 0.0 H 116 
   1919 2.35 0.0 HG3 168 
   1533 33.3 0.0 CB 137 
   1107 4.44 0.0 HB 100 
   881 0.82 0.0 HD13 83 
   1741 1.14 0.0 HD23 154 
   1798 1.66 0.0 HB2 159 
   1085 6.93 0.0 HE1 98 
   323 6.95 0.0 HE21 38 
   1765 63.4 0.0 CA 156 
   87 118.3 0.0 N 18 
   1111 67.1 0.0 CA 100 
   598 4.08 0.0 HB3 61 
   951 2.71 0.0 HB2 88 
   968 2.72 0.0 HB2 89 
   406 131.7 0.0 CD2 44 
   902 53.6 0.0 CA 84 
   266 121.5 0.0 N 34 
   326 28.0 0.0 CB 38 
   785 5.61 0.0 HA 76 
   920 25.6 0.0 CG 85 
   15 122.1 0.0 N 12 
   1480 7.26 0.0 HZ2 133 
   1282 29.0 0.0 CB 116 
   169 1.29 0.0 HG3 25 
   210 4.82 0.0 HA3 29 
   1609 18.0 0.0 CB 143 
   213 2.52 0.0 HA 30 
   537 8.89 0.0 H 55 
   1628 -0.05 0.0 HD12 145 
   654 0.91 0.0 HD22 64 
   392 28.4 0.0 CB 43 
   1412 7.96 0.0 H 129 
   1642 2.46 0.0 HB3 146 
   599 7.87 0.0 HD1 61 
   1196 1.88 0.0 HG2 108 
   488 131.7 0.0 CD1 50 
   1924 33.7 0.0 CG 168 
   1711 51.4 0.0 CD 152 
   1209 2.43 0.0 HG3 109 
   1027 1.78 0.0 HG12 94 
   1274 52.6 0.0 CA 115 
   1685 0.87 0.0 HD12 150 
   986 25.7 0.0 CG1 90 
   1095 1.45 0.0 HB2 99 
   1119 1.08 0.0 HG22 101 
   63 1.01 0.0 HG11 17 
   698 3.0 0.0 HE3 68 
   1020 2.67 0.0 HB3 93 
   301 121.6 0.0 N 36 
   408 117.8 0.0 CE2 44 
   1495 1.5 0.0 HB2 134 
   262 2.42 0.0 HG3 34 
   1675 4.05 0.0 HA2 149 
   1560 25.7 0.0 CG 139 
   99 2.21 0.0 HG2 20 
   716 4.53 0.0 HA2 70 
   76 2.19 0.0 HB 18 
   494 3.25 0.0 HA 51 
   687 116.8 0.0 N 67 
   503 31.5 0.0 CB 51 
   205 51.9 0.0 CA 28 
   990 8.61 0.0 H 91 
   670 36.3 0.0 CG 65 
   737 3.19 0.0 HD3 72 
   1364 57.6 0.0 CA 124 
   1617 61.9 0.0 CA 144 
   1502 1.71 0.0 HB2 135 
   168 1.29 0.0 HG2 25 
   720 8.33 0.0 H 71 
   575 55.3 0.0 CA 58 
   419 28.3 0.0 CB 45 
   694 1.46 0.0 HG3 68 
   363 1.45 0.0 HG2 41 
   1249 1.6 0.0 HD2 113 
   377 2.27 0.0 HB2 42 
   1296 6.74 0.0 HE1 118 
   1830 22.9 0.0 CD2 161 
   1023 118.3 0.0 N 93 
   823 123.5 0.0 CH2 78 
   1652 1.22 0.0 HB2 147 
   71 21.1 0.0 CG1 17 
   632 4.37 0.0 HA 63 
   203 1.47 0.0 HB2 28 
   931 6.77 0.0 HE2 86 
   1382 22.6 0.0 CD2 125 
   1327 7.0 0.0 H 122 
   1860 121.6 0.0 N 163 
   471 3.37 0.0 HD2 49 
   1582 5.14 0.0 HA2 141 
   29 1.24 0.0 HG23 14 
   455 0.97 0.0 HG23 48 
   470 1.93 0.0 HG3 49 
   410 8.21 0.0 H 45 
   922 41.3 0.0 CE 85 
   1760 0.75 0.0 HG12 156 
   814 7.17 0.0 HZ2 78 
   1286 1.89 0.0 HE1 117 
   1230 116.5 0.0 N 110 
   394 120.6 0.0 N 43 
   1345 0.37 0.0 HB 123 
   817 56.7 0.0 CA 78 
   965 121.3 0.0 N 88 
   937 117.5 0.0 CE2 86 
   358 120.3 0.0 N 40 
   1945 2.96 0.0 HE3 170 
   567 1.5 0.0 HB3 57 
   1205 4.3 0.0 HA 109 
   643 42.6 0.0 CD 63 
   985 42.8 0.0 CB 90 
   554 4.54 0.0 HA 56 
   1398 56.8 0.0 CA 127 
   1547 48.1 0.0 CD 138 
   729 107.9 0.0 N 71 
   972 122.9 0.0 N 89 
   768 7.0 0.0 HE1 74 
   495 2.1 0.0 HB 51 
   1579 130.1 0.0 CZ 140 
   1291 4.86 0.0 HA 118 
   1937 4.24 0.0 HA 170 
   298 114.2 0.0 CZ2 36 
   1959 31.0 0.0 CB 171 
   43 30.1 0.0 CB 15 
   33 113.2 0.0 N 14 
   1839 0.81 0.0 HG23 162 
   626 132.0 0.0 CD2 62 
   1127 0.01 0.0 HB1 102 
   163 126.3 0.0 N 24 
   1942 1.6 0.0 HD2 170 
   1099 3.44 0.0 HD2 99 
   1192 119.5 0.0 N 107 
   1083 7.86 0.0 HD1 98 
   2005 33.7 0.0 CG 175 
   258 4.24 0.0 HA 34 
   61 3.95 0.0 HA 17 
   1522 116.8 0.0 ND2 136 
   1340 28.9 0.0 CD 122 
   447 120.8 0.0 N 47 
   658 27.3 0.0 CG 64 
   480 3.32 0.0 HB2 50 
   386 4.33 0.0 HA 43 
   38 1.59 0.0 HG2 15 
   1428 121.3 0.0 N 129 
   1331 1.04 0.0 HG2 122 
   857 128.9 0.0 N 80 
   10 2.32 0.0 HG2 12 
   56 30.2 0.0 CB 16 
   1015 127.8 0.0 CZ 92 
   476 42.2 0.0 CD 49 
   1925 121.6 0.0 N 168 
   1623 4.15 0.0 HA 145 
   22 18.5 0.0 CB 13 
   1106 4.12 0.0 HA 100 
   261 2.42 0.0 HG2 34 
   1447 2.29 0.0 HB3 131 
   1664 0.8 0.0 HD13 148 
   699 59.8 0.0 CA 68 
   1505 1.72 0.0 HG3 135 
   395 8.83 0.0 H 44 
   535 122.2 0.0 N 54 
   765 3.22 0.0 HB3 74 
   1983 27.8 0.0 CB 173 
   1914 8.64 0.0 H 168 
   1703 2.44 0.0 HB3 152 
   1523 6.64 0.0 H 137 
   1824 0.73 0.0 HD22 161 
   333 2.31 0.0 HB3 39 
   1699 49.3 0.0 CA 151 
   1941 1.38 0.0 HG3 170 
   384 119.4 0.0 N 42 
   1970 2.95 0.0 HE2 172 
   1921 7.47 0.0 HE22 168 
   260 2.16 0.0 HB3 34 
   59 120.5 0.0 N 16 
   411 4.15 0.0 HA 45 
   501 0.8 0.0 HG23 51 
   1541 1.72 0.0 HG3 138 
   1653 1.22 0.0 HB3 147 
   1365 27.0 0.0 CB 124 
   129 63.3 0.0 CA 22 
   1154 8.55 0.0 H 105 
   224 8.5 0.0 H 31 
   1168 17.5 0.0 CG2 105 
   1803 3.0 0.0 HD3 159 
   1532 60.5 0.0 CA 137 
   648 1.86 0.0 HB3 64 
   1538 1.22 0.0 HB2 138 
   354 41.3 0.0 CB 40 
   1042 1.84 0.0 HB2 95 
   1059 0.98 0.0 HG23 96 
   1817 1.16 0.0 HB2 161 
   1616 7.71 0.0 HE1 144 
   1367 8.42 0.0 H 125 
   1481 7.04 0.0 HZ3 133 
   1265 58.4 0.0 CA 114 
   771 54.9 0.0 CA 74 
   896 0.41 0.0 HD11 84 
   1487 113.9 0.0 CZ2 133 
   849 0.82 0.0 HD11 80 
   1656 120.5 0.0 N 147 
   296 127.0 0.0 CD1 36 
   1740 1.14 0.0 HD22 154 
   325 58.3 0.0 CA 38 
   102 30.1 0.0 CB 20 
   1252 3.12 0.0 HE3 113 
   1113 21.6 0.0 CG2 100 
   1537 4.86 0.0 HA 138 
   524 37.4 0.0 CB 53 
   1301 132.5 0.0 CD2 118 
   934 132.9 0.0 CD1 86 
   1804 66.3 0.0 CA 159 
   1038 16.8 0.0 CG2 94 
   542 1.59 0.0 HG3 55 
   1984 120.4 0.0 N 173 
   1269 8.73 0.0 H 115 
   835 44.0 0.0 CB 79 
   635 1.6 0.0 HG2 63 
   1239 4.25 0.0 HA2 112 
   1244 4.41 0.0 HA 113 
   1120 1.08 0.0 HG23 101 
   616 2.1 0.0 HB2 62 
   1515 0.92 0.0 HB2 136 
   1913 112.3 0.0 N 167 
   374 118.4 0.0 N 41 
   1787 0.42 0.0 HG23 158 
   1621 115.4 0.0 N 144 
   541 1.31 0.0 HG2 55 
   1116 4.28 0.0 HA 101 
   277 1.01 0.0 HD23 35 
   818 32.6 0.0 CB 78 
   1347 0.7 0.0 HG13 123 
   1620 136.3 0.0 CE1 144 
   802 2.94 0.0 HB2 77 
   1602 125.0 0.0 N 142 
   925 4.52 0.0 HA 86 
   1692 27.0 0.0 CG 150 
   914 1.27 0.0 HD2 85 
   6 8.75 0.0 H 12 
   1808 6.55 0.0 H 160 
   1575 127.3 0.0 CD1 140 
   810 3.29 0.0 HB3 78 
   1696 9.07 0.0 H 151 
   962 129.6 0.0 CE1 88 
   1063 64.5 0.0 CA 96 
   1146 1.71 0.0 HB2 104 
   1805 30.6 0.0 CB 159 
   1427 129.2 0.0 CZ 129 
   960 131.7 0.0 CD1 88 
   1972 56.3 0.0 CA 172 
   1302 117.4 0.0 CE1 118 
   72 21.8 0.0 CG2 17 
   1422 39.5 0.0 CB 129 
   1594 0.37 0.0 HD21 142 
   2 2.76 0.0 HB2 11 
   1290 18.0 0.0 CE 117 
   73 119.6 0.0 N 17 
   1488 123.0 0.0 CZ3 133 
   1905 0.85 0.0 HD11 167 
   961 131.7 0.0 CD2 88 
   850 0.82 0.0 HD12 80 
   544 1.6 0.0 HD3 55 
   1440 29.7 0.0 CB 130 
   1259 7.31 0.0 H 114 
   763 5.33 0.0 HA 74 
   1433 1.42 0.0 HG2 130 
   662 8.9 0.0 H 65 
   1801 2.05 0.0 HG3 159 
   497 0.78 0.0 HG12 51 
   32 22.0 0.0 CG2 14 
   1864 1.76 0.0 HB2 164 
   79 0.94 0.0 HG13 18 
   1361 4.44 0.0 HA 124 
   612 121.9 0.0 N 61 
   1946 56.7 0.0 CA 170 
   443 42.7 0.0 CB 47 
   270 1.81 0.0 HB3 35 
   825 131.3 0.0 NE1 78 
   704 123.1 0.0 N 68 
   65 1.01 0.0 HG13 17 
   1104 49.5 0.0 CD 99 
   1443 41.8 0.0 CE 130 
   340 26.9 0.0 CG 39 
   390 2.75 0.0 HG3 43 
   1871 2.92 0.0 HE3 164 
   1904 0.95 0.0 HG23 167 
   140 1.13 0.0 HG22 23 
   784 8.54 0.0 H 76 
   1907 0.85 0.0 HD13 167 
   23 122.6 0.0 N 13 
   336 2.71 0.0 HD2 39 
   84 31.9 0.0 CB 18 
   809 3.11 0.0 HB2 78 
   579 5.05 0.0 HA 59 
   1343 7.91 0.0 H 123 
   1234 2.72 0.0 HB3 111 
   311 1.13 0.0 HG23 37 
   618 5.47 0.0 HD1 62 
   500 0.8 0.0 HG22 51 
   466 4.23 0.0 HA 49 
   1517 6.92 0.0 HD21 136 
   890 108.0 0.0 N 83 
   1813 41.7 0.0 CB 160 
   1734 2.04 0.0 HB3 154 
   438 0.93 0.0 HD13 47 
   416 7.61 0.0 HE21 45 
   1372 0.13 0.0 HD11 125 
   152 1.0 0.0 HD11 24 
   1411 114.8 0.0 N 128 
   1723 29.6 0.0 CB 153 
   1203 49.8 0.0 CD 108 
   1100 3.8 0.0 HD3 99 
   1690 57.9 0.0 CA 150 
   318 4.09 0.0 HA 38 
   1549 4.17 0.0 HA 139 
   1736 0.88 0.0 HD11 154 
   1402 4.57 0.0 HA 128 
   449 3.79 0.0 HA 48 
   1250 1.6 0.0 HD3 113 
   403 62.3 0.0 CA 44 
   1772 0.27 0.0 HB2 157 
   115 -0.19 0.0 HD13 21 
   731 5.02 0.0 HA 72 
   456 0.92 0.0 HD11 48 
   638 3.25 0.0 HD3 63 
   580 2.37 0.0 HB2 59 
   1459 1.92 0.0 HB3 132 
   1089 132.8 0.0 CD1 98 
   1304 8.4 0.0 H 119 
   58 43.2 0.0 CD 16 
   736 3.09 0.0 HD2 72 
   1507 3.11 0.0 HD3 135 
   1276 128.2 0.0 N 115 
   1484 27.6 0.0 CB 133 
   1303 117.4 0.0 CE2 118 
   795 38.2 0.0 CB 76 
   1781 3.54 0.0 HA 158 
   601 7.9 0.0 HE3 61 
   641 33.8 0.0 CB 63 
   1075 60.5 0.0 CA 97 
   1511 43.4 0.0 CD 135 
   199 107.7 0.0 ND2 27 
   458 0.92 0.0 HD13 48 
   1943 1.6 0.0 HD3 170 
   794 53.9 0.0 CA 76 
   1900 0.81 0.0 HG12 167 
   1378 54.2 0.0 CA 125 
   1657 8.89 0.0 H 148 
   659 24.3 0.0 CD1 64 
   1933 30.1 0.0 CB 169 
   510 2.21 0.0 HB3 52 
   211 44.9 0.0 CA 29 
   562 112.3 0.0 ND2 56 
   197 36.8 0.0 CB 27 
   175 35.9 0.0 CB 25 
   1102 33.2 0.0 CB 99 
   1054 1.9 0.0 HB 96 
   1181 1.96 0.0 HB 107 
   964 128.3 0.0 CZ 88 
   566 1.5 0.0 HB2 57 
   936 117.5 0.0 CE1 86 
   671 122.0 0.0 N 65 
   1710 28.3 0.0 CG 152 
   751 6.65 0.0 HZ3 73 
   609 113.7 0.0 CZ2 61 
   282 25.2 0.0 CD2 35 
   1380 26.3 0.0 CG 125 
   1552 1.26 0.0 HG2 139 
   518 4.48 0.0 HA 53 
   1651 1.22 0.0 HB1 147 
   305 2.2 0.0 HB 37 
   1673 110.9 0.0 N 148 
   1413 4.07 0.0 HA 129 
   791 1.68 0.0 HD3 76 
   417 6.94 0.0 HE22 45 
   556 2.93 0.0 HB3 56 
   238 4.9 0.0 HA 32 
   370 32.0 0.0 CB 41 
   226 1.82 0.0 HB2 31 
   1718 7.08 0.0 HE3 153 
   1572 6.2 0.0 HZ 140 
   663 4.51 0.0 HA 65 
   1170 124.1 0.0 N 105 
   557 7.04 0.0 HD21 56 
   727 69.3 0.0 CB 71 
   705 8.77 0.0 H 69 
   1046 3.51 0.0 HD2 95 
   558 7.75 0.0 HD22 56 
   1682 2.33 0.0 HB3 150 
   1822 0.66 0.0 HD13 161 
   401 6.81 0.0 HE1 44 
   1245 1.76 0.0 HB2 113 
   604 7.04 0.0 HH2 61 
   966 8.46 0.0 H 89 
   574 3.11 0.0 HB3 58 
   237 8.17 0.0 H 32 
   1720 6.36 0.0 HZ3 153 
   692 1.89 0.0 HB3 68 
   103 36.3 0.0 CG 20 
   889 22.5 0.0 CD2 83 
   1066 18.1 0.0 CG2 96 
   1884 4.04 0.0 HA 166 
   1088 42.0 0.0 CB 98 
   1555 1.62 0.0 HD3 139 
   803 3.39 0.0 HB3 77 
   1708 64.6 0.0 CA 152 
   402 6.81 0.0 HE2 44 
   718 46.2 0.0 CA 70 
   693 1.46 0.0 HG2 68 
   1061 0.87 0.0 HD12 96 
   1333 1.6 0.0 HD2 122 
   1031 0.7 0.0 HG23 94 
   1806 28.7 0.0 CG 159 
   62 2.21 0.0 HB 17 
   600 9.85 0.0 HE1 61 
   1767 21.1 0.0 CG1 156 
   351 0.86 0.0 HD22 40 
   1233 2.6 0.0 HB2 111 
   1909 40.7 0.0 CB 167 
   1855 7.42 0.0 HE21 163 
   734 1.5 0.0 HG2 72 
   1828 26.2 0.0 CG 161 
   800 9.17 0.0 H 77 
   193 3.25 0.0 HB3 27 
   879 0.82 0.0 HD11 83 
   941 1.9 0.0 HB2 87 
   1702 1.82 0.0 HB2 152 
   1940 1.38 0.0 HG2 170 
   1160 0.67 0.0 HG22 105 
   1578 129.7 0.0 CE2 140 
   116 59.2 0.0 CA 21 
   877 2.1 0.0 HB3 83 
   1529 1.08 0.0 HG21 137 
   1662 0.8 0.0 HD11 148 
   1577 129.7 0.0 CE1 140 
   1665 0.92 0.0 HD21 148 
   696 1.69 0.0 HD3 68 
   552 122.1 0.0 N 55 
   1674 7.41 0.0 H 149 
   899 0.64 0.0 HD21 84 
   1755 115.0 0.0 N 155 
   315 22.1 0.0 CG2 37 
   1748 7.31 0.0 H 155 
   1598 40.4 0.0 CB 142 
   24 7.95 0.0 H 14 
   1611 7.37 0.0 H 144 
   796 24.8 0.0 CG 76 
   1596 0.37 0.0 HD23 142 
   1241 45.8 0.0 CA 112 
   1888 1.0 0.0 HG13 166 
   1068 118.2 0.0 N 96 
   1359 117.1 0.0 N 123 
   522 6.74 0.0 HD22 53 
   927 3.29 0.0 HB3 86 
   502 67.2 0.0 CA 51 
   730 7.61 0.0 H 72 
   498 0.78 0.0 HG13 51 
   634 1.82 0.0 HB3 63 
   306 0.99 0.0 HG11 37 
   1087 58.3 0.0 CA 98 
   465 7.64 0.0 H 49 
   1568 6.2 0.0 HD1 140 
   621 5.55 0.0 HE2 62 
   1496 1.5 0.0 HB3 134 
   1667 0.92 0.0 HD23 148 
   1082 3.27 0.0 HB3 98 
   114 -0.19 0.0 HD12 21 
   682 3.59 0.0 HB3 67 
   1189 31.4 0.0 CB 107 
   69 64.5 0.0 CA 17 
   120 13.1 0.0 CD1 21 
   1039 8.7 0.0 CD1 94 
   478 8.25 0.0 H 50 
