   164 8.31 0.0 H 25 
   317 7.16 0.0 H 38 
   474 29.4 0.0 CB 49 
   1546 24.1 0.0 CG 138 
   1276 128.2 0.0 N 115 
   226 1.82 0.0 HB2 31 
   410 8.21 0.0 H 45 
   1814 115.9 0.0 N 160 
   493 8.77 0.0 H 51 
   802 2.94 0.0 HB2 77 
   289 9.86 0.0 HE1 36 
   859 4.82 0.0 HA 81 
   929 7.33 0.0 HD2 86 
   1883 7.79 0.0 H 166 
   749 7.03 0.0 HE3 73 
   216 1.05 0.0 HG2 30 
   148 4.56 0.0 HA 24 
   1478 9.6 0.0 HE1 133 
   50 1.9 0.0 HB3 16 
   921 29.2 0.0 CD 85 
   385 8.98 0.0 H 43 
   1297 6.74 0.0 HE2 118 
   561 118.9 0.0 N 56 
   128 4.08 0.0 HD3 22 
   734 1.5 0.0 HG2 72 
   1986 4.67 0.0 HA 174 
   1112 67.9 0.0 CB 100 
   2 2.76 0.0 HB2 11 
   347 0.84 0.0 HD11 40 
   1793 28.2 0.0 CG1 158 
   403 62.3 0.0 CA 44 
   1067 13.2 0.0 CD1 96 
   573 2.55 0.0 HB2 58 
   759 123.7 0.0 CH2 73 
   1048 62.1 0.0 CA 95 
   1140 61.6 0.0 CA 103 
   1755 115.0 0.0 N 155 
   540 1.91 0.0 HB3 55 
   809 3.11 0.0 HB2 78 
   1321 113.5 0.0 N 120 
   428 62.8 0.0 CA 46 
   1207 2.39 0.0 HB3 109 
   685 51.6 0.0 CA 67 
   1902 0.95 0.0 HG21 167 
   445 25.4 0.0 CD1 47 
   274 0.91 0.0 HD13 35 
   100 2.4 0.0 HG3 20 
   1617 61.9 0.0 CA 144 
   1771 3.85 0.0 HA 157 
   1787 0.42 0.0 HG23 158 
   722 4.57 0.0 HB 71 
   314 21.0 0.0 CG1 37 
   816 6.84 0.0 HH2 78 
   1261 4.2 0.0 HB 114 
   142 61.6 0.0 CA 23 
   1719 7.16 0.0 HZ2 153 
   1827 41.4 0.0 CB 161 
   35 4.1 0.0 HA 15 
   1427 129.2 0.0 CZ 129 
   1948 24.8 0.0 CG 170 
   953 7.16 0.0 HD1 88 
   587 110.7 0.0 ND2 59 
   225 4.34 0.0 HA 31 
   305 2.2 0.0 HB 37 
   1084 7.38 0.0 HD2 98 
   612 121.9 0.0 N 61 
   711 58.0 0.0 CA 69 
   488 131.7 0.0 CD1 50 
   707 2.1 0.0 HB2 69 
   1303 117.4 0.0 CE2 118 
   1144 8.6 0.0 H 104 
   439 0.98 0.0 HD21 47 
   496 0.78 0.0 HG11 51 
   948 122.6 0.0 N 87 
   1440 29.7 0.0 CB 130 
   277 1.01 0.0 HD23 35 
   1552 1.26 0.0 HG2 139 
   1707 3.6 0.0 HD3 152 
   469 1.74 0.0 HG2 49 
   582 6.69 0.0 HD21 59 
   1730 127.7 0.0 NE1 153 
   214 1.05 0.0 HB2 30 
   1595 0.37 0.0 HD22 142 
   1412 7.96 0.0 H 129 
   187 68.1 0.0 CB 26 
   959 42.6 0.0 CB 88 
   1768 21.8 0.0 CG2 156 
   1524 4.01 0.0 HA 137 
   652 0.91 0.0 HD13 64 
   332 1.78 0.0 HB2 39 
   185 1.25 0.0 HG23 26 
   1677 45.7 0.0 CA 149 
   369 60.1 0.0 CA 41 
   560 38.1 0.0 CB 56 
   769 7.0 0.0 HE2 74 
   23 122.6 0.0 N 13 
   145 22.0 0.0 CG2 23 
   451 1.26 0.0 HG12 48 
   1963 4.4 0.0 HA 172 
   1748 7.31 0.0 H 155 
   179 116.8 0.0 N 25 
   906 24.8 0.0 CD2 84 
   1937 4.24 0.0 HA 170 
   1006 6.63 0.0 HE1 92 
   1368 4.45 0.0 HA 125 
   1137 1.47 0.0 HG3 103 
   919 34.2 0.0 CB 85 
   1214 7.93 0.0 H 110 
   1379 41.7 0.0 CB 125 
   18 1.47 0.0 HB1 13 
   481 3.32 0.0 HB3 50 
   497 0.78 0.0 HG12 51 
   1224 0.68 0.0 HD23 110 
   935 132.9 0.0 CD2 86 
   708 2.23 0.0 HB3 69 
   379 2.4 0.0 HG2 42 
   1194 2.03 0.0 HB2 108 
   238 4.9 0.0 HA 32 
   1915 4.83 0.0 HA 168 
   1038 16.8 0.0 CG2 94 
   748 9.32 0.0 HE1 73 
   47 8.18 0.0 H 16 
   1104 49.5 0.0 CD 99 
   971 41.3 0.0 CB 89 
   1219 0.5 0.0 HD11 110 
   995 2.13 0.0 HG3 91 
   30 64.2 0.0 CA 14 
   156 1.18 0.0 HD22 24 
   208 8.82 0.0 H 29 
   1187 0.93 0.0 HG23 107 
   810 3.29 0.0 HB3 78 
   1146 1.71 0.0 HB2 104 
   797 29.6 0.0 CD 76 
   1529 1.08 0.0 HG21 137 
   1454 27.9 0.0 CG 131 
   1843 65.1 0.0 CA 162 
   245 3.99 0.0 HA 33 
   437 0.93 0.0 HD12 47 
   1381 25.2 0.0 CD1 125 
   1241 45.8 0.0 CA 112 
   235 43.1 0.0 CD 31 
   1333 1.6 0.0 HD2 122 
   575 55.3 0.0 CA 58 
   876 1.57 0.0 HB2 83 
   1416 7.05 0.0 HD1 129 
   1999 2.31 0.0 HG2 175 
   363 1.45 0.0 HG2 41 
   1520 40.4 0.0 CB 136 
   1446 1.83 0.0 HB2 131 
   1449 2.12 0.0 HG3 131 
   1167 27.6 0.0 CG1 105 
   1527 0.66 0.0 HG12 137 
   1747 118.8 0.0 N 154 
   425 3.98 0.0 HB2 46 
   1899 1.86 0.0 HB 167 
   1812 57.2 0.0 CA 160 
   1166 38.7 0.0 CB 105 
   1136 1.32 0.0 HG2 103 
   1221 0.5 0.0 HD13 110 
   1439 62.3 0.0 CA 130 
   1350 -0.36 0.0 HG23 123 
   1667 0.92 0.0 HD23 148 
   1068 118.2 0.0 N 96 
   222 27.2 0.0 CG 30 
   24 7.95 0.0 H 14 
   165 4.41 0.0 HA 25 
   63 1.01 0.0 HG11 17 
   1070 4.43 0.0 HA 97 
   1419 6.99 0.0 HE2 129 
   1823 0.73 0.0 HD21 161 
   316 116.1 0.0 N 37 
   1940 1.38 0.0 HG2 170 
   151 1.7 0.0 HG 24 
   378 2.71 0.0 HB3 42 
   1145 4.26 0.0 HA 104 
   739 32.8 0.0 CB 72 
   1339 25.6 0.0 CG 122 
   812 10.66 0.0 HE1 78 
   1309 1.68 0.0 HG3 119 
   1463 0.93 0.0 HD13 132 
   494 3.25 0.0 HA 51 
   264 28.8 0.0 CB 34 
   82 1.01 0.0 HG23 18 
   572 4.38 0.0 HA 58 
   1059 0.98 0.0 HG23 96 
   920 25.6 0.0 CG 85 
   849 0.82 0.0 HD11 80 
   280 27.0 0.0 CG 35 
   1131 15.4 0.0 CB 102 
   730 7.61 0.0 H 72 
   1932 57.3 0.0 CA 169 
   1044 1.84 0.0 HG2 95 
   1342 118.4 0.0 N 122 
   386 4.33 0.0 HA 43 
   1033 0.45 0.0 HD12 94 
   373 42.2 0.0 CE 41 
   1138 2.95 0.0 HD2 103 
   997 33.5 0.0 CB 91 
   1239 4.25 0.0 HA2 112 
   1382 22.6 0.0 CD2 125 
   1000 8.46 0.0 H 92 
   2007 112.3 0.0 NE2 175 
   2005 33.7 0.0 CG 175 
   32 22.0 0.0 CG2 14 
   1898 4.64 0.0 HA 167 
   837 131.9 0.0 CD2 79 
   682 3.59 0.0 HB3 67 
   227 2.02 0.0 HB3 31 
   619 5.47 0.0 HD2 62 
   1537 4.86 0.0 HA 138 
   1702 1.82 0.0 HB2 152 
   242 40.8 0.0 CB 32 
   836 131.9 0.0 CD1 79 
   926 2.88 0.0 HB2 86 
   969 2.91 0.0 HB3 89 
   604 7.04 0.0 HH2 61 
   176 24.6 0.0 CG 25 
   832 6.69 0.0 HE1 79 
   54 3.21 0.0 HD3 16 
   649 1.83 0.0 HG 64 
   344 0.97 0.0 HB2 40 
   1600 23.0 0.0 CD1 142 
   260 2.16 0.0 HB3 34 
   199 107.7 0.0 ND2 27 
   49 1.9 0.0 HB2 16 
   162 25.5 0.0 CD2 24 
   956 7.18 0.0 HE2 88 
   905 22.3 0.0 CD1 84 
   1762 0.93 0.0 HG21 156 
   627 133.7 0.0 CE1 62 
   1184 0.58 0.0 HG13 107 
   343 3.56 0.0 HA 40 
   1576 127.3 0.0 CD2 140 
   1757 3.87 0.0 HA 156 
   448 8.86 0.0 H 48 
   240 3.09 0.0 HB3 32 
   205 51.9 0.0 CA 28 
   705 8.77 0.0 H 69 
   529 3.06 0.0 HB2 54 
   1509 30.1 0.0 CB 135 
   1833 3.68 0.0 HA 162 
   1866 1.45 0.0 HG2 164 
   330 8.2 0.0 H 39 
   638 3.25 0.0 HD3 63 
   654 0.91 0.0 HD22 64 
   442 58.8 0.0 CA 47 
   1728 122.7 0.0 CH2 153 
   1505 1.72 0.0 HG3 135 
   1910 25.3 0.0 CG1 167 
   257 9.25 0.0 H 34 
   5 40.9 0.0 CB 11 
   1010 40.4 0.0 CB 92 
   1842 0.01 0.0 HD13 162 
   1106 4.12 0.0 HA 100 
   36 1.87 0.0 HB2 15 
   1510 27.0 0.0 CG 135 
   875 3.58 0.0 HA 83 
   75 3.81 0.0 HA 18 
   895 1.54 0.0 HG 84 
   98 2.19 0.0 HB3 20 
   1124 114.3 0.0 N 101 
   1801 2.05 0.0 HG3 159 
   1262 1.17 0.0 HG21 114 
   669 34.1 0.0 CB 65 
   1724 127.0 0.0 CD1 153 
   1878 7.93 0.0 H 165 
   664 1.55 0.0 HB2 65 
   219 3.47 0.0 HD3 30 
   26 4.2 0.0 HB 14 
   841 8.07 0.0 H 80 
   772 40.5 0.0 CB 74 
   1378 54.2 0.0 CA 125 
   1457 3.95 0.0 HA 132 
   1753 53.8 0.0 CA 155 
   1346 0.57 0.0 HG12 123 
   417 6.94 0.0 HE22 45 
   125 2.1 0.0 HG2 22 
   1624 1.42 0.0 HB2 145 
   1620 136.3 0.0 CE1 144 
   1607 1.04 0.0 HB3 143 
   106 4.14 0.0 HA 21 
   1173 1.34 0.0 HB1 106 
   1452 65.5 0.0 CA 131 
   741 43.1 0.0 CD 72 
   1756 6.91 0.0 H 156 
   988 14.6 0.0 CD1 90 
   1118 1.08 0.0 HG21 101 
   1105 8.2 0.0 H 100 
   2001 7.5 0.0 HE21 175 
   773 131.7 0.0 CD1 74 
   1502 1.71 0.0 HB2 135 
   371 25.0 0.0 CG 41 
   436 0.93 0.0 HD11 47 
   1933 30.1 0.0 CB 169 
   1684 0.87 0.0 HD11 150 
   1467 57.9 0.0 CA 132 
   1865 2.04 0.0 HB3 164 
   1171 8.88 0.0 H 106 
   993 2.38 0.0 HB3 91 
   1810 2.55 0.0 HB2 160 
   299 120.3 0.0 CZ3 36 
   547 60.5 0.0 CA 55 
   97 1.96 0.0 HB2 20 
   1153 119.5 0.0 N 104 
   1547 48.1 0.0 CD 138 
   1734 2.04 0.0 HB3 154 
   229 1.65 0.0 HG3 31 
   1212 36.8 0.0 CG 109 
   1125 7.94 0.0 H 102 
   1498 18.5 0.0 CB 134 
   860 2.85 0.0 HB2 81 
   419 28.3 0.0 CB 45 
   1480 7.26 0.0 HZ2 133 
   1476 3.07 0.0 HB3 133 
   1568 6.2 0.0 HD1 140 
   1796 115.7 0.0 N 158 
   1132 126.2 0.0 N 102 
   585 39.9 0.0 CB 59 
   8 2.03 0.0 HB2 12 
   1834 1.39 0.0 HB 162 
   1407 57.1 0.0 CA 128 
   999 117.4 0.0 N 91 
   1993 121.0 0.0 N 174 
   1445 4.38 0.0 HA 131 
   872 39.0 0.0 CB 82 
   85 21.7 0.0 CG1 18 
   392 28.4 0.0 CB 43 
   916 2.27 0.0 HE2 85 
   1541 1.72 0.0 HG3 138 
   1503 1.86 0.0 HB3 135 
   278 56.6 0.0 CA 35 
   693 1.46 0.0 HG2 68 
   737 3.19 0.0 HD3 72 
   965 121.3 0.0 N 88 
   1425 129.8 0.0 CE1 129 
   310 1.13 0.0 HG22 37 
   197 36.8 0.0 CB 27 
   516 119.7 0.0 N 52 
   1922 54.4 0.0 CA 168 
   974 5.66 0.0 HA 90 
   202 1.47 0.0 HB1 28 
   454 0.97 0.0 HG22 48 
   1977 122.0 0.0 N 172 
   597 2.65 0.0 HB2 61 
   304 3.36 0.0 HA 37 
   858 9.14 0.0 H 81 
   1282 29.0 0.0 CB 116 
   1475 2.49 0.0 HB2 133 
   1370 1.68 0.0 HB3 125 
   1001 4.95 0.0 HA 92 
   1018 5.58 0.0 HA 93 
   1632 0.45 0.0 HD23 145 
   1998 2.08 0.0 HB3 175 
   873 131.6 0.0 N 82 
   1888 1.0 0.0 HG13 166 
   1060 0.87 0.0 HD11 96 
   605 56.9 0.0 CA 61 
   1158 1.15 0.0 HG13 105 
   1111 67.1 0.0 CA 100 
   528 4.38 0.0 HA 54 
   1911 18.1 0.0 CG2 167 
   1348 -0.36 0.0 HG21 123 
   1598 40.4 0.0 CB 142 
   1666 0.92 0.0 HD22 148 
   430 114.9 0.0 N 46 
   104 119.8 0.0 N 20 
   660 24.2 0.0 CD2 64 
   1021 52.0 0.0 CA 93 
   1497 54.7 0.0 CA 134 
   1258 117.5 0.0 N 113 
   1326 107.3 0.0 N 121 
   1383 126.2 0.0 N 125 
   1305 4.25 0.0 HA 119 
   137 0.96 0.0 HG12 23 
   1022 43.0 0.0 CB 93 
   132 50.7 0.0 CD 22 
   703 41.8 0.0 CE 68 
   1213 116.4 0.0 N 109 
   1098 1.77 0.0 HG3 99 
   675 2.44 0.0 HB3 66 
   1312 57.4 0.0 CA 119 
   677 66.8 0.0 CB 66 
   784 8.54 0.0 H 76 
   427 5.22 0.0 HG 46 
   1751 1.43 0.0 HB2 155 
   433 1.79 0.0 HB2 47 
   629 131.9 0.0 CZ 62 
   44 27.3 0.0 CG 15 
   946 34.7 0.0 CB 87 
   1539 1.47 0.0 HB3 138 
   532 7.24 0.0 HD22 54 
   472 3.42 0.0 HD3 49 
   583 7.7 0.0 HD22 59 
   594 120.0 0.0 N 60 
   1192 119.5 0.0 N 107 
   449 3.79 0.0 HA 48 
   387 2.22 0.0 HB2 43 
   1492 8.33 0.0 H 134 
   678 111.7 0.0 N 66 
   441 0.98 0.0 HD23 47 
   1075 60.5 0.0 CA 97 
   353 57.5 0.0 CA 40 
   544 1.6 0.0 HD3 55 
   1265 58.4 0.0 CA 114 
   709 2.34 0.0 HG2 69 
   1409 120.2 0.0 CD2 128 
   1706 3.08 0.0 HD2 152 
   1885 2.17 0.0 HB 166 
   405 131.7 0.0 CD1 44 
   964 128.3 0.0 CZ 88 
   1494 1.5 0.0 HB1 134 
   1599 26.2 0.0 CG 142 
   1873 34.1 0.0 CB 164 
   989 113.7 0.0 N 90 
   782 45.8 0.0 CA 75 
   1609 18.0 0.0 CB 143 
   866 126.2 0.0 N 81 
   1268 110.1 0.0 N 114 
   1005 6.51 0.0 HD2 92 
   1976 41.8 0.0 CE 172 
   131 27.7 0.0 CG 22 
   7 4.11 0.0 HA 12 
   541 1.31 0.0 HG2 55 
   599 7.87 0.0 HD1 61 
   1217 1.6 0.0 HB3 110 
   508 3.88 0.0 HA 52 
   1925 121.6 0.0 N 168 
   91 3.98 0.0 HB3 19 
   1017 8.57 0.0 H 93 
   375 7.68 0.0 H 42 
   1500 7.5 0.0 H 135 
   1176 50.2 0.0 CA 106 
   475 26.1 0.0 CG 49 
   1729 118.4 0.0 N 153 
   65 1.01 0.0 HG13 17 
   12 58.2 0.0 CA 12 
   651 0.91 0.0 HD12 64 
   296 127.0 0.0 CD1 36 
   1232 4.44 0.0 HA 111 
   1597 57.5 0.0 CA 142 
   66 1.1 0.0 HG21 17 
   1849 8.1 0.0 H 163 
   218 2.45 0.0 HD2 30 
   1120 1.08 0.0 HG23 101 
   568 51.2 0.0 CA 57 
   408 117.8 0.0 CE2 44 
   609 113.7 0.0 CZ2 61 
   1630 0.45 0.0 HD21 145 
   1327 7.0 0.0 H 122 
   194 6.5 0.0 HD21 27 
   1026 2.04 0.0 HB 94 
   1517 6.92 0.0 HD21 136 
   674 0.91 0.0 HB2 66 
   1752 1.43 0.0 HB3 155 
   1385 4.28 0.0 HA 126 
   1775 1.28 0.0 HG3 157 
   1420 6.93 0.0 HZ 129 
   736 3.09 0.0 HD2 72 
   775 130.0 0.0 CE1 74 
   13 29.4 0.0 CB 12 
   1741 1.14 0.0 HD23 154 
   464 118.5 0.0 N 48 
   1531 1.08 0.0 HG23 137 
   64 1.01 0.0 HG12 17 
   804 55.2 0.0 CA 77 
   719 107.1 0.0 N 70 
   998 35.4 0.0 CG 91 
   1954 1.93 0.0 HB2 171 
   1108 1.25 0.0 HG21 100 
   1858 27.9 0.0 CB 163 
   1472 119.9 0.0 N 132 
   885 57.1 0.0 CA 83 
   354 41.3 0.0 CB 40 
   1313 30.5 0.0 CB 119 
   1799 2.07 0.0 HB3 159 
   1767 21.1 0.0 CG1 156 
   1245 1.76 0.0 HB2 113 
   1507 3.11 0.0 HD3 135 
   1337 55.1 0.0 CA 122 
   520 3.26 0.0 HB3 53 
   1648 117.1 0.0 N 146 
   857 128.9 0.0 N 80 
   1278 4.0 0.0 HA 116 
   207 123.5 0.0 N 28 
   1880 4.11 0.0 HA3 165 
   1626 1.11 0.0 HG 145 
   326 28.0 0.0 CB 38 
   120 13.1 0.0 CD1 21 
   1653 1.22 0.0 HB3 147 
   307 0.99 0.0 HG12 37 
   76 2.19 0.0 HB 18 
   1570 6.77 0.0 HE1 140 
   492 119.9 0.0 N 50 
   1210 58.3 0.0 CA 109 
   146 116.5 0.0 N 23 
   415 2.64 0.0 HG3 45 
   555 2.93 0.0 HB2 56 
   443 42.7 0.0 CB 47 
   814 7.17 0.0 HZ2 78 
   725 1.1 0.0 HG23 71 
   1304 8.4 0.0 H 119 
   476 42.2 0.0 CD 49 
   170 1.6 0.0 HD2 25 
   994 2.13 0.0 HG2 91 
   188 22.0 0.0 CG2 26 
   680 4.76 0.0 HA 67 
   1637 23.3 0.0 CD2 145 
   846 0.64 0.0 HG21 80 
   1032 0.45 0.0 HD11 94 
   1654 55.8 0.0 CA 147 
   1841 0.01 0.0 HD12 162 
   1045 1.91 0.0 HG3 95 
   434 2.21 0.0 HB3 47 
   1115 7.25 0.0 H 101 
   1763 0.93 0.0 HG22 156 
   1913 112.3 0.0 N 167 
   1909 40.7 0.0 CB 167 
   517 8.47 0.0 H 53 
   1133 4.23 0.0 HA 103 
   1398 56.8 0.0 CA 127 
   220 63.2 0.0 CA 30 
   931 6.77 0.0 HE2 86 
   1296 6.74 0.0 HE1 118 
   339 29.8 0.0 CB 39 
   1650 4.49 0.0 HA 147 
   1456 6.93 0.0 H 132 
   458 0.92 0.0 HD13 48 
   210 4.82 0.0 HA3 29 
   1659 1.74 0.0 HB2 148 
   1316 120.9 0.0 N 119 
   358 120.3 0.0 N 40 
   1826 57.4 0.0 CA 161 
   233 29.5 0.0 CB 31 
   1739 1.14 0.0 HD21 154 
   401 6.81 0.0 HE1 44 
   1903 0.95 0.0 HG22 167 
   1121 59.6 0.0 CA 101 
   1850 4.04 0.0 HA 163 
   791 1.68 0.0 HD3 76 
   733 1.73 0.0 HB3 72 
   1083 7.86 0.0 HD1 98 
   1206 2.17 0.0 HB2 109 
   1660 2.08 0.0 HB3 148 
   407 117.8 0.0 CE1 44 
   39 1.72 0.0 HG3 15 
   450 1.98 0.0 HB 48 
   37 1.87 0.0 HB3 15 
   975 1.75 0.0 HB 90 
   444 27.4 0.0 CG 47 
   1196 1.88 0.0 HG2 108 
   319 2.23 0.0 HB2 38 
   713 37.3 0.0 CG 69 
   586 116.4 0.0 N 59 
   1 4.65 0.0 HA 11 
   1736 0.88 0.0 HD11 154 
   356 24.3 0.0 CD1 40 
   336 2.71 0.0 HD2 39 
   1155 3.79 0.0 HA 105 
   56 30.2 0.0 CB 16 
   1263 1.17 0.0 HG22 114 
   1204 9.68 0.0 H 109 
   884 0.77 0.0 HD23 83 
   2000 2.31 0.0 HG3 175 
   815 6.61 0.0 HZ3 78 
   1964 1.72 0.0 HB2 172 
   799 121.3 0.0 N 76 
   961 131.7 0.0 CD2 88 
   1095 1.45 0.0 HB2 99 
   611 123.3 0.0 CH2 61 
   46 121.6 0.0 N 15 
   1616 7.71 0.0 HE1 144 
   1633 58.4 0.0 CA 145 
   177 29.2 0.0 CD 25 
   1430 3.99 0.0 HA 130 
   1251 3.12 0.0 HE2 113 
   563 7.52 0.0 H 57 
   1114 122.2 0.0 N 100 
   631 8.75 0.0 H 63 
   393 34.7 0.0 CG 43 
   1876 41.8 0.0 CE 164 
   279 42.7 0.0 CB 35 
   110 0.18 0.0 HG21 21 
   930 6.77 0.0 HE1 86 
   262 2.42 0.0 HG3 34 
   504 23.6 0.0 CG1 51 
   853 38.1 0.0 CB 80 
   632 4.37 0.0 HA 63 
   359 7.57 0.0 H 41 
   1523 6.64 0.0 H 137 
   600 9.85 0.0 HE1 61 
   1473 8.49 0.0 H 133 
   972 122.9 0.0 N 89 
   153 1.0 0.0 HD12 24 
   1686 0.87 0.0 HD13 150 
   1622 8.62 0.0 H 145 
   122 4.51 0.0 HA 22 
   1330 1.47 0.0 HB3 122 
   1141 31.9 0.0 CB 103 
   1525 1.75 0.0 HB 137 
   1234 2.72 0.0 HB3 111 
   952 3.07 0.0 HB3 88 
   1436 1.74 0.0 HD3 130 
   1800 1.71 0.0 HG2 159 
   822 120.5 0.0 CZ3 78 
   1491 130.6 0.0 NE1 133 
   867 9.03 0.0 H 82 
   500 0.8 0.0 HG22 51 
   1362 2.23 0.0 HB2 124 
   348 0.84 0.0 HD12 40 
   1273 1.43 0.0 HB3 115 
   1238 8.62 0.0 H 112 
   1395 4.38 0.0 HA 127 
   621 5.55 0.0 HE2 62 
   644 118.8 0.0 N 63 
   1862 7.88 0.0 H 164 
   887 26.8 0.0 CG 83 
   84 31.9 0.0 CB 18 
   958 56.0 0.0 CA 88 
   894 1.93 0.0 HB3 84 
   606 29.6 0.0 CB 61 
   1314 27.1 0.0 CG 119 
   1165 62.8 0.0 CA 105 
   982 0.71 0.0 HD12 90 
   890 108.0 0.0 N 83 
   221 31.7 0.0 CB 30 
   1002 2.77 0.0 HB2 92 
   1127 0.01 0.0 HB1 102 
   1742 57.8 0.0 CA 154 
   663 4.51 0.0 HA 65 
   655 0.91 0.0 HD23 64 
   1019 2.51 0.0 HB2 93 
   1835 0.32 0.0 HG12 162 
   515 36.4 0.0 CG 52 
   195 7.45 0.0 HD22 27 
   564 4.51 0.0 HA 57 
   1544 64.6 0.0 CA 138 
   1122 69.9 0.0 CB 101 
   892 4.47 0.0 HA 84 
   1994 112.7 0.0 ND2 174 
   1969 1.65 0.0 HD3 172 
   686 37.3 0.0 CB 67 
   155 1.18 0.0 HD21 24 
   710 2.54 0.0 HG3 69 
   1220 0.5 0.0 HD12 110 
   489 131.7 0.0 CD2 50 
   845 1.57 0.0 HG13 80 
   391 58.5 0.0 CA 43 
   204 1.47 0.0 HB3 28 
   154 1.0 0.0 HD13 24 
   1135 2.45 0.0 HB3 103 
   38 1.59 0.0 HG2 15 
   924 9.53 0.0 H 86 
   70 32.2 0.0 CB 17 
   922 41.3 0.0 CE 85 
   554 4.54 0.0 HA 56 
   901 0.64 0.0 HD23 84 
   1499 117.9 0.0 N 134 
   1522 116.8 0.0 ND2 136 
   1093 128.0 0.0 N 98 
   1688 1.16 0.0 HD22 150 
   706 4.19 0.0 HA 69 
   902 53.6 0.0 CA 84 
   1759 0.75 0.0 HG11 156 
   312 66.4 0.0 CA 37 
   1233 2.6 0.0 HB2 111 
   1252 3.12 0.0 HE3 113 
   795 38.2 0.0 CB 76 
   255 43.1 0.0 CD 33 
   1172 5.09 0.0 HA 106 
   1832 8.16 0.0 H 162 
   1697 3.12 0.0 HA2 151 
   426 3.98 0.0 HB3 46 
   1727 119.6 0.0 CZ3 153 
   951 2.71 0.0 HB2 88 
   1635 26.4 0.0 CG 145 
   1057 0.98 0.0 HG21 96 
   1244 4.41 0.0 HA 113 
   1020 2.67 0.0 HB3 93 
   1642 2.46 0.0 HB3 146 
   850 0.82 0.0 HD12 80 
   1117 3.67 0.0 HB 101 
   1401 7.93 0.0 H 128 
   1942 1.6 0.0 HD2 170 
   1566 1.98 0.0 HB2 140 
   668 54.6 0.0 CA 65 
   503 31.5 0.0 CB 51 
   1803 3.0 0.0 HD3 159 
   525 119.5 0.0 N 53 
   1718 7.08 0.0 HE3 153 
   549 25.6 0.0 CG 55 
   1024 8.43 0.0 H 94 
   252 58.8 0.0 CA 33 
   169 1.29 0.0 HG3 25 
   1966 1.35 0.0 HG2 172 
   770 6.92 0.0 HZ 74 
   1292 2.84 0.0 HB2 118 
   4 54.1 0.0 CA 11 
   447 120.8 0.0 N 47 
   869 2.25 0.0 HB2 82 
   1375 0.33 0.0 HD21 125 
   215 1.42 0.0 HB3 30 
   776 130.0 0.0 CE2 74 
   22 18.5 0.0 CB 13 
   1253 56.4 0.0 CA 113 
   519 3.0 0.0 HB2 53 
   720 8.33 0.0 H 71 
   684 6.71 0.0 HD22 67 
   1364 57.6 0.0 CA 124 
   1012 131.3 0.0 CD2 92 
   1164 0.43 0.0 HD13 105 
   479 4.78 0.0 HA 50 
   1825 0.73 0.0 HD23 161 
   904 25.9 0.0 CG 84 
   1725 119.6 0.0 CE3 153 
   552 122.1 0.0 N 55 
   102 30.1 0.0 CB 20 
   1392 21.7 0.0 CG2 126 
   286 3.29 0.0 HB2 36 
   580 2.37 0.0 HB2 59 
   246 2.0 0.0 HB2 33 
   1483 61.0 0.0 CA 133 
   1647 32.2 0.0 CG 146 
   1978 8.4 0.0 H 173 
   1567 2.06 0.0 HB3 140 
   698 3.0 0.0 HE3 68 
   1347 0.7 0.0 HG13 123 
   1974 24.7 0.0 CG 172 
   514 29.2 0.0 CB 52 
   328 118.6 0.0 N 38 
   889 22.5 0.0 CD2 83 
   617 2.5 0.0 HB3 62 
   829 3.01 0.0 HB3 79 
   389 2.14 0.0 HG2 43 
   486 58.8 0.0 CA 50 
   1471 26.2 0.0 CD2 132 
   374 118.4 0.0 N 41 
   1444 118.4 0.0 N 130 
   1433 1.42 0.0 HG2 130 
   1574 36.4 0.0 CB 140 
   1973 32.8 0.0 CB 172 
   1853 2.49 0.0 HG2 163 
   1479 7.41 0.0 HE3 133 
   300 122.2 0.0 CH2 36 
   1935 122.1 0.0 N 169 
   1329 1.25 0.0 HB2 122 
   1034 0.45 0.0 HD13 94 
   1561 29.3 0.0 CD 139 
   1294 7.0 0.0 HD1 118 
   744 4.72 0.0 HA 73 
   254 27.3 0.0 CG 33 
   1893 32.2 0.0 CB 166 
   228 1.58 0.0 HG2 31 
   121 122.5 0.0 N 21 
   1151 30.1 0.0 CB 104 
   602 7.45 0.0 HZ2 61 
   1015 127.8 0.0 CZ 92 
   406 131.7 0.0 CD2 44 
   9 2.03 0.0 HB3 12 
   578 8.55 0.0 H 59 
   984 58.5 0.0 CA 90 
   1516 1.28 0.0 HB3 136 
   1891 1.0 0.0 HG23 166 
   1985 8.55 0.0 H 174 
   140 1.13 0.0 HG22 23 
   1731 8.68 0.0 H 154 
   735 1.63 0.0 HG3 72 
   648 1.86 0.0 HB3 64 
   1897 6.85 0.0 H 167 
   1023 118.3 0.0 N 93 
   295 29.5 0.0 CB 36 
   1248 1.36 0.0 HG3 113 
   1927 8.65 0.0 H 169 
   764 3.1 0.0 HB2 74 
   186 65.4 0.0 CA 26 
   551 41.8 0.0 CE 55 
   1852 2.24 0.0 HB3 163 
   695 1.69 0.0 HD2 68 
   1315 42.9 0.0 CD 119 
   1387 1.41 0.0 HG21 126 
   1437 2.99 0.0 HE2 130 
   783 107.1 0.0 N 75 
   865 119.9 0.0 CD2 81 
   1487 113.9 0.0 CZ2 133 
   1831 118.0 0.0 N 161 
   1390 62.4 0.0 CA 126 
   893 0.6 0.0 HB2 84 
   483 7.26 0.0 HD2 50 
   940 5.28 0.0 HA 87 
   1100 3.8 0.0 HD3 99 
   1284 2.3 0.0 HG2 117 
   1738 0.88 0.0 HD13 154 
   581 2.76 0.0 HB3 59 
   206 24.4 0.0 CB 28 
   1090 133.8 0.0 CD2 98 
   863 55.6 0.0 CA 81 
   827 4.84 0.0 HA 79 
   143 32.8 0.0 CB 23 
   536 104.6 0.0 ND2 54 
   1764 0.93 0.0 HG23 156 
   1907 0.85 0.0 HD13 167 
   1867 1.66 0.0 HG3 164 
   939 8.12 0.0 H 87 
   1578 129.7 0.0 CE2 140 
   1371 1.35 0.0 HG 125 
   1148 2.07 0.0 HG2 104 
   610 120.2 0.0 CZ3 61 
   1249 1.6 0.0 HD2 113 
   1359 117.1 0.0 N 123 
   1830 22.9 0.0 CD2 161 
   175 35.9 0.0 CB 25 
   1203 49.8 0.0 CD 108 
   864 34.3 0.0 CB 81 
   1559 32.6 0.0 CB 139 
   80 1.01 0.0 HG21 18 
   462 17.0 0.0 CG2 48 
   947 37.4 0.0 CG 87 
   1119 1.08 0.0 HG22 101 
   732 1.63 0.0 HB2 72 
   1871 2.92 0.0 HE3 164 
   1864 1.76 0.0 HB2 164 
   658 27.3 0.0 CG 64 
   1414 3.1 0.0 HB2 129 
   1733 1.24 0.0 HB2 154 
   1417 7.05 0.0 HD2 129 
   851 0.82 0.0 HD13 80 
   1352 -0.19 0.0 HD12 123 
   284 8.01 0.0 H 36 
   435 1.91 0.0 HG 47 
   767 6.87 0.0 HD2 74 
   1614 3.34 0.0 HB3 144 
   567 1.5 0.0 HB3 57 
   352 0.86 0.0 HD23 40 
   1581 9.74 0.0 H 141 
   139 1.13 0.0 HG21 23 
   1634 42.1 0.0 CB 145 
   1806 28.7 0.0 CG 159 
   1157 0.33 0.0 HG12 105 
   1189 31.4 0.0 CB 107 
   794 53.9 0.0 CA 76 
   1737 0.88 0.0 HD12 154 
   1096 2.2 0.0 HB3 99 
   1332 1.23 0.0 HG3 122 
   103 36.3 0.0 CG 20 
   350 0.86 0.0 HD21 40 
   1930 2.88 0.0 HB3 169 
   842 5.13 0.0 HA 80 
   1519 53.4 0.0 CA 136 
   718 46.2 0.0 CA 70 
   1784 1.49 0.0 HG13 158 
   511 2.31 0.0 HG2 52 
   1521 116.3 0.0 N 136 
   1275 18.9 0.0 CB 115 
   402 6.81 0.0 HE2 44 
   333 2.31 0.0 HB3 39 
   92 60.1 0.0 CA 19 
   1415 3.22 0.0 HB3 129 
   1921 7.47 0.0 HE22 168 
   1992 38.6 0.0 CB 174 
   211 44.9 0.0 CA 29 
   130 31.8 0.0 CB 22 
   1230 116.5 0.0 N 110 
   1380 26.3 0.0 CG 125 
   223 48.9 0.0 CD 30 
   1169 14.7 0.0 CD1 105 
   542 1.59 0.0 HG3 55 
   1191 22.2 0.0 CG2 107 
   662 8.9 0.0 H 65 
   293 7.05 0.0 HH2 36 
   1372 0.13 0.0 HD11 125 
   790 1.55 0.0 HD2 76 
   752 6.46 0.0 HH2 73 
   1690 57.9 0.0 CA 150 
   1816 3.88 0.0 HA 161 
   1222 0.68 0.0 HD21 110 
   798 42.2 0.0 CE 76 
   87 118.3 0.0 N 18 
   1661 1.64 0.0 HG 148 
   17 4.21 0.0 HA 13 
   133 8.04 0.0 H 23 
   477 119.0 0.0 N 49 
   927 3.29 0.0 HB3 86 
   1721 6.62 0.0 HH2 153 
   530 3.06 0.0 HB3 54 
   1589 1.6 0.0 HB3 142 
   562 112.3 0.0 ND2 56 
   118 27.5 0.0 CG1 21 
   1495 1.5 0.0 HB2 134 
   1722 62.3 0.0 CA 153 
   178 41.8 0.0 CE 25 
   696 1.69 0.0 HD3 68 
   74 8.12 0.0 H 18 
   31 68.6 0.0 CB 14 
   766 6.87 0.0 HD1 74 
   129 63.3 0.0 CA 22 
   877 2.1 0.0 HB3 83 
   821 114.1 0.0 CZ2 78 
   372 29.5 0.0 CD 41 
   193 3.25 0.0 HB3 27 
   1669 43.3 0.0 CB 148 
   404 37.9 0.0 CB 44 
   1788 0.18 0.0 HD11 158 
   1956 2.2 0.0 HG2 171 
   1071 4.67 0.0 HB 97 
   1518 7.29 0.0 HD22 136 
   1423 131.7 0.0 CD1 129 
   1981 2.88 0.0 HB3 173 
   1236 41.0 0.0 CB 111 
   1846 16.7 0.0 CG2 162 
   1177 21.6 0.0 CB 106 
   422 111.4 0.0 NE2 45 
   380 2.69 0.0 HG3 42 
   1618 29.7 0.0 CB 144 
   569 19.0 0.0 CB 57 
   848 0.64 0.0 HG23 80 
   105 7.66 0.0 H 21 
   1822 0.66 0.0 HD13 161 
   1489 123.1 0.0 CH2 133 
   650 0.91 0.0 HD11 64 
   1809 4.33 0.0 HA 160 
   124 2.46 0.0 HB3 22 
   1691 42.2 0.0 CB 150 
   645 8.7 0.0 H 64 
   800 9.17 0.0 H 77 
   592 54.1 0.0 CA 60 
   1102 33.2 0.0 CB 99 
   1723 29.6 0.0 CB 153 
   1575 127.3 0.0 CD1 140 
   217 1.44 0.0 HG3 30 
   414 2.54 0.0 HG2 45 
   899 0.64 0.0 HD21 84 
   505 21.0 0.0 CG2 51 
   1486 120.1 0.0 CE3 133 
   1344 3.77 0.0 HA 123 
   1107 4.44 0.0 HB 100 
   478 8.25 0.0 H 50 
   1779 117.5 0.0 N 157 
   557 7.04 0.0 HD21 56 
   1941 1.38 0.0 HG3 170 
   1703 2.44 0.0 HB3 152 
   747 6.4 0.0 HD1 73 
   10 2.32 0.0 HG2 12 
   1410 136.2 0.0 CE1 128 
   553 8.2 0.0 H 56 
   861 3.25 0.0 HB3 81 
   699 59.8 0.0 CA 68 
   266 121.5 0.0 N 34 
   309 1.13 0.0 HG21 37 
   1168 17.5 0.0 CG2 105 
   1259 7.31 0.0 H 114 
   27 1.24 0.0 HG21 14 
   1988 2.83 0.0 HB3 174 
   760 125.1 0.0 N 73 
   1257 42.5 0.0 CE 113 
   466 4.23 0.0 HA 49 
   351 0.86 0.0 HD22 40 
   691 1.81 0.0 HB2 68 
   1170 124.1 0.0 N 105 
   1887 1.0 0.0 HG12 166 
   533 55.3 0.0 CA 54 
   717 3.53 0.0 HA3 70 
   29 1.24 0.0 HG23 14 
   301 121.6 0.0 N 36 
   1208 2.43 0.0 HG2 109 
   1918 2.32 0.0 HG2 168 
   1984 120.4 0.0 N 173 
   1668 54.5 0.0 CA 148 
   1615 5.82 0.0 HD2 144 
   1063 64.5 0.0 CA 96 
   461 29.8 0.0 CG1 48 
   1708 64.6 0.0 CA 152 
   198 128.7 0.0 N 27 
   383 35.5 0.0 CG 42 
   882 0.77 0.0 HD21 83 
   1003 3.68 0.0 HB3 92 
   1636 25.8 0.0 CD1 145 
   1470 23.5 0.0 CD1 132 
   1240 3.79 0.0 HA3 112 
   1777 29.2 0.0 CB 157 
   653 0.91 0.0 HD21 64 
   657 48.2 0.0 CB 64 
   1009 57.4 0.0 CA 92 
   756 119.8 0.0 CE3 73 
   1289 36.0 0.0 CG 117 
   1180 4.9 0.0 HA 107 
   637 3.25 0.0 HD2 63 
   727 69.3 0.0 CB 71 
   1197 2.12 0.0 HG3 108 
   1949 29.2 0.0 CD 170 
   687 116.8 0.0 N 67 
   1200 66.4 0.0 CA 108 
   420 34.2 0.0 CG 45 
   1089 132.8 0.0 CD1 98 
   954 7.16 0.0 HD2 88 
   980 1.02 0.0 HG23 90 
   1163 0.43 0.0 HD12 105 
   484 6.97 0.0 HE1 50 
   633 1.82 0.0 HB2 63 
   1828 26.2 0.0 CG 161 
   792 2.95 0.0 HE2 76 
   14 35.9 0.0 CG 12 
   1807 49.4 0.0 CD 159 
   1631 0.45 0.0 HD22 145 
   1987 2.77 0.0 HB2 174 
