   1598 40.4 0.0 CB 142 
   781 4.31 0.0 HA3 75 
   1111 67.1 0.0 CA 100 
   3 2.76 0.0 HB3 11 
   1221 0.5 0.0 HD13 110 
   229 1.65 0.0 HG3 31 
   1403 3.23 0.0 HB2 128 
   1681 1.36 0.0 HB2 150 
   1074 1.17 0.0 HG23 97 
   884 0.77 0.0 HD23 83 
   1194 2.03 0.0 HB2 108 
   1380 26.3 0.0 CG 125 
   15 122.1 0.0 N 12 
   1451 3.77 0.0 HD3 131 
   670 36.3 0.0 CG 65 
   1115 7.25 0.0 H 101 
   1217 1.6 0.0 HB3 110 
   828 3.01 0.0 HB2 79 
   16 8.44 0.0 H 13 
   660 24.2 0.0 CD2 64 
   1772 0.27 0.0 HB2 157 
   1304 8.4 0.0 H 119 
   24 7.95 0.0 H 14 
   502 67.2 0.0 CA 51 
   1080 4.69 0.0 HA 98 
   362 2.06 0.0 HB3 41 
   1393 111.5 0.0 N 126 
   360 4.16 0.0 HA 41 
   715 7.82 0.0 H 70 
   1298 53.1 0.0 CA 118 
   447 120.8 0.0 N 47 
   1701 4.25 0.0 HA 152 
   1893 32.2 0.0 CB 166 
   435 1.91 0.0 HG 47 
   1820 0.66 0.0 HD11 161 
   1646 31.6 0.0 CB 146 
   1638 121.2 0.0 N 145 
   412 2.23 0.0 HB2 45 
   770 6.92 0.0 HZ 74 
   1761 0.75 0.0 HG13 156 
   1345 0.37 0.0 HB 123 
   1014 129.9 0.0 CE2 92 
   125 2.1 0.0 HG2 22 
   1968 1.65 0.0 HD2 172 
   808 6.21 0.0 HA 78 
   1142 27.9 0.0 CG 103 
   325 58.3 0.0 CA 38 
   604 7.04 0.0 HH2 61 
   1051 50.6 0.0 CD 95 
   1605 1.04 0.0 HB1 143 
   237 8.17 0.0 H 32 
   1549 4.17 0.0 HA 139 
   692 1.89 0.0 HB3 68 
   1205 4.3 0.0 HA 109 
   963 129.6 0.0 CE2 88 
   584 51.8 0.0 CA 59 
   851 0.82 0.0 HD13 80 
   1214 7.93 0.0 H 110 
   1747 118.8 0.0 N 154 
   244 8.58 0.0 H 33 
   2006 120.6 0.0 N 175 
   1553 1.46 0.0 HG3 139 
   32 22.0 0.0 CG2 14 
   1161 0.67 0.0 HG23 105 
   1501 4.14 0.0 HA 135 
   1457 3.95 0.0 HA 132 
   329 113.9 0.0 NE2 38 
   955 7.18 0.0 HE1 88 
   353 57.5 0.0 CA 40 
   1310 3.21 0.0 HD2 119 
   798 42.2 0.0 CE 76 
   1774 0.82 0.0 HG2 157 
   416 7.61 0.0 HE21 45 
   176 24.6 0.0 CG 25 
   55 57.8 0.0 CA 16 
   251 3.34 0.0 HD3 33 
   468 2.07 0.0 HB3 49 
   238 4.9 0.0 HA 32 
   588 8.49 0.0 H 60 
   338 58.1 0.0 CA 39 
   105 7.66 0.0 H 21 
   1226 42.1 0.0 CB 110 
   1256 29.1 0.0 CD 113 
   1320 45.5 0.0 CA 120 
   1405 7.06 0.0 HD2 128 
   890 108.0 0.0 N 83 
   1189 31.4 0.0 CB 107 
   101 56.0 0.0 CA 20 
   937 117.5 0.0 CE2 86 
   1621 115.4 0.0 N 144 
   183 1.25 0.0 HG21 26 
   961 131.7 0.0 CD2 88 
   1264 1.17 0.0 HG23 114 
   1411 114.8 0.0 N 128 
   93 63.2 0.0 CB 19 
   1401 7.93 0.0 H 128 
   1065 27.8 0.0 CG1 96 
   874 8.23 0.0 H 83 
   1441 26.5 0.0 CG 130 
   1191 22.2 0.0 CG2 107 
   1163 0.43 0.0 HD12 105 
   671 122.0 0.0 N 65 
   1809 4.33 0.0 HA 160 
   1503 1.86 0.0 HB3 135 
   858 9.14 0.0 H 81 
   410 8.21 0.0 H 45 
   1505 1.72 0.0 HG3 135 
   193 3.25 0.0 HB3 27 
   938 129.3 0.0 N 86 
   720 8.33 0.0 H 71 
   1512 113.5 0.0 N 135 
   1847 14.9 0.0 CD1 162 
   1536 122.5 0.0 N 137 
   738 56.1 0.0 CA 72 
   1849 8.1 0.0 H 163 
   1788 0.18 0.0 HD11 158 
   760 125.1 0.0 N 73 
   907 121.8 0.0 N 84 
   566 1.5 0.0 HB2 57 
   586 116.4 0.0 N 59 
   1372 0.13 0.0 HD11 125 
   830 6.96 0.0 HD1 79 
   1850 4.04 0.0 HA 163 
   1415 3.22 0.0 HB3 129 
   1947 33.5 0.0 CB 170 
   1823 0.73 0.0 HD21 161 
   928 7.33 0.0 HD1 86 
   368 2.96 0.0 HE3 41 
   472 3.42 0.0 HD3 49 
   227 2.02 0.0 HB3 31 
   645 8.7 0.0 H 64 
   753 55.4 0.0 CA 73 
   1141 31.9 0.0 CB 103 
   1669 43.3 0.0 CB 148 
   719 107.1 0.0 N 70 
   819 125.9 0.0 CD1 78 
   1464 1.04 0.0 HD21 132 
   311 1.13 0.0 HG23 37 
   170 1.6 0.0 HD2 25 
   401 6.81 0.0 HE1 44 
   1541 1.72 0.0 HG3 138 
   782 45.8 0.0 CA 75 
   1700 105.7 0.0 N 151 
   281 22.8 0.0 CD1 35 
   1285 2.4 0.0 HG3 117 
   358 120.3 0.0 N 40 
   951 2.71 0.0 HB2 88 
   653 0.91 0.0 HD21 64 
   1544 64.6 0.0 CA 138 
   287 3.79 0.0 HB3 36 
   1690 57.9 0.0 CA 150 
   1801 2.05 0.0 HG3 159 
   1725 119.6 0.0 CE3 153 
   1618 29.7 0.0 CB 144 
   1940 1.38 0.0 HG2 170 
   1101 62.8 0.0 CA 99 
   541 1.31 0.0 HG2 55 
   1129 0.01 0.0 HB3 102 
   387 2.22 0.0 HB2 43 
   309 1.13 0.0 HG21 37 
   417 6.94 0.0 HE22 45 
   1195 2.4 0.0 HB3 108 
   1635 26.4 0.0 CG 145 
   154 1.0 0.0 HD13 24 
   230 3.17 0.0 HD2 31 
   741 43.1 0.0 CD 72 
   790 1.55 0.0 HD2 76 
   1370 1.68 0.0 HB3 125 
   752 6.46 0.0 HH2 73 
   1173 1.34 0.0 HB1 106 
   1200 66.4 0.0 CA 108 
   1884 4.04 0.0 HA 166 
   1746 27.6 0.0 CD2 154 
   1863 4.19 0.0 HA 164 
   1094 3.55 0.0 HA 99 
   1942 1.6 0.0 HD2 170 
   381 59.1 0.0 CA 42 
   959 42.6 0.0 CB 88 
   1905 0.85 0.0 HD11 167 
   1419 6.99 0.0 HE2 129 
   346 0.96 0.0 HG 40 
   549 25.6 0.0 CG 55 
   1575 127.3 0.0 CD1 140 
   908 8.45 0.0 H 85 
   1357 17.0 0.0 CG2 123 
   640 54.8 0.0 CA 63 
   1348 -0.36 0.0 HG21 123 
   84 31.9 0.0 CB 18 
   236 116.8 0.0 N 31 
   1230 116.5 0.0 N 110 
   547 60.5 0.0 CA 55 
   866 126.2 0.0 N 81 
   402 6.81 0.0 HE2 44 
   617 2.5 0.0 HB3 62 
   1596 0.37 0.0 HD23 142 
   1804 66.3 0.0 CA 159 
   523 55.6 0.0 CA 53 
   1520 40.4 0.0 CB 136 
   1688 1.16 0.0 HD22 150 
   1516 1.28 0.0 HB3 136 
   1181 1.96 0.0 HB 107 
   431 8.42 0.0 H 47 
   578 8.55 0.0 H 59 
   2002 6.84 0.0 HE22 175 
   1286 1.89 0.0 HE1 117 
   1743 42.6 0.0 CB 154 
   1494 1.5 0.0 HB1 134 
   69 64.5 0.0 CA 17 
   144 18.2 0.0 CG1 23 
   379 2.4 0.0 HG2 42 
   577 116.9 0.0 N 58 
   254 27.3 0.0 CG 33 
   1106 4.12 0.0 HA 100 
   1210 58.3 0.0 CA 109 
   1624 1.42 0.0 HB2 145 
   1659 1.74 0.0 HB2 148 
   1133 4.23 0.0 HA 103 
   1427 129.2 0.0 CZ 129 
   1146 1.71 0.0 HB2 104 
   275 1.01 0.0 HD21 35 
   853 38.1 0.0 CB 80 
   100 2.4 0.0 HG3 20 
   427 5.22 0.0 HG 46 
   750 7.02 0.0 HZ2 73 
   1389 1.41 0.0 HG23 126 
   342 8.86 0.0 H 40 
   1076 67.7 0.0 CB 97 
   821 114.1 0.0 CZ2 78 
   1352 -0.19 0.0 HD12 123 
   1162 0.43 0.0 HD11 105 
   1866 1.45 0.0 HG2 164 
   1384 8.22 0.0 H 126 
   859 4.82 0.0 HA 81 
   155 1.18 0.0 HD21 24 
   1288 1.89 0.0 HE3 117 
   1218 1.35 0.0 HG 110 
   1833 3.68 0.0 HA 162 
   1406 8.19 0.0 HE1 128 
   1791 63.4 0.0 CA 158 
   1736 0.88 0.0 HD11 154 
   361 2.06 0.0 HB2 41 
   739 32.8 0.0 CB 72 
   665 1.81 0.0 HB3 65 
   533 55.3 0.0 CA 54 
   1212 36.8 0.0 CG 109 
   965 121.3 0.0 N 88 
   1832 8.16 0.0 H 162 
   1036 36.4 0.0 CB 94 
   799 121.3 0.0 N 76 
   1877 115.9 0.0 N 164 
   1865 2.04 0.0 HB3 164 
   337 2.71 0.0 HD3 39 
   1837 0.81 0.0 HG21 162 
   730 7.61 0.0 H 72 
   1843 65.1 0.0 CA 162 
   58 43.2 0.0 CD 16 
   575 55.3 0.0 CA 58 
   208 8.82 0.0 H 29 
   221 31.7 0.0 CB 30 
   1034 0.45 0.0 HD13 94 
   846 0.64 0.0 HG21 80 
   1737 0.88 0.0 HD12 154 
   1347 0.7 0.0 HG13 123 
   333 2.31 0.0 HB3 39 
   1852 2.24 0.0 HB3 163 
   80 1.01 0.0 HG21 18 
   903 43.1 0.0 CB 84 
   198 128.7 0.0 N 27 
   1928 4.05 0.0 HA 169 
   864 34.3 0.0 CB 81 
   1988 2.83 0.0 HB3 174 
   939 8.12 0.0 H 87 
   13 29.4 0.0 CB 12 
   1937 4.24 0.0 HA 170 
   579 5.05 0.0 HA 59 
   31 68.6 0.0 CB 14 
   1109 1.25 0.0 HG22 100 
   171 1.6 0.0 HD3 25 
   1583 4.14 0.0 HA3 141 
   722 4.57 0.0 HB 71 
   755 123.5 0.0 CD1 73 
   816 6.84 0.0 HH2 78 
   1755 115.0 0.0 N 155 
   593 40.5 0.0 CB 60 
   1334 1.73 0.0 HD3 122 
   1471 26.2 0.0 CD2 132 
   429 62.7 0.0 CB 46 
   1668 54.5 0.0 CA 148 
   1420 6.93 0.0 HZ 129 
   737 3.19 0.0 HD3 72 
   968 2.72 0.0 HB2 89 
   1601 22.0 0.0 CD2 142 
   74 8.12 0.0 H 18 
   217 1.44 0.0 HG3 30 
   607 128.3 0.0 CD1 61 
   45 43.1 0.0 CD 15 
   370 32.0 0.0 CB 41 
   359 7.57 0.0 H 41 
   428 62.8 0.0 CA 46 
   1713 4.06 0.0 HA 153 
   1319 3.69 0.0 HA3 120 
   1648 117.1 0.0 N 146 
   942 1.9 0.0 HB3 87 
   1861 111.2 0.0 NE2 163 
   246 2.0 0.0 HB2 33 
   1910 25.3 0.0 CG1 167 
   1442 29.4 0.0 CD 130 
   1283 119.1 0.0 N 116 
   1157 0.33 0.0 HG12 105 
   1049 32.4 0.0 CB 95 
   393 34.7 0.0 CG 43 
   678 111.7 0.0 N 66 
   1363 2.78 0.0 HB3 124 
   1318 4.1 0.0 HA2 120 
   1144 8.6 0.0 H 104 
   1765 63.4 0.0 CA 156 
   1360 7.71 0.0 H 124 
   1193 4.13 0.0 HA 108 
   734 1.5 0.0 HG2 72 
   1063 64.5 0.0 CA 96 
   1235 56.4 0.0 CA 111 
   950 5.09 0.0 HA 88 
   532 7.24 0.0 HD22 54 
   792 2.95 0.0 HE2 76 
   1249 1.6 0.0 HD2 113 
   1397 2.68 0.0 HB3 127 
   1903 0.95 0.0 HG22 167 
   614 6.81 0.0 H 62 
   1368 4.45 0.0 HA 125 
   1338 32.9 0.0 CB 122 
   56 30.2 0.0 CB 16 
   943 2.0 0.0 HG2 87 
   893 0.6 0.0 HB2 84 
   1150 54.1 0.0 CA 104 
   625 132.0 0.0 CD1 62 
   1922 54.4 0.0 CA 168 
   321 2.45 0.0 HG2 38 
   777 129.4 0.0 CZ 74 
   1324 3.93 0.0 HA3 121 
   1587 3.92 0.0 HA 142 
   1901 1.3 0.0 HG13 167 
   620 5.55 0.0 HE1 62 
   463 13.2 0.0 CD1 48 
   519 3.0 0.0 HB2 53 
   157 1.18 0.0 HD23 24 
   515 36.4 0.0 CG 52 
   1462 0.93 0.0 HD12 132 
   630 115.3 0.0 N 62 
   1500 7.5 0.0 H 135 
   436 0.93 0.0 HD11 47 
   258 4.24 0.0 HA 34 
   1092 116.0 0.0 CE2 98 
   39 1.72 0.0 HG3 15 
   118 27.5 0.0 CG1 21 
   817 56.7 0.0 CA 78 
   936 117.5 0.0 CE1 86 
   399 7.33 0.0 HD1 44 
   1610 120.1 0.0 N 143 
   1001 4.95 0.0 HA 92 
   1044 1.84 0.0 HG2 95 
   90 3.98 0.0 HB2 19 
   1870 2.92 0.0 HE2 164 
   449 3.79 0.0 HA 48 
   52 1.6 0.0 HG3 16 
   612 121.9 0.0 N 61 
   382 29.2 0.0 CB 42 
   1790 0.18 0.0 HD13 158 
   1762 0.93 0.0 HG21 156 
   1437 2.99 0.0 HE2 130 
   1805 30.6 0.0 CB 159 
   174 57.0 0.0 CA 25 
   378 2.71 0.0 HB3 42 
   49 1.9 0.0 HB2 16 
   1047 3.51 0.0 HD3 95 
   564 4.51 0.0 HA 57 
   591 2.96 0.0 HB3 60 
   1484 27.6 0.0 CB 133 
   415 2.64 0.0 HG3 45 
   1969 1.65 0.0 HD3 172 
   765 3.22 0.0 HB3 74 
   1020 2.67 0.0 HB3 93 
   1948 24.8 0.0 CG 170 
   1182 0.58 0.0 HG11 107 
   132 50.7 0.0 CD 22 
   1237 119.9 0.0 N 111 
   1880 4.11 0.0 HA3 165 
   1643 2.21 0.0 HG2 146 
   1351 -0.19 0.0 HD11 123 
   572 4.38 0.0 HA 58 
   731 5.02 0.0 HA 72 
   36 1.87 0.0 HB2 15 
   1228 25.1 0.0 CD1 110 
   1201 32.3 0.0 CB 108 
   1131 15.4 0.0 CB 102 
   1778 34.2 0.0 CG 157 
   857 128.9 0.0 N 80 
   1546 24.1 0.0 CG 138 
   1253 56.4 0.0 CA 113 
   1556 2.87 0.0 HE2 139 
   314 21.0 0.0 CG1 37 
   766 6.87 0.0 HD1 74 
   1276 128.2 0.0 N 115 
   881 0.82 0.0 HD13 83 
   590 2.19 0.0 HB2 60 
   1881 45.6 0.0 CA 165 
   107 1.29 0.0 HB 21 
   185 1.25 0.0 HG23 26 
   161 27.0 0.0 CD1 24 
   1418 6.99 0.0 HE1 129 
   1914 8.64 0.0 H 168 
   1631 0.45 0.0 HD22 145 
   1031 0.7 0.0 HG23 94 
   460 37.8 0.0 CB 48 
   423 8.3 0.0 H 46 
   476 42.2 0.0 CD 49 
   1436 1.74 0.0 HD3 130 
   216 1.05 0.0 HG2 30 
   567 1.5 0.0 HB3 57 
   664 1.55 0.0 HB2 65 
   1367 8.42 0.0 H 125 
   1434 1.72 0.0 HG3 130 
   1574 36.4 0.0 CB 140 
   608 122.4 0.0 CE3 61 
   1085 6.93 0.0 HE1 98 
   1238 8.62 0.0 H 112 
   406 131.7 0.0 CD2 44 
   273 0.91 0.0 HD12 35 
   1841 0.01 0.0 HD12 162 
   898 0.41 0.0 HD13 84 
   1104 49.5 0.0 CD 99 
   962 129.6 0.0 CE1 88 
   1673 110.9 0.0 N 148 
   438 0.93 0.0 HD13 47 
   1055 1.32 0.0 HG12 96 
   119 17.2 0.0 CG2 21 
   696 1.69 0.0 HD3 68 
   1990 6.91 0.0 HD22 174 
   494 3.25 0.0 HA 51 
   1039 8.7 0.0 CD1 94 
   993 2.38 0.0 HB3 91 
   1487 113.9 0.0 CZ2 133 
   1625 2.33 0.0 HB3 145 
   1337 55.1 0.0 CA 122 
   1482 7.06 0.0 HH2 133 
   1121 59.6 0.0 CA 101 
   30 64.2 0.0 CA 14 
   12 58.2 0.0 CA 12 
   1672 22.7 0.0 CD2 148 
   784 8.54 0.0 H 76 
   1582 5.14 0.0 HA2 141 
   71 21.1 0.0 CG1 17 
   341 121.0 0.0 N 39 
   369 60.1 0.0 CA 41 
   1769 113.1 0.0 N 156 
   1613 2.35 0.0 HB2 144 
   8 2.03 0.0 HB2 12 
   1416 7.05 0.0 HD1 129 
   1775 1.28 0.0 HG3 157 
   319 2.23 0.0 HB2 38 
   1666 0.92 0.0 HD22 148 
   1606 1.04 0.0 HB2 143 
   1550 1.74 0.0 HB2 139 
   1407 57.1 0.0 CA 128 
   1030 0.7 0.0 HG22 94 
   1983 27.8 0.0 CB 173 
   791 1.68 0.0 HD3 76 
   1124 114.3 0.0 N 101 
   164 8.31 0.0 H 25 
   443 42.7 0.0 CB 47 
   179 116.8 0.0 N 25 
   637 3.25 0.0 HD2 63 
   1306 1.79 0.0 HB2 119 
   102 30.1 0.0 CB 20 
   1399 40.2 0.0 CB 127 
   1169 14.7 0.0 CD1 105 
   1770 7.92 0.0 H 157 
   742 123.7 0.0 N 72 
   1358 13.5 0.0 CD1 123 
   1250 1.6 0.0 HD3 113 
   1588 0.74 0.0 HB2 142 
   1296 6.74 0.0 HE1 118 
   1756 6.91 0.0 H 156 
   964 128.3 0.0 CZ 88 
   1190 20.0 0.0 CG1 107 
   917 2.37 0.0 HE3 85 
   1873 34.1 0.0 CB 164 
   1123 21.0 0.0 CG2 101 
   1463 0.93 0.0 HD13 132 
   116 59.2 0.0 CA 21 
   373 42.2 0.0 CE 41 
   1408 30.4 0.0 CB 128 
   1890 1.0 0.0 HG22 166 
   1526 0.66 0.0 HG11 137 
   994 2.13 0.0 HG2 91 
   712 29.6 0.0 CB 69 
   25 4.07 0.0 HA 14 
   641 33.8 0.0 CB 63 
   233 29.5 0.0 CB 31 
   1645 57.0 0.0 CA 146 
   740 27.4 0.0 CG 72 
   1789 0.18 0.0 HD12 158 
   1026 2.04 0.0 HB 94 
   1967 1.43 0.0 HG3 172 
   420 34.2 0.0 CG 45 
   1499 117.9 0.0 N 134 
   1431 1.96 0.0 HB2 130 
   661 123.1 0.0 N 64 
   1869 1.59 0.0 HD3 164 
   1627 -0.05 0.0 HD11 145 
   201 4.74 0.0 HA 28 
   192 2.32 0.0 HB2 27 
   803 3.39 0.0 HB3 77 
   1576 127.3 0.0 CD2 140 
   1577 129.7 0.0 CE1 140 
   1647 32.2 0.0 CG 146 
   17 4.21 0.0 HA 13 
   1745 23.0 0.0 CD1 154 
   1720 6.36 0.0 HZ3 153 
   1826 57.4 0.0 CA 161 
   1432 2.04 0.0 HB3 130 
   62 2.21 0.0 HB 17 
   1818 1.9 0.0 HB3 161 
   518 4.48 0.0 HA 53 
   138 0.96 0.0 HG13 23 
   624 40.9 0.0 CB 62 
   1490 120.6 0.0 N 133 
   707 2.1 0.0 HB2 69 
   46 121.6 0.0 N 15 
   1479 7.41 0.0 HE3 133 
   1138 2.95 0.0 HD2 103 
   552 122.1 0.0 N 55 
   1241 45.8 0.0 CA 112 
   1953 4.39 0.0 HA 171 
   810 3.29 0.0 HB3 78 
   363 1.45 0.0 HG2 41 
   1542 3.23 0.0 HD2 138 
   1987 2.77 0.0 HB2 174 
   1247 1.3 0.0 HG2 113 
   263 59.6 0.0 CA 34 
   989 113.7 0.0 N 90 
   1302 117.4 0.0 CE1 118 
   1808 6.55 0.0 H 160 
   459 65.0 0.0 CA 48 
   997 33.5 0.0 CB 91 
   1719 7.16 0.0 HZ2 153 
   1453 30.7 0.0 CB 131 
   196 51.1 0.0 CA 27 
   298 114.2 0.0 CZ2 36 
   906 24.8 0.0 CD2 84 
   188 22.0 0.0 CG2 26 
   972 122.9 0.0 N 89 
   1640 4.36 0.0 HA 146 
   998 35.4 0.0 CG 91 
   1562 41.9 0.0 CE 139 
   1589 1.6 0.0 HB3 142 
   724 1.1 0.0 HG22 71 
   1224 0.68 0.0 HD23 110 
   708 2.23 0.0 HB3 69 
   559 55.3 0.0 CA 56 
   1350 -0.36 0.0 HG23 123 
   1614 3.34 0.0 HB3 144 
   1929 2.59 0.0 HB2 169 
   1342 118.4 0.0 N 122 
   1307 1.79 0.0 HB3 119 
   1559 32.6 0.0 CB 139 
   1766 33.1 0.0 CB 156 
   1817 1.16 0.0 HB2 161 
   501 0.8 0.0 HG23 51 
   902 53.6 0.0 CA 84 
   812 10.66 0.0 HE1 78 
   187 68.1 0.0 CB 26 
   491 118.8 0.0 CE2 50 
   347 0.84 0.0 HD11 40 
   982 0.71 0.0 HD12 90 
   1727 119.6 0.0 CZ3 153 
   1135 2.45 0.0 HB3 103 
   700 31.8 0.0 CB 68 
   877 2.1 0.0 HB3 83 
   1339 25.6 0.0 CG 122 
   211 44.9 0.0 CA 29 
   38 1.59 0.0 HG2 15 
   1996 4.26 0.0 HA 175 
   628 133.7 0.0 CE2 62 
   292 7.51 0.0 HZ3 36 
   277 1.01 0.0 HD23 35 
   1386 4.54 0.0 HB 126 
   1949 29.2 0.0 CD 170 
   1177 21.6 0.0 CB 106 
   262 2.42 0.0 HG3 34 
   748 9.32 0.0 HE1 73 
   14 35.9 0.0 CG 12 
   1913 112.3 0.0 N 167 
   293 7.05 0.0 HH2 36 
   1444 118.4 0.0 N 130 
   1257 42.5 0.0 CE 113 
   929 7.33 0.0 HD2 86 
   1139 3.85 0.0 HD3 103 
   1148 2.07 0.0 HG2 104 
   626 132.0 0.0 CD2 62 
   70 32.2 0.0 CB 17 
   537 8.89 0.0 H 55 
   167 1.76 0.0 HB3 25 
   86 22.0 0.0 CG2 18 
   207 123.5 0.0 N 28 
   289 9.86 0.0 HE1 36 
   1699 49.3 0.0 CA 151 
   521 7.98 0.0 HD21 53 
   1592 -0.51 0.0 HD12 142 
   1170 124.1 0.0 N 105 
   562 112.3 0.0 ND2 56 
   550 29.7 0.0 CD 55 
   1364 57.6 0.0 CA 124 
   248 1.72 0.0 HG2 33 
   421 117.4 0.0 N 45 
   648 1.86 0.0 HB3 64 
   181 3.89 0.0 HA 26 
   542 1.59 0.0 HG3 55 
   522 6.74 0.0 HD22 53 
   1287 1.89 0.0 HE2 117 
   1060 0.87 0.0 HD11 96 
   986 25.7 0.0 CG1 90 
   186 65.4 0.0 CA 26 
   166 1.76 0.0 HB2 25 
   1924 33.7 0.0 CG 168 
   1678 107.1 0.0 N 149 
   1009 57.4 0.0 CA 92 
   1848 120.1 0.0 N 162 
   1934 120.5 0.0 CD2 169 
   643 42.6 0.0 CD 63 
   1629 -0.05 0.0 HD13 145 
   1510 27.0 0.0 CG 135 
   914 1.27 0.0 HD2 85 
   33 113.2 0.0 N 14 
   1492 8.33 0.0 H 134 
   67 1.1 0.0 HG22 17 
   300 122.2 0.0 CH2 36 
   1966 1.35 0.0 HG2 172 
   1199 3.77 0.0 HD3 108 
   222 27.2 0.0 CG 30 
   264 28.8 0.0 CB 34 
   1798 1.66 0.0 HB2 159 
   675 2.44 0.0 HB3 66 
   1927 8.65 0.0 H 169 
   1361 4.44 0.0 HA 124 
   854 27.8 0.0 CG1 80 
   332 1.78 0.0 HB2 39 
   163 126.3 0.0 N 24 
   539 1.91 0.0 HB2 55 
   446 23.9 0.0 CD2 47 
   98 2.19 0.0 HB3 20 
   1067 13.2 0.0 CD1 96 
   1213 116.4 0.0 N 109 
   1391 69.5 0.0 CB 126 
   439 0.98 0.0 HD21 47 
   2004 29.2 0.0 CB 175 
   433 1.79 0.0 HB2 47 
   561 118.9 0.0 N 56 
   18 1.47 0.0 HB1 13 
   1825 0.73 0.0 HD23 161 
   1799 2.07 0.0 HB3 159 
   461 29.8 0.0 CG1 48 
   1723 29.6 0.0 CB 153 
   848 0.64 0.0 HG23 80 
   1683 1.88 0.0 HG 150 
   598 4.08 0.0 HB3 61 
   487 38.5 0.0 CB 50 
   320 2.23 0.0 HB3 38 
   1571 6.77 0.0 HE2 140 
   1245 1.76 0.0 HB2 113 
   574 3.11 0.0 HB3 58 
   855 17.1 0.0 CG2 80 
   1768 21.8 0.0 CG2 156 
   1597 57.5 0.0 CA 142 
   1560 25.7 0.0 CG 139 
   1830 22.9 0.0 CD2 161 
   905 22.3 0.0 CD1 84 
   1222 0.68 0.0 HD21 110 
   473 57.4 0.0 CA 49 
   1724 127.0 0.0 CD1 153 
   1006 6.63 0.0 HE1 92 
   1654 55.8 0.0 CA 147 
   978 1.02 0.0 HG21 90 
   1956 2.2 0.0 HG2 171 
   1151 30.1 0.0 CB 104 
   453 0.97 0.0 HG21 48 
   1010 40.4 0.0 CB 92 
   301 121.6 0.0 N 36 
   503 31.5 0.0 CB 51 
   1004 6.51 0.0 HD1 92 
   600 9.85 0.0 HE1 61 
   22 18.5 0.0 CB 13 
   1093 128.0 0.0 N 98 
   1209 2.43 0.0 HG3 109 
   1 4.65 0.0 HA 11 
   1892 63.3 0.0 CA 166 
   1851 2.24 0.0 HB2 163 
   633 1.82 0.0 HB2 63 
   602 7.45 0.0 HZ2 61 
   1180 4.9 0.0 HA 107 
   1834 1.39 0.0 HB 162 
   245 3.99 0.0 HA 33 
   42 58.2 0.0 CA 15 
   486 58.8 0.0 CA 50 
   923 121.7 0.0 N 85 
   1369 1.43 0.0 HB2 125 
   869 2.25 0.0 HB2 82 
   495 2.1 0.0 HB 51 
   1740 1.14 0.0 HD22 154 
   1259 7.31 0.0 H 114 
   1982 58.6 0.0 CA 173 
   405 131.7 0.0 CD1 44 
   1268 110.1 0.0 N 114 
   1995 8.36 0.0 H 175 
   1912 14.6 0.0 CD1 167 
   689 8.83 0.0 H 68 
   259 2.16 0.0 HB2 34 
   807 9.24 0.0 H 78 
   1981 2.88 0.0 HB3 173 
   1356 24.8 0.0 CG1 123 
   832 6.69 0.0 HE1 79 
   191 4.6 0.0 HA 27 
   1915 4.83 0.0 HA 168 
   339 29.8 0.0 CB 39 
   1255 25.6 0.0 CG 113 
   112 0.18 0.0 HG23 21 
   89 4.33 0.0 HA 19 
   1073 1.17 0.0 HG22 97 
   1675 4.05 0.0 HA2 149 
   1269 8.73 0.0 H 115 
   1909 40.7 0.0 CB 167 
   924 9.53 0.0 H 86 
   1529 1.08 0.0 HG21 137 
   882 0.77 0.0 HD21 83 
   1703 2.44 0.0 HB3 152 
   1923 31.6 0.0 CB 168 
   1159 0.67 0.0 HG21 105 
   1886 1.0 0.0 HG11 166 
   1022 43.0 0.0 CB 93 
   1952 8.55 0.0 H 171 
   1868 1.5 0.0 HD2 164 
   1664 0.8 0.0 HD13 148 
   1275 18.9 0.0 CB 115 
   1644 2.21 0.0 HG3 146 
   510 2.21 0.0 HB3 52 
   6 8.75 0.0 H 12 
   1879 3.97 0.0 HA2 165 
   958 56.0 0.0 CA 88 
   231 3.17 0.0 HD3 31 
   1902 0.95 0.0 HG21 167 
   1330 1.47 0.0 HB3 122 
   79 0.94 0.0 HG13 18 
   1211 30.2 0.0 CB 109 
   1467 57.9 0.0 CA 132 
   520 3.26 0.0 HB3 53 
   563 7.52 0.0 H 57 
   27 1.24 0.0 HG21 14 
   1110 1.25 0.0 HG23 100 
   1029 0.7 0.0 HG21 94 
   505 21.0 0.0 CG2 51 
   1656 120.5 0.0 N 147 
   1792 30.6 0.0 CB 158 
   654 0.91 0.0 HD22 64 
   182 3.96 0.0 HB 26 
   1273 1.43 0.0 HB3 115 
   1585 112.9 0.0 N 141 
   785 5.61 0.0 HA 76 
   343 3.56 0.0 HA 40 
   377 2.27 0.0 HB2 42 
   1184 0.58 0.0 HG13 107 
   66 1.1 0.0 HG21 17 
   1277 8.32 0.0 H 116 
   1609 18.0 0.0 CB 143 
   1473 8.49 0.0 H 133 
   270 1.81 0.0 HB3 35 
   312 66.4 0.0 CA 37 
   758 120.1 0.0 CZ3 73 
   558 7.75 0.0 HD22 56 
   1183 0.58 0.0 HG12 107 
   1294 7.0 0.0 HD1 118 
   1633 58.4 0.0 CA 145 
   396 4.5 0.0 HA 44 
   727 69.3 0.0 CB 71 
   1584 44.0 0.0 CA 141 
   1332 1.23 0.0 HG3 122 
   1233 2.6 0.0 HB2 111 
   1145 4.26 0.0 HA 104 
   354 41.3 0.0 CB 40 
   1011 131.3 0.0 CD1 92 
   11 2.32 0.0 HG3 12 
   1626 1.11 0.0 HG 145 
   1827 41.4 0.0 CB 161 
   1925 121.6 0.0 N 168 
   954 7.16 0.0 HD2 88 
   1985 8.55 0.0 H 174 
   99 2.21 0.0 HG2 20 
   1754 18.2 0.0 CB 155 
   454 0.97 0.0 HG22 48 
   672 7.8 0.0 H 66 
   1999 2.31 0.0 HG2 175 
   1760 0.75 0.0 HG12 156 
   1018 5.58 0.0 HA 93 
   694 1.46 0.0 HG3 68 
   1128 0.01 0.0 HB2 102 
   228 1.58 0.0 HG2 31 
   384 119.4 0.0 N 42 
   504 23.6 0.0 CG1 51 
   1821 0.66 0.0 HD12 161 
   1994 112.7 0.0 ND2 174 
   1961 119.4 0.0 N 171 
   195 7.45 0.0 HD22 27 
   374 118.4 0.0 N 41 
   471 3.37 0.0 HD2 49 
   878 1.45 0.0 HG 83 
   868 4.02 0.0 HA 82 
   1449 2.12 0.0 HG3 131 
   879 0.82 0.0 HD11 83 
   335 1.47 0.0 HG3 39 
   1517 6.92 0.0 HD21 136 
   1874 26.3 0.0 CG 164 
   1486 120.1 0.0 CE3 133 
   1252 3.12 0.0 HE3 113 
   1734 2.04 0.0 HB3 154 
   569 19.0 0.0 CB 57 
   674 0.91 0.0 HB2 66 
   380 2.69 0.0 HG3 42 
   127 3.72 0.0 HD2 22 
   1518 7.29 0.0 HD22 136 
   1314 27.1 0.0 CG 119 
   1728 122.7 0.0 CH2 153 
   804 55.2 0.0 CA 77 
   736 3.09 0.0 HD2 72 
   81 1.01 0.0 HG22 18 
   1083 7.86 0.0 HD1 98 
   1665 0.92 0.0 HD21 148 
   115 -0.19 0.0 HD13 21 
   344 0.97 0.0 HB2 40 
   425 3.98 0.0 HB2 46 
   1428 121.3 0.0 N 129 
   307 0.99 0.0 HG12 37 
   274 0.91 0.0 HD13 35 
   631 8.75 0.0 H 63 
   1317 8.98 0.0 H 120 
   1984 120.4 0.0 N 173 
   691 1.81 0.0 HB2 68 
   935 132.9 0.0 CD2 86 
   1812 57.2 0.0 CA 160 
   1446 1.83 0.0 HB2 131 
   78 0.94 0.0 HG12 18 
   1758 1.8 0.0 HB 156 
   1064 37.7 0.0 CB 96 
   1616 7.71 0.0 HE1 144 
   615 4.91 0.0 HA 62 
   536 104.6 0.0 ND2 54 
   334 1.47 0.0 HG2 39 
   1466 1.04 0.0 HD23 132 
   841 8.07 0.0 H 80 
   1251 3.12 0.0 HE2 113 
   1978 8.4 0.0 H 173 
   305 2.2 0.0 HB 37 
   1498 18.5 0.0 CB 134 
   745 1.04 0.0 HB2 73 
   1970 2.95 0.0 HE2 172 
   1976 41.8 0.0 CE 172 
   397 3.17 0.0 HB2 44 
   1388 1.41 0.0 HG22 126 
   313 31.3 0.0 CB 37 
   1375 0.33 0.0 HD21 125 
   1733 1.24 0.0 HB2 154 
   1527 0.66 0.0 HG12 137 
   771 54.9 0.0 CA 74 
   1718 7.08 0.0 HE3 153 
   1628 -0.05 0.0 HD12 145 
   703 41.8 0.0 CE 68 
   761 127.0 0.0 NE1 73 
   1090 133.8 0.0 CD2 98 
   265 36.3 0.0 CG 34 
   1781 3.54 0.0 HA 158 
   1167 27.6 0.0 CG1 105 
   1075 60.5 0.0 CA 97 
   642 26.9 0.0 CG 63 
   680 4.76 0.0 HA 67 
   676 55.8 0.0 CA 66 
   834 57.7 0.0 CA 79 
   1871 2.92 0.0 HE3 164 
   1738 0.88 0.0 HD13 154 
   1538 1.22 0.0 HB2 138 
   1540 1.25 0.0 HG2 138 
   483 7.26 0.0 HD2 50 
   1215 4.34 0.0 HA 110 
   202 1.47 0.0 HB1 28 
   1991 53.2 0.0 CA 174 
   316 116.1 0.0 N 37 
   133 8.04 0.0 H 23 
   822 120.5 0.0 CZ3 78 
   156 1.18 0.0 HD22 24 
   1565 4.03 0.0 HA 140 
   1119 1.08 0.0 HG22 101 
   1595 0.37 0.0 HD22 142 
   1661 1.64 0.0 HG 148 
   780 4.93 0.0 HA2 75 
   1024 8.43 0.0 H 94 
   367 2.96 0.0 HE2 41 
   1303 117.4 0.0 CE2 118 
   269 1.46 0.0 HB2 35 
   389 2.14 0.0 HG2 43 
   1875 29.2 0.0 CD 164 
   403 62.3 0.0 CA 44 
   323 6.95 0.0 HE21 38 
   1671 26.1 0.0 CD1 148 
   1567 2.06 0.0 HB3 140 
   1515 0.92 0.0 HB2 136 
   1282 29.0 0.0 CB 116 
   1483 61.0 0.0 CA 133 
   212 107.0 0.0 N 29 
   1748 7.31 0.0 H 155 
   477 119.0 0.0 N 49 
   10 2.32 0.0 HG2 12 
   546 2.84 0.0 HE3 55 
   386 4.33 0.0 HA 43 
   150 1.88 0.0 HB3 24 
   34 8.07 0.0 H 15 
   464 118.5 0.0 N 48 
   710 2.54 0.0 HG3 69 
   1072 1.17 0.0 HG21 97 
   152 1.0 0.0 HD11 24 
   1570 6.77 0.0 HE1 140 
   1552 1.26 0.0 HG2 139 
   1472 119.9 0.0 N 132 
   970 54.7 0.0 CA 89 
   1488 123.0 0.0 CZ3 133 
   747 6.4 0.0 HD1 73 
   326 28.0 0.0 CB 38 
   184 1.25 0.0 HG22 26 
   1396 2.61 0.0 HB2 127 
   1187 0.93 0.0 HG23 107 
   1919 2.35 0.0 HG3 168 
   843 1.63 0.0 HB 80 
   1378 54.2 0.0 CA 125 
   1398 56.8 0.0 CA 127 
   1652 1.22 0.0 HB2 147 
   1353 -0.19 0.0 HD13 123 
   597 2.65 0.0 HB2 61 
   324 8.08 0.0 HE22 38 
   632 4.37 0.0 HA 63 
   540 1.91 0.0 HB3 55 
   538 3.93 0.0 HA 55 
   927 3.29 0.0 HB3 86 
   913 1.18 0.0 HG3 85 
   322 2.45 0.0 HG3 38 
   827 4.84 0.0 HA 79 
   774 131.7 0.0 CD2 74 
   634 1.82 0.0 HB3 63 
   1077 22.0 0.0 CG2 97 
   1964 1.72 0.0 HB2 172 
   1156 1.26 0.0 HB 105 
   1676 3.16 0.0 HA3 149 
   1709 32.1 0.0 CB 152 
   1731 8.68 0.0 H 154 
   1084 7.38 0.0 HD2 98 
   1715 3.56 0.0 HB3 153 
   253 28.7 0.0 CB 33 
   5 40.9 0.0 CB 11 
   622 5.65 0.0 HZ 62 
   1271 1.43 0.0 HB1 115 
   1636 25.8 0.0 CD1 145 
   206 24.4 0.0 CB 28 
   1341 41.8 0.0 CE 122 
   1423 131.7 0.0 CD1 129 
   1100 3.8 0.0 HD3 99 
   44 27.3 0.0 CG 15 
   548 32.2 0.0 CB 55 
   1796 115.7 0.0 N 158 
   811 7.03 0.0 HD1 78 
   987 19.5 0.0 CG2 90 
   1807 49.4 0.0 CD 159 
   131 27.7 0.0 CG 22 
   1803 3.0 0.0 HD3 159 
   247 2.12 0.0 HB3 33 
   981 0.71 0.0 HD11 90 
   1828 26.2 0.0 CG 161 
   480 3.32 0.0 HB2 50 
   1586 10.28 0.0 H 142 
   1763 0.93 0.0 HG22 156 
   1889 1.0 0.0 HG21 166 
   126 2.1 0.0 HG3 22 
   158 56.0 0.0 CA 24 
   1171 8.88 0.0 H 106 
   1611 7.37 0.0 H 144 
   1697 3.12 0.0 HA2 151 
   1876 41.8 0.0 CE 164 
   555 2.93 0.0 HB2 56 
   1152 35.9 0.0 CG 104 
   1692 27.0 0.0 CG 150 
   1604 3.75 0.0 HA 143 
   296 127.0 0.0 CD1 36 
   786 1.44 0.0 HB2 76 
   1105 8.2 0.0 H 100 
   1858 27.9 0.0 CB 163 
   1376 0.33 0.0 HD22 125 
   824 117.5 0.0 N 78 
   190 9.34 0.0 H 27 
   106 4.14 0.0 HA 21 
   85 21.7 0.0 CG1 18 
   1041 4.62 0.0 HA 95 
   769 7.0 0.0 HE2 74 
   971 41.3 0.0 CB 89 
   551 41.8 0.0 CE 55 
   1855 7.42 0.0 HE21 163 
   1098 1.77 0.0 HG3 99 
   1920 6.76 0.0 HE21 168 
   303 7.5 0.0 H 37 
   772 40.5 0.0 CB 74 
   437 0.93 0.0 HD12 47 
   611 123.3 0.0 CH2 61 
   1883 7.79 0.0 H 166 
   383 35.5 0.0 CG 42 
   1458 1.61 0.0 HB2 132 
   1117 3.67 0.0 HB 101 
   434 2.21 0.0 HB3 47 
   1140 61.6 0.0 CA 103 
   1682 2.33 0.0 HB3 150 
   1779 117.5 0.0 N 157 
   279 42.7 0.0 CB 35 
   1497 54.7 0.0 CA 134 
   1548 8.76 0.0 H 139 
   1485 126.6 0.0 CD1 133 
   1299 39.5 0.0 CB 118 
   1371 1.35 0.0 HG 125 
   330 8.2 0.0 H 39 
   371 25.0 0.0 CG 41 
   860 2.85 0.0 HB2 81 
   1545 32.6 0.0 CB 138 
   1166 38.7 0.0 CB 105 
   1003 3.68 0.0 HB3 92 
   111 0.18 0.0 HG22 21 
   1935 122.1 0.0 N 169 
   535 122.2 0.0 N 54 
   1862 7.88 0.0 H 164 
   652 0.91 0.0 HD13 64 
   1810 2.55 0.0 HB2 160 
   1050 27.0 0.0 CG 95 
   529 3.06 0.0 HB2 54 
   1154 8.55 0.0 H 105 
   1421 62.4 0.0 CA 129 
   945 54.3 0.0 CA 87 
   392 28.4 0.0 CB 43 
   1362 2.23 0.0 HB2 124 
   1300 132.5 0.0 CD1 118 
   104 119.8 0.0 N 20 
   1854 2.49 0.0 HG3 163 
   886 39.8 0.0 CB 83 
   1815 7.82 0.0 H 161 
   844 0.96 0.0 HG12 80 
   1759 0.75 0.0 HG11 156 
   629 131.9 0.0 CZ 62 
   1082 3.27 0.0 HB3 98 
   895 1.54 0.0 HG 84 
   411 4.15 0.0 HA 45 
   690 3.96 0.0 HA 68 
   650 0.91 0.0 HD11 64 
   1032 0.45 0.0 HD11 94 
   1620 136.3 0.0 CE1 144 
   1954 1.93 0.0 HB2 171 
   693 1.46 0.0 HG2 68 
   1963 4.4 0.0 HA 172 
   1797 3.52 0.0 HA 159 
   128 4.08 0.0 HD3 22 
   1374 0.13 0.0 HD13 125 
   54 3.21 0.0 HD3 16 
   1261 4.2 0.0 HB 114 
   944 2.0 0.0 HG3 87 
   1147 1.85 0.0 HB3 104 
   1450 3.64 0.0 HD2 131 
   485 6.97 0.0 HE2 50 
   189 121.3 0.0 N 26 
   1262 1.17 0.0 HG21 114 
   1229 22.5 0.0 CD2 110 
   1430 3.99 0.0 HA 130 
   1433 1.42 0.0 HG2 130 
   1653 1.22 0.0 HB3 147 
   1773 0.96 0.0 HB3 157 
   91 3.98 0.0 HB3 19 
   146 116.5 0.0 N 23 
   143 32.8 0.0 CB 23 
   1831 118.0 0.0 N 161 
   900 0.64 0.0 HD22 84 
   909 4.75 0.0 HA 85 
   1365 27.0 0.0 CB 124 
   985 42.8 0.0 CB 90 
   1099 3.44 0.0 HD2 99 
   440 0.98 0.0 HD22 47 
   925 4.52 0.0 HA 86 
   1046 3.51 0.0 HD2 95 
   1957 2.2 0.0 HG3 171 
   1973 32.8 0.0 CB 172 
   1911 18.1 0.0 CG2 167 
   1236 41.0 0.0 CB 111 
   1971 2.95 0.0 HE3 172 
   783 107.1 0.0 N 75 
   695 1.69 0.0 HD2 68 
   96 4.35 0.0 HA 20 
   1258 117.5 0.0 N 113 
   408 117.8 0.0 CE2 44 
   235 43.1 0.0 CD 31 
   1757 3.87 0.0 HA 156 
   688 110.7 0.0 ND2 67 
   130 31.8 0.0 CB 22 
   1413 4.07 0.0 HA 129 
   1531 1.08 0.0 HG23 137 
   1566 1.98 0.0 HB2 140 
   754 30.6 0.0 CB 73 
   1260 4.63 0.0 HA 114 
   1564 6.28 0.0 H 140 
   1658 4.51 0.0 HA 148 
   63 1.01 0.0 HG11 17 
   306 0.99 0.0 HG11 37 
   1685 0.87 0.0 HD12 150 
   283 119.1 0.0 N 35 
   885 57.1 0.0 CA 83 
   990 8.61 0.0 H 91 
   1730 127.7 0.0 NE1 153 
   1787 0.42 0.0 HG23 158 
   889 22.5 0.0 CD2 83 
   581 2.76 0.0 HB3 59 
   839 117.3 0.0 CE2 79 
   109 1.61 0.0 HG13 21 
   721 4.41 0.0 HA 71 
   666 1.89 0.0 HG2 65 
   1279 2.0 0.0 HB2 116 
   656 54.3 0.0 CA 64 
   1511 43.4 0.0 CD 135 
   1095 1.45 0.0 HB2 99 
   1946 56.7 0.0 CA 170 
   789 1.57 0.0 HG3 76 
   1477 6.93 0.0 HD1 133 
   1617 61.9 0.0 CA 144 
   1622 8.62 0.0 H 145 
   553 8.2 0.0 H 56 
   733 1.73 0.0 HB3 72 
   557 7.04 0.0 HD21 56 
   1572 6.2 0.0 HZ 140 
   1108 1.25 0.0 HG21 100 
   960 131.7 0.0 CD1 88 
   797 29.6 0.0 CD 76 
   223 48.9 0.0 CD 30 
   317 7.16 0.0 H 38 
   1932 57.3 0.0 CA 169 
   1059 0.98 0.0 HG23 96 
   1698 3.72 0.0 HA3 151 
   1793 28.2 0.0 CG1 158 
   1056 1.48 0.0 HG13 96 
   975 1.75 0.0 HB 90 
   1714 3.23 0.0 HB2 153 
   979 1.02 0.0 HG22 90 
   1381 25.2 0.0 CD1 125 
   511 2.31 0.0 HG2 52 
   1048 62.1 0.0 CA 95 
   1930 2.88 0.0 HB3 169 
   456 0.92 0.0 HD11 48 
   977 1.29 0.0 HG13 90 
   1102 33.2 0.0 CB 99 
   1176 50.2 0.0 CA 106 
   1445 4.38 0.0 HA 131 
   1480 7.26 0.0 HZ2 133 
   616 2.1 0.0 HB2 62 
   1829 26.1 0.0 CD1 161 
   242 40.8 0.0 CB 32 
   1938 1.7 0.0 HB2 170 
   1107 4.44 0.0 HB 100 
   531 4.55 0.0 HD21 54 
   59 120.5 0.0 N 16 
   1721 6.62 0.0 HH2 153 
   1246 1.82 0.0 HB3 113 
   1811 2.55 0.0 HB3 160 
   226 1.82 0.0 HB2 31 
   1328 4.58 0.0 HA 122 
   682 3.59 0.0 HB3 67 
   1777 29.2 0.0 CB 157 
   1735 2.08 0.0 HG 154 
   966 8.46 0.0 H 89 
   1019 2.51 0.0 HB2 93 
   896 0.41 0.0 HD11 84 
   278 56.6 0.0 CA 35 
   655 0.91 0.0 HD23 64 
   390 2.75 0.0 HG3 43 
   776 130.0 0.0 CE2 74 
   1476 3.07 0.0 HB3 133 
   1802 3.0 0.0 HD2 159 
   1563 122.6 0.0 N 139 
   1165 62.8 0.0 CA 105 
   1939 1.7 0.0 HB3 170 
   352 0.86 0.0 HD23 40 
   1819 1.91 0.0 HG 161 
   1814 115.9 0.0 N 160 
   398 3.25 0.0 HB3 44 
   1424 131.7 0.0 CD2 129 
   973 8.46 0.0 H 90 
   451 1.26 0.0 HG12 48 
   1941 1.38 0.0 HG3 170 
   400 7.33 0.0 HD2 44 
   1704 1.84 0.0 HG2 152 
   478 8.25 0.0 H 50 
   910 1.51 0.0 HB2 85 
   1921 7.47 0.0 HE22 168 
