   1823 0.73 0.0 HD21 161 
   2007 112.3 0.0 NE2 175 
   1949 29.2 0.0 CD 170 
   394 120.6 0.0 N 43 
   981 0.71 0.0 HD11 90 
   1314 27.1 0.0 CG 119 
   1847 14.9 0.0 CD1 162 
   598 4.08 0.0 HB3 61 
   1037 26.8 0.0 CG1 94 
   249 1.85 0.0 HG3 33 
   1272 1.43 0.0 HB2 115 
   525 119.5 0.0 N 53 
   1126 3.87 0.0 HA 102 
   560 38.1 0.0 CB 56 
   1240 3.79 0.0 HA3 112 
   79 0.94 0.0 HG13 18 
   361 2.06 0.0 HB2 41 
   985 42.8 0.0 CB 90 
   1591 -0.51 0.0 HD11 142 
   1575 127.3 0.0 CD1 140 
   288 7.34 0.0 HD1 36 
   666 1.89 0.0 HG2 65 
   733 1.73 0.0 HB3 72 
   575 55.3 0.0 CA 58 
   1865 2.04 0.0 HB3 164 
   393 34.7 0.0 CG 43 
   645 8.7 0.0 H 64 
   516 119.7 0.0 N 52 
   1934 120.5 0.0 CD2 169 
   1429 8.59 0.0 H 130 
   1348 -0.36 0.0 HG21 123 
   1070 4.43 0.0 HA 97 
   36 1.87 0.0 HB2 15 
   1596 0.37 0.0 HD23 142 
   1961 119.4 0.0 N 171 
   247 2.12 0.0 HB3 33 
   1754 18.2 0.0 CB 155 
   1753 53.8 0.0 CA 155 
   99 2.21 0.0 HG2 20 
   132 50.7 0.0 CD 22 
   1977 122.0 0.0 N 172 
   507 8.37 0.0 H 52 
   951 2.71 0.0 HB2 88 
   1401 7.93 0.0 H 128 
   1434 1.72 0.0 HG3 130 
   1779 117.5 0.0 N 157 
   621 5.55 0.0 HE2 62 
   1650 4.49 0.0 HA 147 
   1308 1.58 0.0 HG2 119 
   1677 45.7 0.0 CA 149 
   1963 4.4 0.0 HA 172 
   1141 31.9 0.0 CB 103 
   1788 0.18 0.0 HD11 158 
   52 1.6 0.0 HG3 16 
   1108 1.25 0.0 HG21 100 
   1648 117.1 0.0 N 146 
   1322 8.15 0.0 H 121 
   1008 6.45 0.0 HZ 92 
   1967 1.43 0.0 HG3 172 
   115 -0.19 0.0 HD13 21 
   259 2.16 0.0 HB2 34 
   1885 2.17 0.0 HB 166 
   1292 2.84 0.0 HB2 118 
   1246 1.82 0.0 HB3 113 
   279 42.7 0.0 CB 35 
   744 4.72 0.0 HA 73 
   997 33.5 0.0 CB 91 
   1780 7.94 0.0 H 158 
   1259 7.31 0.0 H 114 
   1606 1.04 0.0 HB2 143 
   1960 36.0 0.0 CG 171 
   23 122.6 0.0 N 13 
   1414 3.1 0.0 HB2 129 
   584 51.8 0.0 CA 59 
   54 3.21 0.0 HD3 16 
   1889 1.0 0.0 HG21 166 
   746 2.21 0.0 HB3 73 
   1172 5.09 0.0 HA 106 
   736 3.09 0.0 HD2 72 
   372 29.5 0.0 CD 41 
   490 118.8 0.0 CE1 50 
   1122 69.9 0.0 CB 101 
   930 6.77 0.0 HE1 86 
   1184 0.58 0.0 HG13 107 
   160 31.1 0.0 CG 24 
   1089 132.8 0.0 CD1 98 
   863 55.6 0.0 CA 81 
   1778 34.2 0.0 CG 157 
   1879 3.97 0.0 HA2 165 
   232 56.1 0.0 CA 31 
   926 2.88 0.0 HB2 86 
   468 2.07 0.0 HB3 49 
   1350 -0.36 0.0 HG23 123 
   1770 7.92 0.0 H 157 
   941 1.9 0.0 HB2 87 
   1737 0.88 0.0 HD12 154 
   265 36.3 0.0 CG 34 
   138 0.96 0.0 HG13 23 
   1173 1.34 0.0 HB1 106 
   1547 48.1 0.0 CD 138 
   239 3.17 0.0 HB2 32 
   1966 1.35 0.0 HG2 172 
   1952 8.55 0.0 H 171 
   334 1.47 0.0 HG2 39 
   1283 119.1 0.0 N 116 
   686 37.3 0.0 CB 67 
   405 131.7 0.0 CD1 44 
   1318 4.1 0.0 HA2 120 
   308 0.99 0.0 HG13 37 
   1457 3.95 0.0 HA 132 
   705 8.77 0.0 H 69 
   348 0.84 0.0 HD12 40 
   1991 53.2 0.0 CA 174 
   309 1.13 0.0 HG21 37 
   578 8.55 0.0 H 59 
   501 0.8 0.0 HG23 51 
   1894 21.8 0.0 CG1 166 
   939 8.12 0.0 H 87 
   638 3.25 0.0 HD3 63 
   1300 132.5 0.0 CD1 118 
   1595 0.37 0.0 HD22 142 
   374 118.4 0.0 N 41 
   311 1.13 0.0 HG23 37 
   781 4.31 0.0 HA3 75 
   1861 111.2 0.0 NE2 163 
   1853 2.49 0.0 HG2 163 
   1760 0.75 0.0 HG12 156 
   82 1.01 0.0 HG23 18 
   1962 8.44 0.0 H 172 
   737 3.19 0.0 HD3 72 
   674 0.91 0.0 HB2 66 
   876 1.57 0.0 HB2 83 
   414 2.54 0.0 HG2 45 
   370 32.0 0.0 CB 41 
   1320 45.5 0.0 CA 120 
   423 8.3 0.0 H 46 
   569 19.0 0.0 CB 57 
   623 57.0 0.0 CA 62 
   1854 2.49 0.0 HG3 163 
   325 58.3 0.0 CA 38 
   1443 41.8 0.0 CE 130 
   1202 27.1 0.0 CG 108 
   1556 2.87 0.0 HE2 139 
   93 63.2 0.0 CB 19 
   407 117.8 0.0 CE1 44 
   1571 6.77 0.0 HE2 140 
   731 5.02 0.0 HA 72 
   1557 2.91 0.0 HE3 139 
   1809 4.33 0.0 HA 160 
   936 117.5 0.0 CE1 86 
   1924 33.7 0.0 CG 168 
   214 1.05 0.0 HB2 30 
   1688 1.16 0.0 HD22 150 
   630 115.3 0.0 N 62 
   1378 54.2 0.0 CA 125 
   1383 126.2 0.0 N 125 
   1667 0.92 0.0 HD23 148 
   1901 1.3 0.0 HG13 167 
   313 31.3 0.0 CB 37 
   1549 4.17 0.0 HA 139 
   904 25.9 0.0 CG 84 
   388 2.34 0.0 HB3 43 
   34 8.07 0.0 H 15 
   1569 6.2 0.0 HD2 140 
   1784 1.49 0.0 HG13 158 
   1576 127.3 0.0 CD2 140 
   1558 57.9 0.0 CA 139 
   1379 41.7 0.0 CB 125 
   789 1.57 0.0 HG3 76 
   807 9.24 0.0 H 78 
   1545 32.6 0.0 CB 138 
   411 4.15 0.0 HA 45 
   271 1.77 0.0 HG 35 
   1149 2.24 0.0 HG3 104 
   381 59.1 0.0 CA 42 
   1717 9.7 0.0 HE1 153 
   1703 2.44 0.0 HB3 152 
   704 123.1 0.0 N 68 
   389 2.14 0.0 HG2 43 
   1098 1.77 0.0 HG3 99 
   625 132.0 0.0 CD1 62 
   589 4.4 0.0 HA 60 
   347 0.84 0.0 HD11 40 
   697 3.0 0.0 HE2 68 
   858 9.14 0.0 H 81 
   1319 3.69 0.0 HA3 120 
   1868 1.5 0.0 HD2 164 
   1845 29.2 0.0 CG1 162 
   596 4.27 0.0 HA 61 
   171 1.6 0.0 HD3 25 
   417 6.94 0.0 HE22 45 
   1073 1.17 0.0 HG22 97 
   1568 6.2 0.0 HD1 140 
   1981 2.88 0.0 HB3 173 
   1370 1.68 0.0 HB3 125 
   1666 0.92 0.0 HD22 148 
   740 27.4 0.0 CG 72 
   1843 65.1 0.0 CA 162 
   68 1.1 0.0 HG23 17 
   1075 60.5 0.0 CA 97 
   812 10.66 0.0 HE1 78 
   1821 0.66 0.0 HD12 161 
   333 2.31 0.0 HB3 39 
   126 2.1 0.0 HG3 22 
   263 59.6 0.0 CA 34 
   350 0.86 0.0 HD21 40 
   1024 8.43 0.0 H 94 
   496 0.78 0.0 HG11 51 
   844 0.96 0.0 HG12 80 
   60 7.9 0.0 H 17 
   1312 57.4 0.0 CA 119 
   798 42.2 0.0 CE 76 
   588 8.49 0.0 H 60 
   166 1.76 0.0 HB2 25 
   1810 2.55 0.0 HB2 160 
   928 7.33 0.0 HD1 86 
   867 9.03 0.0 H 82 
   378 2.71 0.0 HB3 42 
   24 7.95 0.0 H 14 
   683 7.79 0.0 HD21 67 
   1267 20.7 0.0 CG2 114 
   725 1.1 0.0 HG23 71 
   1850 4.04 0.0 HA 163 
   385 8.98 0.0 H 43 
   1124 114.3 0.0 N 101 
   1560 25.7 0.0 CG 139 
   502 67.2 0.0 CA 51 
   1402 4.57 0.0 HA 128 
   1432 2.04 0.0 HB3 130 
   1668 54.5 0.0 CA 148 
   1647 32.2 0.0 CG 146 
   1372 0.13 0.0 HD11 125 
   320 2.23 0.0 HB3 38 
   97 1.96 0.0 HB2 20 
   1690 57.9 0.0 CA 150 
   1790 0.18 0.0 HD13 158 
   1846 16.7 0.0 CG2 162 
   302 125.7 0.0 NE1 36 
   1508 57.0 0.0 CA 135 
   1091 118.2 0.0 CE1 98 
   1915 4.83 0.0 HA 168 
   626 132.0 0.0 CD2 62 
   1546 24.1 0.0 CG 138 
   1955 2.09 0.0 HB3 171 
   406 131.7 0.0 CD2 44 
   973 8.46 0.0 H 90 
   117 39.1 0.0 CB 21 
   186 65.4 0.0 CA 26 
   554 4.54 0.0 HA 56 
   793 2.95 0.0 HE3 76 
   1623 4.15 0.0 HA 145 
   1192 119.5 0.0 N 107 
   46 121.6 0.0 N 15 
   750 7.02 0.0 HZ2 73 
   1692 27.0 0.0 CG 150 
   1106 4.12 0.0 HA 100 
   1891 1.0 0.0 HG23 166 
   181 3.89 0.0 HA 26 
   864 34.3 0.0 CB 81 
   1381 25.2 0.0 CD1 125 
   195 7.45 0.0 HD22 27 
   1410 136.2 0.0 CE1 128 
   1806 28.7 0.0 CG 159 
   847 0.64 0.0 HG22 80 
   162 25.5 0.0 CD2 24 
   1555 1.62 0.0 HD3 139 
   952 3.07 0.0 HB3 88 
   1260 4.63 0.0 HA 114 
   1876 41.8 0.0 CE 164 
   1992 38.6 0.0 CB 174 
   571 7.96 0.0 H 58 
   1125 7.94 0.0 H 102 
   813 7.27 0.0 HE3 78 
   1913 112.3 0.0 N 167 
   481 3.32 0.0 HB3 50 
   892 4.47 0.0 HA 84 
   1016 112.7 0.0 N 92 
   783 107.1 0.0 N 75 
   31 68.6 0.0 CB 14 
   788 1.43 0.0 HG2 76 
   467 1.95 0.0 HB2 49 
   1224 0.68 0.0 HD23 110 
   1896 115.2 0.0 N 166 
   1489 123.1 0.0 CH2 133 
   1503 1.86 0.0 HB3 135 
   1793 28.2 0.0 CG1 158 
   838 117.3 0.0 CE1 79 
   230 3.17 0.0 HD2 31 
   653 0.91 0.0 HD21 64 
   987 19.5 0.0 CG2 90 
   1399 40.2 0.0 CB 127 
   1594 0.37 0.0 HD21 142 
   1543 3.45 0.0 HD3 138 
   1444 118.4 0.0 N 130 
   1755 115.0 0.0 N 155 
   1831 118.0 0.0 N 161 
   619 5.47 0.0 HD2 62 
   1852 2.24 0.0 HB3 163 
   1635 26.4 0.0 CG 145 
   1279 2.0 0.0 HB2 116 
   1231 7.36 0.0 H 111 
   1004 6.51 0.0 HD1 92 
   1772 0.27 0.0 HB2 157 
   1388 1.41 0.0 HG22 126 
   1658 4.51 0.0 HA 148 
   1887 1.0 0.0 HG12 166 
   2002 6.84 0.0 HE22 175 
   1323 3.93 0.0 HA2 121 
   127 3.72 0.0 HD2 22 
   1602 125.0 0.0 N 142 
   250 3.34 0.0 HD2 33 
   1384 8.22 0.0 H 126 
   1251 3.12 0.0 HE2 113 
   999 117.4 0.0 N 91 
   1878 7.93 0.0 H 165 
   1025 4.37 0.0 HA 94 
   328 118.6 0.0 N 38 
   874 8.23 0.0 H 83 
   1904 0.95 0.0 HG23 167 
   158 56.0 0.0 CA 24 
   784 8.54 0.0 H 76 
   1859 33.7 0.0 CG 163 
   654 0.91 0.0 HD22 64 
   197 36.8 0.0 CB 27 
   1820 0.66 0.0 HD11 161 
   461 29.8 0.0 CG1 48 
   600 9.85 0.0 HE1 61 
   1011 131.3 0.0 CD1 92 
   1438 2.99 0.0 HE3 130 
   1019 2.51 0.0 HB2 93 
   1921 7.47 0.0 HE22 168 
   538 3.93 0.0 HA 55 
   742 123.7 0.0 N 72 
   1310 3.21 0.0 HD2 119 
   1519 53.4 0.0 CA 136 
   1326 107.3 0.0 N 121 
   948 122.6 0.0 N 87 
   343 3.56 0.0 HA 40 
   396 4.5 0.0 HA 44 
   521 7.98 0.0 HD21 53 
   485 6.97 0.0 HE2 50 
   476 42.2 0.0 CD 49 
   275 1.01 0.0 HD21 35 
   764 3.1 0.0 HB2 74 
   1442 29.4 0.0 CD 130 
   965 121.3 0.0 N 88 
   338 58.1 0.0 CA 39 
   1423 131.7 0.0 CD1 129 
   137 0.96 0.0 HG12 23 
   1693 23.0 0.0 CD1 150 
   787 1.49 0.0 HB3 76 
   1598 40.4 0.0 CB 142 
   1906 0.85 0.0 HD12 167 
   1455 50.3 0.0 CD 131 
   5 40.9 0.0 CB 11 
   1600 23.0 0.0 CD1 142 
   1033 0.45 0.0 HD12 94 
   1049 32.4 0.0 CB 95 
   221 31.7 0.0 CB 30 
   1213 116.4 0.0 N 109 
   1191 22.2 0.0 CG2 107 
   464 118.5 0.0 N 48 
   450 1.98 0.0 HB 48 
   617 2.5 0.0 HB3 62 
   1357 17.0 0.0 CG2 123 
   919 34.2 0.0 CB 85 
   1986 4.67 0.0 HA 174 
   1883 7.79 0.0 H 166 
   846 0.64 0.0 HG21 80 
   1950 41.8 0.0 CE 170 
   1895 21.8 0.0 CG2 166 
   246 2.0 0.0 HB2 33 
   155 1.18 0.0 HD21 24 
   315 22.1 0.0 CG2 37 
   816 6.84 0.0 HH2 78 
   587 110.7 0.0 ND2 59 
   644 118.8 0.0 N 63 
   1470 23.5 0.0 CD1 132 
   1165 62.8 0.0 CA 105 
   133 8.04 0.0 H 23 
   632 4.37 0.0 HA 63 
   73 119.6 0.0 N 17 
   1107 4.44 0.0 HB 100 
   185 1.25 0.0 HG23 26 
   1994 112.7 0.0 ND2 174 
   144 18.2 0.0 CG1 23 
   316 116.1 0.0 N 37 
   1034 0.45 0.0 HD13 94 
   995 2.13 0.0 HG3 91 
   845 1.57 0.0 HG13 80 
   493 8.77 0.0 H 51 
   964 128.3 0.0 CZ 88 
   1607 1.04 0.0 HB3 143 
   791 1.68 0.0 HD3 76 
   1026 2.04 0.0 HB 94 
   1123 21.0 0.0 CG2 101 
   1118 1.08 0.0 HG21 101 
   613 127.8 0.0 NE1 61 
   449 3.79 0.0 HA 48 
   693 1.46 0.0 HG2 68 
   1295 7.0 0.0 HD2 118 
   1907 0.85 0.0 HD13 167 
   1204 9.68 0.0 H 109 
   104 119.8 0.0 N 20 
   342 8.86 0.0 H 40 
   14 35.9 0.0 CG 12 
   1738 0.88 0.0 HD13 154 
   1327 7.0 0.0 H 122 
   1452 65.5 0.0 CA 131 
   1694 27.2 0.0 CD2 150 
   134 4.44 0.0 HA 23 
   1380 26.3 0.0 CG 125 
   665 1.81 0.0 HB3 65 
   192 2.32 0.0 HB2 27 
   1102 33.2 0.0 CB 99 
   1985 8.55 0.0 H 174 
   741 43.1 0.0 CD 72 
   1496 1.5 0.0 HB3 134 
   123 1.93 0.0 HB2 22 
   700 31.8 0.0 CB 68 
   1471 26.2 0.0 CD2 132 
   401 6.81 0.0 HE1 44 
   1082 3.27 0.0 HB3 98 
   140 1.13 0.0 HG22 23 
   1871 2.92 0.0 HE3 164 
   18 1.47 0.0 HB1 13 
   1588 0.74 0.0 HB2 142 
   920 25.6 0.0 CG 85 
   522 6.74 0.0 HD22 53 
   1929 2.59 0.0 HB2 169 
   937 117.5 0.0 CE2 86 
   1247 1.3 0.0 HG2 113 
   1392 21.7 0.0 CG2 126 
   1735 2.08 0.0 HG 154 
   1864 1.76 0.0 HB2 164 
   1655 20.6 0.0 CB 147 
   70 32.2 0.0 CB 17 
   1730 127.7 0.0 NE1 153 
   670 36.3 0.0 CG 65 
   1541 1.72 0.0 HG3 138 
   58 43.2 0.0 CD 16 
   1651 1.22 0.0 HB1 147 
   994 2.13 0.0 HG2 91 
   480 3.32 0.0 HB2 50 
   1515 0.92 0.0 HB2 136 
   1062 0.87 0.0 HD13 96 
   655 0.91 0.0 HD23 64 
   1660 2.08 0.0 HB3 148 
   1338 32.9 0.0 CB 122 
   769 7.0 0.0 HE2 74 
   1385 4.28 0.0 HA 126 
   1746 27.6 0.0 CD2 154 
   772 40.5 0.0 CB 74 
   1525 1.75 0.0 HB 137 
   913 1.18 0.0 HG3 85 
   211 44.9 0.0 CA 29 
   125 2.1 0.0 HG2 22 
   949 9.09 0.0 H 88 
   1115 7.25 0.0 H 101 
   1460 1.53 0.0 HG 132 
   289 9.86 0.0 HE1 36 
   188 22.0 0.0 CG2 26 
   1839 0.81 0.0 HG23 162 
   497 0.78 0.0 HG12 51 
   475 26.1 0.0 CG 49 
   272 0.91 0.0 HD11 35 
   1528 0.66 0.0 HG13 137 
   718 46.2 0.0 CA 70 
   1944 2.96 0.0 HE2 170 
   1190 20.0 0.0 CG1 107 
   1382 22.6 0.0 CD2 125 
   922 41.3 0.0 CE 85 
   1728 122.7 0.0 CH2 153 
   761 127.0 0.0 NE1 73 
   1422 39.5 0.0 CB 129 
   1394 8.77 0.0 H 127 
   1888 1.0 0.0 HG13 166 
   12 58.2 0.0 CA 12 
   1437 2.99 0.0 HE2 130 
   702 28.9 0.0 CD 68 
   912 1.18 0.0 HG2 85 
   511 2.31 0.0 HG2 52 
   1764 0.93 0.0 HG23 156 
   1676 3.16 0.0 HA3 149 
   1214 7.93 0.0 H 110 
   1391 69.5 0.0 CB 126 
   1827 41.4 0.0 CB 161 
   1093 128.0 0.0 N 98 
   1274 52.6 0.0 CA 115 
   479 4.78 0.0 HA 50 
   108 0.36 0.0 HG12 21 
   1286 1.89 0.0 HE1 117 
   1917 2.09 0.0 HB3 168 
   1817 1.16 0.0 HB2 161 
   1076 67.7 0.0 CB 97 
   643 42.6 0.0 CD 63 
   849 0.82 0.0 HD11 80 
   1183 0.58 0.0 HG12 107 
   1179 8.02 0.0 H 107 
   1268 110.1 0.0 N 114 
   1674 7.41 0.0 H 149 
   1701 4.25 0.0 HA 152 
   460 37.8 0.0 CB 48 
   1064 37.7 0.0 CB 96 
   1101 62.8 0.0 CA 99 
   129 63.3 0.0 CA 22 
   194 6.5 0.0 HD21 27 
   1334 1.73 0.0 HD3 122 
   1578 129.7 0.0 CE2 140 
   1486 120.1 0.0 CE3 133 
   152 1.0 0.0 HD11 24 
   1629 -0.05 0.0 HD13 145 
   564 4.51 0.0 HA 57 
   439 0.98 0.0 HD21 47 
   1271 1.43 0.0 HB1 115 
   1572 6.2 0.0 HZ 140 
   1367 8.42 0.0 H 125 
   223 48.9 0.0 CD 30 
   1017 8.57 0.0 H 93 
   1582 5.14 0.0 HA2 141 
   1364 57.6 0.0 CA 124 
   1151 30.1 0.0 CB 104 
   771 54.9 0.0 CA 74 
   1071 4.67 0.0 HB 97 
   1787 0.42 0.0 HG23 158 
   556 2.93 0.0 HB3 56 
   1848 120.1 0.0 N 162 
   1176 50.2 0.0 CA 106 
   557 7.04 0.0 HD21 56 
   252 58.8 0.0 CA 33 
   967 5.42 0.0 HA 89 
   1069 7.01 0.0 H 97 
   1313 30.5 0.0 CB 119 
   1355 37.5 0.0 CB 123 
   1965 1.85 0.0 HB3 172 
   314 21.0 0.0 CG1 37 
   1514 4.26 0.0 HA 136 
   2003 56.0 0.0 CA 175 
   29 1.24 0.0 HG23 14 
   998 35.4 0.0 CG 91 
   775 130.0 0.0 CE1 74 
   175 35.9 0.0 CB 25 
   581 2.76 0.0 HB3 59 
   64 1.01 0.0 HG12 17 
   355 26.0 0.0 CG 40 
   1613 2.35 0.0 HB2 144 
   1813 41.7 0.0 CB 160 
   499 0.8 0.0 HG21 51 
   1397 2.68 0.0 HB3 127 
   236 116.8 0.0 N 31 
   208 8.82 0.0 H 29 
   1193 4.13 0.0 HA 108 
   399 7.33 0.0 HD1 44 
   1736 0.88 0.0 HD11 154 
   444 27.4 0.0 CG 47 
   909 4.75 0.0 HA 85 
   833 6.69 0.0 HE2 79 
   1621 115.4 0.0 N 144 
   634 1.82 0.0 HB3 63 
   1136 1.32 0.0 HG2 103 
   1786 0.42 0.0 HG22 158 
   113 -0.19 0.0 HD11 21 
   1538 1.22 0.0 HB2 138 
   92 60.1 0.0 CA 19 
   280 27.0 0.0 CG 35 
   1164 0.43 0.0 HD13 105 
   66 1.1 0.0 HG21 17 
   220 63.2 0.0 CA 30 
   1249 1.6 0.0 HD2 113 
   907 121.8 0.0 N 84 
   1223 0.68 0.0 HD22 110 
   281 22.8 0.0 CD1 35 
   755 123.5 0.0 CD1 73 
   649 1.83 0.0 HG 64 
   1638 121.2 0.0 N 145 
   1664 0.8 0.0 HD13 148 
   873 131.6 0.0 N 82 
   1800 1.71 0.0 HG2 159 
   1874 26.3 0.0 CG 164 
   1473 8.49 0.0 H 133 
   454 0.97 0.0 HG22 48 
   1916 1.92 0.0 HB2 168 
   899 0.64 0.0 HD21 84 
   318 4.09 0.0 HA 38 
   147 9.12 0.0 H 24 
   510 2.21 0.0 HB3 52 
   1758 1.8 0.0 HB 156 
   1264 1.17 0.0 HG23 114 
   65 1.01 0.0 HG13 17 
   1047 3.51 0.0 HD3 95 
   1814 115.9 0.0 N 160 
   745 1.04 0.0 HB2 73 
   362 2.06 0.0 HB3 41 
   615 4.91 0.0 HA 62 
   1597 57.5 0.0 CA 142 
   1719 7.16 0.0 HZ2 153 
   1030 0.7 0.0 HG22 94 
   599 7.87 0.0 HD1 61 
   677 66.8 0.0 CB 66 
   1020 2.67 0.0 HB3 93 
   366 1.74 0.0 HD3 41 
   1927 8.65 0.0 H 169 
   1317 8.98 0.0 H 120 
   1970 2.95 0.0 HE2 172 
   1163 0.43 0.0 HD12 105 
   1734 2.04 0.0 HB3 154 
   4 54.1 0.0 CA 11 
   118 27.5 0.0 CG1 21 
   353 57.5 0.0 CA 40 
   607 128.3 0.0 CD1 61 
   1998 2.08 0.0 HB3 175 
   861 3.25 0.0 HB3 81 
   1657 8.89 0.0 H 148 
   782 45.8 0.0 CA 75 
   1761 0.75 0.0 HG13 156 
   747 6.4 0.0 HD1 73 
   1826 57.4 0.0 CA 161 
   765 3.22 0.0 HB3 74 
   601 7.9 0.0 HE3 61 
   1973 32.8 0.0 CB 172 
   852 59.6 0.0 CA 80 
   1058 0.98 0.0 HG22 96 
   1683 1.88 0.0 HG 150 
   299 120.3 0.0 CZ3 36 
   614 6.81 0.0 H 62 
   462 17.0 0.0 CG2 48 
   1562 41.9 0.0 CE 139 
   839 117.3 0.0 CE2 79 
   1493 4.17 0.0 HA 134 
   1217 1.6 0.0 HB3 110 
   1791 63.4 0.0 CA 158 
   889 22.5 0.0 CD2 83 
   1724 127.0 0.0 CD1 153 
   723 1.1 0.0 HG21 71 
   1331 1.04 0.0 HG2 122 
   1105 8.2 0.0 H 100 
   1559 32.6 0.0 CB 139 
   611 123.3 0.0 CH2 61 
   1428 121.3 0.0 N 129 
   927 3.29 0.0 HB3 86 
   804 55.2 0.0 CA 77 
   397 3.17 0.0 HB2 44 
   81 1.01 0.0 HG22 18 
   685 51.6 0.0 CA 67 
   856 12.7 0.0 CD1 80 
   377 2.27 0.0 HB2 42 
   1119 1.08 0.0 HG22 101 
   1343 7.91 0.0 H 123 
   1880 4.11 0.0 HA3 165 
   478 8.25 0.0 H 50 
   202 1.47 0.0 HB1 28 
   1599 26.2 0.0 CG 142 
   1653 1.22 0.0 HB3 147 
   1278 4.0 0.0 HA 116 
   1686 0.87 0.0 HD13 150 
   379 2.4 0.0 HG2 42 
   447 120.8 0.0 N 47 
   1128 0.01 0.0 HB2 102 
   1421 62.4 0.0 CA 129 
   83 64.2 0.0 CA 18 
   101 56.0 0.0 CA 20 
   1335 2.91 0.0 HE2 122 
   1170 124.1 0.0 N 105 
   1531 1.08 0.0 HG23 137 
   1398 56.8 0.0 CA 127 
   1265 58.4 0.0 CA 114 
   1928 4.05 0.0 HA 169 
   1080 4.69 0.0 HA 98 
   915 1.28 0.0 HD3 85 
   851 0.82 0.0 HD13 80 
   983 0.71 0.0 HD13 90 
   290 7.31 0.0 HE3 36 
   262 2.42 0.0 HG3 34 
   1116 4.28 0.0 HA 101 
   618 5.47 0.0 HD1 62 
   1757 3.87 0.0 HA 156 
   1974 24.7 0.0 CG 172 
   298 114.2 0.0 CZ2 36 
   1942 1.6 0.0 HD2 170 
   409 118.4 0.0 N 44 
   1280 2.0 0.0 HB3 116 
   1005 6.51 0.0 HD2 92 
   257 9.25 0.0 H 34 
   443 42.7 0.0 CB 47 
   1608 55.6 0.0 CA 143 
   622 5.65 0.0 HZ 62 
   174 57.0 0.0 CA 25 
   1276 128.2 0.0 N 115 
   1006 6.63 0.0 HE1 92 
   212 107.0 0.0 N 29 
   1289 36.0 0.0 CG 117 
   357 24.3 0.0 CD2 40 
   169 1.29 0.0 HG3 25 
   1216 1.6 0.0 HB2 110 
   673 4.75 0.0 HA 66 
   657 48.2 0.0 CB 64 
   1938 1.7 0.0 HB2 170 
   168 1.29 0.0 HG2 25 
   1466 1.04 0.0 HD23 132 
   896 0.41 0.0 HD11 84 
   1212 36.8 0.0 CG 109 
   796 24.8 0.0 CG 76 
   114 -0.19 0.0 HD12 21 
   75 3.81 0.0 HA 18 
   487 38.5 0.0 CB 50 
   1718 7.08 0.0 HE3 153 
   1484 27.6 0.0 CB 133 
   1618 29.7 0.0 CB 144 
   590 2.19 0.0 HB2 60 
   1748 7.31 0.0 H 155 
   2000 2.31 0.0 HG3 175 
   797 29.6 0.0 CD 76 
   1365 27.0 0.0 CB 124 
   383 35.5 0.0 CG 42 
   859 4.82 0.0 HA 81 
   1739 1.14 0.0 HD21 154 
   363 1.45 0.0 HG2 41 
   1616 7.71 0.0 HE1 144 
   1167 27.6 0.0 CG1 105 
   7 4.11 0.0 HA 12 
   229 1.65 0.0 HG3 31 
   1219 0.5 0.0 HD11 110 
   50 1.9 0.0 HB3 16 
   724 1.1 0.0 HG22 71 
   1042 1.84 0.0 HB2 95 
   1138 2.95 0.0 HD2 103 
   1566 1.98 0.0 HB2 140 
   552 122.1 0.0 N 55 
   886 39.8 0.0 CB 83 
   448 8.86 0.0 H 48 
   1074 1.17 0.0 HG23 97 
   426 3.98 0.0 HB3 46 
   1031 0.7 0.0 HG23 94 
   1890 1.0 0.0 HG22 166 
   433 1.79 0.0 HB2 47 
   890 108.0 0.0 N 83 
   1447 2.29 0.0 HB3 131 
   1603 9.24 0.0 H 143 
   276 1.01 0.0 HD22 35 
   196 51.1 0.0 CA 27 
   441 0.98 0.0 HD23 47 
   100 2.4 0.0 HG3 20 
   820 119.9 0.0 CE3 78 
   1344 3.77 0.0 HA 123 
   242 40.8 0.0 CB 32 
   293 7.05 0.0 HH2 36 
   164 8.31 0.0 H 25 
   1642 2.46 0.0 HB3 146 
   102 30.1 0.0 CB 20 
   1634 42.1 0.0 CB 145 
   592 54.1 0.0 CA 60 
   1941 1.38 0.0 HG3 170 
   1417 7.05 0.0 HD2 129 
   1769 113.1 0.0 N 156 
   656 54.3 0.0 CA 64 
   1548 8.76 0.0 H 139 
   106 4.14 0.0 HA 21 
   451 1.26 0.0 HG12 48 
   1953 4.39 0.0 HA 171 
   1205 4.3 0.0 HA 109 
   1146 1.71 0.0 HB2 104 
   1710 28.3 0.0 CG 152 
   1250 1.6 0.0 HD3 113 
   392 28.4 0.0 CB 43 
   1000 8.46 0.0 H 92 
   562 112.3 0.0 ND2 56 
   87 118.3 0.0 N 18 
   991 5.29 0.0 HA 91 
   883 0.77 0.0 HD22 83 
   1539 1.47 0.0 HB3 138 
   1612 3.57 0.0 HA 144 
   1704 1.84 0.0 HG2 152 
   1360 7.71 0.0 H 124 
   1044 1.84 0.0 HG2 95 
   815 6.61 0.0 HZ3 78 
   692 1.89 0.0 HB3 68 
   1315 42.9 0.0 CD 119 
   1459 1.92 0.0 HB3 132 
   517 8.47 0.0 H 53 
   380 2.69 0.0 HG3 42 
   850 0.82 0.0 HD12 80 
   1235 56.4 0.0 CA 111 
   1614 3.34 0.0 HB3 144 
   931 6.77 0.0 HE2 86 
   1403 3.23 0.0 HB2 128 
   818 32.6 0.0 CB 78 
   306 0.99 0.0 HG11 37 
   437 0.93 0.0 HD12 47 
   1078 103.6 0.0 N 97 
   754 30.6 0.0 CB 73 
   603 6.87 0.0 HZ3 61 
   563 7.52 0.0 H 57 
   1241 45.8 0.0 CA 112 
   1368 4.45 0.0 HA 125 
   122 4.51 0.0 HA 22 
   1632 0.45 0.0 HD23 145 
   848 0.64 0.0 HG23 80 
   1873 34.1 0.0 CB 164 
   28 1.24 0.0 HG22 14 
   1113 21.6 0.0 CG2 100 
   680 4.76 0.0 HA 67 
   1969 1.65 0.0 HD3 172 
   1892 63.3 0.0 CA 166 
   906 24.8 0.0 CD2 84 
   801 5.55 0.0 HA 77 
   310 1.13 0.0 HG22 37 
   139 1.13 0.0 HG21 23 
   226 1.82 0.0 HB2 31 
   1687 1.16 0.0 HD21 150 
   472 3.42 0.0 HD3 49 
   33 113.2 0.0 N 14 
   203 1.47 0.0 HB2 28 
   128 4.08 0.0 HD3 22 
   1781 3.54 0.0 HA 158 
   1988 2.83 0.0 HB3 174 
   989 113.7 0.0 N 90 
   1088 42.0 0.0 CB 98 
   430 114.9 0.0 N 46 
   486 58.8 0.0 CA 50 
   1021 52.0 0.0 CA 93 
   176 24.6 0.0 CG 25 
   1051 50.6 0.0 CD 95 
   190 9.34 0.0 H 27 
   248 1.72 0.0 HG2 33 
   1900 0.81 0.0 HG12 167 
   1002 2.77 0.0 HB2 92 
   795 38.2 0.0 CB 76 
   1497 54.7 0.0 CA 134 
   1010 40.4 0.0 CB 92 
   506 118.9 0.0 N 51 
   1536 122.5 0.0 N 137 
   822 120.5 0.0 CZ3 78 
   156 1.18 0.0 HD22 24 
   1706 3.08 0.0 HD2 152 
   1469 27.0 0.0 CG 132 
   527 8.75 0.0 H 54 
   690 3.96 0.0 HA 68 
   312 66.4 0.0 CA 37 
   1702 1.82 0.0 HB2 152 
   1681 1.36 0.0 HB2 150 
   712 29.6 0.0 CB 69 
   586 116.4 0.0 N 59 
   404 37.9 0.0 CB 44 
   1644 2.21 0.0 HG3 146 
   1756 6.91 0.0 H 156 
   1100 3.8 0.0 HD3 99 
   635 1.6 0.0 HG2 63 
   508 3.88 0.0 HA 52 
   609 113.7 0.0 CZ2 61 
   1480 7.26 0.0 HZ2 133 
   544 1.6 0.0 HD3 55 
   1252 3.12 0.0 HE3 113 
   1349 -0.36 0.0 HG22 123 
   277 1.01 0.0 HD23 35 
   1439 62.3 0.0 CA 130 
   593 40.5 0.0 CB 60 
   1619 115.6 0.0 CD2 144 
   222 27.2 0.0 CG 30 
   1815 7.82 0.0 H 161 
   1675 4.05 0.0 HA2 149 
   825 131.3 0.0 NE1 78 
   1659 1.74 0.0 HB2 148 
   1869 1.59 0.0 HD3 164 
   1816 3.88 0.0 HA 161 
   664 1.55 0.0 HB2 65 
   1352 -0.19 0.0 HD12 123 
   1959 31.0 0.0 CB 171 
   1038 16.8 0.0 CG2 94 
   1695 125.1 0.0 N 150 
   884 0.77 0.0 HD23 83 
   555 2.93 0.0 HB2 56 
   240 3.09 0.0 HB3 32 
   1513 7.18 0.0 H 136 
   946 34.7 0.0 CB 87 
   1389 1.41 0.0 HG23 126 
   1356 24.8 0.0 CG1 123 
   335 1.47 0.0 HG3 39 
   376 4.12 0.0 HA 42 
   1671 26.1 0.0 CD1 148 
   344 0.97 0.0 HB2 40 
   251 3.34 0.0 HD3 33 
   1870 2.92 0.0 HE2 164 
   805 32.7 0.0 CB 77 
   827 4.84 0.0 HA 79 
   520 3.26 0.0 HB3 53 
   1584 44.0 0.0 CA 141 
   331 4.12 0.0 HA 39 
   1263 1.17 0.0 HG22 114 
   947 37.4 0.0 CG 87 
   637 3.25 0.0 HD2 63 
   716 4.53 0.0 HA2 70 
   1052 8.69 0.0 H 96 
   785 5.61 0.0 HA 76 
   1166 38.7 0.0 CB 105 
   274 0.91 0.0 HD13 35 
   888 25.2 0.0 CD1 83 
   1589 1.6 0.0 HB3 142 
   130 31.8 0.0 CB 22 
   1689 1.16 0.0 HD23 150 
   1838 0.81 0.0 HG22 162 
   641 33.8 0.0 CB 63 
   245 3.99 0.0 HA 33 
   1472 119.9 0.0 N 132 
   602 7.45 0.0 HZ2 61 
   1464 1.04 0.0 HD21 132 
   1662 0.8 0.0 HD11 148 
   1997 1.94 0.0 HB2 175 
   55 57.8 0.0 CA 16 
   1433 1.42 0.0 HG2 130 
   1393 111.5 0.0 N 126 
   975 1.75 0.0 HB 90 
   37 1.87 0.0 HB3 15 
   727 69.3 0.0 CB 71 
   398 3.25 0.0 HB3 44 
   1592 -0.51 0.0 HD12 142 
   387 2.22 0.0 HB2 43 
   963 129.6 0.0 CE2 88 
   509 2.1 0.0 HB2 52 
   301 121.6 0.0 N 36 
   868 4.02 0.0 HA 82 
   681 3.07 0.0 HB2 67 
   1700 105.7 0.0 N 151 
   321 2.45 0.0 HG2 38 
   1707 3.6 0.0 HD3 152 
   800 9.17 0.0 H 77 
   542 1.59 0.0 HG3 55 
   1200 66.4 0.0 CA 108 
   756 119.8 0.0 CE3 73 
   1321 113.5 0.0 N 120 
   477 119.0 0.0 N 49 
   1053 3.78 0.0 HA 96 
   1855 7.42 0.0 HE21 163 
   711 58.0 0.0 CA 69 
   1741 1.14 0.0 HD23 154 
   954 7.16 0.0 HD2 88 
   135 2.37 0.0 HB 23 
   57 27.3 0.0 CG 16 
   1646 31.6 0.0 CB 146 
   1752 1.43 0.0 HB3 155 
   1238 8.62 0.0 H 112 
   233 29.5 0.0 CB 31 
   729 107.9 0.0 N 71 
   1849 8.1 0.0 H 163 
   1127 0.01 0.0 HB1 102 
   2006 120.6 0.0 N 175 
   1851 2.24 0.0 HB2 163 
   149 1.51 0.0 HB2 24 
   1463 0.93 0.0 HD13 132 
   1072 1.17 0.0 HG21 97 
   539 1.91 0.0 HB2 55 
   1720 6.36 0.0 HZ3 153 
   1092 116.0 0.0 CE2 98 
   1366 121.7 0.0 N 124 
   831 6.96 0.0 HD2 79 
   141 1.13 0.0 HG23 23 
   1063 64.5 0.0 CA 96 
   1474 3.57 0.0 HA 133 
   235 43.1 0.0 CD 31 
   1254 33.3 0.0 CB 113 
   484 6.97 0.0 HE1 50 
   1048 62.1 0.0 CA 95 
   823 123.5 0.0 CH2 78 
   706 4.19 0.0 HA 69 
   373 42.2 0.0 CE 41 
   751 6.65 0.0 HZ3 73 
   1494 1.5 0.0 HB1 134 
   1573 51.9 0.0 CA 140 
   1727 119.6 0.0 CZ3 153 
   1185 0.93 0.0 HG21 107 
   970 54.7 0.0 CA 89 
   473 57.4 0.0 CA 49 
   1544 64.6 0.0 CA 138 
   633 1.82 0.0 HB2 63 
   163 126.3 0.0 N 24 
   457 0.92 0.0 HD12 48 
   669 34.1 0.0 CB 65 
   1077 22.0 0.0 CG2 97 
   465 7.64 0.0 H 49 
   1908 59.4 0.0 CA 167 
   780 4.93 0.0 HA2 75 
   142 61.6 0.0 CA 23 
   1564 6.28 0.0 H 140 
   375 7.68 0.0 H 42 
   1636 25.8 0.0 CD1 145 
   1909 40.7 0.0 CB 167 
   824 117.5 0.0 N 78 
   1912 14.6 0.0 CD1 167 
   757 113.1 0.0 CZ2 73 
   256 121.0 0.0 N 33 
   278 56.6 0.0 CA 35 
   1979 4.42 0.0 HA 173 
   1663 0.8 0.0 HD12 148 
   91 3.98 0.0 HB3 19 
   455 0.97 0.0 HG23 48 
   730 7.61 0.0 H 72 
   1498 18.5 0.0 CB 134 
   1067 13.2 0.0 CD1 96 
   709 2.34 0.0 HG2 69 
   1161 0.67 0.0 HG23 105 
   1785 0.42 0.0 HG21 158 
   551 41.8 0.0 CE 55 
   1903 0.95 0.0 HG22 167 
   1465 1.04 0.0 HD22 132 
   1436 1.74 0.0 HD3 130 
   519 3.0 0.0 HB2 53 
   459 65.0 0.0 CA 48 
   971 41.3 0.0 CB 89 
   1066 18.1 0.0 CG2 96 
   1862 7.88 0.0 H 164 
   1872 56.9 0.0 CA 164 
   1411 114.8 0.0 N 128 
   1822 0.66 0.0 HD13 161 
   1721 6.62 0.0 HH2 153 
   595 7.49 0.0 H 61 
   707 2.1 0.0 HB2 69 
   27 1.24 0.0 HG21 14 
   238 4.9 0.0 HA 32 
   1114 122.2 0.0 N 100 
   305 2.2 0.0 HB 37 
   1807 49.4 0.0 CD 159 
   1765 63.4 0.0 CA 156 
   986 25.7 0.0 CG1 90 
   402 6.81 0.0 HE2 44 
   3 2.76 0.0 HB3 11 
   1899 1.86 0.0 HB 167 
   678 111.7 0.0 N 66 
   1884 4.04 0.0 HA 166 
   183 1.25 0.0 HG21 26 
   2005 33.7 0.0 CG 175 
   794 53.9 0.0 CA 76 
   636 1.74 0.0 HG3 63 
   1197 2.12 0.0 HG3 108 
   1978 8.4 0.0 H 173 
   94 116.9 0.0 N 19 
   1169 14.7 0.0 CD1 105 
   1601 22.0 0.0 CD2 142 
   422 111.4 0.0 NE2 45 
   1645 57.0 0.0 CA 146 
   1232 4.44 0.0 HA 111 
   770 6.92 0.0 HZ 74 
   921 29.2 0.0 CD 85 
   1617 61.9 0.0 CA 144 
   979 1.02 0.0 HG22 90 
   514 29.2 0.0 CB 52 
   1587 3.92 0.0 HA 142 
   895 1.54 0.0 HG 84 
   1984 120.4 0.0 N 173 
   1802 3.0 0.0 HD2 159 
   943 2.0 0.0 HG2 87 
   1060 0.87 0.0 HD11 96 
   98 2.19 0.0 HB3 20 
   962 129.6 0.0 CE1 88 
   1478 9.6 0.0 HE1 133 
   416 7.61 0.0 HE21 45 
   1449 2.12 0.0 HG3 131 
   1630 0.45 0.0 HD21 145 
   488 131.7 0.0 CD1 50 
   1354 61.9 0.0 CA 123 
   386 4.33 0.0 HA 43 
   420 34.2 0.0 CG 45 
   763 5.33 0.0 HA 74 
   340 26.9 0.0 CG 39 
   1229 22.5 0.0 CD2 110 
   1507 3.11 0.0 HD3 135 
   45 43.1 0.0 CD 15 
   1009 57.4 0.0 CA 92 
   843 1.63 0.0 HB 80 
   136 0.96 0.0 HG11 23 
   529 3.06 0.0 HB2 54 
   1148 2.07 0.0 HG2 104 
   1177 21.6 0.0 CB 106 
   210 4.82 0.0 HA3 29 
   421 117.4 0.0 N 45 
   107 1.29 0.0 HB 21 
   1505 1.72 0.0 HG3 135 
   207 123.5 0.0 N 28 
   1604 3.75 0.0 HA 143 
   1946 56.7 0.0 CA 170 
   1922 54.4 0.0 CA 168 
   1302 117.4 0.0 CE1 118 
   753 55.4 0.0 CA 73 
   151 1.7 0.0 HG 24 
   1685 0.87 0.0 HD12 150 
   1842 0.01 0.0 HD13 162 
   1065 27.8 0.0 CG1 96 
   42 58.2 0.0 CA 15 
   1982 58.6 0.0 CA 173 
   1121 59.6 0.0 CA 101 
   762 8.53 0.0 H 74 
   862 7.19 0.0 HD2 81 
   1483 61.0 0.0 CA 133 
   982 0.71 0.0 HD12 90 
   1624 1.42 0.0 HB2 145 
   1301 132.5 0.0 CD2 118 
   317 7.16 0.0 H 38 
   456 0.92 0.0 HD11 48 
   474 29.4 0.0 CB 49 
   1239 4.25 0.0 HA2 112 
   938 129.3 0.0 N 86 
   1013 129.9 0.0 CE1 92 
   1579 130.1 0.0 CZ 140 
   180 10.39 0.0 H 26 
   191 4.6 0.0 HA 27 
   1233 2.6 0.0 HB2 111 
   1330 1.47 0.0 HB3 122 
   1661 1.64 0.0 HG 148 
   840 121.1 0.0 N 79 
   1972 56.3 0.0 CA 172 
   1440 29.7 0.0 CB 130 
   1273 1.43 0.0 HB3 115 
   1723 29.6 0.0 CB 153 
   322 2.45 0.0 HG3 38 
   774 131.7 0.0 CD2 74 
   1256 29.1 0.0 CD 113 
   51 1.6 0.0 HG2 16 
   911 1.74 0.0 HB3 85 
   1043 2.39 0.0 HB3 95 
   829 3.01 0.0 HB3 79 
   1221 0.5 0.0 HD13 110 
   205 51.9 0.0 CA 28 
   698 3.0 0.0 HE3 68 
   658 27.3 0.0 CG 64 
   713 37.3 0.0 CG 69 
   103 36.3 0.0 CG 20 
   1945 2.96 0.0 HE3 170 
   1551 1.6 0.0 HB3 139 
   572 4.38 0.0 HA 58 
   708 2.23 0.0 HB3 69 
   10 2.32 0.0 HG2 12 
   26 4.2 0.0 HB 14 
   759 123.7 0.0 CH2 73 
   639 7.37 0.0 HE 63 
   434 2.21 0.0 HB3 47 
   659 24.3 0.0 CD1 64 
   1542 3.23 0.0 HD2 138 
   1926 112.3 0.0 NE2 168 
   760 125.1 0.0 N 73 
   25 4.07 0.0 HA 14 
   295 29.5 0.0 CB 36 
   1811 2.55 0.0 HB3 160 
   778 117.0 0.0 N 74 
   471 3.37 0.0 HD2 49 
   346 0.96 0.0 HG 40 
   358 120.3 0.0 N 40 
   218 2.45 0.0 HD2 30 
   1294 7.0 0.0 HD1 118 
   494 3.25 0.0 HA 51 
   675 2.44 0.0 HB3 66 
   1553 1.46 0.0 HG3 139 
   1234 2.72 0.0 HB3 111 
   384 119.4 0.0 N 42 
   1796 115.7 0.0 N 158 
   1923 31.6 0.0 CB 168 
   1641 2.2 0.0 HB2 146 
   1188 58.3 0.0 CA 107 
   9 2.03 0.0 HB3 12 
   1835 0.32 0.0 HG12 162 
   1040 121.6 0.0 N 94 
   549 25.6 0.0 CG 55 
   1351 -0.19 0.0 HD11 123 
   8 2.03 0.0 HB2 12 
   583 7.7 0.0 HD22 59 
   526 110.8 0.0 ND2 53 
   1902 0.95 0.0 HG21 167 
   1713 4.06 0.0 HA 153 
   1226 42.1 0.0 CB 110 
   74 8.12 0.0 H 18 
   1586 10.28 0.0 H 142 
   1133 4.23 0.0 HA 103 
   364 1.73 0.0 HG3 41 
   1526 0.66 0.0 HG11 137 
   1792 30.6 0.0 CB 158 
   688 110.7 0.0 ND2 67 
   19 1.47 0.0 HB2 13 
   1684 0.87 0.0 HD11 150 
   972 122.9 0.0 N 89 
   1533 33.3 0.0 CB 137 
   336 2.71 0.0 HD2 39 
   1035 55.2 0.0 CA 94 
   546 2.84 0.0 HE3 55 
   500 0.8 0.0 HG22 51 
   282 25.2 0.0 CD2 35 
   988 14.6 0.0 CD1 90 
   1270 4.47 0.0 HA 115 
   1836 1.33 0.0 HG13 162 
   1708 64.6 0.0 CA 152 
   882 0.77 0.0 HD21 83 
   1518 7.29 0.0 HD22 136 
   367 2.96 0.0 HE2 41 
   1550 1.74 0.0 HB2 139 
   1940 1.38 0.0 HG2 170 
   536 104.6 0.0 ND2 54 
   748 9.32 0.0 HE1 73 
   977 1.29 0.0 HG13 90 
   1590 1.64 0.0 HG 142 
   902 53.6 0.0 CA 84 
   1468 41.9 0.0 CB 132 
   811 7.03 0.0 HD1 78 
   21 54.2 0.0 CA 13 
   719 107.1 0.0 N 70 
   339 29.8 0.0 CB 39 
   945 54.3 0.0 CA 87 
   726 61.7 0.0 CA 71 
   69 64.5 0.0 CA 17 
   72 21.8 0.0 CG2 17 
   1766 33.1 0.0 CB 156 
   1819 1.91 0.0 HG 161 
   768 7.0 0.0 HE1 74 
   1911 18.1 0.0 CG2 167 
   776 130.0 0.0 CE2 74 
   828 3.01 0.0 HB2 79 
   1420 6.93 0.0 HZ 129 
   498 0.78 0.0 HG13 51 
   76 2.19 0.0 HB 18 
   1036 36.4 0.0 CB 94 
   78 0.94 0.0 HG12 18 
   1182 0.58 0.0 HG11 107 
   1054 1.9 0.0 HB 96 
   1714 3.23 0.0 HB2 153 
   1743 42.6 0.0 CB 154 
   1477 6.93 0.0 HD1 133 
   273 0.91 0.0 HD12 35 
   35 4.1 0.0 HA 15 
   537 8.89 0.0 H 55 
   966 8.46 0.0 H 89 
   908 8.45 0.0 H 85 
   1808 6.55 0.0 H 160 
   663 4.51 0.0 HA 65 
   1303 117.4 0.0 CE2 118 
   1304 8.4 0.0 H 119 
   1430 3.99 0.0 HA 130 
   177 29.2 0.0 CD 25 
   1673 110.9 0.0 N 148 
   881 0.82 0.0 HD13 83 
   332 1.78 0.0 HB2 39 
   341 121.0 0.0 N 39 
   1920 6.76 0.0 HE21 168 
   953 7.16 0.0 HD1 88 
   1886 1.0 0.0 HG11 166 
   201 4.74 0.0 HA 28 
   604 7.04 0.0 HH2 61 
   360 4.16 0.0 HA 41 
   1818 1.9 0.0 HB3 161 
   1499 117.9 0.0 N 134 
   1919 2.35 0.0 HG3 168 
   1615 5.82 0.0 HD2 144 
   752 6.46 0.0 HH2 73 
   410 8.21 0.0 H 45 
   261 2.42 0.0 HG2 34 
   648 1.86 0.0 HB3 64 
   1672 22.7 0.0 CD2 148 
   193 3.25 0.0 HB3 27 
   1535 22.9 0.0 CG2 137 
   1722 62.3 0.0 CA 153 
   1580 113.4 0.0 N 140 
   853 38.1 0.0 CB 80 
   2004 29.2 0.0 CB 175 
   1521 116.3 0.0 N 136 
   63 1.01 0.0 HG11 17 
   534 36.9 0.0 CB 54 
   1329 1.25 0.0 HB2 122 
   1679 7.83 0.0 H 150 
   1931 7.31 0.0 HD2 169 
   1018 5.58 0.0 HA 93 
   1014 129.9 0.0 CE2 92 
   758 120.1 0.0 CZ3 73 
   419 28.3 0.0 CB 45 
   1346 0.57 0.0 HG12 123 
   1475 2.49 0.0 HB2 133 
   1425 129.8 0.0 CE1 129 
   1467 57.9 0.0 CA 132 
   1255 25.6 0.0 CG 113 
   1104 49.5 0.0 CD 99 
   44 27.3 0.0 CG 15 
   1782 1.56 0.0 HB 158 
   296 127.0 0.0 CD1 36 
   914 1.27 0.0 HD2 85 
   594 120.0 0.0 N 60 
   1282 29.0 0.0 CB 116 
   1682 2.33 0.0 HB3 150 
   878 1.45 0.0 HG 83 
   253 28.7 0.0 CB 33 
   933 39.5 0.0 CB 86 
   1937 4.24 0.0 HA 170 
   701 24.4 0.0 CG 68 
   1 4.65 0.0 HA 11 
   660 24.2 0.0 CD2 64 
   1144 8.6 0.0 H 104 
   425 3.98 0.0 HB2 46 
   270 1.81 0.0 HB3 35 
   307 0.99 0.0 HG12 37 
   1709 32.1 0.0 CB 152 
   1416 7.05 0.0 HD1 129 
   159 41.3 0.0 CB 24 
   49 1.9 0.0 HB2 16 
   651 0.91 0.0 HD12 64 
   1751 1.43 0.0 HB2 155 
   1954 1.93 0.0 HB2 171 
   1450 3.64 0.0 HD2 131 
   121 122.5 0.0 N 21 
   1801 2.05 0.0 HG3 159 
   1027 1.78 0.0 HG12 94 
   184 1.25 0.0 HG22 26 
   1828 26.2 0.0 CG 161 
   1783 0.82 0.0 HG12 158 
   323 6.95 0.0 HE21 38 
   1328 4.58 0.0 HA 122 
   512 2.42 0.0 HG3 52 
   642 26.9 0.0 CG 63 
   887 26.8 0.0 CG 83 
   696 1.69 0.0 HD3 68 
   1825 0.73 0.0 HD23 161 
   1418 6.99 0.0 HE1 129 
   1131 15.4 0.0 CB 102 
   1281 56.2 0.0 CA 116 
   1099 3.44 0.0 HD2 99 
   1081 2.76 0.0 HB2 98 
   1627 -0.05 0.0 HD11 145 
   466 4.23 0.0 HA 49 
   577 116.9 0.0 N 58 
   530 3.06 0.0 HB3 54 
   1517 6.92 0.0 HD21 136 
   1749 3.86 0.0 HA 155 
   1733 1.24 0.0 HB2 154 
   1830 22.9 0.0 CD2 161 
   1841 0.01 0.0 HD12 162 
   120 13.1 0.0 CD1 21 
   1055 1.32 0.0 HG12 96 
   1160 0.67 0.0 HG22 105 
   1180 4.9 0.0 HA 107 
   1336 2.91 0.0 HE3 122 
   390 2.75 0.0 HG3 43 
   1866 1.45 0.0 HG2 164 
   1309 1.68 0.0 HG3 119 
   1361 4.44 0.0 HA 124 
   77 0.94 0.0 HG11 18 
   960 131.7 0.0 CD1 88 
   1858 27.9 0.0 CB 163 
   1574 36.4 0.0 CB 140 
   1228 25.1 0.0 CD1 110 
   30 64.2 0.0 CA 14 
   1740 1.14 0.0 HD22 154 
   470 1.93 0.0 HG3 49 
   504 23.6 0.0 CG1 51 
   1897 6.85 0.0 H 167 
   766 6.87 0.0 HD1 74 
   1028 2.13 0.0 HG13 94 
   1237 119.9 0.0 N 111 
   1152 35.9 0.0 CG 104 
   71 21.1 0.0 CG1 17 
   1805 30.6 0.0 CB 159 
   62 2.21 0.0 HB 17 
   1153 119.5 0.0 N 104 
   918 56.1 0.0 CA 85 
   996 55.2 0.0 CA 91 
   1798 1.66 0.0 HB2 159 
   198 128.7 0.0 N 27 
   109 1.61 0.0 HG13 21 
   1086 7.33 0.0 HE2 98 
   1029 0.7 0.0 HG21 94 
   968 2.72 0.0 HB2 89 
   1374 0.13 0.0 HD13 125 
   1171 8.88 0.0 H 106 
   1537 4.86 0.0 HA 138 
   1971 2.95 0.0 HE3 172 
   1057 0.98 0.0 HG21 96 
   872 39.0 0.0 CB 82 
   1829 26.1 0.0 CD1 161 
   1084 7.38 0.0 HD2 98 
   830 6.96 0.0 HD1 79 
   264 28.8 0.0 CB 34 
   1990 6.91 0.0 HD22 174 
   84 31.9 0.0 CB 18 
   1186 0.93 0.0 HG22 107 
   627 133.7 0.0 CE1 62 
   234 27.1 0.0 CG 31 
   1199 3.77 0.0 HD3 108 
   553 8.2 0.0 H 56 
   283 119.1 0.0 N 35 
   672 7.8 0.0 H 66 
   1731 8.68 0.0 H 154 
   808 6.21 0.0 HA 78 
   39 1.72 0.0 HG3 15 
   1427 129.2 0.0 CZ 129 
   513 59.7 0.0 CA 52 
   1773 0.96 0.0 HB3 157 
   22 18.5 0.0 CB 13 
   1898 4.64 0.0 HA 167 
   1527 0.66 0.0 HG12 137 
   722 4.57 0.0 HB 71 
   1339 25.6 0.0 CG 122 
   1083 7.86 0.0 HD1 98 
   227 2.02 0.0 HB3 31 
   359 7.57 0.0 H 41 
   1951 123.6 0.0 N 170 
   1523 6.64 0.0 H 137 
   1637 23.3 0.0 CD2 145 
   1218 1.35 0.0 HG 110 
   1581 9.74 0.0 H 141 
   38 1.59 0.0 HG2 15 
   268 4.34 0.0 HA 35 
   167 1.76 0.0 HB3 25 
   832 6.69 0.0 HE1 79 
   1593 -0.51 0.0 HD13 142 
   154 1.0 0.0 HD13 24 
   287 3.79 0.0 HB3 36 
   855 17.1 0.0 CG2 80 
   1501 4.14 0.0 HA 135 
   215 1.42 0.0 HB3 30 
   1799 2.07 0.0 HB3 159 
   809 3.11 0.0 HB2 78 
   720 8.33 0.0 H 71 
   1050 27.0 0.0 CG 95 
   291 7.92 0.0 HZ2 36 
   413 2.34 0.0 HB3 45 
   1015 127.8 0.0 CZ 92 
   1198 3.48 0.0 HD2 108 
   61 3.95 0.0 HA 17 
   1711 51.4 0.0 CD 152 
   1857 58.8 0.0 CA 163 
   6 8.75 0.0 H 12 
   543 1.6 0.0 HD2 55 
   1412 7.96 0.0 H 129 
   1112 67.9 0.0 CB 100 
   1476 3.07 0.0 HB3 133 
   1220 0.5 0.0 HD12 110 
   1860 121.6 0.0 N 163 
   900 0.64 0.0 HD22 84 
   1863 4.19 0.0 HA 164 
   826 9.23 0.0 H 79 
   1744 26.8 0.0 CG 154 
   574 3.11 0.0 HB3 58 
   1774 0.82 0.0 HG2 157 
   631 8.75 0.0 H 63 
   1130 49.7 0.0 CA 102 
   105 7.66 0.0 H 21 
   738 56.1 0.0 CA 72 
   391 58.5 0.0 CA 43 
   528 4.38 0.0 HA 54 
   165 4.41 0.0 HA 25 
   1509 30.1 0.0 CB 135 
   1975 29.1 0.0 CD 172 
   440 0.98 0.0 HD22 47 
   1833 3.68 0.0 HA 162 
   821 114.1 0.0 CZ2 78 
   1935 122.1 0.0 N 169 
   799 121.3 0.0 N 76 
   790 1.55 0.0 HD2 76 
   1697 3.12 0.0 HA2 151 
   1178 128.8 0.0 N 106 
   1143 49.2 0.0 CD 103 
   559 55.3 0.0 CA 56 
   1763 0.93 0.0 HG22 156 
   1415 3.22 0.0 HB3 129 
   492 119.9 0.0 N 50 
   1201 32.3 0.0 CB 108 
   351 0.86 0.0 HD22 40 
   354 41.3 0.0 CB 40 
   1643 2.21 0.0 HG2 146 
   1408 30.4 0.0 CB 128 
   956 7.18 0.0 HE2 88 
   1712 7.2 0.0 H 153 
   1159 0.67 0.0 HG21 105 
   1400 122.0 0.0 N 127 
   1386 4.54 0.0 HB 126 
   1680 4.08 0.0 HA 150 
   369 60.1 0.0 CA 41 
   1001 4.95 0.0 HA 92 
   969 2.91 0.0 HB3 89 
   260 2.16 0.0 HB3 34 
   204 1.47 0.0 HB3 28 
   1631 0.45 0.0 HD22 145 
   1832 8.16 0.0 H 162 
   518 4.48 0.0 HA 53 
   682 3.59 0.0 HB3 67 
   345 1.42 0.0 HB3 40 
   1625 2.33 0.0 HB3 145 
   469 1.74 0.0 HG2 49 
   935 132.9 0.0 CD2 86 
   1504 1.59 0.0 HG2 135 
   1154 8.55 0.0 H 105 
   710 2.54 0.0 HG3 69 
   714 115.4 0.0 N 69 
   324 8.08 0.0 HE22 38 
   1353 -0.19 0.0 HD13 123 
   431 8.42 0.0 H 47 
   1776 57.3 0.0 CA 157 
   418 59.3 0.0 CA 45 
   150 1.88 0.0 HB3 24 
   1506 3.11 0.0 HD2 135 
   219 3.47 0.0 HD3 30 
   1980 2.81 0.0 HB2 173 
   1325 45.6 0.0 CA 121 
   1794 18.6 0.0 CG2 158 
   1373 0.13 0.0 HD12 125 
   1705 2.09 0.0 HG3 152 
   1090 133.8 0.0 CD2 98 
   491 118.8 0.0 CE2 50 
   1117 3.67 0.0 HB 101 
   1914 8.64 0.0 H 168 
   1532 60.5 0.0 CA 137 
   1032 0.45 0.0 HD11 94 
   452 1.86 0.0 HG13 48 
   1747 118.8 0.0 N 154 
   96 4.35 0.0 HA 20 
   415 2.64 0.0 HG3 45 
   1877 115.9 0.0 N 164 
   231 3.17 0.0 HD3 31 
   803 3.39 0.0 HB3 77 
   531 4.55 0.0 HD21 54 
   1211 30.2 0.0 CB 109 
   1396 2.61 0.0 HB2 127 
   547 60.5 0.0 CA 55 
   548 32.2 0.0 CB 55 
   1715 3.56 0.0 HB3 153 
   1520 40.4 0.0 CB 136 
   1003 3.68 0.0 HB3 92 
   1168 17.5 0.0 CG2 105 
   53 3.21 0.0 HD2 16 
   1022 43.0 0.0 CB 93 
   1371 1.35 0.0 HG 125 
   1454 27.9 0.0 CG 131 
   1750 1.43 0.0 HB1 155 
   1059 0.98 0.0 HG23 96 
   903 43.1 0.0 CB 84 
   1669 43.3 0.0 CB 148 
   1633 58.4 0.0 CA 145 
   1502 1.71 0.0 HB2 135 
   111 0.18 0.0 HG22 21 
   877 2.1 0.0 HB3 83 
   1918 2.32 0.0 HG2 168 
   1023 118.3 0.0 N 93 
   1441 26.5 0.0 CG 130 
   1451 3.77 0.0 HD3 131 
   145 22.0 0.0 CG2 23 
   1947 33.5 0.0 CB 170 
   893 0.6 0.0 HB2 84 
   1337 55.1 0.0 CA 122 
   1804 66.3 0.0 CA 159 
   1837 0.81 0.0 HG21 162 
   95 7.79 0.0 H 20 
   1732 3.58 0.0 HA 154 
   819 125.9 0.0 CD1 78 
   1426 129.8 0.0 CE2 129 
   1628 -0.05 0.0 HD12 145 
   1244 4.41 0.0 HA 113 
   628 133.7 0.0 CE2 62 
   2001 7.5 0.0 HE21 175 
   1511 43.4 0.0 CD 135 
   1957 2.2 0.0 HG3 171 
   1882 108.0 0.0 N 165 
   157 1.18 0.0 HD23 24 
   187 68.1 0.0 CB 26 
   1626 1.11 0.0 HG 145 
   1129 0.01 0.0 HB3 102 
   505 21.0 0.0 CG2 51 
   629 131.9 0.0 CZ 62 
   269 1.46 0.0 HB2 35 
   1039 8.7 0.0 CD1 94 
   1905 0.85 0.0 HD11 167 
   1956 2.2 0.0 HG2 171 
   11 2.32 0.0 HG3 12 
   1210 58.3 0.0 CA 109 
   1187 0.93 0.0 HG23 107 
   950 5.09 0.0 HA 88 
   1453 30.7 0.0 CB 131 
   806 114.4 0.0 N 77 
   161 27.0 0.0 CD1 24 
   110 0.18 0.0 HG21 21 
   865 119.9 0.0 CD2 81 
   1175 1.34 0.0 HB3 106 
   1448 1.99 0.0 HG2 131 
   523 55.6 0.0 CA 53 
   565 1.5 0.0 HB1 57 
   1725 119.6 0.0 CE3 153 
   1369 1.43 0.0 HB2 125 
   1910 25.3 0.0 CG1 167 
   294 58.7 0.0 CA 36 
   810 3.29 0.0 HB3 78 
   446 23.9 0.0 CD2 47 
   1236 41.0 0.0 CB 111 
   1530 1.08 0.0 HG22 137 
   1419 6.99 0.0 HE2 129 
   1585 112.9 0.0 N 141 
   88 8.07 0.0 H 19 
   1340 28.9 0.0 CD 122 
   1797 3.52 0.0 HA 159 
   209 3.95 0.0 HA2 29 
   284 8.01 0.0 H 36 
   1529 1.08 0.0 HG21 137 
   1803 3.0 0.0 HD3 159 
   217 1.44 0.0 HG3 30 
   974 5.66 0.0 HA 90 
   352 0.86 0.0 HD23 40 
   1640 4.36 0.0 HA 146 
   1287 1.89 0.0 HE2 117 
   85 21.7 0.0 CG1 18 
   871 55.4 0.0 CA 82 
   1993 121.0 0.0 N 174 
   1150 54.1 0.0 CA 104 
   237 8.17 0.0 H 32 
   1296 6.74 0.0 HE1 118 
   1390 62.4 0.0 CA 126 
   1964 1.72 0.0 HB2 172 
   1943 1.6 0.0 HD3 170 
   959 42.6 0.0 CB 88 
   955 7.18 0.0 HE1 88 
   1299 39.5 0.0 CB 118 
   570 121.1 0.0 N 57 
   841 8.07 0.0 H 80 
   489 131.7 0.0 CD2 50 
   1534 20.4 0.0 CG1 137 
   119 17.2 0.0 CG2 21 
   894 1.93 0.0 HB3 84 
   917 2.37 0.0 HE3 85 
   1726 113.9 0.0 CZ2 153 
   1222 0.68 0.0 HD21 110 
   1482 7.06 0.0 HH2 133 
   1341 41.8 0.0 CE 122 
   524 37.4 0.0 CB 53 
   624 40.9 0.0 CB 62 
   1007 6.63 0.0 HE2 92 
   1968 1.65 0.0 HD2 172 
   213 2.52 0.0 HA 30 
   243 119.3 0.0 N 32 
   984 58.5 0.0 CA 90 
   20 1.47 0.0 HB3 13 
   254 27.3 0.0 CG 33 
   1856 6.84 0.0 HE22 163 
   1293 3.08 0.0 HB3 118 
   1290 18.0 0.0 CE 117 
   153 1.0 0.0 HD12 24 
   567 1.5 0.0 HB3 57 
   1699 49.3 0.0 CA 151 
   1488 123.0 0.0 CZ3 133 
   13 29.4 0.0 CB 12 
   1158 1.15 0.0 HG13 105 
   182 3.96 0.0 HB 26 
   241 55.0 0.0 CA 32 
   1162 0.43 0.0 HD11 105 
   2 2.76 0.0 HB2 11 
   1729 118.4 0.0 N 153 
   1565 4.03 0.0 HA 140 
   558 7.75 0.0 HD22 56 
   582 6.69 0.0 HD21 59 
   1524 4.01 0.0 HA 137 
   1145 4.26 0.0 HA 104 
   1156 1.26 0.0 HB 105 
   1611 7.37 0.0 H 144 
   1135 2.45 0.0 HB3 103 
   1095 1.45 0.0 HB2 99 
   1554 1.56 0.0 HD2 139 
   1316 120.9 0.0 N 119 
   834 57.7 0.0 CA 79 
   453 0.97 0.0 HG21 48 
   206 24.4 0.0 CB 28 
   1248 1.36 0.0 HG3 113 
   866 126.2 0.0 N 81 
   1227 26.9 0.0 CG 110 
   43 30.1 0.0 CB 15 
   1678 107.1 0.0 N 149 
   993 2.38 0.0 HB3 91 
   1492 8.33 0.0 H 134 
   403 62.3 0.0 CA 44 
   667 2.03 0.0 HG3 65 
   691 1.81 0.0 HB2 68 
   1610 120.1 0.0 N 143 
   767 6.87 0.0 HD2 74 
   944 2.0 0.0 HG3 87 
   124 2.46 0.0 HB3 22 
   732 1.63 0.0 HB2 72 
   172 2.92 0.0 HE2 25 
   1109 1.25 0.0 HG22 100 
   1375 0.33 0.0 HD21 125 
   875 3.58 0.0 HA 83 
   1307 1.79 0.0 HB3 119 
   1012 131.3 0.0 CD2 92 
   337 2.71 0.0 HD3 39 
   146 116.5 0.0 N 23 
   199 107.7 0.0 ND2 27 
   1181 1.96 0.0 HB 107 
   1768 21.8 0.0 CG2 156 
   717 3.53 0.0 HA3 70 
   735 1.63 0.0 HG3 72 
   978 1.02 0.0 HG21 90 
   1087 58.3 0.0 CA 98 
   1639 7.93 0.0 H 146 
   1207 2.39 0.0 HB3 109 
   1649 8.35 0.0 H 147 
   1377 0.33 0.0 HD23 125 
   1387 1.41 0.0 HG21 126 
   1134 0.87 0.0 HB2 103 
   148 4.56 0.0 HA 24 
   1242 115.0 0.0 N 112 
   47 8.18 0.0 H 16 
   533 55.3 0.0 CA 54 
   1376 0.33 0.0 HD22 125 
   1137 1.47 0.0 HG3 103 
   483 7.26 0.0 HD2 50 
   1139 3.85 0.0 HD3 103 
   371 25.0 0.0 CG 41 
   1759 0.75 0.0 HG11 156 
   687 116.8 0.0 N 67 
   1490 120.6 0.0 N 133 
   580 2.37 0.0 HB2 59 
   300 122.2 0.0 CH2 36 
   1041 4.62 0.0 HA 95 
   1413 4.07 0.0 HA 129 
   616 2.1 0.0 HB2 62 
   1406 8.19 0.0 HE1 128 
   958 56.0 0.0 CA 88 
   1742 57.8 0.0 CA 154 
   1096 2.2 0.0 HB3 99 
   1567 2.06 0.0 HB3 140 
   777 129.4 0.0 CZ 74 
   1654 55.8 0.0 CA 147 
   1983 27.8 0.0 CB 173 
   814 7.17 0.0 HZ2 78 
   365 1.74 0.0 HD2 41 
   1363 2.78 0.0 HB3 124 
   1305 4.25 0.0 HA 119 
   356 24.3 0.0 CD1 40 
   424 4.12 0.0 HA 46 
   1771 3.85 0.0 HA 157 
   676 55.8 0.0 CA 66 
   940 5.28 0.0 HA 87 
   1225 53.9 0.0 CA 110 
   640 54.8 0.0 CA 63 
   16 8.44 0.0 H 13 
   1577 129.7 0.0 CE1 140 
   412 2.23 0.0 HB2 45 
   550 29.7 0.0 CD 55 
   646 5.07 0.0 HA 64 
   1132 126.2 0.0 N 102 
   1288 1.89 0.0 HE3 117 
   48 4.19 0.0 HA 16 
   1999 2.31 0.0 HG2 175 
   1933 30.1 0.0 CB 169 
   463 13.2 0.0 CD1 48 
   297 122.1 0.0 CE3 36 
   1068 118.2 0.0 N 96 
   1691 42.2 0.0 CB 150 
   608 122.4 0.0 CE3 61 
   1925 121.6 0.0 N 168 
   189 121.3 0.0 N 26 
   545 2.84 0.0 HE2 55 
   1298 53.1 0.0 CA 118 
   432 4.23 0.0 HA 47 
   304 3.36 0.0 HA 37 
   662 8.9 0.0 H 65 
   606 29.6 0.0 CB 61 
   1347 0.7 0.0 HG13 123 
   368 2.96 0.0 HE3 41 
   1333 1.6 0.0 HD2 122 
   779 8.54 0.0 H 75 
   1487 113.9 0.0 CZ2 133 
   515 36.4 0.0 CG 52 
   292 7.51 0.0 HZ3 36 
   1976 41.8 0.0 CE 172 
   1881 45.6 0.0 CA 165 
   1194 2.03 0.0 HB2 108 
   1196 1.88 0.0 HG2 108 
   715 7.82 0.0 H 70 
   1358 13.5 0.0 CD1 123 
   1893 32.2 0.0 CB 166 
   694 1.46 0.0 HG3 68 
   1461 0.93 0.0 HD11 132 
   1120 1.08 0.0 HG23 101 
   435 1.91 0.0 HG 47 
   842 5.13 0.0 HA 80 
   1142 27.9 0.0 CG 103 
   910 1.51 0.0 HB2 85 
   561 118.9 0.0 N 56 
   1867 1.66 0.0 HG3 164 
   1696 9.07 0.0 H 151 
   382 29.2 0.0 CB 42 
   1552 1.26 0.0 HG2 139 
   1516 1.28 0.0 HB3 136 
   112 0.18 0.0 HG23 21 
   1209 2.43 0.0 HG3 109 
   610 120.2 0.0 CZ3 61 
   200 7.02 0.0 H 28 
   1297 6.74 0.0 HE2 118 
   1767 21.1 0.0 CG1 156 
   671 122.0 0.0 N 65 
   1342 118.4 0.0 N 122 
   329 113.9 0.0 NE2 38 
   1362 2.23 0.0 HB2 124 
   773 131.7 0.0 CD1 74 
   1045 1.91 0.0 HG3 95 
   1230 116.5 0.0 N 110 
   1948 24.8 0.0 CG 170 
   319 2.23 0.0 HB2 38 
   40 3.21 0.0 HD2 15 
   684 6.71 0.0 HD22 67 
   90 3.98 0.0 HB2 19 
   1061 0.87 0.0 HD12 96 
   1522 116.8 0.0 ND2 136 
   1085 6.93 0.0 HE1 98 
   1103 25.1 0.0 CG 99 
   1716 7.36 0.0 HD1 153 
   566 1.5 0.0 HB2 57 
   857 128.9 0.0 N 80 
   1306 1.79 0.0 HB2 119 
   573 2.55 0.0 HB2 58 
   835 44.0 0.0 CB 79 
