   40 3.21 0.0 HD2 15 
   465 7.64 0.0 H 49 
   1546 24.1 0.0 CG 138 
   443 42.7 0.0 CB 47 
   1866 1.45 0.0 HG2 164 
   1520 40.4 0.0 CB 136 
   423 8.3 0.0 H 46 
   743 8.77 0.0 H 73 
   765 3.22 0.0 HB3 74 
   51 1.6 0.0 HG2 16 
   119 17.2 0.0 CG2 21 
   68 1.1 0.0 HG23 17 
   762 8.53 0.0 H 74 
   269 1.46 0.0 HB2 35 
   1439 62.3 0.0 CA 130 
   1926 112.3 0.0 NE2 168 
   1072 1.17 0.0 HG21 97 
   1042 1.84 0.0 HB2 95 
   180 10.39 0.0 H 26 
   1726 113.9 0.0 CZ2 153 
   1091 118.2 0.0 CE1 98 
   1760 0.75 0.0 HG12 156 
   1051 50.6 0.0 CD 95 
   385 8.98 0.0 H 43 
   287 3.79 0.0 HB3 36 
   709 2.34 0.0 HG2 69 
   1802 3.0 0.0 HD2 159 
   1317 8.98 0.0 H 120 
   1020 2.67 0.0 HB3 93 
   1998 2.08 0.0 HB3 175 
   1963 4.4 0.0 HA 172 
   1092 116.0 0.0 CE2 98 
   135 2.37 0.0 HB 23 
   59 120.5 0.0 N 16 
   1162 0.43 0.0 HD11 105 
   920 25.6 0.0 CG 85 
   1761 0.75 0.0 HG13 156 
   219 3.47 0.0 HD3 30 
   839 117.3 0.0 CE2 79 
   12 58.2 0.0 CA 12 
   1526 0.66 0.0 HG11 137 
   2001 7.5 0.0 HE21 175 
   331 4.12 0.0 HA 39 
   1181 1.96 0.0 HB 107 
   1382 22.6 0.0 CD2 125 
   703 41.8 0.0 CE 68 
   1584 44.0 0.0 CA 141 
   256 121.0 0.0 N 33 
   1074 1.17 0.0 HG23 97 
   892 4.47 0.0 HA 84 
   72 21.8 0.0 CG2 17 
   471 3.37 0.0 HD2 49 
   1476 3.07 0.0 HB3 133 
   1892 63.3 0.0 CA 166 
   315 22.1 0.0 CG2 37 
   1919 2.35 0.0 HG3 168 
   1912 14.6 0.0 CD1 167 
   1279 2.0 0.0 HB2 116 
   1990 6.91 0.0 HD22 174 
   1311 3.21 0.0 HD3 119 
   1857 58.8 0.0 CA 163 
   1 4.65 0.0 HA 11 
   1684 0.87 0.0 HD11 150 
   64 1.01 0.0 HG12 17 
   413 2.34 0.0 HB3 45 
   486 58.8 0.0 CA 50 
   1918 2.32 0.0 HG2 168 
   428 62.8 0.0 CA 46 
   1871 2.92 0.0 HE3 164 
   156 1.18 0.0 HD22 24 
   172 2.92 0.0 HE2 25 
   304 3.36 0.0 HA 37 
   1706 3.08 0.0 HD2 152 
   1371 1.35 0.0 HG 125 
   1654 55.8 0.0 CA 147 
   1729 118.4 0.0 N 153 
   1146 1.71 0.0 HB2 104 
   1260 4.63 0.0 HA 114 
   1289 36.0 0.0 CG 117 
   1767 21.1 0.0 CG1 156 
   653 0.91 0.0 HD21 64 
   662 8.9 0.0 H 65 
   234 27.1 0.0 CG 31 
   997 33.5 0.0 CB 91 
   836 131.9 0.0 CD1 79 
   538 3.93 0.0 HA 55 
   1402 4.57 0.0 HA 128 
   407 117.8 0.0 CE1 44 
   1456 6.93 0.0 H 132 
   625 132.0 0.0 CD1 62 
   1203 49.8 0.0 CD 108 
   41 3.21 0.0 HD3 15 
   1947 33.5 0.0 CB 170 
   479 4.78 0.0 HA 50 
   1549 4.17 0.0 HA 139 
   1376 0.33 0.0 HD22 125 
   1243 8.33 0.0 H 113 
   1649 8.35 0.0 H 147 
   238 4.9 0.0 HA 32 
   392 28.4 0.0 CB 43 
   1100 3.8 0.0 HD3 99 
   1846 16.7 0.0 CG2 162 
   585 39.9 0.0 CB 59 
   1567 2.06 0.0 HB3 140 
   1921 7.47 0.0 HE22 168 
   257 9.25 0.0 H 34 
   897 0.41 0.0 HD12 84 
   677 66.8 0.0 CB 66 
   1715 3.56 0.0 HB3 153 
   1945 2.96 0.0 HE3 170 
   728 23.0 0.0 CG2 71 
   351 0.86 0.0 HD22 40 
   1734 2.04 0.0 HB3 154 
   47 8.18 0.0 H 16 
   1949 29.2 0.0 CD 170 
   1772 0.27 0.0 HB2 157 
   1352 -0.19 0.0 HD12 123 
   1053 3.78 0.0 HA 96 
   1675 4.05 0.0 HA2 149 
   1547 48.1 0.0 CD 138 
   104 119.8 0.0 N 20 
   420 34.2 0.0 CG 45 
   601 7.9 0.0 HE3 61 
   497 0.78 0.0 HG12 51 
   730 7.61 0.0 H 72 
   930 6.77 0.0 HE1 86 
   448 8.86 0.0 H 48 
   1988 2.83 0.0 HB3 174 
   1581 9.74 0.0 H 141 
   692 1.89 0.0 HB3 68 
   774 131.7 0.0 CD2 74 
   862 7.19 0.0 HD2 81 
   544 1.6 0.0 HD3 55 
   1776 57.3 0.0 CA 157 
   1838 0.81 0.0 HG22 162 
   944 2.0 0.0 HG3 87 
   843 1.63 0.0 HB 80 
   1601 22.0 0.0 CD2 142 
   243 119.3 0.0 N 32 
   274 0.91 0.0 HD13 35 
   1238 8.62 0.0 H 112 
   1245 1.76 0.0 HB2 113 
   1385 4.28 0.0 HA 126 
   1642 2.46 0.0 HB3 146 
   829 3.01 0.0 HB3 79 
   744 4.72 0.0 HA 73 
   1454 27.9 0.0 CG 131 
   1511 43.4 0.0 CD 135 
   1804 66.3 0.0 CA 159 
   628 133.7 0.0 CE2 62 
   742 123.7 0.0 N 72 
   602 7.45 0.0 HZ2 61 
   1143 49.2 0.0 CD 103 
   985 42.8 0.0 CB 90 
   987 19.5 0.0 CG2 90 
   642 26.9 0.0 CG 63 
   1293 3.08 0.0 HB3 118 
   406 131.7 0.0 CD2 44 
   342 8.86 0.0 H 40 
   1198 3.48 0.0 HD2 108 
   1810 2.55 0.0 HB2 160 
   975 1.75 0.0 HB 90 
   576 39.1 0.0 CB 58 
   1084 7.38 0.0 HD2 98 
   1598 40.4 0.0 CB 142 
   1911 18.1 0.0 CG2 167 
   1799 2.07 0.0 HB3 159 
   874 8.23 0.0 H 83 
   1130 49.7 0.0 CA 102 
   282 25.2 0.0 CD2 35 
   1386 4.54 0.0 HB 126 
   1459 1.92 0.0 HB3 132 
   1312 57.4 0.0 CA 119 
   232 56.1 0.0 CA 31 
   314 21.0 0.0 CG1 37 
   1499 117.9 0.0 N 134 
   334 1.47 0.0 HG2 39 
   1460 1.53 0.0 HG 132 
   996 55.2 0.0 CA 91 
   918 56.1 0.0 CA 85 
   1397 2.68 0.0 HB3 127 
   1621 115.4 0.0 N 144 
   1421 62.4 0.0 CA 129 
   80 1.01 0.0 HG21 18 
   1067 13.2 0.0 CD1 96 
   1887 1.0 0.0 HG12 166 
   1096 2.2 0.0 HB3 99 
   1264 1.17 0.0 HG23 114 
   1773 0.96 0.0 HB3 157 
   271 1.77 0.0 HG 35 
   336 2.71 0.0 HD2 39 
   92 60.1 0.0 CA 19 
   818 32.6 0.0 CB 78 
   1606 1.04 0.0 HB2 143 
   973 8.46 0.0 H 90 
   1477 6.93 0.0 HD1 133 
   661 123.1 0.0 N 64 
   1605 1.04 0.0 HB1 143 
   708 2.23 0.0 HB3 69 
   825 131.3 0.0 NE1 78 
