   1827 41.4 0.0 CB 161 
   704 123.1 0.0 N 68 
   1927 8.65 0.0 H 169 
   792 2.95 0.0 HE2 76 
   947 37.4 0.0 CG 87 
   1985 8.55 0.0 H 174 
   1076 67.7 0.0 CB 97 
   367 2.96 0.0 HE2 41 
   848 0.64 0.0 HG23 80 
   310 1.13 0.0 HG22 37 
   1741 1.14 0.0 HD23 154 
   1049 32.4 0.0 CB 95 
   1291 4.86 0.0 HA 118 
   662 8.9 0.0 H 65 
   1285 2.4 0.0 HG3 117 
   1020 2.67 0.0 HB3 93 
   1612 3.57 0.0 HA 144 
   112 0.18 0.0 HG23 21 
   545 2.84 0.0 HE2 55 
   639 7.37 0.0 HE 63 
   1293 3.08 0.0 HB3 118 
   1511 43.4 0.0 CD 135 
   1306 1.79 0.0 HB2 119 
   1117 3.67 0.0 HB 101 
   1948 24.8 0.0 CG 170 
   1717 9.7 0.0 HE1 153 
   208 8.82 0.0 H 29 
   1828 26.2 0.0 CG 161 
   306 0.99 0.0 HG11 37 
   1842 0.01 0.0 HD13 162 
   1067 13.2 0.0 CD1 96 
   796 24.8 0.0 CG 76 
   239 3.17 0.0 HB2 32 
   1241 45.8 0.0 CA 112 
   1032 0.45 0.0 HD11 94 
   1876 41.8 0.0 CE 164 
   1309 1.68 0.0 HG3 119 
   580 2.37 0.0 HB2 59 
   1857 58.8 0.0 CA 163 
   119 17.2 0.0 CG2 21 
   787 1.49 0.0 HB3 76 
   1998 2.08 0.0 HB3 175 
   163 126.3 0.0 N 24 
   126 2.1 0.0 HG3 22 
   1172 5.09 0.0 HA 106 
   1010 40.4 0.0 CB 92 
   1189 31.4 0.0 CB 107 
   1919 2.35 0.0 HG3 168 
   1059 0.98 0.0 HG23 96 
   1821 0.66 0.0 HD12 161 
   554 4.54 0.0 HA 56 
   466 4.23 0.0 HA 49 
   1163 0.43 0.0 HD12 105 
   171 1.6 0.0 HD3 25 
   1297 6.74 0.0 HE2 118 
   487 38.5 0.0 CB 50 
   1009 57.4 0.0 CA 92 
   1216 1.6 0.0 HB2 110 
   102 30.1 0.0 CB 20 
   529 3.06 0.0 HB2 54 
   516 119.7 0.0 N 52 
   1630 0.45 0.0 HD21 145 
   87 118.3 0.0 N 18 
   1491 130.6 0.0 NE1 133 
   1920 6.76 0.0 HE21 168 
   1653 1.22 0.0 HB3 147 
   1932 57.3 0.0 CA 169 
   1683 1.88 0.0 HG 150 
   1239 4.25 0.0 HA2 112 
   731 5.02 0.0 HA 72 
   334 1.47 0.0 HG2 39 
   900 0.64 0.0 HD22 84 
   1517 6.92 0.0 HD21 136 
   1531 1.08 0.0 HG23 137 
   783 107.1 0.0 N 75 
   234 27.1 0.0 CG 31 
   413 2.34 0.0 HB3 45 
   954 7.16 0.0 HD2 88 
   264 28.8 0.0 CB 34 
   1489 123.1 0.0 CH2 133 
   1169 14.7 0.0 CD1 105 
   18 1.47 0.0 HB1 13 
   7 4.11 0.0 HA 12 
   180 10.39 0.0 H 26 
   1567 2.06 0.0 HB3 140 
   6 8.75 0.0 H 12 
   1336 2.91 0.0 HE3 122 
   1091 118.2 0.0 CE1 98 
   1871 2.92 0.0 HE3 164 
   1960 36.0 0.0 CG 171 
   1402 4.57 0.0 HA 128 
   1346 0.57 0.0 HG12 123 
   1131 15.4 0.0 CB 102 
   522 6.74 0.0 HD22 53 
   1322 8.15 0.0 H 121 
   568 51.2 0.0 CA 57 
   827 4.84 0.0 HA 79 
   586 116.4 0.0 N 59 
   1843 65.1 0.0 CA 162 
   1989 7.61 0.0 HD21 174 
   1003 3.68 0.0 HB3 92 
   33 113.2 0.0 N 14 
   240 3.09 0.0 HB3 32 
   1456 6.93 0.0 H 132 
   1703 2.44 0.0 HB3 152 
   991 5.29 0.0 HA 91 
   335 1.47 0.0 HG3 39 
   1762 0.93 0.0 HG21 156 
   1134 0.87 0.0 HB2 103 
   1522 116.8 0.0 ND2 136 
   397 3.17 0.0 HB2 44 
   246 2.0 0.0 HB2 33 
   685 51.6 0.0 CA 67 
   1180 4.9 0.0 HA 107 
   1449 2.12 0.0 HG3 131 
   532 7.24 0.0 HD22 54 
   80 1.01 0.0 HG21 18 
   605 56.9 0.0 CA 61 
   1416 7.05 0.0 HD1 129 
   66 1.1 0.0 HG21 17 
   325 58.3 0.0 CA 38 
   1823 0.73 0.0 HD21 161 
   979 1.02 0.0 HG22 90 
   622 5.65 0.0 HZ 62 
   1206 2.17 0.0 HB2 109 
   1941 1.38 0.0 HG3 170 
   658 27.3 0.0 CG 64 
   902 53.6 0.0 CA 84 
   648 1.86 0.0 HB3 64 
   776 130.0 0.0 CE2 74 
   1644 2.21 0.0 HG3 146 
   1159 0.67 0.0 HG21 105 
   85 21.7 0.0 CG1 18 
   617 2.5 0.0 HB3 62 
   894 1.93 0.0 HB3 84 
   1847 14.9 0.0 CD1 162 
   1617 61.9 0.0 CA 144 
   1396 2.61 0.0 HB2 127 
   1645 57.0 0.0 CA 146 
   1773 0.96 0.0 HB3 157 
   307 0.99 0.0 HG12 37 
   1956 2.2 0.0 HG2 171 
   1027 1.78 0.0 HG12 94 
   1566 1.98 0.0 HB2 140 
   626 132.0 0.0 CD2 62 
   1008 6.45 0.0 HZ 92 
   231 3.17 0.0 HD3 31 
   969 2.91 0.0 HB3 89 
   363 1.45 0.0 HG2 41 
   1150 54.1 0.0 CA 104 
   235 43.1 0.0 CD 31 
   511 2.31 0.0 HG2 52 
   374 118.4 0.0 N 41 
   510 2.21 0.0 HB3 52 
   493 8.77 0.0 H 51 
   472 3.42 0.0 HD3 49 
   1504 1.59 0.0 HG2 135 
   723 1.1 0.0 HG21 71 
   1231 7.36 0.0 H 111 
   1318 4.1 0.0 HA2 120 
   1966 1.35 0.0 HG2 172 
   1454 27.9 0.0 CG 131 
   340 26.9 0.0 CG 39 
   1368 4.45 0.0 HA 125 
   1805 30.6 0.0 CB 159 
   1451 3.77 0.0 HD3 131 
   1563 122.6 0.0 N 139 
   690 3.96 0.0 HA 68 
   253 28.7 0.0 CB 33 
   320 2.23 0.0 HB3 38 
   989 113.7 0.0 N 90 
   1862 7.88 0.0 H 164 
   653 0.91 0.0 HD21 64 
   635 1.6 0.0 HG2 63 
   1930 2.88 0.0 HB3 169 
   537 8.89 0.0 H 55 
   1792 30.6 0.0 CB 158 
   19 1.47 0.0 HB2 13 
   1903 0.95 0.0 HG22 167 
   1527 0.66 0.0 HG12 137 
   1576 127.3 0.0 CD2 140 
   1004 6.51 0.0 HD1 92 
   1840 0.01 0.0 HD11 162 
   766 6.87 0.0 HD1 74 
   633 1.82 0.0 HB2 63 
   1209 2.43 0.0 HG3 109 
   1399 40.2 0.0 CB 127 
   1038 16.8 0.0 CG2 94 
   1100 3.8 0.0 HD3 99 
   1420 6.93 0.0 HZ 129 
   99 2.21 0.0 HG2 20 
   1830 22.9 0.0 CD2 161 
   1463 0.93 0.0 HD13 132 
   1864 1.76 0.0 HB2 164 
   536 104.6 0.0 ND2 54 
   925 4.52 0.0 HA 86 
   789 1.57 0.0 HG3 76 
   777 129.4 0.0 CZ 74 
   701 24.4 0.0 CG 68 
   490 118.8 0.0 CE1 50 
   60 7.9 0.0 H 17 
   184 1.25 0.0 HG22 26 
   31 68.6 0.0 CB 14 
   1561 29.3 0.0 CD 139 
   1526 0.66 0.0 HG11 137 
   1726 113.9 0.0 CZ2 153 
   1077 22.0 0.0 CG2 97 
   877 2.1 0.0 HB3 83 
   270 1.81 0.0 HB3 35 
   1682 2.33 0.0 HB3 150 
   1715 3.56 0.0 HB3 153 
   758 120.1 0.0 CZ3 73 
   1502 1.71 0.0 HB2 135 
   1002 2.77 0.0 HB2 92 
   883 0.77 0.0 HD22 83 
   64 1.01 0.0 HG12 17 
   583 7.7 0.0 HD22 59 
   1380 26.3 0.0 CG 125 
   1769 113.1 0.0 N 156 
   632 4.37 0.0 HA 63 
   316 116.1 0.0 N 37 
   322 2.45 0.0 HG3 38 
   743 8.77 0.0 H 73 
   256 121.0 0.0 N 33 
   654 0.91 0.0 HD22 64 
   120 13.1 0.0 CD1 21 
   1783 0.82 0.0 HG12 158 
   1412 7.96 0.0 H 129 
   1706 3.08 0.0 HD2 152 
   183 1.25 0.0 HG21 26 
   1541 1.72 0.0 HG3 138 
   308 0.99 0.0 HG13 37 
   625 132.0 0.0 CD1 62 
   1905 0.85 0.0 HD11 167 
   914 1.27 0.0 HD2 85 
   795 38.2 0.0 CB 76 
   856 12.7 0.0 CD1 80 
   1017 8.57 0.0 H 93 
   1446 1.83 0.0 HB2 131 
   722 4.57 0.0 HB 71 
   1469 27.0 0.0 CG 132 
   542 1.59 0.0 HG3 55 
   572 4.38 0.0 HA 58 
   598 4.08 0.0 HB3 61 
   956 7.18 0.0 HE2 88 
   416 7.61 0.0 HE21 45 
   569 19.0 0.0 CB 57 
   909 4.75 0.0 HA 85 
   521 7.98 0.0 HD21 53 
   394 120.6 0.0 N 43 
   1345 0.37 0.0 HB 123 
   1012 131.3 0.0 CD2 92 
   355 26.0 0.0 CG 40 
   1643 2.21 0.0 HG2 146 
   41 3.21 0.0 HD3 15 
   167 1.76 0.0 HB3 25 
   292 7.51 0.0 HZ3 36 
   1498 18.5 0.0 CB 134 
   1501 4.14 0.0 HA 135 
   1869 1.59 0.0 HD3 164 
   697 3.0 0.0 HE2 68 
   1593 -0.51 0.0 HD13 142 
   1165 62.8 0.0 CA 105 
   438 0.93 0.0 HD13 47 
   1203 49.8 0.0 CD 108 
   564 4.51 0.0 HA 57 
   1685 0.87 0.0 HD12 150 
   1178 128.8 0.0 N 106 
   520 3.26 0.0 HB3 53 
   1257 42.5 0.0 CE 113 
   383 35.5 0.0 CG 42 
   104 119.8 0.0 N 20 
   1187 0.93 0.0 HG23 107 
   1357 17.0 0.0 CG2 123 
   1901 1.3 0.0 HG13 167 
   1879 3.97 0.0 HA2 165 
   906 24.8 0.0 CD2 84 
   531 4.55 0.0 HD21 54 
   977 1.29 0.0 HG13 90 
   97 1.96 0.0 HB2 20 
   1749 3.86 0.0 HA 155 
   1115 7.25 0.0 H 101 
   461 29.8 0.0 CG1 48 
   1198 3.48 0.0 HD2 108 
   1940 1.38 0.0 HG2 170 
   1945 2.96 0.0 HE3 170 
   1646 31.6 0.0 CB 146 
   17 4.21 0.0 HA 13 
   570 121.1 0.0 N 57 
   1039 8.7 0.0 CD1 94 
   1457 3.95 0.0 HA 132 
   1120 1.08 0.0 HG23 101 
   1690 57.9 0.0 CA 150 
   1467 57.9 0.0 CA 132 
   1681 1.36 0.0 HB2 150 
   804 55.2 0.0 CA 77 
   1781 3.54 0.0 HA 158 
   1514 4.26 0.0 HA 136 
   673 4.75 0.0 HA 66 
   1274 52.6 0.0 CA 115 
   782 45.8 0.0 CA 75 
   448 8.86 0.0 H 48 
   823 123.5 0.0 CH2 78 
   1520 40.4 0.0 CB 136 
   1767 21.1 0.0 CG1 156 
   218 2.45 0.0 HD2 30 
   1026 2.04 0.0 HB 94 
   15 122.1 0.0 N 12 
   130 31.8 0.0 CB 22 
   1951 123.6 0.0 N 170 
   411 4.15 0.0 HA 45 
   1183 0.58 0.0 HG12 107 
   1379 41.7 0.0 CB 125 
   1835 0.32 0.0 HG12 162 
   831 6.96 0.0 HD2 79 
   1799 2.07 0.0 HB3 159 
   1207 2.39 0.0 HB3 109 
   1094 3.55 0.0 HA 99 
   1135 2.45 0.0 HB3 103 
   83 64.2 0.0 CA 18 
   475 26.1 0.0 CG 49 
   968 2.72 0.0 HB2 89 
   1286 1.89 0.0 HE1 117 
   299 120.3 0.0 CZ3 36 
   93 63.2 0.0 CB 19 
   879 0.82 0.0 HD11 83 
   647 1.83 0.0 HB2 64 
   1849 8.1 0.0 H 163 
   29 1.24 0.0 HG23 14 
   52 1.6 0.0 HG3 16 
   1219 0.5 0.0 HD11 110 
   613 127.8 0.0 NE1 61 
   1577 129.7 0.0 CE1 140 
   1383 126.2 0.0 N 125 
   849 0.82 0.0 HD11 80 
   2003 56.0 0.0 CA 175 
   1126 3.87 0.0 HA 102 
   595 7.49 0.0 H 61 
   26 4.2 0.0 HB 14 
   1192 119.5 0.0 N 107 
   32 22.0 0.0 CG2 14 
   1255 25.6 0.0 CG 113 
   1174 1.34 0.0 HB2 106 
   599 7.87 0.0 HD1 61 
   229 1.65 0.0 HG3 31 
   1755 115.0 0.0 N 155 
   1537 4.86 0.0 HA 138 
   609 113.7 0.0 CZ2 61 
   558 7.75 0.0 HD22 56 
   1400 122.0 0.0 N 127 
   1692 27.0 0.0 CG 150 
   1546 24.1 0.0 CG 138 
   1605 1.04 0.0 HB1 143 
   602 7.45 0.0 HZ2 61 
   429 62.7 0.0 CB 46 
   1908 59.4 0.0 CA 167 
   1482 7.06 0.0 HH2 133 
   737 3.19 0.0 HD3 72 
   49 1.9 0.0 HB2 16 
   455 0.97 0.0 HG23 48 
   1656 120.5 0.0 N 147 
   1340 28.9 0.0 CD 122 
   1813 41.7 0.0 CB 160 
   608 122.4 0.0 CE3 61 
   736 3.09 0.0 HD2 72 
   1401 7.93 0.0 H 128 
   1493 4.17 0.0 HA 134 
   892 4.47 0.0 HA 84 
   1462 0.93 0.0 HD12 132 
   998 35.4 0.0 CG 91 
   1258 117.5 0.0 N 113 
   899 0.64 0.0 HD21 84 
   50 1.9 0.0 HB3 16 
   273 0.91 0.0 HD12 35 
   1979 4.42 0.0 HA 173 
   1733 1.24 0.0 HB2 154 
   1523 6.64 0.0 H 137 
   819 125.9 0.0 CD1 78 
   1397 2.68 0.0 HB3 127 
   74 8.12 0.0 H 18 
   401 6.81 0.0 HE1 44 
   592 54.1 0.0 CA 60 
   668 54.6 0.0 CA 65 
   576 39.1 0.0 CB 58 
   1474 3.57 0.0 HA 133 
   1872 56.9 0.0 CA 164 
   1106 4.12 0.0 HA 100 
   453 0.97 0.0 HG21 48 
   1492 8.33 0.0 H 134 
   1136 1.32 0.0 HG2 103 
   830 6.96 0.0 HD1 79 
   1768 21.8 0.0 CG2 156 
   784 8.54 0.0 H 76 
   51 1.6 0.0 HG2 16 
   1284 2.3 0.0 HG2 117 
   1554 1.56 0.0 HD2 139 
   953 7.16 0.0 HD1 88 
   2000 2.31 0.0 HG3 175 
   1613 2.35 0.0 HB2 144 
   661 123.1 0.0 N 64 
   169 1.29 0.0 HG3 25 
   1364 57.6 0.0 CA 124 
   691 1.81 0.0 HB2 68 
   1089 132.8 0.0 CD1 98 
   1199 3.77 0.0 HD3 108 
   1867 1.66 0.0 HG3 164 
   187 68.1 0.0 CB 26 
   567 1.5 0.0 HB3 57 
   970 54.7 0.0 CA 89 
   8 2.03 0.0 HB2 12 
   1503 1.86 0.0 HB3 135 
   1544 64.6 0.0 CA 138 
   140 1.13 0.0 HG22 23 
   981 0.71 0.0 HD11 90 
   584 51.8 0.0 CA 59 
   1967 1.43 0.0 HG3 172 
   813 7.27 0.0 HE3 78 
   889 22.5 0.0 CD2 83 
   1202 27.1 0.0 CG 108 
   1965 1.85 0.0 HB3 172 
   164 8.31 0.0 H 25 
   1415 3.22 0.0 HB3 129 
   1170 124.1 0.0 N 105 
   1195 2.4 0.0 HB3 108 
   607 128.3 0.0 CD1 61 
   172 2.92 0.0 HE2 25 
   873 131.6 0.0 N 82 
   1583 4.14 0.0 HA3 141 
   614 6.81 0.0 H 62 
   1361 4.44 0.0 HA 124 
   303 7.5 0.0 H 37 
   103 36.3 0.0 CG 20 
   1359 117.1 0.0 N 123 
   1672 22.7 0.0 CD2 148 
   696 1.69 0.0 HD3 68 
   716 4.53 0.0 HA2 70 
   1562 41.9 0.0 CE 139 
   1760 0.75 0.0 HG12 156 
   1236 41.0 0.0 CB 111 
   404 37.9 0.0 CB 44 
   1021 52.0 0.0 CA 93 
   368 2.96 0.0 HE3 41 
   619 5.47 0.0 HD2 62 
   62 2.21 0.0 HB 17 
   670 36.3 0.0 CG 65 
   267 8.01 0.0 H 35 
   679 8.15 0.0 H 67 
   375 7.68 0.0 H 42 
   828 3.01 0.0 HB2 79 
   1831 118.0 0.0 N 161 
   194 6.5 0.0 HD21 27 
   1620 136.3 0.0 CE1 144 
   11 2.32 0.0 HG3 12 
   1124 114.3 0.0 N 101 
   442 58.8 0.0 CA 47 
   1314 27.1 0.0 CG 119 
   778 117.0 0.0 N 74 
   277 1.01 0.0 HD23 35 
   396 4.5 0.0 HA 44 
   1659 1.74 0.0 HB2 148 
   1694 27.2 0.0 CD2 150 
   1070 4.43 0.0 HA 97 
   1332 1.23 0.0 HG3 122 
   1608 55.6 0.0 CA 143 
   418 59.3 0.0 CA 45 
   462 17.0 0.0 CG2 48 
   1883 7.79 0.0 H 166 
   350 0.86 0.0 HD21 40 
   1307 1.79 0.0 HB3 119 
   1623 4.15 0.0 HA 145 
   1375 0.33 0.0 HD21 125 
   1573 51.9 0.0 CA 140 
   59 120.5 0.0 N 16 
   437 0.93 0.0 HD12 47 
   1213 116.4 0.0 N 109 
   574 3.11 0.0 HB3 58 
   627 133.7 0.0 CE1 62 
   943 2.0 0.0 HG2 87 
   1601 22.0 0.0 CD2 142 
   1581 9.74 0.0 H 141 
   1057 0.98 0.0 HG21 96 
   1410 136.2 0.0 CE1 128 
   212 107.0 0.0 N 29 
   1088 42.0 0.0 CB 98 
   913 1.18 0.0 HG3 85 
   1568 6.2 0.0 HD1 140 
   426 3.98 0.0 HB3 46 
   581 2.76 0.0 HB3 59 
   1670 27.0 0.0 CG 148 
   1097 1.5 0.0 HG2 99 
   834 57.7 0.0 CA 79 
   1268 110.1 0.0 N 114 
   1046 3.51 0.0 HD2 95 
   829 3.01 0.0 HB3 79 
   638 3.25 0.0 HD3 63 
   324 8.08 0.0 HE22 38 
   945 54.3 0.0 CA 87 
   1798 1.66 0.0 HB2 159 
   421 117.4 0.0 N 45 
   982 0.71 0.0 HD12 90 
   1640 4.36 0.0 HA 146 
   1272 1.43 0.0 HB2 115 
   1440 29.7 0.0 CB 130 
   174 57.0 0.0 CA 25 
   1495 1.5 0.0 HB2 134 
   204 1.47 0.0 HB3 28 
   630 115.3 0.0 N 62 
   1622 8.62 0.0 H 145 
   596 4.27 0.0 HA 61 
   73 119.6 0.0 N 17 
   1341 41.8 0.0 CE 122 
   1244 4.41 0.0 HA 113 
   1713 4.06 0.0 HA 153 
   76 2.19 0.0 HB 18 
   815 6.61 0.0 HZ3 78 
   1868 1.5 0.0 HD2 164 
   1308 1.58 0.0 HG2 119 
   803 3.39 0.0 HB3 77 
   1550 1.74 0.0 HB2 139 
   514 29.2 0.0 CB 52 
   1775 1.28 0.0 HG3 157 
   245 3.99 0.0 HA 33 
   1516 1.28 0.0 HB3 136 
   1394 8.77 0.0 H 127 
   1270 4.47 0.0 HA 115 
   1997 1.94 0.0 HB2 175 
   1881 45.6 0.0 CA 165 
   762 8.53 0.0 H 74 
   1035 55.2 0.0 CA 94 
   548 32.2 0.0 CB 55 
   860 2.85 0.0 HB2 81 
   677 66.8 0.0 CB 66 
   1631 0.45 0.0 HD22 145 
   1068 118.2 0.0 N 96 
   432 4.23 0.0 HA 47 
   1171 8.88 0.0 H 106 
   388 2.34 0.0 HB3 43 
   63 1.01 0.0 HG11 17 
   195 7.45 0.0 HD22 27 
   1958 55.9 0.0 CA 171 
   519 3.0 0.0 HB2 53 
   385 8.98 0.0 H 43 
   868 4.02 0.0 HA 82 
   162 25.5 0.0 CD2 24 
   1829 26.1 0.0 CD1 161 
   1637 23.3 0.0 CD2 145 
   872 39.0 0.0 CB 82 
   671 122.0 0.0 N 65 
   1858 27.9 0.0 CB 163 
   941 1.9 0.0 HB2 87 
   911 1.74 0.0 HB3 85 
   1147 1.85 0.0 HB3 104 
   280 27.0 0.0 CG 35 
   35 4.1 0.0 HA 15 
   150 1.88 0.0 HB3 24 
   746 2.21 0.0 HB3 73 
   901 0.64 0.0 HD23 84 
   258 4.24 0.0 HA 34 
   667 2.03 0.0 HG3 65 
   1005 6.51 0.0 HD2 92 
   631 8.75 0.0 H 63 
   527 8.75 0.0 H 54 
   1265 58.4 0.0 CA 114 
   575 55.3 0.0 CA 58 
   484 6.97 0.0 HE1 50 
   1570 6.77 0.0 HE1 140 
   618 5.47 0.0 HD1 62 
   744 4.72 0.0 HA 73 
   995 2.13 0.0 HG3 91 
   1935 122.1 0.0 N 169 
   1558 57.9 0.0 CA 139 
   1145 4.26 0.0 HA 104 
   1139 3.85 0.0 HD3 103 
   356 24.3 0.0 CD1 40 
   89 4.33 0.0 HA 19 
   1154 8.55 0.0 H 105 
   838 117.3 0.0 CE1 79 
   774 131.7 0.0 CD2 74 
   1460 1.53 0.0 HG 132 
   233 29.5 0.0 CB 31 
   57 27.3 0.0 CG 16 
   157 1.18 0.0 HD23 24 
   1082 3.27 0.0 HB3 98 
   1660 2.08 0.0 HB3 148 
   134 4.44 0.0 HA 23 
   1166 38.7 0.0 CB 105 
   1833 3.68 0.0 HA 162 
   767 6.87 0.0 HD2 74 
   1889 1.0 0.0 HG21 166 
   684 6.71 0.0 HD22 67 
   886 39.8 0.0 CB 83 
   1208 2.43 0.0 HG2 109 
   934 132.9 0.0 CD1 86 
   1976 41.8 0.0 CE 172 
   79 0.94 0.0 HG13 18 
   450 1.98 0.0 HB 48 
   675 2.44 0.0 HB3 66 
   1087 58.3 0.0 CA 98 
   793 2.95 0.0 HE3 76 
   357 24.3 0.0 CD2 40 
   628 133.7 0.0 CE2 62 
   95 7.79 0.0 H 20 
   807 9.24 0.0 H 78 
   1013 129.9 0.0 CE1 92 
   284 8.01 0.0 H 36 
   837 131.9 0.0 CD2 79 
   1771 3.85 0.0 HA 157 
   1673 110.9 0.0 N 148 
   1743 42.6 0.0 CB 154 
   71 21.1 0.0 CG1 17 
   1315 42.9 0.0 CD 119 
   48 4.19 0.0 HA 16 
   1794 18.6 0.0 CG2 158 
   1510 27.0 0.0 CG 135 
   707 2.1 0.0 HB2 69 
   188 22.0 0.0 CG2 26 
   1313 30.5 0.0 CB 119 
   46 121.6 0.0 N 15 
   1688 1.16 0.0 HD22 150 
   882 0.77 0.0 HD21 83 
   749 7.03 0.0 HE3 73 
   276 1.01 0.0 HD22 35 
   342 8.86 0.0 H 40 
   964 128.3 0.0 CZ 88 
   1276 128.2 0.0 N 115 
   199 107.7 0.0 ND2 27 
   1075 60.5 0.0 CA 97 
   1382 22.6 0.0 CD2 125 
   30 64.2 0.0 CA 14 
   128 4.08 0.0 HD3 22 
   1981 2.88 0.0 HB3 173 
   1992 38.6 0.0 CB 174 
   382 29.2 0.0 CB 42 
   84 31.9 0.0 CB 18 
   1242 115.0 0.0 N 112 
   210 4.82 0.0 HA3 29 
   1811 2.55 0.0 HB3 160 
   786 1.44 0.0 HB2 76 
   541 1.31 0.0 HG2 55 
   1317 8.98 0.0 H 120 
   410 8.21 0.0 H 45 
   185 1.25 0.0 HG23 26 
   1936 8.48 0.0 H 170 
   1676 3.16 0.0 HA3 149 
   753 55.4 0.0 CA 73 
   153 1.0 0.0 HD12 24 
   2002 6.84 0.0 HE22 175 
   1261 4.2 0.0 HB 114 
   1662 0.8 0.0 HD11 148 
   2 2.76 0.0 HB2 11 
   1705 2.09 0.0 HG3 152 
   972 122.9 0.0 N 89 
   1729 118.4 0.0 N 153 
   1153 119.5 0.0 N 104 
   2001 7.5 0.0 HE21 175 
   283 119.1 0.0 N 35 
   890 108.0 0.0 N 83 
   1245 1.76 0.0 HB2 113 
   543 1.6 0.0 HD2 55 
   431 8.42 0.0 H 47 
   37 1.87 0.0 HB3 15 
   1841 0.01 0.0 HD12 162 
   107 1.29 0.0 HB 21 
   1999 2.31 0.0 HG2 175 
   1051 50.6 0.0 CD 95 
   1148 2.07 0.0 HG2 104 
   488 131.7 0.0 CD1 50 
   287 3.79 0.0 HB3 36 
   975 1.75 0.0 HB 90 
   227 2.02 0.0 HB3 31 
   311 1.13 0.0 HG23 37 
   1933 30.1 0.0 CB 169 
   377 2.27 0.0 HB2 42 
   1427 129.2 0.0 CZ 129 
   1603 9.24 0.0 H 143 
   1267 20.7 0.0 CG2 114 
   28 1.24 0.0 HG22 14 
   1251 3.12 0.0 HE2 113 
   237 8.17 0.0 H 32 
   1509 30.1 0.0 CB 135 
   963 129.6 0.0 CE2 88 
   1796 115.7 0.0 N 158 
   959 42.6 0.0 CB 88 
   1519 53.4 0.0 CA 136 
   422 111.4 0.0 NE2 45 
   1892 63.3 0.0 CA 166 
   1365 27.0 0.0 CB 124 
   428 62.8 0.0 CA 46 
   814 7.17 0.0 HZ2 78 
   219 3.47 0.0 HD3 30 
   1735 2.08 0.0 HG 154 
   70 32.2 0.0 CB 17 
   1782 1.56 0.0 HB 158 
   1826 57.4 0.0 CA 161 
   1556 2.87 0.0 HE2 139 
   495 2.1 0.0 HB 51 
   660 24.2 0.0 CD2 64 
   314 21.0 0.0 CG1 37 
   935 132.9 0.0 CD2 86 
   1870 2.92 0.0 HE2 164 
   750 7.02 0.0 HZ2 73 
   771 54.9 0.0 CA 74 
   1339 25.6 0.0 CG 122 
   323 6.95 0.0 HE21 38 
   1347 0.7 0.0 HG13 123 
   765 3.22 0.0 HB3 74 
   296 127.0 0.0 CD1 36 
   10 2.32 0.0 HG2 12 
   751 6.65 0.0 HZ3 73 
   1873 34.1 0.0 CB 164 
   1494 1.5 0.0 HB1 134 
   651 0.91 0.0 HD12 64 
   1050 27.0 0.0 CG 95 
   38 1.59 0.0 HG2 15 
   1099 3.44 0.0 HD2 99 
   695 1.69 0.0 HD2 68 
   326 28.0 0.0 CB 38 
   1995 8.36 0.0 H 175 
   1882 108.0 0.0 N 165 
   1678 107.1 0.0 N 149 
   874 8.23 0.0 H 83 
   1298 53.1 0.0 CA 118 
   1429 8.59 0.0 H 130 
   108 0.36 0.0 HG12 21 
   656 54.3 0.0 CA 64 
   582 6.69 0.0 HD21 59 
   1167 27.6 0.0 CG1 105 
   1343 7.91 0.0 H 123 
   857 128.9 0.0 N 80 
   644 118.8 0.0 N 63 
   1759 0.75 0.0 HG11 156 
   713 37.3 0.0 CG 69 
   1331 1.04 0.0 HG2 122 
   1633 58.4 0.0 CA 145 
   1547 48.1 0.0 CD 138 
   1807 49.4 0.0 CD 159 
   1635 26.4 0.0 CG 145 
   1972 56.3 0.0 CA 172 
   1096 2.2 0.0 HB3 99 
   345 1.42 0.0 HB3 40 
   1539 1.47 0.0 HB3 138 
   871 55.4 0.0 CA 82 
   518 4.48 0.0 HA 53 
   1193 4.13 0.0 HA 108 
   1702 1.82 0.0 HB2 152 
   449 3.79 0.0 HA 48 
   347 0.84 0.0 HD11 40 
   721 4.41 0.0 HA 71 
   1016 112.7 0.0 N 92 
   1837 0.81 0.0 HG21 162 
   833 6.69 0.0 HE2 79 
   1851 2.24 0.0 HB2 163 
   216 1.05 0.0 HG2 30 
   1649 8.35 0.0 H 147 
   353 57.5 0.0 CA 40 
   477 119.0 0.0 N 49 
   955 7.18 0.0 HE1 88 
   1937 4.24 0.0 HA 170 
   1585 112.9 0.0 N 141 
   893 0.6 0.0 HB2 84 
   1545 32.6 0.0 CB 138 
   634 1.82 0.0 HB3 63 
   1311 3.21 0.0 HD3 119 
   1701 4.25 0.0 HA 152 
   846 0.64 0.0 HG21 80 
   1386 4.54 0.0 HB 126 
   1321 113.5 0.0 N 120 
   1955 2.09 0.0 HB3 171 
   1471 26.2 0.0 CD2 132 
   1586 10.28 0.0 H 142 
   876 1.57 0.0 HB2 83 
   221 31.7 0.0 CB 30 
   1587 3.92 0.0 HA 142 
   508 3.88 0.0 HA 52 
   1033 0.45 0.0 HD12 94 
   1205 4.3 0.0 HA 109 
   700 31.8 0.0 CB 68 
   1569 6.2 0.0 HD2 140 
   1808 6.55 0.0 H 160 
   940 5.28 0.0 HA 87 
   243 119.3 0.0 N 32 
   1689 1.16 0.0 HD23 150 
   866 126.2 0.0 N 81 
   1326 107.3 0.0 N 121 
   1108 1.25 0.0 HG21 100 
   924 9.53 0.0 H 86 
   1056 1.48 0.0 HG13 96 
   1299 39.5 0.0 CB 118 
   468 2.07 0.0 HB3 49 
   1428 121.3 0.0 N 129 
   480 3.32 0.0 HB2 50 
   447 120.8 0.0 N 47 
   1621 115.4 0.0 N 144 
   1173 1.34 0.0 HB1 106 
   1064 37.7 0.0 CB 96 
   565 1.5 0.0 HB1 57 
   706 4.19 0.0 HA 69 
   759 123.7 0.0 CH2 73 
   1036 36.4 0.0 CB 94 
   999 117.4 0.0 N 91 
   1732 3.58 0.0 HA 154 
   1417 7.05 0.0 HD2 129 
   881 0.82 0.0 HD13 83 
   182 3.96 0.0 HB 26 
   1677 45.7 0.0 CA 149 
   748 9.32 0.0 HE1 73 
   499 0.8 0.0 HG21 51 
   1885 2.17 0.0 HB 166 
   298 114.2 0.0 CZ2 36 
   681 3.07 0.0 HB2 67 
   1250 1.6 0.0 HD3 113 
   328 118.6 0.0 N 38 
   1289 36.0 0.0 CG 117 
   1142 27.9 0.0 CG 103 
   214 1.05 0.0 HB2 30 
   841 8.07 0.0 H 80 
   1582 5.14 0.0 HA2 141 
   711 58.0 0.0 CA 69 
   2007 112.3 0.0 NE2 175 
   1610 120.1 0.0 N 143 
   105 7.66 0.0 H 21 
   1408 30.4 0.0 CB 128 
   1344 3.77 0.0 HA 123 
   317 7.16 0.0 H 38 
   1886 1.0 0.0 HG11 166 
   1964 1.72 0.0 HB2 172 
   491 118.8 0.0 CE2 50 
   1513 7.18 0.0 H 136 
   1442 29.4 0.0 CD 130 
   352 0.86 0.0 HD23 40 
   1671 26.1 0.0 CD1 148 
   858 9.14 0.0 H 81 
   824 117.5 0.0 N 78 
   1524 4.01 0.0 HA 137 
   573 2.55 0.0 HB2 58 
   145 22.0 0.0 CG2 23 
   408 117.8 0.0 CE2 44 
   1712 7.2 0.0 H 153 
   984 58.5 0.0 CA 90 
   160 31.1 0.0 CG 24 
   1686 0.87 0.0 HD13 150 
   1691 42.2 0.0 CB 150 
   1310 3.21 0.0 HD2 119 
   1809 4.33 0.0 HA 160 
   1273 1.43 0.0 HB3 115 
   556 2.93 0.0 HB3 56 
   1655 20.6 0.0 CB 147 
   705 8.77 0.0 H 69 
   1752 1.43 0.0 HB3 155 
   400 7.33 0.0 HD2 44 
   682 3.59 0.0 HB3 67 
   1218 1.35 0.0 HG 110 
   1388 1.41 0.0 HG22 126 
   1431 1.96 0.0 HB2 130 
   1632 0.45 0.0 HD23 145 
   1904 0.95 0.0 HG23 167 
   1196 1.88 0.0 HG2 108 
   91 3.98 0.0 HB3 19 
   730 7.61 0.0 H 72 
   1188 58.3 0.0 CA 107 
   1109 1.25 0.0 HG22 100 
   289 9.86 0.0 HE1 36 
   726 61.7 0.0 CA 71 
   693 1.46 0.0 HG2 68 
   358 120.3 0.0 N 40 
   1765 63.4 0.0 CA 156 
   852 59.6 0.0 CA 80 
   242 40.8 0.0 CB 32 
   1638 121.2 0.0 N 145 
   1820 0.66 0.0 HD11 161 
   757 113.1 0.0 CZ2 73 
   672 7.8 0.0 H 66 
   1822 0.66 0.0 HD13 161 
   136 0.96 0.0 HG11 23 
   359 7.57 0.0 H 41 
   1917 2.09 0.0 HB3 168 
   1931 7.31 0.0 HD2 169 
   430 114.9 0.0 N 46 
   994 2.13 0.0 HG2 91 
   313 31.3 0.0 CB 37 
   1034 0.45 0.0 HD13 94 
   1804 66.3 0.0 CA 159 
   1528 0.66 0.0 HG13 137 
   629 131.9 0.0 CZ 62 
   351 0.86 0.0 HD22 40 
   1058 0.98 0.0 HG22 96 
   1090 133.8 0.0 CD2 98 
   1786 0.42 0.0 HG22 158 
   566 1.5 0.0 HB2 57 
   265 36.3 0.0 CG 34 
   467 1.95 0.0 HB2 49 
   259 2.16 0.0 HB2 34 
   156 1.18 0.0 HD22 24 
   1190 20.0 0.0 CG1 107 
   1259 7.31 0.0 H 114 
   1334 1.73 0.0 HD3 122 
   407 117.8 0.0 CE1 44 
   1700 105.7 0.0 N 151 
   1784 1.49 0.0 HG13 158 
   1774 0.82 0.0 HG2 157 
   436 0.93 0.0 HD11 47 
   220 63.2 0.0 CA 30 
   1282 29.0 0.0 CB 116 
   1387 1.41 0.0 HG21 126 
   294 58.7 0.0 CA 36 
   205 51.9 0.0 CA 28 
   168 1.29 0.0 HG2 25 
   327 33.3 0.0 CG 38 
   797 29.6 0.0 CD 76 
   281 22.8 0.0 CD1 35 
   1006 6.63 0.0 HE1 92 
   547 60.5 0.0 CA 55 
   1390 62.4 0.0 CA 126 
   200 7.02 0.0 H 28 
   1061 0.87 0.0 HD12 96 
   864 34.3 0.0 CB 81 
   165 4.41 0.0 HA 25 
   1912 14.6 0.0 CD1 167 
   533 55.3 0.0 CA 54 
   21 54.2 0.0 CA 13 
   915 1.28 0.0 HD3 85 
   425 3.98 0.0 HB2 46 
   1529 1.08 0.0 HG21 137 
   398 3.25 0.0 HB3 44 
   203 1.47 0.0 HB2 28 
   539 1.91 0.0 HB2 55 
   1983 27.8 0.0 CB 173 
   1877 115.9 0.0 N 164 
   1486 120.1 0.0 CE3 133 
   1224 0.68 0.0 HD23 110 
   1856 6.84 0.0 HE22 163 
   1302 117.4 0.0 CE1 118 
   957 7.05 0.0 HZ 88 
   481 3.32 0.0 HB3 50 
   1939 1.7 0.0 HB3 170 
   779 8.54 0.0 H 75 
   1040 121.6 0.0 N 94 
   689 8.83 0.0 H 68 
   459 65.0 0.0 CA 48 
   961 131.7 0.0 CD2 88 
   1480 7.26 0.0 HZ2 133 
   585 39.9 0.0 CB 59 
   1734 2.04 0.0 HB3 154 
   392 28.4 0.0 CB 43 
   1240 3.79 0.0 HA3 112 
   1817 1.16 0.0 HB2 161 
   331 4.12 0.0 HA 39 
   285 4.72 0.0 HA 36 
   154 1.0 0.0 HD13 24 
   640 54.8 0.0 CA 63 
   1952 8.55 0.0 H 171 
   1157 0.33 0.0 HG12 105 
   1098 1.77 0.0 HG3 99 
   526 110.8 0.0 ND2 53 
   1639 7.93 0.0 H 146 
   798 42.2 0.0 CE 76 
   1614 3.34 0.0 HB3 144 
   910 1.51 0.0 HB2 85 
   1007 6.63 0.0 HE2 92 
   1324 3.93 0.0 HA3 121 
   1812 57.2 0.0 CA 160 
   770 6.92 0.0 HZ 74 
   1393 111.5 0.0 N 126 
   515 36.4 0.0 CG 52 
   115 -0.19 0.0 HD13 21 
   1256 29.1 0.0 CD 113 
   278 56.6 0.0 CA 35 
   1834 1.39 0.0 HB 162 
   1238 8.62 0.0 H 112 
   1746 27.6 0.0 CD2 154 
   27 1.24 0.0 HG21 14 
   1810 2.55 0.0 HB2 160 
   663 4.51 0.0 HA 65 
   1925 121.6 0.0 N 168 
   1916 1.92 0.0 HB2 168 
   1907 0.85 0.0 HD13 167 
   1950 41.8 0.0 CE 170 
   946 34.7 0.0 CB 87 
   616 2.1 0.0 HB2 62 
   1543 3.45 0.0 HD3 138 
   155 1.18 0.0 HD21 24 
   1413 4.07 0.0 HA 129 
   1042 1.84 0.0 HB2 95 
   594 120.0 0.0 N 60 
   754 30.6 0.0 CB 73 
   125 2.1 0.0 HG2 22 
   1422 39.5 0.0 CB 129 
   1381 25.2 0.0 CD1 125 
   1262 1.17 0.0 HG21 114 
   517 8.47 0.0 H 53 
   1233 2.6 0.0 HB2 111 
   571 7.96 0.0 H 58 
   269 1.46 0.0 HB2 35 
   1103 25.1 0.0 CG 99 
   820 119.9 0.0 CE3 78 
   1385 4.28 0.0 HA 126 
   1615 5.82 0.0 HD2 144 
   1751 1.43 0.0 HB2 155 
   332 1.78 0.0 HB2 39 
   181 3.89 0.0 HA 26 
   354 41.3 0.0 CB 40 
   1971 2.95 0.0 HE3 172 
   274 0.91 0.0 HD13 35 
   1602 125.0 0.0 N 142 
   485 6.97 0.0 HE2 50 
   225 4.34 0.0 HA 31 
   652 0.91 0.0 HD13 64 
   1878 7.93 0.0 H 165 
   1072 1.17 0.0 HG21 97 
   1054 1.9 0.0 HB 96 
   1351 -0.19 0.0 HD11 123 
   395 8.83 0.0 H 44 
   141 1.13 0.0 HG23 23 
   908 8.45 0.0 H 85 
   1924 33.7 0.0 CG 168 
   1658 4.51 0.0 HA 148 
   1212 36.8 0.0 CG 109 
   729 107.9 0.0 N 71 
   1515 0.92 0.0 HB2 136 
   1740 1.14 0.0 HD22 154 
   869 2.25 0.0 HB2 82 
   463 13.2 0.0 CD1 48 
   1223 0.68 0.0 HD22 110 
   329 113.9 0.0 NE2 38 
   279 42.7 0.0 CB 35 
   1439 62.3 0.0 CA 130 
   937 117.5 0.0 CE2 86 
   1530 1.08 0.0 HG22 137 
   1185 0.93 0.0 HG21 107 
   1600 23.0 0.0 CD1 142 
   1552 1.26 0.0 HG2 139 
   61 3.95 0.0 HA 17 
   250 3.34 0.0 HD2 33 
   895 1.54 0.0 HG 84 
   94 116.9 0.0 N 19 
   148 4.56 0.0 HA 24 
   1160 0.67 0.0 HG22 105 
   1201 32.3 0.0 CB 108 
   1179 8.02 0.0 H 107 
   587 110.7 0.0 ND2 59 
   494 3.25 0.0 HA 51 
   497 0.78 0.0 HG12 51 
   680 4.76 0.0 HA 67 
   822 120.5 0.0 CZ3 78 
   1275 18.9 0.0 CB 115 
   960 131.7 0.0 CD1 88 
   1536 122.5 0.0 N 137 
   86 22.0 0.0 CG2 18 
   1320 45.5 0.0 CA 120 
   473 57.4 0.0 CA 49 
   948 122.6 0.0 N 87 
   1718 7.08 0.0 HE3 153 
   1132 126.2 0.0 N 102 
   590 2.19 0.0 HB2 60 
   1651 1.22 0.0 HB1 147 
   1044 1.84 0.0 HG2 95 
   1665 0.92 0.0 HD21 148 
   1000 8.46 0.0 H 92 
   983 0.71 0.0 HD13 90 
   887 26.8 0.0 CG 83 
   987 19.5 0.0 CG2 90 
   1215 4.34 0.0 HA 110 
   223 48.9 0.0 CD 30 
   224 8.5 0.0 H 31 
   1437 2.99 0.0 HE2 130 
   443 42.7 0.0 CB 47 
   1616 7.71 0.0 HE1 144 
   146 116.5 0.0 N 23 
   1119 1.08 0.0 HG22 101 
   2006 120.6 0.0 N 175 
   348 0.84 0.0 HD12 40 
   1158 1.15 0.0 HG13 105 
   1929 2.59 0.0 HB2 169 
   1604 3.75 0.0 HA 143 
   1342 118.4 0.0 N 122 
   263 59.6 0.0 CA 34 
   101 56.0 0.0 CA 20 
   967 5.42 0.0 HA 89 
   143 32.8 0.0 CB 23 
   715 7.82 0.0 H 70 
   312 66.4 0.0 CA 37 
   343 3.56 0.0 HA 40 
   996 55.2 0.0 CA 91 
   725 1.1 0.0 HG23 71 
   1118 1.08 0.0 HG21 101 
   1130 49.7 0.0 CA 102 
   441 0.98 0.0 HD23 47 
   300 122.2 0.0 CH2 36 
   1430 3.99 0.0 HA 130 
   12 58.2 0.0 CA 12 
   1555 1.62 0.0 HD3 139 
   1716 7.36 0.0 HD1 153 
   390 2.75 0.0 HG3 43 
   1795 8.6 0.0 CD1 158 
   888 25.2 0.0 CD1 83 
   826 9.23 0.0 H 79 
   809 3.11 0.0 HB2 78 
   918 56.1 0.0 CA 85 
   1432 2.04 0.0 HB3 130 
   1727 119.6 0.0 CZ3 153 
   1891 1.0 0.0 HG23 166 
   1802 3.0 0.0 HD2 159 
   1358 13.5 0.0 CD1 123 
   1337 55.1 0.0 CA 122 
   1942 1.6 0.0 HD2 170 
   1011 131.3 0.0 CD1 92 
   1926 112.3 0.0 NE2 168 
   1229 22.5 0.0 CD2 110 
   942 1.9 0.0 HB3 87 
   1475 2.49 0.0 HB2 133 
   904 25.9 0.0 CG 84 
   40 3.21 0.0 HD2 15 
   949 9.09 0.0 H 88 
   1779 117.5 0.0 N 157 
   1237 119.9 0.0 N 111 
   1975 29.1 0.0 CD 172 
   1186 0.93 0.0 HG22 107 
   1750 1.43 0.0 HB1 155 
   1481 7.04 0.0 HZ3 133 
   1384 8.22 0.0 H 126 
   1695 125.1 0.0 N 150 
   546 2.84 0.0 HE3 55 
   688 110.7 0.0 ND2 67 
   1296 6.74 0.0 HE1 118 
   1731 8.68 0.0 H 154 
   1728 122.7 0.0 CH2 153 
   1918 2.32 0.0 HG2 168 
   1738 0.88 0.0 HD13 154 
   664 1.55 0.0 HB2 65 
   22 18.5 0.0 CB 13 
   1182 0.58 0.0 HG11 107 
   1778 34.2 0.0 CG 157 
   1832 8.16 0.0 H 162 
   1944 2.96 0.0 HE2 170 
   1895 21.8 0.0 CG2 166 
   1909 40.7 0.0 CB 167 
   1825 0.73 0.0 HD23 161 
   1994 112.7 0.0 ND2 174 
   1974 24.7 0.0 CG 172 
   365 1.74 0.0 HD2 41 
   1441 26.5 0.0 CG 130 
   135 2.37 0.0 HB 23 
   1949 29.2 0.0 CD 170 
   1846 16.7 0.0 CG2 162 
   1024 8.43 0.0 H 94 
   1596 0.37 0.0 HD23 142 
   458 0.92 0.0 HD13 48 
   1988 2.83 0.0 HB3 174 
   1086 7.33 0.0 HE2 98 
   790 1.55 0.0 HD2 76 
   1461 0.93 0.0 HD11 132 
   727 69.3 0.0 CB 71 
   175 35.9 0.0 CB 25 
   1234 2.72 0.0 HB3 111 
   1943 1.6 0.0 HD3 170 
   650 0.91 0.0 HD11 64 
   1271 1.43 0.0 HB1 115 
   1246 1.82 0.0 HB3 113 
   974 5.66 0.0 HA 90 
   496 0.78 0.0 HG11 51 
   201 4.74 0.0 HA 28 
   836 131.9 0.0 CD1 79 
   1970 2.95 0.0 HE2 172 
   1838 0.81 0.0 HG22 162 
   1248 1.36 0.0 HG3 113 
   1790 0.18 0.0 HD13 158 
   1584 44.0 0.0 CA 141 
   1473 8.49 0.0 H 133 
   1466 1.04 0.0 HD23 132 
   1859 33.7 0.0 CG 163 
   1350 -0.36 0.0 HG23 123 
   978 1.02 0.0 HG21 90 
   816 6.84 0.0 HH2 78 
   457 0.92 0.0 HD12 48 
   405 131.7 0.0 CD1 44 
   1575 127.3 0.0 CD1 140 
   118 27.5 0.0 CG1 21 
   659 24.3 0.0 CD1 64 
   1745 23.0 0.0 CD1 154 
   1280 2.0 0.0 HB3 116 
   4 54.1 0.0 CA 11 
   54 3.21 0.0 HD3 16 
   555 2.93 0.0 HB2 56 
   1675 4.05 0.0 HA2 149 
   1969 1.65 0.0 HD3 172 
   958 56.0 0.0 CA 88 
   988 14.6 0.0 CD1 90 
   386 4.33 0.0 HA 43 
   1129 0.01 0.0 HB3 102 
   290 7.31 0.0 HE3 36 
   1863 4.19 0.0 HA 164 
   1161 0.67 0.0 HG23 105 
   58 43.2 0.0 CD 16 
   742 123.7 0.0 N 72 
   1739 1.14 0.0 HD21 154 
   297 122.1 0.0 CE3 36 
   179 116.8 0.0 N 25 
   1438 2.99 0.0 HE3 130 
   610 120.2 0.0 CZ3 61 
   333 2.31 0.0 HB3 39 
   1367 8.42 0.0 H 125 
   1776 57.3 0.0 CA 157 
   434 2.21 0.0 HB3 47 
   1483 61.0 0.0 CA 133 
   1721 6.62 0.0 HH2 153 
   1532 60.5 0.0 CA 137 
   391 58.5 0.0 CA 43 
   1353 -0.19 0.0 HD13 123 
   1436 1.74 0.0 HD3 130 
   1128 0.01 0.0 HB2 102 
   1815 7.82 0.0 H 161 
   898 0.41 0.0 HD13 84 
   129 63.3 0.0 CA 22 
   90 3.98 0.0 HB2 19 
   1875 29.2 0.0 CD 164 
   1977 122.0 0.0 N 172 
   1708 64.6 0.0 CA 152 
   1053 3.78 0.0 HA 96 
   122 4.51 0.0 HA 22 
   1378 54.2 0.0 CA 125 
   1468 41.9 0.0 CB 132 
   1389 1.41 0.0 HG23 126 
   562 112.3 0.0 ND2 56 
   1319 3.69 0.0 HA3 120 
   534 36.9 0.0 CB 54 
   1335 2.91 0.0 HE2 122 
   238 4.9 0.0 HA 32 
   732 1.63 0.0 HB2 72 
   69 64.5 0.0 CA 17 
   1636 25.8 0.0 CD1 145 
   1060 0.87 0.0 HD11 96 
   1913 112.3 0.0 N 167 
   149 1.51 0.0 HB2 24 
   1707 3.6 0.0 HD3 152 
   379 2.4 0.0 HG2 42 
   1521 116.3 0.0 N 136 
   387 2.22 0.0 HB2 43 
   1590 1.64 0.0 HG 142 
   232 56.1 0.0 CA 31 
   1395 4.38 0.0 HA 127 
   1102 33.2 0.0 CB 99 
   1369 1.43 0.0 HB2 125 
   1069 7.01 0.0 H 97 
   1266 68.6 0.0 CB 114 
   1104 49.5 0.0 CD 99 
   643 42.6 0.0 CD 63 
   1116 4.28 0.0 HA 101 
   433 1.79 0.0 HB2 47 
   1450 3.64 0.0 HD2 131 
   1588 0.74 0.0 HB2 142 
   739 32.8 0.0 CB 72 
   825 131.3 0.0 NE1 78 
   1711 51.4 0.0 CD 152 
   1452 65.5 0.0 CA 131 
   928 7.33 0.0 HD1 86 
   563 7.52 0.0 H 57 
   593 40.5 0.0 CB 60 
   1214 7.93 0.0 H 110 
   611 123.3 0.0 CH2 61 
   1764 0.93 0.0 HG23 156 
   1066 18.1 0.0 CG2 96 
   92 60.1 0.0 CA 19 
   1330 1.47 0.0 HB3 122 
   1370 1.68 0.0 HB3 125 
   1844 38.3 0.0 CB 162 
   144 18.2 0.0 CG1 23 
   291 7.92 0.0 HZ2 36 
   939 8.12 0.0 H 87 
   1105 8.2 0.0 H 100 
   620 5.55 0.0 HE1 62 
   209 3.95 0.0 HA2 29 
   601 7.9 0.0 HE3 61 
   1448 1.99 0.0 HG2 131 
   878 1.45 0.0 HG 83 
   544 1.6 0.0 HD3 55 
   854 27.8 0.0 CG1 80 
   1710 28.3 0.0 CG 152 
   870 2.87 0.0 HB3 82 
   1328 4.58 0.0 HA 122 
   1938 1.7 0.0 HB2 170 
   1327 7.0 0.0 H 122 
   920 25.6 0.0 CG 85 
   337 2.71 0.0 HD3 39 
   734 1.5 0.0 HG2 72 
   13 29.4 0.0 CB 12 
   1548 8.76 0.0 H 139 
   55 57.8 0.0 CA 16 
   190 9.34 0.0 H 27 
   1470 23.5 0.0 CD1 132 
   1181 1.96 0.0 HB 107 
   903 43.1 0.0 CB 84 
   1485 126.6 0.0 CD1 133 
   1079 7.67 0.0 H 98 
   1696 9.07 0.0 H 151 
   1923 31.6 0.0 CB 168 
   1014 129.9 0.0 CE2 92 
   272 0.91 0.0 HD11 35 
   921 29.2 0.0 CD 85 
   1900 0.81 0.0 HG12 167 
   805 32.7 0.0 CB 77 
   557 7.04 0.0 HD21 56 
   683 7.79 0.0 HD21 67 
   971 41.3 0.0 CB 89 
   1479 7.41 0.0 HE3 133 
   420 34.2 0.0 CG 45 
   309 1.13 0.0 HG21 37 
   1720 6.36 0.0 HZ3 153 
   1785 0.42 0.0 HG21 158 
   687 116.8 0.0 N 67 
   1591 -0.51 0.0 HD11 142 
   703 41.8 0.0 CE 68 
   1071 4.67 0.0 HB 97 
   252 58.8 0.0 CA 33 
   478 8.25 0.0 H 50 
   1634 42.1 0.0 CB 145 
   1354 61.9 0.0 CA 123 
   694 1.46 0.0 HG3 68 
   1162 0.43 0.0 HD11 105 
   330 8.2 0.0 H 39 
   501 0.8 0.0 HG23 51 
   1626 1.11 0.0 HG 145 
   1704 1.84 0.0 HG2 152 
   65 1.01 0.0 HG13 17 
   81 1.01 0.0 HG22 18 
   1200 66.4 0.0 CA 108 
   1816 3.88 0.0 HA 161 
   1647 32.2 0.0 CG 146 
   1780 7.94 0.0 H 158 
   111 0.18 0.0 HG22 21 
   1433 1.42 0.0 HG2 130 
   1887 1.0 0.0 HG12 166 
   1260 4.63 0.0 HA 114 
   1355 37.5 0.0 CB 123 
   261 2.42 0.0 HG2 34 
   424 4.12 0.0 HA 46 
   444 27.4 0.0 CG 47 
   997 33.5 0.0 CB 91 
   435 1.91 0.0 HG 47 
   1140 61.6 0.0 CA 103 
   151 1.7 0.0 HG 24 
   1962 8.44 0.0 H 172 
   818 32.6 0.0 CB 78 
   509 2.1 0.0 HB2 52 
   440 0.98 0.0 HD22 47 
   161 27.0 0.0 CD1 24 
   380 2.69 0.0 HG3 42 
   1560 25.7 0.0 CG 139 
   1772 0.27 0.0 HB2 157 
   1618 29.7 0.0 CB 144 
   464 118.5 0.0 N 48 
   891 7.9 0.0 H 84 
   196 51.1 0.0 CA 27 
   1022 43.0 0.0 CB 93 
   1654 55.8 0.0 CA 147 
   966 8.46 0.0 H 89 
   197 36.8 0.0 CB 27 
   1411 114.8 0.0 N 128 
   124 2.46 0.0 HB3 22 
   2005 33.7 0.0 CG 175 
   865 119.9 0.0 CD2 81 
   642 26.9 0.0 CG 63 
   1423 131.7 0.0 CD1 129 
   1797 3.52 0.0 HA 159 
   612 121.9 0.0 N 61 
   1800 1.71 0.0 HG2 159 
   1081 2.76 0.0 HB2 98 
   1279 2.0 0.0 HB2 116 
   1669 43.3 0.0 CB 148 
   178 41.8 0.0 CE 25 
   1553 1.46 0.0 HG3 139 
   842 5.13 0.0 HA 80 
   1579 130.1 0.0 CZ 140 
   1235 56.4 0.0 CA 111 
   3 2.76 0.0 HB3 11 
   717 3.53 0.0 HA3 70 
   621 5.55 0.0 HE2 62 
   1922 54.4 0.0 CA 168 
   1911 18.1 0.0 CG2 167 
   1015 127.8 0.0 CZ 92 
   1484 27.6 0.0 CB 133 
   1756 6.91 0.0 H 156 
   745 1.04 0.0 HB2 73 
   1177 21.6 0.0 CB 106 
   847 0.64 0.0 HG22 80 
   760 125.1 0.0 N 73 
   1149 2.24 0.0 HG3 104 
   1488 123.0 0.0 CZ3 133 
   1288 1.89 0.0 HE3 117 
   506 118.9 0.0 N 51 
   1421 62.4 0.0 CA 129 
   1211 30.2 0.0 CB 109 
   1125 7.94 0.0 H 102 
   1204 9.68 0.0 H 109 
   1535 22.9 0.0 CG2 137 
   255 43.1 0.0 CD 33 
   1111 67.1 0.0 CA 100 
   23 122.6 0.0 N 13 
   452 1.86 0.0 HG13 48 
   1641 2.2 0.0 HB2 146 
   486 58.8 0.0 CA 50 
   384 119.4 0.0 N 42 
   929 7.33 0.0 HD2 86 
   1793 28.2 0.0 CG1 158 
   800 9.17 0.0 H 77 
