   1987 2.77 0.0 HB2 174 
   1514 4.26 0.0 HA 136 
   653 0.91 0.0 HD21 64 
   1704 1.84 0.0 HG2 152 
   1705 2.09 0.0 HG3 152 
   229 1.65 0.0 HG3 31 
   1155 3.79 0.0 HA 105 
   1661 1.64 0.0 HG 148 
   203 1.47 0.0 HB2 28 
   1243 8.33 0.0 H 113 
   1165 62.8 0.0 CA 105 
   1837 0.81 0.0 HG21 162 
   1832 8.16 0.0 H 162 
   1013 129.9 0.0 CE1 92 
   330 8.2 0.0 H 39 
   1055 1.32 0.0 HG12 96 
   1412 7.96 0.0 H 129 
   474 29.4 0.0 CB 49 
   250 3.34 0.0 HD2 33 
   1870 2.92 0.0 HE2 164 
   404 37.9 0.0 CB 44 
   1306 1.79 0.0 HB2 119 
   916 2.27 0.0 HE2 85 
   268 4.34 0.0 HA 35 
   1800 1.71 0.0 HG2 159 
   1999 2.31 0.0 HG2 175 
   1610 120.1 0.0 N 143 
   1575 127.3 0.0 CD1 140 
   1907 0.85 0.0 HD13 167 
   1829 26.1 0.0 CD1 161 
   1791 63.4 0.0 CA 158 
   1077 22.0 0.0 CG2 97 
   1063 64.5 0.0 CA 96 
   1449 2.12 0.0 HG3 131 
   896 0.41 0.0 HD11 84 
   1757 3.87 0.0 HA 156 
   403 62.3 0.0 CA 44 
   1627 -0.05 0.0 HD11 145 
   934 132.9 0.0 CD1 86 
   452 1.86 0.0 HG13 48 
   1593 -0.51 0.0 HD13 142 
   589 4.4 0.0 HA 60 
   1179 8.02 0.0 H 107 
   1326 107.3 0.0 N 121 
   1005 6.51 0.0 HD2 92 
   311 1.13 0.0 HG23 37 
   322 2.45 0.0 HG3 38 
   517 8.47 0.0 H 53 
   316 116.1 0.0 N 37 
   1636 25.8 0.0 CD1 145 
   1340 28.9 0.0 CD 122 
   1194 2.03 0.0 HB2 108 
   1230 116.5 0.0 N 110 
   1456 6.93 0.0 H 132 
   19 1.47 0.0 HB2 13 
   213 2.52 0.0 HA 30 
   578 8.55 0.0 H 59 
   451 1.26 0.0 HG12 48 
   323 6.95 0.0 HE21 38 
   499 0.8 0.0 HG21 51 
   1289 36.0 0.0 CG 117 
   1135 2.45 0.0 HB3 103 
   1132 126.2 0.0 N 102 
   1153 119.5 0.0 N 104 
   946 34.7 0.0 CB 87 
   447 120.8 0.0 N 47 
   829 3.01 0.0 HB3 79 
   1071 4.67 0.0 HB 97 
   606 29.6 0.0 CB 61 
   1382 22.6 0.0 CD2 125 
   144 18.2 0.0 CG1 23 
   630 115.3 0.0 N 62 
   1078 103.6 0.0 N 97 
   1124 114.3 0.0 N 101 
   239 3.17 0.0 HB2 32 
   1348 -0.36 0.0 HG21 123 
   744 4.72 0.0 HA 73 
   393 34.7 0.0 CG 43 
   1498 18.5 0.0 CB 134 
   1736 0.88 0.0 HD11 154 
   1281 56.2 0.0 CA 116 
   1789 0.18 0.0 HD12 158 
   958 56.0 0.0 CA 88 
   932 57.5 0.0 CA 86 
   1851 2.24 0.0 HB2 163 
   883 0.77 0.0 HD22 83 
   247 2.12 0.0 HB3 33 
   1446 1.83 0.0 HB2 131 
   1614 3.34 0.0 HB3 144 
   225 4.34 0.0 HA 31 
   1468 41.9 0.0 CB 132 
   1618 29.7 0.0 CB 144 
   531 4.55 0.0 HD21 54 
   1587 3.92 0.0 HA 142 
   197 36.8 0.0 CB 27 
   1676 3.16 0.0 HA3 149 
   63 1.01 0.0 HG11 17 
   1988 2.83 0.0 HB3 174 
   779 8.54 0.0 H 75 
   1315 42.9 0.0 CD 119 
   975 1.75 0.0 HB 90 
   1666 0.92 0.0 HD22 148 
   155 1.18 0.0 HD21 24 
   104 119.8 0.0 N 20 
   344 0.97 0.0 HB2 40 
   1424 131.7 0.0 CD2 129 
   983 0.71 0.0 HD13 90 
   42 58.2 0.0 CA 15 
   1058 0.98 0.0 HG22 96 
   366 1.74 0.0 HD3 41 
   1582 5.14 0.0 HA2 141 
   1934 120.5 0.0 CD2 169 
   732 1.63 0.0 HB2 72 
   1595 0.37 0.0 HD22 142 
   2004 29.2 0.0 CB 175 
   654 0.91 0.0 HD22 64 
   1050 27.0 0.0 CG 95 
   1283 119.1 0.0 N 116 
   34 8.07 0.0 H 15 
   334 1.47 0.0 HG2 39 
   1241 45.8 0.0 CA 112 
   321 2.45 0.0 HG2 38 
   1923 31.6 0.0 CB 168 
   1957 2.2 0.0 HG3 171 
   302 125.7 0.0 NE1 36 
   306 0.99 0.0 HG11 37 
   819 125.9 0.0 CD1 78 
   646 5.07 0.0 HA 64 
   107 1.29 0.0 HB 21 
   1763 0.93 0.0 HG22 156 
   455 0.97 0.0 HG23 48 
   1724 127.0 0.0 CD1 153 
   379 2.4 0.0 HG2 42 
   1689 1.16 0.0 HD23 150 
   1122 69.9 0.0 CB 101 
   1823 0.73 0.0 HD21 161 
   864 34.3 0.0 CB 81 
   1274 52.6 0.0 CA 115 
   825 131.3 0.0 NE1 78 
   830 6.96 0.0 HD1 79 
   1960 36.0 0.0 CG 171 
   1323 3.93 0.0 HA2 121 
   1596 0.37 0.0 HD23 142 
   996 55.2 0.0 CA 91 
   491 118.8 0.0 CE2 50 
   1733 1.24 0.0 HB2 154 
   209 3.95 0.0 HA2 29 
   332 1.78 0.0 HB2 39 
   1679 7.83 0.0 H 150 
   912 1.18 0.0 HG2 85 
   453 0.97 0.0 HG21 48 
   1222 0.68 0.0 HD21 110 
   361 2.06 0.0 HB2 41 
   388 2.34 0.0 HB3 43 
   4 54.1 0.0 CA 11 
   1146 1.71 0.0 HB2 104 
   1432 2.04 0.0 HB3 130 
   616 2.1 0.0 HB2 62 
   1492 8.33 0.0 H 134 
   1392 21.7 0.0 CG2 126 
   1767 21.1 0.0 CG1 156 
   1686 0.87 0.0 HD13 150 
   458 0.92 0.0 HD13 48 
   1570 6.77 0.0 HE1 140 
   260 2.16 0.0 HB3 34 
   659 24.3 0.0 CD1 64 
   1780 7.94 0.0 H 158 
   658 27.3 0.0 CG 64 
   307 0.99 0.0 HG12 37 
   482 7.26 0.0 HD1 50 
   355 26.0 0.0 CG 40 
   201 4.74 0.0 HA 28 
   466 4.23 0.0 HA 49 
   1428 121.3 0.0 N 129 
   786 1.44 0.0 HB2 76 
   1597 57.5 0.0 CA 142 
   1046 3.51 0.0 HD2 95 
   1710 28.3 0.0 CG 152 
   780 4.93 0.0 HA2 75 
   558 7.75 0.0 HD22 56 
   687 116.8 0.0 N 67 
   1360 7.71 0.0 H 124 
   990 8.61 0.0 H 91 
   1018 5.58 0.0 HA 93 
   364 1.73 0.0 HG3 41 
   279 42.7 0.0 CB 35 
   202 1.47 0.0 HB1 28 
   1675 4.05 0.0 HA2 149 
   924 9.53 0.0 H 86 
   1271 1.43 0.0 HB1 115 
   1008 6.45 0.0 HZ 92 
   536 104.6 0.0 ND2 54 
   1477 6.93 0.0 HD1 133 
   1180 4.9 0.0 HA 107 
   652 0.91 0.0 HD13 64 
   416 7.61 0.0 HE21 45 
   1709 32.1 0.0 CB 152 
   1163 0.43 0.0 HD12 105 
   1986 4.67 0.0 HA 174 
   981 0.71 0.0 HD11 90 
