   22 18.5 0.0 CB 13 
   460 37.8 0.0 CB 48 
   189 121.3 0.0 N 26 
   943 2.0 0.0 HG2 87 
   1790 0.18 0.0 HD13 158 
   456 0.92 0.0 HD11 48 
   876 1.57 0.0 HB2 83 
   912 1.18 0.0 HG2 85 
   696 1.69 0.0 HD3 68 
   712 29.6 0.0 CB 69 
   1402 4.57 0.0 HA 128 
   386 4.33 0.0 HA 43 
   768 7.0 0.0 HE1 74 
   1307 1.79 0.0 HB3 119 
   1161 0.67 0.0 HG23 105 
   1436 1.74 0.0 HD3 130 
   1502 1.71 0.0 HB2 135 
   665 1.81 0.0 HB3 65 
   278 56.6 0.0 CA 35 
   430 114.9 0.0 N 46 
   1451 3.77 0.0 HD3 131 
   1143 49.2 0.0 CD 103 
   1199 3.77 0.0 HD3 108 
   356 24.3 0.0 CD1 40 
   134 4.44 0.0 HA 23 
   851 0.82 0.0 HD13 80 
   474 29.4 0.0 CB 49 
   1908 59.4 0.0 CA 167 
   1388 1.41 0.0 HG22 126 
   1712 7.2 0.0 H 153 
   161 27.0 0.0 CD1 24 
   1913 112.3 0.0 N 167 
   1190 20.0 0.0 CG1 107 
   1400 122.0 0.0 N 127 
   227 2.02 0.0 HB3 31 
   367 2.96 0.0 HE2 41 
   817 56.7 0.0 CA 78 
   628 133.7 0.0 CE2 62 
   1006 6.63 0.0 HE1 92 
   1196 1.88 0.0 HG2 108 
   481 3.32 0.0 HB3 50 
   731 5.02 0.0 HA 72 
   232 56.1 0.0 CA 31 
   1192 119.5 0.0 N 107 
   1308 1.58 0.0 HG2 119 
   838 117.3 0.0 CE1 79 
   1130 49.7 0.0 CA 102 
   1145 4.26 0.0 HA 104 
   587 110.7 0.0 ND2 59 
   1136 1.32 0.0 HG2 103 
   78 0.94 0.0 HG12 18 
   644 118.8 0.0 N 63 
   1490 120.6 0.0 N 133 
   1094 3.55 0.0 HA 99 
   559 55.3 0.0 CA 56 
   197 36.8 0.0 CB 27 
   243 119.3 0.0 N 32 
   1058 0.98 0.0 HG22 96 
   679 8.15 0.0 H 67 
   761 127.0 0.0 NE1 73 
   1033 0.45 0.0 HD12 94 
   677 66.8 0.0 CB 66 
   404 37.9 0.0 CB 44 
   810 3.29 0.0 HB3 78 
   1926 112.3 0.0 NE2 168 
   807 9.24 0.0 H 78 
   337 2.71 0.0 HD3 39 
   661 123.1 0.0 N 64 
   1503 1.86 0.0 HB3 135 
   569 19.0 0.0 CB 57 
   202 1.47 0.0 HB1 28 
   147 9.12 0.0 H 24 
   1909 40.7 0.0 CB 167 
   649 1.83 0.0 HG 64 
   354 41.3 0.0 CB 40 
   1147 1.85 0.0 HB3 104 
   366 1.74 0.0 HD3 41 
   553 8.2 0.0 H 56 
   1504 1.59 0.0 HG2 135 
   36 1.87 0.0 HB2 15 
   2007 112.3 0.0 NE2 175 
   1813 41.7 0.0 CB 160 
   1895 21.8 0.0 CG2 166 
   392 28.4 0.0 CB 43 
   1206 2.17 0.0 HB2 109 
   527 8.75 0.0 H 54 
   970 54.7 0.0 CA 89 
   723 1.1 0.0 HG21 71 
   896 0.41 0.0 HD11 84 
   1204 9.68 0.0 H 109 
   672 7.8 0.0 H 66 
   1928 4.05 0.0 HA 169 
   472 3.42 0.0 HD3 49 
   415 2.64 0.0 HG3 45 
   1233 2.6 0.0 HB2 111 
   1523 6.64 0.0 H 137 
   2000 2.31 0.0 HG3 175 
   1298 53.1 0.0 CA 118 
   1267 20.7 0.0 CG2 114 
   355 26.0 0.0 CG 40 
   1937 4.24 0.0 HA 170 
   1511 43.4 0.0 CD 135 
   242 40.8 0.0 CB 32 
   185 1.25 0.0 HG23 26 
   1829 26.1 0.0 CD1 161 
   1349 -0.36 0.0 HG22 123 
   883 0.77 0.0 HD22 83 
   1795 8.6 0.0 CD1 158 
   1622 8.62 0.0 H 145 
   1158 1.15 0.0 HG13 105 
   143 32.8 0.0 CB 23 
   1936 8.48 0.0 H 170 
   480 3.32 0.0 HB2 50 
   23 122.6 0.0 N 13 
   555 2.93 0.0 HB2 56 
   1027 1.78 0.0 HG12 94 
   1954 1.93 0.0 HB2 171 
   1877 115.9 0.0 N 164 
   447 120.8 0.0 N 47 
   1102 33.2 0.0 CB 99 
   856 12.7 0.0 CD1 80 
   4 54.1 0.0 CA 11 
   1339 25.6 0.0 CG 122 
   182 3.96 0.0 HB 26 
   1562 41.9 0.0 CE 139 
   1533 33.3 0.0 CB 137 
   1969 1.65 0.0 HD3 172 
   1680 4.08 0.0 HA 150 
   240 3.09 0.0 HB3 32 
   1386 4.54 0.0 HB 126 
   1148 2.07 0.0 HG2 104 
   59 120.5 0.0 N 16 
   1674 7.41 0.0 H 149 
   445 25.4 0.0 CD1 47 
   1257 42.5 0.0 CE 113 
   1529 1.08 0.0 HG21 137 
   771 54.9 0.0 CA 74 
   976 0.84 0.0 HG12 90 
   1495 1.5 0.0 HB2 134 
   1656 120.5 0.0 N 147 
   1955 2.09 0.0 HB3 171 
   216 1.05 0.0 HG2 30 
   1863 4.19 0.0 HA 164 
   1370 1.68 0.0 HB3 125 
   597 2.65 0.0 HB2 61 
   1111 67.1 0.0 CA 100 
   1368 4.45 0.0 HA 125 
   1128 0.01 0.0 HB2 102 
   1972 56.3 0.0 CA 172 
   680 4.76 0.0 HA 67 
   1269 8.73 0.0 H 115 
   1047 3.51 0.0 HD3 95 
   606 29.6 0.0 CB 61 
   1181 1.96 0.0 HB 107 
   207 123.5 0.0 N 28 
   1142 27.9 0.0 CG 103 
   1858 27.9 0.0 CB 163 
   393 34.7 0.0 CG 43 
   1804 66.3 0.0 CA 159 
   1959 31.0 0.0 CB 171 
   1156 1.26 0.0 HB 105 
   1144 8.6 0.0 H 104 
   877 2.1 0.0 HB3 83 
   1242 115.0 0.0 N 112 
   1483 61.0 0.0 CA 133 
   799 121.3 0.0 N 76 
   1446 1.83 0.0 HB2 131 
   1509 30.1 0.0 CB 135 
   1397 2.68 0.0 HB3 127 
   845 1.57 0.0 HG13 80 
   1208 2.43 0.0 HG2 109 
   588 8.49 0.0 H 60 
   1105 8.2 0.0 H 100 
   1705 2.09 0.0 HG3 152 
   1123 21.0 0.0 CG2 101 
   1003 3.68 0.0 HB3 92 
   746 2.21 0.0 HB3 73 
   303 7.5 0.0 H 37 
   504 23.6 0.0 CG1 51 
   333 2.31 0.0 HB3 39 
   1632 0.45 0.0 HD23 145 
   506 118.9 0.0 N 51 
   1857 58.8 0.0 CA 163 
   972 122.9 0.0 N 89 
   1927 8.65 0.0 H 169 
   357 24.3 0.0 CD2 40 
   1836 1.33 0.0 HG13 162 
   165 4.41 0.0 HA 25 
   109 1.61 0.0 HG13 21 
   624 40.9 0.0 CB 62 
   1892 63.3 0.0 CA 166 
   1 4.65 0.0 HA 11 
   1378 54.2 0.0 CA 125 
   1783 0.82 0.0 HG12 158 
   1001 4.95 0.0 HA 92 
   627 133.7 0.0 CE1 62 
   990 8.61 0.0 H 91 
   1614 3.34 0.0 HB3 144 
   83 64.2 0.0 CA 18 
   1957 2.2 0.0 HG3 171 
   1243 8.33 0.0 H 113 
   341 121.0 0.0 N 39 
   113 -0.19 0.0 HD11 21 
   873 131.6 0.0 N 82 
   495 2.1 0.0 HB 51 
   762 8.53 0.0 H 74 
   885 57.1 0.0 CA 83 
   373 42.2 0.0 CE 41 
   1889 1.0 0.0 HG21 166 
   71 21.1 0.0 CG1 17 
   1861 111.2 0.0 NE2 163 
   1290 18.0 0.0 CE 117 
   1991 53.2 0.0 CA 174 
   1304 8.4 0.0 H 119 
   1407 57.1 0.0 CA 128 
   666 1.89 0.0 HG2 65 
   691 1.81 0.0 HB2 68 
   1647 32.2 0.0 CG 146 
   775 130.0 0.0 CE1 74 
   320 2.23 0.0 HB3 38 
   1773 0.96 0.0 HB3 157 
   466 4.23 0.0 HA 49 
   1977 122.0 0.0 N 172 
   1574 36.4 0.0 CB 140 
   119 17.2 0.0 CG2 21 
   136 0.96 0.0 HG11 23 
   210 4.82 0.0 HA3 29 
   1303 117.4 0.0 CE2 118 
   112 0.18 0.0 HG23 21 
   1241 45.8 0.0 CA 112 
   907 121.8 0.0 N 84 
   804 55.2 0.0 CA 77 
   1971 2.95 0.0 HE3 172 
   1800 1.71 0.0 HG2 159 
   1818 1.9 0.0 HB3 161 
   1281 56.2 0.0 CA 116 
   297 122.1 0.0 CE3 36 
   898 0.41 0.0 HD13 84 
   833 6.69 0.0 HE2 79 
   1099 3.44 0.0 HD2 99 
   794 53.9 0.0 CA 76 
   674 0.91 0.0 HB2 66 
   1154 8.55 0.0 H 105 
   468 2.07 0.0 HB3 49 
   1448 1.99 0.0 HG2 131 
   63 1.01 0.0 HG11 17 
   841 8.07 0.0 H 80 
   1757 3.87 0.0 HA 156 
   798 42.2 0.0 CE 76 
   277 1.01 0.0 HD23 35 
   1873 34.1 0.0 CB 164 
   1646 31.6 0.0 CB 146 
   1602 125.0 0.0 N 142 
   462 17.0 0.0 CG2 48 
   1624 1.42 0.0 HB2 145 
   1441 26.5 0.0 CG 130 
   171 1.6 0.0 HD3 25 
   1819 1.91 0.0 HG 161 
   1374 0.13 0.0 HD13 125 
   247 2.12 0.0 HB3 33 
   1396 2.61 0.0 HB2 127 
   1854 2.49 0.0 HG3 163 
   1095 1.45 0.0 HB2 99 
   315 22.1 0.0 CG2 37 
   156 1.18 0.0 HD22 24 
   832 6.69 0.0 HE1 79 
   571 7.96 0.0 H 58 
   741 43.1 0.0 CD 72 
   485 6.97 0.0 HE2 50 
   1769 113.1 0.0 N 156 
   1816 3.88 0.0 HA 161 
   111 0.18 0.0 HG22 21 
   49 1.9 0.0 HB2 16 
   1445 4.38 0.0 HA 131 
   1999 2.31 0.0 HG2 175 
   1336 2.91 0.0 HE3 122 
   708 2.23 0.0 HB3 69 
   439 0.98 0.0 HD21 47 
   1474 3.57 0.0 HA 133 
   580 2.37 0.0 HB2 59 
   619 5.47 0.0 HD2 62 
   1567 2.06 0.0 HB3 140 
   483 7.26 0.0 HD2 50 
   1741 1.14 0.0 HD23 154 
   1356 24.8 0.0 CG1 123 
   1761 0.75 0.0 HG13 156 
   562 112.3 0.0 ND2 56 
   1335 2.91 0.0 HE2 122 
   1120 1.08 0.0 HG23 101 
   937 117.5 0.0 CE2 86 
   256 121.0 0.0 N 33 
   1514 4.26 0.0 HA 136 
   312 66.4 0.0 CA 37 
   1890 1.0 0.0 HG22 166 
   1404 3.23 0.0 HB3 128 
   1897 6.85 0.0 H 167 
   622 5.65 0.0 HZ 62 
   793 2.95 0.0 HE3 76 
   1878 7.93 0.0 H 165 
   442 58.8 0.0 CA 47 
   1704 1.84 0.0 HG2 152 
   991 5.29 0.0 HA 91 
   1379 41.7 0.0 CB 125 
   1951 123.6 0.0 N 170 
   42 58.2 0.0 CA 15 
   1182 0.58 0.0 HG11 107 
   95 7.79 0.0 H 20 
   1787 0.42 0.0 HG23 158 
   1382 22.6 0.0 CD2 125 
   1286 1.89 0.0 HE1 117 
   1875 29.2 0.0 CD 164 
   1498 18.5 0.0 CB 134 
   1626 1.11 0.0 HG 145 
   618 5.47 0.0 HD1 62 
   1422 39.5 0.0 CB 129 
   603 6.87 0.0 HZ3 61 
   766 6.87 0.0 HD1 74 
   1565 4.03 0.0 HA 140 
   1155 3.79 0.0 HA 105 
   1114 122.2 0.0 N 100 
   1832 8.16 0.0 H 162 
   1276 128.2 0.0 N 115 
   443 42.7 0.0 CB 47 
   513 59.7 0.0 CA 52 
   478 8.25 0.0 H 50 
   228 1.58 0.0 HG2 31 
   1990 6.91 0.0 HD22 174 
   726 61.7 0.0 CA 71 
   1046 3.51 0.0 HD2 95 
   1069 7.01 0.0 H 97 
   201 4.74 0.0 HA 28 
   1316 120.9 0.0 N 119 
   1806 28.7 0.0 CG 159 
   1552 1.26 0.0 HG2 139 
   409 118.4 0.0 N 44 
   1845 29.2 0.0 CG1 162 
   635 1.6 0.0 HG2 63 
   1457 3.95 0.0 HA 132 
   255 43.1 0.0 CD 33 
   1125 7.94 0.0 H 102 
   862 7.19 0.0 HD2 81 
   497 0.78 0.0 HG12 51 
   1227 26.9 0.0 CG 110 
   1487 113.9 0.0 CZ2 133 
   1915 4.83 0.0 HA 168 
   289 9.86 0.0 HE1 36 
   701 24.4 0.0 CG 68 
   1645 57.0 0.0 CA 146 
   1664 0.8 0.0 HD13 148 
   534 36.9 0.0 CB 54 
   1009 57.4 0.0 CA 92 
   1389 1.41 0.0 HG23 126 
   1037 26.8 0.0 CG1 94 
   383 35.5 0.0 CG 42 
   595 7.49 0.0 H 61 
   208 8.82 0.0 H 29 
   1151 30.1 0.0 CB 104 
   1772 0.27 0.0 HB2 157 
   1754 18.2 0.0 CB 155 
   203 1.47 0.0 HB2 28 
   2005 33.7 0.0 CG 175 
   496 0.78 0.0 HG11 51 
   980 1.02 0.0 HG23 90 
   1314 27.1 0.0 CG 119 
   795 38.2 0.0 CB 76 
   1544 64.6 0.0 CA 138 
   1393 111.5 0.0 N 126 
   382 29.2 0.0 CB 42 
   1332 1.23 0.0 HG3 122 
   1018 5.58 0.0 HA 93 
   69 64.5 0.0 CA 17 
   1793 28.2 0.0 CG1 158 
   154 1.0 0.0 HD13 24 
   823 123.5 0.0 CH2 78 
   1315 42.9 0.0 CD 119 
   253 28.7 0.0 CB 33 
   1093 128.0 0.0 N 98 
   1035 55.2 0.0 CA 94 
   221 31.7 0.0 CB 30 
   1976 41.8 0.0 CE 172 
   1591 -0.51 0.0 HD11 142 
   311 1.13 0.0 HG23 37 
   1738 0.88 0.0 HD13 154 
   922 41.3 0.0 CE 85 
   38 1.59 0.0 HG2 15 
   512 2.42 0.0 HG3 52 
   1881 45.6 0.0 CA 165 
   1381 25.2 0.0 CD1 125 
   549 25.6 0.0 CG 55 
   1930 2.88 0.0 HB3 169 
   1985 8.55 0.0 H 174 
   1098 1.77 0.0 HG3 99 
   1824 0.73 0.0 HD22 161 
   363 1.45 0.0 HG2 41 
   652 0.91 0.0 HD13 64 
   259 2.16 0.0 HB2 34 
   884 0.77 0.0 HD23 83 
   729 107.9 0.0 N 71 
   543 1.6 0.0 HD2 55 
   32 22.0 0.0 CG2 14 
   1007 6.63 0.0 HE2 92 
   1619 115.6 0.0 CD2 144 
   529 3.06 0.0 HB2 54 
   1250 1.6 0.0 HD3 113 
   1615 5.82 0.0 HD2 144 
   1499 117.9 0.0 N 134 
   1986 4.67 0.0 HA 174 
   75 3.81 0.0 HA 18 
   304 3.36 0.0 HA 37 
   11 2.32 0.0 HG3 12 
   520 3.26 0.0 HB3 53 
   55 57.8 0.0 CA 16 
   629 131.9 0.0 CZ 62 
   1578 129.7 0.0 CE2 140 
   360 4.16 0.0 HA 41 
   331 4.12 0.0 HA 39 
   1851 2.24 0.0 HB2 163 
   1817 1.16 0.0 HB2 161 
   1673 110.9 0.0 N 148 
   1330 1.47 0.0 HB3 122 
   620 5.55 0.0 HE1 62 
   1188 58.3 0.0 CA 107 
   880 0.82 0.0 HD12 83 
   127 3.72 0.0 HD2 22 
   340 26.9 0.0 CG 39 
   1518 7.29 0.0 HD22 136 
   1450 3.64 0.0 HD2 131 
   1213 116.4 0.0 N 109 
   879 0.82 0.0 HD11 83 
   1403 3.23 0.0 HB2 128 
   1763 0.93 0.0 HG22 156 
   1185 0.93 0.0 HG21 107 
   1516 1.28 0.0 HB3 136 
   900 0.64 0.0 HD22 84 
   27 1.24 0.0 HG21 14 
   1809 4.33 0.0 HA 160 
   1494 1.5 0.0 HB1 134 
   1425 129.8 0.0 CE1 129 
   209 3.95 0.0 HA2 29 
   846 0.64 0.0 HG21 80 
   865 119.9 0.0 CD2 81 
   389 2.14 0.0 HG2 43 
   115 -0.19 0.0 HD13 21 
   1631 0.45 0.0 HD22 145 
   1017 8.57 0.0 H 93 
   1650 4.49 0.0 HA 147 
   1278 4.0 0.0 HA 116 
   31 68.6 0.0 CB 14 
   847 0.64 0.0 HG22 80 
   1012 131.3 0.0 CD2 92 
   1124 114.3 0.0 N 101 
   1595 0.37 0.0 HD22 142 
   1383 126.2 0.0 N 125 
   634 1.82 0.0 HB3 63 
   1205 4.3 0.0 HA 109 
   170 1.6 0.0 HD2 25 
   1682 2.33 0.0 HB3 150 
   302 125.7 0.0 NE1 36 
   602 7.45 0.0 HZ2 61 
   890 108.0 0.0 N 83 
   64 1.01 0.0 HG12 17 
   848 0.64 0.0 HG23 80 
   488 131.7 0.0 CD1 50 
   1835 0.32 0.0 HG12 162 
   1914 8.64 0.0 H 168 
   1870 2.92 0.0 HE2 164 
   12 58.2 0.0 CA 12 
   664 1.55 0.0 HB2 65 
   218 2.45 0.0 HD2 30 
   400 7.33 0.0 HD2 44 
   405 131.7 0.0 CD1 44 
   1107 4.44 0.0 HB 100 
   1040 121.6 0.0 N 94 
   1238 8.62 0.0 H 112 
   58 43.2 0.0 CD 16 
   1899 1.86 0.0 HB 167 
   1305 4.25 0.0 HA 119 
   1228 25.1 0.0 CD1 110 
   1545 32.6 0.0 CB 138 
   1963 4.4 0.0 HA 172 
   33 113.2 0.0 N 14 
   1805 30.6 0.0 CB 159 
   177 29.2 0.0 CD 25 
   14 35.9 0.0 CG 12 
   1013 129.9 0.0 CE1 92 
   1739 1.14 0.0 HD21 154 
   17 4.21 0.0 HA 13 
   1410 136.2 0.0 CE1 128 
   703 41.8 0.0 CE 68 
   46 121.6 0.0 N 15 
   194 6.5 0.0 HD21 27 
   869 2.25 0.0 HB2 82 
   1837 0.81 0.0 HG21 162 
   1603 9.24 0.0 H 143 
   187 68.1 0.0 CB 26 
   1700 105.7 0.0 N 151 
   372 29.5 0.0 CD 41 
   18 1.47 0.0 HB1 13 
   505 21.0 0.0 CG2 51 
   2004 29.2 0.0 CB 175 
   1506 3.11 0.0 HD2 135 
   1724 127.0 0.0 CD1 153 
   1780 7.94 0.0 H 158 
   473 57.4 0.0 CA 49 
   1178 128.8 0.0 N 106 
   1879 3.97 0.0 HA2 165 
   1655 20.6 0.0 CB 147 
   184 1.25 0.0 HG22 26 
   364 1.73 0.0 HG3 41 
   224 8.5 0.0 H 31 
   2002 6.84 0.0 HE22 175 
   1958 55.9 0.0 CA 171 
   492 119.9 0.0 N 50 
   1440 29.7 0.0 CB 130 
   410 8.21 0.0 H 45 
   5 40.9 0.0 CB 11 
   1480 7.26 0.0 HZ2 133 
   1168 17.5 0.0 CG2 105 
   1215 4.34 0.0 HA 110 
   1880 4.11 0.0 HA3 165 
   1062 0.87 0.0 HD13 96 
   747 6.4 0.0 HD1 73 
   996 55.2 0.0 CA 91 
   1291 4.86 0.0 HA 118 
   1076 67.7 0.0 CB 97 
   1925 121.6 0.0 N 168 
   484 6.97 0.0 HE1 50 
   1369 1.43 0.0 HB2 125 
   1561 29.3 0.0 CD 139 
   1941 1.38 0.0 HG3 170 
   1766 33.1 0.0 CB 156 
   1485 126.6 0.0 CD1 133 
   458 0.92 0.0 HD13 48 
   1442 29.4 0.0 CD 130 
   1434 1.72 0.0 HG3 130 
   1934 120.5 0.0 CD2 169 
   198 128.7 0.0 N 27 
   128 4.08 0.0 HD3 22 
   1216 1.6 0.0 HB2 110 
   1184 0.58 0.0 HG13 107 
   1309 1.68 0.0 HG3 119 
   1137 1.47 0.0 HG3 103 
   173 2.92 0.0 HE3 25 
   2 2.76 0.0 HB2 11 
   1054 1.9 0.0 HB 96 
   1263 1.17 0.0 HG22 114 
   1472 119.9 0.0 N 132 
   1604 3.75 0.0 HA 143 
   1642 2.46 0.0 HB3 146 
   899 0.64 0.0 HD21 84 
   566 1.5 0.0 HB2 57 
   1566 1.98 0.0 HB2 140 
   1234 2.72 0.0 HB3 111 
   420 34.2 0.0 CG 45 
   826 9.23 0.0 H 79 
   911 1.74 0.0 HB3 85 
   1164 0.43 0.0 HD13 105 
   722 4.57 0.0 HB 71 
   1121 59.6 0.0 CA 101 
   144 18.2 0.0 CG1 23 
   1180 4.9 0.0 HA 107 
   853 38.1 0.0 CB 80 
   79 0.94 0.0 HG13 18 
   1044 1.84 0.0 HG2 95 
   563 7.52 0.0 H 57 
   962 129.6 0.0 CE1 88 
   375 7.68 0.0 H 42 
   1709 32.1 0.0 CB 152 
   417 6.94 0.0 HE22 45 
   193 3.25 0.0 HB3 27 
   993 2.38 0.0 HB3 91 
   1903 0.95 0.0 HG22 167 
   349 0.84 0.0 HD13 40 
   1623 4.15 0.0 HA 145 
   1652 1.22 0.0 HB2 147 
   681 3.07 0.0 HB2 67 
   706 4.19 0.0 HA 69 
   1747 118.8 0.0 N 154 
   769 7.0 0.0 HE2 74 
   1846 16.7 0.0 CG2 162 
   1659 1.74 0.0 HB2 148 
   82 1.01 0.0 HG23 18 
   982 0.71 0.0 HD12 90 
   192 2.32 0.0 HB2 27 
   1696 9.07 0.0 H 151 
   1323 3.93 0.0 HA2 121 
   1644 2.21 0.0 HG3 146 
   1981 2.88 0.0 HB3 173 
   1415 3.22 0.0 HB3 129 
   1797 3.52 0.0 HA 159 
   222 27.2 0.0 CG 30 
   1982 58.6 0.0 CA 173 
   1313 30.5 0.0 CB 119 
   1692 27.0 0.0 CG 150 
   1589 1.6 0.0 HB3 142 
   687 116.8 0.0 N 67 
   814 7.17 0.0 HZ2 78 
   1229 22.5 0.0 CD2 110 
   1689 1.16 0.0 HD23 150 
   822 120.5 0.0 CZ3 78 
   1337 55.1 0.0 CA 122 
   1751 1.43 0.0 HB2 155 
   3 2.76 0.0 HB3 11 
   491 118.8 0.0 CE2 50 
   780 4.93 0.0 HA2 75 
   1900 0.81 0.0 HG12 167 
   191 4.6 0.0 HA 27 
   1723 29.6 0.0 CB 153 
   1197 2.12 0.0 HG3 108 
   1931 7.31 0.0 HD2 169 
   554 4.54 0.0 HA 56 
   1815 7.82 0.0 H 161 
   700 31.8 0.0 CB 68 
   1702 1.82 0.0 HB2 152 
   882 0.77 0.0 HD21 83 
   1594 0.37 0.0 HD21 142 
   1466 1.04 0.0 HD23 132 
   1811 2.55 0.0 HB3 160 
   697 3.0 0.0 HE2 68 
   310 1.13 0.0 HG22 37 
   230 3.17 0.0 HD2 31 
   866 126.2 0.0 N 81 
   1708 64.6 0.0 CA 152 
   350 0.86 0.0 HD21 40 
   296 127.0 0.0 CD1 36 
   163 126.3 0.0 N 24 
   162 25.5 0.0 CD2 24 
   1601 22.0 0.0 CD2 142 
   1486 120.1 0.0 CE3 133 
   239 3.17 0.0 HB2 32 
   1966 1.35 0.0 HG2 172 
   1320 45.5 0.0 CA 120 
   1945 2.96 0.0 HE3 170 
   1166 38.7 0.0 CB 105 
   159 41.3 0.0 CB 24 
   126 2.1 0.0 HG3 22 
   8 2.03 0.0 HB2 12 
   211 44.9 0.0 CA 29 
   1019 2.51 0.0 HB2 93 
   895 1.54 0.0 HG 84 
   1282 29.0 0.0 CB 116 
   1607 1.04 0.0 HB3 143 
   1510 27.0 0.0 CG 135 
   1014 129.9 0.0 CE2 92 
   1010 40.4 0.0 CB 92 
   1849 8.1 0.0 H 163 
   1814 115.9 0.0 N 160 
   888 25.2 0.0 CD1 83 
   875 3.58 0.0 HA 83 
   669 34.1 0.0 CB 65 
   744 4.72 0.0 HA 73 
   1163 0.43 0.0 HD12 105 
   37 1.87 0.0 HB3 15 
   1953 4.39 0.0 HA 171 
   1585 112.9 0.0 N 141 
   57 27.3 0.0 CG 16 
   1063 64.5 0.0 CA 96 
   380 2.69 0.0 HG3 42 
   1247 1.3 0.0 HG2 113 
   948 122.6 0.0 N 87 
   1157 0.33 0.0 HG12 105 
   1688 1.16 0.0 HD22 150 
   1221 0.5 0.0 HD13 110 
   955 7.18 0.0 HE1 88 
   314 21.0 0.0 CG1 37 
   740 27.4 0.0 CG 72 
   1338 32.9 0.0 CB 122 
   244 8.58 0.0 H 33 
   1548 8.76 0.0 H 139 
   720 8.33 0.0 H 71 
   423 8.3 0.0 H 46 
   421 117.4 0.0 N 45 
   1778 34.2 0.0 CG 157 
   735 1.63 0.0 HG3 72 
   1596 0.37 0.0 HD23 142 
   936 117.5 0.0 CE1 86 
   678 111.7 0.0 N 66 
   469 1.74 0.0 HG2 49 
   1512 113.5 0.0 N 135 
   416 7.61 0.0 HE21 45 
   517 8.47 0.0 H 53 
   1029 0.7 0.0 HG21 94 
   837 131.9 0.0 CD2 79 
   773 131.7 0.0 CD1 74 
   1491 130.6 0.0 NE1 133 
   1998 2.08 0.0 HB3 175 
   1537 4.86 0.0 HA 138 
   1361 4.44 0.0 HA 124 
   1699 49.3 0.0 CA 151 
   713 37.3 0.0 CG 69 
   1118 1.08 0.0 HG21 101 
   1453 30.7 0.0 CB 131 
   1883 7.79 0.0 H 166 
   1122 69.9 0.0 CB 101 
   788 1.43 0.0 HG2 76 
   429 62.7 0.0 CB 46 
   516 119.7 0.0 N 52 
   425 3.98 0.0 HB2 46 
   1678 107.1 0.0 N 149 
   1172 5.09 0.0 HA 106 
   604 7.04 0.0 HH2 61 
   1261 4.2 0.0 HB 114 
   419 28.3 0.0 CB 45 
   887 26.8 0.0 CG 83 
   285 4.72 0.0 HA 36 
   459 65.0 0.0 CA 48 
   630 115.3 0.0 N 62 
   1993 121.0 0.0 N 174 
   334 1.47 0.0 HG2 39 
   698 3.0 0.0 HE3 68 
   1967 1.43 0.0 HG3 172 
   1293 3.08 0.0 HB3 118 
   812 10.66 0.0 HE1 78 
   653 0.91 0.0 HD21 64 
   641 33.8 0.0 CB 63 
   120 13.1 0.0 CD1 21 
   1733 1.24 0.0 HB2 154 
   1325 45.6 0.0 CA 121 
   1244 4.41 0.0 HA 113 
   226 1.82 0.0 HB2 31 
   91 3.98 0.0 HB3 19 
   1860 121.6 0.0 N 163 
   797 29.6 0.0 CD 76 
   1294 7.0 0.0 HD1 118 
   738 56.1 0.0 CA 72 
   1973 32.8 0.0 CB 172 
   1808 6.55 0.0 H 160 
   258 4.24 0.0 HA 34 
   291 7.92 0.0 HZ2 36 
   1452 65.5 0.0 CA 131 
   1946 56.7 0.0 CA 170 
   1424 131.7 0.0 CD2 129 
   1230 116.5 0.0 N 110 
   1616 7.71 0.0 HE1 144 
   329 113.9 0.0 NE2 38 
   332 1.78 0.0 HB2 39 
   1212 36.8 0.0 CG 109 
   85 21.7 0.0 CG1 18 
   408 117.8 0.0 CE2 44 
   1268 110.1 0.0 N 114 
   220 63.2 0.0 CA 30 
   62 2.21 0.0 HB 17 
   1687 1.16 0.0 HD21 150 
   1767 21.1 0.0 CG1 156 
   261 2.42 0.0 HG2 34 
   1893 32.2 0.0 CB 166 
   568 51.2 0.0 CA 57 
   1671 26.1 0.0 CD1 148 
   531 4.55 0.0 HD21 54 
   625 132.0 0.0 CD1 62 
   283 119.1 0.0 N 35 
   1992 38.6 0.0 CB 174 
   1551 1.6 0.0 HB3 139 
   1423 131.7 0.0 CD1 129 
   777 129.4 0.0 CZ 74 
   1658 4.51 0.0 HA 148 
   74 8.12 0.0 H 18 
   179 116.8 0.0 N 25 
   824 117.5 0.0 N 78 
   1732 3.58 0.0 HA 154 
   1340 28.9 0.0 CD 122 
   1855 7.42 0.0 HE21 163 
   1939 1.7 0.0 HB3 170 
   650 0.91 0.0 HD11 64 
   1586 10.28 0.0 H 142 
   1598 40.4 0.0 CB 142 
   515 36.4 0.0 CG 52 
   183 1.25 0.0 HG21 26 
   1748 7.31 0.0 H 155 
   1468 41.9 0.0 CB 132 
   854 27.8 0.0 CG1 80 
   10 2.32 0.0 HG2 12 
   73 119.6 0.0 N 17 
   282 25.2 0.0 CD2 35 
   35 4.1 0.0 HA 15 
   963 129.6 0.0 CE2 88 
   1740 1.14 0.0 HD22 154 
   1718 7.08 0.0 HE3 153 
   1852 2.24 0.0 HB3 163 
   1004 6.51 0.0 HD1 92 
   295 29.5 0.0 CB 36 
   864 34.3 0.0 CB 81 
   2006 120.6 0.0 N 175 
   1728 122.7 0.0 CH2 153 
   1132 126.2 0.0 N 102 
   816 6.84 0.0 HH2 78 
   1629 -0.05 0.0 HD13 145 
   592 54.1 0.0 CA 60 
   1636 25.8 0.0 CD1 145 
   1735 2.08 0.0 HG 154 
   142 61.6 0.0 CA 23 
   861 3.25 0.0 HB3 81 
   1285 2.4 0.0 HG3 117 
   716 4.53 0.0 HA2 70 
   663 4.51 0.0 HA 65 
   934 132.9 0.0 CD1 86 
   190 9.34 0.0 H 27 
   385 8.98 0.0 H 43 
   411 4.15 0.0 HA 45 
   1563 122.6 0.0 N 139 
   839 117.3 0.0 CE2 79 
   901 0.64 0.0 HD23 84 
   1970 2.95 0.0 HE2 172 
   139 1.13 0.0 HG21 23 
   1088 42.0 0.0 CB 98 
   992 2.07 0.0 HB2 91 
   660 24.2 0.0 CD2 64 
   711 58.0 0.0 CA 69 
   673 4.75 0.0 HA 66 
   195 7.45 0.0 HD22 27 
   941 1.9 0.0 HB2 87 
   710 2.54 0.0 HG3 69 
   1681 1.36 0.0 HB2 150 
   1651 1.22 0.0 HB1 147 
   1354 61.9 0.0 CA 123 
   233 29.5 0.0 CB 31 
   1203 49.8 0.0 CD 108 
   1096 2.2 0.0 HB3 99 
   1350 -0.36 0.0 HG23 123 
   1198 3.48 0.0 HD2 108 
   178 41.8 0.0 CE 25 
   1283 119.1 0.0 N 116 
   41 3.21 0.0 HD3 15 
   813 7.27 0.0 HE3 78 
   995 2.13 0.0 HG3 91 
   1575 127.3 0.0 CD1 140 
   301 121.6 0.0 N 36 
   727 69.3 0.0 CB 71 
   93 63.2 0.0 CB 19 
   1463 0.93 0.0 HD13 132 
   903 43.1 0.0 CB 84 
   1365 27.0 0.0 CB 124 
   1752 1.43 0.0 HB3 155 
   1508 57.0 0.0 CA 135 
   1214 7.93 0.0 H 110 
   475 26.1 0.0 CG 49 
   960 131.7 0.0 CD1 88 
   1138 2.95 0.0 HD2 103 
   557 7.04 0.0 HD21 56 
   1543 3.45 0.0 HD3 138 
   1059 0.98 0.0 HG23 96 
   983 0.71 0.0 HD13 90 
   988 14.6 0.0 CD1 90 
   28 1.24 0.0 HG22 14 
   610 120.2 0.0 CZ3 61 
   264 28.8 0.0 CB 34 
   1500 7.5 0.0 H 135 
   1794 18.6 0.0 CG2 158 
   486 58.8 0.0 CA 50 
   689 8.83 0.0 H 68 
   1109 1.25 0.0 HG22 100 
   342 8.86 0.0 H 40 
   944 2.0 0.0 HG3 87 
   448 8.86 0.0 H 48 
   294 58.7 0.0 CA 36 
   957 7.05 0.0 HZ 88 
   1028 2.13 0.0 HG13 94 
   1807 49.4 0.0 CD 159 
   881 0.82 0.0 HD13 83 
   1248 1.36 0.0 HG3 113 
   1437 2.99 0.0 HE2 130 
   1768 21.8 0.0 CG2 156 
   270 1.81 0.0 HB3 35 
   1554 1.56 0.0 HD2 139 
   1064 37.7 0.0 CB 96 
   1812 57.2 0.0 CA 160 
   1455 50.3 0.0 CD 131 
   1016 112.7 0.0 N 92 
   1280 2.0 0.0 HB3 116 
   1535 22.9 0.0 CG2 137 
   1025 4.37 0.0 HA 94 
   973 8.46 0.0 H 90 
   1377 0.33 0.0 HD23 125 
   1226 42.1 0.0 CB 110 
   292 7.51 0.0 HZ3 36 
   1217 1.6 0.0 HB3 110 
   535 122.2 0.0 N 54 
   68 1.1 0.0 HG23 17 
   1477 6.93 0.0 HD1 133 
   345 1.42 0.0 HB3 40 
   1431 1.96 0.0 HB2 130 
   1321 113.5 0.0 N 120 
   186 65.4 0.0 CA 26 
   961 131.7 0.0 CD2 88 
   1075 60.5 0.0 CA 97 
   25 4.07 0.0 HA 14 
   241 55.0 0.0 CA 32 
   1731 8.68 0.0 H 154 
   1443 41.8 0.0 CE 130 
   1871 2.92 0.0 HE3 164 
   234 27.1 0.0 CG 31 
   786 1.44 0.0 HB2 76 
   511 2.31 0.0 HG2 52 
   836 131.9 0.0 CD1 79 
   764 3.1 0.0 HB2 74 
   623 57.0 0.0 CA 62 
   760 125.1 0.0 N 73 
   556 2.93 0.0 HB3 56 
   1864 1.76 0.0 HB2 164 
   1344 3.77 0.0 HA 123 
   145 22.0 0.0 CG2 23 
   391 58.5 0.0 CA 43 
   1894 21.8 0.0 CG1 166 
   1657 8.89 0.0 H 148 
   1022 43.0 0.0 CB 93 
   542 1.59 0.0 HG3 55 
   1571 6.77 0.0 HE2 140 
   825 131.3 0.0 NE1 78 
   1961 119.4 0.0 N 171 
   1126 3.87 0.0 HA 102 
   309 1.13 0.0 HG21 37 
   138 0.96 0.0 HG13 23 
   968 2.72 0.0 HB2 89 
   1489 123.1 0.0 CH2 133 
   1536 122.5 0.0 N 137 
   117 39.1 0.0 CB 21 
   308 0.99 0.0 HG13 37 
   1091 118.2 0.0 CE1 98 
   1513 7.18 0.0 H 136 
   978 1.02 0.0 HG21 90 
   1524 4.01 0.0 HA 137 
   1131 15.4 0.0 CB 102 
   1912 14.6 0.0 CD1 167 
   92 60.1 0.0 CA 19 
   528 4.38 0.0 HA 54 
   1859 33.7 0.0 CG 163 
   2001 7.5 0.0 HE21 175 
   235 43.1 0.0 CD 31 
   1801 2.05 0.0 HG3 159 
   1721 6.62 0.0 HH2 153 
   1564 6.28 0.0 H 140 
   1459 1.92 0.0 HB3 132 
   1988 2.83 0.0 HB3 174 
   1274 52.6 0.0 CA 115 
   1670 27.0 0.0 CG 148 
   248 1.72 0.0 HG2 33 
   305 2.2 0.0 HB 37 
   384 119.4 0.0 N 42 
   984 58.5 0.0 CA 90 
   658 27.3 0.0 CG 64 
   1611 7.37 0.0 H 144 
   1608 55.6 0.0 CA 143 
   573 2.55 0.0 HB2 58 
   1401 7.93 0.0 H 128 
   1532 60.5 0.0 CA 137 
   1345 0.37 0.0 HB 123 
   1802 3.0 0.0 HD2 159 
   1539 1.47 0.0 HB3 138 
   1690 57.9 0.0 CA 150 
   615 4.91 0.0 HA 62 
   300 122.2 0.0 CH2 36 
   1995 8.36 0.0 H 175 
   1876 41.8 0.0 CE 164 
   1956 2.2 0.0 HG2 171 
   271 1.77 0.0 HG 35 
   1081 2.76 0.0 HB2 98 
   1911 18.1 0.0 CG2 167 
   818 32.6 0.0 CB 78 
   141 1.13 0.0 HG23 23 
   149 1.51 0.0 HB2 24 
   974 5.66 0.0 HA 90 
   1555 1.62 0.0 HD3 139 
   765 3.22 0.0 HB3 74 
   151 1.7 0.0 HG 24 
   1139 3.85 0.0 HD3 103 
   1011 131.3 0.0 CD1 92 
   1684 0.87 0.0 HD11 150 
   1785 0.42 0.0 HG21 158 
   601 7.9 0.0 HE3 61 
   756 119.8 0.0 CE3 73 
   648 1.86 0.0 HB3 64 
   1277 8.32 0.0 H 116 
   1030 0.7 0.0 HG22 94 
   110 0.18 0.0 HG21 21 
   510 2.21 0.0 HB3 52 
   343 3.56 0.0 HA 40 
   987 19.5 0.0 CG2 90 
   1922 54.4 0.0 CA 168 
   293 7.05 0.0 HH2 36 
   174 57.0 0.0 CA 25 
   538 3.93 0.0 HA 55 
   1117 3.67 0.0 HB 101 
   1639 7.93 0.0 H 146 
   770 6.92 0.0 HZ 74 
   1260 4.63 0.0 HA 114 
   567 1.5 0.0 HB3 57 
   1023 118.3 0.0 N 93 
   219 3.47 0.0 HD3 30 
   263 59.6 0.0 CA 34 
   1842 0.01 0.0 HD13 162 
   1725 119.6 0.0 CE3 153 
   34 8.07 0.0 H 15 
   939 8.12 0.0 H 87 
   406 131.7 0.0 CD2 44 
   1568 6.2 0.0 HD1 140 
   662 8.9 0.0 H 65 
   581 2.76 0.0 HB3 59 
   702 28.9 0.0 CD 68 
   579 5.05 0.0 HA 59 
   188 22.0 0.0 CG2 26 
   96 4.35 0.0 HA 20 
   1711 51.4 0.0 CD 152 
   1612 3.57 0.0 HA 144 
   436 0.93 0.0 HD11 47 
   1613 2.35 0.0 HB2 144 
   815 6.61 0.0 HZ3 78 
   344 0.97 0.0 HB2 40 
   1695 125.1 0.0 N 150 
   43 30.1 0.0 CB 15 
   1127 0.01 0.0 HB1 102 
   100 2.4 0.0 HG3 20 
   872 39.0 0.0 CB 82 
   1528 0.66 0.0 HG13 137 
   1782 1.56 0.0 HB 158 
   20 1.47 0.0 HB3 13 
   1170 124.1 0.0 N 105 
   591 2.96 0.0 HB3 60 
   1165 62.8 0.0 CA 105 
   376 4.12 0.0 HA 42 
   490 118.8 0.0 CE1 50 
   67 1.1 0.0 HG22 17 
   860 2.85 0.0 HB2 81 
   1106 4.12 0.0 HA 100 
   686 37.3 0.0 CB 67 
   1627 -0.05 0.0 HD11 145 
   1416 7.05 0.0 HD1 129 
   751 6.65 0.0 HZ3 73 
   330 8.2 0.0 H 39 
   1665 0.92 0.0 HD21 148 
   1643 2.21 0.0 HG2 146 
   564 4.51 0.0 HA 57 
   647 1.83 0.0 HB2 64 
   894 1.93 0.0 HB3 84 
   1351 -0.19 0.0 HD11 123 
   905 22.3 0.0 CD1 84 
   260 2.16 0.0 HB3 34 
   1149 2.24 0.0 HG3 104 
   819 125.9 0.0 CD1 78 
   668 54.6 0.0 CA 65 
   1092 116.0 0.0 CE2 98 
   339 29.8 0.0 CB 39 
   1465 1.04 0.0 HD22 132 
   655 0.91 0.0 HD23 64 
   358 120.3 0.0 N 40 
   1865 2.04 0.0 HB3 164 
   1777 29.2 0.0 CB 157 
   441 0.98 0.0 HD23 47 
   45 43.1 0.0 CD 15 
   734 1.5 0.0 HG2 72 
   1071 4.67 0.0 HB 97 
   636 1.74 0.0 HG3 63 
   1417 7.05 0.0 HD2 129 
   15 122.1 0.0 N 12 
   1467 57.9 0.0 CA 132 
   521 7.98 0.0 HD21 53 
   616 2.1 0.0 HB2 62 
   1310 3.21 0.0 HD2 119 
   318 4.09 0.0 HA 38 
   97 1.96 0.0 HB2 20 
   362 2.06 0.0 HB3 41 
   1061 0.87 0.0 HD12 96 
   1896 115.2 0.0 N 166 
   1074 1.17 0.0 HG23 97 
   1994 112.7 0.0 ND2 174 
   997 33.5 0.0 CB 91 
   572 4.38 0.0 HA 58 
   776 130.0 0.0 CE2 74 
   52 1.6 0.0 HG3 16 
   90 3.98 0.0 HB2 19 
   550 29.7 0.0 CD 55 
   116 59.2 0.0 CA 21 
   605 56.9 0.0 CA 61 
   1240 3.79 0.0 HA3 112 
   1610 120.1 0.0 N 143 
   728 23.0 0.0 CG2 71 
   1868 1.5 0.0 HD2 164 
   717 3.53 0.0 HA3 70 
   656 54.3 0.0 CA 64 
   918 56.1 0.0 CA 85 
   1089 132.8 0.0 CD1 98 
   1399 40.2 0.0 CB 127 
   1492 8.33 0.0 H 134 
   274 0.91 0.0 HD13 35 
   1220 0.5 0.0 HD12 110 
   1236 41.0 0.0 CB 111 
   503 31.5 0.0 CB 51 
   897 0.41 0.0 HD12 84 
   1454 27.9 0.0 CG 131 
   1272 1.43 0.0 HB2 115 
   403 62.3 0.0 CA 44 
   1540 1.25 0.0 HG2 138 
   325 58.3 0.0 CA 38 
   1056 1.48 0.0 HG13 96 
   637 3.25 0.0 HD2 63 
   1621 115.4 0.0 N 144 
   552 122.1 0.0 N 55 
   1391 69.5 0.0 CB 126 
   276 1.01 0.0 HD22 35 
   1086 7.33 0.0 HE2 98 
   998 35.4 0.0 CG 91 
   585 39.9 0.0 CB 59 
   576 39.1 0.0 CB 58 
   1051 50.6 0.0 CD 95 
   1640 4.36 0.0 HA 146 
   1792 30.6 0.0 CB 158 
   152 1.0 0.0 HD11 24 
   598 4.08 0.0 HB3 61 
   94 116.9 0.0 N 19 
   843 1.63 0.0 HB 80 
   1579 130.1 0.0 CZ 140 
   1207 2.39 0.0 HB3 109 
   1679 7.83 0.0 H 150 
   704 123.1 0.0 N 68 
   551 41.8 0.0 CE 55 
   1784 1.49 0.0 HG13 158 
   1662 0.8 0.0 HD11 148 
   267 8.01 0.0 H 35 
   7 4.11 0.0 HA 12 
   212 107.0 0.0 N 29 
   692 1.89 0.0 HB3 68 
   561 118.9 0.0 N 56 
   752 6.46 0.0 HH2 73 
   1600 23.0 0.0 CD1 142 
   132 50.7 0.0 CD 22 
   214 1.05 0.0 HB2 30 
   1531 1.08 0.0 HG23 137 
   688 110.7 0.0 ND2 67 
   645 8.7 0.0 H 64 
   1891 1.0 0.0 HG23 166 
   1726 113.9 0.0 CZ2 153 
   1201 32.3 0.0 CB 108 
   1960 36.0 0.0 CG 171 
   1887 1.0 0.0 HG12 166 
   1572 6.2 0.0 HZ 140 
   1355 37.5 0.0 CB 123 
   1677 45.7 0.0 CA 149 
   1193 4.13 0.0 HA 108 
   1177 21.6 0.0 CB 106 
   217 1.44 0.0 HG3 30 
   1065 27.8 0.0 CG1 96 
   1384 8.22 0.0 H 126 
   522 6.74 0.0 HD22 53 
   169 1.29 0.0 HG3 25 
   914 1.27 0.0 HD2 85 
   1346 0.57 0.0 HG12 123 
   1810 2.55 0.0 HB2 160 
   902 53.6 0.0 CA 84 
   6 8.75 0.0 H 12 
   250 3.34 0.0 HD2 33 
   471 3.37 0.0 HD2 49 
   829 3.01 0.0 HB3 79 
   1923 31.6 0.0 CB 168 
   733 1.73 0.0 HB3 72 
   1838 0.81 0.0 HG22 162 
   437 0.93 0.0 HD12 47 
   1179 8.02 0.0 H 107 
   1964 1.72 0.0 HB2 172 
   251 3.34 0.0 HD3 33 
   929 7.33 0.0 HD2 86 
   1633 58.4 0.0 CA 145 
   394 120.6 0.0 N 43 
   560 38.1 0.0 CB 56 
   181 3.89 0.0 HA 26 
   1583 4.14 0.0 HA3 141 
   313 31.3 0.0 CB 37 
   821 114.1 0.0 CZ2 78 
   1174 1.34 0.0 HB2 106 
   125 2.1 0.0 HG2 22 
   926 2.88 0.0 HB2 86 
   1830 22.9 0.0 CD2 161 
   381 59.1 0.0 CA 42 
   1683 1.88 0.0 HG 150 
   1980 2.81 0.0 HB2 173 
   1300 132.5 0.0 CD1 118 
   1299 39.5 0.0 CB 118 
   742 123.7 0.0 N 72 
   1322 8.15 0.0 H 121 
   1940 1.38 0.0 HG2 170 
   1720 6.36 0.0 HZ3 153 
   985 42.8 0.0 CB 90 
   245 3.99 0.0 HA 33 
   1043 2.39 0.0 HB3 95 
   352 0.86 0.0 HD23 40 
   1497 54.7 0.0 CA 134 
   565 1.5 0.0 HB1 57 
   1239 4.25 0.0 HA2 112 
   1862 7.88 0.0 H 164 
   44 27.3 0.0 CG 15 
   932 57.5 0.0 CA 86 
   1115 7.25 0.0 H 101 
   1287 1.89 0.0 HE2 117 
   593 40.5 0.0 CB 60 
   1556 2.87 0.0 HE2 139 
   1521 116.3 0.0 N 136 
   1289 36.0 0.0 CG 117 
   348 0.84 0.0 HD12 40 
   1505 1.72 0.0 HG3 135 
   371 25.0 0.0 CG 41 
   544 1.6 0.0 HD3 55 
   1496 1.5 0.0 HB3 134 
   1134 0.87 0.0 HB2 103 
   1841 0.01 0.0 HD12 162 
   1326 107.3 0.0 N 121 
   1929 2.59 0.0 HB2 169 
   1020 2.67 0.0 HB3 93 
   831 6.96 0.0 HD2 79 
   1962 8.44 0.0 H 172 
   1606 1.04 0.0 HB2 143 
   81 1.01 0.0 HG22 18 
   146 116.5 0.0 N 23 
   1021 52.0 0.0 CA 93 
   237 8.17 0.0 H 32 
   981 0.71 0.0 HD11 90 
   102 30.1 0.0 CB 20 
   1005 6.51 0.0 HD2 92 
   1258 117.5 0.0 N 113 
   1828 26.2 0.0 CG 161 
   1904 0.95 0.0 HG23 167 
   414 2.54 0.0 HG2 45 
   1573 51.9 0.0 CA 140 
   840 121.1 0.0 N 79 
   56 30.2 0.0 CB 16 
   755 123.5 0.0 CD1 73 
   1363 2.78 0.0 HB3 124 
   1944 2.96 0.0 HE2 170 
   1048 62.1 0.0 CA 95 
   1253 56.4 0.0 CA 113 
   72 21.8 0.0 CG2 17 
   1219 0.5 0.0 HD11 110 
   801 5.55 0.0 HA 77 
   748 9.32 0.0 HE1 73 
   919 34.2 0.0 CB 85 
   1968 1.65 0.0 HD2 172 
   316 116.1 0.0 N 37 
   335 1.47 0.0 HG3 39 
   1271 1.43 0.0 HB1 115 
   1630 0.45 0.0 HD21 145 
   390 2.75 0.0 HG3 43 
   1620 136.3 0.0 CE1 144 
   1526 0.66 0.0 HG11 137 
   99 2.21 0.0 HG2 20 
   39 1.72 0.0 HG3 15 
   969 2.91 0.0 HB3 89 
   1186 0.93 0.0 HG22 107 
   1254 33.3 0.0 CB 113 
   1002 2.77 0.0 HB2 92 
   54 3.21 0.0 HD3 16 
   910 1.51 0.0 HB2 85 
   374 118.4 0.0 N 41 
   286 3.29 0.0 HB2 36 
   1068 118.2 0.0 N 96 
   1284 2.3 0.0 HG2 117 
   1469 27.0 0.0 CG 132 
   1874 26.3 0.0 CG 164 
   787 1.49 0.0 HB3 76 
   114 -0.19 0.0 HD12 21 
   427 5.22 0.0 HG 46 
   1447 2.29 0.0 HB3 131 
   1762 0.93 0.0 HG21 156 
   1924 33.7 0.0 CG 168 
   792 2.95 0.0 HE2 76 
   1686 0.87 0.0 HD13 150 
   886 39.8 0.0 CB 83 
   721 4.41 0.0 HA 71 
   737 3.19 0.0 HD3 72 
   87 118.3 0.0 N 18 
   1742 57.8 0.0 CA 154 
   857 128.9 0.0 N 80 
   1426 129.8 0.0 CE2 129 
   1950 41.8 0.0 CE 170 
   1470 23.5 0.0 CD1 132 
   1580 113.4 0.0 N 140 
   1428 121.3 0.0 N 129 
   548 32.2 0.0 CB 55 
   541 1.31 0.0 HG2 55 
   1717 9.7 0.0 HE1 153 
   1597 57.5 0.0 CA 142 
   889 22.5 0.0 CD2 83 
   215 1.42 0.0 HB3 30 
   379 2.4 0.0 HG2 42 
   1776 57.3 0.0 CA 157 
   631 8.75 0.0 H 63 
   275 1.01 0.0 HD21 35 
   950 5.09 0.0 HA 88 
   695 1.69 0.0 HD2 68 
   1078 103.6 0.0 N 97 
   1327 7.0 0.0 H 122 
   1482 7.06 0.0 HH2 133 
   1159 0.67 0.0 HG21 105 
   1706 3.08 0.0 HD2 152 
   1884 4.04 0.0 HA 166 
   1484 27.6 0.0 CB 133 
   499 0.8 0.0 HG21 51 
   904 25.9 0.0 CG 84 
   518 4.48 0.0 HA 53 
   785 5.61 0.0 HA 76 
   1427 129.2 0.0 CZ 129 
   782 45.8 0.0 CA 75 
   1734 2.04 0.0 HB3 154 
   514 29.2 0.0 CB 52 
   753 55.4 0.0 CA 73 
   166 1.76 0.0 HB2 25 
   1371 1.35 0.0 HG 125 
   1334 1.73 0.0 HD3 122 
   1104 49.5 0.0 CD 99 
   570 121.1 0.0 N 57 
   1085 6.93 0.0 HE1 98 
   1373 0.13 0.0 HD12 125 
   1719 7.16 0.0 HZ2 153 
   438 0.93 0.0 HD13 47 
   1140 61.6 0.0 CA 103 
   772 40.5 0.0 CB 74 
   632 4.37 0.0 HA 63 
   767 6.87 0.0 HD2 74 
   1375 0.33 0.0 HD21 125 
   1843 65.1 0.0 CA 162 
   280 27.0 0.0 CG 35 
   1660 2.08 0.0 HB3 148 
   431 8.42 0.0 H 47 
   1558 57.9 0.0 CA 139 
   137 0.96 0.0 HG12 23 
   600 9.85 0.0 HE1 61 
   790 1.55 0.0 HD2 76 
   859 4.82 0.0 HA 81 
   322 2.45 0.0 HG3 38 
   1331 1.04 0.0 HG2 122 
   621 5.55 0.0 HE2 62 
   924 9.53 0.0 H 86 
   1173 1.34 0.0 HB1 106 
   225 4.34 0.0 HA 31 
   1834 1.39 0.0 HB 162 
   1070 4.43 0.0 HA 97 
   206 24.4 0.0 CB 28 
   1949 29.2 0.0 CD 170 
   150 1.88 0.0 HB3 24 
   657 48.2 0.0 CB 64 
   1691 42.2 0.0 CB 150 
   908 8.45 0.0 H 85 
   519 3.0 0.0 HB2 53 
   1587 3.92 0.0 HA 142 
   1481 7.04 0.0 HZ3 133 
   1694 27.2 0.0 CD2 150 
   1302 117.4 0.0 CE1 118 
   1364 57.6 0.0 CA 124 
   1270 4.47 0.0 HA 115 
   1974 24.7 0.0 CG 172 
   13 29.4 0.0 CB 12 
   1698 3.72 0.0 HA3 151 
   351 0.86 0.0 HD22 40 
   613 127.8 0.0 NE1 61 
   1685 0.87 0.0 HD12 150 
   1255 25.6 0.0 CG 113 
   583 7.7 0.0 HD22 59 
   1183 0.58 0.0 HG12 107 
   1008 6.45 0.0 HZ 92 
   1582 5.14 0.0 HA2 141 
   966 8.46 0.0 H 89 
   946 34.7 0.0 CB 87 
   1856 6.84 0.0 HE22 163 
   1176 50.2 0.0 CA 106 
   1421 62.4 0.0 CA 129 
   498 0.78 0.0 HG13 51 
   1223 0.68 0.0 HD22 110 
   1541 1.72 0.0 HG3 138 
   29 1.24 0.0 HG23 14 
   1666 0.92 0.0 HD22 148 
   1390 62.4 0.0 CA 126 
   428 62.8 0.0 CA 46 
   1343 7.91 0.0 H 123 
   1015 127.8 0.0 CZ 92 
   328 118.6 0.0 N 38 
   878 1.45 0.0 HG 83 
   370 32.0 0.0 CB 41 
   942 1.9 0.0 HB3 87 
   1743 42.6 0.0 CB 154 
   1910 25.3 0.0 CG1 167 
   1103 25.1 0.0 CG 99 
   1042 1.84 0.0 HB2 95 
   1458 1.61 0.0 HB2 132 
   388 2.34 0.0 HB3 43 
   1296 6.74 0.0 HE1 118 
   1189 31.4 0.0 CB 107 
   1978 8.4 0.0 H 173 
   1882 108.0 0.0 N 165 
   338 58.1 0.0 CA 39 
   1362 2.23 0.0 HB2 124 
   1353 -0.19 0.0 HD13 123 
   268 4.34 0.0 HA 35 
   319 2.23 0.0 HB2 38 
   1024 8.43 0.0 H 94 
   1409 120.2 0.0 CD2 128 
   106 4.14 0.0 HA 21 
   476 42.2 0.0 CD 49 
   172 2.92 0.0 HE2 25 
   65 1.01 0.0 HG13 17 
   925 4.52 0.0 HA 86 
   204 1.47 0.0 HB3 28 
   148 4.56 0.0 HA 24 
   791 1.68 0.0 HD3 76 
   1736 0.88 0.0 HD11 154 
   781 4.31 0.0 HA3 75 
   1525 1.75 0.0 HB 137 
   1406 8.19 0.0 HE1 128 
   153 1.0 0.0 HD12 24 
