   462 17.0 0.0 CG2 48 
   444 27.4 0.0 CG 47 
   934 132.9 0.0 CD1 86 
   133 8.04 0.0 H 23 
   1302 117.4 0.0 CE1 118 
   539 1.91 0.0 HB2 55 
   424 4.12 0.0 HA 46 
   1686 0.87 0.0 HD13 150 
   572 4.38 0.0 HA 58 
   931 6.77 0.0 HE2 86 
   1540 1.25 0.0 HG2 138 
   126 2.1 0.0 HG3 22 
   429 62.7 0.0 CB 46 
   990 8.61 0.0 H 91 
   543 1.6 0.0 HD2 55 
   1176 50.2 0.0 CA 106 
   1438 2.99 0.0 HE3 130 
   1365 27.0 0.0 CB 124 
   456 0.92 0.0 HD11 48 
   1011 131.3 0.0 CD1 92 
   1838 0.81 0.0 HG22 162 
   1627 -0.05 0.0 HD11 145 
   630 115.3 0.0 N 62 
   1142 27.9 0.0 CG 103 
   1933 30.1 0.0 CB 169 
   1918 2.32 0.0 HG2 168 
   591 2.96 0.0 HB3 60 
   410 8.21 0.0 H 45 
   65 1.01 0.0 HG13 17 
   782 45.8 0.0 CA 75 
   1605 1.04 0.0 HB1 143 
   5 40.9 0.0 CB 11 
   1247 1.3 0.0 HG2 113 
   1300 132.5 0.0 CD1 118 
   623 57.0 0.0 CA 62 
   1082 3.27 0.0 HB3 98 
   1226 42.1 0.0 CB 110 
   1697 3.12 0.0 HA2 151 
   416 7.61 0.0 HE21 45 
   1945 2.96 0.0 HE3 170 
   1345 0.37 0.0 HB 123 
   854 27.8 0.0 CG1 80 
   614 6.81 0.0 H 62 
   932 57.5 0.0 CA 86 
   1964 1.72 0.0 HB2 172 
   1610 120.1 0.0 N 143 
   1763 0.93 0.0 HG22 156 
   562 112.3 0.0 ND2 56 
   1680 4.08 0.0 HA 150 
   1582 5.14 0.0 HA2 141 
   679 8.15 0.0 H 67 
   588 8.49 0.0 H 60 
   985 42.8 0.0 CB 90 
   950 5.09 0.0 HA 88 
   1559 32.6 0.0 CB 139 
   560 38.1 0.0 CB 56 
   1152 35.9 0.0 CG 104 
   2 2.76 0.0 HB2 11 
   929 7.33 0.0 HD2 86 
   1135 2.45 0.0 HB3 103 
   895 1.54 0.0 HG 84 
   1005 6.51 0.0 HD2 92 
   314 21.0 0.0 CG1 37 
   1480 7.26 0.0 HZ2 133 
   1765 63.4 0.0 CA 156 
   1983 27.8 0.0 CB 173 
   364 1.73 0.0 HG3 41 
   1702 1.82 0.0 HB2 152 
   1056 1.48 0.0 HG13 96 
   1597 57.5 0.0 CA 142 
   1623 4.15 0.0 HA 145 
   1760 0.75 0.0 HG12 156 
   865 119.9 0.0 CD2 81 
   294 58.7 0.0 CA 36 
   1501 4.14 0.0 HA 135 
   872 39.0 0.0 CB 82 
   559 55.3 0.0 CA 56 
   1220 0.5 0.0 HD12 110 
   737 3.19 0.0 HD3 72 
   1360 7.71 0.0 H 124 
   334 1.47 0.0 HG2 39 
   1698 3.72 0.0 HA3 151 
   1062 0.87 0.0 HD13 96 
   1108 1.25 0.0 HG21 100 
   1516 1.28 0.0 HB3 136 
   805 32.7 0.0 CB 77 
   390 2.75 0.0 HG3 43 
   587 110.7 0.0 ND2 59 
   1153 119.5 0.0 N 104 
   114 -0.19 0.0 HD12 21 
   144 18.2 0.0 CG1 23 
   1863 4.19 0.0 HA 164 
   175 35.9 0.0 CB 25 
   2006 120.6 0.0 N 175 
   1986 4.67 0.0 HA 174 
   790 1.55 0.0 HD2 76 
   2002 6.84 0.0 HE22 175 
   1750 1.43 0.0 HB1 155 
   198 128.7 0.0 N 27 
   1937 4.24 0.0 HA 170 
   1909 40.7 0.0 CB 167 
   784 8.54 0.0 H 76 
   885 57.1 0.0 CA 83 
   888 25.2 0.0 CD1 83 
   1157 0.33 0.0 HG12 105 
   232 56.1 0.0 CA 31 
   271 1.77 0.0 HG 35 
   626 132.0 0.0 CD2 62 
   313 31.3 0.0 CB 37 
   847 0.64 0.0 HG22 80 
   1338 32.9 0.0 CB 122 
   1262 1.17 0.0 HG21 114 
   1266 68.6 0.0 CB 114 
   1928 4.05 0.0 HA 169 
   1349 -0.36 0.0 HG22 123 
   1690 57.9 0.0 CA 150 
   1840 0.01 0.0 HD11 162 
   1251 3.12 0.0 HE2 113 
   723 1.1 0.0 HG21 71 
   1305 4.25 0.0 HA 119 
   27 1.24 0.0 HG21 14 
   309 1.13 0.0 HG21 37 
   1679 7.83 0.0 H 150 
   663 4.51 0.0 HA 65 
   1981 2.88 0.0 HB3 173 
   1204 9.68 0.0 H 109 
   1904 0.95 0.0 HG23 167 
   712 29.6 0.0 CB 69 
   328 118.6 0.0 N 38 
   1710 28.3 0.0 CG 152 
   1778 34.2 0.0 CG 157 
   1794 18.6 0.0 CG2 158 
   358 120.3 0.0 N 40 
   573 2.55 0.0 HB2 58 
   316 116.1 0.0 N 37 
   909 4.75 0.0 HA 85 
   74 8.12 0.0 H 18 
   878 1.45 0.0 HG 83 
   1978 8.4 0.0 H 173 
   1656 120.5 0.0 N 147 
   1471 26.2 0.0 CD2 132 
   202 1.47 0.0 HB1 28 
   176 24.6 0.0 CG 25 
   1891 1.0 0.0 HG23 166 
   1851 2.24 0.0 HB2 163 
   440 0.98 0.0 HD22 47 
   1735 2.08 0.0 HG 154 
   942 1.9 0.0 HB3 87 
   1188 58.3 0.0 CA 107 
   180 10.39 0.0 H 26 
   1848 120.1 0.0 N 162 
   241 55.0 0.0 CA 32 
   585 39.9 0.0 CB 59 
   452 1.86 0.0 HG13 48 
   819 125.9 0.0 CD1 78 
   1700 105.7 0.0 N 151 
   1801 2.05 0.0 HG3 159 
   750 7.02 0.0 HZ2 73 
   103 36.3 0.0 CG 20 
   1191 22.2 0.0 CG2 107 
   108 0.36 0.0 HG12 21 
   1514 4.26 0.0 HA 136 
   1158 1.15 0.0 HG13 105 
   1556 2.87 0.0 HE2 139 
   913 1.18 0.0 HG3 85 
   654 0.91 0.0 HD22 64 
   1201 32.3 0.0 CB 108 
   83 64.2 0.0 CA 18 
   1340 28.9 0.0 CD 122 
   435 1.91 0.0 HG 47 
   1806 28.7 0.0 CG 159 
   711 58.0 0.0 CA 69 
   1813 41.7 0.0 CB 160 
   1212 36.8 0.0 CG 109 
   940 5.28 0.0 HA 87 
   1520 40.4 0.0 CB 136 
   1255 25.6 0.0 CG 113 
   595 7.49 0.0 H 61 
   25 4.07 0.0 HA 14 
   1957 2.2 0.0 HG3 171 
   1538 1.22 0.0 HB2 138 
   1175 1.34 0.0 HB3 106 
   1558 57.9 0.0 CA 139 
   1539 1.47 0.0 HB3 138 
   864 34.3 0.0 CB 81 
   1985 8.55 0.0 H 174 
   1989 7.61 0.0 HD21 174 
   131 27.7 0.0 CG 22 
   1405 7.06 0.0 HD2 128 
   607 128.3 0.0 CD1 61 
   69 64.5 0.0 CA 17 
   1333 1.6 0.0 HD2 122 
   1031 0.7 0.0 HG23 94 
   981 0.71 0.0 HD11 90 
   1334 1.73 0.0 HD3 122 
   1533 33.3 0.0 CB 137 
   670 36.3 0.0 CG 65 
   245 3.99 0.0 HA 33 
   179 116.8 0.0 N 25 
   1326 107.3 0.0 N 121 
   1793 28.2 0.0 CG1 158 
   281 22.8 0.0 CD1 35 
   1497 54.7 0.0 CA 134 
   1086 7.33 0.0 HE2 98 
   593 40.5 0.0 CB 60 
   841 8.07 0.0 H 80 
   172 2.92 0.0 HE2 25 
   1531 1.08 0.0 HG23 137 
   1667 0.92 0.0 HD23 148 
   48 4.19 0.0 HA 16 
   1436 1.74 0.0 HD3 130 
   1766 33.1 0.0 CB 156 
   1464 1.04 0.0 HD21 132 
   137 0.96 0.0 HG12 23 
   554 4.54 0.0 HA 56 
   326 28.0 0.0 CB 38 
   167 1.76 0.0 HB3 25 
   1621 115.4 0.0 N 144 
   495 2.1 0.0 HB 51 
   1079 7.67 0.0 H 98 
   1958 55.9 0.0 CA 171 
   4 54.1 0.0 CA 11 
   1872 56.9 0.0 CA 164 
   727 69.3 0.0 CB 71 
   1259 7.31 0.0 H 114 
   46 121.6 0.0 N 15 
   1183 0.58 0.0 HG12 107 
   571 7.96 0.0 H 58 
   796 24.8 0.0 CG 76 
   644 118.8 0.0 N 63 
   1894 21.8 0.0 CG1 166 
   682 3.59 0.0 HB3 67 
   1728 122.7 0.0 CH2 153 
   1329 1.25 0.0 HB2 122 
   1263 1.17 0.0 HG22 114 
   824 117.5 0.0 N 78 
   482 7.26 0.0 HD1 50 
   1445 4.38 0.0 HA 131 
   1785 0.42 0.0 HG21 158 
   1943 1.6 0.0 HD3 170 
   1746 27.6 0.0 CD2 154 
   98 2.19 0.0 HB3 20 
   859 4.82 0.0 HA 81 
   1889 1.0 0.0 HG21 166 
   544 1.6 0.0 HD3 55 
   752 6.46 0.0 HH2 73 
   1141 31.9 0.0 CB 103 
   1673 110.9 0.0 N 148 
   1343 7.91 0.0 H 123 
   162 25.5 0.0 CD2 24 
   1714 3.23 0.0 HB2 153 
   194 6.5 0.0 HD21 27 
   1935 122.1 0.0 N 169 
   736 3.09 0.0 HD2 72 
   1145 4.26 0.0 HA 104 
   980 1.02 0.0 HG23 90 
   632 4.37 0.0 HA 63 
   1415 3.22 0.0 HB3 129 
   413 2.34 0.0 HB3 45 
   1493 4.17 0.0 HA 134 
   1546 24.1 0.0 CG 138 
   1451 3.77 0.0 HD3 131 
   499 0.8 0.0 HG21 51 
   1189 31.4 0.0 CB 107 
   1930 2.88 0.0 HB3 169 
   1393 111.5 0.0 N 126 
   1470 23.5 0.0 CD1 132 
   1265 58.4 0.0 CA 114 
   124 2.46 0.0 HB3 22 
   798 42.2 0.0 CE 76 
   1575 127.3 0.0 CD1 140 
   688 110.7 0.0 ND2 67 
   303 7.5 0.0 H 37 
   651 0.91 0.0 HD12 64 
   1196 1.88 0.0 HG2 108 
   254 27.3 0.0 CG 33 
   174 57.0 0.0 CA 25 
   1203 49.8 0.0 CD 108 
   908 8.45 0.0 H 85 
   1192 119.5 0.0 N 107 
   719 107.1 0.0 N 70 
   71 21.1 0.0 CG1 17 
   1818 1.9 0.0 HB3 161 
   1942 1.6 0.0 HD2 170 
   256 121.0 0.0 N 33 
   673 4.75 0.0 HA 66 
   1217 1.6 0.0 HB3 110 
   1648 117.1 0.0 N 146 
   1857 58.8 0.0 CA 163 
   322 2.45 0.0 HG3 38 
   690 3.96 0.0 HA 68 
   1051 50.6 0.0 CD 95 
   1376 0.33 0.0 HD22 125 
   704 123.1 0.0 N 68 
   1885 2.17 0.0 HB 166 
   1568 6.2 0.0 HD1 140 
   1691 42.2 0.0 CB 150 
   978 1.02 0.0 HG21 90 
   1485 126.6 0.0 CD1 133 
   694 1.46 0.0 HG3 68 
   283 119.1 0.0 N 35 
   1578 129.7 0.0 CE2 140 
   944 2.0 0.0 HG3 87 
   1692 27.0 0.0 CG 150 
   857 128.9 0.0 N 80 
   1418 6.99 0.0 HE1 129 
   1078 103.6 0.0 N 97 
   319 2.23 0.0 HB2 38 
   1723 29.6 0.0 CB 153 
   1422 39.5 0.0 CB 129 
   1103 25.1 0.0 CG 99 
   147 9.12 0.0 H 24 
   962 129.6 0.0 CE1 88 
   1570 6.77 0.0 HE1 140 
   1620 136.3 0.0 CE1 144 
   239 3.17 0.0 HB2 32 
   1879 3.97 0.0 HA2 165 
   960 131.7 0.0 CD1 88 
   325 58.3 0.0 CA 38 
   1040 121.6 0.0 N 94 
   1850 4.04 0.0 HA 163 
   1604 3.75 0.0 HA 143 
   1027 1.78 0.0 HG12 94 
   1893 32.2 0.0 CB 166 
   1767 21.1 0.0 CG1 156 
   183 1.25 0.0 HG21 26 
   1439 62.3 0.0 CA 130 
   1016 112.7 0.0 N 92 
   500 0.8 0.0 HG22 51 
   42 58.2 0.0 CA 15 
   837 131.9 0.0 CD2 79 
   1725 119.6 0.0 CE3 153 
   62 2.21 0.0 HB 17 
   1283 119.1 0.0 N 116 
   1688 1.16 0.0 HD22 150 
   211 44.9 0.0 CA 29 
   1900 0.81 0.0 HG12 167 
   1810 2.55 0.0 HB2 160 
   142 61.6 0.0 CA 23 
   1744 26.8 0.0 CG 154 
   354 41.3 0.0 CB 40 
   1852 2.24 0.0 HB3 163 
   26 4.2 0.0 HB 14 
   1614 3.34 0.0 HB3 144 
   1091 118.2 0.0 CE1 98 
   30 64.2 0.0 CA 14 
   237 8.17 0.0 H 32 
   457 0.92 0.0 HD12 48 
   1721 6.62 0.0 HH2 153 
   747 6.4 0.0 HD1 73 
   792 2.95 0.0 HE2 76 
   938 129.3 0.0 N 86 
   1938 1.7 0.0 HB2 170 
   746 2.21 0.0 HB3 73 
   1067 13.2 0.0 CD1 96 
   1211 30.2 0.0 CB 109 
   473 57.4 0.0 CA 49 
   1608 55.6 0.0 CA 143 
   480 3.32 0.0 HB2 50 
   763 5.33 0.0 HA 74 
   81 1.01 0.0 HG22 18 
   1375 0.33 0.0 HD21 125 
   1770 7.92 0.0 H 157 
   1232 4.44 0.0 HA 111 
   1118 1.08 0.0 HG21 101 
   993 2.38 0.0 HB3 91 
   1759 0.75 0.0 HG11 156 
   545 2.84 0.0 HE2 55 
   1523 6.64 0.0 H 137 
   1298 53.1 0.0 CA 118 
   1387 1.41 0.0 HG21 126 
   533 55.3 0.0 CA 54 
   1161 0.67 0.0 HG23 105 
   1116 4.28 0.0 HA 101 
   1409 120.2 0.0 CD2 128 
   128 4.08 0.0 HD3 22 
   418 59.3 0.0 CA 45 
   411 4.15 0.0 HA 45 
   406 131.7 0.0 CD2 44 
   586 116.4 0.0 N 59 
   915 1.28 0.0 HD3 85 
   1862 7.88 0.0 H 164 
   799 121.3 0.0 N 76 
   1363 2.78 0.0 HB3 124 
   1234 2.72 0.0 HB3 111 
   515 36.4 0.0 CG 52 
   1488 123.0 0.0 CZ3 133 
   39 1.72 0.0 HG3 15 
   1322 8.15 0.0 H 121 
   1874 26.3 0.0 CG 164 
   1715 3.56 0.0 HB3 153 
   1013 129.9 0.0 CE1 92 
   1474 3.57 0.0 HA 133 
   1284 2.3 0.0 HG2 117 
   1844 38.3 0.0 CB 162 
   1187 0.93 0.0 HG23 107 
   165 4.41 0.0 HA 25 
   226 1.82 0.0 HB2 31 
   100 2.4 0.0 HG3 20 
   692 1.89 0.0 HB3 68 
   1660 2.08 0.0 HB3 148 
   123 1.93 0.0 HB2 22 
   1554 1.56 0.0 HD2 139 
   370 32.0 0.0 CB 41 
   206 24.4 0.0 CB 28 
   686 37.3 0.0 CB 67 
   886 39.8 0.0 CB 83 
   896 0.41 0.0 HD11 84 
   288 7.34 0.0 HD1 36 
   1934 120.5 0.0 CD2 169 
   1412 7.96 0.0 H 129 
   1741 1.14 0.0 HD23 154 
   264 28.8 0.0 CB 34 
   1487 113.9 0.0 CZ2 133 
   1827 41.4 0.0 CB 161 
   291 7.92 0.0 HZ2 36 
   1336 2.91 0.0 HE3 122 
   1036 36.4 0.0 CB 94 
   270 1.81 0.0 HB3 35 
   583 7.7 0.0 HD22 59 
   1492 8.33 0.0 H 134 
   1355 37.5 0.0 CB 123 
   1281 56.2 0.0 CA 116 
   655 0.91 0.0 HD23 64 
   321 2.45 0.0 HG2 38 
   250 3.34 0.0 HD2 33 
   1855 7.42 0.0 HE21 163 
   1572 6.2 0.0 HZ 140 
   214 1.05 0.0 HB2 30 
   949 9.09 0.0 H 88 
   1962 8.44 0.0 H 172 
   1008 6.45 0.0 HZ 92 
   1757 3.87 0.0 HA 156 
   1708 64.6 0.0 CA 152 
   1115 7.25 0.0 H 101 
   371 25.0 0.0 CG 41 
   669 34.1 0.0 CB 65 
   1896 115.2 0.0 N 166 
   1039 8.7 0.0 CD1 94 
   1915 4.83 0.0 HA 168 
   1525 1.75 0.0 HB 137 
   218 2.45 0.0 HD2 30 
   1015 127.8 0.0 CZ 92 
   54 3.21 0.0 HD3 16 
   470 1.93 0.0 HG3 49 
   509 2.1 0.0 HB2 52 
   1440 29.7 0.0 CB 130 
   24 7.95 0.0 H 14 
   407 117.8 0.0 CE1 44 
   1860 121.6 0.0 N 163 
   1072 1.17 0.0 HG21 97 
   1022 43.0 0.0 CB 93 
   427 5.22 0.0 HG 46 
   776 130.0 0.0 CE2 74 
   783 107.1 0.0 N 75 
   23 122.6 0.0 N 13 
   1209 2.43 0.0 HG3 109 
   498 0.78 0.0 HG13 51 
   1880 4.11 0.0 HA3 165 
   994 2.13 0.0 HG2 91 
   105 7.66 0.0 H 21 
   569 19.0 0.0 CB 57 
   576 39.1 0.0 CB 58 
   425 3.98 0.0 HB2 46 
   1787 0.42 0.0 HG23 158 
   936 117.5 0.0 CE1 86 
   433 1.79 0.0 HB2 47 
   639 7.37 0.0 HE 63 
   1960 36.0 0.0 CG 171 
   1542 3.23 0.0 HD2 138 
   959 42.6 0.0 CB 88 
   338 58.1 0.0 CA 39 
   813 7.27 0.0 HE3 78 
   335 1.47 0.0 HG3 39 
   1812 57.2 0.0 CA 160 
   97 1.96 0.0 HB2 20 
   1199 3.77 0.0 HD3 108 
   1155 3.79 0.0 HA 105 
   922 41.3 0.0 CE 85 
   513 59.7 0.0 CA 52 
   1622 8.62 0.0 H 145 
   999 117.4 0.0 N 91 
   772 40.5 0.0 CB 74 
   1287 1.89 0.0 HE2 117 
   1791 63.4 0.0 CA 158 
   1530 1.08 0.0 HG22 137 
   1920 6.76 0.0 HE21 168 
   590 2.19 0.0 HB2 60 
   1907 0.85 0.0 HD13 167 
   795 38.2 0.0 CB 76 
   1589 1.6 0.0 HB3 142 
   1032 0.45 0.0 HD11 94 
   18 1.47 0.0 HB1 13 
   1346 0.57 0.0 HG12 123 
   1162 0.43 0.0 HD11 105 
   282 25.2 0.0 CD2 35 
   1064 37.7 0.0 CB 96 
   186 65.4 0.0 CA 26 
   502 67.2 0.0 CA 51 
   1799 2.07 0.0 HB3 159 
   1053 3.78 0.0 HA 96 
   1504 1.59 0.0 HG2 135 
   1853 2.49 0.0 HG2 163 
   1312 57.4 0.0 CA 119 
   1342 118.4 0.0 N 122 
   1429 8.59 0.0 H 130 
   550 29.7 0.0 CD 55 
   1007 6.63 0.0 HE2 92 
   1090 133.8 0.0 CD2 98 
   1506 3.11 0.0 HD2 135 
   1649 8.35 0.0 H 147 
   1873 34.1 0.0 CB 164 
   1411 114.8 0.0 N 128 
   373 42.2 0.0 CE 41 
   876 1.57 0.0 HB2 83 
   1368 4.45 0.0 HA 125 
   1231 7.36 0.0 H 111 
   1353 -0.19 0.0 HD13 123 
   13 29.4 0.0 CB 12 
   777 129.4 0.0 CZ 74 
   1219 0.5 0.0 HD11 110 
   615 4.91 0.0 HA 62 
   867 9.03 0.0 H 82 
   1434 1.72 0.0 HG3 130 
   203 1.47 0.0 HB2 28 
   10 2.32 0.0 HG2 12 
   1534 20.4 0.0 CG1 137 
   231 3.17 0.0 HD3 31 
   1594 0.37 0.0 HD21 142 
   439 0.98 0.0 HD21 47 
   260 2.16 0.0 HB3 34 
   1325 45.6 0.0 CA 121 
   754 30.6 0.0 CB 73 
   1185 0.93 0.0 HG21 107 
   1069 7.01 0.0 H 97 
   1782 1.56 0.0 HB 158 
   1764 0.93 0.0 HG23 156 
   301 121.6 0.0 N 36 
   1716 7.36 0.0 HD1 153 
   1241 45.8 0.0 CA 112 
   463 13.2 0.0 CD1 48 
   1996 4.26 0.0 HA 175 
   1650 4.49 0.0 HA 147 
   1496 1.5 0.0 HB3 134 
   85 21.7 0.0 CG1 18 
   299 120.3 0.0 CZ3 36 
   582 6.69 0.0 HD21 59 
   1684 0.87 0.0 HD11 150 
   234 27.1 0.0 CG 31 
   691 1.81 0.0 HB2 68 
   1803 3.0 0.0 HD3 159 
   217 1.44 0.0 HG3 30 
   596 4.27 0.0 HA 61 
   459 65.0 0.0 CA 48 
   1713 4.06 0.0 HA 153 
   695 1.69 0.0 HD2 68 
   1350 -0.36 0.0 HG23 123 
   1547 48.1 0.0 CD 138 
   1113 21.6 0.0 CG2 100 
   1789 0.18 0.0 HD12 158 
   613 127.8 0.0 NE1 61 
   453 0.97 0.0 HG21 48 
   1307 1.79 0.0 HB3 119 
   1973 32.8 0.0 CB 172 
   1228 25.1 0.0 CD1 110 
   1887 1.0 0.0 HG12 166 
   766 6.87 0.0 HD1 74 
   31 68.6 0.0 CB 14 
   1549 4.17 0.0 HA 139 
   1677 45.7 0.0 CA 149 
   356 24.3 0.0 CD1 40 
   956 7.18 0.0 HE2 88 
   280 27.0 0.0 CG 35 
   1866 1.45 0.0 HG2 164 
   714 115.4 0.0 N 69 
   289 9.86 0.0 HE1 36 
   1927 8.65 0.0 H 169 
   656 54.3 0.0 CA 64 
   1483 61.0 0.0 CA 133 
   1773 0.96 0.0 HB3 157 
   1663 0.8 0.0 HD12 148 
   616 2.1 0.0 HB2 62 
   965 121.3 0.0 N 88 
   842 5.13 0.0 HA 80 
   889 22.5 0.0 CD2 83 
   1888 1.0 0.0 HG13 166 
   1458 1.61 0.0 HB2 132 
   771 54.9 0.0 CA 74 
   209 3.95 0.0 HA2 29 
   1776 57.3 0.0 CA 157 
   903 43.1 0.0 CB 84 
   1065 27.8 0.0 CG1 96 
   68 1.1 0.0 HG23 17 
   1463 0.93 0.0 HD13 132 
   1637 23.3 0.0 CD2 145 
   567 1.5 0.0 HB3 57 
   360 4.16 0.0 HA 41 
   279 42.7 0.0 CB 35 
   1837 0.81 0.0 HG21 162 
   566 1.5 0.0 HB2 57 
   1877 115.9 0.0 N 164 
   703 41.8 0.0 CE 68 
   556 2.93 0.0 HB3 56 
   755 123.5 0.0 CD1 73 
   392 28.4 0.0 CB 43 
   1658 4.51 0.0 HA 148 
   604 7.04 0.0 HH2 61 
   1954 1.93 0.0 HB2 171 
   1128 0.01 0.0 HB2 102 
   1696 9.07 0.0 H 151 
   311 1.13 0.0 HG23 37 
   57 27.3 0.0 CG 16 
   996 55.2 0.0 CA 91 
   503 31.5 0.0 CB 51 
   1834 1.39 0.0 HB 162 
   320 2.23 0.0 HB3 38 
   1123 21.0 0.0 CG2 101 
   1286 1.89 0.0 HE1 117 
   1402 4.57 0.0 HA 128 
   721 4.41 0.0 HA 71 
   1106 4.12 0.0 HA 100 
   43 30.1 0.0 CB 15 
   1705 2.09 0.0 HG3 152 
   939 8.12 0.0 H 87 
   1208 2.43 0.0 HG2 109 
   1410 136.2 0.0 CE1 128 
   82 1.01 0.0 HG23 18 
   920 25.6 0.0 CG 85 
   1519 53.4 0.0 CA 136 
   1468 41.9 0.0 CB 132 
   1970 2.95 0.0 HE2 172 
   347 0.84 0.0 HD11 40 
   1624 1.42 0.0 HB2 145 
   899 0.64 0.0 HD21 84 
   862 7.19 0.0 HD2 81 
   1087 58.3 0.0 CA 98 
   1780 7.94 0.0 H 158 
   1104 49.5 0.0 CD 99 
   984 58.5 0.0 CA 90 
   523 55.6 0.0 CA 53 
   1098 1.77 0.0 HG3 99 
   1044 1.84 0.0 HG2 95 
   35 4.1 0.0 HA 15 
   61 3.95 0.0 HA 17 
   1815 7.82 0.0 H 161 
   53 3.21 0.0 HD2 16 
   843 1.63 0.0 HB 80 
   1397 2.68 0.0 HB3 127 
   652 0.91 0.0 HD13 64 
   827 4.84 0.0 HA 79 
   675 2.44 0.0 HB3 66 
   129 63.3 0.0 CA 22 
   1235 56.4 0.0 CA 111 
   882 0.77 0.0 HD21 83 
   1566 1.98 0.0 HB2 140 
   49 1.9 0.0 HB2 16 
   861 3.25 0.0 HB3 81 
   1279 2.0 0.0 HB2 116 
   786 1.44 0.0 HB2 76 
   363 1.45 0.0 HG2 41 
   1296 6.74 0.0 HE1 118 
   1553 1.46 0.0 HG3 139 
   683 7.79 0.0 HD21 67 
   1289 36.0 0.0 CG 117 
   1460 1.53 0.0 HG 132 
   159 41.3 0.0 CB 24 
   1571 6.77 0.0 HE2 140 
   810 3.29 0.0 HB3 78 
   1318 4.1 0.0 HA2 120 
   253 28.7 0.0 CB 33 
   265 36.3 0.0 CG 34 
   89 4.33 0.0 HA 19 
   947 37.4 0.0 CG 87 
   1849 8.1 0.0 H 163 
   845 1.57 0.0 HG13 80 
   143 32.8 0.0 CB 23 
   534 36.9 0.0 CB 54 
   744 4.72 0.0 HA 73 
   1809 4.33 0.0 HA 160 
   1270 4.47 0.0 HA 115 
   762 8.53 0.0 H 74 
   1093 128.0 0.0 N 98 
   666 1.89 0.0 HG2 65 
   1798 1.66 0.0 HB2 159 
   540 1.91 0.0 HB3 55 
   1088 42.0 0.0 CB 98 
   1229 22.5 0.0 CD2 110 
   481 3.32 0.0 HB3 50 
   1424 131.7 0.0 CD2 129 
   1083 7.86 0.0 HD1 98 
   353 57.5 0.0 CA 40 
   1313 30.5 0.0 CB 119 
   177 29.2 0.0 CD 25 
   223 48.9 0.0 CD 30 
   730 7.61 0.0 H 72 
   821 114.1 0.0 CZ2 78 
   1779 117.5 0.0 N 157 
   436 0.93 0.0 HD11 47 
   1222 0.68 0.0 HD21 110 
   1665 0.92 0.0 HD21 148 
   1847 14.9 0.0 CD1 162 
   333 2.31 0.0 HB3 39 
   1670 27.0 0.0 CG 148 
   1419 6.99 0.0 HE2 129 
   1448 1.99 0.0 HG2 131 
   469 1.74 0.0 HG2 49 
   875 3.58 0.0 HA 83 
   600 9.85 0.0 HE1 61 
   830 6.96 0.0 HD1 79 
   471 3.37 0.0 HD2 49 
   1337 55.1 0.0 CA 122 
   927 3.29 0.0 HB3 86 
   1003 3.68 0.0 HB3 92 
   1413 4.07 0.0 HA 129 
   293 7.05 0.0 HH2 36 
   50 1.9 0.0 HB3 16 
   208 8.82 0.0 H 29 
   869 2.25 0.0 HB2 82 
   1829 26.1 0.0 CD1 161 
   1392 21.7 0.0 CG2 126 
   1706 3.08 0.0 HD2 152 
   1737 0.88 0.0 HD12 154 
   1842 0.01 0.0 HD13 162 
   1718 7.08 0.0 HE3 153 
   475 26.1 0.0 CG 49 
   277 1.01 0.0 HD23 35 
   153 1.0 0.0 HD12 24 
   306 0.99 0.0 HG11 37 
   1443 41.8 0.0 CE 130 
   1749 3.86 0.0 HA 155 
   47 8.18 0.0 H 16 
   1009 57.4 0.0 CA 92 
   1274 52.6 0.0 CA 115 
   1689 1.16 0.0 HD23 150 
   735 1.63 0.0 HG3 72 
   259 2.16 0.0 HB2 34 
   501 0.8 0.0 HG23 51 
   377 2.27 0.0 HB2 42 
   880 0.82 0.0 HD12 83 
   191 4.6 0.0 HA 27 
   1856 6.84 0.0 HE22 163 
   1391 69.5 0.0 CB 126 
   372 29.5 0.0 CD 41 
   1400 122.0 0.0 N 127 
   528 4.38 0.0 HA 54 
   976 0.84 0.0 HG12 90 
   1408 30.4 0.0 CB 128 
   1216 1.6 0.0 HB2 110 
   409 118.4 0.0 N 44 
   541 1.31 0.0 HG2 55 
   3 2.76 0.0 HB3 11 
   689 8.83 0.0 H 68 
   77 0.94 0.0 HG11 18 
   998 35.4 0.0 CG 91 
   642 26.9 0.0 CG 63 
   1792 30.6 0.0 CB 158 
   937 117.5 0.0 CE2 86 
   367 2.96 0.0 HE2 41 
   1316 120.9 0.0 N 119 
   753 55.4 0.0 CA 73 
   1150 54.1 0.0 CA 104 
   1991 53.2 0.0 CA 174 
   1357 17.0 0.0 CG2 123 
   769 7.0 0.0 HE2 74 
   1682 2.33 0.0 HB3 150 
   37 1.87 0.0 HB3 15 
   751 6.65 0.0 HZ3 73 
   1615 5.82 0.0 HD2 144 
   749 7.03 0.0 HE3 73 
   446 23.9 0.0 CD2 47 
   1169 14.7 0.0 CD1 105 
   138 0.96 0.0 HG13 23 
   832 6.69 0.0 HE1 79 
   1541 1.72 0.0 HG3 138 
   442 58.8 0.0 CA 47 
   9 2.03 0.0 HB3 12 
   1317 8.98 0.0 H 120 
   1995 8.36 0.0 H 175 
   1121 59.6 0.0 CA 101 
   1253 56.4 0.0 CA 113 
   1537 4.86 0.0 HA 138 
   552 122.1 0.0 N 55 
   707 2.1 0.0 HB2 69 
   262 2.42 0.0 HG3 34 
   1508 57.0 0.0 CA 135 
   286 3.29 0.0 HB2 36 
   391 58.5 0.0 CA 43 
   219 3.47 0.0 HD3 30 
   120 13.1 0.0 CD1 21 
   900 0.64 0.0 HD22 84 
   1303 117.4 0.0 CE2 118 
   87 118.3 0.0 N 18 
   1486 120.1 0.0 CE3 133 
   1777 29.2 0.0 CB 157 
   852 59.6 0.0 CA 80 
   1454 27.9 0.0 CG 131 
   1213 116.4 0.0 N 109 
   1528 0.66 0.0 HG13 137 
   1085 6.93 0.0 HE1 98 
   315 22.1 0.0 CG2 37 
   1703 2.44 0.0 HB3 152 
   1707 3.6 0.0 HD3 152 
   1070 4.43 0.0 HA 97 
   1897 6.85 0.0 H 167 
   1426 129.8 0.0 CE2 129 
   1309 1.68 0.0 HG3 119 
   1476 3.07 0.0 HB3 133 
   1101 62.8 0.0 CA 99 
   1619 115.6 0.0 CD2 144 
   1398 56.8 0.0 CA 127 
   1416 7.05 0.0 HD1 129 
   454 0.97 0.0 HG22 48 
   618 5.47 0.0 HD1 62 
   767 6.87 0.0 HD2 74 
   806 114.4 0.0 N 77 
   1097 1.5 0.0 HG2 99 
   1544 64.6 0.0 CA 138 
   1148 2.07 0.0 HG2 104 
   193 3.25 0.0 HB3 27 
   1869 1.59 0.0 HD3 164 
   1348 -0.36 0.0 HG21 123 
   1967 1.43 0.0 HG3 172 
   273 0.91 0.0 HD12 35 
   910 1.51 0.0 HB2 85 
   1912 14.6 0.0 CD1 167 
   112 0.18 0.0 HG23 21 
   592 54.1 0.0 CA 60 
   945 54.3 0.0 CA 87 
   22 18.5 0.0 CB 13 
   428 62.8 0.0 CA 46 
   1921 7.47 0.0 HE22 168 
   1293 3.08 0.0 HB3 118 
   1755 115.0 0.0 N 155 
   563 7.52 0.0 H 57 
   1743 42.6 0.0 CB 154 
   88 8.07 0.0 H 19 
   759 123.7 0.0 CH2 73 
   216 1.05 0.0 HG2 30 
   829 3.01 0.0 HB3 79 
   381 59.1 0.0 CA 42 
   1974 24.7 0.0 CG 172 
   698 3.0 0.0 HE3 68 
   1081 2.76 0.0 HB2 98 
   1819 1.91 0.0 HG 161 
   1914 8.64 0.0 H 168 
   1245 1.76 0.0 HB2 113 
   401 6.81 0.0 HE1 44 
   1242 115.0 0.0 N 112 
   1420 6.93 0.0 HZ 129 
   770 6.92 0.0 HZ 74 
   1095 1.45 0.0 HB2 99 
   204 1.47 0.0 HB3 28 
   1593 -0.51 0.0 HD13 142 
   1059 0.98 0.0 HG23 96 
   877 2.1 0.0 HB3 83 
   1041 4.62 0.0 HA 95 
   1653 1.22 0.0 HB3 147 
   1395 4.38 0.0 HA 127 
   906 24.8 0.0 CD2 84 
   327 33.3 0.0 CG 38 
   1598 40.4 0.0 CB 142 
   760 125.1 0.0 N 73 
   1808 6.55 0.0 H 160 
   487 38.5 0.0 CB 50 
   448 8.86 0.0 H 48 
   619 5.47 0.0 HD2 62 
   1745 23.0 0.0 CD1 154 
   476 42.2 0.0 CD 49 
   1335 2.91 0.0 HE2 122 
   925 4.52 0.0 HA 86 
   317 7.16 0.0 H 38 
   1687 1.16 0.0 HD21 150 
   546 2.84 0.0 HE3 55 
   1394 8.77 0.0 H 127 
   323 6.95 0.0 HE21 38 
   1736 0.88 0.0 HD11 154 
   1693 23.0 0.0 CD1 150 
   383 35.5 0.0 CG 42 
   484 6.97 0.0 HE1 50 
   1371 1.35 0.0 HG 125 
   135 2.37 0.0 HB 23 
   1587 3.92 0.0 HA 142 
   1557 2.91 0.0 HE3 139 
   1356 24.8 0.0 CG1 123 
   914 1.27 0.0 HD2 85 
   954 7.16 0.0 HD2 88 
   1280 2.0 0.0 HB3 116 
   274 0.91 0.0 HD13 35 
   1494 1.5 0.0 HB1 134 
   1898 4.64 0.0 HA 167 
   1417 7.05 0.0 HD2 129 
   1949 29.2 0.0 CD 170 
   1427 129.2 0.0 CZ 129 
   158 56.0 0.0 CA 24 
   765 3.22 0.0 HB3 74 
   1401 7.93 0.0 H 128 
   970 54.7 0.0 CA 89 
   1018 5.58 0.0 HA 93 
   1926 112.3 0.0 NE2 168 
   1694 27.2 0.0 CD2 150 
   601 7.9 0.0 HE3 61 
   388 2.34 0.0 HB3 43 
   460 37.8 0.0 CB 48 
   1045 1.91 0.0 HG3 95 
   1444 118.4 0.0 N 130 
   156 1.18 0.0 HD22 24 
   1000 8.46 0.0 H 92 
   1592 -0.51 0.0 HD12 142 
   535 122.2 0.0 N 54 
   664 1.55 0.0 HB2 65 
   881 0.82 0.0 HD13 83 
   266 121.5 0.0 N 34 
   1320 45.5 0.0 CA 120 
   1271 1.43 0.0 HB1 115 
   671 122.0 0.0 N 65 
   1859 33.7 0.0 CG 163 
   510 2.21 0.0 HB3 52 
   1206 2.17 0.0 HB2 109 
   1421 62.4 0.0 CA 129 
   111 0.18 0.0 HG22 21 
   816 6.84 0.0 HH2 78 
   190 9.34 0.0 H 27 
   1977 122.0 0.0 N 172 
   1661 1.64 0.0 HG 148 
   570 121.1 0.0 N 57 
   696 1.69 0.0 HD3 68 
   1025 4.37 0.0 HA 94 
   631 8.75 0.0 H 63 
   255 43.1 0.0 CD 33 
   636 1.74 0.0 HG3 63 
   1761 0.75 0.0 HG13 156 
   823 123.5 0.0 CH2 78 
   564 4.51 0.0 HA 57 
   344 0.97 0.0 HB2 40 
   975 1.75 0.0 HB 90 
   1833 3.68 0.0 HA 162 
   1629 -0.05 0.0 HD13 145 
   1816 3.88 0.0 HA 161 
   252 58.8 0.0 CA 33 
   1484 27.6 0.0 CB 133 
   324 8.08 0.0 HE22 38 
   225 4.34 0.0 HA 31 
   1892 63.3 0.0 CA 166 
   804 55.2 0.0 CA 77 
   1073 1.17 0.0 HG22 97 
   305 2.2 0.0 HB 37 
   1385 4.28 0.0 HA 126 
   1699 49.3 0.0 CA 151 
   1304 8.4 0.0 H 119 
   1437 2.99 0.0 HE2 130 
   488 131.7 0.0 CD1 50 
   99 2.21 0.0 HG2 20 
   1947 33.5 0.0 CB 170 
   387 2.22 0.0 HB2 43 
   1535 22.9 0.0 CG2 137 
   272 0.91 0.0 HD11 35 
   170 1.6 0.0 HD2 25 
   1052 8.69 0.0 H 96 
   1581 9.74 0.0 H 141 
   1961 119.4 0.0 N 171 
   32 22.0 0.0 CG2 14 
   1560 25.7 0.0 CG 139 
   853 38.1 0.0 CB 80 
   617 2.5 0.0 HB3 62 
   1606 1.04 0.0 HB2 143 
   807 9.24 0.0 H 78 
   1328 4.58 0.0 HA 122 
   1807 49.4 0.0 CD 159 
   742 123.7 0.0 N 72 
   1747 118.8 0.0 N 154 
   1655 20.6 0.0 CB 147 
   178 41.8 0.0 CE 25 
   405 131.7 0.0 CD1 44 
   1149 2.24 0.0 HG3 104 
   437 0.93 0.0 HD12 47 
   1105 8.2 0.0 H 100 
   987 19.5 0.0 CG2 90 
   1574 36.4 0.0 CB 140 
   1258 117.5 0.0 N 113 
   148 4.56 0.0 HA 24 
   290 7.31 0.0 HE3 36 
   284 8.01 0.0 H 36 
   192 2.32 0.0 HB2 27 
   1224 0.68 0.0 HD23 110 
   928 7.33 0.0 HD1 86 
   1804 66.3 0.0 CA 159 
   580 2.37 0.0 HB2 59 
   151 1.7 0.0 HG 24 
   516 119.7 0.0 N 52 
   1172 5.09 0.0 HA 106 
   905 22.3 0.0 CD1 84 
   542 1.59 0.0 HG3 55 
   1583 4.14 0.0 HA3 141 
   684 6.71 0.0 HD22 67 
   1588 0.74 0.0 HB2 142 
   93 63.2 0.0 CB 19 
   1361 4.44 0.0 HA 124 
   681 3.07 0.0 HB2 67 
   958 56.0 0.0 CA 88 
   379 2.4 0.0 HG2 42 
   1726 113.9 0.0 CZ2 153 
   73 119.6 0.0 N 17 
   1992 38.6 0.0 CB 174 
