   1298 53.1 0.0 CA 118 
   1198 3.48 0.0 HD2 108 
   1453 30.7 0.0 CB 131 
   1530 1.08 0.0 HG22 137 
   316 116.1 0.0 N 37 
   1202 27.1 0.0 CG 108 
   1680 4.08 0.0 HA 150 
   289 9.86 0.0 HE1 36 
   1791 63.4 0.0 CA 158 
   1293 3.08 0.0 HB3 118 
   824 117.5 0.0 N 78 
   469 1.74 0.0 HG2 49 
   757 113.1 0.0 CZ2 73 
   932 57.5 0.0 CA 86 
   642 26.9 0.0 CG 63 
   23 122.6 0.0 N 13 
   577 116.9 0.0 N 58 
   1783 0.82 0.0 HG12 158 
   1448 1.99 0.0 HG2 131 
   1773 0.96 0.0 HB3 157 
   759 123.7 0.0 CH2 73 
   708 2.23 0.0 HB3 69 
   403 62.3 0.0 CA 44 
   330 8.2 0.0 H 39 
   1885 2.17 0.0 HB 166 
   844 0.96 0.0 HG12 80 
   337 2.71 0.0 HD3 39 
   823 123.5 0.0 CH2 78 
   275 1.01 0.0 HD21 35 
   274 0.91 0.0 HD13 35 
   1805 30.6 0.0 CB 159 
   1326 107.3 0.0 N 121 
   455 0.97 0.0 HG23 48 
   1114 122.2 0.0 N 100 
   782 45.8 0.0 CA 75 
   1126 3.87 0.0 HA 102 
   1253 56.4 0.0 CA 113 
   95 7.79 0.0 H 20 
   1713 4.06 0.0 HA 153 
   279 42.7 0.0 CB 35 
   783 107.1 0.0 N 75 
   1785 0.42 0.0 HG21 158 
   173 2.92 0.0 HE3 25 
   475 26.1 0.0 CG 49 
   1894 21.8 0.0 CG1 166 
   1475 2.49 0.0 HB2 133 
   241 55.0 0.0 CA 32 
   1891 1.0 0.0 HG23 166 
   1013 129.9 0.0 CE1 92 
   770 6.92 0.0 HZ 74 
   1226 42.1 0.0 CB 110 
   1364 57.6 0.0 CA 124 
   466 4.23 0.0 HA 49 
   141 1.13 0.0 HG23 23 
   1861 111.2 0.0 NE2 163 
   791 1.68 0.0 HD3 76 
   1749 3.86 0.0 HA 155 
   950 5.09 0.0 HA 88 
   965 121.3 0.0 N 88 
   1967 1.43 0.0 HG3 172 
   1266 68.6 0.0 CB 114 
   426 3.98 0.0 HB3 46 
   514 29.2 0.0 CB 52 
   213 2.52 0.0 HA 30 
   735 1.63 0.0 HG3 72 
   1366 121.7 0.0 N 124 
   1870 2.92 0.0 HE2 164 
   187 68.1 0.0 CB 26 
   4 54.1 0.0 CA 11 
   639 7.37 0.0 HE 63 
   575 55.3 0.0 CA 58 
   64 1.01 0.0 HG12 17 
   1227 26.9 0.0 CG 110 
   1380 26.3 0.0 CG 125 
   18 1.47 0.0 HB1 13 
   798 42.2 0.0 CE 76 
   974 5.66 0.0 HA 90 
   1632 0.45 0.0 HD23 145 
   1913 112.3 0.0 N 167 
   658 27.3 0.0 CG 64 
   532 7.24 0.0 HD22 54 
   68 1.1 0.0 HG23 17 
   947 37.4 0.0 CG 87 
   928 7.33 0.0 HD1 86 
   1286 1.89 0.0 HE1 117 
   1413 4.07 0.0 HA 129 
   688 110.7 0.0 ND2 67 
   1515 0.92 0.0 HB2 136 
   2005 33.7 0.0 CG 175 
   172 2.92 0.0 HE2 25 
   1506 3.11 0.0 HD2 135 
   145 22.0 0.0 CG2 23 
   1396 2.61 0.0 HB2 127 
   1589 1.6 0.0 HB3 142 
   160 31.1 0.0 CG 24 
   1121 59.6 0.0 CA 101 
   457 0.92 0.0 HD12 48 
   1185 0.93 0.0 HG21 107 
   1465 1.04 0.0 HD22 132 
   1143 49.2 0.0 CD 103 
   749 7.03 0.0 HE3 73 
   1468 41.9 0.0 CB 132 
   1238 8.62 0.0 H 112 
   819 125.9 0.0 CD1 78 
   1786 0.42 0.0 HG22 158 
   1150 54.1 0.0 CA 104 
   719 107.1 0.0 N 70 
   1689 1.16 0.0 HD23 150 
   1369 1.43 0.0 HB2 125 
   651 0.91 0.0 HD12 64 
   447 120.8 0.0 N 47 
   76 2.19 0.0 HB 18 
   1990 6.91 0.0 HD22 174 
   1843 65.1 0.0 CA 162 
   1989 7.61 0.0 HD21 174 
   650 0.91 0.0 HD11 64 
   1316 120.9 0.0 N 119 
   686 37.3 0.0 CB 67 
   1346 0.57 0.0 HG12 123 
   592 54.1 0.0 CA 60 
   555 2.93 0.0 HB2 56 
   1113 21.6 0.0 CG2 100 
   599 7.87 0.0 HD1 61 
   746 2.21 0.0 HB3 73 
   1875 29.2 0.0 CD 164 
   237 8.17 0.0 H 32 
   1865 2.04 0.0 HB3 164 
   711 58.0 0.0 CA 69 
   1093 128.0 0.0 N 98 
   1325 45.6 0.0 CA 121 
   953 7.16 0.0 HD1 88 
   112 0.18 0.0 HG23 21 
   1508 57.0 0.0 CA 135 
   1020 2.67 0.0 HB3 93 
   804 55.2 0.0 CA 77 
   1811 2.55 0.0 HB3 160 
   321 2.45 0.0 HG2 38 
   1857 58.8 0.0 CA 163 
   410 8.21 0.0 H 45 
   1081 2.76 0.0 HB2 98 
   601 7.9 0.0 HE3 61 
   949 9.09 0.0 H 88 
   543 1.6 0.0 HD2 55 
   661 123.1 0.0 N 64 
   598 4.08 0.0 HB3 61 
   1819 1.91 0.0 HG 161 
   641 33.8 0.0 CB 63 
   1417 7.05 0.0 HD2 129 
   581 2.76 0.0 HB3 59 
   1221 0.5 0.0 HD13 110 
   606 29.6 0.0 CB 61 
   1495 1.5 0.0 HB2 134 
   529 3.06 0.0 HB2 54 
   61 3.95 0.0 HA 17 
   359 7.57 0.0 H 41 
   521 7.98 0.0 HD21 53 
   327 33.3 0.0 CG 38 
   1347 0.7 0.0 HG13 123 
   334 1.47 0.0 HG2 39 
   153 1.0 0.0 HD12 24 
   1702 1.82 0.0 HB2 152 
   1000 8.46 0.0 H 92 
   1151 30.1 0.0 CB 104 
   1806 28.7 0.0 CG 159 
   756 119.8 0.0 CE3 73 
   1670 27.0 0.0 CG 148 
   464 118.5 0.0 N 48 
   235 43.1 0.0 CD 31 
   1659 1.74 0.0 HB2 148 
   1422 39.5 0.0 CB 129 
   375 7.68 0.0 H 42 
   527 8.75 0.0 H 54 
   1254 33.3 0.0 CB 113 
   1210 58.3 0.0 CA 109 
   188 22.0 0.0 CG2 26 
   1665 0.92 0.0 HD21 148 
   43 30.1 0.0 CB 15 
   1333 1.6 0.0 HD2 122 
   1566 1.98 0.0 HB2 140 
   27 1.24 0.0 HG21 14 
   1289 36.0 0.0 CG 117 
   810 3.29 0.0 HB3 78 
   1798 1.66 0.0 HB2 159 
   360 4.16 0.0 HA 41 
   352 0.86 0.0 HD23 40 
   848 0.64 0.0 HG23 80 
   772 40.5 0.0 CB 74 
   1192 119.5 0.0 N 107 
   1397 2.68 0.0 HB3 127 
   1412 7.96 0.0 H 129 
   1679 7.83 0.0 H 150 
   1503 1.86 0.0 HB3 135 
   6 8.75 0.0 H 12 
   1561 29.3 0.0 CD 139 
   880 0.82 0.0 HD12 83 
   1186 0.93 0.0 HG22 107 
   84 31.9 0.0 CB 18 
   1408 30.4 0.0 CB 128 
   1957 2.2 0.0 HG3 171 
   1162 0.43 0.0 HD11 105 
   1168 17.5 0.0 CG2 105 
   183 1.25 0.0 HG21 26 
   1825 0.73 0.0 HD23 161 
   280 27.0 0.0 CG 35 
   1161 0.67 0.0 HG23 105 
   876 1.57 0.0 HB2 83 
   328 118.6 0.0 N 38 
   162 25.5 0.0 CD2 24 
   1674 7.41 0.0 H 149 
   908 8.45 0.0 H 85 
   377 2.27 0.0 HB2 42 
   1339 25.6 0.0 CG 122 
   285 4.72 0.0 HA 36 
   1571 6.77 0.0 HE2 140 
   1615 5.82 0.0 HD2 144 
   441 0.98 0.0 HD23 47 
   1667 0.92 0.0 HD23 148 
   722 4.57 0.0 HB 71 
   205 51.9 0.0 CA 28 
   459 65.0 0.0 CA 48 
   505 21.0 0.0 CG2 51 
   236 116.8 0.0 N 31 
   1591 -0.51 0.0 HD11 142 
   1719 7.16 0.0 HZ2 153 
   1812 57.2 0.0 CA 160 
   1040 121.6 0.0 N 94 
   990 8.61 0.0 H 91 
   372 29.5 0.0 CD 41 
   1774 0.82 0.0 HG2 157 
   1201 32.3 0.0 CB 108 
   1025 4.37 0.0 HA 94 
   1344 3.77 0.0 HA 123 
   1901 1.3 0.0 HG13 167 
   1899 1.86 0.0 HB 167 
   407 117.8 0.0 CE1 44 
   1868 1.5 0.0 HD2 164 
   1672 22.7 0.0 CD2 148 
   1640 4.36 0.0 HA 146 
   278 56.6 0.0 CA 35 
   1950 41.8 0.0 CE 170 
   1650 4.49 0.0 HA 147 
   1535 22.9 0.0 CG2 137 
   1828 26.2 0.0 CG 161 
   30 64.2 0.0 CA 14 
   508 3.88 0.0 HA 52 
   431 8.42 0.0 H 47 
   754 30.6 0.0 CB 73 
   902 53.6 0.0 CA 84 
   1377 0.33 0.0 HD23 125 
   70 32.2 0.0 CB 17 
   1491 130.6 0.0 NE1 133 
   210 4.82 0.0 HA3 29 
   442 58.8 0.0 CA 47 
   204 1.47 0.0 HB3 28 
   1675 4.05 0.0 HA2 149 
   1905 0.85 0.0 HD11 167 
   927 3.29 0.0 HB3 86 
   1410 136.2 0.0 CE1 128 
   192 2.32 0.0 HB2 27 
   900 0.64 0.0 HD22 84 
   310 1.13 0.0 HG22 37 
   1319 3.69 0.0 HA3 120 
   1125 7.94 0.0 H 102 
   267 8.01 0.0 H 35 
   1526 0.66 0.0 HG11 137 
   901 0.64 0.0 HD23 84 
   148 4.56 0.0 HA 24 
   998 35.4 0.0 CG 91 
   272 0.91 0.0 HD11 35 
   484 6.97 0.0 HE1 50 
   593 40.5 0.0 CB 60 
   1069 7.01 0.0 H 97 
   528 4.38 0.0 HA 54 
   159 41.3 0.0 CB 24 
   1341 41.8 0.0 CE 122 
   1193 4.13 0.0 HA 108 
   191 4.6 0.0 HA 27 
   829 3.01 0.0 HB3 79 
   1117 3.67 0.0 HB 101 
   343 3.56 0.0 HA 40 
   621 5.55 0.0 HE2 62 
   584 51.8 0.0 CA 59 
   48 4.19 0.0 HA 16 
   1715 3.56 0.0 HB3 153 
   1317 8.98 0.0 H 120 
   1311 3.21 0.0 HD3 119 
   233 29.5 0.0 CB 31 
   1725 119.6 0.0 CE3 153 
   1370 1.68 0.0 HB3 125 
   1685 0.87 0.0 HD12 150 
   1456 6.93 0.0 H 132 
   253 28.7 0.0 CB 33 
   595 7.49 0.0 H 61 
   1066 18.1 0.0 CG2 96 
   1416 7.05 0.0 HD1 129 
   795 38.2 0.0 CB 76 
   1383 126.2 0.0 N 125 
   1752 1.43 0.0 HB3 155 
   724 1.1 0.0 HG22 71 
   1451 3.77 0.0 HD3 131 
   2007 112.3 0.0 NE2 175 
   1693 23.0 0.0 CD1 150 
   701 24.4 0.0 CG 68 
   324 8.08 0.0 HE22 38 
   1310 3.21 0.0 HD2 119 
   65 1.01 0.0 HG13 17 
   622 5.65 0.0 HZ 62 
   1782 1.56 0.0 HB 158 
   1651 1.22 0.0 HB1 147 
   488 131.7 0.0 CD1 50 
   863 55.6 0.0 CA 81 
   807 9.24 0.0 H 78 
   468 2.07 0.0 HB3 49 
   1897 6.85 0.0 H 167 
   319 2.23 0.0 HB2 38 
   1256 29.1 0.0 CD 113 
   1398 56.8 0.0 CA 127 
   1390 62.4 0.0 CA 126 
   1809 4.33 0.0 HA 160 
   47 8.18 0.0 H 16 
   1573 51.9 0.0 CA 140 
   1810 2.55 0.0 HB2 160 
   179 116.8 0.0 N 25 
   41 3.21 0.0 HD3 15 
   1654 55.8 0.0 CA 147 
   449 3.79 0.0 HA 48 
   1045 1.91 0.0 HG3 95 
   1638 121.2 0.0 N 145 
   704 123.1 0.0 N 68 
   1147 1.85 0.0 HB3 104 
   1763 0.93 0.0 HG22 156 
   588 8.49 0.0 H 60 
   537 8.89 0.0 H 55 
   1120 1.08 0.0 HG23 101 
   910 1.51 0.0 HB2 85 
   813 7.27 0.0 HE3 78 
   1075 60.5 0.0 CA 97 
   1071 4.67 0.0 HB 97 
   912 1.18 0.0 HG2 85 
   1315 42.9 0.0 CD 119 
   600 9.85 0.0 HE1 61 
   617 2.5 0.0 HB3 62 
   670 36.3 0.0 CG 65 
   382 29.2 0.0 CB 42 
   1997 1.94 0.0 HB2 175 
   946 34.7 0.0 CB 87 
   967 5.42 0.0 HA 89 
   1823 0.73 0.0 HD21 161 
   922 41.3 0.0 CE 85 
   1743 42.6 0.0 CB 154 
   976 0.84 0.0 HG12 90 
   1931 7.31 0.0 HD2 169 
   1656 120.5 0.0 N 147 
   1510 27.0 0.0 CG 135 
   387 2.22 0.0 HB2 43 
   118 27.5 0.0 CG1 21 
   920 25.6 0.0 CG 85 
   135 2.37 0.0 HB 23 
   1518 7.29 0.0 HD22 136 
   128 4.08 0.0 HD3 22 
   1243 8.33 0.0 H 113 
   269 1.46 0.0 HB2 35 
   657 48.2 0.0 CB 64 
   1082 3.27 0.0 HB3 98 
   1077 22.0 0.0 CG2 97 
   1220 0.5 0.0 HD12 110 
   669 34.1 0.0 CB 65 
   978 1.02 0.0 HG21 90 
   415 2.64 0.0 HG3 45 
   1653 1.22 0.0 HB3 147 
   1645 57.0 0.0 CA 146 
   1635 26.4 0.0 CG 145 
   610 120.2 0.0 CZ3 61 
   834 57.7 0.0 CA 79 
   530 3.06 0.0 HB3 54 
   1287 1.89 0.0 HE2 117 
   1862 7.88 0.0 H 164 
   1181 1.96 0.0 HB 107 
   1618 29.7 0.0 CB 144 
   1209 2.43 0.0 HG3 109 
   151 1.7 0.0 HG 24 
   1160 0.67 0.0 HG22 105 
   596 4.27 0.0 HA 61 
   1869 1.59 0.0 HD3 164 
   1821 0.66 0.0 HD12 161 
   633 1.82 0.0 HB2 63 
   326 28.0 0.0 CB 38 
   838 117.3 0.0 CE1 79 
   767 6.87 0.0 HD2 74 
   373 42.2 0.0 CE 41 
   1063 64.5 0.0 CA 96 
   1466 1.04 0.0 HD23 132 
   1551 1.6 0.0 HB3 139 
   1086 7.33 0.0 HE2 98 
   1429 8.59 0.0 H 130 
   653 0.91 0.0 HD21 64 
   1983 27.8 0.0 CB 173 
   1157 0.33 0.0 HG12 105 
   1951 123.6 0.0 N 170 
   1923 31.6 0.0 CB 168 
   1242 115.0 0.0 N 112 
   632 4.37 0.0 HA 63 
   365 1.74 0.0 HD2 41 
   929 7.33 0.0 HD2 86 
   1459 1.92 0.0 HB3 132 
   971 41.3 0.0 CB 89 
   1581 9.74 0.0 H 141 
   691 1.81 0.0 HB2 68 
   975 1.75 0.0 HB 90 
   146 116.5 0.0 N 23 
   1837 0.81 0.0 HG21 162 
   75 3.81 0.0 HA 18 
   1476 3.07 0.0 HB3 133 
   1305 4.25 0.0 HA 119 
   139 1.13 0.0 HG21 23 
   1911 18.1 0.0 CG2 167 
   478 8.25 0.0 H 50 
   1328 4.58 0.0 HA 122 
   720 8.33 0.0 H 71 
   42 58.2 0.0 CA 15 
   1511 43.4 0.0 CD 135 
   1966 1.35 0.0 HG2 172 
   143 32.8 0.0 CB 23 
   381 59.1 0.0 CA 42 
   304 3.36 0.0 HA 37 
   1469 27.0 0.0 CG 132 
   1454 27.9 0.0 CG 131 
   1822 0.66 0.0 HD13 161 
   1652 1.22 0.0 HB2 147 
   53 3.21 0.0 HD2 16 
   1354 61.9 0.0 CA 123 
   1634 42.1 0.0 CB 145 
   803 3.39 0.0 HB3 77 
   78 0.94 0.0 HG12 18 
   1953 4.39 0.0 HA 171 
   446 23.9 0.0 CD2 47 
   174 57.0 0.0 CA 25 
   587 110.7 0.0 ND2 59 
   1947 33.5 0.0 CB 170 
   1737 0.88 0.0 HD12 154 
   1358 13.5 0.0 CD1 123 
   1353 -0.19 0.0 HD13 123 
   113 -0.19 0.0 HD11 21 
   1740 1.14 0.0 HD22 154 
   419 28.3 0.0 CB 45 
   234 27.1 0.0 CG 31 
   295 29.5 0.0 CB 36 
   1974 24.7 0.0 CG 172 
   1497 54.7 0.0 CA 134 
   1925 121.6 0.0 N 168 
   561 118.9 0.0 N 56 
   1853 2.49 0.0 HG2 163 
   300 122.2 0.0 CH2 36 
   129 63.3 0.0 CA 22 
   358 120.3 0.0 N 40 
   110 0.18 0.0 HG21 21 
   1860 121.6 0.0 N 163 
   1309 1.68 0.0 HG3 119 
   1873 34.1 0.0 CB 164 
   1096 2.2 0.0 HB3 99 
   1795 8.6 0.0 CD1 158 
   1094 3.55 0.0 HA 99 
   1986 4.67 0.0 HA 174 
   1442 29.4 0.0 CD 130 
   1600 23.0 0.0 CD1 142 
   1549 4.17 0.0 HA 139 
   436 0.93 0.0 HD11 47 
   1060 0.87 0.0 HD11 96 
   421 117.4 0.0 N 45 
   1555 1.62 0.0 HD3 139 
   1576 127.3 0.0 CD2 140 
   503 31.5 0.0 CB 51 
   450 1.98 0.0 HB 48 
   105 7.66 0.0 H 21 
   957 7.05 0.0 HZ 88 
   1744 26.8 0.0 CG 154 
   94 116.9 0.0 N 19 
   1678 107.1 0.0 N 149 
   1119 1.08 0.0 HG22 101 
   1228 25.1 0.0 CD1 110 
   175 35.9 0.0 CB 25 
   808 6.21 0.0 HA 78 
   602 7.45 0.0 HZ2 61 
   1230 116.5 0.0 N 110 
   1529 1.08 0.0 HG21 137 
   665 1.81 0.0 HB3 65 
   1776 57.3 0.0 CA 157 
   1696 9.07 0.0 H 151 
   1206 2.17 0.0 HB2 109 
   906 24.8 0.0 CD2 84 
   666 1.89 0.0 HG2 65 
   1790 0.18 0.0 HD13 158 
   1304 8.4 0.0 H 119 
   1008 6.45 0.0 HZ 92 
   986 25.7 0.0 CG1 90 
   1968 1.65 0.0 HD2 172 
   1276 128.2 0.0 N 115 
   1831 118.0 0.0 N 161 
   184 1.25 0.0 HG22 26 
   417 6.94 0.0 HE22 45 
   394 120.6 0.0 N 43 
   811 7.03 0.0 HD1 78 
   1534 20.4 0.0 CG1 137 
   1403 3.23 0.0 HB2 128 
   1331 1.04 0.0 HG2 122 
   1338 32.9 0.0 CB 122 
   1590 1.64 0.0 HG 142 
   454 0.97 0.0 HG22 48 
   59 120.5 0.0 N 16 
   705 8.77 0.0 H 69 
   435 1.91 0.0 HG 47 
   1832 8.16 0.0 H 162 
   311 1.13 0.0 HG23 37 
   536 104.6 0.0 ND2 54 
   1041 4.62 0.0 HA 95 
   384 119.4 0.0 N 42 
   297 122.1 0.0 CE3 36 
   1215 4.34 0.0 HA 110 
   1375 0.33 0.0 HD21 125 
   412 2.23 0.0 HB2 45 
   1587 3.92 0.0 HA 142 
   616 2.1 0.0 HB2 62 
   1687 1.16 0.0 HD21 150 
   685 51.6 0.0 CA 67 
   1116 4.28 0.0 HA 101 
   144 18.2 0.0 CG1 23 
   687 116.8 0.0 N 67 
   1166 38.7 0.0 CB 105 
   238 4.9 0.0 HA 32 
   679 8.15 0.0 H 67 
   5 40.9 0.0 CB 11 
   887 26.8 0.0 CG 83 
   99 2.21 0.0 HG2 20 
   677 66.8 0.0 CB 66 
   397 3.17 0.0 HB2 44 
   1290 18.0 0.0 CE 117 
   689 8.83 0.0 H 68 
   20 1.47 0.0 HB3 13 
   585 39.9 0.0 CB 59 
   1050 27.0 0.0 CG 95 
   605 56.9 0.0 CA 61 
   973 8.46 0.0 H 90 
   349 0.84 0.0 HD13 40 
   1173 1.34 0.0 HB1 106 
   625 132.0 0.0 CD1 62 
   21 54.2 0.0 CA 13 
   1754 18.2 0.0 CB 155 
   1189 31.4 0.0 CB 107 
   1190 20.0 0.0 CG1 107 
   1616 7.71 0.0 HE1 144 
   1714 3.23 0.0 HB2 153 
   1070 4.43 0.0 HA 97 
   941 1.9 0.0 HB2 87 
   24 7.95 0.0 H 14 
   568 51.2 0.0 CA 57 
   458 0.92 0.0 HD13 48 
   1105 8.2 0.0 H 100 
   742 123.7 0.0 N 72 
   1507 3.11 0.0 HD3 135 
   440 0.98 0.0 HD22 47 
   1036 36.4 0.0 CB 94 
   401 6.81 0.0 HE1 44 
   999 117.4 0.0 N 91 
   451 1.26 0.0 HG12 48 
   985 42.8 0.0 CB 90 
   1016 112.7 0.0 N 92 
   726 61.7 0.0 CA 71 
   1710 28.3 0.0 CG 152 
   1111 67.1 0.0 CA 100 
   1090 133.8 0.0 CD2 98 
   495 2.1 0.0 HB 51 
   1348 -0.36 0.0 HG21 123 
   1908 59.4 0.0 CA 167 
   1365 27.0 0.0 CB 124 
   805 32.7 0.0 CB 77 
   874 8.23 0.0 H 83 
   524 37.4 0.0 CB 53 
   217 1.44 0.0 HG3 30 
   1920 6.76 0.0 HE21 168 
   736 3.09 0.0 HD2 72 
   1765 63.4 0.0 CA 156 
   1351 -0.19 0.0 HD11 123 
   1881 45.6 0.0 CA 165 
   1816 3.88 0.0 HA 161 
   1933 30.1 0.0 CB 169 
   1297 6.74 0.0 HE2 118 
   609 113.7 0.0 CZ2 61 
   1625 2.33 0.0 HB3 145 
   1097 1.5 0.0 HG2 99 
   1930 2.88 0.0 HB3 169 
   1043 2.39 0.0 HB3 95 
   1023 118.3 0.0 N 93 
   402 6.81 0.0 HE2 44 
   1799 2.07 0.0 HB3 159 
   960 131.7 0.0 CD1 88 
   1072 1.17 0.0 HG21 97 
   1067 13.2 0.0 CD1 96 
   939 8.12 0.0 H 87 
   2000 2.31 0.0 HG3 175 
   1318 4.1 0.0 HA2 120 
   50 1.9 0.0 HB3 16 
   1945 2.96 0.0 HE3 170 
   1494 1.5 0.0 HB1 134 
   723 1.1 0.0 HG21 71 
   1985 8.55 0.0 H 174 
   306 0.99 0.0 HG11 37 
   1245 1.76 0.0 HB2 113 
   1444 118.4 0.0 N 130 
   589 4.4 0.0 HA 60 
   1939 1.7 0.0 HB3 170 
   177 29.2 0.0 CD 25 
   1431 1.96 0.0 HB2 130 
   340 26.9 0.0 CG 39 
   368 2.96 0.0 HE3 41 
   496 0.78 0.0 HG11 51 
   1543 3.45 0.0 HD3 138 
   794 53.9 0.0 CA 76 
   855 17.1 0.0 CG2 80 
   671 122.0 0.0 N 65 
   348 0.84 0.0 HD12 40 
   1722 62.3 0.0 CA 153 
   1844 38.3 0.0 CB 162 
   573 2.55 0.0 HB2 58 
   1349 -0.36 0.0 HG22 123 
   526 110.8 0.0 ND2 53 
   988 14.6 0.0 CD1 90 
   302 125.7 0.0 NE1 36 
   1557 2.91 0.0 HE3 139 
   388 2.34 0.0 HB3 43 
   1688 1.16 0.0 HD22 150 
   905 22.3 0.0 CD1 84 
   961 131.7 0.0 CD2 88 
   618 5.47 0.0 HD1 62 
   837 131.9 0.0 CD2 79 
   611 123.3 0.0 CH2 61 
   1910 25.3 0.0 CG1 167 
   1928 4.05 0.0 HA 169 
   36 1.87 0.0 HB2 15 
   1122 69.9 0.0 CB 101 
   822 120.5 0.0 CZ3 78 
   424 4.12 0.0 HA 46 
   692 1.89 0.0 HB3 68 
   1445 4.38 0.0 HA 131 
   943 2.0 0.0 HG2 87 
   842 5.13 0.0 HA 80 
   69 64.5 0.0 CA 17 
   893 0.6 0.0 HB2 84 
   164 8.31 0.0 H 25 
   660 24.2 0.0 CD2 64 
   1583 4.14 0.0 HA3 141 
   276 1.01 0.0 HD22 35 
   1655 20.6 0.0 CB 147 
   1280 2.0 0.0 HB3 116 
   1768 21.8 0.0 CG2 156 
   270 1.81 0.0 HB3 35 
   1489 123.1 0.0 CH2 133 
   1599 26.2 0.0 CG 142 
   298 114.2 0.0 CZ2 36 
   314 21.0 0.0 CG1 37 
   371 25.0 0.0 CG 41 
   763 5.33 0.0 HA 74 
   778 117.0 0.0 N 74 
   1278 4.0 0.0 HA 116 
   1164 0.43 0.0 HD13 105 
   816 6.84 0.0 HH2 78 
   1374 0.13 0.0 HD13 125 
   120 13.1 0.0 CD1 21 
   322 2.45 0.0 HG3 38 
   892 4.47 0.0 HA 84 
   594 120.0 0.0 N 60 
   1649 8.35 0.0 H 147 
   229 1.65 0.0 HG3 31 
   37 1.87 0.0 HB3 15 
   1775 1.28 0.0 HG3 157 
   1104 49.5 0.0 CD 99 
   1005 6.51 0.0 HD2 92 
   1708 64.6 0.0 CA 152 
   257 9.25 0.0 H 34 
   681 3.07 0.0 HB2 67 
   1800 1.71 0.0 HG2 159 
   1363 2.78 0.0 HB3 124 
   1011 131.3 0.0 CD1 92 
   1275 18.9 0.0 CB 115 
   743 8.77 0.0 H 73 
   499 0.8 0.0 HG21 51 
   1960 36.0 0.0 CG 171 
   1582 5.14 0.0 HA2 141 
   747 6.4 0.0 HD1 73 
   926 2.88 0.0 HB2 86 
   1007 6.63 0.0 HE2 92 
   1137 1.47 0.0 HG3 103 
   512 2.42 0.0 HG3 52 
   49 1.9 0.0 HB2 16 
   463 13.2 0.0 CD1 48 
   8 2.03 0.0 HB2 12 
   471 3.37 0.0 HD2 49 
   1994 112.7 0.0 ND2 174 
   1233 2.6 0.0 HB2 111 
   101 56.0 0.0 CA 20 
   1627 -0.05 0.0 HD11 145 
   472 3.42 0.0 HD3 49 
   1024 8.43 0.0 H 94 
   979 1.02 0.0 HG22 90 
   1259 7.31 0.0 H 114 
   1520 40.4 0.0 CB 136 
   1191 22.2 0.0 CG2 107 
   1187 0.93 0.0 HG23 107 
   1856 6.84 0.0 HE22 163 
   243 119.3 0.0 N 32 
   124 2.46 0.0 HB3 22 
   77 0.94 0.0 HG11 18 
   937 117.5 0.0 CE2 86 
   1246 1.82 0.0 HB3 113 
   1942 1.6 0.0 HD2 170 
   32 22.0 0.0 CG2 14 
   1224 0.68 0.0 HD23 110 
   181 3.89 0.0 HA 26 
   90 3.98 0.0 HB2 19 
   1032 0.45 0.0 HD11 94 
   1912 14.6 0.0 CD1 167 
   1219 0.5 0.0 HD11 110 
   567 1.5 0.0 HB3 57 
   835 44.0 0.0 CB 79 
   570 121.1 0.0 N 57 
   1109 1.25 0.0 HG22 100 
   1903 0.95 0.0 HG22 167 
   223 48.9 0.0 CD 30 
   1513 7.18 0.0 H 136 
   1842 0.01 0.0 HD13 162 
   1073 1.17 0.0 HG22 97 
   80 1.01 0.0 HG21 18 
   1981 2.88 0.0 HB3 173 
   830 6.96 0.0 HD1 79 
   1830 22.9 0.0 CD2 161 
   645 8.7 0.0 H 64 
   2006 120.6 0.0 N 175 
   149 1.51 0.0 HB2 24 
   888 25.2 0.0 CD1 83 
   733 1.73 0.0 HB3 72 
   92 60.1 0.0 CA 19 
   17 4.21 0.0 HA 13 
   1940 1.38 0.0 HG2 170 
   1046 3.51 0.0 HD2 95 
   1852 2.24 0.0 HB3 163 
   1154 8.55 0.0 H 105 
   2004 29.2 0.0 CB 175 
   1098 1.77 0.0 HG3 99 
   119 17.2 0.0 CG2 21 
   1283 119.1 0.0 N 116 
   787 1.49 0.0 HB3 76 
   1936 8.48 0.0 H 170 
   1499 117.9 0.0 N 134 
   1450 3.64 0.0 HD2 131 
   647 1.83 0.0 HB2 64 
   1727 119.6 0.0 CZ3 153 
   1139 3.85 0.0 HD3 103 
   498 0.78 0.0 HG13 51 
   1409 120.2 0.0 CD2 128 
   649 1.83 0.0 HG 64 
   896 0.41 0.0 HD11 84 
   877 2.1 0.0 HB3 83 
   919 34.2 0.0 CB 85 
   167 1.76 0.0 HB3 25 
   1234 2.72 0.0 HB3 111 
   1076 67.7 0.0 CB 97 
   682 3.59 0.0 HB3 67 
   695 1.69 0.0 HD2 68 
   1470 23.5 0.0 CD1 132 
   1550 1.74 0.0 HB2 139 
   620 5.55 0.0 HE1 62 
   862 7.19 0.0 HD2 81 
   1567 2.06 0.0 HB3 140 
   1439 62.3 0.0 CA 130 
   1222 0.68 0.0 HD21 110 
   452 1.86 0.0 HG13 48 
   413 2.34 0.0 HB3 45 
   1663 0.8 0.0 HD12 148 
   1914 8.64 0.0 H 168 
   1705 2.09 0.0 HG3 152 
   1149 2.24 0.0 HG3 104 
   155 1.18 0.0 HD21 24 
   268 4.34 0.0 HA 35 
   38 1.59 0.0 HG2 15 
   1401 7.93 0.0 H 128 
   199 107.7 0.0 ND2 27 
   1906 0.85 0.0 HD12 167 
   317 7.16 0.0 H 38 
   942 1.9 0.0 HB3 87 
   1492 8.33 0.0 H 134 
   1668 54.5 0.0 CA 148 
   1251 3.12 0.0 HE2 113 
   1047 3.51 0.0 HD3 95 
   307 0.99 0.0 HG12 37 
   1594 0.37 0.0 HD21 142 
   1617 61.9 0.0 CA 144 
   1643 2.21 0.0 HG2 146 
   1601 22.0 0.0 CD2 142 
   1163 0.43 0.0 HD12 105 
   178 41.8 0.0 CE 25 
   1965 1.85 0.0 HB3 172 
   1 4.65 0.0 HA 11 
   1692 27.0 0.0 CG 150 
   40 3.21 0.0 HD2 15 
   489 131.7 0.0 CD2 50 
   1834 1.39 0.0 HB 162 
   1355 37.5 0.0 CB 123 
   1443 41.8 0.0 CE 130 
   1922 54.4 0.0 CA 168 
   1447 2.29 0.0 HB3 131 
   467 1.95 0.0 HB2 49 
   1987 2.77 0.0 HB2 174 
   1929 2.59 0.0 HB2 169 
   493 8.77 0.0 H 51 
   516 119.7 0.0 N 52 
   58 43.2 0.0 CD 16 
   1402 4.57 0.0 HA 128 
   2002 6.84 0.0 HE22 175 
   88 8.07 0.0 H 19 
   361 2.06 0.0 HB2 41 
   46 121.6 0.0 N 15 
   889 22.5 0.0 CD2 83 
   857 128.9 0.0 N 80 
   792 2.95 0.0 HE2 76 
   1486 120.1 0.0 CE3 133 
   1427 129.2 0.0 CZ 129 
   1084 7.38 0.0 HD2 98 
   1855 7.42 0.0 HE21 163 
   1596 0.37 0.0 HD23 142 
   2001 7.5 0.0 HE21 175 
   629 131.9 0.0 CZ 62 
   1728 122.7 0.0 CH2 153 
   273 0.91 0.0 HD12 35 
   518 4.48 0.0 HA 53 
   1088 42.0 0.0 CB 98 
   972 122.9 0.0 N 89 
   1372 0.13 0.0 HD11 125 
   370 32.0 0.0 CB 41 
   1240 3.79 0.0 HA3 112 
   483 7.26 0.0 HD2 50 
   86 22.0 0.0 CG2 18 
   1691 42.2 0.0 CB 150 
   918 56.1 0.0 CA 85 
   1095 1.45 0.0 HB2 99 
   350 0.86 0.0 HD21 40 
   1235 56.4 0.0 CA 111 
   1879 3.97 0.0 HA2 165 
   1118 1.08 0.0 HG21 101 
   993 2.38 0.0 HB3 91 
   130 31.8 0.0 CB 22 
   170 1.6 0.0 HD2 25 
   788 1.43 0.0 HG2 76 
   1438 2.99 0.0 HE3 130 
   367 2.96 0.0 HE2 41 
   1432 2.04 0.0 HB3 130 
   106 4.14 0.0 HA 21 
   66 1.1 0.0 HG21 17 
   1859 33.7 0.0 CG 163 
   1042 1.84 0.0 HB2 95 
   1457 3.95 0.0 HA 132 
   1971 2.95 0.0 HE3 172 
   531 4.55 0.0 HD21 54 
   1697 3.12 0.0 HA2 151 
   1850 4.04 0.0 HA 163 
   221 31.7 0.0 CB 30 
   1764 0.93 0.0 HG23 156 
   201 4.74 0.0 HA 28 
   1239 4.25 0.0 HA2 112 
   1592 -0.51 0.0 HD12 142 
   1178 128.8 0.0 N 106 
   1755 115.0 0.0 N 155 
   644 118.8 0.0 N 63 
   847 0.64 0.0 HG22 80 
   1212 36.8 0.0 CG 109 
   1301 132.5 0.0 CD2 118 
   1664 0.8 0.0 HD13 148 
   1249 1.6 0.0 HD2 113 
   790 1.55 0.0 HD2 76 
   1087 58.3 0.0 CA 98 
   964 128.3 0.0 CZ 88 
   491 118.8 0.0 CE2 50 
   1342 118.4 0.0 N 122 
   1302 117.4 0.0 CE1 118 
   989 113.7 0.0 N 90 
   1196 1.88 0.0 HG2 108 
   131 27.7 0.0 CG 22 
   627 133.7 0.0 CE1 62 
   96 4.35 0.0 HA 20 
   1662 0.8 0.0 HD11 148 
   1108 1.25 0.0 HG21 100 
   608 122.4 0.0 CE3 61 
   429 62.7 0.0 CB 46 
   385 8.98 0.0 H 43 
   702 28.9 0.0 CD 68 
   1044 1.84 0.0 HG2 95 
   806 114.4 0.0 N 77 
   1131 15.4 0.0 CB 102 
   1102 33.2 0.0 CB 99 
   815 6.61 0.0 HZ3 78 
   703 41.8 0.0 CE 68 
   659 24.3 0.0 CD1 64 
   1107 4.44 0.0 HB 100 
   154 1.0 0.0 HD13 24 
   583 7.7 0.0 HD22 59 
   1127 0.01 0.0 HB1 102 
   1373 0.13 0.0 HD12 125 
   1684 0.87 0.0 HD11 150 
   1753 53.8 0.0 CA 155 
   1357 17.0 0.0 CG2 123 
   1500 7.5 0.0 H 135 
   1281 56.2 0.0 CA 116 
   1158 1.15 0.0 HG13 105 
   39 1.72 0.0 HG3 15 
   34 8.07 0.0 H 15 
   166 1.76 0.0 HB2 25 
   56 30.2 0.0 CB 16 
   1517 6.92 0.0 HD21 136 
   664 1.55 0.0 HB2 65 
   1399 40.2 0.0 CB 127 
   1205 4.3 0.0 HA 109 
   553 8.2 0.0 H 56 
   1907 0.85 0.0 HD13 167 
   911 1.74 0.0 HB3 85 
   781 4.31 0.0 HA3 75 
   925 4.52 0.0 HA 86 
   282 25.2 0.0 CD2 35 
   1203 49.8 0.0 CD 108 
   1362 2.23 0.0 HB2 124 
   1388 1.41 0.0 HG22 126 
   1392 21.7 0.0 CG2 126 
   690 3.96 0.0 HA 68 
   994 2.13 0.0 HG2 91 
   190 9.34 0.0 H 27 
   422 111.4 0.0 NE2 45 
   1170 124.1 0.0 N 105 
   1682 2.33 0.0 HB3 150 
   1750 1.43 0.0 HB1 155 
   836 131.9 0.0 CD1 79 
   356 24.3 0.0 CD1 40 
   1394 8.77 0.0 H 127 
   1927 8.65 0.0 H 169 
   1022 43.0 0.0 CB 93 
   562 112.3 0.0 ND2 56 
   357 24.3 0.0 CD2 40 
   1091 118.2 0.0 CE1 98 
   1578 129.7 0.0 CE2 140 
   935 132.9 0.0 CD2 86 
   207 123.5 0.0 N 28 
   1343 7.91 0.0 H 123 
   1197 2.12 0.0 HG3 108 
   1123 21.0 0.0 CG2 101 
   1159 0.67 0.0 HG21 105 
   1932 57.3 0.0 CA 169 
   1563 122.6 0.0 N 139 
   1225 53.9 0.0 CA 110 
   1078 103.6 0.0 N 97 
   338 58.1 0.0 CA 39 
   860 2.85 0.0 HB2 81 
   1528 0.66 0.0 HG13 137 
   1420 6.93 0.0 HZ 129 
   1387 1.41 0.0 HG21 126 
   1818 1.9 0.0 HB3 161 
   1577 129.7 0.0 CE1 140 
   1425 129.8 0.0 CE1 129 
   74 8.12 0.0 H 18 
   1686 0.87 0.0 HD13 150 
   523 55.6 0.0 CA 53 
   634 1.82 0.0 HB3 63 
   1485 126.6 0.0 CD1 133 
   1435 1.73 0.0 HD2 130 
   729 107.9 0.0 N 71 
   1053 3.78 0.0 HA 96 
   1405 7.06 0.0 HD2 128 
   856 12.7 0.0 CD1 80 
   258 4.24 0.0 HA 34 
   552 122.1 0.0 N 55 
   1888 1.0 0.0 HG13 166 
   1080 4.69 0.0 HA 98 
   230 3.17 0.0 HD2 31 
   318 4.09 0.0 HA 38 
   715 7.82 0.0 H 70 
   341 121.0 0.0 N 39 
   511 2.31 0.0 HG2 52 
   1729 118.4 0.0 N 153 
   1428 121.3 0.0 N 129 
   603 6.87 0.0 HZ3 61 
   470 1.93 0.0 HG3 49 
   1329 1.25 0.0 HB2 122 
   1962 8.44 0.0 H 172 
   1757 3.87 0.0 HA 156 
   1523 6.64 0.0 H 137 
   416 7.61 0.0 HE21 45 
   1284 2.3 0.0 HG2 117 
   1797 3.52 0.0 HA 159 
   1389 1.41 0.0 HG23 126 
   864 34.3 0.0 CB 81 
   1829 26.1 0.0 CD1 161 
   1904 0.95 0.0 HG23 167 
   1452 65.5 0.0 CA 131 
   1474 3.57 0.0 HA 133 
   398 3.25 0.0 HB3 44 
   1556 2.87 0.0 HE2 139 
   1449 2.12 0.0 HG3 131 
   1958 55.9 0.0 CA 171 
   203 1.47 0.0 HB2 28 
   1004 6.51 0.0 HD1 92 
   400 7.33 0.0 HD2 44 
   1677 45.7 0.0 CA 149 
   831 6.96 0.0 HD2 79 
   7 4.11 0.0 HA 12 
   1140 61.6 0.0 CA 103 
   134 4.44 0.0 HA 23 
   506 118.9 0.0 N 51 
   758 120.1 0.0 CZ3 73 
   799 121.3 0.0 N 76 
   730 7.61 0.0 H 72 
   762 8.53 0.0 H 74 
   777 129.4 0.0 CZ 74 
   409 118.4 0.0 N 44 
   55 57.8 0.0 CA 16 
   296 127.0 0.0 CD1 36 
   107 1.29 0.0 HB 21 
   1977 122.0 0.0 N 172 
   1400 122.0 0.0 N 127 
   510 2.21 0.0 HB3 52 
   263 59.6 0.0 CA 34 
   1918 2.32 0.0 HG2 168 
   1312 57.4 0.0 CA 119 
   1141 31.9 0.0 CB 103 
   1231 7.36 0.0 H 111 
   1169 14.7 0.0 CD1 105 
   198 128.7 0.0 N 27 
   10 2.32 0.0 HG2 12 
   765 3.22 0.0 HB3 74 
   1720 6.36 0.0 HZ3 153 
   168 1.29 0.0 HG2 25 
   1134 0.87 0.0 HB2 103 
   462 17.0 0.0 CG2 48 
   1658 4.51 0.0 HA 148 
   244 8.58 0.0 H 33 
   194 6.5 0.0 HD21 27 
   1539 1.47 0.0 HB3 138 
   1421 62.4 0.0 CA 129 
   944 2.0 0.0 HG3 87 
   1031 0.7 0.0 HG23 94 
   859 4.82 0.0 HA 81 
   1646 31.6 0.0 CB 146 
   839 117.3 0.0 CE2 79 
   1533 33.3 0.0 CB 137 
   1882 108.0 0.0 N 165 
   1052 8.69 0.0 H 96 
   312 66.4 0.0 CA 37 
   1340 28.9 0.0 CD 122 
   504 23.6 0.0 CG1 51 
   744 4.72 0.0 HA 73 
   490 118.8 0.0 CE1 50 
   1621 115.4 0.0 N 144 
   572 4.38 0.0 HA 58 
   940 5.28 0.0 HA 87 
   1623 4.15 0.0 HA 145 
   15 122.1 0.0 N 12 
   206 24.4 0.0 CB 28 
   460 37.8 0.0 CB 48 
   111 0.18 0.0 HG22 21 
   1217 1.6 0.0 HB3 110 
   713 37.3 0.0 CG 69 
   1026 2.04 0.0 HB 94 
   1858 27.9 0.0 CB 163 
   1602 125.0 0.0 N 142 
   1756 6.91 0.0 H 156 
   1767 21.1 0.0 CG1 156 
   1411 114.8 0.0 N 128 
   656 54.3 0.0 CA 64 
   423 8.3 0.0 H 46 
   1393 111.5 0.0 N 126 
   547 60.5 0.0 CA 55 
   1057 0.98 0.0 HG21 96 
   1484 27.6 0.0 CB 133 
   1579 130.1 0.0 CZ 140 
   1367 8.42 0.0 H 125 
   494 3.25 0.0 HA 51 
   1802 3.0 0.0 HD2 159 
   301 121.6 0.0 N 36 
   1851 2.24 0.0 HB2 163 
   1943 1.6 0.0 HD3 170 
   1002 2.77 0.0 HB2 92 
   60 7.9 0.0 H 17 
   1961 119.4 0.0 N 171 
   623 57.0 0.0 CA 62 
   1382 22.6 0.0 CD2 125 
   1629 -0.05 0.0 HD13 145 
   1496 1.5 0.0 HB3 134 
   852 59.6 0.0 CA 80 
   1171 8.88 0.0 H 106 
   1626 1.11 0.0 HG 145 
   1180 4.9 0.0 HA 107 
   983 0.71 0.0 HD13 90 
   1371 1.35 0.0 HG 125 
   709 2.34 0.0 HG2 69 
   1505 1.72 0.0 HG3 135 
   399 7.33 0.0 HD1 44 
   1730 127.7 0.0 NE1 153 
   1988 2.83 0.0 HB3 174 
   1019 2.51 0.0 HB2 93 
   909 4.75 0.0 HA 85 
   1308 1.58 0.0 HG2 119 
   218 2.45 0.0 HD2 30 
   818 32.6 0.0 CB 78 
   45 43.1 0.0 CD 15 
   150 1.88 0.0 HB3 24 
   870 2.87 0.0 HB3 82 
   1789 0.18 0.0 HD12 158 
   465 7.64 0.0 H 49 
   1777 29.2 0.0 CB 157 
   87 118.3 0.0 N 18 
   114 -0.19 0.0 HD12 21 
   122 4.51 0.0 HA 22 
   1112 67.9 0.0 CB 100 
   197 36.8 0.0 CB 27 
   558 7.75 0.0 HD22 56 
   676 55.8 0.0 CA 66 
   1237 119.9 0.0 N 111 
   636 1.74 0.0 HG3 63 
   793 2.95 0.0 HE3 76 
   52 1.6 0.0 HG3 16 
   1320 45.5 0.0 CA 120 
   1887 1.0 0.0 HG12 166 
   127 3.72 0.0 HD2 22 
   254 27.3 0.0 CG 33 
   1669 43.3 0.0 CB 148 
   1938 1.7 0.0 HB2 170 
   363 1.45 0.0 HG2 41 
   853 38.1 0.0 CB 80 
   1926 112.3 0.0 NE2 168 
   1165 62.8 0.0 CA 105 
   1236 41.0 0.0 CB 111 
   1498 18.5 0.0 CB 134 
   448 8.86 0.0 H 48 
   890 108.0 0.0 N 83 
   1970 2.95 0.0 HE2 172 
   1145 4.26 0.0 HA 104 
   1179 8.02 0.0 H 107 
   481 3.32 0.0 HB3 50 
   1509 30.1 0.0 CB 135 
   840 121.1 0.0 N 79 
   1998 2.08 0.0 HB3 175 
   721 4.41 0.0 HA 71 
   100 2.4 0.0 HG3 20 
   497 0.78 0.0 HG12 51 
   264 28.8 0.0 CB 34 
   956 7.18 0.0 HE2 88 
   1356 24.8 0.0 CG1 123 
   1779 117.5 0.0 N 157 
   879 0.82 0.0 HD11 83 
   769 7.0 0.0 HE2 74 
   716 4.53 0.0 HA2 70 
   1479 7.41 0.0 HE3 133 
   996 55.2 0.0 CA 91 
   137 0.96 0.0 HG12 23 
   29 1.24 0.0 HG23 14 
   1464 1.04 0.0 HD21 132 
   1552 1.26 0.0 HG2 139 
   970 54.7 0.0 CA 89 
   1419 6.99 0.0 HE2 129 
   1815 7.82 0.0 H 161 
   418 59.3 0.0 CA 45 
   11 2.32 0.0 HG3 12 
   968 2.72 0.0 HB2 89 
   1574 36.4 0.0 CB 140 
   216 1.05 0.0 HG2 30 
   212 107.0 0.0 N 29 
   163 126.3 0.0 N 24 
   305 2.2 0.0 HB 37 
   963 129.6 0.0 CE2 88 
   1488 123.0 0.0 CZ3 133 
   1978 8.4 0.0 H 173 
   290 7.31 0.0 HE3 36 
   1313 30.5 0.0 CB 119 
   1482 7.06 0.0 HH2 133 
   700 31.8 0.0 CB 68 
   1892 63.3 0.0 CA 166 
   1984 120.4 0.0 N 173 
   396 4.5 0.0 HA 44 
   1146 1.71 0.0 HB2 104 
   1866 1.45 0.0 HG2 164 
   579 5.05 0.0 HA 59 
   180 10.39 0.0 H 26 
   1142 27.9 0.0 CG 103 
   1639 7.93 0.0 H 146 
   1395 4.38 0.0 HA 127 
   1999 2.31 0.0 HG2 175 
   26 4.2 0.0 HB 14 
   249 1.85 0.0 HG3 33 
   1406 8.19 0.0 HE1 128 
   667 2.03 0.0 HG3 65 
   1569 6.2 0.0 HD2 140 
   1350 -0.36 0.0 HG23 123 
   1593 -0.51 0.0 HD13 142 
   1731 8.68 0.0 H 154 
   211 44.9 0.0 CA 29 
   1863 4.19 0.0 HA 164 
   846 0.64 0.0 HG21 80 
   1477 6.93 0.0 HD1 133 
   962 129.6 0.0 CE1 88 
   776 130.0 0.0 CE2 74 
