   694 1.46 0.0 HG3 68 
   324 8.08 0.0 HE22 38 
   1883 7.79 0.0 H 166 
   1029 0.7 0.0 HG21 94 
   1581 9.74 0.0 H 141 
   1970 2.95 0.0 HE2 172 
   213 2.52 0.0 HA 30 
   866 126.2 0.0 N 81 
   1717 9.7 0.0 HE1 153 
   1660 2.08 0.0 HB3 148 
   1373 0.13 0.0 HD12 125 
   981 0.71 0.0 HD11 90 
   1015 127.8 0.0 CZ 92 
   239 3.17 0.0 HB2 32 
   1652 1.22 0.0 HB2 147 
   1169 14.7 0.0 CD1 105 
   752 6.46 0.0 HH2 73 
   1509 30.1 0.0 CB 135 
   1208 2.43 0.0 HG2 109 
   1177 21.6 0.0 CB 106 
   1084 7.38 0.0 HD2 98 
   1866 1.45 0.0 HG2 164 
   218 2.45 0.0 HD2 30 
   133 8.04 0.0 H 23 
   276 1.01 0.0 HD22 35 
   1148 2.07 0.0 HG2 104 
   166 1.76 0.0 HB2 25 
   1699 49.3 0.0 CA 151 
   15 122.1 0.0 N 12 
   1783 0.82 0.0 HG12 158 
   553 8.2 0.0 H 56 
   809 3.11 0.0 HB2 78 
   61 3.95 0.0 HA 17 
   1100 3.8 0.0 HD3 99 
   417 6.94 0.0 HE22 45 
   1559 32.6 0.0 CB 139 
   588 8.49 0.0 H 60 
   1337 55.1 0.0 CA 122 
   576 39.1 0.0 CB 58 
   1463 0.93 0.0 HD13 132 
   689 8.83 0.0 H 68 
   1494 1.5 0.0 HB1 134 
   1794 18.6 0.0 CG2 158 
   1872 56.9 0.0 CA 164 
   958 56.0 0.0 CA 88 
   913 1.18 0.0 HG3 85 
   787 1.49 0.0 HB3 76 
   86 22.0 0.0 CG2 18 
   1285 2.4 0.0 HG3 117 
   489 131.7 0.0 CD2 50 
   195 7.45 0.0 HD22 27 
   1540 1.25 0.0 HG2 138 
   1569 6.2 0.0 HD2 140 
   904 25.9 0.0 CG 84 
   1211 30.2 0.0 CB 109 
   1635 26.4 0.0 CG 145 
   322 2.45 0.0 HG3 38 
   1222 0.68 0.0 HD21 110 
   1904 0.95 0.0 HG23 167 
   1630 0.45 0.0 HD21 145 
   927 3.29 0.0 HB3 86 
   1768 21.8 0.0 CG2 156 
   1767 21.1 0.0 CG1 156 
   1538 1.22 0.0 HB2 138 
   171 1.6 0.0 HD3 25 
   1394 8.77 0.0 H 127 
   1644 2.21 0.0 HG3 146 
   1689 1.16 0.0 HD23 150 
   725 1.1 0.0 HG23 71 
   1568 6.2 0.0 HD1 140 
   1247 1.3 0.0 HG2 113 
   1265 58.4 0.0 CA 114 
   416 7.61 0.0 HE21 45 
   508 3.88 0.0 HA 52 
   1207 2.39 0.0 HB3 109 
   1241 45.8 0.0 CA 112 
   411 4.15 0.0 HA 45 
   1290 18.0 0.0 CE 117 
   1053 3.78 0.0 HA 96 
   1017 8.57 0.0 H 93 
   833 6.69 0.0 HE2 79 
   1173 1.34 0.0 HB1 106 
   1730 127.7 0.0 NE1 153 
   1336 2.91 0.0 HE3 122 
   575 55.3 0.0 CA 58 
   512 2.42 0.0 HG3 52 
   891 7.9 0.0 H 84 
   1383 126.2 0.0 N 125 
   1923 31.6 0.0 CB 168 
   497 0.78 0.0 HG12 51 
   377 2.27 0.0 HB2 42 
   542 1.59 0.0 HG3 55 
   1833 3.68 0.0 HA 162 
   1123 21.0 0.0 CG2 101 
   3 2.76 0.0 HB3 11 
   1195 2.4 0.0 HB3 108 
   420 34.2 0.0 CG 45 
   1591 -0.51 0.0 HD11 142 
   180 10.39 0.0 H 26 
   252 58.8 0.0 CA 33 
   1033 0.45 0.0 HD12 94 
   127 3.72 0.0 HD2 22 
   37 1.87 0.0 HB3 15 
   1810 2.55 0.0 HB2 160 
   203 1.47 0.0 HB2 28 
   451 1.26 0.0 HG12 48 
   591 2.96 0.0 HB3 60 
   1594 0.37 0.0 HD21 142 
   338 58.1 0.0 CA 39 
   47 8.18 0.0 H 16 
   1751 1.43 0.0 HB2 155 
   1942 1.6 0.0 HD2 170 
   1671 26.1 0.0 CD1 148 
   1218 1.35 0.0 HG 110 
   355 26.0 0.0 CG 40 
   373 42.2 0.0 CE 41 
   1323 3.93 0.0 HA2 121 
   206 24.4 0.0 CB 28 
   1078 103.6 0.0 N 97 
   1066 18.1 0.0 CG2 96 
   1135 2.45 0.0 HB3 103 
   1210 58.3 0.0 CA 109 
   228 1.58 0.0 HG2 31 
   852 59.6 0.0 CA 80 
   1253 56.4 0.0 CA 113 
   643 42.6 0.0 CD 63 
   619 5.47 0.0 HD2 62 
   1130 49.7 0.0 CA 102 
   1693 23.0 0.0 CD1 150 
   724 1.1 0.0 HG22 71 
   879 0.82 0.0 HD11 83 
   1882 108.0 0.0 N 165 
   1380 26.3 0.0 CG 125 
   327 33.3 0.0 CG 38 
   1506 3.11 0.0 HD2 135 
   65 1.01 0.0 HG13 17 
   95 7.79 0.0 H 20 
   909 4.75 0.0 HA 85 
   1995 8.36 0.0 H 175 
   874 8.23 0.0 H 83 
   703 41.8 0.0 CE 68 
   1862 7.88 0.0 H 164 
   1752 1.43 0.0 HB3 155 
   423 8.3 0.0 H 46 
   870 2.87 0.0 HB3 82 
   949 9.09 0.0 H 88 
   410 8.21 0.0 H 45 
   398 3.25 0.0 HB3 44 
   1325 45.6 0.0 CA 121 
   215 1.42 0.0 HB3 30 
   318 4.09 0.0 HA 38 
   1003 3.68 0.0 HB3 92 
   1814 115.9 0.0 N 160 
   262 2.42 0.0 HG3 34 
   1000 8.46 0.0 H 92 
   1322 8.15 0.0 H 121 
   1106 4.12 0.0 HA 100 
   713 37.3 0.0 CG 69 
   668 54.6 0.0 CA 65 
   193 3.25 0.0 HB3 27 
   5 40.9 0.0 CB 11 
   1564 6.28 0.0 H 140 
   60 7.9 0.0 H 17 
   372 29.5 0.0 CD 41 
   1400 122.0 0.0 N 127 
   217 1.44 0.0 HG3 30 
   1132 126.2 0.0 N 102 
   1920 6.76 0.0 HE21 168 
   132 50.7 0.0 CD 22 
   1532 60.5 0.0 CA 137 
   800 9.17 0.0 H 77 
   334 1.47 0.0 HG2 39 
   1969 1.65 0.0 HD3 172 
   1712 7.2 0.0 H 153 
   495 2.1 0.0 HB 51 
   2004 29.2 0.0 CB 175 
   1562 41.9 0.0 CE 139 
   1864 1.76 0.0 HB2 164 
   1415 3.22 0.0 HB3 129 
   383 35.5 0.0 CG 42 
   849 0.82 0.0 HD11 80 
   762 8.53 0.0 H 74 
   1122 69.9 0.0 CB 101 
   431 8.42 0.0 H 47 
   184 1.25 0.0 HG22 26 
   1464 1.04 0.0 HD21 132 
   1162 0.43 0.0 HD11 105 
   304 3.36 0.0 HA 37 
   1110 1.25 0.0 HG23 100 
   1610 120.1 0.0 N 143 
   738 56.1 0.0 CA 72 
   741 43.1 0.0 CD 72 
   693 1.46 0.0 HG2 68 
   240 3.09 0.0 HB3 32 
   1848 120.1 0.0 N 162 
   1420 6.93 0.0 HZ 129 
   1991 53.2 0.0 CA 174 
   1294 7.0 0.0 HD1 118 
   1911 18.1 0.0 CG2 167 
   1309 1.68 0.0 HG3 119 
