   739 32.8 0.0 CB 72 
   1599 26.2 0.0 CG 142 
   1865 2.04 0.0 HB3 164 
   1792 30.6 0.0 CB 158 
   1453 30.7 0.0 CB 131 
   593 40.5 0.0 CB 60 
   1549 4.17 0.0 HA 139 
   1918 2.32 0.0 HG2 168 
   1319 3.69 0.0 HA3 120 
   341 121.0 0.0 N 39 
   1653 1.22 0.0 HB3 147 
   1953 4.39 0.0 HA 171 
   1872 56.9 0.0 CA 164 
   1594 0.37 0.0 HD21 142 
   812 10.66 0.0 HE1 78 
   51 1.6 0.0 HG2 16 
   1811 2.55 0.0 HB3 160 
   1057 0.98 0.0 HG21 96 
   1721 6.62 0.0 HH2 153 
   1343 7.91 0.0 H 123 
   410 8.21 0.0 H 45 
   18 1.47 0.0 HB1 13 
   776 130.0 0.0 CE2 74 
   695 1.69 0.0 HD2 68 
   101 56.0 0.0 CA 20 
   1905 0.85 0.0 HD11 167 
   1285 2.4 0.0 HG3 117 
   91 3.98 0.0 HB3 19 
   1817 1.16 0.0 HB2 161 
   1902 0.95 0.0 HG21 167 
   1507 3.11 0.0 HD3 135 
   1342 118.4 0.0 N 122 
   318 4.09 0.0 HA 38 
   1779 117.5 0.0 N 157 
   529 3.06 0.0 HB2 54 
   910 1.51 0.0 HB2 85 
   1389 1.41 0.0 HG23 126 
   424 4.12 0.0 HA 46 
   16 8.44 0.0 H 13 
   290 7.31 0.0 HE3 36 
   550 29.7 0.0 CD 55 
   1537 4.86 0.0 HA 138 
   151 1.7 0.0 HG 24 
   1489 123.1 0.0 CH2 133 
   242 40.8 0.0 CB 32 
   1895 21.8 0.0 CG2 166 
   1631 0.45 0.0 HD22 145 
   463 13.2 0.0 CD1 48 
   698 3.0 0.0 HE3 68 
   291 7.92 0.0 HZ2 36 
   50 1.9 0.0 HB3 16 
   1912 14.6 0.0 CD1 167 
   569 19.0 0.0 CB 57 
   162 25.5 0.0 CD2 24 
   1943 1.6 0.0 HD3 170 
   1516 1.28 0.0 HB3 136 
   108 0.36 0.0 HG12 21 
   1007 6.63 0.0 HE2 92 
   1183 0.58 0.0 HG12 107 
   1784 1.49 0.0 HG13 158 
   935 132.9 0.0 CD2 86 
   1337 55.1 0.0 CA 122 
   1089 132.8 0.0 CD1 98 
   1633 58.4 0.0 CA 145 
   143 32.8 0.0 CB 23 
   1374 0.13 0.0 HD13 125 
   1409 120.2 0.0 CD2 128 
   1187 0.93 0.0 HG23 107 
   315 22.1 0.0 CG2 37 
   468 2.07 0.0 HB3 49 
   1042 1.84 0.0 HB2 95 
   825 131.3 0.0 NE1 78 
   1303 117.4 0.0 CE2 118 
   687 116.8 0.0 N 67 
   968 2.72 0.0 HB2 89 
   489 131.7 0.0 CD2 50 
   1980 2.81 0.0 HB2 173 
   1138 2.95 0.0 HD2 103 
   1403 3.23 0.0 HB2 128 
   1522 116.8 0.0 ND2 136 
   1562 41.9 0.0 CE 139 
   404 37.9 0.0 CB 44 
   718 46.2 0.0 CA 70 
   757 113.1 0.0 CZ2 73 
   230 3.17 0.0 HD2 31 
   1030 0.7 0.0 HG22 94 
   1166 38.7 0.0 CB 105 
   441 0.98 0.0 HD23 47 
   1064 37.7 0.0 CB 96 
   63 1.01 0.0 HG11 17 
   656 54.3 0.0 CA 64 
   750 7.02 0.0 HZ2 73 
   1148 2.07 0.0 HG2 104 
   908 8.45 0.0 H 85 
   310 1.13 0.0 HG22 37 
   1969 1.65 0.0 HD3 172 
   1463 0.93 0.0 HD13 132 
   1548 8.76 0.0 H 139 
   506 118.9 0.0 N 51 
   2000 2.31 0.0 HG3 175 
   1690 57.9 0.0 CA 150 
   562 112.3 0.0 ND2 56 
   645 8.7 0.0 H 64 
   1230 116.5 0.0 N 110 
   1216 1.6 0.0 HB2 110 
   1024 8.43 0.0 H 94 
   1367 8.42 0.0 H 125 
   738 56.1 0.0 CA 72 
   125 2.1 0.0 HG2 22 
   1982 58.6 0.0 CA 173 
   1580 113.4 0.0 N 140 
   1109 1.25 0.0 HG22 100 
   12 58.2 0.0 CA 12 
   668 54.6 0.0 CA 65 
   342 8.86 0.0 H 40 
   1141 31.9 0.0 CB 103 
   189 121.3 0.0 N 26 
   475 26.1 0.0 CG 49 
   1401 7.93 0.0 H 128 
   669 34.1 0.0 CB 65 
   1327 7.0 0.0 H 122 
   1223 0.68 0.0 HD22 110 
   1586 10.28 0.0 H 142 
   558 7.75 0.0 HD22 56 
   657 48.2 0.0 CB 64 
   1729 118.4 0.0 N 153 
   1648 117.1 0.0 N 146 
   1142 27.9 0.0 CG 103 
   1688 1.16 0.0 HD22 150 
   1664 0.8 0.0 HD13 148 
   352 0.86 0.0 HD23 40 
   1204 9.68 0.0 H 109 
   961 131.7 0.0 CD2 88 
   752 6.46 0.0 HH2 73 
   1557 2.91 0.0 HE3 139 
   1785 0.42 0.0 HG21 158 
   400 7.33 0.0 HD2 44 
   1213 116.4 0.0 N 109 
   1673 110.9 0.0 N 148 
   900 0.64 0.0 HD22 84 
   969 2.91 0.0 HB3 89 
   1181 1.96 0.0 HB 107 
   1983 27.8 0.0 CB 173 
   1461 0.93 0.0 HD11 132 
   1423 131.7 0.0 CD1 129 
   979 1.02 0.0 HG22 90 
   592 54.1 0.0 CA 60 
   253 28.7 0.0 CB 33 
   1487 113.9 0.0 CZ2 133 
   1390 62.4 0.0 CA 126 
   1084 7.38 0.0 HD2 98 
   171 1.6 0.0 HD3 25 
   1253 56.4 0.0 CA 113 
   292 7.51 0.0 HZ3 36 
   120 13.1 0.0 CD1 21 
   1920 6.76 0.0 HE21 168 
   80 1.01 0.0 HG21 18 
   828 3.01 0.0 HB2 79 
   324 8.08 0.0 HE22 38 
   1575 127.3 0.0 CD1 140 
   416 7.61 0.0 HE21 45 
   1074 1.17 0.0 HG23 97 
   1566 1.98 0.0 HB2 140 
   1233 2.6 0.0 HB2 111 
   89 4.33 0.0 HA 19 
   1294 7.0 0.0 HD1 118 
   704 123.1 0.0 N 68 
   44 27.3 0.0 CG 15 
   1436 1.74 0.0 HD3 130 
   820 119.9 0.0 CE3 78 
   9 2.03 0.0 HB3 12 
   1287 1.89 0.0 HE2 117 
   297 122.1 0.0 CE3 36 
   871 55.4 0.0 CA 82 
   1353 -0.19 0.0 HD13 123 
   1813 41.7 0.0 CB 160 
   1788 0.18 0.0 HD11 158 
   570 121.1 0.0 N 57 
   1787 0.42 0.0 HG23 158 
   1182 0.58 0.0 HG11 107 
   566 1.5 0.0 HB2 57 
   1296 6.74 0.0 HE1 118 
   128 4.08 0.0 HD3 22 
   1257 42.5 0.0 CE 113 
   1968 1.65 0.0 HD2 172 
   1587 3.92 0.0 HA 142 
   343 3.56 0.0 HA 40 
   254 27.3 0.0 CG 33 
   803 3.39 0.0 HB3 77 
   1485 126.6 0.0 CD1 133 
   792 2.95 0.0 HE2 76 
   335 1.47 0.0 HG3 39 
   670 36.3 0.0 CG 65 
   862 7.19 0.0 HD2 81 
   402 6.81 0.0 HE2 44 
   1862 7.88 0.0 H 164 
   1868 1.5 0.0 HD2 164 
   1236 41.0 0.0 CB 111 
   434 2.21 0.0 HB3 47 
   882 0.77 0.0 HD21 83 
   1835 0.32 0.0 HG12 162 
   395 8.83 0.0 H 44 
   154 1.0 0.0 HD13 24 
   1273 1.43 0.0 HB3 115 
   1616 7.71 0.0 HE1 144 
   1986 4.67 0.0 HA 174 
   49 1.9 0.0 HB2 16 
   1033 0.45 0.0 HD12 94 
   1842 0.01 0.0 HD13 162 
   82 1.01 0.0 HG23 18 
   479 4.78 0.0 HA 50 
   1433 1.42 0.0 HG2 130 
   87 118.3 0.0 N 18 
   1940 1.38 0.0 HG2 170 
   256 121.0 0.0 N 33 
   1500 7.5 0.0 H 135 
   692 1.89 0.0 HB3 68 
   874 8.23 0.0 H 83 
   1919 2.35 0.0 HG3 168 
   736 3.09 0.0 HD2 72 
   110 0.18 0.0 HG21 21 
   426 3.98 0.0 HB3 46 
   1831 118.0 0.0 N 161 
   1067 13.2 0.0 CD1 96 
   1832 8.16 0.0 H 162 
   235 43.1 0.0 CD 31 
   991 5.29 0.0 HA 91 
   1028 2.13 0.0 HG13 94 
   428 62.8 0.0 CA 46 
   749 7.03 0.0 HE3 73 
   1767 21.1 0.0 CG1 156 
   557 7.04 0.0 HD21 56 
   1640 4.36 0.0 HA 146 
   1628 -0.05 0.0 HD12 145 
   267 8.01 0.0 H 35 
   1564 6.28 0.0 H 140 
   1102 33.2 0.0 CB 99 
   180 10.39 0.0 H 26 
   357 24.3 0.0 CD2 40 
   6 8.75 0.0 H 12 
   654 0.91 0.0 HD22 64 
   616 2.1 0.0 HB2 62 
   1053 3.78 0.0 HA 96 
   518 4.48 0.0 HA 53 
   116 59.2 0.0 CA 21 
   837 131.9 0.0 CD2 79 
   1527 0.66 0.0 HG12 137 
   1008 6.45 0.0 HZ 92 
   1101 62.8 0.0 CA 99 
   771 54.9 0.0 CA 74 
   895 1.54 0.0 HG 84 
   941 1.9 0.0 HB2 87 
   100 2.4 0.0 HG3 20 
   1700 105.7 0.0 N 151 
   1078 103.6 0.0 N 97 
   503 31.5 0.0 CB 51 
   1891 1.0 0.0 HG23 166 
   1769 113.1 0.0 N 156 
   1410 136.2 0.0 CE1 128 
   1297 6.74 0.0 HE2 118 
   1366 121.7 0.0 N 124 
   148 4.56 0.0 HA 24 
   842 5.13 0.0 HA 80 
   218 2.45 0.0 HD2 30 
   1245 1.76 0.0 HB2 113 
   406 131.7 0.0 CD2 44 
   227 2.02 0.0 HB3 31 
   567 1.5 0.0 HB3 57 
   1239 4.25 0.0 HA2 112 
   1988 2.83 0.0 HB3 174 
   1859 33.7 0.0 CG 163 
   403 62.3 0.0 CA 44 
   982 0.71 0.0 HD12 90 
   1483 61.0 0.0 CA 133 
   59 120.5 0.0 N 16 
   939 8.12 0.0 H 87 
   909 4.75 0.0 HA 85 
   330 8.2 0.0 H 39 
   691 1.81 0.0 HB2 68 
   597 2.65 0.0 HB2 61 
   1642 2.46 0.0 HB3 146 
   498 0.78 0.0 HG13 51 
   800 9.17 0.0 H 77 
   1938 1.7 0.0 HB2 170 
   907 121.8 0.0 N 84 
   1355 37.5 0.0 CB 123 
   1829 26.1 0.0 CD1 161 
   1703 2.44 0.0 HB3 152 
   1670 27.0 0.0 CG 148 
   813 7.27 0.0 HE3 78 
   926 2.88 0.0 HB2 86 
   146 116.5 0.0 N 23 
   41 3.21 0.0 HD3 15 
   623 57.0 0.0 CA 62 
   1207 2.39 0.0 HB3 109 
   1274 52.6 0.0 CA 115 
   210 4.82 0.0 HA3 29 
   1085 6.93 0.0 HE1 98 
   713 37.3 0.0 CG 69 
   1984 120.4 0.0 N 173 
   2003 56.0 0.0 CA 175 
   320 2.23 0.0 HB3 38 
   949 9.09 0.0 H 88 
   294 58.7 0.0 CA 36 
   995 2.13 0.0 HG3 91 
   1643 2.21 0.0 HG2 146 
   843 1.63 0.0 HB 80 
   286 3.29 0.0 HB2 36 
   1972 56.3 0.0 CA 172 
   1127 0.01 0.0 HB1 102 
   337 2.71 0.0 HD3 39 
   38 1.59 0.0 HG2 15 
   366 1.74 0.0 HD3 41 
   923 121.7 0.0 N 85 
   984 58.5 0.0 CA 90 
   1096 2.2 0.0 HB3 99 
   52 1.6 0.0 HG3 16 
   266 121.5 0.0 N 34 
   278 56.6 0.0 CA 35 
   1774 0.82 0.0 HG2 157 
   1597 57.5 0.0 CA 142 
   1321 113.5 0.0 N 120 
   1473 8.49 0.0 H 133 
   338 58.1 0.0 CA 39 
   1135 2.45 0.0 HB3 103 
   603 6.87 0.0 HZ3 61 
   1212 36.8 0.0 CG 109 
   729 107.9 0.0 N 71 
   1339 25.6 0.0 CG 122 
   1615 5.82 0.0 HD2 144 
   519 3.0 0.0 HB2 53 
   1472 119.9 0.0 N 132 
   1514 4.26 0.0 HA 136 
   213 2.52 0.0 HA 30 
   1959 31.0 0.0 CB 171 
   681 3.07 0.0 HB2 67 
   1224 0.68 0.0 HD23 110 
   1076 67.7 0.0 CB 97 
   40 3.21 0.0 HD2 15 
   1845 29.2 0.0 CG1 162 
   1270 4.47 0.0 HA 115 
   1307 1.79 0.0 HB3 119 
   279 42.7 0.0 CB 35 
   512 2.42 0.0 HG3 52 
   115 -0.19 0.0 HD13 21 
   1773 0.96 0.0 HB3 157 
   1659 1.74 0.0 HB2 148 
   74 8.12 0.0 H 18 
   103 36.3 0.0 CG 20 
   664 1.55 0.0 HB2 65 
   1234 2.72 0.0 HB3 111 
   221 31.7 0.0 CB 30 
   1856 6.84 0.0 HE22 163 
   853 38.1 0.0 CB 80 
   340 26.9 0.0 CG 39 
   1014 129.9 0.0 CE2 92 
   1565 4.03 0.0 HA 140 
   1756 6.91 0.0 H 156 
   1363 2.78 0.0 HB3 124 
   1329 1.25 0.0 HB2 122 
   356 24.3 0.0 CD1 40 
   1518 7.29 0.0 HD22 136 
   607 128.3 0.0 CD1 61 
   834 57.7 0.0 CA 79 
   1957 2.2 0.0 HG3 171 
   1526 0.66 0.0 HG11 137 
   1443 41.8 0.0 CE 130 
   1693 23.0 0.0 CD1 150 
   866 126.2 0.0 N 81 
   1334 1.73 0.0 HD3 122 
   1524 4.01 0.0 HA 137 
   273 0.91 0.0 HD12 35 
   951 2.71 0.0 HB2 88 
   925 4.52 0.0 HA 86 
   368 2.96 0.0 HE3 41 
   1911 18.1 0.0 CG2 167 
   1481 7.04 0.0 HZ3 133 
   1375 0.33 0.0 HD21 125 
   205 51.9 0.0 CA 28 
   301 121.6 0.0 N 36 
   530 3.06 0.0 HB3 54 
   798 42.2 0.0 CE 76 
   1871 2.92 0.0 HE3 164 
   1392 21.7 0.0 CG2 126 
   997 33.5 0.0 CB 91 
   1851 2.24 0.0 HB2 163 
   1718 7.08 0.0 HE3 153 
   582 6.69 0.0 HD21 59 
   1898 4.64 0.0 HA 167 
   384 119.4 0.0 N 42 
   1758 1.8 0.0 HB 156 
   397 3.17 0.0 HB2 44 
   1926 112.3 0.0 NE2 168 
   619 5.47 0.0 HD2 62 
   1493 4.17 0.0 HA 134 
   1161 0.67 0.0 HG23 105 
   1173 1.34 0.0 HB1 106 
   677 66.8 0.0 CB 66 
   565 1.5 0.0 HB1 57 
   1511 43.4 0.0 CD 135 
   197 36.8 0.0 CB 27 
   1290 18.0 0.0 CE 117 
   531 4.55 0.0 HD21 54 
   272 0.91 0.0 HD11 35 
   1655 20.6 0.0 CB 147 
   897 0.41 0.0 HD12 84 
   511 2.31 0.0 HG2 52 
   1932 57.3 0.0 CA 169 
   1894 21.8 0.0 CG1 166 
   478 8.25 0.0 H 50 
   510 2.21 0.0 HB3 52 
   892 4.47 0.0 HA 84 
   1217 1.6 0.0 HB3 110 
   1446 1.83 0.0 HB2 131 
   600 9.85 0.0 HE1 61 
   470 1.93 0.0 HG3 49 
   1876 41.8 0.0 CE 164 
   484 6.97 0.0 HE1 50 
   1027 1.78 0.0 HG12 94 
   361 2.06 0.0 HB2 41 
   875 3.58 0.0 HA 83 
   248 1.72 0.0 HG2 33 
   1979 4.42 0.0 HA 173 
   536 104.6 0.0 ND2 54 
   1039 8.7 0.0 CD1 94 
   1314 27.1 0.0 CG 119 
   960 131.7 0.0 CD1 88 
   396 4.5 0.0 HA 44 
   477 119.0 0.0 N 49 
   805 32.7 0.0 CB 77 
   1103 25.1 0.0 CG 99 
   1650 4.49 0.0 HA 147 
   1413 4.07 0.0 HA 129 
   1796 115.7 0.0 N 158 
   1612 3.57 0.0 HA 144 
   966 8.46 0.0 H 89 
   773 131.7 0.0 CD1 74 
   904 25.9 0.0 CG 84 
   762 8.53 0.0 H 74 
   696 1.69 0.0 HD3 68 
   1569 6.2 0.0 HD2 140 
   867 9.03 0.0 H 82 
   203 1.47 0.0 HB2 28 
   167 1.76 0.0 HB3 25 
   1063 64.5 0.0 CA 96 
   1156 1.26 0.0 HB 105 
   702 28.9 0.0 CD 68 
   880 0.82 0.0 HD12 83 
   974 5.66 0.0 HA 90 
   1513 7.18 0.0 H 136 
   430 114.9 0.0 N 46 
   1600 23.0 0.0 CD1 142 
   34 8.07 0.0 H 15 
   114 -0.19 0.0 HD12 21 
   492 119.9 0.0 N 50 
   1605 1.04 0.0 HB1 143 
   1914 8.64 0.0 H 168 
   1772 0.27 0.0 HB2 157 
   732 1.63 0.0 HB2 72 
   1006 6.63 0.0 HE1 92 
   1325 45.6 0.0 CA 121 
   170 1.6 0.0 HD2 25 
   1160 0.67 0.0 HG22 105 
   1654 55.8 0.0 CA 147 
   216 1.05 0.0 HG2 30 
   1752 1.43 0.0 HB3 155 
   1647 32.2 0.0 CG 146 
   686 37.3 0.0 CB 67 
   244 8.58 0.0 H 33 
   1886 1.0 0.0 HG11 166 
   69 64.5 0.0 CA 17 
   1476 3.07 0.0 HB3 133 
   1139 3.85 0.0 HD3 103 
   563 7.52 0.0 H 57 
   782 45.8 0.0 CA 75 
   1595 0.37 0.0 HD22 142 
   1032 0.45 0.0 HD11 94 
   1955 2.09 0.0 HB3 171 
   375 7.68 0.0 H 42 
   42 58.2 0.0 CA 15 
   1301 132.5 0.0 CD2 118 
   169 1.29 0.0 HG3 25 
   1970 2.95 0.0 HE2 172 
   287 3.79 0.0 HB3 36 
   839 117.3 0.0 CE2 79 
   970 54.7 0.0 CA 89 
   1618 29.7 0.0 CB 144 
   309 1.13 0.0 HG21 37 
   742 123.7 0.0 N 72 
   1368 4.45 0.0 HA 125 
   888 25.2 0.0 CD1 83 
   1709 32.1 0.0 CB 152 
   1454 27.9 0.0 CG 131 
   903 43.1 0.0 CB 84 
   520 3.26 0.0 HB3 53 
   282 25.2 0.0 CD2 35 
   420 34.2 0.0 CG 45 
   394 120.6 0.0 N 43 
   555 2.93 0.0 HB2 56 
   609 113.7 0.0 CZ2 61 
   1419 6.99 0.0 HE2 129 
   1040 121.6 0.0 N 94 
   4 54.1 0.0 CA 11 
   679 8.15 0.0 H 67 
   1939 1.7 0.0 HB3 170 
   450 1.98 0.0 HB 48 
   1482 7.06 0.0 HH2 133 
   14 35.9 0.0 CG 12 
   81 1.01 0.0 HG22 18 
   1116 4.28 0.0 HA 101 
   1677 45.7 0.0 CA 149 
   1206 2.17 0.0 HB2 109 
   226 1.82 0.0 HB2 31 
   19 1.47 0.0 HB2 13 
   1066 18.1 0.0 CG2 96 
   73 119.6 0.0 N 17 
   532 7.24 0.0 HD22 54 
   1176 50.2 0.0 CA 106 
   1584 44.0 0.0 CA 141 
   1520 40.4 0.0 CB 136 
   398 3.25 0.0 HB3 44 
   72 21.8 0.0 CG2 17 
   525 119.5 0.0 N 53 
   1645 57.0 0.0 CA 146 
   1952 8.55 0.0 H 171 
   733 1.73 0.0 HB3 72 
   1478 9.6 0.0 HE1 133 
   1281 56.2 0.0 CA 116 
   1763 0.93 0.0 HG22 156 
   139 1.13 0.0 HG21 23 
   1186 0.93 0.0 HG22 107 
   409 118.4 0.0 N 44 
   876 1.57 0.0 HB2 83 
   1144 8.6 0.0 H 104 
   1620 136.3 0.0 CE1 144 
   659 24.3 0.0 CD1 64 
   667 2.03 0.0 HG3 65 
   1336 2.91 0.0 HE3 122 
   877 2.1 0.0 HB3 83 
   728 23.0 0.0 CG2 71 
   1311 3.21 0.0 HD3 119 
   209 3.95 0.0 HA2 29 
   1915 4.83 0.0 HA 168 
   1570 6.77 0.0 HE1 140 
   199 107.7 0.0 ND2 27 
   676 55.8 0.0 CA 66 
   1930 2.88 0.0 HB3 169 
   870 2.87 0.0 HB3 82 
   1348 -0.36 0.0 HG21 123 
   857 128.9 0.0 N 80 
   1956 2.2 0.0 HG2 171 
   1741 1.14 0.0 HD23 154 
   802 2.94 0.0 HB2 77 
   159 41.3 0.0 CB 24 
   1034 0.45 0.0 HD13 94 
   1350 -0.36 0.0 HG23 123 
   1002 2.77 0.0 HB2 92 
   1117 3.67 0.0 HB 101 
   380 2.69 0.0 HG3 42 
   680 4.76 0.0 HA 67 
   30 64.2 0.0 CA 14 
   1467 57.9 0.0 CA 132 
   358 120.3 0.0 N 40 
   1574 36.4 0.0 CB 140 
   1765 63.4 0.0 CA 156 
   898 0.41 0.0 HD13 84 
   1598 40.4 0.0 CB 142 
   1289 36.0 0.0 CG 117 
   1713 4.06 0.0 HA 153 
   29 1.24 0.0 HG23 14 
   449 3.79 0.0 HA 48 
   978 1.02 0.0 HG21 90 
   709 2.34 0.0 HG2 69 
   604 7.04 0.0 HH2 61 
   1132 126.2 0.0 N 102 
   815 6.61 0.0 HZ3 78 
   117 39.1 0.0 CB 21 
   1543 3.45 0.0 HD3 138 
   1359 117.1 0.0 N 123 
   887 26.8 0.0 CG 83 
   222 27.2 0.0 CG 30 
   178 41.8 0.0 CE 25 
   985 42.8 0.0 CB 90 
   1908 59.4 0.0 CA 167 
   1341 41.8 0.0 CE 122 
   1667 0.92 0.0 HD23 148 
   1747 118.8 0.0 N 154 
   1068 118.2 0.0 N 96 
   1477 6.93 0.0 HD1 133 
   132 50.7 0.0 CD 22 
   1755 115.0 0.0 N 155 
   1846 16.7 0.0 CG2 162 
   1396 2.61 0.0 HB2 127 
   11 2.32 0.0 HG3 12 
   192 2.32 0.0 HB2 27 
   1324 3.93 0.0 HA3 121 
   1479 7.41 0.0 HE3 133 
   708 2.23 0.0 HB3 69 
   710 2.54 0.0 HG3 69 
   517 8.47 0.0 H 53 
   1730 127.7 0.0 NE1 153 
   237 8.17 0.0 H 32 
   79 0.94 0.0 HG13 18 
   431 8.42 0.0 H 47 
   1286 1.89 0.0 HE1 117 
   986 25.7 0.0 CG1 90 
   816 6.84 0.0 HH2 78 
   963 129.6 0.0 CE2 88 
   1004 6.51 0.0 HD1 92 
   1157 0.33 0.0 HG12 105 
   648 1.86 0.0 HB3 64 
   1304 8.4 0.0 H 119 
   727 69.3 0.0 CB 71 
   790 1.55 0.0 HD2 76 
   453 0.97 0.0 HG21 48 
   1391 69.5 0.0 CB 126 
   1402 4.57 0.0 HA 128 
   305 2.2 0.0 HB 37 
   21 54.2 0.0 CA 13 
   5 40.9 0.0 CB 11 
   269 1.46 0.0 HB2 35 
   873 131.6 0.0 N 82 
   769 7.0 0.0 HE2 74 
   1432 2.04 0.0 HB3 130 
   622 5.65 0.0 HZ 62 
   123 1.93 0.0 HB2 22 
   537 8.89 0.0 H 55 
   124 2.46 0.0 HB3 22 
   810 3.29 0.0 HB3 78 
   241 55.0 0.0 CA 32 
   1279 2.0 0.0 HB2 116 
   615 4.91 0.0 HA 62 
   284 8.01 0.0 H 36 
   1458 1.61 0.0 HB2 132 
   1571 6.77 0.0 HE2 140 
   737 3.19 0.0 HD3 72 
   351 0.86 0.0 HD22 40 
   1189 31.4 0.0 CB 107 
   401 6.81 0.0 HE1 44 
   1692 27.0 0.0 CG 150 
   1178 128.8 0.0 N 106 
   936 117.5 0.0 CE1 86 
   1330 1.47 0.0 HB3 122 
   1059 0.98 0.0 HG23 96 
   467 1.95 0.0 HB2 49 
   634 1.82 0.0 HB3 63 
   1913 112.3 0.0 N 167 
   1852 2.24 0.0 HB3 163 
   965 121.3 0.0 N 88 
   722 4.57 0.0 HB 71 
   852 59.6 0.0 CA 80 
   885 57.1 0.0 CA 83 
   847 0.64 0.0 HG22 80 
   1098 1.77 0.0 HG3 99 
   1722 62.3 0.0 CA 153 
   182 3.96 0.0 HB 26 
   1388 1.41 0.0 HG22 126 
   1717 9.7 0.0 HE1 153 
   1896 115.2 0.0 N 166 
   1269 8.73 0.0 H 115 
   1873 34.1 0.0 CB 164 
   66 1.1 0.0 HG21 17 
   526 110.8 0.0 ND2 53 
   1345 0.37 0.0 HB 123 
   234 27.1 0.0 CG 31 
   1193 4.13 0.0 HA 108 
   1541 1.72 0.0 HG3 138 
   1464 1.04 0.0 HD21 132 
   277 1.01 0.0 HD23 35 
   186 65.4 0.0 CA 26 
   1291 4.86 0.0 HA 118 
   314 21.0 0.0 CG1 37 
   1460 1.53 0.0 HG 132 
   1627 -0.05 0.0 HD11 145 
   48 4.19 0.0 HA 16 
   878 1.45 0.0 HG 83 
   639 7.37 0.0 HE 63 
   934 132.9 0.0 CD1 86 
   996 55.2 0.0 CA 91 
   611 123.3 0.0 CH2 61 
   1397 2.68 0.0 HB3 127 
   675 2.44 0.0 HB3 66 
   673 4.75 0.0 HA 66 
   826 9.23 0.0 H 79 
   1146 1.71 0.0 HB2 104 
   1504 1.59 0.0 HG2 135 
   899 0.64 0.0 HD21 84 
   1601 22.0 0.0 CD2 142 
   1567 2.06 0.0 HB3 140 
   1300 132.5 0.0 CD1 118 
   1 4.65 0.0 HA 11 
   1406 8.19 0.0 HE1 128 
   1740 1.14 0.0 HD22 154 
   719 107.1 0.0 N 70 
   262 2.42 0.0 HG3 34 
   515 36.4 0.0 CG 52 
   522 6.74 0.0 HD22 53 
   854 27.8 0.0 CG1 80 
   571 7.96 0.0 H 58 
   112 0.18 0.0 HG23 21 
   1837 0.81 0.0 HG21 162 
   1328 4.58 0.0 HA 122 
   1992 38.6 0.0 CB 174 
   142 61.6 0.0 CA 23 
   1610 120.1 0.0 N 143 
   1705 2.09 0.0 HG3 152 
   794 53.9 0.0 CA 76 
   1519 53.4 0.0 CA 136 
   1622 8.62 0.0 H 145 
   347 0.84 0.0 HD11 40 
   617 2.5 0.0 HB3 62 
   457 0.92 0.0 HD12 48 
   1158 1.15 0.0 HG13 105 
   196 51.1 0.0 CA 27 
   23 122.6 0.0 N 13 
   821 114.1 0.0 CZ2 78 
   787 1.49 0.0 HB3 76 
   697 3.0 0.0 HE2 68 
   184 1.25 0.0 HG22 26 
   1699 49.3 0.0 CA 151 
   1149 2.24 0.0 HG3 104 
   1965 1.85 0.0 HB3 172 
   1320 45.5 0.0 CA 120 
   201 4.74 0.0 HA 28 
   133 8.04 0.0 H 23 
   523 55.6 0.0 CA 53 
   841 8.07 0.0 H 80 
   1981 2.88 0.0 HB3 173 
   1830 22.9 0.0 CD2 161 
   448 8.86 0.0 H 48 
   246 2.0 0.0 HB2 33 
   1379 41.7 0.0 CB 125 
   1488 123.0 0.0 CZ3 133 
   1335 2.91 0.0 HE2 122 
   411 4.15 0.0 HA 45 
   1165 62.8 0.0 CA 105 
   149 1.51 0.0 HB2 24 
   741 43.1 0.0 CD 72 
   1931 7.31 0.0 HD2 169 
   231 3.17 0.0 HD3 31 
   577 116.9 0.0 N 58 
   1568 6.2 0.0 HD1 140 
   610 120.2 0.0 CZ3 61 
   1480 7.26 0.0 HZ2 133 
   308 0.99 0.0 HG13 37 
   304 3.36 0.0 HA 37 
   1768 21.8 0.0 CG2 156 
   98 2.19 0.0 HB3 20 
   1058 0.98 0.0 HG22 96 
   1221 0.5 0.0 HD13 110 
   288 7.34 0.0 HD1 36 
   382 29.2 0.0 CB 42 
   1638 121.2 0.0 N 145 
   721 4.41 0.0 HA 71 
   1683 1.88 0.0 HG 150 
   1591 -0.51 0.0 HD11 142 
   1629 -0.05 0.0 HD13 145 
   27 1.24 0.0 HG21 14 
   1712 7.2 0.0 H 153 
   863 55.6 0.0 CA 81 
   311 1.13 0.0 HG23 37 
   920 25.6 0.0 CG 85 
   1358 13.5 0.0 CD1 123 
   502 67.2 0.0 CA 51 
   1310 3.21 0.0 HD2 119 
   931 6.77 0.0 HE2 86 
   760 125.1 0.0 N 73 
   546 2.84 0.0 HE3 55 
   913 1.18 0.0 HG3 85 
   442 58.8 0.0 CA 47 
   1136 1.32 0.0 HG2 103 
   293 7.05 0.0 HH2 36 
   977 1.29 0.0 HG13 90 
   786 1.44 0.0 HB2 76 
   1644 2.21 0.0 HG3 146 
   225 4.34 0.0 HA 31 
   658 27.3 0.0 CG 64 
   1498 18.5 0.0 CB 134 
   1577 129.7 0.0 CE1 140 
   774 131.7 0.0 CD2 74 
   1737 0.88 0.0 HD12 154 
   608 122.4 0.0 CE3 61 
   1582 5.14 0.0 HA2 141 
   494 3.25 0.0 HA 51 
   1759 0.75 0.0 HG11 156 
   1013 129.9 0.0 CE1 92 
   959 42.6 0.0 CB 88 
   745 1.04 0.0 HB2 73 
   500 0.8 0.0 HG22 51 
   915 1.28 0.0 HD3 85 
   1592 -0.51 0.0 HD12 142 
   1049 32.4 0.0 CB 95 
   1840 0.01 0.0 HD11 162 
   211 44.9 0.0 CA 29 
   1394 8.77 0.0 H 127 
   1226 42.1 0.0 CB 110 
   614 6.81 0.0 H 62 
   851 0.82 0.0 HD13 80 
   1589 1.6 0.0 HB3 142 
   1702 1.82 0.0 HB2 152 
   458 0.92 0.0 HD13 48 
   17 4.21 0.0 HA 13 
   1839 0.81 0.0 HG23 162 
   1131 15.4 0.0 CB 102 
   65 1.01 0.0 HG13 17 
   630 115.3 0.0 N 62 
   1555 1.62 0.0 HD3 139 
   1484 27.6 0.0 CB 133 
   1012 131.3 0.0 CD2 92 
   1185 0.93 0.0 HG21 107 
   962 129.6 0.0 CE1 88 
   1668 54.5 0.0 CA 148 
   1154 8.55 0.0 H 105 
   1530 1.08 0.0 HG22 137 
   628 133.7 0.0 CE2 62 
   1439 62.3 0.0 CA 130 
   765 3.22 0.0 HB3 74 
   1214 7.93 0.0 H 110 
   666 1.89 0.0 HG2 65 
   747 6.4 0.0 HD1 73 
   631 8.75 0.0 H 63 
   1798 1.66 0.0 HB2 159 
   1003 3.68 0.0 HB3 92 
   1416 7.05 0.0 HD1 129 
   1827 41.4 0.0 CB 161 
   1949 29.2 0.0 CD 170 
   1292 2.84 0.0 HB2 118 
   927 3.29 0.0 HB3 86 
   317 7.16 0.0 H 38 
   990 8.61 0.0 H 91 
   594 120.0 0.0 N 60 
   581 2.76 0.0 HB3 59 
   423 8.3 0.0 H 46 
   1266 68.6 0.0 CB 114 
   1660 2.08 0.0 HB3 148 
   1407 57.1 0.0 CA 128 
   905 22.3 0.0 CD1 84 
   1847 14.9 0.0 CD1 162 
   1323 3.93 0.0 HA2 121 
   1818 1.9 0.0 HB3 161 
   363 1.45 0.0 HG2 41 
   1762 0.93 0.0 HG21 156 
   75 3.81 0.0 HA 18 
   1209 2.43 0.0 HG3 109 
   809 3.11 0.0 HB2 78 
   1435 1.73 0.0 HD2 130 
   349 0.84 0.0 HD13 40 
   937 117.5 0.0 CE2 86 
   355 26.0 0.0 CG 40 
   70 32.2 0.0 CB 17 
   700 31.8 0.0 CB 68 
   1241 45.8 0.0 CA 112 
   715 7.82 0.0 H 70 
   224 8.5 0.0 H 31 
   1802 3.0 0.0 HD2 159 
   1361 4.44 0.0 HA 124 
   575 55.3 0.0 CA 58 
   796 24.8 0.0 CG 76 
   1283 119.1 0.0 N 116 
   131 27.7 0.0 CG 22 
   374 118.4 0.0 N 41 
   1576 127.3 0.0 CD2 140 
   799 121.3 0.0 N 76 
   1123 21.0 0.0 CG2 101 
   1105 8.2 0.0 H 100 
   1431 1.96 0.0 HB2 130 
   469 1.74 0.0 HG2 49 
   975 1.75 0.0 HB 90 
   1958 55.9 0.0 CA 171 
   671 122.0 0.0 N 65 
   1095 1.45 0.0 HB2 99 
   2007 112.3 0.0 NE2 175 
   1749 3.86 0.0 HA 155 
   1611 7.37 0.0 H 144 
   635 1.6 0.0 HG2 63 
   1430 3.99 0.0 HA 130 
   1192 119.5 0.0 N 107 
   1203 49.8 0.0 CD 108 
   1354 61.9 0.0 CA 123 
   1937 4.24 0.0 HA 170 
   1465 1.04 0.0 HD22 132 
   1179 8.02 0.0 H 107 
   1114 122.2 0.0 N 100 
   1364 57.6 0.0 CA 124 
   312 66.4 0.0 CA 37 
   1867 1.66 0.0 HG3 164 
   1777 29.2 0.0 CB 157 
   505 21.0 0.0 CG2 51 
   1333 1.6 0.0 HD2 122 
   1259 7.31 0.0 H 114 
   763 5.33 0.0 HA 74 
   1795 8.6 0.0 CD1 158 
   274 0.91 0.0 HD13 35 
   270 1.81 0.0 HB3 35 
   1697 3.12 0.0 HA2 151 
   215 1.42 0.0 HB3 30 
   373 42.2 0.0 CE 41 
   1284 2.3 0.0 HG2 117 
   1826 57.4 0.0 CA 161 
   348 0.84 0.0 HD12 40 
   694 1.46 0.0 HG3 68 
   1016 112.7 0.0 N 92 
   921 29.2 0.0 CD 85 
   1025 4.37 0.0 HA 94 
   1704 1.84 0.0 HG2 152 
   725 1.1 0.0 HG23 71 
   1399 40.2 0.0 CB 127 
   1547 48.1 0.0 CD 138 
   238 4.9 0.0 HA 32 
   507 8.37 0.0 H 52 
   1897 6.85 0.0 H 167 
   785 5.61 0.0 HA 76 
   827 4.84 0.0 HA 79 
   735 1.63 0.0 HG3 72 
   1037 26.8 0.0 CG1 94 
   378 2.71 0.0 HB3 42 
   193 3.25 0.0 HB3 27 
   1220 0.5 0.0 HD12 110 
   797 29.6 0.0 CD 76 
   1490 120.6 0.0 N 133 
   1883 7.79 0.0 H 166 
   1231 7.36 0.0 H 111 
   39 1.72 0.0 HG3 15 
   134 4.44 0.0 HA 23 
   415 2.64 0.0 HG3 45 
   1346 0.57 0.0 HG12 123 
   141 1.13 0.0 HG23 23 
   1619 115.6 0.0 CD2 144 
   627 133.7 0.0 CE1 62 
   258 4.24 0.0 HA 34 
   1646 31.6 0.0 CB 146 
   1850 4.04 0.0 HA 163 
   1263 1.17 0.0 HG22 114 
   872 39.0 0.0 CB 82 
   245 3.99 0.0 HA 33 
   461 29.8 0.0 CG1 48 
   534 36.9 0.0 CB 54 
   1373 0.13 0.0 HD12 125 
   1529 1.08 0.0 HG21 137 
   60 7.9 0.0 H 17 
   1356 24.8 0.0 CG1 123 
   1137 1.47 0.0 HG3 103 
   372 29.5 0.0 CD 41 
   1421 62.4 0.0 CA 129 
   1023 118.3 0.0 N 93 
   1635 26.4 0.0 CG 145 
   1060 0.87 0.0 HD11 96 
   1724 127.0 0.0 CD1 153 
   1075 60.5 0.0 CA 97 
   1048 62.1 0.0 CA 95 
   1669 43.3 0.0 CB 148 
   1675 4.05 0.0 HA2 149 
   1422 39.5 0.0 CB 129 
   612 121.9 0.0 N 61 
   15 122.1 0.0 N 12 
   1999 2.31 0.0 HG2 175 
   84 31.9 0.0 CB 18 
   1151 30.1 0.0 CB 104 
   444 27.4 0.0 CG 47 
   560 38.1 0.0 CB 56 
   1973 32.8 0.0 CB 172 
   1238 8.62 0.0 H 112 
   588 8.49 0.0 H 60 
   856 12.7 0.0 CD1 80 
   508 3.88 0.0 HA 52 
   1298 53.1 0.0 CA 118 
   268 4.34 0.0 HA 35 
   20 1.47 0.0 HB3 13 
   429 62.7 0.0 CB 46 
   767 6.87 0.0 HD2 74 
   1167 27.6 0.0 CG1 105 
   1753 53.8 0.0 CA 155 
   451 1.26 0.0 HG12 48 
   1126 3.87 0.0 HA 102 
   1457 3.95 0.0 HA 132 
   918 56.1 0.0 CA 85 
   204 1.47 0.0 HB3 28 
   111 0.18 0.0 HG22 21 
   1841 0.01 0.0 HD12 162 
   1491 130.6 0.0 NE1 133 
   672 7.8 0.0 H 66 
   886 39.8 0.0 CB 83 
   1420 6.93 0.0 HZ 129 
   1010 40.4 0.0 CB 92 
   1927 8.65 0.0 H 169 
   1689 1.16 0.0 HD23 150 
   1924 33.7 0.0 CG 168 
   499 0.8 0.0 HG21 51 
   1998 2.08 0.0 HB3 175 
   689 8.83 0.0 H 68 
   437 0.93 0.0 HD12 47 
   620 5.55 0.0 HE1 62 
   1542 3.23 0.0 HD2 138 
   1015 127.8 0.0 CZ 92 
   1168 17.5 0.0 CG2 105 
   10 2.32 0.0 HG2 12 
   1657 8.89 0.0 H 148 
   1951 123.6 0.0 N 170 
   1175 1.34 0.0 HB3 106 
   300 122.2 0.0 CH2 36 
   22 18.5 0.0 CB 13 
   1509 30.1 0.0 CB 135 
   1899 1.86 0.0 HB 167 
   28 1.24 0.0 HG22 14 
   1378 54.2 0.0 CA 125 
   8 2.03 0.0 HB2 12 
   1961 119.4 0.0 N 171 
   145 22.0 0.0 CG2 23 
   71 21.1 0.0 CG1 17 
   527 8.75 0.0 H 54 
   439 0.98 0.0 HD21 47 
   483 7.26 0.0 HD2 50 
   252 58.8 0.0 CA 33 
   1656 120.5 0.0 N 147 
   1140 61.6 0.0 CA 103 
   1666 0.92 0.0 HD22 148 
   1190 20.0 0.0 CG1 107 
   26 4.2 0.0 HB 14 
   1035 55.2 0.0 CA 94 
   144 18.2 0.0 CG1 23 
   1678 107.1 0.0 N 149 
   57 27.3 0.0 CG 16 
   1531 1.08 0.0 HG23 137 
   307 0.99 0.0 HG12 37 
   1903 0.95 0.0 HG22 167 
   811 7.03 0.0 HD1 78 
   865 119.9 0.0 CD2 81 
   459 65.0 0.0 CA 48 
   418 59.3 0.0 CA 45 
   454 0.97 0.0 HG22 48 
   1553 1.46 0.0 HG3 139 
   933 39.5 0.0 CB 86 
   1816 3.88 0.0 HA 161 
   640 54.8 0.0 CA 63 
   1121 59.6 0.0 CA 101 
   1122 69.9 0.0 CB 101 
   195 7.45 0.0 HD22 27 
   779 8.54 0.0 H 75 
   1091 118.2 0.0 CE1 98 
   748 9.32 0.0 HE1 73 
   1492 8.33 0.0 H 134 
   764 3.1 0.0 HB2 74 
   46 121.6 0.0 N 15 
   391 58.5 0.0 CA 43 
   1639 7.93 0.0 H 146 
   1344 3.77 0.0 HA 123 
   1070 4.43 0.0 HA 97 
   1848 120.1 0.0 N 162 
   1578 129.7 0.0 CE2 140 
   198 128.7 0.0 N 27 
   147 9.12 0.0 H 24 
   1318 4.1 0.0 HA2 120 
   551 41.8 0.0 CE 55 
   780 4.93 0.0 HA2 75 
   1652 1.22 0.0 HB2 147 
   946 34.7 0.0 CB 87 
   233 29.5 0.0 CB 31 
   181 3.89 0.0 HA 26 
   1459 1.92 0.0 HB3 132 
   831 6.96 0.0 HD2 79 
   1100 3.8 0.0 HD3 99 
   1776 57.3 0.0 CA 157 
   585 39.9 0.0 CB 59 
   684 6.71 0.0 HD22 67 
   316 116.1 0.0 N 37 
   1695 125.1 0.0 N 150 
   804 55.2 0.0 CA 77 
   653 0.91 0.0 HD21 64 
   860 2.85 0.0 HB2 81 
   119 17.2 0.0 CG2 21 
   758 120.1 0.0 CZ3 73 
   1521 116.3 0.0 N 136 
   896 0.41 0.0 HD11 84 
   202 1.47 0.0 HB1 28 
   1054 1.9 0.0 HB 96 
   1447 2.29 0.0 HB3 131 
   1317 8.98 0.0 H 120 
   1929 2.59 0.0 HB2 169 
   185 1.25 0.0 HG23 26 
   365 1.74 0.0 HD2 41 
   1115 7.25 0.0 H 101 
   1071 4.67 0.0 HB 97 
   1996 4.26 0.0 HA 175 
   1299 39.5 0.0 CB 118 
   817 56.7 0.0 CA 78 
   1349 -0.36 0.0 HG22 123 
   1934 120.5 0.0 CD2 169 
   77 0.94 0.0 HG11 18 
   1041 4.62 0.0 HA 95 
   1079 7.67 0.0 H 98 
   513 59.7 0.0 CA 52 
   916 2.27 0.0 HE2 85 
   633 1.82 0.0 HB2 63 
   1417 7.05 0.0 HD2 129 
   945 54.3 0.0 CA 87 
   1560 25.7 0.0 CG 139 
   1748 7.31 0.0 H 155 
   1418 6.99 0.0 HE1 129 
   1764 0.93 0.0 HG23 156 
   1614 3.34 0.0 HB3 144 
   922 41.3 0.0 CE 85 
   929 7.33 0.0 HD2 86 
   678 111.7 0.0 N 66 
   1658 4.51 0.0 HA 148 
   606 29.6 0.0 CB 61 
   1556 2.87 0.0 HE2 139 
   1707 3.6 0.0 HD3 152 
   1738 0.88 0.0 HD13 154 
   53 3.21 0.0 HD2 16 
   1745 23.0 0.0 CD1 154 
   251 3.34 0.0 HD3 33 
   1665 0.92 0.0 HD21 148 
   1771 3.85 0.0 HA 157 
   1815 7.82 0.0 H 161 
   1506 3.11 0.0 HD2 135 
   1026 2.04 0.0 HB 94 
   1455 50.3 0.0 CD 131 
   641 33.8 0.0 CB 63 
   1218 1.35 0.0 HG 110 
   1017 8.57 0.0 H 93 
   1558 57.9 0.0 CA 139 
   1904 0.95 0.0 HG23 167 
   674 0.91 0.0 HB2 66 
   625 132.0 0.0 CD1 62 
   107 1.29 0.0 HB 21 
   313 31.3 0.0 CB 37 
   1256 29.1 0.0 CD 113 
   1111 67.1 0.0 CA 100 
   1662 0.8 0.0 HD11 148 
   850 0.82 0.0 HD12 80 
   548 32.2 0.0 CB 55 
   249 1.85 0.0 HG3 33 
   1515 0.92 0.0 HB2 136 
   1237 119.9 0.0 N 111 
   1191 22.2 0.0 CG2 107 
   1047 3.51 0.0 HD3 95 
   1900 0.81 0.0 HG12 167 
   1426 129.8 0.0 CE2 129 
   1045 1.91 0.0 HG3 95 
   1540 1.25 0.0 HG2 138 
   1736 0.88 0.0 HD11 154 
   327 33.3 0.0 CG 38 
   1907 0.85 0.0 HD13 167 
   919 34.2 0.0 CB 85 
   383 35.5 0.0 CG 42 
   1424 131.7 0.0 CD2 129 
   67 1.1 0.0 HG22 17 
   96 4.35 0.0 HA 20 
   1976 41.8 0.0 CE 172 
   1579 130.1 0.0 CZ 140 
   1503 1.86 0.0 HB3 135 
   894 1.93 0.0 HB3 84 
   988 14.6 0.0 CD1 90 
   1517 6.92 0.0 HD21 136 
   1118 1.08 0.0 HG21 101 
   1985 8.55 0.0 H 174 
   93 63.2 0.0 CB 19 
   1309 1.68 0.0 HG3 119 
   971 41.3 0.0 CB 89 
   1267 20.7 0.0 CG2 114 
   578 8.55 0.0 H 59 
   535 122.2 0.0 N 54 
   177 29.2 0.0 CD 25 
   1681 1.36 0.0 HB2 150 
   848 0.64 0.0 HG23 80 
   1061 0.87 0.0 HD12 96 
   187 68.1 0.0 CB 26 
   1143 49.2 0.0 CD 103 
   1219 0.5 0.0 HD11 110 
   744 4.72 0.0 HA 73 
   1723 29.6 0.0 CB 153 
   613 127.8 0.0 NE1 61 
   1625 2.33 0.0 HB3 145 
   212 107.0 0.0 N 29 
   2006 120.6 0.0 N 175 
   1249 1.6 0.0 HD2 113 
   1371 1.35 0.0 HG 125 
   3 2.76 0.0 HB3 11 
   1533 33.3 0.0 CB 137 
   417 6.94 0.0 HE22 45 
   1474 3.57 0.0 HA 133 
   163 126.3 0.0 N 24 
   1097 1.5 0.0 HG2 99 
   1313 30.5 0.0 CB 119 
   981 0.71 0.0 HD11 90 
   703 41.8 0.0 CE 68 
   94 116.9 0.0 N 19 
   1925 121.6 0.0 N 168 
   306 0.99 0.0 HG11 37 
   339 29.8 0.0 CB 39 
   1145 4.26 0.0 HA 104 
   1090 133.8 0.0 CD2 98 
   1177 21.6 0.0 CB 106 
   1742 57.8 0.0 CA 154 
   890 108.0 0.0 N 83 
   1728 122.7 0.0 CH2 153 
   778 117.0 0.0 N 74 
   1997 1.94 0.0 HB2 175 
   360 4.16 0.0 HA 41 
   663 4.51 0.0 HA 65 
   568 51.2 0.0 CA 57 
   259 2.16 0.0 HB2 34 
   419 28.3 0.0 CB 45 
   858 9.14 0.0 H 81 
   488 131.7 0.0 CD1 50 
   1990 6.91 0.0 HD22 174 
   1922 54.4 0.0 CA 168 
   1001 4.95 0.0 HA 92 
   1134 0.87 0.0 HB2 103 
   1687 1.16 0.0 HD21 150 
   1450 3.64 0.0 HD2 131 
   1462 0.93 0.0 HD12 132 
   275 1.01 0.0 HD21 35 
   1603 9.24 0.0 H 143 
   544 1.6 0.0 HD3 55 
   1725 119.6 0.0 CE3 153 
   497 0.78 0.0 HG12 51 
   407 117.8 0.0 CE1 44 
   1306 1.79 0.0 HB2 119 
   1887 1.0 0.0 HG12 166 
   481 3.32 0.0 HB3 50 
   1933 30.1 0.0 CB 169 
   716 4.53 0.0 HA2 70 
   1834 1.39 0.0 HB 162 
   514 29.2 0.0 CB 52 
   263 59.6 0.0 CA 34 
   712 29.6 0.0 CB 69 
   1125 7.94 0.0 H 102 
   250 3.34 0.0 HD2 33 
   954 7.16 0.0 HD2 88 
   1429 8.59 0.0 H 130 
   1162 0.43 0.0 HD11 105 
   1427 129.2 0.0 CZ 129 
   1195 2.4 0.0 HB3 108 
   68 1.1 0.0 HG23 17 
   884 0.77 0.0 HD23 83 
   1711 51.4 0.0 CD 152 
   660 24.2 0.0 CD2 64 
   1879 3.97 0.0 HA2 165 
   1254 33.3 0.0 CB 113 
   868 4.02 0.0 HA 82 
   1810 2.55 0.0 HB2 160 
   552 122.1 0.0 N 55 
   346 0.96 0.0 HG 40 
   596 4.27 0.0 HA 61 
   818 32.6 0.0 CB 78 
   533 55.3 0.0 CA 54 
   1184 0.58 0.0 HG13 107 
   891 7.9 0.0 H 84 
   433 1.79 0.0 HB2 47 
   823 123.5 0.0 CH2 78 
   1499 117.9 0.0 N 134 
   1395 4.38 0.0 HA 127 
   1733 1.24 0.0 HB2 154 
   1735 2.08 0.0 HG 154 
   1282 29.0 0.0 CB 116 
   109 1.61 0.0 HG13 21 
   1609 18.0 0.0 CB 143 
   1069 7.01 0.0 H 97 
   950 5.09 0.0 HA 88 
   208 8.82 0.0 H 29 
   1882 108.0 0.0 N 165 
   1727 119.6 0.0 CZ3 153 
   62 2.21 0.0 HB 17 
   906 24.8 0.0 CD2 84 
   1438 2.99 0.0 HE3 130 
   1585 112.9 0.0 N 141 
   1029 0.7 0.0 HG21 94 
   495 2.1 0.0 HB 51 
   768 7.0 0.0 HE1 74 
   58 43.2 0.0 CD 16 
   1412 7.96 0.0 H 129 
   2 2.76 0.0 HB2 11 
   1948 24.8 0.0 CG 170 
   359 7.57 0.0 H 41 
   1360 7.71 0.0 H 124 
   452 1.86 0.0 HG13 48 
   31 68.6 0.0 CB 14 
   257 9.25 0.0 H 34 
   1719 7.16 0.0 HZ2 153 
   1019 2.51 0.0 HB2 93 
   487 38.5 0.0 CB 50 
   64 1.01 0.0 HG12 17 
   626 132.0 0.0 CD2 62 
   1258 117.5 0.0 N 113 
   556 2.93 0.0 HB3 56 
   784 8.54 0.0 H 76 
   1000 8.46 0.0 H 92 
   1383 126.2 0.0 N 125 
   994 2.13 0.0 HG2 91 
   1588 0.74 0.0 HB2 142 
   1120 1.08 0.0 HG23 101 
   408 117.8 0.0 CE2 44 
   883 0.77 0.0 HD22 83 
   1814 115.9 0.0 N 160 
   1716 7.36 0.0 HD1 153 
   1312 57.4 0.0 CA 119 
   388 2.34 0.0 HB3 43 
   707 2.1 0.0 HB2 69 
   471 3.37 0.0 HD2 49 
   1159 0.67 0.0 HG21 105 
   1682 2.33 0.0 HB3 150 
   421 117.4 0.0 N 45 
   1171 8.88 0.0 H 106 
   299 120.3 0.0 CZ3 36 
   911 1.74 0.0 HB3 85 
   1760 0.75 0.0 HG12 156 
   207 123.5 0.0 N 28 
   1783 0.82 0.0 HG12 158 
   849 0.82 0.0 HD11 80 
   1884 4.04 0.0 HA 166 
   1351 -0.19 0.0 HD11 123 
   1676 3.16 0.0 HA3 149 
   1573 51.9 0.0 CA 140 
   261 2.42 0.0 HG2 34 
   1340 28.9 0.0 CD 122 
   1244 4.41 0.0 HA 113 
   393 34.7 0.0 CG 43 
   1113 21.6 0.0 CG2 100 
   24 7.95 0.0 H 14 
   1874 26.3 0.0 CG 164 
   509 2.1 0.0 HB2 52 
   1954 1.93 0.0 HB2 171 
   174 57.0 0.0 CA 25 
   156 1.18 0.0 HD22 24 
   95 7.79 0.0 H 20 
   829 3.01 0.0 HB3 79 
   1975 29.1 0.0 CD 172 
   1232 4.44 0.0 HA 111 
   665 1.81 0.0 HB3 65 
   1757 3.87 0.0 HA 156 
   755 123.5 0.0 CD1 73 
   1172 5.09 0.0 HA 106 
   1649 8.35 0.0 H 147 
   490 118.8 0.0 CE1 50 
   1382 22.6 0.0 CD2 125 
   1414 3.1 0.0 HB2 129 
   47 8.18 0.0 H 16 
   432 4.23 0.0 HA 47 
   325 58.3 0.0 CA 38 
   580 2.37 0.0 HB2 59 
   793 2.95 0.0 HE3 76 
   1211 30.2 0.0 CB 109 
   1043 2.39 0.0 HB3 95 
   2005 33.7 0.0 CG 175 
   61 3.95 0.0 HA 17 
   1708 64.6 0.0 CA 152 
   958 56.0 0.0 CA 88 
   1011 131.3 0.0 CD1 92 
   1196 1.88 0.0 HG2 108 
   1088 42.0 0.0 CB 98 
   1252 3.12 0.0 HE3 113 
   845 1.57 0.0 HG13 80 
   705 8.77 0.0 H 69 
   176 24.6 0.0 CG 25 
   414 2.54 0.0 HG2 45 
   893 0.6 0.0 HB2 84 
   972 122.9 0.0 N 89 
   438 0.93 0.0 HD13 47 
   753 55.4 0.0 CA 73 
   1623 4.15 0.0 HA 145 
   135 2.37 0.0 HB 23 
   76 2.19 0.0 HB 18 
   917 2.37 0.0 HE3 85 
   206 24.4 0.0 CB 28 
   392 28.4 0.0 CB 43 
   1271 1.43 0.0 HB1 115 
   830 6.96 0.0 HD1 79 
   1444 118.4 0.0 N 130 
   25 4.07 0.0 HA 14 
   1119 1.08 0.0 HG22 101 
   586 116.4 0.0 N 59 
   590 2.19 0.0 HB2 60 
   973 8.46 0.0 H 90 
   219 3.47 0.0 HD3 30 
   953 7.16 0.0 HD1 88 
   1746 27.6 0.0 CD2 154 
   1634 42.1 0.0 CB 145 
   260 2.16 0.0 HB3 34 
   1870 2.92 0.0 HE2 164 
   43 30.1 0.0 CB 15 
   172 2.92 0.0 HE2 25 
   126 2.1 0.0 HG3 22 
   743 8.77 0.0 H 73 
   1486 120.1 0.0 CE3 133 
   1086 7.33 0.0 HE2 98 
   1944 2.96 0.0 HE2 170 
   587 110.7 0.0 ND2 59 
   549 25.6 0.0 CG 55 
   239 3.17 0.0 HB2 32 
   1225 53.9 0.0 CA 110 
   901 0.64 0.0 HD23 84 
   1551 1.6 0.0 HB3 139 
   1726 113.9 0.0 CZ2 153 
   344 0.97 0.0 HB2 40 
   889 22.5 0.0 CD2 83 
   538 3.93 0.0 HA 55 
   636 1.74 0.0 HG3 63 
   296 127.0 0.0 CD1 36 
   485 6.97 0.0 HE2 50 
   1384 8.22 0.0 H 126 
   455 0.97 0.0 HG23 48 
   496 0.78 0.0 HG11 51 
   1170 124.1 0.0 N 105 
   1452 65.5 0.0 CA 131 
   1596 0.37 0.0 HD23 142 
   1978 8.4 0.0 H 173 
   1917 2.09 0.0 HB3 168 
   37 1.87 0.0 HB3 15 
   1786 0.42 0.0 HG22 158 
   1860 121.6 0.0 N 163 
   440 0.98 0.0 HD22 47 
   1147 1.85 0.0 HB3 104 
   473 57.4 0.0 CA 49 
   1264 1.17 0.0 HG23 114 
   621 5.55 0.0 HE2 62 
   846 0.64 0.0 HG21 80 
   265 36.3 0.0 CG 34 
   1945 2.96 0.0 HE3 170 
   993 2.38 0.0 HB3 91 
   808 6.21 0.0 HA 78 
   618 5.47 0.0 HD1 62 
   1512 113.5 0.0 N 135 
   655 0.91 0.0 HD23 64 
   944 2.0 0.0 HG3 87 
   559 55.3 0.0 CA 56 
   217 1.44 0.0 HG3 30 
   362 2.06 0.0 HB3 41 
   1129 0.01 0.0 HB3 102 
   651 0.91 0.0 HD12 64 
   276 1.01 0.0 HD22 35 
   85 21.7 0.0 CG1 18 
   1228 25.1 0.0 CD1 110 
   228 1.58 0.0 HG2 31 
   435 1.91 0.0 HG 47 
   599 7.87 0.0 HD1 61 
   1405 7.06 0.0 HD2 128 
   1240 3.79 0.0 HA3 112 
   835 44.0 0.0 CB 79 
   1046 3.51 0.0 HD2 95 
   377 2.27 0.0 HB2 42 
   1099 3.44 0.0 HD2 99 
   740 27.4 0.0 CG 72 
   1843 65.1 0.0 CA 162 
   1552 1.26 0.0 HG2 139 
   1806 28.7 0.0 CG 159 
   1849 8.1 0.0 H 163 
   1809 4.33 0.0 HA 160 
   1966 1.35 0.0 HG2 172 
   1743 42.6 0.0 CB 154 
   1093 128.0 0.0 N 98 
   1685 0.87 0.0 HD12 150 
   1967 1.43 0.0 HG3 172 
   385 8.98 0.0 H 43 
   1288 1.89 0.0 HE3 117 
   1794 18.6 0.0 CG2 158 
   1381 25.2 0.0 CD1 125 
   1164 0.43 0.0 HD13 105 
   1475 2.49 0.0 HB2 133 
   1789 0.18 0.0 HD12 158 
   106 4.14 0.0 HA 21 
   1679 7.83 0.0 H 150 
   1770 7.92 0.0 H 157 
   942 1.9 0.0 HB3 87 
   1766 33.1 0.0 CB 156 
   605 56.9 0.0 CA 61 
   45 43.1 0.0 CD 15 
   1739 1.14 0.0 HD21 154 
   1194 2.03 0.0 HB2 108 
   1780 7.94 0.0 H 158 
   36 1.87 0.0 HB2 15 
   832 6.69 0.0 HE1 79 
   460 37.8 0.0 CB 48 
   1180 4.9 0.0 HA 107 
   1528 0.66 0.0 HG13 137 
   795 38.2 0.0 CB 76 
   1362 2.23 0.0 HB2 124 
   706 4.19 0.0 HA 69 
   1198 3.48 0.0 HD2 108 
   1877 115.9 0.0 N 164 
   1445 4.38 0.0 HA 131 
   1408 30.4 0.0 CB 128 
   1754 18.2 0.0 CB 155 
   789 1.57 0.0 HG3 76 
   381 59.1 0.0 CA 42 
   1372 0.13 0.0 HD11 125 
   726 61.7 0.0 CA 71 
   152 1.0 0.0 HD11 24 
   1005 6.51 0.0 HD2 92 
   717 3.53 0.0 HA3 70 
   422 111.4 0.0 NE2 45 
   33 113.2 0.0 N 14 
   480 3.32 0.0 HB2 50 
   1393 111.5 0.0 N 126 
   1791 63.4 0.0 CA 158 
   1471 26.2 0.0 CD2 132 
   136 0.96 0.0 HG11 23 
   1604 3.75 0.0 HA 143 
   155 1.18 0.0 HD21 24 
   1470 23.5 0.0 CD1 132 
   844 0.96 0.0 HG12 80 
   90 3.98 0.0 HB2 19 
   956 7.18 0.0 HE2 88 
   1928 4.05 0.0 HA 169 
   1823 0.73 0.0 HD21 161 
   1210 58.3 0.0 CA 109 
   1661 1.64 0.0 HG 148 
   350 0.86 0.0 HD21 40 
   553 8.2 0.0 H 56 
   1684 0.87 0.0 HD11 150 
   1921 7.47 0.0 HE22 168 
   1881 45.6 0.0 CA 165 
   1174 1.34 0.0 HB2 106 
   775 130.0 0.0 CE1 74 
   1442 29.4 0.0 CD 130 
   1469 27.0 0.0 CG 132 
   1243 8.33 0.0 H 113 
   1720 6.36 0.0 HZ3 153 
   118 27.5 0.0 CG1 21 
   1062 0.87 0.0 HD13 96 
   105 7.66 0.0 H 21 
   902 53.6 0.0 CA 84 
   165 4.41 0.0 HA 25 
   1277 8.32 0.0 H 116 
   173 2.92 0.0 HE3 25 
   1820 0.66 0.0 HD11 161 
   1112 67.9 0.0 CB 100 
   92 60.1 0.0 CA 19 
   1347 0.7 0.0 HG13 123 
   701 24.4 0.0 CG 68 
   333 2.31 0.0 HB3 39 
   1448 1.99 0.0 HG2 131 
   693 1.46 0.0 HG2 68 
   1295 7.0 0.0 HD2 118 
   462 17.0 0.0 CG2 48 
   1974 24.7 0.0 CG 172 
   1991 53.2 0.0 CA 174 
   1331 1.04 0.0 HG2 122 
   1686 0.87 0.0 HD13 150 
   1352 -0.19 0.0 HD12 123 
   1510 27.0 0.0 CG 135 
   528 4.38 0.0 HA 54 
   652 0.91 0.0 HD13 64 
   861 3.25 0.0 HB3 81 
   579 5.05 0.0 HA 59 
   1875 29.2 0.0 CD 164 
   188 22.0 0.0 CG2 26 
   229 1.65 0.0 HG3 31 
   932 57.5 0.0 CA 86 
   158 56.0 0.0 CA 24 
   980 1.02 0.0 HG23 90 
   283 119.1 0.0 N 35 
   964 128.3 0.0 CZ 88 
   1989 7.61 0.0 HD21 174 
   1262 1.17 0.0 HG21 114 
   1387 1.41 0.0 HG21 126 
   1494 1.5 0.0 HB1 134 
   1293 3.08 0.0 HB3 118 
   1357 17.0 0.0 CG2 123 
   113 -0.19 0.0 HD11 21 
   1885 2.17 0.0 HB 166 
   1782 1.56 0.0 HB 158 
   1265 58.4 0.0 CA 114 
   1663 0.8 0.0 HD12 148 
   1250 1.6 0.0 HD3 113 
   524 37.4 0.0 CB 53 
   472 3.42 0.0 HD3 49 
   1261 4.2 0.0 HB 114 
   649 1.83 0.0 HG 64 
   1947 33.5 0.0 CB 170 
   127 3.72 0.0 HD2 22 
   801 5.55 0.0 HA 77 
   1255 25.6 0.0 CG 113 
   322 2.45 0.0 HG3 38 
   1593 -0.51 0.0 HD13 142 
   1242 115.0 0.0 N 112 
   987 19.5 0.0 CG2 90 
   399 7.33 0.0 HD1 44 
   1559 32.6 0.0 CB 139 
   781 4.31 0.0 HA3 75 
   1804 66.3 0.0 CA 159 
   589 4.4 0.0 HA 60 
   1608 55.6 0.0 CA 143 
   1370 1.68 0.0 HB3 125 
   466 4.23 0.0 HA 49 
   1308 1.58 0.0 HG2 119 
   754 30.6 0.0 CB 73 
   1602 125.0 0.0 N 142 
   1235 56.4 0.0 CA 111 
   1710 28.3 0.0 CG 152 
   1892 63.3 0.0 CA 166 
   1861 111.2 0.0 NE2 163 
   386 4.33 0.0 HA 43 
   1229 22.5 0.0 CD2 110 
   465 7.64 0.0 H 49 
   643 42.6 0.0 CD 63 
   734 1.5 0.0 HG2 72 
   1561 29.3 0.0 CD 139 
   914 1.27 0.0 HD2 85 
   1963 4.4 0.0 HA 172 
   646 5.07 0.0 HA 64 
   493 8.77 0.0 H 51 
   976 0.84 0.0 HG12 90 
   1434 1.72 0.0 HG3 130 
   1532 60.5 0.0 CA 137 
