   1923 31.6 0.0 CB 168 
   1645 57.0 0.0 CA 146 
   1765 63.4 0.0 CA 156 
   1048 62.1 0.0 CA 95 
   1769 113.1 0.0 N 156 
   1188 58.3 0.0 CA 107 
   1813 41.7 0.0 CB 160 
   1748 7.31 0.0 H 155 
   1398 56.8 0.0 CA 127 
   1379 41.7 0.0 CB 125 
   1697 3.12 0.0 HA2 151 
   133 8.04 0.0 H 23 
   1060 0.87 0.0 HD11 96 
   1301 132.5 0.0 CD2 118 
   95 7.79 0.0 H 20 
   1159 0.67 0.0 HG21 105 
   1473 8.49 0.0 H 133 
   527 8.75 0.0 H 54 
   1148 2.07 0.0 HG2 104 
   79 0.94 0.0 HG13 18 
   1116 4.28 0.0 HA 101 
   1323 3.93 0.0 HA2 121 
   1105 8.2 0.0 H 100 
   516 119.7 0.0 N 52 
   974 5.66 0.0 HA 90 
   1350 -0.36 0.0 HG23 123 
   1356 24.8 0.0 CG1 123 
   747 6.4 0.0 HD1 73 
   817 56.7 0.0 CA 78 
   1933 30.1 0.0 CB 169 
   1889 1.0 0.0 HG21 166 
   1847 14.9 0.0 CD1 162 
   323 6.95 0.0 HE21 38 
   312 66.4 0.0 CA 37 
   364 1.73 0.0 HG3 41 
   692 1.89 0.0 HB3 68 
   1069 7.01 0.0 H 97 
   1641 2.2 0.0 HB2 146 
   88 8.07 0.0 H 19 
   504 23.6 0.0 CG1 51 
   80 1.01 0.0 HG21 18 
   263 59.6 0.0 CA 34 
   771 54.9 0.0 CA 74 
   1550 1.74 0.0 HB2 139 
   290 7.31 0.0 HE3 36 
   1612 3.57 0.0 HA 144 
   321 2.45 0.0 HG2 38 
   1136 1.32 0.0 HG2 103 
   617 2.5 0.0 HB3 62 
   822 120.5 0.0 CZ3 78 
   1571 6.77 0.0 HE2 140 
   1089 132.8 0.0 CD1 98 
   1530 1.08 0.0 HG22 137 
   653 0.91 0.0 HD21 64 
   825 131.3 0.0 NE1 78 
   938 129.3 0.0 N 86 
   655 0.91 0.0 HD23 64 
   1112 67.9 0.0 CB 100 
   1366 121.7 0.0 N 124 
   921 29.2 0.0 CD 85 
   671 122.0 0.0 N 65 
   125 2.1 0.0 HG2 22 
   1035 55.2 0.0 CA 94 
   573 2.55 0.0 HB2 58 
   666 1.89 0.0 HG2 65 
   1025 4.37 0.0 HA 94 
   1018 5.58 0.0 HA 93 
   1108 1.25 0.0 HG21 100 
   1959 31.0 0.0 CB 171 
   1005 6.51 0.0 HD2 92 
   1376 0.33 0.0 HD22 125 
   257 9.25 0.0 H 34 
   1857 58.8 0.0 CA 163 
   528 4.38 0.0 HA 54 
   908 8.45 0.0 H 85 
   292 7.51 0.0 HZ3 36 
   1324 3.93 0.0 HA3 121 
   898 0.41 0.0 HD13 84 
   1335 2.91 0.0 HE2 122 
   1407 57.1 0.0 CA 128 
   154 1.0 0.0 HD13 24 
   1165 62.8 0.0 CA 105 
   1787 0.42 0.0 HG23 158 
   275 1.01 0.0 HD21 35 
   1644 2.21 0.0 HG3 146 
   1489 123.1 0.0 CH2 133 
   96 4.35 0.0 HA 20 
   698 3.0 0.0 HE3 68 
   520 3.26 0.0 HB3 53 
   1397 2.68 0.0 HB3 127 
   942 1.9 0.0 HB3 87 
   1084 7.38 0.0 HD2 98 
   425 3.98 0.0 HB2 46 
   701 24.4 0.0 CG 68 
   198 128.7 0.0 N 27 
   1637 23.3 0.0 CD2 145 
   1903 0.95 0.0 HG22 167 
   752 6.46 0.0 HH2 73 
   1685 0.87 0.0 HD12 150 
   248 1.72 0.0 HG2 33 
   1902 0.95 0.0 HG21 167 
   1010 40.4 0.0 CB 92 
   852 59.6 0.0 CA 80 
   1523 6.64 0.0 H 137 
   717 3.53 0.0 HA3 70 
   1192 119.5 0.0 N 107 
   167 1.76 0.0 HB3 25 
   367 2.96 0.0 HE2 41 
   1576 127.3 0.0 CD2 140 
   1948 24.8 0.0 CG 170 
   13 29.4 0.0 CB 12 
   1554 1.56 0.0 HD2 139 
   988 14.6 0.0 CD1 90 
   1855 7.42 0.0 HE21 163 
   24 7.95 0.0 H 14 
   1616 7.71 0.0 HE1 144 
   1294 7.0 0.0 HD1 118 
   1996 4.26 0.0 HA 175 
   313 31.3 0.0 CB 37 
   729 107.9 0.0 N 71 
   400 7.33 0.0 HD2 44 
   269 1.46 0.0 HB2 35 
   1625 2.33 0.0 HB3 145 
   1177 21.6 0.0 CB 106 
   503 31.5 0.0 CB 51 
   1470 23.5 0.0 CD1 132 
   1003 3.68 0.0 HB3 92 
   568 51.2 0.0 CA 57 
   855 17.1 0.0 CG2 80 
   901 0.64 0.0 HD23 84 
   46 121.6 0.0 N 15 
   488 131.7 0.0 CD1 50 
   1578 129.7 0.0 CE2 140 
   131 27.7 0.0 CG 22 
   1002 2.77 0.0 HB2 92 
   51 1.6 0.0 HG2 16 
   1315 42.9 0.0 CD 119 
   353 57.5 0.0 CA 40 
   1430 3.99 0.0 HA 130 
   1387 1.41 0.0 HG21 126 
   1539 1.47 0.0 HB3 138 
   651 0.91 0.0 HD12 64 
   759 123.7 0.0 CH2 73 
   911 1.74 0.0 HB3 85 
   1817 1.16 0.0 HB2 161 
   272 0.91 0.0 HD11 35 
   1978 8.4 0.0 H 173 
   158 56.0 0.0 CA 24 
   1039 8.7 0.0 CD1 94 
   1784 1.49 0.0 HG13 158 
   1946 56.7 0.0 CA 170 
   164 8.31 0.0 H 25 
   280 27.0 0.0 CG 35 
   786 1.44 0.0 HB2 76 
   1938 1.7 0.0 HB2 170 
   251 3.34 0.0 HD3 33 
   594 120.0 0.0 N 60 
   1816 3.88 0.0 HA 161 
   549 25.6 0.0 CG 55 
   1298 53.1 0.0 CA 118 
   1022 43.0 0.0 CB 93 
   457 0.92 0.0 HD12 48 
   1420 6.93 0.0 HZ 129 
   740 27.4 0.0 CG 72 
   1872 56.9 0.0 CA 164 
   981 0.71 0.0 HD11 90 
   1830 22.9 0.0 CD2 161 
   1924 33.7 0.0 CG 168 
   1484 27.6 0.0 CB 133 
   1391 69.5 0.0 CB 126 
   1905 0.85 0.0 HD11 167 
   857 128.9 0.0 N 80 
   1399 40.2 0.0 CB 127 
   1836 1.33 0.0 HG13 162 
   1157 0.33 0.0 HG12 105 
   1656 120.5 0.0 N 147 
   1893 32.2 0.0 CB 166 
   368 2.96 0.0 HE3 41 
   533 55.3 0.0 CA 54 
   1682 2.33 0.0 HB3 150 
   694 1.46 0.0 HG3 68 
   1919 2.35 0.0 HG3 168 
   1455 50.3 0.0 CD 131 
   1622 8.62 0.0 H 145 
   916 2.27 0.0 HE2 85 
   882 0.77 0.0 HD21 83 
   1124 114.3 0.0 N 101 
   649 1.83 0.0 HG 64 
   1319 3.69 0.0 HA3 120 
   1248 1.36 0.0 HG3 113 
   733 1.73 0.0 HB3 72 
   1454 27.9 0.0 CG 131 
   1110 1.25 0.0 HG23 100 
   1785 0.42 0.0 HG21 158 
   1331 1.04 0.0 HG2 122 
   1514 4.26 0.0 HA 136 
   1488 123.0 0.0 CZ3 133 
   1725 119.6 0.0 CE3 153 
   277 1.01 0.0 HD23 35 
   162 25.5 0.0 CD2 24 
   1814 115.9 0.0 N 160 
   1860 121.6 0.0 N 163 
   900 0.64 0.0 HD22 84 
   50 1.9 0.0 HB3 16 
   1347 0.7 0.0 HG13 123 
   596 4.27 0.0 HA 61 
   52 1.6 0.0 HG3 16 
   1755 115.0 0.0 N 155 
   1774 0.82 0.0 HG2 157 
   557 7.04 0.0 HD21 56 
   560 38.1 0.0 CB 56 
   1437 2.99 0.0 HE2 130 
   609 113.7 0.0 CZ2 61 
   1327 7.0 0.0 H 122 
   1307 1.79 0.0 HB3 119 
   271 1.77 0.0 HG 35 
   1390 62.4 0.0 CA 126 
   1635 26.4 0.0 CG 145 
   1202 27.1 0.0 CG 108 
   1402 4.57 0.0 HA 128 
   548 32.2 0.0 CB 55 
   948 122.6 0.0 N 87 
   1593 -0.51 0.0 HD13 142 
   1760 0.75 0.0 HG12 156 
   711 58.0 0.0 CA 69 
   1718 7.08 0.0 HE3 153 
   2002 6.84 0.0 HE22 175 
   69 64.5 0.0 CA 17 
   1200 66.4 0.0 CA 108 
   418 59.3 0.0 CA 45 
   1679 7.83 0.0 H 150 
   1741 1.14 0.0 HD23 154 
   775 130.0 0.0 CE1 74 
   1463 0.93 0.0 HD13 132 
   585 39.9 0.0 CB 59 
   1851 2.24 0.0 HB2 163 
   521 7.98 0.0 HD21 53 
   623 57.0 0.0 CA 62 
   1895 21.8 0.0 CG2 166 
   1280 2.0 0.0 HB3 116 
   214 1.05 0.0 HB2 30 
   403 62.3 0.0 CA 44 
   662 8.9 0.0 H 65 
   1961 119.4 0.0 N 171 
   429 62.7 0.0 CB 46 
   408 117.8 0.0 CE2 44 
   1424 131.7 0.0 CD2 129 
   607 128.3 0.0 CD1 61 
   566 1.5 0.0 HB2 57 
   1874 26.3 0.0 CG 164 
   1290 18.0 0.0 CE 117 
   1342 118.4 0.0 N 122 
   932 57.5 0.0 CA 86 
   878 1.45 0.0 HG 83 
   1696 9.07 0.0 H 151 
   1362 2.23 0.0 HB2 124 
   89 4.33 0.0 HA 19 
   1646 31.6 0.0 CB 146 
   1971 2.95 0.0 HE3 172 
   1689 1.16 0.0 HD23 150 
   1827 41.4 0.0 CB 161 
   1496 1.5 0.0 HB3 134 
   1967 1.43 0.0 HG3 172 
   1520 40.4 0.0 CB 136 
   755 123.5 0.0 CD1 73 
   1710 28.3 0.0 CG 152 
   391 58.5 0.0 CA 43 
   232 56.1 0.0 CA 31 
   665 1.81 0.0 HB3 65 
   1811 2.55 0.0 HB3 160 
   1349 -0.36 0.0 HG22 123 
   1932 57.3 0.0 CA 169 
   1757 3.87 0.0 HA 156 
   1534 20.4 0.0 CG1 137 
   229 1.65 0.0 HG3 31 
   458 0.92 0.0 HD13 48 
   845 1.57 0.0 HG13 80 
   1198 3.48 0.0 HD2 108 
   163 126.3 0.0 N 24 
   925 4.52 0.0 HA 86 
   478 8.25 0.0 H 50 
   856 12.7 0.0 CD1 80 
   1614 3.34 0.0 HB3 144 
   1841 0.01 0.0 HD12 162 
   1668 54.5 0.0 CA 148 
   1619 115.6 0.0 CD2 144 
   1535 22.9 0.0 CG2 137 
   1206 2.17 0.0 HB2 109 
   1966 1.35 0.0 HG2 172 
   1842 0.01 0.0 HD13 162 
   1014 129.9 0.0 CE2 92 
   1995 8.36 0.0 H 175 
   1240 3.79 0.0 HA3 112 
   722 4.57 0.0 HB 71 
   398 3.25 0.0 HB3 44 
   62 2.21 0.0 HB 17 
   727 69.3 0.0 CB 71 
   1080 4.69 0.0 HA 98 
   1973 32.8 0.0 CB 172 
   1049 32.4 0.0 CB 95 
   680 4.76 0.0 HA 67 
   2004 29.2 0.0 CB 175 
   117 39.1 0.0 CB 21 
   461 29.8 0.0 CG1 48 
   943 2.0 0.0 HG2 87 
   350 0.86 0.0 HD21 40 
   581 2.76 0.0 HB3 59 
   960 131.7 0.0 CD1 88 
   1791 63.4 0.0 CA 158 
   1643 2.21 0.0 HG2 146 
   525 119.5 0.0 N 53 
   1968 1.65 0.0 HD2 172 
   1915 4.83 0.0 HA 168 
   1123 21.0 0.0 CG2 101 
   1336 2.91 0.0 HE3 122 
   1598 40.4 0.0 CB 142 
   829 3.01 0.0 HB3 79 
   1681 1.36 0.0 HB2 150 
   783 107.1 0.0 N 75 
   603 6.87 0.0 HZ3 61 
   918 56.1 0.0 CA 85 
   782 45.8 0.0 CA 75 
   111 0.18 0.0 HG22 21 
   1890 1.0 0.0 HG22 166 
   704 123.1 0.0 N 68 
   1749 3.86 0.0 HA 155 
   1507 3.11 0.0 HD3 135 
   1807 49.4 0.0 CD 159 
   1383 126.2 0.0 N 125 
   700 31.8 0.0 CB 68 
   1700 105.7 0.0 N 151 
   1061 0.87 0.0 HD12 96 
   475 26.1 0.0 CG 49 
   836 131.9 0.0 CD1 79 
   32 22.0 0.0 CG2 14 
   152 1.0 0.0 HD11 24 
   1751 1.43 0.0 HB2 155 
   535 122.2 0.0 N 54 
   1487 113.9 0.0 CZ2 133 
   1636 25.8 0.0 CD1 145 
   1951 123.6 0.0 N 170 
   1221 0.5 0.0 HD13 110 
   1085 6.93 0.0 HE1 98 
   1706 3.08 0.0 HD2 152 
   1671 26.1 0.0 CD1 148 
   757 113.1 0.0 CZ2 73 
   161 27.0 0.0 CD1 24 
   1364 57.6 0.0 CA 124 
   424 4.12 0.0 HA 46 
   1581 9.74 0.0 H 141 
   904 25.9 0.0 CG 84 
   1213 116.4 0.0 N 109 
   189 121.3 0.0 N 26 
   821 114.1 0.0 CZ2 78 
   1688 1.16 0.0 HD22 150 
   1608 55.6 0.0 CA 143 
   962 129.6 0.0 CE1 88 
   1186 0.93 0.0 HG22 107 
   2000 2.31 0.0 HG3 175 
   1156 1.26 0.0 HB 105 
   1078 103.6 0.0 N 97 
   779 8.54 0.0 H 75 
   1766 33.1 0.0 CB 156 
   486 58.8 0.0 CA 50 
   191 4.6 0.0 HA 27 
   1508 57.0 0.0 CA 135 
   1873 34.1 0.0 CB 164 
   406 131.7 0.0 CD2 44 
   1852 2.24 0.0 HB3 163 
   1385 4.28 0.0 HA 126 
   224 8.5 0.0 H 31 
   411 4.15 0.0 HA 45 
   693 1.46 0.0 HG2 68 
   169 1.29 0.0 HG3 25 
   75 3.81 0.0 HA 18 
   964 128.3 0.0 CZ 88 
   1587 3.92 0.0 HA 142 
   1187 0.93 0.0 HG23 107 
   739 32.8 0.0 CB 72 
   1122 69.9 0.0 CB 101 
   1901 1.3 0.0 HG13 167 
   1468 41.9 0.0 CB 132 
   659 24.3 0.0 CD1 64 
   1291 4.86 0.0 HA 118 
   1239 4.25 0.0 HA2 112 
   1552 1.26 0.0 HG2 139 
   270 1.81 0.0 HB3 35 
   505 21.0 0.0 CG2 51 
   1886 1.0 0.0 HG11 166 
   1647 32.2 0.0 CG 146 
   298 114.2 0.0 CZ2 36 
   421 117.4 0.0 N 45 
   1142 27.9 0.0 CG 103 
   884 0.77 0.0 HD23 83 
   708 2.23 0.0 HB3 69 
   140 1.13 0.0 HG22 23 
   1011 131.3 0.0 CD1 92 
   1245 1.76 0.0 HB2 113 
   1471 26.2 0.0 CD2 132 
   423 8.3 0.0 H 46 
   109 1.61 0.0 HG13 21 
   1720 6.36 0.0 HZ3 153 
   281 22.8 0.0 CD1 35 
   1956 2.2 0.0 HG2 171 
   1328 4.58 0.0 HA 122 
   1495 1.5 0.0 HB2 134 
   455 0.97 0.0 HG23 48 
   254 27.3 0.0 CG 33 
   838 117.3 0.0 CE1 79 
   1125 7.94 0.0 H 102 
   1719 7.16 0.0 HZ2 153 
   689 8.83 0.0 H 68 
   542 1.59 0.0 HG3 55 
   1097 1.5 0.0 HG2 99 
   1859 33.7 0.0 CG 163 
   1865 2.04 0.0 HB3 164 
   1837 0.81 0.0 HG21 162 
   1845 29.2 0.0 CG1 162 
   1337 55.1 0.0 CA 122 
   1029 0.7 0.0 HG21 94 
   1059 0.98 0.0 HG23 96 
   6 8.75 0.0 H 12 
   18 1.47 0.0 HB1 13 
   1907 0.85 0.0 HD13 167 
   834 57.7 0.0 CA 79 
   1892 63.3 0.0 CA 166 
   993 2.38 0.0 HB3 91 
   1412 7.96 0.0 H 129 
   253 28.7 0.0 CB 33 
   339 29.8 0.0 CB 39 
   1740 1.14 0.0 HD22 154 
   1129 0.01 0.0 HB3 102 
   1621 115.4 0.0 N 144 
   388 2.34 0.0 HB3 43 
   124 2.46 0.0 HB3 22 
   202 1.47 0.0 HB1 28 
   1856 6.84 0.0 HE22 163 
   87 118.3 0.0 N 18 
   422 111.4 0.0 NE2 45 
   961 131.7 0.0 CD2 88 
   1175 1.34 0.0 HB3 106 
   721 4.41 0.0 HA 71 
   773 131.7 0.0 CD1 74 
   195 7.45 0.0 HD22 27 
   1606 1.04 0.0 HB2 143 
   308 0.99 0.0 HG13 37 
   1411 114.8 0.0 N 128 
   1419 6.99 0.0 HE2 129 
   1771 3.85 0.0 HA 157 
   1231 7.36 0.0 H 111 
   1450 3.64 0.0 HD2 131 
   14 35.9 0.0 CG 12 
   598 4.08 0.0 HB3 61 
   1135 2.45 0.0 HB3 103 
   10 2.32 0.0 HG2 12 
   219 3.47 0.0 HD3 30 
   237 8.17 0.0 H 32 
   1778 34.2 0.0 CG 157 
   1779 117.5 0.0 N 157 
   1880 4.11 0.0 HA3 165 
   571 7.96 0.0 H 58 
   1648 117.1 0.0 N 146 
   467 1.95 0.0 HB2 49 
   1091 118.2 0.0 CE1 98 
   435 1.91 0.0 HG 47 
   728 23.0 0.0 CG2 71 
   1365 27.0 0.0 CB 124 
   552 122.1 0.0 N 55 
   68 1.1 0.0 HG23 17 
   1057 0.98 0.0 HG21 96 
   327 33.3 0.0 CG 38 
   1777 29.2 0.0 CB 157 
   1611 7.37 0.0 H 144 
   1840 0.01 0.0 HD11 162 
   1418 6.99 0.0 HE1 129 
   1405 7.06 0.0 HD2 128 
   1190 20.0 0.0 CG1 107 
   1712 7.2 0.0 H 153 
   767 6.87 0.0 HD2 74 
   890 108.0 0.0 N 83 
   794 53.9 0.0 CA 76 
   514 29.2 0.0 CB 52 
   1599 26.2 0.0 CG 142 
   1775 1.28 0.0 HG3 157 
   515 36.4 0.0 CG 52 
   795 38.2 0.0 CB 76 
   726 61.7 0.0 CA 71 
   489 131.7 0.0 CD2 50 
   402 6.81 0.0 HE2 44 
   1253 56.4 0.0 CA 113 
   233 29.5 0.0 CB 31 
   65 1.01 0.0 HG13 17 
   1348 -0.36 0.0 HG21 123 
   578 8.55 0.0 H 59 
   770 6.92 0.0 HZ 74 
   1077 22.0 0.0 CG2 97 
   55 57.8 0.0 CA 16 
   1510 27.0 0.0 CG 135 
   1427 129.2 0.0 CZ 129 
   1114 122.2 0.0 N 100 
   1979 4.42 0.0 HA 173 
   652 0.91 0.0 HD13 64 
   600 9.85 0.0 HE1 61 
   1051 50.6 0.0 CD 95 
   1878 7.93 0.0 H 165 
   12 58.2 0.0 CA 12 
   1306 1.79 0.0 HB2 119 
   681 3.07 0.0 HB2 67 
   1882 108.0 0.0 N 165 
   334 1.47 0.0 HG2 39 
   302 125.7 0.0 NE1 36 
   49 1.9 0.0 HB2 16 
   1721 6.62 0.0 HH2 153 
   928 7.33 0.0 HD1 86 
   597 2.65 0.0 HB2 61 
   1321 113.5 0.0 N 120 
   1195 2.4 0.0 HB3 108 
   1466 1.04 0.0 HD23 132 
   741 43.1 0.0 CD 72 
   1461 0.93 0.0 HD11 132 
   1222 0.68 0.0 HD21 110 
   844 0.96 0.0 HG12 80 
   139 1.13 0.0 HG21 23 
   1111 67.1 0.0 CA 100 
   657 48.2 0.0 CB 64 
   760 125.1 0.0 N 73 
   1638 121.2 0.0 N 145 
   851 0.82 0.0 HD13 80 
   1914 8.64 0.0 H 168 
   1056 1.48 0.0 HG13 96 
   1266 68.6 0.0 CB 114 
   826 9.23 0.0 H 79 
   840 121.1 0.0 N 79 
   724 1.1 0.0 HG22 71 
   1161 0.67 0.0 HG23 105 
   481 3.32 0.0 HB3 50 
   1501 4.14 0.0 HA 135 
   1916 1.92 0.0 HB2 168 
   359 7.57 0.0 H 41 
   1251 3.12 0.0 HE2 113 
   282 25.2 0.0 CD2 35 
   1654 55.8 0.0 CA 147 
   1632 0.45 0.0 HD23 145 
   875 3.58 0.0 HA 83 
   273 0.91 0.0 HD12 35 
   1633 58.4 0.0 CA 145 
   1158 1.15 0.0 HG13 105 
   226 1.82 0.0 HB2 31 
   306 0.99 0.0 HG11 37 
   37 1.87 0.0 HB3 15 
   536 104.6 0.0 ND2 54 
   74 8.12 0.0 H 18 
   1964 1.72 0.0 HB2 172 
   610 120.2 0.0 CZ3 61 
   1884 4.04 0.0 HA 166 
   1786 0.42 0.0 HG22 158 
   1094 3.55 0.0 HA 99 
   684 6.71 0.0 HD22 67 
   310 1.13 0.0 HG22 37 
   797 29.6 0.0 CD 76 
   132 50.7 0.0 CD 22 
   580 2.37 0.0 HB2 59 
   1929 2.59 0.0 HB2 169 
   1762 0.93 0.0 HG21 156 
   1754 18.2 0.0 CB 155 
   871 55.4 0.0 CA 82 
   1992 38.6 0.0 CB 174 
   1475 2.49 0.0 HB2 133 
   238 4.9 0.0 HA 32 
   43 30.1 0.0 CB 15 
   1630 0.45 0.0 HD21 145 
   827 4.84 0.0 HA 79 
   427 5.22 0.0 HG 46 
   1850 4.04 0.0 HA 163 
   519 3.0 0.0 HB2 53 
   1617 61.9 0.0 CA 144 
   1481 7.04 0.0 HZ3 133 
   372 29.5 0.0 CD 41 
   1524 4.01 0.0 HA 137 
   877 2.1 0.0 HB3 83 
   1595 0.37 0.0 HD22 142 
   1701 4.25 0.0 HA 152 
   301 121.6 0.0 N 36 
   1120 1.08 0.0 HG23 101 
   183 1.25 0.0 HG21 26 
   1303 117.4 0.0 CE2 118 
   582 6.69 0.0 HD21 59 
   894 1.93 0.0 HB3 84 
   635 1.6 0.0 HG2 63 
   634 1.82 0.0 HB3 63 
   1271 1.43 0.0 HB1 115 
   696 1.69 0.0 HD3 68 
   593 40.5 0.0 CB 60 
   627 133.7 0.0 CE1 62 
   1868 1.5 0.0 HD2 164 
   1258 117.5 0.0 N 113 
   1790 0.18 0.0 HD13 158 
   93 63.2 0.0 CB 19 
   1803 3.0 0.0 HD3 159 
   325 58.3 0.0 CA 38 
   500 0.8 0.0 HG22 51 
   590 2.19 0.0 HB2 60 
   40 3.21 0.0 HD2 15 
   230 3.17 0.0 HD2 31 
   315 22.1 0.0 CG2 37 
   1096 2.2 0.0 HB3 99 
   833 6.69 0.0 HE2 79 
   562 112.3 0.0 ND2 56 
   153 1.0 0.0 HD12 24 
   354 41.3 0.0 CB 40 
   1782 1.56 0.0 HB 158 
   778 117.0 0.0 N 74 
   1604 3.75 0.0 HA 143 
   1802 3.0 0.0 HD2 159 
   1413 4.07 0.0 HA 129 
   994 2.13 0.0 HG2 91 
   907 121.8 0.0 N 84 
   1504 1.59 0.0 HG2 135 
   401 6.81 0.0 HE1 44 
   307 0.99 0.0 HG12 37 
   707 2.1 0.0 HB2 69 
   147 9.12 0.0 H 24 
   1768 21.8 0.0 CG2 156 
   470 1.93 0.0 HG3 49 
   1252 3.12 0.0 HE3 113 
   849 0.82 0.0 HD11 80 
   937 117.5 0.0 CE2 86 
   731 5.02 0.0 HA 72 
   392 28.4 0.0 CB 43 
   781 4.31 0.0 HA3 75 
   396 4.5 0.0 HA 44 
   876 1.57 0.0 HB2 83 
   245 3.99 0.0 HA 33 
   335 1.47 0.0 HG3 39 
   868 4.02 0.0 HA 82 
   1058 0.98 0.0 HG22 96 
   465 7.64 0.0 H 49 
   842 5.13 0.0 HA 80 
   628 133.7 0.0 CE2 62 
   1533 33.3 0.0 CB 137 
   619 5.47 0.0 HD2 62 
   197 36.8 0.0 CB 27 
   1071 4.67 0.0 HB 97 
   1380 26.3 0.0 CG 125 
   1438 2.99 0.0 HE3 130 
   1974 24.7 0.0 CG 172 
   1090 133.8 0.0 CD2 98 
   428 62.8 0.0 CA 46 
   1553 1.46 0.0 HG3 139 
   1809 4.33 0.0 HA 160 
   1073 1.17 0.0 HG22 97 
   1184 0.58 0.0 HG13 107 
   366 1.74 0.0 HD3 41 
   1441 26.5 0.0 CG 130 
   1392 21.7 0.0 CG2 126 
   1330 1.47 0.0 HB3 122 
   1537 4.86 0.0 HA 138 
   629 131.9 0.0 CZ 62 
   1717 9.7 0.0 HE1 153 
   1144 8.6 0.0 H 104 
   1359 117.1 0.0 N 123 
   561 118.9 0.0 N 56 
   1309 1.68 0.0 HG3 119 
   85 21.7 0.0 CG1 18 
   1522 116.8 0.0 ND2 136 
   1780 7.94 0.0 H 158 
   129 63.3 0.0 CA 22 
   61 3.95 0.0 HA 17 
   5 40.9 0.0 CB 11 
   1970 2.95 0.0 HE2 172 
   1555 1.62 0.0 HD3 139 
   1246 1.82 0.0 HB3 113 
   1536 122.5 0.0 N 137 
   1208 2.43 0.0 HG2 109 
   648 1.86 0.0 HB3 64 
   917 2.37 0.0 HE3 85 
   699 59.8 0.0 CA 68 
   1250 1.6 0.0 HD3 113 
   1269 8.73 0.0 H 115 
   1650 4.49 0.0 HA 147 
   1408 30.4 0.0 CB 128 
   464 118.5 0.0 N 48 
   252 58.8 0.0 CA 33 
   215 1.42 0.0 HB3 30 
   867 9.03 0.0 H 82 
   531 4.55 0.0 HD21 54 
   732 1.63 0.0 HB2 72 
   737 3.19 0.0 HD3 72 
   769 7.0 0.0 HE2 74 
   738 56.1 0.0 CA 72 
   972 122.9 0.0 N 89 
   1795 8.6 0.0 CD1 158 
   1695 125.1 0.0 N 150 
   1724 127.0 0.0 CD1 153 
   1846 16.7 0.0 CG2 162 
   1993 121.0 0.0 N 174 
   1138 2.95 0.0 HD2 103 
   524 37.4 0.0 CB 53 
   426 3.98 0.0 HB3 46 
   543 1.6 0.0 HD2 55 
   1388 1.41 0.0 HG22 126 
   558 7.75 0.0 HD22 56 
   1792 30.6 0.0 CB 158 
   1168 17.5 0.0 CG2 105 
   436 0.93 0.0 HD11 47 
   141 1.13 0.0 HG23 23 
   15 122.1 0.0 N 12 
   658 27.3 0.0 CG 64 
   1909 40.7 0.0 CB 167 
   1513 7.18 0.0 H 136 
   348 0.84 0.0 HD12 40 
   1601 22.0 0.0 CD2 142 
   816 6.84 0.0 HH2 78 
   1746 27.6 0.0 CD2 154 
   379 2.4 0.0 HG2 42 
   800 9.17 0.0 H 77 
   982 0.71 0.0 HD12 90 
   818 32.6 0.0 CB 78 
   284 8.01 0.0 H 36 
   1472 119.9 0.0 N 132 
   1810 2.55 0.0 HB2 160 
   1363 2.78 0.0 HB3 124 
   683 7.79 0.0 HD21 67 
   744 4.72 0.0 HA 73 
   538 3.93 0.0 HA 55 
   1166 38.7 0.0 CB 105 
   234 27.1 0.0 CG 31 
   1183 0.58 0.0 HG12 107 
   763 5.33 0.0 HA 74 
   764 3.1 0.0 HB2 74 
   1758 1.8 0.0 HB 156 
   1132 126.2 0.0 N 102 
   1600 23.0 0.0 CD1 142 
   274 0.91 0.0 HD13 35 
   1225 53.9 0.0 CA 110 
   256 121.0 0.0 N 33 
   1804 66.3 0.0 CA 159 
   473 57.4 0.0 CA 49 
   265 36.3 0.0 CG 34 
   1216 1.6 0.0 HB2 110 
   121 122.5 0.0 N 21 
   1770 7.92 0.0 H 157 
   491 118.8 0.0 CE2 50 
   382 29.2 0.0 CB 42 
   1753 53.8 0.0 CA 155 
   203 1.47 0.0 HB2 28 
   1730 127.7 0.0 NE1 153 
   190 9.34 0.0 H 27 
   2006 120.6 0.0 N 175 
   410 8.21 0.0 H 45 
   447 120.8 0.0 N 47 
   1211 30.2 0.0 CB 109 
   246 2.0 0.0 HB2 33 
   1894 21.8 0.0 CG1 166 
   1176 50.2 0.0 CA 106 
   314 21.0 0.0 CG1 37 
   1603 9.24 0.0 H 143 
   1906 0.85 0.0 HD12 167 
   1678 107.1 0.0 N 149 
   1575 127.3 0.0 CD1 140 
   577 116.9 0.0 N 58 
   1858 27.9 0.0 CB 163 
   646 5.07 0.0 HA 64 
   431 8.42 0.0 H 47 
   1945 2.96 0.0 HE3 170 
   742 123.7 0.0 N 72 
   1102 33.2 0.0 CB 99 
   317 7.16 0.0 H 38 
   397 3.17 0.0 HB2 44 
   466 4.23 0.0 HA 49 
   1828 26.2 0.0 CG 161 
   1310 3.21 0.0 HD2 119 
   869 2.25 0.0 HB2 82 
   788 1.43 0.0 HG2 76 
   984 58.5 0.0 CA 90 
   1178 128.8 0.0 N 106 
   434 2.21 0.0 HB3 47 
   510 2.21 0.0 HB3 52 
   1690 57.9 0.0 CA 150 
   678 111.7 0.0 N 66 
   276 1.01 0.0 HD22 35 
   483 7.26 0.0 HD2 50 
   1196 1.88 0.0 HG2 108 
   1519 53.4 0.0 CA 136 
   31 68.6 0.0 CB 14 
   1546 24.1 0.0 CG 138 
   1634 42.1 0.0 CB 145 
   1238 8.62 0.0 H 112 
   673 4.75 0.0 HA 66 
   1352 -0.19 0.0 HD12 123 
   100 2.4 0.0 HG3 20 
   316 116.1 0.0 N 37 
   565 1.5 0.0 HB1 57 
   1761 0.75 0.0 HG13 156 
   1570 6.77 0.0 HE1 140 
   28 1.24 0.0 HG22 14 
   102 30.1 0.0 CB 20 
   745 1.04 0.0 HB2 73 
   1019 2.51 0.0 HB2 93 
   176 24.6 0.0 CG 25 
   860 2.85 0.0 HB2 81 
   1506 3.11 0.0 HD2 135 
   1871 2.92 0.0 HE3 164 
   1743 42.6 0.0 CB 154 
   1838 0.81 0.0 HG22 162 
   300 122.2 0.0 CH2 36 
   1958 55.9 0.0 CA 171 
   1708 64.6 0.0 CA 152 
   1428 121.3 0.0 N 129 
   1963 4.4 0.0 HA 172 
   208 8.82 0.0 H 29 
   101 56.0 0.0 CA 20 
   1569 6.2 0.0 HD2 140 
   283 119.1 0.0 N 35 
   331 4.12 0.0 HA 39 
   872 39.0 0.0 CB 82 
   730 7.61 0.0 H 72 
   1580 113.4 0.0 N 140 
   181 3.89 0.0 HA 26 
   1282 29.0 0.0 CB 116 
   1773 0.96 0.0 HB3 157 
   170 1.6 0.0 HD2 25 
   790 1.55 0.0 HD2 76 
   1586 10.28 0.0 H 142 
   2007 112.3 0.0 NE2 175 
   130 31.8 0.0 CB 22 
   999 117.4 0.0 N 91 
   703 41.8 0.0 CE 68 
   358 120.3 0.0 N 40 
   297 122.1 0.0 CE3 36 
   128 4.08 0.0 HD3 22 
   120 13.1 0.0 CD1 21 
   1092 116.0 0.0 CE2 98 
   1004 6.51 0.0 HD1 92 
   72 21.8 0.0 CG2 17 
   1244 4.41 0.0 HA 113 
   99 2.21 0.0 HG2 20 
   563 7.52 0.0 H 57 
   326 28.0 0.0 CB 38 
   370 32.0 0.0 CB 41 
   1267 20.7 0.0 CG2 114 
   319 2.23 0.0 HB2 38 
   501 0.8 0.0 HG23 51 
   1941 1.38 0.0 HG3 170 
   642 26.9 0.0 CG 63 
   1574 36.4 0.0 CB 140 
   1781 3.54 0.0 HA 158 
   1911 18.1 0.0 CG2 167 
   1249 1.6 0.0 HD2 113 
   495 2.1 0.0 HB 51 
   944 2.0 0.0 HG3 87 
   1957 2.2 0.0 HG3 171 
   3 2.76 0.0 HB3 11 
   415 2.64 0.0 HG3 45 
   1453 30.7 0.0 CB 131 
   1133 4.23 0.0 HA 103 
   460 37.8 0.0 CB 48 
   1279 2.0 0.0 HB2 116 
   1452 65.5 0.0 CA 131 
   950 5.09 0.0 HA 88 
   601 7.9 0.0 HE3 61 
   1031 0.7 0.0 HG23 94 
   1467 57.9 0.0 CA 132 
   106 4.14 0.0 HA 21 
   1591 -0.51 0.0 HD11 142 
   1680 4.08 0.0 HA 150 
   81 1.01 0.0 HG22 18 
   41 3.21 0.0 HD3 15 
   1709 32.1 0.0 CB 152 
   1083 7.86 0.0 HD1 98 
   216 1.05 0.0 HG2 30 
   441 0.98 0.0 HD23 47 
   968 2.72 0.0 HB2 89 
   1304 8.4 0.0 H 119 
   830 6.96 0.0 HD1 79 
   567 1.5 0.0 HB3 57 
   1131 15.4 0.0 CB 102 
   1692 27.0 0.0 CG 150 
   1384 8.22 0.0 H 126 
   1313 30.5 0.0 CB 119 
   1722 62.3 0.0 CA 153 
   1505 1.72 0.0 HG3 135 
   168 1.29 0.0 HG2 25 
   996 55.2 0.0 CA 91 
   913 1.18 0.0 HG3 85 
   1172 5.09 0.0 HA 106 
   1931 7.31 0.0 HD2 169 
   1449 2.12 0.0 HG3 131 
   1367 8.42 0.0 H 125 
   1037 26.8 0.0 CG1 94 
   450 1.98 0.0 HB 48 
   774 131.7 0.0 CD2 74 
   474 29.4 0.0 CB 49 
   966 8.46 0.0 H 89 
   811 7.03 0.0 HD1 78 
   9 2.03 0.0 HB3 12 
   414 2.54 0.0 HG2 45 
   413 2.34 0.0 HB3 45 
   922 41.3 0.0 CE 85 
   555 2.93 0.0 HB2 56 
   116 59.2 0.0 CA 21 
   831 6.96 0.0 HD2 79 
   166 1.76 0.0 HB2 25 
   631 8.75 0.0 H 63 
   363 1.45 0.0 HG2 41 
   1528 0.66 0.0 HG13 137 
   309 1.13 0.0 HG21 37 
   1259 7.31 0.0 H 114 
   813 7.27 0.0 HE3 78 
   200 7.02 0.0 H 28 
   1805 30.6 0.0 CB 159 
   1174 1.34 0.0 HB2 106 
   63 1.01 0.0 HG11 17 
   544 1.6 0.0 HD3 55 
   606 29.6 0.0 CB 61 
   914 1.27 0.0 HD2 85 
   171 1.6 0.0 HD3 25 
   793 2.95 0.0 HE3 76 
   975 1.75 0.0 HB 90 
   1686 0.87 0.0 HD13 150 
   1457 3.95 0.0 HA 132 
   935 132.9 0.0 CD2 86 
   736 3.09 0.0 HD2 72 
   357 24.3 0.0 CD2 40 
   218 2.45 0.0 HD2 30 
   625 132.0 0.0 CD1 62 
   192 2.32 0.0 HB2 27 
   1237 119.9 0.0 N 111 
   1896 115.2 0.0 N 166 
   959 42.6 0.0 CB 88 
   1610 120.1 0.0 N 143 
   86 22.0 0.0 CG2 18 
   479 4.78 0.0 HA 50 
   267 8.01 0.0 H 35 
   187 68.1 0.0 CB 26 
   584 51.8 0.0 CA 59 
   599 7.87 0.0 HD1 61 
   1711 51.4 0.0 CD 152 
   1064 37.7 0.0 CB 96 
   785 5.61 0.0 HA 76 
   586 116.4 0.0 N 59 
   1054 1.9 0.0 HB 96 
   44 27.3 0.0 CG 15 
   1223 0.68 0.0 HD22 110 
   1066 18.1 0.0 CG2 96 
   178 41.8 0.0 CE 25 
   667 2.03 0.0 HG3 65 
   706 4.19 0.0 HA 69 
   409 118.4 0.0 N 44 
   1900 0.81 0.0 HG12 167 
   217 1.44 0.0 HG3 30 
   886 39.8 0.0 CB 83 
   1605 1.04 0.0 HB1 143 
   1863 4.19 0.0 HA 164 
   895 1.54 0.0 HG 84 
   333 2.31 0.0 HB3 39 
   1672 22.7 0.0 CD2 148 
   1750 1.43 0.0 HB1 155 
   796 24.8 0.0 CG 76 
   1289 36.0 0.0 CG 117 
   1234 2.72 0.0 HB3 111 
   941 1.9 0.0 HB2 87 
   25 4.07 0.0 HA 14 
   16 8.44 0.0 H 13 
   870 2.87 0.0 HB3 82 
   148 4.56 0.0 HA 24 
   1673 110.9 0.0 N 148 
   526 110.8 0.0 ND2 53 
   1107 4.44 0.0 HB 100 
   261 2.42 0.0 HG2 34 
   107 1.29 0.0 HB 21 
   157 1.18 0.0 HD23 24 
   206 24.4 0.0 CB 28 
   110 0.18 0.0 HG21 21 
   1887 1.0 0.0 HG12 166 
   36 1.87 0.0 HB2 15 
   1853 2.49 0.0 HG2 163 
   1977 122.0 0.0 N 172 
   1897 6.85 0.0 H 167 
   1516 1.28 0.0 HB3 136 
   668 54.6 0.0 CA 65 
   614 6.81 0.0 H 62 
   792 2.95 0.0 HE2 76 
   1479 7.41 0.0 HE3 133 
   1935 122.1 0.0 N 169 
   564 4.51 0.0 HA 57 
   1707 3.6 0.0 HD3 152 
   1560 25.7 0.0 CG 139 
   1491 130.6 0.0 NE1 133 
   1664 0.8 0.0 HD13 148 
   946 34.7 0.0 CB 87 
   1559 32.6 0.0 CB 139 
   1704 1.84 0.0 HG2 152 
   1756 6.91 0.0 H 156 
   1361 4.44 0.0 HA 124 
   84 31.9 0.0 CB 18 
   1464 1.04 0.0 HD21 132 
   1821 0.66 0.0 HD12 161 
   1396 2.61 0.0 HB2 127 
   550 29.7 0.0 CD 55 
   1147 1.85 0.0 HB3 104 
   1265 58.4 0.0 CA 114 
   924 9.53 0.0 H 86 
   1169 14.7 0.0 CD1 105 
   1191 22.2 0.0 CG2 107 
   1257 42.5 0.0 CE 113 
   832 6.69 0.0 HE1 79 
   1154 8.55 0.0 H 105 
   1947 33.5 0.0 CB 170 
   173 2.92 0.0 HE3 25 
   819 125.9 0.0 CD1 78 
   387 2.22 0.0 HB2 43 
   416 7.61 0.0 HE21 45 
   965 121.3 0.0 N 88 
   1545 32.6 0.0 CB 138 
   1134 0.87 0.0 HB2 103 
   1308 1.58 0.0 HG2 119 
   255 43.1 0.0 CD 33 
   1182 0.58 0.0 HG11 107 
   677 66.8 0.0 CB 66 
   288 7.34 0.0 HD1 36 
   1338 32.9 0.0 CB 122 
   1497 54.7 0.0 CA 134 
   1272 1.43 0.0 HB2 115 
   1241 45.8 0.0 CA 112 
   1042 1.84 0.0 HB2 95 
   337 2.71 0.0 HD3 39 
   1511 43.4 0.0 CD 135 
   1728 122.7 0.0 CH2 153 
   7 4.11 0.0 HA 12 
   1515 0.92 0.0 HB2 136 
   1199 3.77 0.0 HD3 108 
   977 1.29 0.0 HG13 90 
   1153 119.5 0.0 N 104 
   407 117.8 0.0 CE1 44 
   768 7.0 0.0 HE1 74 
   53 3.21 0.0 HD2 16 
   1360 7.71 0.0 H 124 
   1346 0.57 0.0 HG12 123 
   347 0.84 0.0 HD11 40 
   1925 121.6 0.0 N 168 
   355 26.0 0.0 CG 40 
   513 59.7 0.0 CA 52 
   1861 111.2 0.0 NE2 163 
   743 8.77 0.0 H 73 
   419 28.3 0.0 CB 45 
   1531 1.08 0.0 HG23 137 
   1382 22.6 0.0 CD2 125 
   469 1.74 0.0 HG2 49 
   142 61.6 0.0 CA 23 
   1326 107.3 0.0 N 121 
   1205 4.3 0.0 HA 109 
   236 116.8 0.0 N 31 
   293 7.05 0.0 HH2 36 
   83 64.2 0.0 CA 18 
   541 1.31 0.0 HG2 55 
   362 2.06 0.0 HB3 41 
   1128 0.01 0.0 HB2 102 
   1189 31.4 0.0 CB 107 
   765 3.22 0.0 HB3 74 
   342 8.86 0.0 H 40 
   502 67.2 0.0 CA 51 
   103 36.3 0.0 CG 20 
   1532 60.5 0.0 CA 137 
   633 1.82 0.0 HB2 63 
   58 43.2 0.0 CD 16 
   632 4.37 0.0 HA 63 
   472 3.42 0.0 HD3 49 
   1358 13.5 0.0 CD1 123 
   1733 1.24 0.0 HB2 154 
   213 2.52 0.0 HA 30 
   679 8.15 0.0 H 67 
   973 8.46 0.0 H 90 
   1020 2.67 0.0 HB3 93 
   1615 5.82 0.0 HD2 144 
   952 3.07 0.0 HB3 88 
   1163 0.43 0.0 HD12 105 
   616 2.1 0.0 HB2 62 
   1526 0.66 0.0 HG11 137 
   853 38.1 0.0 CB 80 
   559 55.3 0.0 CA 56 
   861 3.25 0.0 HB3 81 
   1620 136.3 0.0 CE1 144 
   328 118.6 0.0 N 38 
   1517 6.92 0.0 HD21 136 
   454 0.97 0.0 HG22 48 
   1983 27.8 0.0 CB 173 
   1432 2.04 0.0 HB3 130 
   1826 57.4 0.0 CA 161 
   1032 0.45 0.0 HD11 94 
   1629 -0.05 0.0 HD13 145 
   207 123.5 0.0 N 28 
   1885 2.17 0.0 HB 166 
   758 120.1 0.0 CZ3 73 
   1597 57.5 0.0 CA 142 
   674 0.91 0.0 HB2 66 
   1494 1.5 0.0 HB1 134 
   1670 27.0 0.0 CG 148 
   56 30.2 0.0 CB 16 
   19 1.47 0.0 HB2 13 
   445 25.4 0.0 CD1 47 
   1274 52.6 0.0 CA 115 
   1458 1.61 0.0 HB2 132 
   1370 1.68 0.0 HB3 125 
   1480 7.26 0.0 HZ2 133 
   1584 44.0 0.0 CA 141 
   1776 57.3 0.0 CA 157 
   880 0.82 0.0 HD12 83 
   210 4.82 0.0 HA3 29 
   1652 1.22 0.0 HB2 147 
   150 1.88 0.0 HB3 24 
   1137 1.47 0.0 HG3 103 
   247 2.12 0.0 HB3 33 
   356 24.3 0.0 CD1 40 
   188 22.0 0.0 CG2 26 
   1212 36.8 0.0 CG 109 
   1529 1.08 0.0 HG21 137 
   1502 1.71 0.0 HB2 135 
   1649 8.35 0.0 H 147 
   1999 2.31 0.0 HG2 175 
   1904 0.95 0.0 HG23 167 
   1068 118.2 0.0 N 96 
   1232 4.44 0.0 HA 111 
   1433 1.42 0.0 HG2 130 
   1703 2.44 0.0 HB3 152 
   1098 1.77 0.0 HG3 99 
   17 4.21 0.0 HA 13 
   1371 1.35 0.0 HG 125 
   588 8.49 0.0 H 60 
   493 8.77 0.0 H 51 
   753 55.4 0.0 CA 73 
   1677 45.7 0.0 CA 149 
   1565 4.03 0.0 HA 140 
   60 7.9 0.0 H 17 
   787 1.49 0.0 HB3 76 
   1008 6.45 0.0 HZ 92 
   1627 -0.05 0.0 HD11 145 
   1381 25.2 0.0 CD1 125 
   242 40.8 0.0 CB 32 
   997 33.5 0.0 CB 91 
   1067 13.2 0.0 CD1 96 
   1214 7.93 0.0 H 110 
   1640 4.36 0.0 HA 146 
   1669 43.3 0.0 CB 148 
   989 113.7 0.0 N 90 
   523 55.6 0.0 CA 53 
   1320 45.5 0.0 CA 120 
   899 0.64 0.0 HD21 84 
   1583 4.14 0.0 HA3 141 
   1410 136.2 0.0 CE1 128 
   179 116.8 0.0 N 25 
   108 0.36 0.0 HG12 21 
   352 0.86 0.0 HD23 40 
   672 7.8 0.0 H 66 
   235 43.1 0.0 CD 31 
   468 2.07 0.0 HB3 49 
   1493 4.17 0.0 HA 134 
   137 0.96 0.0 HG12 23 
   848 0.64 0.0 HG23 80 
   492 119.9 0.0 N 50 
   919 34.2 0.0 CB 85 
   338 58.1 0.0 CA 39 
   1988 2.83 0.0 HB3 174 
   448 8.86 0.0 H 48 
   1456 6.93 0.0 H 132 
   902 53.6 0.0 CA 84 
   1476 3.07 0.0 HB3 133 
   1660 2.08 0.0 HB3 148 
   1972 56.3 0.0 CA 172 
   929 7.33 0.0 HD2 86 
   104 119.8 0.0 N 20 
   22 18.5 0.0 CB 13 
   1423 131.7 0.0 CD1 129 
   986 25.7 0.0 CG1 90 
   1016 112.7 0.0 N 92 
   1912 14.6 0.0 CD1 167 
   1095 1.45 0.0 HB2 99 
   589 4.4 0.0 HA 60 
   1927 8.65 0.0 H 169 
   1798 1.66 0.0 HB2 159 
   823 123.5 0.0 CH2 78 
   143 32.8 0.0 CB 23 
   1918 2.32 0.0 HG2 168 
   30 64.2 0.0 CA 14 
   1764 0.93 0.0 HG23 156 
   1406 8.19 0.0 HE1 128 
   1763 0.93 0.0 HG22 156 
   1801 2.05 0.0 HG3 159 
   2 2.76 0.0 HB2 11 
   1518 7.29 0.0 HD22 136 
   123 1.93 0.0 HB2 22 
   1832 8.16 0.0 H 162 
   386 4.33 0.0 HA 43 
   1829 26.1 0.0 CD1 161 
   127 3.72 0.0 HD2 22 
   1557 2.91 0.0 HE3 139 
   1044 1.84 0.0 HG2 95 
   1922 54.4 0.0 CA 168 
   554 4.54 0.0 HA 56 
   145 22.0 0.0 CG2 23 
   305 2.2 0.0 HB 37 
   97 1.96 0.0 HB2 20 
   1822 0.66 0.0 HD13 161 
   1788 0.18 0.0 HD11 158 
   958 56.0 0.0 CA 88 
   1729 118.4 0.0 N 153 
   843 1.63 0.0 HB 80 
   802 2.94 0.0 HB2 77 
   1547 48.1 0.0 CD 138 
   1538 1.22 0.0 HB2 138 
   1285 2.4 0.0 HG3 117 
   404 37.9 0.0 CB 44 
   26 4.2 0.0 HB 14 
   1 4.65 0.0 HA 11 
   437 0.93 0.0 HD12 47 
   1288 1.89 0.0 HE3 117 
   1991 53.2 0.0 CA 174 
   262 2.42 0.0 HG3 34 
   663 4.51 0.0 HA 65 
   1618 29.7 0.0 CB 144 
   553 8.2 0.0 H 56 
   136 0.96 0.0 HG11 23 
   160 31.1 0.0 CG 24 
   889 22.5 0.0 CD2 83 
   915 1.28 0.0 HD3 85 
   613 127.8 0.0 NE1 61 
   225 4.34 0.0 HA 31 
   1270 4.47 0.0 HA 115 
   456 0.92 0.0 HD11 48 
   750 7.02 0.0 HZ2 73 
   1015 127.8 0.0 CZ 92 
   608 122.4 0.0 CE3 61 
   1990 6.91 0.0 HD22 174 
   951 2.71 0.0 HB2 88 
   318 4.09 0.0 HA 38 
   463 13.2 0.0 CD1 48 
   349 0.84 0.0 HD13 40 
   1028 2.13 0.0 HG13 94 
   1509 30.1 0.0 CB 135 
   90 3.98 0.0 HB2 19 
   1117 3.67 0.0 HB 101 
   1344 3.77 0.0 HA 123 
   570 121.1 0.0 N 57 
   1674 7.41 0.0 H 149 
   897 0.41 0.0 HD12 84 
   643 42.6 0.0 CD 63 
   1500 7.5 0.0 H 135 
   1283 119.1 0.0 N 116 
   1928 4.05 0.0 HA 169 
   1564 6.28 0.0 H 140 
   805 32.7 0.0 CB 77 
   718 46.2 0.0 CA 70 
   1351 -0.19 0.0 HD11 123 
   1448 1.99 0.0 HG2 131 
   1834 1.39 0.0 HB 162 
   1087 58.3 0.0 CA 98 
   243 119.3 0.0 N 32 
   814 7.17 0.0 HZ2 78 
   940 5.28 0.0 HA 87 
   846 0.64 0.0 HG21 80 
   340 26.9 0.0 CG 39 
   761 127.0 0.0 NE1 73 
   1563 122.6 0.0 N 139 
   1235 56.4 0.0 CA 111 
   1278 4.0 0.0 HA 116 
   1624 1.42 0.0 HB2 145 
   1877 115.9 0.0 N 164 
   1602 125.0 0.0 N 142 
   1879 3.97 0.0 HA2 165 
   719 107.1 0.0 N 70 
   1276 128.2 0.0 N 115 
   955 7.18 0.0 HE1 88 
   1985 8.55 0.0 H 174 
   1737 0.88 0.0 HD12 154 
   1864 1.76 0.0 HB2 164 
   1839 0.81 0.0 HG23 162 
   1485 126.6 0.0 CD1 133 
   640 54.8 0.0 CA 63 
   1607 1.04 0.0 HB3 143 
   798 42.2 0.0 CE 76 
   1027 1.78 0.0 HG12 94 
   149 1.51 0.0 HB2 24 
   618 5.47 0.0 HD1 62 
   1663 0.8 0.0 HD12 148 
   393 34.7 0.0 CG 43 
   35 4.1 0.0 HA 15 
   1789 0.18 0.0 HD12 158 
   1429 8.59 0.0 H 130 
   954 7.16 0.0 HD2 88 
   910 1.51 0.0 HB2 85 
   970 54.7 0.0 CA 89 
   636 1.74 0.0 HG3 63 
   1215 4.34 0.0 HA 110 
   1917 2.09 0.0 HB3 168 
   1045 1.91 0.0 HG3 95 
   1297 6.74 0.0 HE2 118 
   1368 4.45 0.0 HA 125 
   332 1.78 0.0 HB2 39 
   776 130.0 0.0 CE2 74 
   1474 3.57 0.0 HA 133 
   1661 1.64 0.0 HG 148 
   1341 41.8 0.0 CE 122 
   569 19.0 0.0 CB 57 
   1021 52.0 0.0 CA 93 
   73 119.6 0.0 N 17 
   134 4.44 0.0 HA 23 
   1752 1.43 0.0 HB3 155 
   1926 112.3 0.0 NE2 168 
   990 8.61 0.0 H 91 
   939 8.12 0.0 H 87 
   712 29.6 0.0 CB 69 
   1055 1.32 0.0 HG12 96 
   1657 8.89 0.0 H 148 
   1194 2.03 0.0 HB2 108 
   459 65.0 0.0 CA 48 
   1325 45.6 0.0 CA 121 
   1940 1.38 0.0 HG2 170 
   1675 4.05 0.0 HA2 149 
   710 2.54 0.0 HG3 69 
   1921 7.47 0.0 HE22 168 
   1400 122.0 0.0 N 127 
   676 55.8 0.0 CA 66 
   1439 62.3 0.0 CA 130 
   1119 1.08 0.0 HG22 101 
   1794 18.6 0.0 CG2 158 
   490 118.8 0.0 CE1 50 
   1075 60.5 0.0 CA 97 
   641 33.8 0.0 CB 63 
   892 4.47 0.0 HA 84 
   1666 0.92 0.0 HD22 148 
   506 118.9 0.0 N 51 
   1658 4.51 0.0 HA 148 
   1311 3.21 0.0 HD3 119 
   175 35.9 0.0 CB 25 
   240 3.09 0.0 HB3 32 
   1662 0.8 0.0 HD11 148 
   995 2.13 0.0 HG3 91 
   304 3.36 0.0 HA 37 
   394 120.6 0.0 N 43 
   453 0.97 0.0 HG21 48 
   1374 0.13 0.0 HD13 125 
   1242 115.0 0.0 N 112 
   1588 0.74 0.0 HB2 142 
   1140 61.6 0.0 CA 103 
   185 1.25 0.0 HG23 26 
   1812 57.2 0.0 CA 160 
   1953 4.39 0.0 HA 171 
   1446 1.83 0.0 HB2 131 
   59 120.5 0.0 N 16 
   723 1.1 0.0 HG21 71 
   1340 28.9 0.0 CD 122 
   417 6.94 0.0 HE22 45 
   626 132.0 0.0 CD2 62 
   647 1.83 0.0 HB2 64 
   115 -0.19 0.0 HD13 21 
   1626 1.11 0.0 HG 145 
   926 2.88 0.0 HB2 86 
   863 55.6 0.0 CA 81 
   602 7.45 0.0 HZ2 61 
   1594 0.37 0.0 HD21 142 
   1012 131.3 0.0 CD2 92 
   656 54.3 0.0 CA 64 
   1590 1.64 0.0 HG 142 
   405 131.7 0.0 CD1 44 
   1942 1.6 0.0 HD2 170 
   1849 8.1 0.0 H 163 
   546 2.84 0.0 HE3 55 
   1734 2.04 0.0 HB3 154 
   980 1.02 0.0 HG23 90 
   23 122.6 0.0 N 13 
   903 43.1 0.0 CB 84 
   186 65.4 0.0 CA 26 
   1609 18.0 0.0 CB 143 
   1843 65.1 0.0 CA 162 
   380 2.69 0.0 HG3 42 
   1345 0.37 0.0 HB 123 
   1503 1.86 0.0 HB3 135 
   1891 1.0 0.0 HG23 166 
   804 55.2 0.0 CA 77 
   440 0.98 0.0 HD22 47 
   791 1.68 0.0 HD3 76 
   1582 5.14 0.0 HA2 141 
   322 2.45 0.0 HG3 38 
   1001 4.95 0.0 HA 92 
   530 3.06 0.0 HB3 54 
   446 23.9 0.0 CD2 47 
   1984 120.4 0.0 N 173 
   1691 42.2 0.0 CB 150 
   1065 27.8 0.0 CG1 96 
   735 1.63 0.0 HG3 72 
   1287 1.89 0.0 HE2 117 
   98 2.19 0.0 HB3 20 
   91 3.98 0.0 HB3 19 
   1548 8.76 0.0 H 139 
   1465 1.04 0.0 HD22 132 
   1825 0.73 0.0 HD23 161 
   1869 1.59 0.0 HD3 164 
   1796 115.7 0.0 N 158 
   155 1.18 0.0 HD21 24 
   1731 8.68 0.0 H 154 
   1104 49.5 0.0 CD 99 
   1292 2.84 0.0 HB2 118 
   399 7.33 0.0 HD1 44 
   77 0.94 0.0 HG11 18 
