   1405 7.06 0.0 HD2 128 
   1084 7.38 0.0 HD2 98 
   1106 4.12 0.0 HA 100 
   1186 0.93 0.0 HG22 107 
   1385 4.28 0.0 HA 126 
   1714 3.23 0.0 HB2 153 
   588 8.49 0.0 H 60 
   562 112.3 0.0 ND2 56 
   755 123.5 0.0 CD1 73 
   387 2.22 0.0 HB2 43 
   848 0.64 0.0 HG23 80 
   1169 14.7 0.0 CD1 105 
   315 22.1 0.0 CG2 37 
   1245 1.76 0.0 HB2 113 
   1655 20.6 0.0 CB 147 
   1980 2.81 0.0 HB2 173 
   737 3.19 0.0 HD3 72 
   1533 33.3 0.0 CB 137 
   522 6.74 0.0 HD22 53 
   1201 32.3 0.0 CB 108 
   1717 9.7 0.0 HE1 153 
   970 54.7 0.0 CA 89 
   735 1.63 0.0 HG3 72 
   1411 114.8 0.0 N 128 
   1061 0.87 0.0 HD12 96 
   529 3.06 0.0 HB2 54 
   1153 119.5 0.0 N 104 
   353 57.5 0.0 CA 40 
   320 2.23 0.0 HB3 38 
   533 55.3 0.0 CA 54 
   314 21.0 0.0 CG1 37 
   449 3.79 0.0 HA 48 
   939 8.12 0.0 H 87 
   1131 15.4 0.0 CB 102 
   916 2.27 0.0 HE2 85 
   571 7.96 0.0 H 58 
   1254 33.3 0.0 CB 113 
   993 2.38 0.0 HB3 91 
   433 1.79 0.0 HB2 47 
   987 19.5 0.0 CG2 90 
   102 30.1 0.0 CB 20 
   896 0.41 0.0 HD11 84 
   1458 1.61 0.0 HB2 132 
   515 36.4 0.0 CG 52 
   445 25.4 0.0 CD1 47 
   310 1.13 0.0 HG22 37 
   196 51.1 0.0 CA 27 
   1886 1.0 0.0 HG11 166 
   467 1.95 0.0 HB2 49 
   1204 9.68 0.0 H 109 
   288 7.34 0.0 HD1 36 
   1583 4.14 0.0 HA3 141 
   1404 3.23 0.0 HB3 128 
   1179 8.02 0.0 H 107 
   366 1.74 0.0 HD3 41 
   1672 22.7 0.0 CD2 148 
   215 1.42 0.0 HB3 30 
   922 41.3 0.0 CE 85 
   1248 1.36 0.0 HG3 113 
   176 24.6 0.0 CG 25 
   1177 21.6 0.0 CB 106 
   170 1.6 0.0 HD2 25 
   769 7.0 0.0 HE2 74 
   585 39.9 0.0 CB 59 
   854 27.8 0.0 CG1 80 
   1175 1.34 0.0 HB3 106 
   1528 0.66 0.0 HG13 137 
   1532 60.5 0.0 CA 137 
   1892 63.3 0.0 CA 166 
   339 29.8 0.0 CB 39 
   1091 118.2 0.0 CE1 98 
   1269 8.73 0.0 H 115 
   825 131.3 0.0 NE1 78 
   1901 1.3 0.0 HG13 167 
   841 8.07 0.0 H 80 
   1734 2.04 0.0 HB3 154 
   1128 0.01 0.0 HB2 102 
   636 1.74 0.0 HG3 63 
   1979 4.42 0.0 HA 173 
   1677 45.7 0.0 CA 149 
   14 35.9 0.0 CG 12 
   1205 4.3 0.0 HA 109 
   1777 29.2 0.0 CB 157 
   544 1.6 0.0 HD3 55 
   550 29.7 0.0 CD 55 
   1471 26.2 0.0 CD2 132 
   172 2.92 0.0 HE2 25 
   238 4.9 0.0 HA 32 
   734 1.5 0.0 HG2 72 
   1161 0.67 0.0 HG23 105 
   1361 4.44 0.0 HA 124 
   1409 120.2 0.0 CD2 128 
   116 59.2 0.0 CA 21 
   1666 0.92 0.0 HD22 148 
   1572 6.2 0.0 HZ 140 
   3 2.76 0.0 HB3 11 
   566 1.5 0.0 HB2 57 
   792 2.95 0.0 HE2 76 
   802 2.94 0.0 HB2 77 
   61 3.95 0.0 HA 17 
   1499 117.9 0.0 N 134 
   803 3.39 0.0 HB3 77 
   58 43.2 0.0 CD 16 
   1285 2.4 0.0 HG3 117 
   1384 8.22 0.0 H 126 
   1948 24.8 0.0 CG 170 
   1494 1.5 0.0 HB1 134 
   1546 24.1 0.0 CG 138 
   1911 18.1 0.0 CG2 167 
   483 7.26 0.0 HD2 50 
   406 131.7 0.0 CD2 44 
   1008 6.45 0.0 HZ 92 
   658 27.3 0.0 CG 64 
   801 5.55 0.0 HA 77 
   1332 1.23 0.0 HG3 122 
   940 5.28 0.0 HA 87 
   649 1.83 0.0 HG 64 
   1761 0.75 0.0 HG13 156 
   446 23.9 0.0 CD2 47 
   712 29.6 0.0 CB 69 
   1039 8.7 0.0 CD1 94 
   701 24.4 0.0 CG 68 
   1306 1.79 0.0 HB2 119 
   728 23.0 0.0 CG2 71 
   1965 1.85 0.0 HB3 172 
   750 7.02 0.0 HZ2 73 
   1333 1.6 0.0 HD2 122 
   682 3.59 0.0 HB3 67 
   424 4.12 0.0 HA 46 
   281 22.8 0.0 CD1 35 
   716 4.53 0.0 HA2 70 
   1740 1.14 0.0 HD22 154 
   1957 2.2 0.0 HG3 171 
   107 1.29 0.0 HB 21 
   638 3.25 0.0 HD3 63 
   96 4.35 0.0 HA 20 
   827 4.84 0.0 HA 79 
   1551 1.6 0.0 HB3 139 
   642 26.9 0.0 CG 63 
   417 6.94 0.0 HE22 45 
   1260 4.63 0.0 HA 114 
   1695 125.1 0.0 N 150 
   234 27.1 0.0 CG 31 
   1658 4.51 0.0 HA 148 
   911 1.74 0.0 HB3 85 
   1011 131.3 0.0 CD1 92 
   1191 22.2 0.0 CG2 107 
   158 56.0 0.0 CA 24 
   1748 7.31 0.0 H 155 
   615 4.91 0.0 HA 62 
   1459 1.92 0.0 HB3 132 
   1932 57.3 0.0 CA 169 
   1513 7.18 0.0 H 136 
   843 1.63 0.0 HB 80 
   549 25.6 0.0 CG 55 
   166 1.76 0.0 HB2 25 
   30 64.2 0.0 CA 14 
   465 7.64 0.0 H 49 
   1487 113.9 0.0 CZ2 133 
   1974 24.7 0.0 CG 172 
   828 3.01 0.0 HB2 79 
   897 0.41 0.0 HD12 84 
   1360 7.71 0.0 H 124 
   511 2.31 0.0 HG2 52 
   1078 103.6 0.0 N 97 
   945 54.3 0.0 CA 87 
   1242 115.0 0.0 N 112 
   820 119.9 0.0 CE3 78 
   838 117.3 0.0 CE1 79 
   1416 7.05 0.0 HD1 129 
   530 3.06 0.0 HB3 54 
   1833 3.68 0.0 HA 162 
   1809 4.33 0.0 HA 160 
   1586 10.28 0.0 H 142 
   1736 0.88 0.0 HD11 154 
   344 0.97 0.0 HB2 40 
   338 58.1 0.0 CA 39 
   1779 117.5 0.0 N 157 
   785 5.61 0.0 HA 76 
   546 2.84 0.0 HE3 55 
   121 122.5 0.0 N 21 
   902 53.6 0.0 CA 84 
   278 56.6 0.0 CA 35 
   895 1.54 0.0 HG 84 
   680 4.76 0.0 HA 67 
   12 58.2 0.0 CA 12 
   1015 127.8 0.0 CZ 92 
   247 2.12 0.0 HB3 33 
   543 1.6 0.0 HD2 55 
   453 0.97 0.0 HG21 48 
   1841 0.01 0.0 HD12 162 
   1407 57.1 0.0 CA 128 
   322 2.45 0.0 HG3 38 
   967 5.42 0.0 HA 89 
   1989 7.61 0.0 HD21 174 
   411 4.15 0.0 HA 45 
   67 1.1 0.0 HG22 17 
   178 41.8 0.0 CE 25 
   1692 27.0 0.0 CG 150 
   528 4.38 0.0 HA 54 
   1273 1.43 0.0 HB3 115 
   1977 122.0 0.0 N 172 
   1716 7.36 0.0 HD1 153 
   1355 37.5 0.0 CB 123 
   1032 0.45 0.0 HD11 94 
   484 6.97 0.0 HE1 50 
   947 37.4 0.0 CG 87 
   1206 2.17 0.0 HB2 109 
   856 12.7 0.0 CD1 80 
   516 119.7 0.0 N 52 
   1289 36.0 0.0 CG 117 
   1452 65.5 0.0 CA 131 
   1150 54.1 0.0 CA 104 
   1696 9.07 0.0 H 151 
   175 35.9 0.0 CB 25 
   732 1.63 0.0 HB2 72 
   131 27.7 0.0 CG 22 
   1164 0.43 0.0 HD13 105 
   1341 41.8 0.0 CE 122 
   235 43.1 0.0 CD 31 
   54 3.21 0.0 HD3 16 
   597 2.65 0.0 HB2 61 
   1426 129.8 0.0 CE2 129 
   179 116.8 0.0 N 25 
   312 66.4 0.0 CA 37 
   439 0.98 0.0 HD21 47 
   1510 27.0 0.0 CG 135 
   1525 1.75 0.0 HB 137 
   1097 1.5 0.0 HG2 99 
   177 29.2 0.0 CD 25 
   98 2.19 0.0 HB3 20 
   1577 129.7 0.0 CE1 140 
   860 2.85 0.0 HB2 81 
   92 60.1 0.0 CA 19 
   671 122.0 0.0 N 65 
   968 2.72 0.0 HB2 89 
   1825 0.73 0.0 HD23 161 
   508 3.88 0.0 HA 52 
   1693 23.0 0.0 CD1 150 
   1775 1.28 0.0 HG3 157 
   929 7.33 0.0 HD2 86 
   1451 3.77 0.0 HD3 131 
   983 0.71 0.0 HD13 90 
   1589 1.6 0.0 HB3 142 
   1585 112.9 0.0 N 141 
   51 1.6 0.0 HG2 16 
   1134 0.87 0.0 HB2 103 
   1976 41.8 0.0 CE 172 
   634 1.82 0.0 HB3 63 
   1709 32.1 0.0 CB 152 
   287 3.79 0.0 HB3 36 
   347 0.84 0.0 HD11 40 
   1999 2.31 0.0 HG2 175 
   975 1.75 0.0 HB 90 
   1949 29.2 0.0 CD 170 
   1849 8.1 0.0 H 163 
   620 5.55 0.0 HE1 62 
   53 3.21 0.0 HD2 16 
   1276 128.2 0.0 N 115 
   291 7.92 0.0 HZ2 36 
   1517 6.92 0.0 HD21 136 
   427 5.22 0.0 HG 46 
   1466 1.04 0.0 HD23 132 
   1668 54.5 0.0 CA 148 
   1605 1.04 0.0 HB1 143 
   1358 13.5 0.0 CD1 123 
   1365 27.0 0.0 CB 124 
   390 2.75 0.0 HG3 43 
   448 8.86 0.0 H 48 
   251 3.34 0.0 HD3 33 
   1484 27.6 0.0 CB 133 
   183 1.25 0.0 HG21 26 
   513 59.7 0.0 CA 52 
   1311 3.21 0.0 HD3 119 
   1839 0.81 0.0 HG23 162 
   1492 8.33 0.0 H 134 
   1535 22.9 0.0 CG2 137 
   1190 20.0 0.0 CG1 107 
   428 62.8 0.0 CA 46 
   1450 3.64 0.0 HD2 131 
   266 121.5 0.0 N 34 
   1154 8.55 0.0 H 105 
   180 10.39 0.0 H 26 
   72 21.8 0.0 CG2 17 
   1641 2.2 0.0 HB2 146 
   1765 63.4 0.0 CA 156 
   1636 25.8 0.0 CD1 145 
   381 59.1 0.0 CA 42 
   357 24.3 0.0 CD2 40 
   1046 3.51 0.0 HD2 95 
   1044 1.84 0.0 HG2 95 
   134 4.44 0.0 HA 23 
   86 22.0 0.0 CG2 18 
   1328 4.58 0.0 HA 122 
   509 2.1 0.0 HB2 52 
   574 3.11 0.0 HB3 58 
   1480 7.26 0.0 HZ2 133 
   1609 18.0 0.0 CB 143 
   1256 29.1 0.0 CD 113 
   657 48.2 0.0 CB 64 
   1210 58.3 0.0 CA 109 
   1391 69.5 0.0 CB 126 
   908 8.45 0.0 H 85 
   1926 112.3 0.0 NE2 168 
   814 7.17 0.0 HZ2 78 
   1335 2.91 0.0 HE2 122 
   1354 61.9 0.0 CA 123 
   397 3.17 0.0 HB2 44 
   112 0.18 0.0 HG23 21 
   1080 4.69 0.0 HA 98 
   1963 4.4 0.0 HA 172 
   130 31.8 0.0 CB 22 
   1390 62.4 0.0 CA 126 
   1221 0.5 0.0 HD13 110 
   510 2.21 0.0 HB3 52 
   1889 1.0 0.0 HG21 166 
   519 3.0 0.0 HB2 53 
   1543 3.45 0.0 HD3 138 
   813 7.27 0.0 HE3 78 
   389 2.14 0.0 HG2 43 
   1457 3.95 0.0 HA 132 
   1813 41.7 0.0 CB 160 
   119 17.2 0.0 CG2 21 
   8 2.03 0.0 HB2 12 
   1460 1.53 0.0 HG 132 
   1077 22.0 0.0 CG2 97 
   1472 119.9 0.0 N 132 
   1297 6.74 0.0 HE2 118 
   407 117.8 0.0 CE1 44 
   1171 8.88 0.0 H 106 
   429 62.7 0.0 CB 46 
   402 6.81 0.0 HE2 44 
   1238 8.62 0.0 H 112 
   823 123.5 0.0 CH2 78 
   295 29.5 0.0 CB 36 
   1933 30.1 0.0 CB 169 
   1879 3.97 0.0 HA2 165 
   380 2.69 0.0 HG3 42 
   32 22.0 0.0 CG2 14 
   738 56.1 0.0 CA 72 
   1107 4.44 0.0 HB 100 
   257 9.25 0.0 H 34 
   1508 57.0 0.0 CA 135 
   1182 0.58 0.0 HG11 107 
   1281 56.2 0.0 CA 116 
   1656 120.5 0.0 N 147 
   694 1.46 0.0 HG3 68 
   1567 2.06 0.0 HB3 140 
   1392 21.7 0.0 CG2 126 
   204 1.47 0.0 HB3 28 
   182 3.96 0.0 HB 26 
   1848 120.1 0.0 N 162 
   1370 1.68 0.0 HB3 125 
   386 4.33 0.0 HA 43 
   764 3.1 0.0 HB2 74 
   1954 1.93 0.0 HB2 171 
   126 2.1 0.0 HG3 22 
   103 36.3 0.0 CG 20 
   503 31.5 0.0 CB 51 
   136 0.96 0.0 HG11 23 
   857 128.9 0.0 N 80 
   375 7.68 0.0 H 42 
   709 2.34 0.0 HG2 69 
   850 0.82 0.0 HD12 80 
   85 21.7 0.0 CG1 18 
   1083 7.86 0.0 HD1 98 
   401 6.81 0.0 HE1 44 
   292 7.51 0.0 HZ3 36 
   313 31.3 0.0 CB 37 
   1437 2.99 0.0 HE2 130 
   1176 50.2 0.0 CA 106 
   479 4.78 0.0 HA 50 
   871 55.4 0.0 CA 82 
   1620 136.3 0.0 CE1 144 
   869 2.25 0.0 HB2 82 
   1085 6.93 0.0 HE1 98 
   966 8.46 0.0 H 89 
   935 132.9 0.0 CD2 86 
   1882 108.0 0.0 N 165 
   29 1.24 0.0 HG23 14 
   285 4.72 0.0 HA 36 
   1226 42.1 0.0 CB 110 
   1183 0.58 0.0 HG12 107 
   589 4.4 0.0 HA 60 
   1325 45.6 0.0 CA 121 
   1805 30.6 0.0 CB 159 
   1757 3.87 0.0 HA 156 
   311 1.13 0.0 HG23 37 
   1613 2.35 0.0 HB2 144 
   927 3.29 0.0 HB3 86 
   1081 2.76 0.0 HB2 98 
   1612 3.57 0.0 HA 144 
   612 121.9 0.0 N 61 
   1378 54.2 0.0 CA 125 
   1556 2.87 0.0 HE2 139 
   870 2.87 0.0 HB3 82 
   1393 111.5 0.0 N 126 
   885 57.1 0.0 CA 83 
   746 2.21 0.0 HB3 73 
   946 34.7 0.0 CB 87 
   806 114.4 0.0 N 77 
