   1499 117.9 0.0 N 134 
   311 1.13 0.0 HG23 37 
   1406 8.19 0.0 HE1 128 
   174 57.0 0.0 CA 25 
   946 34.7 0.0 CB 87 
   713 37.3 0.0 CG 69 
   1809 4.33 0.0 HA 160 
   650 0.91 0.0 HD11 64 
   1261 4.2 0.0 HB 114 
   872 39.0 0.0 CB 82 
   1666 0.92 0.0 HD22 148 
   1068 118.2 0.0 N 96 
   1200 66.4 0.0 CA 108 
   866 126.2 0.0 N 81 
   648 1.86 0.0 HB3 64 
   213 2.52 0.0 HA 30 
   1987 2.77 0.0 HB2 174 
   1464 1.04 0.0 HD21 132 
   1131 15.4 0.0 CB 102 
   927 3.29 0.0 HB3 86 
   711 58.0 0.0 CA 69 
   14 35.9 0.0 CG 12 
   1932 57.3 0.0 CA 169 
   651 0.91 0.0 HD12 64 
   1694 27.2 0.0 CD2 150 
   1375 0.33 0.0 HD21 125 
   1225 53.9 0.0 CA 110 
   374 118.4 0.0 N 41 
   504 23.6 0.0 CG1 51 
   447 120.8 0.0 N 47 
   153 1.0 0.0 HD12 24 
   433 1.79 0.0 HB2 47 
   1540 1.25 0.0 HG2 138 
   820 119.9 0.0 CE3 78 
   1917 2.09 0.0 HB3 168 
   411 4.15 0.0 HA 45 
   225 4.34 0.0 HA 31 
   1360 7.71 0.0 H 124 
   1446 1.83 0.0 HB2 131 
   1840 0.01 0.0 HD11 162 
   206 24.4 0.0 CB 28 
   941 1.9 0.0 HB2 87 
   9 2.03 0.0 HB3 12 
   108 0.36 0.0 HG12 21 
   658 27.3 0.0 CG 64 
   1798 1.66 0.0 HB2 159 
   1171 8.88 0.0 H 106 
   510 2.21 0.0 HB3 52 
   295 29.5 0.0 CB 36 
   542 1.59 0.0 HG3 55 
   2003 56.0 0.0 CA 175 
   480 3.32 0.0 HB2 50 
   1654 55.8 0.0 CA 147 
   1172 5.09 0.0 HA 106 
   1669 43.3 0.0 CB 148 
   343 3.56 0.0 HA 40 
   1693 23.0 0.0 CD1 150 
   82 1.01 0.0 HG23 18 
   179 116.8 0.0 N 25 
   352 0.86 0.0 HD23 40 
   1504 1.59 0.0 HG2 135 
   1365 27.0 0.0 CB 124 
   1194 2.03 0.0 HB2 108 
   1115 7.25 0.0 H 101 
   1143 49.2 0.0 CD 103 
   938 129.3 0.0 N 86 
   426 3.98 0.0 HB3 46 
   1354 61.9 0.0 CA 123 
   1853 2.49 0.0 HG2 163 
   1102 33.2 0.0 CB 99 
   1076 67.7 0.0 CB 97 
   594 120.0 0.0 N 60 
   218 2.45 0.0 HD2 30 
   1210 58.3 0.0 CA 109 
   1517 6.92 0.0 HD21 136 
   1707 3.6 0.0 HD3 152 
   1908 59.4 0.0 CA 167 
   743 8.77 0.0 H 73 
   1594 0.37 0.0 HD21 142 
   506 118.9 0.0 N 51 
   469 1.74 0.0 HG2 49 
   1786 0.42 0.0 HG22 158 
   1215 4.34 0.0 HA 110 
   512 2.42 0.0 HG3 52 
   468 2.07 0.0 HB3 49 
   1224 0.68 0.0 HD23 110 
   203 1.47 0.0 HB2 28 
   376 4.12 0.0 HA 42 
   1672 22.7 0.0 CD2 148 
   962 129.6 0.0 CE1 88 
   1823 0.73 0.0 HD21 161 
   1808 6.55 0.0 H 160 
   1452 65.5 0.0 CA 131 
   1250 1.6 0.0 HD3 113 
   1184 0.58 0.0 HG13 107 
   1467 57.9 0.0 CA 132 
   988 14.6 0.0 CD1 90 
   191 4.6 0.0 HA 27 
   815 6.61 0.0 HZ3 78 
   944 2.0 0.0 HG3 87 
   137 0.96 0.0 HG12 23 
   1211 30.2 0.0 CB 109 
   854 27.8 0.0 CG1 80 
   643 42.6 0.0 CD 63 
   334 1.47 0.0 HG2 39 
   618 5.47 0.0 HD1 62 
   1455 50.3 0.0 CD 131 
   632 4.37 0.0 HA 63 
   999 117.4 0.0 N 91 
   1497 54.7 0.0 CA 134 
   1308 1.58 0.0 HG2 119 
   800 9.17 0.0 H 77 
   1637 23.3 0.0 CD2 145 
   572 4.38 0.0 HA 58 
   382 29.2 0.0 CB 42 
   853 38.1 0.0 CB 80 
   1018 5.58 0.0 HA 93 
   509 2.1 0.0 HB2 52 
   1094 3.55 0.0 HA 99 
   1569 6.2 0.0 HD2 140 
   545 2.84 0.0 HE2 55 
   267 8.01 0.0 H 35 
   967 5.42 0.0 HA 89 
   857 128.9 0.0 N 80 
   1494 1.5 0.0 HB1 134 
   1863 4.19 0.0 HA 164 
   1836 1.33 0.0 HG13 162 
   838 117.3 0.0 CE1 79 
   1413 4.07 0.0 HA 129 
   1784 1.49 0.0 HG13 158 
   333 2.31 0.0 HB3 39 
   1869 1.59 0.0 HD3 164 
   252 58.8 0.0 CA 33 
   1833 3.68 0.0 HA 162 
   354 41.3 0.0 CB 40 
   731 5.02 0.0 HA 72 
   1620 136.3 0.0 CE1 144 
   646 5.07 0.0 HA 64 
   1711 51.4 0.0 CD 152 
   1882 108.0 0.0 N 165 
   547 60.5 0.0 CA 55 
   738 56.1 0.0 CA 72 
   688 110.7 0.0 ND2 67 
   296 127.0 0.0 CD1 36 
   443 42.7 0.0 CB 47 
   240 3.09 0.0 HB3 32 
   1397 2.68 0.0 HB3 127 
   1399 40.2 0.0 CB 127 
   1218 1.35 0.0 HG 110 
   481 3.32 0.0 HB3 50 
   723 1.1 0.0 HG21 71 
   201 4.74 0.0 HA 28 
   1981 2.88 0.0 HB3 173 
   958 56.0 0.0 CA 88 
   799 121.3 0.0 N 76 
   1456 6.93 0.0 H 132 
   1185 0.93 0.0 HG21 107 
   1104 49.5 0.0 CD 99 
   844 0.96 0.0 HG12 80 
   1086 7.33 0.0 HE2 98 
   195 7.45 0.0 HD22 27 
   1873 34.1 0.0 CB 164 
   1708 64.6 0.0 CA 152 
   1524 4.01 0.0 HA 137 
   1457 3.95 0.0 HA 132 
   959 42.6 0.0 CB 88 
   1639 7.93 0.0 H 146 
   92 60.1 0.0 CA 19 
   851 0.82 0.0 HD13 80 
   456 0.92 0.0 HD11 48 
   505 21.0 0.0 CG2 51 
   1913 112.3 0.0 N 167 
   629 131.9 0.0 CZ 62 
   178 41.8 0.0 CE 25 
   1642 2.46 0.0 HB3 146 
   1190 20.0 0.0 CG1 107 
   745 1.04 0.0 HB2 73 
   221 31.7 0.0 CB 30 
   1206 2.17 0.0 HB2 109 
   377 2.27 0.0 HB2 42 
   18 1.47 0.0 HB1 13 
   1226 42.1 0.0 CB 110 
   736 3.09 0.0 HD2 72 
   737 3.19 0.0 HD3 72 
   1703 2.44 0.0 HB3 152 
   309 1.13 0.0 HG21 37 
   600 9.85 0.0 HE1 61 
   308 0.99 0.0 HG13 37 
   1353 -0.19 0.0 HD13 123 
   1414 3.1 0.0 HB2 129 
   1735 2.08 0.0 HG 154 
   1459 1.92 0.0 HB3 132 
   1535 22.9 0.0 CG2 137 
   1829 26.1 0.0 CD1 161 
   1438 2.99 0.0 HE3 130 
   665 1.81 0.0 HB3 65 
   126 2.1 0.0 HG3 22 
   518 4.48 0.0 HA 53 
   1650 4.49 0.0 HA 147 
   897 0.41 0.0 HD12 84 
   1227 26.9 0.0 CG 110 
   1070 4.43 0.0 HA 97 
   1973 32.8 0.0 CB 172 
   1432 2.04 0.0 HB3 130 
   1444 118.4 0.0 N 130 
   1366 121.7 0.0 N 124 
   563 7.52 0.0 H 57 
   539 1.91 0.0 HB2 55 
   379 2.4 0.0 HG2 42 
   1779 117.5 0.0 N 157 
   428 62.8 0.0 CA 46 
   1614 3.34 0.0 HB3 144 
   1685 0.87 0.0 HD12 150 
   1769 113.1 0.0 N 156 
   347 0.84 0.0 HD11 40 
   1098 1.77 0.0 HG3 99 
   1105 8.2 0.0 H 100 
   1054 1.9 0.0 HB 96 
   620 5.55 0.0 HE1 62 
   584 51.8 0.0 CA 59 
   458 0.92 0.0 HD13 48 
   1878 7.93 0.0 H 165 
   1978 8.4 0.0 H 173 
   1335 2.91 0.0 HE2 122 
   1421 62.4 0.0 CA 129 
   1761 0.75 0.0 HG13 156 
   1427 129.2 0.0 CZ 129 
   1948 24.8 0.0 CG 170 
   794 53.9 0.0 CA 76 
   1034 0.45 0.0 HD13 94 
   1525 1.75 0.0 HB 137 
   95 7.79 0.0 H 20 
   1906 0.85 0.0 HD12 167 
   163 126.3 0.0 N 24 
   522 6.74 0.0 HD22 53 
   112 0.18 0.0 HG23 21 
   1028 2.13 0.0 HG13 94 
   873 131.6 0.0 N 82 
   332 1.78 0.0 HB2 39 
   1347 0.7 0.0 HG13 123 
   1009 57.4 0.0 CA 92 
   432 4.23 0.0 HA 47 
   627 133.7 0.0 CE1 62 
   839 117.3 0.0 CE2 79 
   61 3.95 0.0 HA 17 
   1979 4.42 0.0 HA 173 
   825 131.3 0.0 NE1 78 
   1379 41.7 0.0 CB 125 
   1062 0.87 0.0 HD13 96 
   1352 -0.19 0.0 HD12 123 
   590 2.19 0.0 HB2 60 
   392 28.4 0.0 CB 43 
   1924 33.7 0.0 CG 168 
   1922 54.4 0.0 CA 168 
   527 8.75 0.0 H 54 
   625 132.0 0.0 CD1 62 
   1990 6.91 0.0 HD22 174 
   1867 1.66 0.0 HG3 164 
   605 56.9 0.0 CA 61 
   586 116.4 0.0 N 59 
   880 0.82 0.0 HD12 83 
   1623 4.15 0.0 HA 145 
   515 36.4 0.0 CG 52 
   1089 132.8 0.0 CD1 98 
   87 118.3 0.0 N 18 
   326 28.0 0.0 CB 38 
   1489 123.1 0.0 CH2 133 
   953 7.16 0.0 HD1 88 
   473 57.4 0.0 CA 49 
   1811 2.55 0.0 HB3 160 
   211 44.9 0.0 CA 29 
   1324 3.93 0.0 HA3 121 
   1264 1.17 0.0 HG23 114 
   523 55.6 0.0 CA 53 
   710 2.54 0.0 HG3 69 
   1493 4.17 0.0 HA 134 
   1425 129.8 0.0 CE1 129 
   159 41.3 0.0 CB 24 
   1911 18.1 0.0 CG2 167 
   1169 14.7 0.0 CD1 105 
   1260 4.63 0.0 HA 114 
   1079 7.67 0.0 H 98 
   471 3.37 0.0 HD2 49 
   1356 24.8 0.0 CG1 123 
   1687 1.16 0.0 HD21 150 
   158 56.0 0.0 CA 24 
   1181 1.96 0.0 HB 107 
   494 3.25 0.0 HA 51 
   1109 1.25 0.0 HG22 100 
   1124 114.3 0.0 N 101 
   1813 41.7 0.0 CB 160 
   1153 119.5 0.0 N 104 
   1847 14.9 0.0 CD1 162 
   1263 1.17 0.0 HG22 114 
   898 0.41 0.0 HD13 84 
   167 1.76 0.0 HB3 25 
   1603 9.24 0.0 H 143 
   253 28.7 0.0 CB 33 
   285 4.72 0.0 HA 36 
   1300 132.5 0.0 CD1 118 
   1729 118.4 0.0 N 153 
   1681 1.36 0.0 HB2 150 
   1872 56.9 0.0 CA 164 
   223 48.9 0.0 CD 30 
   973 8.46 0.0 H 90 
   160 31.1 0.0 CG 24 
   457 0.92 0.0 HD12 48 
   1557 2.91 0.0 HE3 139 
   380 2.69 0.0 HG3 42 
   3 2.76 0.0 HB3 11 
   1050 27.0 0.0 CG 95 
   139 1.13 0.0 HG21 23 
   565 1.5 0.0 HB1 57 
   53 3.21 0.0 HD2 16 
   848 0.64 0.0 HG23 80 
   331 4.12 0.0 HA 39 
   101 56.0 0.0 CA 20 
   1453 30.7 0.0 CB 131 
   198 128.7 0.0 N 27 
   548 32.2 0.0 CB 55 
   415 2.64 0.0 HG3 45 
   828 3.01 0.0 HB2 79 
   1490 120.6 0.0 N 133 
   766 6.87 0.0 HD1 74 
   1969 1.65 0.0 HD3 172 
   521 7.98 0.0 HD21 53 
   1822 0.66 0.0 HD13 161 
   1714 3.23 0.0 HB2 153 
   994 2.13 0.0 HG2 91 
   874 8.23 0.0 H 83 
   1912 14.6 0.0 CD1 167 
   12 58.2 0.0 CA 12 
   568 51.2 0.0 CA 57 
   136 0.96 0.0 HG11 23 
   193 3.25 0.0 HB3 27 
   70 32.2 0.0 CB 17 
   1080 4.69 0.0 HA 98 
   601 7.9 0.0 HE3 61 
   1095 1.45 0.0 HB2 99 
   148 4.56 0.0 HA 24 
   1362 2.23 0.0 HB2 124 
   353 57.5 0.0 CA 40 
   1441 26.5 0.0 CG 130 
   1628 -0.05 0.0 HD12 145 
   314 21.0 0.0 CG1 37 
   386 4.33 0.0 HA 43 
   1558 57.9 0.0 CA 139 
   1148 2.07 0.0 HG2 104 
   1337 55.1 0.0 CA 122 
   1255 25.6 0.0 CG 113 
   1343 7.91 0.0 H 123 
   507 8.37 0.0 H 52 
   385 8.98 0.0 H 43 
   1471 26.2 0.0 CD2 132 
   1434 1.72 0.0 HG3 130 
   2002 6.84 0.0 HE22 175 
   209 3.95 0.0 HA2 29 
   76 2.19 0.0 HB 18 
   421 117.4 0.0 N 45 
   42 58.2 0.0 CA 15 
   753 55.4 0.0 CA 73 
   1537 4.86 0.0 HA 138 
   1664 0.8 0.0 HD13 148 
   316 116.1 0.0 N 37 
   1945 2.96 0.0 HE3 170 
   1816 3.88 0.0 HA 161 
   1274 52.6 0.0 CA 115 
   503 31.5 0.0 CB 51 
   1158 1.15 0.0 HG13 105 
   907 121.8 0.0 N 84 
   214 1.05 0.0 HB2 30 
   592 54.1 0.0 CA 60 
   1364 57.6 0.0 CA 124 
   985 42.8 0.0 CB 90 
   1512 113.5 0.0 N 135 
   1508 57.0 0.0 CA 135 
   1606 1.04 0.0 HB2 143 
   591 2.96 0.0 HB3 60 
   644 118.8 0.0 N 63 
   1856 6.84 0.0 HE22 163 
   1 4.65 0.0 HA 11 
   1520 40.4 0.0 CB 136 
   948 122.6 0.0 N 87 
   413 2.34 0.0 HB3 45 
   1500 7.5 0.0 H 135 
   144 18.2 0.0 CG1 23 
   1294 7.0 0.0 HD1 118 
   1136 1.32 0.0 HG2 103 
   164 8.31 0.0 H 25 
   1291 4.86 0.0 HA 118 
   1099 3.44 0.0 HD2 99 
   1355 37.5 0.0 CB 123 
   1246 1.82 0.0 HB3 113 
   1097 1.5 0.0 HG2 99 
   344 0.97 0.0 HB2 40 
   683 7.79 0.0 HD21 67 
   1341 41.8 0.0 CE 122 
   304 3.36 0.0 HA 37 
   1322 8.15 0.0 H 121 
   1485 126.6 0.0 CD1 133 
   360 4.16 0.0 HA 41 
   1087 58.3 0.0 CA 98 
   685 51.6 0.0 CA 67 
   231 3.17 0.0 HD3 31 
   1918 2.32 0.0 HG2 168 
   1849 8.1 0.0 H 163 
   1619 115.6 0.0 CD2 144 
   1045 1.91 0.0 HG3 95 
   631 8.75 0.0 H 63 
   609 113.7 0.0 CZ2 61 
   1768 21.8 0.0 CG2 156 
   1042 1.84 0.0 HB2 95 
   611 123.3 0.0 CH2 61 
   675 2.44 0.0 HB3 66 
   1602 125.0 0.0 N 142 
   365 1.74 0.0 HD2 41 
   597 2.65 0.0 HB2 61 
   530 3.06 0.0 HB3 54 
   1237 119.9 0.0 N 111 
   1197 2.12 0.0 HG3 108 
   831 6.96 0.0 HD2 79 
   1725 119.6 0.0 CE3 153 
   1275 18.9 0.0 CB 115 
   119 17.2 0.0 CG2 21 
   155 1.18 0.0 HD21 24 
   770 6.92 0.0 HZ 74 
   950 5.09 0.0 HA 88 
   1938 1.7 0.0 HB2 170 
   1612 3.57 0.0 HA 144 
   1923 31.6 0.0 CB 168 
   1734 2.04 0.0 HB3 154 
   963 129.6 0.0 CE2 88 
   1122 69.9 0.0 CB 101 
   327 33.3 0.0 CG 38 
   639 7.37 0.0 HE 63 
   500 0.8 0.0 HG22 51 
   961 131.7 0.0 CD2 88 
   24 7.95 0.0 H 14 
   1249 1.6 0.0 HD2 113 
   1052 8.69 0.0 H 96 
   1239 4.25 0.0 HA2 112 
   1544 64.6 0.0 CA 138 
   1297 6.74 0.0 HE2 118 
   1618 29.7 0.0 CB 144 
   900 0.64 0.0 HD22 84 
   1824 0.73 0.0 HD22 161 
   621 5.55 0.0 HE2 62 
   588 8.49 0.0 H 60 
   912 1.18 0.0 HG2 85 
   1515 0.92 0.0 HB2 136 
   596 4.27 0.0 HA 61 
   818 32.6 0.0 CB 78 
   1047 3.51 0.0 HD3 95 
   1491 130.6 0.0 NE1 133 
   249 1.85 0.0 HG3 33 
   1433 1.42 0.0 HG2 130 
   1907 0.85 0.0 HD13 167 
   816 6.84 0.0 HH2 78 
   1027 1.78 0.0 HG12 94 
   612 121.9 0.0 N 61 
   1568 6.2 0.0 HD1 140 
   759 123.7 0.0 CH2 73 
   1604 3.75 0.0 HA 143 
   883 0.77 0.0 HD22 83 
   1057 0.98 0.0 HG21 96 
   84 31.9 0.0 CB 18 
   1556 2.87 0.0 HE2 139 
   1830 22.9 0.0 CD2 161 
   670 36.3 0.0 CG 65 
   1885 2.17 0.0 HB 166 
   780 4.93 0.0 HA2 75 
   274 0.91 0.0 HD13 35 
   888 25.2 0.0 CD1 83 
   1381 25.2 0.0 CD1 125 
   288 7.34 0.0 HD1 36 
   1509 30.1 0.0 CB 135 
   1146 1.71 0.0 HB2 104 
   1127 0.01 0.0 HB1 102 
   1864 1.76 0.0 HB2 164 
   207 123.5 0.0 N 28 
   165 4.41 0.0 HA 25 
   1936 8.48 0.0 H 170 
   451 1.26 0.0 HG12 48 
   1386 4.54 0.0 HB 126 
   529 3.06 0.0 HB2 54 
   1195 2.4 0.0 HB3 108 
   1476 3.07 0.0 HB3 133 
   642 26.9 0.0 CG 63 
   85 21.7 0.0 CG1 18 
   1240 3.79 0.0 HA3 112 
   409 118.4 0.0 N 44 
   176 24.6 0.0 CG 25 
   401 6.81 0.0 HE1 44 
   700 31.8 0.0 CB 68 
   1562 41.9 0.0 CE 139 
   1192 119.5 0.0 N 107 
   1242 115.0 0.0 N 112 
   358 120.3 0.0 N 40 
   1940 1.38 0.0 HG2 170 
   438 0.93 0.0 HD13 47 
   106 4.14 0.0 HA 21 
   278 56.6 0.0 CA 35 
   684 6.71 0.0 HD22 67 
   25 4.07 0.0 HA 14 
   287 3.79 0.0 HB3 36 
   528 4.38 0.0 HA 54 
   37 1.87 0.0 HB3 15 
   728 23.0 0.0 CG2 71 
   1915 4.83 0.0 HA 168 
   602 7.45 0.0 HZ2 61 
   474 29.4 0.0 CB 49 
   1560 25.7 0.0 CG 139 
   431 8.42 0.0 H 47 
   1470 23.5 0.0 CD1 132 
   1561 29.3 0.0 CD 139 
   6 8.75 0.0 H 12 
   922 41.3 0.0 CE 85 
   789 1.57 0.0 HG3 76 
   307 0.99 0.0 HG12 37 
   599 7.87 0.0 HD1 61 
   835 44.0 0.0 CB 79 
   1592 -0.51 0.0 HD12 142 
   1692 27.0 0.0 CG 150 
   1110 1.25 0.0 HG23 100 
   1270 4.47 0.0 HA 115 
   1898 4.64 0.0 HA 167 
   199 107.7 0.0 ND2 27 
   388 2.34 0.0 HB3 43 
   1582 5.14 0.0 HA2 141 
   57 27.3 0.0 CG 16 
   997 33.5 0.0 CB 91 
   1400 122.0 0.0 N 127 
   1871 2.92 0.0 HE3 164 
   1757 3.87 0.0 HA 156 
   1904 0.95 0.0 HG23 167 
   1436 1.74 0.0 HD3 130 
   1842 0.01 0.0 HD13 162 
   1329 1.25 0.0 HB2 122 
   1950 41.8 0.0 CE 170 
   842 5.13 0.0 HA 80 
   668 54.6 0.0 CA 65 
   1346 0.57 0.0 HG12 123 
   1256 29.1 0.0 CD 113 
   1032 0.45 0.0 HD11 94 
   103 36.3 0.0 CG 20 
   747 6.4 0.0 HD1 73 
   141 1.13 0.0 HG23 23 
   291 7.92 0.0 HZ2 36 
   674 0.91 0.0 HB2 66 
   1011 131.3 0.0 CD1 92 
   984 58.5 0.0 CA 90 
   570 121.1 0.0 N 57 
   636 1.74 0.0 HG3 63 
   408 117.8 0.0 CE2 44 
   1344 3.77 0.0 HA 123 
   890 108.0 0.0 N 83 
   298 114.2 0.0 CZ2 36 
   1374 0.13 0.0 HD13 125 
   1865 2.04 0.0 HB3 164 
   587 110.7 0.0 ND2 59 
   234 27.1 0.0 CG 31 
   1451 3.77 0.0 HD3 131 
   152 1.0 0.0 HD11 24 
   1302 117.4 0.0 CE1 118 
   10 2.32 0.0 HG2 12 
   557 7.04 0.0 HD21 56 
   196 51.1 0.0 CA 27 
   122 4.51 0.0 HA 22 
   1251 3.12 0.0 HE2 113 
   1758 1.8 0.0 HB 156 
   972 122.9 0.0 N 89 
   461 29.8 0.0 CG1 48 
   811 7.03 0.0 HD1 78 
   1306 1.79 0.0 HB2 119 
   1831 118.0 0.0 N 161 
   330 8.2 0.0 H 39 
   1846 16.7 0.0 CG2 162 
   672 7.8 0.0 H 66 
   317 7.16 0.0 H 38 
   1624 1.42 0.0 HB2 145 
   1965 1.85 0.0 HB3 172 
   1393 111.5 0.0 N 126 
   345 1.42 0.0 HB3 40 
   537 8.89 0.0 H 55 
   645 8.7 0.0 H 64 
   1429 8.59 0.0 H 130 
   1139 3.85 0.0 HD3 103 
   754 30.6 0.0 CB 73 
   470 1.93 0.0 HG3 49 
   128 4.08 0.0 HD3 22 
   1117 3.67 0.0 HB 101 
   1268 110.1 0.0 N 114 
   1653 1.22 0.0 HB3 147 
   983 0.71 0.0 HD13 90 
   462 17.0 0.0 CG2 48 
   508 3.88 0.0 HA 52 
   1818 1.9 0.0 HB3 161 
   483 7.26 0.0 HD2 50 
   585 39.9 0.0 CB 59 
   1221 0.5 0.0 HD13 110 
   375 7.68 0.0 H 42 
   1956 2.2 0.0 HG2 171 
   185 1.25 0.0 HG23 26 
   1389 1.41 0.0 HG23 126 
   271 1.77 0.0 HG 35 
   764 3.1 0.0 HB2 74 
   718 46.2 0.0 CA 70 
   1684 0.87 0.0 HD11 150 
   1376 0.33 0.0 HD22 125 
   576 39.1 0.0 CB 58 
   479 4.78 0.0 HA 50 
   1673 110.9 0.0 N 148 
   798 42.2 0.0 CE 76 
   655 0.91 0.0 HD23 64 
   598 4.08 0.0 HB3 61 
   1745 23.0 0.0 CD1 154 
   1691 42.2 0.0 CB 150 
   1608 55.6 0.0 CA 143 
   637 3.25 0.0 HD2 63 
   1174 1.34 0.0 HB2 106 
   1766 33.1 0.0 CB 156 
   699 59.8 0.0 CA 68 
   1743 42.6 0.0 CB 154 
   995 2.13 0.0 HG3 91 
   405 131.7 0.0 CD1 44 
   1093 128.0 0.0 N 98 
   956 7.18 0.0 HE2 88 
   904 25.9 0.0 CG 84 
   1025 4.37 0.0 HA 94 
   1677 45.7 0.0 CA 149 
   720 8.33 0.0 H 71 
   1718 7.08 0.0 HE3 153 
   965 121.3 0.0 N 88 
   275 1.01 0.0 HD21 35 
   1113 21.6 0.0 CG2 100 
   1951 123.6 0.0 N 170 
   422 111.4 0.0 NE2 45 
   406 131.7 0.0 CD2 44 
   925 4.52 0.0 HA 86 
   1581 9.74 0.0 H 141 
   1958 55.9 0.0 CA 171 
   1748 7.31 0.0 H 155 
   966 8.46 0.0 H 89 
   981 0.71 0.0 HD11 90 
   1513 7.18 0.0 H 136 
   63 1.01 0.0 HG11 17 
   242 40.8 0.0 CB 32 
   1690 57.9 0.0 CA 150 
   1832 8.16 0.0 H 162 
   1478 9.6 0.0 HE1 133 
   1998 2.08 0.0 HB3 175 
   1539 1.47 0.0 HB3 138 
   595 7.49 0.0 H 61 
   1754 18.2 0.0 CB 155 
   1586 10.28 0.0 H 142 
   1751 1.43 0.0 HB2 155 
   123 1.93 0.0 HB2 22 
   1405 7.06 0.0 HD2 128 
   1129 0.01 0.0 HB3 102 
   1927 8.65 0.0 H 169 
   67 1.1 0.0 HG22 17 
   1834 1.39 0.0 HB 162 
   1580 113.4 0.0 N 140 
   495 2.1 0.0 HB 51 
   1635 26.4 0.0 CG 145 
   1782 1.56 0.0 HB 158 
   930 6.77 0.0 HE1 86 
   194 6.5 0.0 HD21 27 
   1826 57.4 0.0 CA 161 
   1411 114.8 0.0 N 128 
   5 40.9 0.0 CB 11 
   1173 1.34 0.0 HB1 106 
   268 4.34 0.0 HA 35 
   90 3.98 0.0 HB2 19 
   488 131.7 0.0 CD1 50 
   1474 3.57 0.0 HA 133 
   336 2.71 0.0 HD2 39 
   1039 8.7 0.0 CD1 94 
   1887 1.0 0.0 HG12 166 
   1595 0.37 0.0 HD22 142 
   390 2.75 0.0 HG3 43 
   303 7.5 0.0 H 37 
   1953 4.39 0.0 HA 171 
   1408 30.4 0.0 CB 128 
   102 30.1 0.0 CB 20 
   1723 29.6 0.0 CB 153 
   1241 45.8 0.0 CA 112 
   758 120.1 0.0 CZ3 73 
   1119 1.08 0.0 HG22 101 
   1481 7.04 0.0 HZ3 133 
   1111 67.1 0.0 CA 100 
   1100 3.8 0.0 HD3 99 
   661 123.1 0.0 N 64 
   283 119.1 0.0 N 35 
   1170 124.1 0.0 N 105 
   250 3.34 0.0 HD2 33 
   321 2.45 0.0 HG2 38 
   1563 122.6 0.0 N 139 
   348 0.84 0.0 HD12 40 
   1571 6.77 0.0 HE2 140 
   486 58.8 0.0 CA 50 
   996 55.2 0.0 CA 91 
   1031 0.7 0.0 HG23 94 
   1616 7.71 0.0 HE1 144 
   418 59.3 0.0 CA 45 
   1530 1.08 0.0 HG22 137 
   569 19.0 0.0 CB 57 
   552 122.1 0.0 N 55 
   822 120.5 0.0 CZ3 78 
   1284 2.3 0.0 HG2 117 
   125 2.1 0.0 HG2 22 
   1534 20.4 0.0 CG1 137 
   29 1.24 0.0 HG23 14 
   845 1.57 0.0 HG13 80 
   1696 9.07 0.0 H 151 
   1704 1.84 0.0 HG2 152 
   1715 3.56 0.0 HB3 153 
   1613 2.35 0.0 HB2 144 
   1340 28.9 0.0 CD 122 
   1276 128.2 0.0 N 115 
   795 38.2 0.0 CB 76 
   574 3.11 0.0 HB3 58 
   1303 117.4 0.0 CE2 118 
   1518 7.29 0.0 HD22 136 
   1785 0.42 0.0 HG21 158 
   393 34.7 0.0 CG 43 
   8 2.03 0.0 HB2 12 
   1975 29.1 0.0 CD 172 
   1814 115.9 0.0 N 160 
   951 2.71 0.0 HB2 88 
   492 119.9 0.0 N 50 
   1498 18.5 0.0 CB 134 
   1977 122.0 0.0 N 172 
   1510 27.0 0.0 CG 135 
   229 1.65 0.0 HG3 31 
   765 3.22 0.0 HB3 74 
   325 58.3 0.0 CA 38 
   1244 4.41 0.0 HA 113 
   255 43.1 0.0 CD 33 
   1377 0.33 0.0 HD23 125 
   892 4.47 0.0 HA 84 
   115 -0.19 0.0 HD13 21 
   1762 0.93 0.0 HG21 156 
   424 4.12 0.0 HA 46 
   1611 7.37 0.0 H 144 
   1072 1.17 0.0 HG21 97 
   355 26.0 0.0 CG 40 
   1648 117.1 0.0 N 146 
   1794 18.6 0.0 CG2 158 
   184 1.25 0.0 HG22 26 
   692 1.89 0.0 HB3 68 
   1790 0.18 0.0 HD13 158 
   453 0.97 0.0 HG21 48 
   1299 39.5 0.0 CB 118 
   1554 1.56 0.0 HD2 139 
   127 3.72 0.0 HD2 22 
   762 8.53 0.0 H 74 
   1774 0.82 0.0 HG2 157 
   1870 2.92 0.0 HE2 164 
   107 1.29 0.0 HB 21 
   1023 118.3 0.0 N 93 
   931 6.77 0.0 HE2 86 
   1961 119.4 0.0 N 171 
   1462 0.93 0.0 HD12 132 
   532 7.24 0.0 HD22 54 
   1941 1.38 0.0 HG3 170 
   1248 1.36 0.0 HG3 113 
   708 2.23 0.0 HB3 69 
   482 7.26 0.0 HD1 50 
   1014 129.9 0.0 CE2 92 
   472 3.42 0.0 HD3 49 
   802 2.94 0.0 HB2 77 
   861 3.25 0.0 HB3 81 
   945 54.3 0.0 CA 87 
   292 7.51 0.0 HZ3 36 
   1495 1.5 0.0 HB2 134 
   1747 118.8 0.0 N 154 
   1334 1.73 0.0 HD3 122 
   1167 27.6 0.0 CG1 105 
   1529 1.08 0.0 HG21 137 
   954 7.16 0.0 HD2 88 
   1252 3.12 0.0 HE3 113 
   1387 1.41 0.0 HG21 126 
   788 1.43 0.0 HG2 76 
   697 3.0 0.0 HE2 68 
   259 2.16 0.0 HB2 34 
   608 122.4 0.0 CE3 61 
   541 1.31 0.0 HG2 55 
   52 1.6 0.0 HG3 16 
   1075 60.5 0.0 CA 97 
   370 32.0 0.0 CB 41 
   804 55.2 0.0 CA 77 
   183 1.25 0.0 HG21 26 
   257 9.25 0.0 H 34 
   513 59.7 0.0 CA 52 
   1851 2.24 0.0 HB2 163 
   1307 1.79 0.0 HB3 119 
   893 0.6 0.0 HB2 84 
   819 125.9 0.0 CD1 78 
   1531 1.08 0.0 HG23 137 
   1235 56.4 0.0 CA 111 
   1135 2.45 0.0 HB3 103 
   1591 -0.51 0.0 HD11 142 
   1332 1.23 0.0 HG3 122 
   772 40.5 0.0 CB 74 
   1966 1.35 0.0 HG2 172 
   1652 1.22 0.0 HB2 147 
   1661 1.64 0.0 HG 148 
   324 8.08 0.0 HE22 38 
   1422 39.5 0.0 CB 129 
   582 6.69 0.0 HD21 59 
   943 2.0 0.0 HG2 87 
   1521 116.3 0.0 N 136 
   156 1.18 0.0 HD22 24 
   1040 121.6 0.0 N 94 
   1245 1.76 0.0 HB2 113 
   1970 2.95 0.0 HE2 172 
   933 39.5 0.0 CB 86 
   373 42.2 0.0 CE 41 
   1536 122.5 0.0 N 137 
   1841 0.01 0.0 HD12 162 
   1213 116.4 0.0 N 109 
   1383 126.2 0.0 N 125 
   2006 120.6 0.0 N 175 
   208 8.82 0.0 H 29 
   1390 62.4 0.0 CA 126 
   59 120.5 0.0 N 16 
   1060 0.87 0.0 HD11 96 
   1721 6.62 0.0 HH2 153 
   1314 27.1 0.0 CG 119 
   36 1.87 0.0 HB2 15 
   243 119.3 0.0 N 32 
   407 117.8 0.0 CE1 44 
   464 118.5 0.0 N 48 
   450 1.98 0.0 HB 48 
   1259 7.31 0.0 H 114 
   1165 62.8 0.0 CA 105 
   1472 119.9 0.0 N 132 
   536 104.6 0.0 ND2 54 
   1168 17.5 0.0 CG2 105 
   1775 1.28 0.0 HG3 157 
   750 7.02 0.0 HZ2 73 
   1151 30.1 0.0 CB 104 
   1219 0.5 0.0 HD11 110 
   551 41.8 0.0 CE 55 
   429 62.7 0.0 CB 46 
   577 116.9 0.0 N 58 
   1617 61.9 0.0 CA 144 
   224 8.5 0.0 H 31 
   66 1.1 0.0 HG21 17 
   1409 120.2 0.0 CD2 128 
   619 5.47 0.0 HD2 62 
   1895 21.8 0.0 CG2 166 
   1838 0.81 0.0 HG22 162 
   1583 4.14 0.0 HA3 141 
   1458 1.61 0.0 HB2 132 
   695 1.69 0.0 HD2 68 
   549 25.6 0.0 CG 55 
   1305 4.25 0.0 HA 119 
   719 107.1 0.0 N 70 
   1982 58.6 0.0 CA 173 
   1698 3.72 0.0 HA3 151 
   487 38.5 0.0 CB 50 
   1545 32.6 0.0 CB 138 
   796 24.8 0.0 CG 76 
   463 13.2 0.0 CD1 48 
   761 127.0 0.0 NE1 73 
   395 8.83 0.0 H 44 
   236 116.8 0.0 N 31 
   1041 4.62 0.0 HA 95 
   1479 7.41 0.0 HE3 133 
   914 1.27 0.0 HD2 85 
   701 24.4 0.0 CG 68 
   1773 0.96 0.0 HB3 157 
   146 116.5 0.0 N 23 
   1588 0.74 0.0 HB2 142 
   204 1.47 0.0 HB3 28 
   1013 129.9 0.0 CE1 92 
   1059 0.98 0.0 HG23 96 
   1819 1.91 0.0 HG 161 
   1391 69.5 0.0 CB 126 
   1065 27.8 0.0 CG1 96 
   1345 0.37 0.0 HB 123 
   560 38.1 0.0 CB 56 
   26 4.2 0.0 HB 14 
   477 119.0 0.0 N 49 
   1084 7.38 0.0 HD2 98 
   73 119.6 0.0 N 17 
   1262 1.17 0.0 HG21 114 
   1164 0.43 0.0 HD13 105 
   1301 132.5 0.0 CD2 118 
   703 41.8 0.0 CE 68 
   1541 1.72 0.0 HG3 138 
   445 25.4 0.0 CD1 47 
   516 119.7 0.0 N 52 
   869 2.25 0.0 HB2 82 
   1799 2.07 0.0 HB3 159 
   1016 112.7 0.0 N 92 
   1394 8.77 0.0 H 127 
   722 4.57 0.0 HB 71 
   916 2.27 0.0 HE2 85 
   682 3.59 0.0 HB3 67 
   1339 25.6 0.0 CG 122 
   730 7.61 0.0 H 72 
   970 54.7 0.0 CA 89 
   425 3.98 0.0 HB2 46 
   716 4.53 0.0 HA2 70 
   975 1.75 0.0 HB 90 
   237 8.17 0.0 H 32 
   659 24.3 0.0 CD1 64 
   778 117.0 0.0 N 74 
   633 1.82 0.0 HB2 63 
   1053 3.78 0.0 HA 96 
   793 2.95 0.0 HE3 76 
   1825 0.73 0.0 HD23 161 
   623 57.0 0.0 CA 62 
   120 13.1 0.0 CD1 21 
   1044 1.84 0.0 HG2 95 
   1048 62.1 0.0 CA 95 
   1484 27.6 0.0 CB 133 
   69 64.5 0.0 CA 17 
   1971 2.95 0.0 HE3 172 
   490 118.8 0.0 CE1 50 
   613 127.8 0.0 NE1 61 
   265 36.3 0.0 CG 34 
   1820 0.66 0.0 HD11 161 
   1384 8.22 0.0 H 126 
   232 56.1 0.0 CA 31 
   1641 2.2 0.0 HB2 146 
   1465 1.04 0.0 HD22 132 
   364 1.73 0.0 HG3 41 
   917 2.37 0.0 HE3 85 
   531 4.55 0.0 HD21 54 
   173 2.92 0.0 HE3 25 
   1631 0.45 0.0 HD22 145 
   368 2.96 0.0 HE3 41 
   1222 0.68 0.0 HD21 110 
   1007 6.63 0.0 HE2 92 
   726 61.7 0.0 CA 71 
   1726 113.9 0.0 CZ2 153 
   56 30.2 0.0 CB 16 
   1689 1.16 0.0 HD23 150 
   1238 8.62 0.0 H 112 
   1844 38.3 0.0 CB 162 
   511 2.31 0.0 HG2 52 
   860 2.85 0.0 HB2 81 
   1634 42.1 0.0 CB 145 
   2007 112.3 0.0 NE2 175 
   918 56.1 0.0 CA 85 
   340 26.9 0.0 CG 39 
   832 6.69 0.0 HE1 79 
   1378 54.2 0.0 CA 125 
   1665 0.92 0.0 HD21 148 
   1475 2.49 0.0 HB2 133 
   741 43.1 0.0 CD 72 
   1229 22.5 0.0 CD2 110 
   1835 0.32 0.0 HG12 162 
   1327 7.0 0.0 H 122 
   39 1.72 0.0 HG3 15 
   763 5.33 0.0 HA 74 
   827 4.84 0.0 HA 79 
   1607 1.04 0.0 HB3 143 
   1176 50.2 0.0 CA 106 
   1925 121.6 0.0 N 168 
   634 1.82 0.0 HB3 63 
   1511 43.4 0.0 CD 135 
   858 9.14 0.0 H 81 
   1576 127.3 0.0 CD2 140 
   779 8.54 0.0 H 75 
   1090 133.8 0.0 CD2 98 
   1021 52.0 0.0 CA 93 
   1573 51.9 0.0 CA 140 
   1046 3.51 0.0 HD2 95 
   1313 30.5 0.0 CB 119 
   1431 1.96 0.0 HB2 130 
   1082 3.27 0.0 HB3 98 
   915 1.28 0.0 HD3 85 
   777 129.4 0.0 CZ 74 
   1118 1.08 0.0 HG21 101 
   740 27.4 0.0 CG 72 
   1373 0.13 0.0 HD12 125 
   1877 115.9 0.0 N 164 
   1767 21.1 0.0 CG1 156 
   823 123.5 0.0 CH2 78 
   1350 -0.36 0.0 HG23 123 
   186 65.4 0.0 CA 26 
   850 0.82 0.0 HD12 80 
   1004 6.51 0.0 HD1 92 
   1997 1.94 0.0 HB2 175 
   1145 4.26 0.0 HA 104 
   1596 0.37 0.0 HD23 142 
   805 32.7 0.0 CB 77 
   1931 7.31 0.0 HD2 169 
   859 4.82 0.0 HA 81 
   272 0.91 0.0 HD11 35 
   715 7.82 0.0 H 70 
   1960 36.0 0.0 CG 171 
   884 0.77 0.0 HD23 83 
   151 1.7 0.0 HG 24 
   117 39.1 0.0 CB 21 
   901 0.64 0.0 HD23 84 
   172 2.92 0.0 HE2 25 
   1193 4.13 0.0 HA 108 
   79 0.94 0.0 HG13 18 
   1929 2.59 0.0 HB2 169 
   1338 32.9 0.0 CB 122 
   1944 2.96 0.0 HE2 170 
   879 0.82 0.0 HD11 83 
   1727 119.6 0.0 CZ3 153 
   1312 57.4 0.0 CA 119 
   78 0.94 0.0 HG12 18 
   263 59.6 0.0 CA 34 
   1486 120.1 0.0 CE3 133 
   1629 -0.05 0.0 HD13 145 
   361 2.06 0.0 HB2 41 
   1578 129.7 0.0 CE2 140 
   1738 0.88 0.0 HD13 154 
   1896 115.2 0.0 N 166 
   33 113.2 0.0 N 14 
   1447 2.29 0.0 HB3 131 
   1579 130.1 0.0 CZ 140 
   338 58.1 0.0 CA 39 
   147 9.12 0.0 H 24 
   1214 7.93 0.0 H 110 
   72 21.8 0.0 CG2 17 
   1442 29.4 0.0 CD 130 
   1388 1.41 0.0 HG22 126 
   1699 49.3 0.0 CA 151 
   150 1.88 0.0 HB3 24 
   286 3.29 0.0 HB2 36 
   1272 1.43 0.0 HB2 115 
   1236 41.0 0.0 CB 111 
   622 5.65 0.0 HZ 62 
   367 2.96 0.0 HE2 41 
   1454 27.9 0.0 CG 131 
   1108 1.25 0.0 HG21 100 
   371 25.0 0.0 CG 41 
   44 27.3 0.0 CG 15 
   520 3.26 0.0 HB3 53 
   583 7.7 0.0 HD22 59 
   567 1.5 0.0 HB3 57 
   475 26.1 0.0 CG 49 
   739 32.8 0.0 CB 72 
   219 3.47 0.0 HD3 30 
   50 1.9 0.0 HB3 16 
   1632 0.45 0.0 HD23 145 
   564 4.51 0.0 HA 57 
   748 9.32 0.0 HE1 73 
   1753 53.8 0.0 CA 155 
   1549 4.17 0.0 HA 139 
   1085 6.93 0.0 HE1 98 
   1852 2.24 0.0 HB3 163 
   1191 22.2 0.0 CG2 107 
   27 1.24 0.0 HG21 14 
   1880 4.11 0.0 HA3 165 
   1781 3.54 0.0 HA 158 
   540 1.91 0.0 HB3 55 
   806 114.4 0.0 N 77 
   889 22.5 0.0 CD2 83 
   558 7.75 0.0 HD22 56 
   1702 1.82 0.0 HB2 152 
   1597 57.5 0.0 CA 142 
   427 5.22 0.0 HG 46 
   1216 1.6 0.0 HB2 110 
   1395 4.38 0.0 HA 127 
   282 25.2 0.0 CD2 35 
   49 1.9 0.0 HB2 16 
   312 66.4 0.0 CA 37 
   1506 3.11 0.0 HD2 135 
   940 5.28 0.0 HA 87 
   99 2.21 0.0 HG2 20 
   1783 0.82 0.0 HG12 158 
   578 8.55 0.0 H 59 
   1742 57.8 0.0 CA 154 
   138 0.96 0.0 HG13 23 
   1861 111.2 0.0 NE2 163 
   476 42.2 0.0 CD 49 
   130 31.8 0.0 CB 22 
   885 57.1 0.0 CA 83 
   105 7.66 0.0 H 21 
   955 7.18 0.0 HE1 88 
   1212 36.8 0.0 CG 109 
   1483 61.0 0.0 CA 133 
   322 2.45 0.0 HG3 38 
   1803 3.0 0.0 HD3 159 
   616 2.1 0.0 HB2 62 
   1622 8.62 0.0 H 145 
   1033 0.45 0.0 HD12 94 
   1610 120.1 0.0 N 143 
   1449 2.12 0.0 HG3 131 
   1058 0.98 0.0 HG22 96 
   465 7.64 0.0 H 49 
   641 33.8 0.0 CB 63 
   1000 8.46 0.0 H 92 
   1142 27.9 0.0 CG 103 
   20 1.47 0.0 HB3 13 
   1875 29.2 0.0 CD 164 
   245 3.99 0.0 HA 33 
   270 1.81 0.0 HB3 35 
   1903 0.95 0.0 HG22 167 
   346 0.96 0.0 HG 40 
   1772 0.27 0.0 HB2 157 
   969 2.91 0.0 HB3 89 
   104 119.8 0.0 N 20 
   200 7.02 0.0 H 28 
   1795 8.6 0.0 CD1 158 
   1402 4.57 0.0 HA 128 
   1396 2.61 0.0 HB2 127 
   1424 131.7 0.0 CD2 129 
   1103 25.1 0.0 CG 99 
   1010 40.4 0.0 CB 92 
   771 54.9 0.0 CA 74 
   1026 2.04 0.0 HB 94 
   797 29.6 0.0 CD 76 
   1805 30.6 0.0 CB 159 
   928 7.33 0.0 HD1 86 
   875 3.58 0.0 HA 83 
   1770 7.92 0.0 H 157 
   1361 4.44 0.0 HA 124 
   1984 120.4 0.0 N 173 
   986 25.7 0.0 CG1 90 
   1815 7.82 0.0 H 161 
   1599 26.2 0.0 CG 142 
   909 4.75 0.0 HA 85 
   1071 4.67 0.0 HB 97 
   920 25.6 0.0 CG 85 
   546 2.84 0.0 HE3 55 
   1674 7.41 0.0 H 149 
   1358 13.5 0.0 CD1 123 
   847 0.64 0.0 HG22 80 
   113 -0.19 0.0 HD11 21 
   653 0.91 0.0 HD21 64 
   895 1.54 0.0 HG 84 
   1991 53.2 0.0 CA 174 
   1695 125.1 0.0 N 150 
   1683 1.88 0.0 HG 150 
   264 28.8 0.0 CB 34 
   244 8.58 0.0 H 33 
   241 55.0 0.0 CA 32 
   1788 0.18 0.0 HD11 158 
   1220 0.5 0.0 HD12 110 
   566 1.5 0.0 HB2 57 
   679 8.15 0.0 H 67 
   843 1.63 0.0 HB 80 
   911 1.74 0.0 HB3 85 
   681 3.07 0.0 HB2 67 
   932 57.5 0.0 CA 86 
   89 4.33 0.0 HA 19 
   1942 1.6 0.0 HD2 170 
   1920 6.76 0.0 HE21 168 
   1600 23.0 0.0 CD1 142 
   1328 4.58 0.0 HA 122 
   919 34.2 0.0 CB 85 
   1963 4.4 0.0 HA 172 
   1179 8.02 0.0 H 107 
   337 2.71 0.0 HD3 39 
   1988 2.83 0.0 HB3 174 
   1323 3.93 0.0 HA2 121 
   157 1.18 0.0 HD23 24 
   1207 2.39 0.0 HB3 109 
   140 1.13 0.0 HG22 23 
   1860 121.6 0.0 N 163 
   526 110.8 0.0 ND2 53 
   339 29.8 0.0 CB 39 
   496 0.78 0.0 HG11 51 
   162 25.5 0.0 CD2 24 
   111 0.18 0.0 HG22 21 
   1806 28.7 0.0 CG 159 
   181 3.89 0.0 HA 26 
   614 6.81 0.0 H 62 
   281 22.8 0.0 CD1 35 
   662 8.9 0.0 H 65 
   362 2.06 0.0 HB3 41 
   1796 115.7 0.0 N 158 
   1320 45.5 0.0 CA 120 
   436 0.93 0.0 HD11 47 
   1902 0.95 0.0 HG21 167 
   1116 4.28 0.0 HA 101 
   1881 45.6 0.0 CA 165 
   1728 122.7 0.0 CH2 153 
   894 1.93 0.0 HB3 84 
   1159 0.67 0.0 HG21 105 
   556 2.93 0.0 HB3 56 
   824 117.5 0.0 N 78 
   534 36.9 0.0 CB 54 
   1140 61.6 0.0 CA 103 
   1319 3.69 0.0 HA3 120 
   1439 62.3 0.0 CA 130 
   313 31.3 0.0 CB 37 
   923 121.7 0.0 N 85 
   1152 35.9 0.0 CG 104 
   784 8.54 0.0 H 76 
   43 30.1 0.0 CB 15 
   783 107.1 0.0 N 75 
   489 131.7 0.0 CD2 50 
   1287 1.89 0.0 HE2 117 
   760 125.1 0.0 N 73 
   704 123.1 0.0 N 68 
   1857 58.8 0.0 CA 163 
   742 123.7 0.0 N 72 
   1175 1.34 0.0 HB3 106 
   891 7.9 0.0 H 84 
   829 3.01 0.0 HB3 79 
   1972 56.3 0.0 CA 172 
   276 1.01 0.0 HD22 35 
   1416 7.05 0.0 HD1 129 
   949 9.09 0.0 H 88 
   991 5.29 0.0 HA 91 
   1326 107.3 0.0 N 121 
   187 68.1 0.0 CB 26 
   502 67.2 0.0 CA 51 
   1952 8.55 0.0 H 171 
   573 2.55 0.0 HB2 58 
   1157 0.33 0.0 HG12 105 
   733 1.73 0.0 HB3 72 
   1295 7.0 0.0 HD2 118 
   1994 112.7 0.0 ND2 174 
   871 55.4 0.0 CA 82 
   1063 64.5 0.0 CA 96 
   543 1.6 0.0 HD2 55 
   1845 29.2 0.0 CG1 162 
   1398 56.8 0.0 CA 127 
   887 26.8 0.0 CG 83 
   1417 7.05 0.0 HD2 129 
   785 5.61 0.0 HA 76 
   389 2.14 0.0 HG2 43 
   1130 49.7 0.0 CA 102 
   1015 127.8 0.0 CZ 92 
   1288 1.89 0.0 HE3 117 
   1858 27.9 0.0 CB 163 
   974 5.66 0.0 HA 90 
   1114 122.2 0.0 N 100 
   1273 1.43 0.0 HB3 115 
   1002 2.77 0.0 HB2 92 
   68 1.1 0.0 HG23 17 
   1678 107.1 0.0 N 149 
   100 2.4 0.0 HG3 20 
   387 2.22 0.0 HB2 43 
   1473 8.49 0.0 H 133 
   817 56.7 0.0 CA 78 
   1914 8.64 0.0 H 168 
   1593 -0.51 0.0 HD13 142 
   1763 0.93 0.0 HG22 156 
   1992 38.6 0.0 CB 174 
   1662 0.8 0.0 HD11 148 
   1989 7.61 0.0 HD21 174 
   261 2.42 0.0 HG2 34 
   1565 4.03 0.0 HA 140 
   154 1.0 0.0 HD13 24 
   1126 3.87 0.0 HA 102 
   1746 27.6 0.0 CD2 154 
   22 18.5 0.0 CB 13 
   341 121.0 0.0 N 39 
   15 122.1 0.0 N 12 
   210 4.82 0.0 HA3 29 
   781 4.31 0.0 HA3 75 
   982 0.71 0.0 HD12 90 
   357 24.3 0.0 CD2 40 
   1198 3.48 0.0 HD2 108 
   535 122.2 0.0 N 54 
   870 2.87 0.0 HB3 82 
   21 54.2 0.0 CA 13 
   1501 4.14 0.0 HA 135 
   1228 25.1 0.0 CD1 110 
   1325 45.6 0.0 CA 121 
   430 114.9 0.0 N 46 
   1675 4.05 0.0 HA2 149 
   1892 63.3 0.0 CA 166 
   1516 1.28 0.0 HB3 136 
   660 24.2 0.0 CD2 64 
   1522 116.8 0.0 ND2 136 
   1280 2.0 0.0 HB3 116 
   1717 9.7 0.0 HE1 153 
   1649 8.35 0.0 H 147 
   1996 4.26 0.0 HA 175 
   498 0.78 0.0 HG13 51 
   1257 42.5 0.0 CE 113 
   801 5.55 0.0 HA 77 
   1410 136.2 0.0 CE1 128 
   31 68.6 0.0 CB 14 
   1891 1.0 0.0 HG23 166 
   161 27.0 0.0 CD1 24 
   1587 3.92 0.0 HA 142 
   81 1.01 0.0 HG22 18 
   1736 0.88 0.0 HD11 154 
   562 112.3 0.0 ND2 56 
   1372 0.13 0.0 HD11 125 
   1937 4.24 0.0 HA 170 
   300 122.2 0.0 CH2 36 
   62 2.21 0.0 HB 17 
   1064 37.7 0.0 CB 96 
   664 1.55 0.0 HB2 65 
   1804 66.3 0.0 CA 159 
   197 36.8 0.0 CB 27 
   1056 1.48 0.0 HG13 96 
   881 0.82 0.0 HD13 83 
   363 1.45 0.0 HG2 41 
   630 115.3 0.0 N 62 
   686 37.3 0.0 CB 67 
   306 0.99 0.0 HG11 37 
   1888 1.0 0.0 HG13 166 
   277 1.01 0.0 HD23 35 
   394 120.6 0.0 N 43 
   1645 57.0 0.0 CA 146 
   1601 22.0 0.0 CD2 142 
   215 1.42 0.0 HB3 30 
   1750 1.43 0.0 HB1 155 
   524 37.4 0.0 CB 53 
   235 43.1 0.0 CD 31 
   939 8.12 0.0 H 87 
   1128 0.01 0.0 HB2 102 
   260 2.16 0.0 HB3 34 
   1640 4.36 0.0 HA 146 
   1590 1.64 0.0 HG 142 
   80 1.01 0.0 HG21 18 
   757 113.1 0.0 CZ2 73 
   19 1.47 0.0 HB2 13 
   1258 117.5 0.0 N 113 
   459 65.0 0.0 CA 48 
   114 -0.19 0.0 HD12 21 
   1625 2.33 0.0 HB3 145 
   1315 42.9 0.0 CD 119 
   1839 0.81 0.0 HG23 162 
   1566 1.98 0.0 HB2 140 
   867 9.03 0.0 H 82 
   1720 6.36 0.0 HZ3 153 
   1771 3.85 0.0 HA 157 
   1739 1.14 0.0 HD21 154 
   1006 6.63 0.0 HE1 92 
   1547 48.1 0.0 CD 138 
   1859 33.7 0.0 CG 163 
   222 27.2 0.0 CG 30 
   1342 118.4 0.0 N 122 
   1134 0.87 0.0 HB2 103 
   1051 50.6 0.0 CD 95 
   1267 20.7 0.0 CG2 114 
   1712 7.2 0.0 H 153 
   129 63.3 0.0 CA 22 
   1686 0.87 0.0 HD13 150 
   1731 8.68 0.0 H 154 
   1658 4.51 0.0 HA 148 
   1626 1.11 0.0 HG 145 
   116 59.2 0.0 CA 21 
   41 3.21 0.0 HD3 15 
   455 0.97 0.0 HG23 48 
   1177 21.6 0.0 CB 106 
   192 2.32 0.0 HB2 27 
   335 1.47 0.0 HG3 39 
   768 7.0 0.0 HE1 74 
   1125 7.94 0.0 H 102 
   378 2.71 0.0 HB3 42 
   1132 126.2 0.0 N 102 
   1121 59.6 0.0 CA 101 
   610 120.2 0.0 CZ3 61 
   812 10.66 0.0 HE1 78 
   1202 27.1 0.0 CG 108 
   284 8.01 0.0 H 36 
   863 55.6 0.0 CA 81 
   435 1.91 0.0 HG 47 
   1883 7.79 0.0 H 166 
   732 1.63 0.0 HB2 72 
   1676 3.16 0.0 HA3 149 
   448 8.86 0.0 H 48 
   118 27.5 0.0 CG1 21 
   290 7.31 0.0 HE3 36 
   1437 2.99 0.0 HE2 130 
   289 9.86 0.0 HE1 36 
   977 1.29 0.0 HG13 90 
   1368 4.45 0.0 HA 125 
   34 8.07 0.0 H 15 
   1418 6.99 0.0 HE1 129 
   1154 8.55 0.0 H 105 
   1550 1.74 0.0 HB2 139 
   615 4.91 0.0 HA 62 
   1077 22.0 0.0 CG2 97 
   1567 2.06 0.0 HB3 140 
   1598 40.4 0.0 CB 142 
   1789 0.18 0.0 HD12 158 
   226 1.82 0.0 HB2 31 
   654 0.91 0.0 HD22 64 
   1357 17.0 0.0 CG2 123 
   13 29.4 0.0 CB 12 
   74 8.12 0.0 H 18 
   1889 1.0 0.0 HG21 166 
   791 1.68 0.0 HD3 76 
   1933 30.1 0.0 CB 169 
   1505 1.72 0.0 HG3 135 
   329 113.9 0.0 NE2 38 
   1426 129.8 0.0 CE2 129 
   1526 0.66 0.0 HG11 137 
   942 1.9 0.0 HB3 87 
   485 6.97 0.0 HE2 50 
   729 107.9 0.0 N 71 
   1801 2.05 0.0 HG3 159 
   342 8.86 0.0 H 40 
   678 111.7 0.0 N 66 
   1477 6.93 0.0 HD1 133 
   1866 1.45 0.0 HG2 164 
   1688 1.16 0.0 HD22 150 
   908 8.45 0.0 H 85 
   134 4.44 0.0 HA 23 
   47 8.18 0.0 H 16 
   46 121.6 0.0 N 15 
   444 27.4 0.0 CG 47 
   721 4.41 0.0 HA 71 
   734 1.5 0.0 HG2 72 
   416 7.61 0.0 HE21 45 
   773 131.7 0.0 CD1 74 
   1638 121.2 0.0 N 145 
   133 8.04 0.0 H 23 
   30 64.2 0.0 CA 14 
   1760 0.75 0.0 HG12 156 
   749 7.03 0.0 HE3 73 
   837 131.9 0.0 CD2 79 
   97 1.96 0.0 HB2 20 
   1668 54.5 0.0 CA 148 
   1900 0.81 0.0 HG12 167 
   1584 44.0 0.0 CA 141 
   1074 1.17 0.0 HG23 97 
   1496 1.5 0.0 HB3 134 
   735 1.63 0.0 HG3 72 
   1706 3.08 0.0 HD2 152 
   1682 2.33 0.0 HB3 150 
   441 0.98 0.0 HD23 47 
   45 43.1 0.0 CD 15 
   1178 128.8 0.0 N 106 
   1705 2.09 0.0 HG3 152 
   1271 1.43 0.0 HB1 115 
   1088 42.0 0.0 CB 98 
   248 1.72 0.0 HG2 33 
   1078 103.6 0.0 N 97 
   1548 8.76 0.0 H 139 
   467 1.95 0.0 HB2 49 
   175 35.9 0.0 CB 25 
   514 29.2 0.0 CB 52 
   280 27.0 0.0 CG 35 
   876 1.57 0.0 HB2 83 
   1469 27.0 0.0 CG 132 
   351 0.86 0.0 HD22 40 
   1156 1.26 0.0 HB 105 
   1609 18.0 0.0 CB 143 
   1196 1.88 0.0 HG2 108 
   501 0.8 0.0 HG23 51 
   1810 2.55 0.0 HB2 160 
   1615 5.82 0.0 HD2 144 
   402 6.81 0.0 HE2 44 
   593 40.5 0.0 CB 60 
   1318 4.1 0.0 HA2 120 
   1277 8.32 0.0 H 116 
   957 7.05 0.0 HZ 88 
   75 3.81 0.0 HA 18 
   1793 28.2 0.0 CG1 158 
   1879 3.97 0.0 HA2 165 
   767 6.87 0.0 HD2 74 
   776 130.0 0.0 CE2 74 
   1020 2.67 0.0 HB3 93 
   1430 3.99 0.0 HA 130 
   687 116.8 0.0 N 67 
   246 2.0 0.0 HB2 33 
   1741 1.14 0.0 HD23 154 
   1304 8.4 0.0 H 119 
   906 24.8 0.0 CD2 84 
   423 8.3 0.0 H 46 
   519 3.0 0.0 HB2 53 
   1081 2.76 0.0 HB2 98 
   1317 8.98 0.0 H 120 
   60 7.9 0.0 H 17 
   2001 7.5 0.0 HE21 175 
   4 54.1 0.0 CA 11 
   1527 0.66 0.0 HG12 137 
   1850 4.04 0.0 HA 163 
   1292 2.84 0.0 HB2 118 
   833 6.69 0.0 HE2 79 
   1492 8.33 0.0 H 134 
   1919 2.35 0.0 HG3 168 
   525 119.5 0.0 N 53 
   256 121.0 0.0 N 33 
   1740 1.14 0.0 HD22 154 
   273 0.91 0.0 HD12 35 
   1585 112.9 0.0 N 141 
   1962 8.44 0.0 H 172 
   913 1.18 0.0 HG3 85 
   1049 32.4 0.0 CB 95 
   131 27.7 0.0 CG 22 
   707 2.1 0.0 HB2 69 
   251 3.34 0.0 HD3 33 
   1133 4.23 0.0 HA 103 
   71 21.1 0.0 CG1 17 
   1656 120.5 0.0 N 147 
   607 128.3 0.0 CD1 61 
   924 9.53 0.0 H 86 
   603 6.87 0.0 HZ3 61 
   294 58.7 0.0 CA 36 
   693 1.46 0.0 HG2 68 
   1532 60.5 0.0 CA 137 
   717 3.53 0.0 HA3 70 
   691 1.81 0.0 HB2 68 
   88 8.07 0.0 H 19 
   1488 123.0 0.0 CZ3 133 
   1572 6.2 0.0 HZ 140 
   792 2.95 0.0 HE2 76 
   571 7.96 0.0 H 58 
   1188 58.3 0.0 CA 107 
   1901 1.3 0.0 HG13 167 
   952 3.07 0.0 HB3 88 
   1999 2.31 0.0 HG2 175 
   1959 31.0 0.0 CB 171 
   1519 53.4 0.0 CA 136 
   581 2.76 0.0 HB3 59 
   934 132.9 0.0 CD1 86 
   1298 53.1 0.0 CA 118 
   1657 8.89 0.0 H 148 
   676 55.8 0.0 CA 66 
   315 22.1 0.0 CG2 37 
   1067 13.2 0.0 CD1 96 
   452 1.86 0.0 HG13 48 
   54 3.21 0.0 HD3 16 
   1559 32.6 0.0 CB 139 
   1428 121.3 0.0 N 129 
   902 53.6 0.0 CA 84 
   1955 2.09 0.0 HB3 171 
   998 35.4 0.0 CG 91 
   1201 32.3 0.0 CB 108 
   1667 0.92 0.0 HD23 148 
   561 118.9 0.0 N 56 
   989 113.7 0.0 N 90 
   1445 4.38 0.0 HA 131 
   1460 1.53 0.0 HG 132 
   1003 3.68 0.0 HB3 92 
   1752 1.43 0.0 HB3 155 
   1204 9.68 0.0 H 109 
   960 131.7 0.0 CD1 88 
   356 24.3 0.0 CD1 40 
   1022 43.0 0.0 CB 93 
   1792 30.6 0.0 CB 158 
   1150 54.1 0.0 CA 104 
   550 29.7 0.0 CD 55 
   217 1.44 0.0 HG3 30 
   673 4.75 0.0 HA 66 
   1926 112.3 0.0 NE2 168 
   1528 0.66 0.0 HG13 137 
   1659 1.74 0.0 HB2 148 
   64 1.01 0.0 HG12 17 
   1899 1.86 0.0 HB 167 
   808 6.21 0.0 HA 78 
   7 4.11 0.0 HA 12 
   1749 3.86 0.0 HA 155 
   1351 -0.19 0.0 HD11 123 
   1802 3.0 0.0 HD2 159 
   841 8.07 0.0 H 80 
   1910 25.3 0.0 CG1 167 
   1024 8.43 0.0 H 94 
   787 1.49 0.0 HB3 76 
   399 7.33 0.0 HD1 44 
   1905 0.85 0.0 HD11 167 
   1854 2.49 0.0 HG3 163 
   1630 0.45 0.0 HD21 145 
   398 3.25 0.0 HB3 44 
   1463 0.93 0.0 HD13 132 
   1884 4.04 0.0 HA 166 
   302 125.7 0.0 NE1 36 
   1208 2.43 0.0 HG2 109 
   372 29.5 0.0 CD 41 
   589 4.4 0.0 HA 60 
   1709 32.1 0.0 CB 152 
   417 6.94 0.0 HE22 45 
   1163 0.43 0.0 HD12 105 
   1096 2.2 0.0 HB3 99 
   886 39.8 0.0 CB 83 
   168 1.29 0.0 HG2 25 
   1876 41.8 0.0 CE 164 
   553 8.2 0.0 H 56 
   647 1.83 0.0 HB2 64 
   1507 3.11 0.0 HD3 135 
   987 19.5 0.0 CG2 90 
   849 0.82 0.0 HD11 80 
   1055 1.32 0.0 HG12 96 
   979 1.02 0.0 HG22 90 
   1407 57.1 0.0 CA 128 
   58 43.2 0.0 CD 16 
   947 37.4 0.0 CG 87 
   1030 0.7 0.0 HG22 94 
   877 2.1 0.0 HB3 83 
   1862 7.88 0.0 H 164 
   1605 1.04 0.0 HB1 143 
   1369 1.43 0.0 HB2 125 
   1660 2.08 0.0 HB3 148 
   1480 7.26 0.0 HZ2 133 
   1120 1.08 0.0 HG23 101 
   1450 3.64 0.0 HD2 131 
   94 116.9 0.0 N 19 
   1001 4.95 0.0 HA 92 
   1290 18.0 0.0 CE 117 
   1419 6.99 0.0 HE2 129 
   1934 120.5 0.0 CD2 169 
   538 3.93 0.0 HA 55 
   166 1.76 0.0 HB2 25 
   1183 0.58 0.0 HG12 107 
   1385 4.28 0.0 HA 126 
   1546 24.1 0.0 CG 138 
   1083 7.86 0.0 HD1 98 
   323 6.95 0.0 HE21 38 
   1621 115.4 0.0 N 144 
   397 3.17 0.0 HB2 44 
   1061 0.87 0.0 HD12 96 
